1.650273771629612000e+15,2.822524649709574618e-01
1.650273771631502750e+15,2.832152447799847206e-01
1.650273771633393250e+15,2.841778972877018195e-01
1.650273771635284000e+15,2.851406770967290782e-01
1.650273771637174500e+15,2.861033296044461771e-01
1.650273771639065250e+15,2.870661094134734359e-01
1.650273771640955750e+15,2.880287619211904793e-01
1.650273771642846500e+15,2.880198095448334716e-01
1.650273771644737250e+15,2.874314685184741758e-01
1.650273771646627750e+15,2.868432052841321522e-01
1.650273771648518500e+15,2.862548642577728564e-01
1.650273771650409000e+15,2.856666010234308328e-01
1.650273771652299750e+15,2.850782599970715925e-01
1.650273771654190250e+15,2.844899967627295134e-01
1.650273771656081000e+15,2.839016557363702176e-01
1.650273771657971500e+15,2.833133925020281940e-01
1.650273771659862250e+15,2.827250514756689537e-01
1.650273771661753000e+15,2.822524649709574618e-01
1.650273771663643500e+15,2.822524649709574618e-01
1.650273771665534250e+15,2.822524649709574618e-01
1.650273771667424750e+15,2.822524649709575173e-01
1.650273771669315500e+15,2.822524649709574618e-01
1.650273771671206000e+15,2.822524649709574618e-01
1.650273771673096750e+15,2.822524649709574618e-01
1.650273771674987500e+15,2.822524649709574618e-01
1.650273771676878000e+15,2.822524649709575728e-01
1.650273771678768750e+15,2.822524649709577393e-01
1.650273771680659250e+15,2.822524649709579059e-01
1.650273771682550000e+15,2.822524649709580169e-01
1.650273771684440500e+15,2.822524649709581834e-01
1.650273771686331250e+15,2.822524649709583500e-01
1.650273771688221750e+15,2.815150860131792054e-01
1.650273771690112500e+15,2.807698238111635547e-01
1.650273771692003250e+15,2.800245616091477929e-01
1.650273771693893750e+15,2.792793979476850819e-01
1.650273771695784500e+15,2.785341357456693201e-01
1.650273771697675000e+15,2.777889720842065535e-01
1.650273771699565750e+15,2.770437098821908473e-01
1.650273771701456250e+15,2.762985462207280807e-01
1.650273771703347000e+15,2.761165418194160281e-01
1.650273771705237750e+15,2.761165418194160281e-01
1.650273771707128250e+15,2.761165418194160281e-01
1.650273771709019000e+15,2.761165418194160281e-01
1.650273771710909500e+15,2.761165418194160281e-01
1.650273771712800250e+15,2.761165418194160281e-01
1.650273771714690750e+15,2.761165418194160281e-01
1.650273771716581500e+15,2.761165418194160281e-01
1.650273771718472000e+15,2.761165418194160281e-01
1.650273771720362750e+15,2.761165418194160281e-01
1.650273771722253500e+15,2.761165418194160281e-01
1.650273771724144000e+15,2.761165418194160281e-01
1.650273771726034750e+15,2.761165418194160281e-01
1.650273771727925250e+15,2.761165418194160281e-01
1.650273771729816000e+15,2.761165418194160281e-01
1.650273771731706500e+15,2.761165418194160281e-01
1.650273771733597250e+15,2.761165418194160281e-01
1.650273771735488000e+15,2.761165418194159726e-01
1.650273771737378500e+15,2.761165418194160281e-01
1.650273771739269250e+15,2.761165418194160281e-01
1.650273771741159750e+15,2.761165418194160281e-01
1.650273771743050500e+15,2.761165418194160281e-01
1.650273771744941000e+15,2.761165418194160281e-01
1.650273771746831750e+15,2.761165418194160281e-01
1.650273771748722250e+15,2.761165418194160281e-01
1.650273771750613000e+15,2.761165418194157506e-01
1.650273771752503750e+15,2.761165418194155841e-01
1.650273771754394250e+15,2.761165418194154730e-01
1.650273771756285000e+15,2.761165418194152510e-01
1.650273771758175500e+15,2.761165418194150289e-01
1.650273771760066250e+15,2.761165418194148624e-01
1.650273771761956750e+15,2.761165418194146959e-01
1.650273771763847500e+15,2.761165418194144738e-01
1.650273771765738250e+15,2.761165418194143628e-01
1.650273771767628750e+15,2.744286773975845306e-01
1.650273771769519500e+15,2.716038669036039965e-01
1.650273771771410000e+15,2.687794299135893294e-01
1.650273771773300750e+15,2.659546194196087954e-01
1.650273771775191250e+15,2.631301824295941283e-01
1.650273771777082000e+15,2.603053719356135942e-01
1.650273771778972500e+15,2.579873734804918328e-01
1.650273771780863250e+15,2.614415705920772326e-01
1.650273771782754000e+15,2.648957677036626324e-01
1.650273771784644500e+15,2.683495080921075027e-01
1.650273771786535250e+15,2.718037052036928469e-01
1.650273771788425750e+15,2.752574455921377172e-01
1.650273771790316500e+15,2.761165418194144738e-01
1.650273771792207000e+15,2.761165418194148069e-01
1.650273771794097750e+15,2.761165418194150845e-01
1.650273771795988500e+15,2.761165418194153620e-01
1.650273771797879000e+15,2.761165418194156951e-01
1.650273771799769750e+15,2.761165418194159726e-01
1.650273771801660250e+15,2.754940553526365465e-01
1.650273771803551000e+15,2.747063917842489378e-01
1.650273771805441500e+15,2.739188323628357624e-01
1.650273771807332250e+15,2.731311687944480981e-01
1.650273771809222750e+15,2.723436093730349783e-01
1.650273771811113500e+15,2.715559458046472585e-01
1.650273771813004250e+15,2.707682822362595942e-01
1.650273771814894750e+15,2.699807228148464744e-01
1.650273771816785500e+15,2.699806186678719300e-01
1.650273771818676000e+15,2.699806186678719300e-01
1.650273771820566750e+15,2.699806186678719300e-01
1.650273771822457250e+15,2.699806186678719300e-01
1.650273771824348000e+15,2.699806186678719300e-01
1.650273771826238750e+15,2.699806186678719300e-01
1.650273771828129250e+15,2.687332817912108096e-01
1.650273771830020000e+15,2.667942049570509733e-01
1.650273771831910500e+15,2.648553845127937234e-01
1.650273771833801250e+15,2.629163076786338871e-01
1.650273771835691750e+15,2.609774872343766372e-01
1.650273771837582500e+15,2.590384104002168009e-01
1.650273771839473000e+15,2.570995899559596065e-01
1.650273771841363750e+15,2.551605131217996592e-01
1.650273771843254500e+15,2.532214362876398228e-01
1.650273771845145000e+15,2.516524707571895503e-01
1.650273771847035750e+15,2.521844298886848357e-01
1.650273771848926250e+15,2.527163186831271058e-01
1.650273771850817000e+15,2.532482778146223912e-01
1.650273771852707500e+15,2.537801666090646613e-01
1.650273771854598250e+15,2.543121257405599467e-01
1.650273771856489000e+15,2.548440848720552321e-01
1.650273771858379500e+15,2.553759736664975577e-01
1.650273771860270250e+15,2.559079327979927876e-01
1.650273771862160750e+15,2.564398215924351687e-01
1.650273771864051500e+15,2.569717807239303986e-01
1.650273771865942000e+15,2.575036695183726687e-01
1.650273771867832750e+15,2.577087723647881745e-01
1.650273771869723250e+15,2.577087723647881745e-01
1.650273771871614000e+15,2.577087723647881745e-01
1.650273771873504750e+15,2.577087723647881745e-01
1.650273771875395250e+15,2.577087723647881745e-01
1.650273771877286000e+15,2.577087723647881745e-01
1.650273771879176500e+15,2.577087723647881745e-01
1.650273771881067250e+15,2.577087723647881745e-01
1.650273771882957750e+15,2.577087723647881745e-01
1.650273771884848500e+15,2.577087723647881745e-01
1.650273771886739250e+15,2.577087723647881745e-01
1.650273771888629750e+15,2.577087723647881745e-01
1.650273771890520500e+15,2.577087723647881745e-01
1.650273771892411000e+15,2.579870422428389709e-01
1.650273771894301750e+15,2.588988945338692726e-01
1.650273771896192250e+15,2.598106262573614544e-01
1.650273771898083000e+15,2.607224785483917007e-01
1.650273771899973500e+15,2.616342102718839380e-01
1.650273771901864250e+15,2.625460625629141842e-01
1.650273771903755000e+15,2.634579148539445415e-01
1.650273771905645500e+15,2.632734542957991808e-01
1.650273771907536250e+15,2.622811949134201681e-01
1.650273771909426750e+15,2.612890667302191217e-01
1.650273771911317500e+15,2.602968073478401090e-01
1.650273771913208000e+15,2.593046791646390070e-01
1.650273771915098750e+15,2.583124197822599943e-01
1.650273771916989500e+15,2.566446854575961112e-01
1.650273771918880000e+15,2.539280665540851745e-01
1.650273771920770750e+15,2.512110884044880255e-01
1.650273771922661250e+15,2.484944695009770332e-01
1.650273771924552000e+15,2.457774913513799397e-01
1.650273771926442500e+15,2.430608724478689475e-01
1.650273771928333250e+15,2.403438942982717985e-01
1.650273771930223750e+15,2.387354559851979641e-01
1.650273771932114500e+15,2.378173981630265499e-01
1.650273771934005250e+15,2.368993403408551357e-01
1.650273771935895750e+15,2.359814039067337221e-01
1.650273771937786500e+15,2.350633460845622524e-01
1.650273771939677000e+15,2.341454096504408389e-01
1.650273771941567750e+15,2.332273518282694247e-01
1.650273771943458250e+15,2.342232097687760861e-01
1.650273771945349000e+15,2.353584966558275315e-01
1.650273771947239750e+15,2.364937835428789770e-01
1.650273771949130250e+15,2.376289203192749611e-01
1.650273771951021000e+15,2.387642072063264065e-01
1.650273771952911500e+15,2.398993439827224183e-01
1.650273771954802250e+15,2.410346308697738360e-01
1.650273771956692750e+15,2.421697676461698756e-01
1.650273771958583500e+15,2.433050545332212933e-01
1.650273771960474000e+15,2.444401913096172774e-01
1.650273771962364750e+15,2.452891631450653809e-01
1.650273771964255500e+15,2.440784037317093869e-01
1.650273771966146000e+15,2.428678044081872822e-01
1.650273771968036750e+15,2.416570449948312604e-01
1.650273771969927250e+15,2.404464456713091280e-01
1.650273771971818000e+15,2.393010029101612368e-01
1.650273771973708500e+15,2.393010029101612091e-01
1.650273771975599250e+15,2.393010029101612091e-01
1.650273771977490000e+15,2.393010029101612091e-01
1.650273771979380500e+15,2.393010029101612091e-01
1.650273771981271250e+15,2.393010029101612091e-01
1.650273771983161750e+15,2.393010029101612091e-01
1.650273771985052500e+15,2.393010029101612091e-01
1.650273771986943000e+15,2.393010029101612091e-01
1.650273771988833750e+15,2.393010029101612368e-01
1.650273771990724250e+15,2.393010029101612091e-01
1.650273771992615000e+15,2.393010029101612091e-01
1.650273771994505750e+15,2.393010029101612091e-01
1.650273771996396250e+15,2.393010029101612091e-01
1.650273771998287000e+15,2.393010029101612368e-01
1.650273772000177500e+15,2.393010029101612091e-01
1.650273772002068250e+15,2.393010029101612091e-01
1.650273772003958750e+15,2.393010029101611813e-01
1.650273772005849500e+15,2.393010029101611813e-01
1.650273772007740250e+15,2.393010029101612091e-01
1.650273772009630750e+15,2.393010029101612091e-01
1.650273772011521500e+15,2.393010029101612091e-01
1.650273772013412000e+15,2.393010029101612091e-01
1.650273772015302750e+15,2.393010029101612091e-01
1.650273772017193250e+15,2.386730143682966043e-01
1.650273772019084000e+15,2.378393339501603532e-01
1.650273772020974500e+15,2.370057637634691017e-01
1.650273772022865250e+15,2.361720833453328505e-01
1.650273772024756000e+15,2.353384029271966271e-01
1.650273772026646500e+15,2.345048327405053479e-01
1.650273772028537250e+15,2.336711523223691245e-01
1.650273772030427750e+15,2.331650797586164447e-01
1.650273772032318500e+15,2.331650797586170554e-01
1.650273772034209000e+15,2.331650797586175827e-01
1.650273772036099750e+15,2.331650797586181656e-01
1.650273772037990500e+15,2.331650797586187485e-01
1.650273772039881000e+15,2.338905310209748178e-01
1.650273772041771750e+15,2.348255323667822747e-01
1.650273772043662250e+15,2.357604100842218831e-01
1.650273772045553000e+15,2.366954114300293399e-01
1.650273772047443500e+15,2.376302891474689205e-01
1.650273772049334250e+15,2.385652904932763774e-01
1.650273772051224750e+15,2.390883862837063778e-01
1.650273772053115500e+15,2.380902363483382300e-01
1.650273772055006250e+15,2.370920864129701378e-01
1.650273772056896750e+15,2.360940684556445124e-01
1.650273772058787500e+15,2.350959185202763646e-01
1.650273772060678000e+15,2.340979005629507392e-01
1.650273772062568750e+15,2.331650797586162227e-01
1.650273772064459250e+15,2.331650797586163060e-01
1.650273772066350000e+15,2.331650797586163892e-01
1.650273772068240750e+15,2.331650797586165003e-01
1.650273772070131250e+15,2.331650797586165835e-01
1.650273772072022000e+15,2.331650797586166668e-01
1.650273772073912500e+15,2.331650797586167501e-01
1.650273772075803250e+15,2.331650797586168333e-01
1.650273772077693750e+15,2.331650797586169166e-01
1.650273772079584500e+15,2.331650797586170276e-01
1.650273772081475000e+15,2.331650797586170831e-01
1.650273772083365750e+15,2.322865297360534320e-01
1.650273772085256500e+15,2.312006539686651263e-01
1.650273772087147000e+15,2.301149217786623569e-01
1.650273772089037750e+15,2.290290460112740234e-01
1.650273772090928250e+15,2.279433138212713095e-01
1.650273772092819000e+15,2.270291566070756772e-01
1.650273772094709500e+15,2.270291566070755385e-01
1.650273772096600250e+15,2.270291566070754274e-01
1.650273772098491000e+15,2.270291566070753442e-01
1.650273772100381500e+15,2.270291566070752332e-01
1.650273772102272250e+15,2.270291566070751221e-01
1.650273772104162750e+15,2.270291566070750111e-01
1.650273772106053500e+15,2.270291566070748723e-01
1.650273772107944000e+15,2.270291566070747891e-01
1.650273772109834750e+15,2.270291566070747891e-01
1.650273772111725250e+15,2.270291566070748168e-01
1.650273772113616000e+15,2.270291566070747891e-01
1.650273772115506750e+15,2.270291566070747891e-01
1.650273772117397250e+15,2.270291566070747891e-01
1.650273772119288000e+15,2.270291566070747891e-01
1.650273772121178500e+15,2.270291566070747891e-01
1.650273772123069250e+15,2.270291566070748168e-01
1.650273772124959750e+15,2.270291566070748168e-01
1.650273772126850500e+15,2.270291566070748446e-01
1.650273772128741250e+15,2.270291566070747891e-01
1.650273772130631750e+15,2.270291566070748168e-01
1.650273772132522500e+15,2.270291566070748168e-01
1.650273772134413000e+15,2.270291566070748446e-01
1.650273772136303750e+15,2.270291566070748168e-01
1.650273772138194250e+15,2.270291566070748168e-01
1.650273772140085000e+15,2.270291566070747891e-01
1.650273772141975500e+15,2.270291566070747891e-01
1.650273772143866250e+15,2.270291566070747891e-01
1.650273772145757000e+15,2.270291566070747891e-01
1.650273772147647500e+15,2.270291566070747891e-01
1.650273772149538250e+15,2.265418051891807671e-01
1.650273772151428750e+15,2.260291676287252416e-01
1.650273772153319500e+15,2.255164622770028104e-01
1.650273772155210000e+15,2.250038247165473126e-01
1.650273772157100750e+15,2.244911193648248537e-01
1.650273772158991500e+15,2.239784140131024226e-01
1.650273772160882000e+15,2.234657764526468970e-01
1.650273772162772750e+15,2.229530711009244381e-01
1.650273772164663250e+15,2.224404335404689403e-01
1.650273772166554000e+15,2.219277281887465092e-01
1.650273772168444500e+15,2.214150906282909836e-01
1.650273772170335250e+15,2.209023852765685803e-01
1.650273772172225750e+15,2.201106482575928003e-01
1.650273772174116500e+15,2.193137326992205260e-01
1.650273772176007250e+15,2.185168171408482518e-01
1.650273772177897750e+15,2.177200069527732429e-01
1.650273772179788500e+15,2.169230913944009687e-01
1.650273772181679000e+15,2.161262812063259597e-01
1.650273772183569750e+15,2.153293656479536855e-01
1.650273772185460250e+15,2.147573103039892850e-01
1.650273772187351000e+15,2.147573103039892572e-01
1.650273772189241750e+15,2.147573103039892572e-01
1.650273772191132250e+15,2.147573103039892572e-01
1.650273772193023000e+15,2.147573103039892572e-01
1.650273772194913500e+15,2.147573103039892850e-01
1.650273772196804250e+15,2.147573103039892572e-01
1.650273772198694750e+15,2.140785142486877901e-01
1.650273772200585500e+15,2.132524909878278085e-01
1.650273772202476000e+15,2.124265769459630082e-01
1.650273772204366750e+15,2.116005536851030266e-01
1.650273772206257500e+15,2.107745304242430451e-01
1.650273772208148000e+15,2.099486163823782447e-01
1.650273772210038750e+15,2.091225931215182632e-01
1.650273772211929250e+15,2.090710543662493426e-01
1.650273772213820000e+15,2.102149605680614930e-01
1.650273772215710500e+15,2.113587155195494338e-01
1.650273772217601250e+15,2.125026217213615565e-01
1.650273772219492000e+15,2.136465279231736791e-01
1.650273772221382500e+15,2.146602304283092566e-01
1.650273772223273250e+15,2.112922712550622806e-01
1.650273772225163750e+15,2.079247574023459499e-01
1.650273772227054500e+15,2.045567982290990017e-01
1.650273772228945000e+15,2.011892843763826155e-01
1.650273772230835750e+15,1.978213252031356673e-01
1.650273772232726250e+15,1.963495408493630134e-01
1.650273772234617000e+15,1.963495408493627359e-01
1.650273772236507750e+15,1.963495408493624028e-01
1.650273772238398250e+15,1.963495408493621253e-01
1.650273772240289000e+15,1.963495408493618199e-01
1.650273772242179500e+15,1.963495408493615146e-01
1.650273772244070250e+15,1.959946894294477826e-01
1.650273772245960750e+15,1.953979835283166933e-01
1.650273772247851500e+15,1.948011987187088234e-01
1.650273772249742250e+15,1.942044139091009258e-01
1.650273772251632750e+15,1.936077080079698087e-01
1.650273772253523500e+15,1.930109231983619389e-01
1.650273772255414000e+15,1.924142172972308218e-01
1.650273772257304750e+15,1.918174324876229242e-01
1.650273772259195250e+15,1.912207265864918349e-01
1.650273772261086000e+15,1.906239417768839650e-01
1.650273772262976500e+15,1.903773143916387967e-01
1.650273772264867250e+15,1.909014626115167201e-01
1.650273772266758000e+15,1.914256108313946991e-01
1.650273772268648500e+15,1.919496897469992192e-01
1.650273772270539250e+15,1.924738379668771704e-01
1.650273772272429750e+15,1.929979168824816904e-01
1.650273772274320500e+15,1.935220651023596417e-01
1.650273772276211000e+15,1.940461440179642172e-01
1.650273772278101750e+15,1.945702922378421407e-01
1.650273772279992500e+15,1.950944404577200919e-01
1.650273772281883000e+15,1.956185193733246397e-01
1.650273772283773750e+15,1.961426675932025909e-01
1.650273772285664250e+15,1.969610755646444278e-01
1.650273772287555000e+15,1.979715708785353967e-01
1.650273772289445500e+15,1.989819325820450513e-01
1.650273772291336250e+15,1.999924278959359647e-01
1.650273772293226750e+15,2.010027895994456193e-01
1.650273772295117500e+15,2.020132849133365605e-01
1.650273772297008250e+15,2.021417260368132962e-01
1.650273772298898750e+15,2.014965668200170978e-01
1.650273772300789500e+15,2.008513222872705117e-01
1.650273772302680000e+15,2.002061630704743411e-01
1.650273772304570750e+15,1.995609185377277273e-01
1.650273772306461250e+15,1.989157593209315011e-01
1.650273772308352000e+15,1.982705147881849150e-01
1.650273772310242750e+15,1.976252702554383289e-01
1.650273772312133250e+15,1.969801110386421306e-01
1.650273772314024000e+15,1.963495408493614314e-01
1.650273772315914500e+15,1.963495408493614036e-01
1.650273772317805250e+15,1.963495408493614036e-01
1.650273772319695750e+15,1.963495408493614036e-01
1.650273772321586500e+15,1.963495408493614036e-01
1.650273772323477000e+15,1.963495408493614036e-01
1.650273772325367750e+15,1.963495408493614036e-01
1.650273772327258500e+15,1.963495408493614036e-01
1.650273772329149000e+15,1.963495408493614036e-01
1.650273772331039750e+15,1.963495408493614036e-01
1.650273772332930250e+15,1.963495408493614036e-01
1.650273772334821000e+15,1.963495408493614314e-01
1.650273772336711500e+15,1.963495408493614036e-01
1.650273772338602250e+15,1.963495408493614036e-01
1.650273772340493000e+15,1.963495408493614036e-01
1.650273772342383500e+15,1.963495408493614036e-01
1.650273772344274250e+15,1.963495408493613759e-01
1.650273772346164750e+15,1.963495408493614036e-01
1.650273772348055500e+15,1.954038370592467433e-01
1.650273772349946000e+15,1.943086744159317480e-01
1.650273772351836750e+15,1.932133669481466143e-01
1.650273772353727250e+15,1.921182043048315913e-01
1.650273772355618000e+15,1.910228968370464853e-01
1.650273772357508750e+15,1.902136176978181659e-01
1.650273772359399250e+15,1.902136176978181936e-01
1.650273772361290000e+15,1.902136176978181936e-01
1.650273772363180500e+15,1.902136176978181936e-01
1.650273772365071250e+15,1.902136176978181936e-01
1.650273772366961750e+15,1.902136176978181659e-01
1.650273772368852500e+15,1.902136176978181936e-01
1.650273772370743250e+15,1.902136176978181936e-01
1.650273772372633750e+15,1.902136176978181936e-01
1.650273772374524500e+15,1.902136176978181936e-01
1.650273772376415000e+15,1.902136176978181936e-01
1.650273772378305750e+15,1.902136176978181936e-01
1.650273772380196250e+15,1.902136176978181936e-01
1.650273772382087000e+15,1.902136176978181936e-01
1.650273772383977500e+15,1.902136176978181936e-01
1.650273772385868250e+15,1.902136176978181936e-01
1.650273772387759000e+15,1.902136176978181936e-01
1.650273772389649500e+15,1.902136176978181936e-01
1.650273772391540250e+15,1.901318464949421083e-01
1.650273772393430750e+15,1.890216959812098807e-01
1.650273772395321500e+15,1.879113986610092546e-01
1.650273772397212000e+15,1.868012481472770547e-01
1.650273772399102750e+15,1.856909508270764286e-01
1.650273772400993500e+15,1.845806535068758025e-01
1.650273772402884000e+15,1.834705029931435749e-01
1.650273772404774750e+15,1.823602056729429766e-01
1.650273772406665250e+15,1.812500551592107212e-01
1.650273772408556000e+15,1.801397578390100951e-01
1.650273772410446500e+15,1.790296073252778675e-01
1.650273772412337250e+15,1.779657888999088000e-01
1.650273772414227750e+15,1.791528501686344699e-01
1.650273772416118500e+15,1.803400684145181343e-01
1.650273772418009250e+15,1.815272866604018542e-01
1.650273772419899750e+15,1.827143479291274963e-01
1.650273772421790500e+15,1.839015661750111885e-01
1.650273772423681000e+15,1.834623440869531941e-01
1.650273772425571750e+15,1.827396895025022727e-01
1.650273772427462250e+15,1.820171304693649073e-01
1.650273772429353000e+15,1.812944758849139859e-01
1.650273772431243750e+15,1.805718213004630646e-01
1.650273772433134250e+15,1.798492622673256713e-01
1.650273772435025000e+15,1.791266076828747222e-01
1.650273772436915500e+15,1.784040486497373568e-01
1.650273772438806250e+15,1.779417713947359925e-01
1.650273772440696750e+15,1.779417713947353263e-01
1.650273772442587500e+15,1.779417713947346880e-01
1.650273772444478000e+15,1.779417713947340496e-01
1.650273772446368750e+15,1.779417713947334390e-01
1.650273772448259500e+15,1.779417713947327728e-01
1.650273772450150000e+15,1.779417713947326618e-01
1.650273772452040750e+15,1.779417713947326618e-01
1.650273772453931250e+15,1.779417713947326618e-01
1.650273772455822000e+15,1.779417713947326618e-01
1.650273772457712500e+15,1.779417713947326896e-01
1.650273772459603250e+15,1.779417713947329394e-01
1.650273772461494000e+15,1.779417713947332169e-01
1.650273772463384500e+15,1.779417713947334667e-01
1.650273772465275250e+15,1.779417713947337165e-01
1.650273772467165750e+15,1.779417713947339663e-01
1.650273772469056500e+15,1.779417713947342439e-01
1.650273772470947000e+15,1.775994078085370020e-01
1.650273772472837750e+15,1.764288400859279071e-01
1.650273772474728250e+15,1.752584271389002746e-01
1.650273772476619000e+15,1.740878594162912074e-01
1.650273772478509750e+15,1.729172916936821403e-01
1.650273772480400250e+15,1.717627792173863355e-01
1.650273772482291000e+15,1.709078420988320302e-01
1.650273772484181500e+15,1.700530180223401855e-01
1.650273772486072250e+15,1.691980809037859079e-01
1.650273772487962750e+15,1.683432568272940633e-01
1.650273772489853500e+15,1.674883197087397579e-01
1.650273772491744250e+15,1.666333825901854249e-01
1.650273772493634750e+15,1.657785585136936080e-01
1.650273772495525500e+15,1.666967263855365089e-01
1.650273772497416000e+15,1.678728353501509618e-01
1.650273772499306750e+15,1.690490998435890957e-01
1.650273772501197250e+15,1.702252088082035764e-01
1.650273772503088000e+15,1.714014733016417102e-01
1.650273772504978500e+15,1.718058482431912004e-01
1.650273772506869250e+15,1.718058482431912282e-01
1.650273772508760000e+15,1.718058482431912282e-01
1.650273772510650500e+15,1.718058482431912282e-01
1.650273772512541250e+15,1.718058482431912282e-01
1.650273772514431750e+15,1.718058482431912282e-01
1.650273772516322500e+15,1.718058482431912282e-01
1.650273772518213000e+15,1.718058482431912282e-01
1.650273772520103750e+15,1.718058482431912004e-01
1.650273772521994500e+15,1.718058482431912282e-01
1.650273772523885000e+15,1.718058482431912282e-01
1.650273772525775750e+15,1.718058482431912282e-01
1.650273772527666250e+15,1.718058482431912282e-01
1.650273772529557000e+15,1.718058482431912282e-01
1.650273772531447500e+15,1.718058482431912282e-01
1.650273772533338250e+15,1.718058482431912282e-01
1.650273772535228750e+15,1.718058482431912282e-01
1.650273772537119500e+15,1.718058482431912004e-01
1.650273772539010250e+15,1.718058482431912282e-01
1.650273772540900750e+15,1.718058482431912282e-01
1.650273772542791500e+15,1.718058482431912282e-01
1.650273772544682000e+15,1.718058482431912282e-01
1.650273772546572750e+15,1.718058482431912282e-01
1.650273772548463250e+15,1.718058482431912282e-01
1.650273772550354000e+15,1.718058482431912282e-01
1.650273772552244750e+15,1.718058482431912004e-01
1.650273772554135250e+15,1.718058482431912282e-01
1.650273772556026000e+15,1.718058482431912282e-01
1.650273772557916500e+15,1.707313374832209740e-01
1.650273772559807250e+15,1.687027491463125861e-01
1.650273772561697750e+15,1.666744290347561552e-01
1.650273772563588500e+15,1.646458406978477673e-01
1.650273772565479000e+15,1.626175205862913364e-01
1.650273772567369750e+15,1.605889322493829763e-01
1.650273772569260500e+15,1.585603439124745884e-01
1.650273772571151000e+15,1.565320238009181575e-01
1.650273772573041750e+15,1.545034354640097696e-01
1.650273772574932250e+15,1.524751153524533387e-01
1.650273772576823000e+15,1.504465270155449508e-01
1.650273772578713500e+15,1.484182069039885199e-01
1.650273772580604250e+15,1.479691603838320380e-01
1.650273772582495000e+15,1.496128975188247556e-01
1.650273772584385500e+15,1.512564173145162782e-01
1.650273772586276250e+15,1.529001544495089959e-01
1.650273772588166750e+15,1.545436742452005185e-01
1.650273772590057500e+15,1.561874113801932362e-01
1.650273772591948000e+15,1.578309311758847866e-01
1.650273772593838750e+15,1.594746683108774765e-01
1.650273772595729250e+15,1.574097146858267071e-01
1.650273772597620000e+15,1.552055735822305549e-01
1.650273772599510750e+15,1.530014324786344304e-01
1.650273772601401250e+15,1.507975828124445417e-01
1.650273772603292000e+15,1.485934417088484449e-01
1.650273772605182500e+15,1.463895920426585839e-01
1.650273772607073250e+15,1.441854509390624317e-01
1.650273772608963750e+15,1.419816012728725707e-01
1.650273772610854500e+15,1.397774601692764462e-01
1.650273772612745250e+15,1.375733190656803218e-01
1.650273772614635750e+15,1.353694693994904608e-01
1.650273772616526500e+15,1.357614868944493347e-01
1.650273772618417000e+15,1.366927620002609256e-01
1.650273772620307750e+15,1.376241602580304257e-01
1.650273772622198250e+15,1.385554353638420166e-01
1.650273772624089000e+15,1.394868336216115168e-01
1.650273772625979500e+15,1.404181087274231077e-01
1.650273772627870250e+15,1.411262324854787864e-01
1.650273772629761000e+15,1.411262324854789252e-01
1.650273772631651500e+15,1.411262324854790640e-01
1.650273772633542250e+15,1.411262324854792305e-01
1.650273772635432750e+15,1.411262324854793415e-01
1.650273772637323500e+15,1.411262324854795080e-01
1.650273772639214000e+15,1.410716080474787026e-01
1.650273772641104750e+15,1.398120817529636128e-01
1.650273772642995500e+15,1.385525554584484675e-01
1.650273772644886000e+15,1.372931957018541094e-01
1.650273772646776750e+15,1.360336694073390196e-01
1.650273772648667250e+15,1.352454700404037147e-01
1.650273772650558000e+15,1.367333500889817977e-01
1.650273772652448500e+15,1.382210334060976209e-01
1.650273772654339250e+15,1.397089134546756761e-01
1.650273772656229750e+15,1.411965967717915271e-01
1.650273772658120500e+15,1.426844768203695546e-01
1.650273772660011250e+15,1.441723568689476098e-01
1.650273772661901750e+15,1.456600401860634608e-01
1.650273772663792500e+15,1.471479202346415160e-01
1.650273772665683000e+15,1.486356035517573670e-01
1.650273772667573750e+15,1.501234836003353945e-01
1.650273772669464250e+15,1.516111669174512455e-01
1.650273772671355000e+15,1.530990469660293007e-01
1.650273772673245750e+15,1.511555188163393182e-01
1.650273772675136250e+15,1.483492572724087744e-01
1.650273772677027000e+15,1.455426246280361047e-01
1.650273772678917500e+15,1.427363630841056164e-01
1.650273772680808250e+15,1.399297304397329189e-01
1.650273772682698750e+15,1.371234688958024028e-01
1.650273772684589500e+15,1.343168362514297054e-01
1.650273772686480250e+15,1.315102036070570080e-01
1.650273772688370750e+15,1.287039420631265196e-01
1.650273772690261500e+15,1.258973094187538222e-01
1.650273772692152000e+15,1.230910478748233200e-01
1.650273772694042750e+15,1.236745953113563140e-01
1.650273772695933250e+15,1.247769390078296847e-01
1.650273772697824000e+15,1.258794284783967266e-01
1.650273772699714500e+15,1.269817721748700556e-01
1.650273772701605250e+15,1.280842616454370975e-01
1.650273772703496000e+15,1.275437827962067616e-01
1.650273772705386500e+15,1.231969482320189047e-01
1.650273772707277250e+15,1.188495388417844523e-01
1.650273772709167750e+15,1.145027042775965953e-01
1.650273772711058500e+15,1.101552948873621290e-01
1.650273772712949000e+15,1.058084603231742582e-01
1.650273772714839750e+15,1.014610509329398058e-01
1.650273772716730500e+15,9.844520577320789445e-02
1.650273772718621000e+15,9.955302381522815325e-02
1.650273772720511750e+15,1.006609883552703755e-01
1.650273772722402250e+15,1.017688063972906204e-01
1.650273772724293000e+15,1.028767709373328426e-01
1.650273772726183500e+15,1.039845889793531014e-01
1.650273772728074250e+15,1.046499044925257582e-01
1.650273772729964750e+15,1.051305327385581162e-01
1.650273772731855500e+15,1.056112245429408902e-01
1.650273772733746250e+15,1.060919163473236920e-01
1.650273772735636750e+15,1.065725445933560500e-01
1.650273772737527500e+15,1.070532363977388379e-01
1.650273772739418000e+15,1.075338646437711820e-01
1.650273772741308750e+15,1.080145564481539699e-01
1.650273772743199250e+15,1.084951846941863279e-01
1.650273772745090000e+15,1.089758764985691020e-01
1.650273772746980750e+15,1.094565683029519038e-01
1.650273772748871250e+15,1.099371965489842479e-01
1.650273772750762000e+15,1.104178883533670358e-01
1.650273772752652500e+15,1.093708556781172181e-01
1.650273772754543250e+15,1.082265545784694694e-01
1.650273772756433750e+15,1.070824047813603574e-01
1.650273772758324500e+15,1.059381036817126226e-01
1.650273772760215000e+15,1.047939538846034968e-01
1.650273772762105750e+15,1.036496527849557481e-01
1.650273772763996500e+15,1.025053516853080271e-01
1.650273772765887000e+15,1.013612018881989013e-01
1.650273772767777750e+15,1.002169007885511665e-01
1.650273772769668250e+15,9.907275099144204067e-02
1.650273772771559000e+15,9.858113617566641174e-02
1.650273772773449500e+15,1.004686901123663101e-01
1.650273772775340250e+15,1.023564936594783259e-01
1.650273772777231000e+15,1.042442972065903695e-01
1.650273772779121500e+15,1.061318511432902123e-01
1.650273772781012250e+15,1.080196546904022559e-01
1.650273772782902750e+15,1.099072086271021265e-01
1.650273772784793500e+15,1.104466167277644573e-01
1.650273772786684000e+15,1.104466167277644573e-01
1.650273772788574750e+15,1.104466167277644573e-01
1.650273772790465250e+15,1.104466167277644711e-01
1.650273772792356000e+15,1.104466167277644573e-01
1.650273772794246750e+15,1.104466167277644573e-01
1.650273772796137250e+15,1.104466167277644573e-01
1.650273772798028000e+15,1.104466167277644573e-01
1.650273772799918500e+15,1.104466167277644573e-01
1.650273772801809250e+15,1.104466167277644573e-01
1.650273772803699750e+15,1.104466167277644573e-01
1.650273772805590500e+15,1.104466167277644573e-01
1.650273772807481250e+15,1.104466167277645128e-01
1.650273772809371750e+15,1.104466167277646238e-01
1.650273772811262500e+15,1.104466167277647626e-01
1.650273772813153000e+15,1.104466167277648875e-01
1.650273772815043750e+15,1.104466167277650124e-01
1.650273772816934250e+15,1.104466167277651512e-01
1.650273772818825000e+15,1.104466167277652761e-01
1.650273772820715500e+15,1.093215946745120931e-01
1.650273772822606250e+15,1.071000432936363017e-01
1.650273772824497000e+15,1.048784919127604964e-01
1.650273772826387500e+15,1.026572342713241992e-01
1.650273772828278250e+15,1.004356828904483939e-01
1.650273772830168750e+15,9.821442524901208282e-02
1.650273772832059500e+15,9.599287386813629142e-02
1.650273772833950000e+15,9.377161622669998031e-02
1.650273772835840750e+15,9.155006484582417503e-02
1.650273772837731500e+15,8.932851346494838363e-02
1.650273772839622000e+15,8.710725582351205865e-02
1.650273772841512750e+15,8.634457489216876280e-02
1.650273772843403250e+15,8.730898815438961624e-02
1.650273772845294000e+15,8.827352895076311101e-02
1.650273772847184500e+15,8.923794221298395057e-02
1.650273772849075250e+15,9.020248300935744534e-02
1.650273772850965750e+15,9.116689627157831266e-02
1.650273772852856500e+15,9.214106103588581842e-02
1.650273772854747250e+15,9.320585812631576594e-02
1.650273772856637750e+15,9.427051442643889778e-02
1.650273772858528500e+15,9.533531151686883143e-02
1.650273772860419000e+15,9.639996781699197714e-02
1.650273772862309750e+15,9.746476490742192467e-02
1.650273772864200250e+15,9.852942120754505650e-02
1.650273772866091000e+15,9.959421829797499015e-02
1.650273772867981750e+15,1.006590153884049516e-01
1.650273772869872250e+15,1.017236716885280834e-01
1.650273772871763000e+15,1.027884687789580309e-01
1.650273772873653500e+15,1.038531250790811489e-01
1.650273772875544250e+15,1.015966912633744224e-01
1.650273772877434750e+15,9.683822024789227878e-02
1.650273772879325500e+15,9.207911997149827166e-02
1.650273772881216000e+15,8.732064895601614196e-02
1.650273772883106750e+15,8.256154867962213484e-02
1.650273772884997500e+15,8.020364283910723369e-02
1.650273772886888000e+15,8.126126161354110811e-02
1.650273772888778750e+15,8.231902024763837478e-02
1.650273772890669250e+15,8.337663902207224920e-02
1.650273772892560000e+15,8.443439765616950199e-02
1.650273772894450500e+15,8.549201643060339029e-02
1.650273772896341250e+15,8.590292412159607205e-02
1.650273772898232000e+15,8.590292412159605817e-02
1.650273772900122500e+15,8.590292412159605817e-02
1.650273772902013250e+15,8.590292412159605817e-02
1.650273772903903750e+15,8.590292412159605817e-02
1.650273772905794500e+15,8.590292412159605817e-02
1.650273772907685000e+15,8.590292412159605817e-02
1.650273772909575750e+15,8.590292412159605817e-02
1.650273772911466250e+15,8.590292412159605817e-02
1.650273772913357000e+15,8.590292412159605817e-02
1.650273772915247750e+15,8.590292412159605817e-02
1.650273772917138250e+15,8.590292412159604429e-02
1.650273772919029000e+15,8.590292412159605817e-02
1.650273772920919500e+15,8.533131061822386842e-02
1.650273772922810250e+15,8.456885683938721032e-02
1.650273772924700750e+15,8.380650387421956227e-02
1.650273772926591500e+15,8.304405009538291804e-02
1.650273772928482250e+15,8.228159631654624606e-02
1.650273772930372750e+15,8.151924335137861188e-02
1.650273772932263500e+15,8.075678957254195378e-02
1.650273772934154000e+15,7.999443660737431960e-02
1.650273772936044750e+15,8.018909025513222544e-02
1.650273772937935250e+15,8.079052970750900953e-02
1.650273772939826000e+15,8.139204869432803413e-02
1.650273772941716500e+15,8.199348814670481822e-02
1.650273772943607250e+15,8.259500713352384282e-02
1.650273772945498000e+15,8.319652612034286743e-02
1.650273772947388500e+15,8.379796557271963764e-02
1.650273772949279250e+15,8.439948455953866224e-02
1.650273772951169750e+15,8.500092401191544633e-02
1.650273772953060500e+15,8.560244299873448481e-02
1.650273772954951000e+15,8.549658297344353564e-02
1.650273772956841750e+15,8.468443759726021480e-02
1.650273772958732500e+15,8.387229222107689397e-02
1.650273772960623000e+15,8.306025422891794019e-02
1.650273772962513750e+15,8.224810885273463323e-02
1.650273772964404250e+15,8.143607086057566558e-02
1.650273772966295000e+15,8.062392548439235862e-02
1.650273772968185500e+15,7.981188749223339096e-02
1.650273772970076250e+15,7.976700097005373635e-02
1.650273772971966750e+15,7.976700097005373635e-02
1.650273772973857500e+15,7.976700097005373635e-02
1.650273772975748250e+15,7.976700097005375023e-02
1.650273772977638750e+15,7.976700097005373635e-02
1.650273772979529500e+15,7.940497809026647591e-02
1.650273772981420000e+15,7.881826205577197042e-02
1.650273772983310750e+15,7.823146843386218074e-02
1.650273772985201250e+15,7.764475239936768913e-02
1.650273772987092000e+15,7.705795877745788558e-02
1.650273772988982750e+15,7.647116515554808203e-02
1.650273772990873250e+15,7.588444912105357654e-02
1.650273772992764000e+15,7.529765549914378686e-02
1.650273772994654500e+15,7.471093946464926749e-02
1.650273772996545250e+15,7.412414584273946394e-02
1.650273772998435750e+15,7.363107781851141453e-02
1.650273773000326500e+15,7.363107781851141453e-02
1.650273773002217000e+15,7.363107781851141453e-02
1.650273773004107750e+15,7.363107781851141453e-02
1.650273773005998500e+15,7.363107781851141453e-02
1.650273773007889000e+15,7.363107781851141453e-02
1.650273773009779750e+15,7.363107781851130351e-02
1.650273773011670250e+15,7.363107781851117861e-02
1.650273773013561000e+15,7.363107781851105371e-02
1.650273773015451500e+15,7.363107781851091493e-02
1.650273773017342250e+15,7.363107781851079003e-02
1.650273773019233000e+15,7.363107781851066513e-02
1.650273773021123500e+15,7.363107781851052636e-02
1.650273773023014250e+15,7.363107781851052636e-02
1.650273773024904750e+15,7.363107781851052636e-02
1.650273773026795500e+15,7.363107781851052636e-02
1.650273773028686000e+15,7.363107781851052636e-02
1.650273773030576750e+15,7.363107781851052636e-02
1.650273773032467250e+15,7.363107781851052636e-02
1.650273773034358000e+15,7.363107781851052636e-02
1.650273773036248750e+15,7.363107781851052636e-02
1.650273773038139250e+15,7.363107781851052636e-02
1.650273773040030000e+15,7.363107781851052636e-02
1.650273773041920500e+15,7.363107781851054023e-02
1.650273773043811250e+15,7.363107781851052636e-02
1.650273773045701750e+15,7.326979369895900152e-02
1.650273773047592500e+15,7.053466677586776867e-02
1.650273773049483250e+15,6.779953985277653583e-02
1.650273773051373750e+15,6.506477457545062348e-02
1.650273773053264500e+15,6.232964765235939064e-02
1.650273773055155000e+15,5.959488237503347829e-02
1.650273773057045750e+15,5.685975545194223851e-02
1.650273773058936250e+15,5.522330836388356090e-02
1.650273773060827000e+15,5.522330836388356090e-02
1.650273773062717500e+15,5.522330836388356090e-02
1.650273773064608250e+15,5.522330836388356090e-02
1.650273773066499000e+15,5.522330836388356090e-02
1.650273773068389500e+15,5.522330836388356090e-02
1.650273773070280250e+15,5.522330836388349151e-02
1.650273773072170750e+15,5.522330836388341518e-02
1.650273773074061500e+15,5.522330836388333886e-02
1.650273773075952000e+15,5.522330836388326253e-02
1.650273773077842750e+15,5.522330836388317926e-02
1.650273773079733500e+15,5.522330836388309599e-02
1.650273773081624000e+15,5.522330836388301273e-02
1.650273773083514750e+15,5.522330836388293640e-02
1.650273773085405250e+15,5.522330836388286007e-02
1.650273773087296000e+15,5.522330836388278374e-02
1.650273773089186500e+15,5.522330836388270048e-02
1.650273773091077250e+15,5.492789095749787270e-02
1.650273773092967750e+15,5.443507242074918651e-02
1.650273773094858500e+15,5.394218871360419859e-02
1.650273773096749250e+15,5.344930500645921762e-02
1.650273773098639750e+15,5.295648646971051754e-02
1.650273773100530500e+15,5.246360276256552962e-02
1.650273773102421000e+15,5.197078422581684343e-02
1.650273773104311750e+15,5.147790051867185551e-02
1.650273773106202250e+15,5.098508198192315544e-02
1.650273773108093000e+15,5.049219827477817446e-02
1.650273773109983750e+15,4.999931456763318655e-02
1.650273773111874250e+15,4.950649603088449341e-02
1.650273773113765000e+15,4.915735041045013465e-02
1.650273773115655500e+15,4.962473276743439854e-02
1.650273773117546250e+15,5.009217693113077186e-02
1.650273773119436750e+15,5.055955928811503575e-02
1.650273773121327500e+15,5.102700345181140212e-02
1.650273773123218000e+15,5.149438580879567295e-02
1.650273773125108750e+15,5.196182997249204627e-02
1.650273773126999500e+15,5.242927413618841959e-02
1.650273773128890000e+15,5.289665649317268348e-02
1.650273773130780750e+15,5.336410065686906373e-02
1.650273773132671250e+15,5.383148301385332068e-02
1.650273773134562000e+15,5.429892717754970094e-02
1.650273773136452500e+15,5.476630953453396483e-02
1.650273773138343250e+15,5.522330836388355396e-02
1.650273773140234000e+15,5.522330836388356090e-02
1.650273773142124500e+15,5.522330836388356090e-02
1.650273773144015250e+15,5.522330836388356090e-02
1.650273773145905750e+15,5.522330836388356090e-02
1.650273773147796500e+15,5.522330836388356090e-02
1.650273773149687000e+15,5.489091972865967062e-02
1.650273773151577750e+15,5.397878066908118333e-02
1.650273773153468250e+15,5.306676221495816581e-02
1.650273773155359000e+15,5.215462315537969240e-02
1.650273773157249750e+15,5.124248409580121205e-02
1.650273773159140250e+15,5.033046564167818759e-02
1.650273773161031000e+15,4.941832658209970724e-02
1.650273773162921500e+15,4.972102028058821011e-02
1.650273773164812250e+15,5.071566162993480092e-02
1.650273773166702750e+15,5.171017146515348439e-02
1.650273773168593500e+15,5.270481281450008215e-02
1.650273773170484250e+15,5.369945416384667297e-02
1.650273773172374750e+15,5.469396399906535644e-02
1.650273773174265500e+15,5.522330836388351927e-02
1.650273773176156000e+15,5.522330836388342906e-02
1.650273773178046750e+15,5.522330836388333886e-02
1.650273773179937250e+15,5.522330836388325559e-02
1.650273773181828000e+15,5.522330836388315844e-02
1.650273773183718500e+15,5.522330836388306824e-02
1.650273773185609250e+15,5.522330836388297109e-02
1.650273773187500000e+15,5.522330836388289477e-02
1.650273773189390500e+15,5.522330836388279762e-02
1.650273773191281250e+15,5.522330836388270742e-02
1.650273773193171750e+15,5.631549684297551539e-02
1.650273773195062500e+15,5.815641983548257288e-02
1.650273773196953000e+15,5.999709941624925547e-02
1.650273773198843750e+15,6.183802240875629908e-02
1.650273773200734500e+15,6.367894540126337044e-02
1.650273773202625000e+15,6.551962498203003915e-02
1.650273773204515750e+15,6.736054797453709664e-02
1.650273773206406250e+15,6.241135504100335518e-02
1.650273773208297000e+15,5.692572562579831241e-02
1.650273773210187500e+15,5.144082153512258282e-02
1.650273773212078250e+15,4.595519211991753311e-02
1.650273773213968750e+15,4.047028802924179658e-02
1.650273773215859500e+15,3.498465861403675381e-02
1.650273773217750250e+15,2.949902919883171104e-02
1.650273773219640750e+15,2.401412510815597798e-02
1.650273773221531500e+15,1.852849569295093174e-02
1.650273773223422000e+15,1.304359160227519868e-02
1.650273773225312750e+15,1.464531058539610131e-02
1.650273773227203250e+15,1.740698728994129543e-02
1.650273773229094000e+15,2.016902919902292812e-02
1.650273773230984750e+15,2.293107110810456428e-02
1.650273773232875250e+15,2.569274781264976187e-02
1.650273773234766000e+15,2.845478972173139109e-02
1.650273773236656500e+15,2.996071509091386212e-02
1.650273773238547250e+15,2.626204451744563323e-02
1.650273773240437750e+15,2.256386299205005372e-02
1.650273773242328500e+15,1.886519241858182483e-02
1.650273773244219000e+15,1.516701089318624879e-02
1.650273773246109750e+15,1.227184630308547457e-02
1.650273773248000500e+15,1.227184630308534620e-02
1.650273773249891000e+15,1.227184630308521956e-02
1.650273773251781750e+15,1.227184630308509120e-02
1.650273773253672250e+15,1.227184630308496283e-02
1.650273773255563000e+15,1.227184630308483272e-02
1.650273773257453500e+15,1.227184630308470435e-02
1.650273773259344250e+15,1.227184630308471476e-02
1.650273773261235000e+15,1.227184630308485180e-02
1.650273773263125500e+15,1.227184630308499058e-02
1.650273773265016250e+15,1.227184630308512589e-02
1.650273773266906750e+15,1.227184630308526120e-02
1.650273773268797500e+15,1.227184630308539998e-02
1.650273773270688000e+15,1.215277690647657838e-02
1.650273773272578750e+15,1.166758194604914679e-02
1.650273773274469250e+15,1.118245113939144234e-02
1.650273773276360000e+15,1.069725617896401249e-02
1.650273773278250750e+15,1.021206121853658264e-02
1.650273773280141250e+15,9.726930411878876442e-03
1.650273773282032000e+15,9.241735451451446592e-03
1.650273773283922500e+15,8.756604644793743869e-03
1.650273773285813250e+15,8.271409684366314019e-03
1.650273773287703750e+15,7.786278877708607826e-03
1.650273773289594500e+15,7.301083917281178844e-03
1.650273773291485250e+15,6.815888956853748994e-03
1.650273773293375750e+15,6.330758150196043668e-03
1.650273773295266500e+15,6.135923151542321818e-03
1.650273773297157000e+15,6.135923151542321818e-03
1.650273773299047750e+15,6.135923151542321818e-03
1.650273773300938250e+15,6.135923151542321818e-03
1.650273773302829000e+15,6.135923151542321818e-03
1.650273773304719500e+15,6.135923151542321818e-03
1.650273773306610250e+15,6.135923151542321818e-03
1.650273773308501000e+15,6.135923151542320951e-03
1.650273773310391500e+15,6.135923151542321818e-03
1.650273773312282250e+15,6.135923151542321818e-03
1.650273773314172750e+15,6.135923151542320951e-03
1.650273773316063500e+15,6.135923151542326155e-03
1.650273773317954000e+15,6.135923151542330492e-03
1.650273773319844750e+15,6.135923151542335696e-03
1.650273773321735500e+15,6.135923151542340900e-03
1.650273773323626000e+15,6.135923151542344370e-03
1.650273773325516750e+15,6.135923151542349574e-03
1.650273773327407250e+15,6.135923151542346105e-03
1.650273773329298000e+15,6.135923151542344370e-03
1.650273773331188500e+15,6.135923151542340900e-03
1.650273773333079250e+15,6.135923151542338298e-03
1.650273773334969750e+15,6.135923151542335696e-03
1.650273773336860500e+15,6.135923151542333094e-03
1.650273773338751250e+15,6.135923151542330492e-03
1.650273773340641750e+15,6.135923151542327023e-03
1.650273773342532500e+15,6.135923151542324420e-03
1.650273773344423000e+15,6.242805446668686122e-03
1.650273773346313750e+15,6.882323483093284212e-03
1.650273773348204250e+15,7.521756960740093485e-03
1.650273773350095000e+15,8.161274997164692444e-03
1.650273773351985750e+15,8.800793033589290534e-03
1.650273773353876250e+15,9.440226511236099807e-03
1.650273773355767000e+15,1.007974454766069963e-02
1.650273773357657500e+15,1.071917802530750717e-02
1.650273773359548250e+15,1.135869606173210700e-02
1.650273773361438750e+15,1.199812953937891627e-02
1.650273773363329500e+15,1.197595292062635444e-02
1.650273773365220000e+15,1.145872089146556146e-02
1.650273773367110750e+15,1.094142046346462810e-02
1.650273773369001500e+15,1.042412003546369301e-02
1.650273773370892000e+15,9.906888006302900021e-03
1.650273773372782750e+15,9.389587578301964929e-03
1.650273773374673250e+15,8.872355549141173678e-03
1.650273773376564000e+15,8.355055121140238586e-03
1.650273773378454500e+15,7.837823091979447335e-03
1.650273773380345250e+15,7.320522663978512243e-03
1.650273773382236000e+15,6.803222235977576283e-03
1.650273773384126500e+15,6.285990206816785032e-03
1.650273773386017250e+15,6.135923151543209997e-03
1.650273773387907750e+15,6.135923151543209997e-03
1.650273773389798500e+15,6.135923151543209997e-03
1.650273773391689000e+15,6.135923151543209997e-03
1.650273773393579750e+15,6.135923151543209997e-03
1.650273773395470250e+15,6.135923151543209997e-03
1.650273773397361000e+15,6.135923151543209997e-03
1.650273773399251750e+15,7.018891006481062407e-03
1.650273773401142250e+15,7.928192779467586535e-03
1.650273773403033000e+15,8.837614798655244949e-03
1.650273773404923500e+15,9.746916571641768209e-03
1.650273773406814250e+15,1.065633859082942662e-02
1.650273773408704750e+15,1.156564036381594988e-02
1.650273773410595500e+15,1.204606442435910557e-02
1.650273773412486250e+15,1.103565711737612524e-02
1.650273773414376750e+15,1.002538340913795151e-02
1.650273773416267500e+15,9.014976102154969445e-03
1.650273773418158000e+15,8.004702393916797443e-03
1.650273773420048750e+15,6.994295086933815381e-03
1.650273773421939250e+15,6.135923151542361717e-03
1.650273773423830000e+15,6.135923151542441514e-03
1.650273773425720500e+15,6.135923151542521312e-03
1.650273773427611250e+15,6.135923151542601109e-03
1.650273773429502000e+15,6.135923151542682641e-03
1.650273773431392500e+15,6.135923151542761571e-03
1.650273773433283250e+15,6.135923151542842235e-03
1.650273773435173750e+15,6.135923151542922033e-03
1.650273773437064500e+15,6.135923151543001830e-03
1.650273773438955000e+15,6.135923151543082495e-03
1.650273773440845750e+15,6.135923151543162292e-03
1.650273773442736500e+15,7.819229502851281904e-03
1.650273773444627000e+15,1.200921061825339746e-02
1.650273773446517750e+15,1.619974581737878769e-02
1.650273773448408250e+15,2.038972693278090498e-02
1.650273773450299000e+15,2.458026213190629694e-02
1.650273773452189500e+15,2.877024324730841423e-02
1.650273773454080250e+15,2.989538641414799663e-02
1.650273773455970750e+15,2.845493407117136858e-02
1.650273773457861500e+15,2.701429124256356576e-02
1.650273773459752250e+15,2.557364841395576294e-02
1.650273773461642750e+15,2.454369260617017892e-02
1.650273773463533500e+15,2.454369260617018933e-02
1.650273773465424000e+15,2.454369260617019280e-02
1.650273773467314750e+15,2.454369260617020321e-02
1.650273773469205250e+15,2.454369260617021015e-02
1.650273773471096000e+15,2.454369260617022402e-02
1.650273773472986750e+15,2.454369260617022749e-02
1.650273773474877250e+15,2.454369260617034199e-02
1.650273773476768000e+15,2.454369260617045648e-02
1.650273773478658500e+15,2.454369260617057444e-02
1.650273773480549250e+15,2.454369260617069240e-02
1.650273773482439750e+15,2.454369260617081036e-02
1.650273773484330500e+15,2.454369260617093179e-02
1.650273773486221000e+15,2.454369260617104628e-02
1.650273773488111750e+15,2.454369260617093873e-02
1.650273773490002500e+15,2.454369260617078607e-02
1.650273773491893000e+15,2.454369260617063689e-02
1.650273773493783750e+15,2.454369260617048076e-02
1.650273773495674250e+15,2.454369260617033505e-02
1.650273773497565000e+15,2.413490000523469195e-02
1.650273773499455500e+15,2.286381051170074952e-02
1.650273773501346250e+15,2.159255292910391977e-02
1.650273773503237000e+15,2.032129534650709696e-02
1.650273773505127500e+15,1.905020585297315452e-02
1.650273773507018250e+15,1.878303901567158693e-02
1.650273773508908750e+15,1.954160314842012802e-02
1.650273773510799500e+15,2.030026759380193502e-02
1.650273773512690000e+15,2.105883172655047611e-02
1.650273773514580750e+15,2.181749617193228657e-02
1.650273773516471250e+15,2.257606030468082420e-02
1.650273773518362000e+15,2.333472475006263119e-02
1.650273773520252750e+15,2.409338919544443819e-02
1.650273773522143250e+15,2.485195332819298275e-02
1.650273773524034000e+15,2.561061777357478975e-02
1.650273773525924500e+15,2.636918190632333084e-02
1.650273773527815250e+15,2.712784635170513783e-02
1.650273773529705750e+15,2.788641048445367893e-02
1.650273773531596500e+15,2.864507492983548592e-02
1.650273773533487250e+15,2.940373937521729292e-02
1.650273773535377750e+15,3.016230350796583748e-02
1.650273773537268500e+15,3.037529865879654012e-02
1.650273773539159000e+15,2.941883735289359605e-02
1.650273773541049750e+15,2.846224956440590592e-02
1.650273773542940250e+15,2.750578825850296186e-02
1.650273773544831000e+15,2.654920047001527172e-02
1.650273773546721500e+15,2.559273916411232766e-02
1.650273773548612250e+15,2.463615137562463406e-02
1.650273773550503000e+15,2.642878240612245994e-02
1.650273773552393500e+15,2.851529427193622013e-02
1.650273773554284250e+15,3.060208205838814768e-02
1.650273773556174750e+15,3.268859392420191134e-02
1.650273773558065500e+15,3.477538171065383543e-02
1.650273773559956000e+15,3.681553890925565176e-02
1.650273773561846750e+15,3.681553890925558237e-02
1.650273773563737500e+15,3.681553890925550604e-02
1.650273773565628000e+15,3.681553890925542971e-02
1.650273773567518750e+15,3.681553890925536032e-02
1.650273773569409250e+15,3.681553890925529093e-02
1.650273773571300000e+15,3.681553890925521461e-02
1.650273773573190500e+15,3.681553890925514522e-02
1.650273773575081250e+15,3.681553890925506889e-02
1.650273773576971750e+15,3.681553890925499950e-02
1.650273773578862500e+15,3.681553890925493011e-02
1.650273773580753250e+15,3.681553890925485378e-02
1.650273773582643750e+15,3.681553890925478439e-02
1.650273773584534500e+15,4.145042744748572705e-02
1.650273773586425000e+15,4.797239006864361527e-02
1.650273773588315750e+15,5.449521515510449138e-02
1.650273773590206250e+15,6.101717777626238653e-02
1.650273773592097000e+15,6.746702312016156222e-02
1.650273773593987750e+15,6.337550603365864343e-02
1.650273773595878250e+15,5.928452993844046670e-02
1.650273773597769000e+15,5.519301285193753404e-02
1.650273773599659500e+15,5.110203675671935730e-02
1.650273773601550250e+15,4.701051967021643851e-02
1.650273773603440750e+15,4.295782384526945080e-02
1.650273773605331500e+15,4.377331835302121499e-02
1.650273773607222000e+15,4.458870503391753476e-02
1.650273773609112750e+15,4.540419954166929895e-02
1.650273773611003500e+15,4.621969404942107007e-02
1.650273773612894000e+15,4.703508073031738290e-02
1.650273773614784750e+15,4.785057523806915403e-02
1.650273773616675250e+15,4.866596191896546686e-02
1.650273773618566000e+15,4.948145642671723798e-02
1.650273773620456500e+15,5.029684310761355082e-02
1.650273773622347250e+15,5.111233761536532194e-02
1.650273773624238000e+15,5.192783212311708613e-02
1.650273773626128500e+15,5.274321880401340590e-02
1.650273773628019250e+15,5.355871331176516315e-02
1.650273773629909750e+15,5.437409999266148986e-02
1.650273773631800500e+15,5.518959450041326098e-02
1.650273773633691000e+15,5.600498118130957381e-02
1.650273773635581750e+15,5.682047568906133800e-02
1.650273773637472250e+15,5.763586236995765777e-02
1.650273773639363000e+15,5.845135687770942196e-02
1.650273773641253750e+15,5.926685138546119308e-02
1.650273773643144250e+15,6.008223806635750591e-02
1.650273773645035000e+15,6.089773257410927010e-02
1.650273773646925500e+15,6.135923151542588272e-02
1.650273773648816250e+15,6.135923151542588272e-02
1.650273773650706750e+15,6.135923151542588272e-02
1.650273773652597500e+15,6.135923151542587578e-02
1.650273773654488250e+15,6.135923151542588272e-02
1.650273773656378750e+15,6.135923151542588272e-02
1.650273773658269500e+15,6.135923151542588272e-02
1.650273773660160000e+15,6.135923151542588272e-02
1.650273773662050750e+15,6.135923151542588272e-02
1.650273773663941250e+15,6.135923151542588272e-02
1.650273773665832000e+15,6.135923151542588272e-02
1.650273773667722500e+15,6.383319023203641585e-02
1.650273773669613250e+15,6.659041831540296608e-02
1.650273773671504000e+15,6.934764639876953018e-02
1.650273773673394500e+15,7.210450991409650401e-02
1.650273773675285250e+15,7.486173799746306812e-02
1.650273773677175750e+15,7.761860151279004194e-02
1.650273773679066500e+15,7.976700097005288981e-02
1.650273773680957000e+15,7.976700097005287593e-02
1.650273773682847750e+15,7.976700097005287593e-02
1.650273773684738500e+15,7.976700097005287593e-02
1.650273773686629000e+15,7.976700097005286205e-02
1.650273773688519750e+15,7.976700097005284817e-02
1.650273773690410250e+15,7.976700097005284817e-02
1.650273773692301000e+15,7.976700097005284817e-02
1.650273773694191500e+15,7.976700097005284817e-02
1.650273773696082250e+15,7.976700097005284817e-02
1.650273773697972750e+15,7.976700097005284817e-02
1.650273773699863500e+15,7.976700097005284817e-02
1.650273773701754250e+15,7.976700097005284817e-02
1.650273773703644750e+15,7.976700097005293144e-02
1.650273773705535500e+15,7.976700097005313961e-02
1.650273773707426000e+15,7.976700097005333390e-02
1.650273773709316750e+15,7.976700097005354206e-02
1.650273773711207250e+15,7.976700097005373635e-02
1.650273773713098000e+15,8.121661750895974030e-02
1.650273773714988750e+15,8.324538321653665585e-02
1.650273773716879250e+15,8.527388067530919380e-02
1.650273773718770000e+15,8.730264638288609547e-02
1.650273773720660500e+15,8.933114384165863342e-02
1.650273773722551250e+15,9.135990954923553509e-02
1.650273773724441750e+15,9.099326302386960552e-02
1.650273773726332500e+15,8.942145748278038098e-02
1.650273773728223000e+15,8.784985977000547841e-02
1.650273773730113750e+15,8.627805422891626774e-02
1.650273773732004500e+15,8.470624868782705708e-02
1.650273773733895000e+15,8.313465097505214063e-02
1.650273773735785750e+15,8.156284543396292996e-02
1.650273773737676250e+15,7.999124772118801352e-02
1.650273773739567000e+15,7.976700097005284817e-02
1.650273773741457500e+15,7.976700097005284817e-02
1.650273773743348250e+15,7.976700097005284817e-02
1.650273773745239000e+15,7.976700097005284817e-02
1.650273773747129500e+15,7.976700097005284817e-02
1.650273773749020250e+15,7.976700097005284817e-02
1.650273773750910750e+15,7.976700097005284817e-02
1.650273773752801500e+15,7.976700097005284817e-02
1.650273773754692000e+15,7.976700097005284817e-02
1.650273773756582750e+15,7.976700097005286205e-02
1.650273773758473500e+15,8.018257740877077211e-02
1.650273773760364000e+15,8.208717682064048393e-02
1.650273773762254750e+15,8.399202809701850070e-02
1.650273773764145250e+15,8.589662750888821252e-02
1.650273773766036000e+15,8.780147878526622929e-02
1.650273773767926500e+15,8.970607819713592723e-02
1.650273773769817250e+15,9.161092947351395788e-02
1.650273773771707750e+15,9.203884727313926817e-02
1.650273773773598500e+15,9.203884727313926817e-02
1.650273773775489250e+15,9.203884727313926817e-02
1.650273773777379750e+15,9.203884727313926817e-02
1.650273773779270500e+15,9.203884727313926817e-02
1.650273773781161000e+15,9.203884727313926817e-02
1.650273773783051750e+15,9.203884727313926817e-02
1.650273773784942250e+15,9.203884727313925429e-02
1.650273773786833000e+15,9.203884727313925429e-02
1.650273773788723750e+15,9.203884727313926817e-02
1.650273773790614250e+15,9.203884727313926817e-02
1.650273773792505000e+15,9.203884727313926817e-02
1.650273773794395500e+15,9.203884727313926817e-02
1.650273773796286250e+15,9.203884727313912939e-02
1.650273773798176750e+15,9.203884727313894898e-02
1.650273773800067500e+15,9.203884727313879632e-02
1.650273773801958000e+15,9.203884727313864367e-02
1.650273773803848750e+15,9.203884727313847713e-02
1.650273773805739500e+15,9.203884727313831060e-02
1.650273773807630000e+15,9.271089727061258834e-02
1.650273773809520750e+15,9.371937229658446056e-02
1.650273773811411250e+15,9.472771397930287995e-02
1.650273773813302000e+15,9.573618900527475217e-02
1.650273773815192500e+15,9.674453068799318545e-02
1.650273773817083250e+15,9.775300571396507154e-02
1.650273773818974000e+15,9.817477042468149284e-02
1.650273773820864500e+15,9.817477042468135406e-02
1.650273773822755250e+15,9.817477042468120141e-02
1.650273773824645750e+15,9.817477042468103487e-02
1.650273773826536500e+15,9.817477042468089610e-02
1.650273773828427000e+15,9.817477042468074344e-02
1.650273773830317750e+15,9.882433424318458337e-02
1.650273773832208250e+15,9.979374446531331933e-02
1.650273773834099000e+15,1.007632828823934040e-01
1.650273773835989750e+15,1.017328212994734887e-01
1.650273773837880250e+15,1.027022315216022247e-01
1.650273773839771000e+15,1.036717699386823233e-01
1.650273773841661500e+15,1.041181899267487054e-01
1.650273773843552250e+15,1.035534478394791458e-01
1.650273773845442750e+15,1.029887804239122545e-01
1.650273773847333500e+15,1.024240383366426949e-01
1.650273773849224250e+15,1.018592962493731352e-01
1.650273773851114750e+15,1.012946288338062162e-01
1.650273773853005500e+15,1.007298867465366565e-01
1.650273773854896000e+15,1.001652193309697791e-01
1.650273773856786750e+15,9.960047724370019173e-02
1.650273773858677250e+15,9.903580982813330047e-02
1.650273773860568000e+15,9.847106774086374081e-02
1.650273773862458500e+15,9.858083413180838972e-02
1.650273773864349250e+15,9.943533046375055418e-02
1.650273773866240000e+15,1.002898267956927048e-01
1.650273773868130500e+15,1.011442101438543434e-01
1.650273773870021250e+15,1.019987064757964940e-01
1.650273773871911750e+15,1.028530898239581326e-01
1.650273773873802500e+15,1.037075861559002832e-01
1.650273773875693000e+15,1.046120959326385241e-01
1.650273773877583750e+15,1.056370536761475493e-01
1.650273773879474500e+15,1.066620114196565883e-01
1.650273773881365000e+15,1.076868336405233384e-01
1.650273773883255750e+15,1.087117913840323774e-01
1.650273773885146250e+15,1.097366136048991414e-01
1.650273773887037000e+15,1.100220637503878385e-01
1.650273773888927500e+15,1.086406224358717615e-01
1.650273773890818250e+15,1.072589984393516327e-01
1.650273773892708750e+15,1.058775571248355418e-01
1.650273773894599500e+15,1.044959331283154269e-01
1.650273773896490250e+15,1.031143091317952842e-01
1.650273773898380750e+15,1.017328678172792072e-01
1.650273773900271500e+15,1.003512438207590785e-01
1.650273773902162000e+15,9.896980250624300146e-02
1.650273773904052750e+15,9.859302816763497457e-02
1.650273773905943250e+15,9.957803752678172360e-02
1.650273773907834000e+15,1.005631771437120042e-01
1.650273773909724750e+15,1.015483167606422710e-01
1.650273773911615250e+15,1.025333261197890200e-01
1.650273773913506000e+15,1.035184657367193145e-01
1.650273773915396500e+15,1.045034750958660497e-01
1.650273773917287250e+15,1.054886147127963442e-01
1.650273773919177750e+15,1.064736240719430793e-01
1.650273773921068500e+15,1.074587636888733599e-01
1.650273773922959000e+15,1.084437730480201090e-01
1.650273773924849750e+15,1.094289126649503896e-01
1.650273773926740500e+15,1.104140522818806702e-01
1.650273773928631000e+15,1.095116773661742038e-01
1.650273773930521750e+15,1.085446442163218450e-01
1.650273773932412250e+15,1.075777389301677267e-01
1.650273773934303000e+15,1.066107057803153818e-01
1.650273773936193500e+15,1.056438004941612774e-01
1.650273773938084250e+15,1.046767673443089047e-01
1.650273773939975000e+15,1.054747703830474920e-01
1.650273773941865500e+15,1.073476956624518364e-01
1.650273773943756250e+15,1.092208686177725263e-01
1.650273773945646750e+15,1.110937938971768846e-01
1.650273773947537500e+15,1.129669668524975606e-01
1.650273773949428000e+15,1.148398921319019050e-01
1.650273773951318750e+15,1.165431955528757058e-01
1.650273773953209250e+15,1.159786380642890136e-01
1.650273773955100000e+15,1.154140059185364137e-01
1.650273773956990750e+15,1.148493737727838276e-01
1.650273773958881250e+15,1.142848162841971493e-01
1.650273773960772000e+15,1.137201841384445355e-01
1.650273773962662500e+15,1.131556266498578434e-01
1.650273773964553250e+15,1.125909945041052296e-01
1.650273773966443750e+15,1.120264370155185651e-01
1.650273773968334500e+15,1.114618048697659514e-01
1.650273773970225250e+15,1.108971727240133515e-01
1.650273773972115750e+15,1.104466167277662197e-01
1.650273773974006500e+15,1.104466167277662197e-01
1.650273773975897000e+15,1.104466167277662197e-01
1.650273773977787750e+15,1.104466167277662197e-01
1.650273773979678250e+15,1.104466167277662197e-01
1.650273773981569000e+15,1.104466167277662197e-01
1.650273773983459500e+15,1.104466167277662197e-01
1.650273773985350250e+15,1.104466167277662336e-01
1.650273773987241000e+15,1.104466167277662336e-01
1.650273773989131500e+15,1.104466167277662336e-01
1.650273773991022250e+15,1.104466167277662336e-01
1.650273773992912750e+15,1.104466167277662336e-01
1.650273773994803500e+15,1.104466167277662197e-01
1.650273773996694000e+15,1.104466167277662336e-01
1.650273773998584750e+15,1.104466167277662336e-01
1.650273774000475500e+15,1.104466167277662336e-01
1.650273774002366000e+15,1.104466167277662336e-01
1.650273774004256750e+15,1.104466167277662336e-01
1.650273774006147250e+15,1.104466167277662336e-01
1.650273774008038000e+15,1.104466167277662197e-01
1.650273774009928500e+15,1.104466167277662197e-01
1.650273774011819250e+15,1.104466167277662059e-01
1.650273774013709750e+15,1.104466167277662059e-01
1.650273774015600500e+15,1.104466167277661920e-01
1.650273774017491250e+15,1.104466167277661504e-01
1.650273774019381750e+15,1.104466167277660116e-01
1.650273774021272500e+15,1.104466167277658728e-01
1.650273774023163000e+15,1.104466167277657479e-01
1.650273774025053750e+15,1.104466167277656230e-01
1.650273774026944250e+15,1.104466167277654842e-01
1.650273774028835000e+15,1.104466167277653454e-01
1.650273774030725750e+15,1.115291470706107624e-01
1.650273774032616250e+15,1.126184477296389985e-01
1.650273774034507000e+15,1.137078924379477107e-01
1.650273774036397500e+15,1.147971930969759469e-01
1.650273774038288250e+15,1.158866378052846591e-01
1.650273774040178750e+15,1.169759384643128952e-01
1.650273774042069500e+15,1.180653831726215797e-01
1.650273774043960000e+15,1.191546838316498158e-01
1.650273774045850750e+15,1.202441285399585280e-01
1.650273774047741500e+15,1.213335732482672541e-01
1.650273774049632000e+15,1.224228739072954764e-01
1.650273774051522750e+15,1.238322175592472540e-01
1.650273774053413250e+15,1.253604722759471823e-01
1.650273774055304000e+15,1.268889290892771804e-01
1.650273774057194500e+15,1.284171838059771087e-01
1.650273774059085250e+15,1.299456406193071067e-01
1.650273774060976000e+15,1.314740974326371048e-01
1.650273774062866500e+15,1.330023521493370331e-01
1.650273774064757250e+15,1.345308089626670589e-01
1.650273774066647750e+15,1.360590636793669872e-01
1.650273774068538500e+15,1.375875204926969853e-01
1.650273774070429000e+15,1.391157752093969135e-01
1.650273774072319750e+15,1.406442320227269116e-01
1.650273774074210250e+15,1.417621564556007518e-01
1.650273774076101000e+15,1.426911680426265761e-01
1.650273774077991750e+15,1.436201796296524003e-01
1.650273774079882250e+15,1.445490683802922727e-01
1.650273774081773000e+15,1.454780799673181246e-01
1.650273774083663500e+15,1.464069687179579971e-01
1.650273774085554250e+15,1.473359803049838213e-01
1.650273774087444750e+15,1.482648690556236937e-01
1.650273774089335500e+15,1.491938806426495456e-01
1.650273774091226250e+15,1.501228922296753698e-01
1.650273774093116750e+15,1.510517809803152423e-01
1.650273774095007500e+15,1.519807925673410942e-01
1.650273774096898000e+15,1.529096813179809666e-01
1.650273774098788750e+15,1.537568678526052834e-01
1.650273774100679250e+15,1.545132556146026626e-01
1.650273774102570000e+15,1.552697434014297662e-01
1.650273774104460500e+15,1.560261311634271730e-01
1.650273774106351250e+15,1.567826189502542766e-01
1.650273774108242000e+15,1.575391067370813802e-01
1.650273774110132500e+15,1.582954944990787871e-01
1.650273774112023250e+15,1.590519822859058907e-01
1.650273774113913750e+15,1.597786362018025763e-01
1.650273774115804500e+15,1.604531418238246687e-01
1.650273774117695000e+15,1.611275582609172641e-01
1.650273774119585750e+15,1.618020638829393565e-01
1.650273774121476500e+15,1.624765695049614489e-01
1.650273774123367000e+15,1.631509859420540165e-01
1.650273774125257750e+15,1.638254915640761367e-01
1.650273774127148250e+15,1.644999080011687043e-01
1.650273774129039000e+15,1.651744136231908244e-01
1.650273774130929500e+15,1.651652649095261272e-01
1.650273774132820250e+15,1.632626004242814510e-01
1.650273774134710750e+15,1.613601875144017594e-01
1.650273774136601500e+15,1.594575230291570556e-01
1.650273774138492250e+15,1.575548585439123794e-01
1.650273774140382750e+15,1.556524456340326601e-01
1.650273774142273500e+15,1.537497811487880117e-01
1.650273774144164000e+15,1.563443160891024308e-01
1.650273774146054750e+15,1.599592402785849632e-01
1.650273774147945250e+15,1.635736864931647272e-01
1.650273774149836000e+15,1.671886106826472873e-01
1.650273774151726750e+15,1.708035348721297919e-01
1.650273774153617250e+15,1.710043946097509759e-01
1.650273774155508000e+15,1.698952649062348552e-01
1.650273774157398500e+15,1.687862818548017119e-01
1.650273774159289250e+15,1.676771521512855634e-01
1.650273774161179750e+15,1.665681690998523923e-01
1.650273774163070500e+15,1.656699250916497945e-01
1.650273774164961000e+15,1.656699250916497945e-01
1.650273774166851750e+15,1.656699250916498223e-01
1.650273774168742500e+15,1.656699250916497945e-01
1.650273774170633000e+15,1.656699250916498223e-01
1.650273774172523750e+15,1.656699250916497945e-01
1.650273774174414250e+15,1.656699250916498223e-01
1.650273774176305000e+15,1.656699250916497945e-01
1.650273774178195500e+15,1.656699250916497945e-01
1.650273774180086250e+15,1.656699250916497945e-01
1.650273774181977000e+15,1.656699250916497945e-01
1.650273774183867500e+15,1.656699250916497945e-01
1.650273774185758250e+15,1.656699250916497945e-01
1.650273774187648750e+15,1.665250532523310234e-01
1.650273774189539500e+15,1.680521687846172618e-01
1.650273774191430000e+15,1.695790823976212058e-01
1.650273774193320750e+15,1.711061979299074443e-01
1.650273774195211250e+15,1.726331115429113605e-01
1.650273774197102000e+15,1.741602270751976267e-01
1.650273774198992750e+15,1.756873426074838651e-01
1.650273774200883250e+15,1.772142562204877814e-01
1.650273774202774000e+15,1.779417713947344104e-01
1.650273774204664500e+15,1.779417713947344382e-01
1.650273774206555250e+15,1.779417713947344104e-01
1.650273774208445750e+15,1.779417713947344382e-01
1.650273774210336500e+15,1.779417713947344382e-01
1.650273774212227250e+15,1.779417713947344382e-01
1.650273774214117750e+15,1.779417713947344382e-01
1.650273774216008500e+15,1.779417713947344104e-01
1.650273774217899000e+15,1.779417713947344104e-01
1.650273774219789750e+15,1.781335913599071952e-01
1.650273774221680250e+15,1.791064569377988358e-01
1.650273774223571000e+15,1.800794511675785359e-01
1.650273774225461500e+15,1.810523167454701488e-01
1.650273774227352250e+15,1.820253109752498766e-01
1.650273774229243000e+15,1.829983052050295766e-01
1.650273774231133500e+15,1.839711707829211895e-01
1.650273774233024250e+15,1.849441650127008896e-01
1.650273774234914750e+15,1.859170305905925302e-01
1.650273774236805500e+15,1.868900248203722581e-01
1.650273774238696000e+15,1.878628903982638432e-01
1.650273774240586750e+15,1.888358846280435710e-01
1.650273774242477500e+15,1.898088788578232711e-01
1.650273774244368000e+15,1.902136176978189985e-01
1.650273774246258750e+15,1.902136176978191373e-01
1.650273774248149250e+15,1.902136176978192761e-01
1.650273774250040000e+15,1.902136176978193871e-01
1.650273774251930500e+15,1.902136176978195259e-01
1.650273774253821250e+15,1.902136176978196369e-01
1.650273774255711750e+15,1.902136176978197757e-01
1.650273774257602500e+15,1.902136176978199145e-01
1.650273774259493250e+15,1.893723168158826242e-01
1.650273774261383750e+15,1.871424124102708531e-01
1.650273774263274500e+15,1.849122131217701970e-01
1.650273774265165000e+15,1.826823087161584258e-01
1.650273774267055750e+15,1.804521094276577697e-01
1.650273774268946250e+15,1.782222050220459986e-01
1.650273774270837000e+15,1.805147498243378223e-01
1.650273774272727750e+15,1.834577982004867991e-01
1.650273774274618250e+15,1.864004574389422908e-01
1.650273774276509000e+15,1.893435058150912953e-01
1.650273774278399500e+15,1.922861650535467315e-01
1.650273774280290250e+15,1.952292134296957082e-01
1.650273774282180750e+15,1.981718726681511999e-01
1.650273774284071500e+15,2.011149210443001767e-01
1.650273774285962000e+15,2.040575802827556129e-01
1.650273774287852750e+15,2.070006286589046174e-01
1.650273774289743500e+15,2.074887346715179326e-01
1.650273774291634000e+15,2.049680995741708922e-01
1.650273774293524750e+15,2.024471311476652435e-01
1.650273774295415250e+15,1.999264960503181754e-01
1.650273774297306000e+15,1.974055276238125267e-01
1.650273774299196500e+15,1.948848925264655141e-01
1.650273774301087250e+15,1.923639240999598654e-01
1.650273774302978000e+15,1.898429556734542167e-01
1.650273774304868500e+15,1.873223205761071486e-01
1.650273774306759250e+15,1.848013521496015277e-01
1.650273774308649750e+15,1.822807170522544595e-01
1.650273774310540500e+15,1.797597486257488109e-01
1.650273774312431000e+15,1.786795044438453661e-01
1.650273774314321750e+15,1.813263142400625694e-01
1.650273774316212250e+15,1.839727740680401624e-01
1.650273774318103000e+15,1.866195838642573934e-01
1.650273774319993750e+15,1.892663936604745967e-01
1.650273774321884250e+15,1.919128534884522175e-01
1.650273774323775000e+15,1.945596632846694485e-01
1.650273774325665500e+15,1.972061231126470138e-01
1.650273774327556250e+15,1.998529329088642448e-01
1.650273774329446750e+15,2.024993927368418378e-01
1.650273774331337500e+15,2.051462025330590688e-01
1.650273774333228250e+15,2.077930123292762998e-01
1.650273774335118750e+15,2.105604812054283625e-01
1.650273774337009500e+15,2.133834587458887377e-01
1.650273774338900000e+15,2.162060630247412130e-01
1.650273774340790750e+15,2.190290405652015604e-01
1.650273774342681250e+15,2.218516448440540634e-01
1.650273774344572000e+15,2.246746223845144663e-01
1.650273774346462500e+15,2.263917065105293669e-01
1.650273774348353250e+15,2.225471809282543456e-01
1.650273774350244000e+15,2.187026553459792688e-01
1.650273774352134500e+15,2.148586380971145848e-01
1.650273774354025250e+15,2.110141125148395358e-01
1.650273774355915750e+15,2.083084081522752762e-01
1.650273774357806500e+15,2.074793152702071042e-01
1.650273774359697000e+15,2.066503320130075871e-01
1.650273774361587750e+15,2.058212391309394151e-01
1.650273774363478500e+15,2.049921462488712154e-01
1.650273774365369000e+15,2.041631629916717261e-01
1.650273774367259750e+15,2.033340701096035263e-01
1.650273774369150250e+15,2.025050868524040371e-01
1.650273774371041000e+15,2.015346611688936251e-01
1.650273774372931500e+15,2.005609381169343453e-01
1.650273774374822250e+15,1.995870862996944883e-01
1.650273774376712750e+15,1.986133632477352084e-01
1.650273774378603500e+15,1.976395114304953238e-01
1.650273774380494250e+15,1.966656596132554391e-01
1.650273774382384750e+15,1.996198559751112545e-01
1.650273774384275500e+15,2.044628936285358689e-01
1.650273774386166000e+15,2.093052909226250646e-01
1.650273774388056750e+15,2.141483285760496791e-01
1.650273774389947250e+15,2.189907258701389581e-01
1.650273774391838000e+15,2.219900942119893417e-01
1.650273774393728750e+15,2.237966181451535030e-01
1.650273774395619250e+15,2.256029032149125257e-01
1.650273774397510000e+15,2.274094271480767149e-01
1.650273774399400500e+15,2.292157122178357376e-01
1.650273774401291250e+15,2.310222361509998990e-01
1.650273774403181750e+15,2.328285212207589217e-01
1.650273774405072500e+15,2.345681888205454202e-01
1.650273774406963000e+15,2.362923212102586989e-01
1.650273774408853750e+15,2.380166815994945173e-01
1.650273774410744500e+15,2.397410419887303634e-01
1.650273774412635000e+15,2.414651743784436144e-01
1.650273774414525750e+15,2.431895347676794328e-01
1.650273774416416250e+15,2.449136671573926838e-01
1.650273774418307000e+15,2.466380275466285299e-01
1.650273774420197500e+15,2.483621599363417809e-01
1.650273774422088250e+15,2.500865203255775993e-01
1.650273774423979000e+15,2.511041016813987392e-01
1.650273774425869500e+15,2.477088250187349794e-01
1.650273774427760250e+15,2.443130993641824678e-01
1.650273774429650750e+15,2.409178227015187357e-01
1.650273774431541500e+15,2.375220970469661963e-01
1.650273774433432000e+15,2.341268203843024087e-01
1.650273774435322750e+15,2.307310947297499526e-01
1.650273774437213250e+15,2.273358180670861650e-01
1.650273774439104000e+15,2.307759526736959943e-01
1.650273774440994750e+15,2.348947053847206257e-01
1.650273774442885250e+15,2.390129135032937335e-01
1.650273774444776000e+15,2.431316662143183926e-01
1.650273774446666500e+15,2.472498743328914728e-01
1.650273774448557250e+15,2.513686270439161041e-01
1.650273774450447750e+15,2.510760835699099580e-01
1.650273774452338500e+15,2.505533287959371691e-01
1.650273774454229250e+15,2.500305740219643802e-01
1.650273774456119750e+15,2.495078883680198478e-01
1.650273774458010500e+15,2.489851335940470589e-01
1.650273774459901000e+15,2.484624479401025265e-01
1.650273774461791750e+15,2.479396931661297099e-01
1.650273774463682250e+15,2.474170075121852053e-01
1.650273774465573000e+15,2.468942527382124164e-01
1.650273774467463500e+15,2.463715670842678840e-01
1.650273774469354250e+15,2.458488123102950951e-01
1.650273774471245000e+15,2.457104066867742964e-01
1.650273774473135500e+15,2.469997212047239099e-01
1.650273774475026250e+15,2.482892062218162721e-01
1.650273774476916750e+15,2.495785207397658856e-01
1.650273774478807500e+15,2.508680057568583033e-01
1.650273774480698000e+15,2.515728492132459082e-01
1.650273774482588750e+15,2.515728492132457417e-01
1.650273774484479500e+15,2.515728492132456307e-01
1.650273774486370000e+15,2.515728492132455196e-01
1.650273774488260750e+15,2.515728492132453531e-01
1.650273774490151250e+15,2.515728492132451866e-01
1.650273774492042000e+15,2.515728492132450755e-01
1.650273774493932500e+15,2.515728492132449645e-01
1.650273774495823250e+15,2.515728492132448535e-01
1.650273774497713750e+15,2.515728492132449090e-01
1.650273774499604500e+15,2.515728492132449090e-01
1.650273774501495250e+15,2.515728492132449090e-01
1.650273774503385750e+15,2.515728492132449090e-01
1.650273774505276500e+15,2.515728492132449090e-01
1.650273774507167000e+15,2.515728492132449645e-01
1.650273774509057750e+15,2.515728492132449645e-01
1.650273774510948250e+15,2.515728492132449645e-01
1.650273774512839000e+15,2.515728492132449645e-01
1.650273774514729750e+15,2.515728492132449645e-01
1.650273774516620250e+15,2.530875708026318893e-01
1.650273774518511000e+15,2.563485555394760529e-01
1.650273774520401500e+15,2.596091091002344364e-01
1.650273774522292250e+15,2.628700938370785445e-01
1.650273774524182750e+15,2.661306473978369280e-01
1.650273774526073500e+15,2.693916321346810916e-01
1.650273774527964000e+15,2.695733101201230331e-01
1.650273774529854750e+15,2.690761386309959979e-01
1.650273774531745500e+15,2.685789671418689073e-01
1.650273774533636000e+15,2.680818613900800562e-01
1.650273774535526750e+15,2.675846899009530211e-01
1.650273774537417250e+15,2.670875841491641700e-01
1.650273774539308000e+15,2.665904126600371349e-01
1.650273774541198500e+15,2.660933069082482838e-01
1.650273774543089250e+15,2.655961354191211932e-01
1.650273774544980000e+15,2.650989639299941025e-01
1.650273774546870500e+15,2.646018581782053070e-01
1.650273774548761250e+15,2.641046866890782163e-01
1.650273774550651750e+15,2.638446955163296082e-01
1.650273774552542500e+15,2.638446955163295526e-01
1.650273774554433000e+15,2.638446955163296082e-01
1.650273774556323750e+15,2.638446955163296082e-01
1.650273774558214250e+15,2.638446955163296082e-01
1.650273774560105000e+15,2.638875593024642141e-01
1.650273774561995750e+15,2.644138236117760665e-01
1.650273774563886250e+15,2.649400183370195228e-01
1.650273774565777000e+15,2.654662826463314307e-01
1.650273774567667500e+15,2.659924773715749424e-01
1.650273774569558250e+15,2.665187416808867948e-01
1.650273774571448750e+15,2.670449364061302511e-01
1.650273774573339500e+15,2.675712007154421590e-01
1.650273774575230250e+15,2.680974650247540114e-01
1.650273774577120750e+15,2.686236597499975232e-01
1.650273774579011500e+15,2.691499240593093756e-01
1.650273774580902000e+15,2.696761187845528873e-01
1.650273774582792750e+15,2.707999929695558694e-01
1.650273774584683250e+15,2.727441751061504549e-01
1.650273774586574000e+15,2.746886143416786830e-01
1.650273774588464500e+15,2.766327964782733240e-01
1.650273774590355250e+15,2.785772357138015520e-01
1.650273774592246000e+15,2.805216749493298911e-01
1.650273774594136500e+15,2.822524649709583500e-01
1.650273774596027250e+15,2.822524649709583500e-01
1.650273774597917750e+15,2.822524649709583500e-01
1.650273774599808500e+15,2.822524649709583500e-01
1.650273774601699000e+15,2.822524649709583500e-01
1.650273774603589750e+15,2.822524649709582945e-01
1.650273774605480500e+15,2.822524649709583500e-01
1.650273774607371000e+15,2.822524649709582945e-01
1.650273774609261750e+15,2.830972810233510772e-01
1.650273774611152250e+15,2.842182669837289843e-01
1.650273774613043000e+15,2.853394011834563537e-01
1.650273774614933500e+15,2.864603871438342608e-01
1.650273774616824250e+15,2.875815213435615747e-01
1.650273774618714750e+15,2.876306945818177252e-01
1.650273774620605500e+15,2.849263829970206663e-01
1.650273774622496250e+15,2.822220714122235519e-01
1.650273774624386750e+15,2.795181173987057455e-01
1.650273774626277500e+15,2.768138058139086310e-01
1.650273774628168000e+15,2.772643685102971212e-01
1.650273774630058750e+15,2.788112347368010280e-01
1.650273774631949250e+15,2.803578964325332268e-01
1.650273774633840000e+15,2.819047626590371891e-01
1.650273774635730750e+15,2.834516288855410959e-01
1.650273774637621250e+15,2.849982905812732947e-01
1.650273774639512000e+15,2.865451568077772015e-01
1.650273774641402500e+15,2.880918185035094559e-01
1.650273774643293250e+15,2.903972194327717471e-01
1.650273774645183750e+15,2.928822157305420171e-01
1.650273774647074500e+15,2.953675406445906981e-01
1.650273774648965000e+15,2.978525369423610236e-01
1.650273774650855750e+15,3.003378618564097602e-01
1.650273774652746500e+15,2.997537286304826631e-01
1.650273774654637000e+15,2.987122523584417877e-01
1.650273774656527750e+15,2.976706383614243778e-01
1.650273774658418250e+15,2.966291620893834469e-01
1.650273774660309000e+15,2.955875480923660925e-01
1.650273774662199500e+15,2.945460718203252171e-01
1.650273774664090250e+15,2.935044578233078072e-01
1.650273774665981000e+15,2.924628438262904528e-01
1.650273774667871500e+15,2.914213675542495774e-01
1.650273774669762250e+15,2.903797535572321675e-01
1.650273774671652750e+15,2.893382772851912366e-01
1.650273774673543500e+15,2.887470439781201215e-01
1.650273774675434000e+15,2.928193496540867913e-01
1.650273774677324750e+15,2.968921938523592097e-01
1.650273774679215250e+15,3.009644995283259350e-01
1.650273774681106000e+15,3.050373437265983534e-01
1.650273774682996750e+15,3.091101879248708828e-01
1.650273774684887250e+15,3.128252271497079517e-01
1.650273774686778000e+15,3.110873053912210917e-01
1.650273774688668500e+15,3.093496134253770347e-01
1.650273774690559250e+15,3.076116916668901746e-01
1.650273774692449750e+15,3.058739997010461731e-01
1.650273774694340500e+15,3.041360779425592575e-01
1.650273774696231250e+15,3.023981561840723420e-01
1.650273774698121750e+15,3.006604642182283960e-01
1.650273774700012500e+15,3.006602344255854820e-01
1.650273774701903000e+15,3.006602344255855930e-01
1.650273774703793750e+15,3.006602344255856485e-01
1.650273774705684250e+15,3.006602344255857040e-01
1.650273774707575000e+15,3.006602344255857595e-01
1.650273774709465500e+15,3.006602344255858705e-01
1.650273774711356250e+15,3.006602344255859260e-01
1.650273774713247000e+15,3.006602344255859816e-01
1.650273774715137500e+15,3.006602344255860926e-01
1.650273774717028250e+15,3.006602344255861481e-01
1.650273774718918750e+15,3.006602344255862036e-01
1.650273774720809500e+15,3.006602344255860926e-01
1.650273774722700000e+15,3.006602344255860371e-01
1.650273774724590750e+15,3.006602344255859816e-01
1.650273774726481500e+15,3.006602344255859260e-01
1.650273774728372000e+15,3.006602344255858705e-01
1.650273774730262750e+15,3.006602344255857595e-01
1.650273774732153250e+15,3.006602344255857040e-01
1.650273774734044000e+15,3.006602344255856485e-01
1.650273774735934500e+15,3.006602344255855375e-01
1.650273774737825250e+15,3.006602344255854820e-01
1.650273774739715750e+15,3.006602344255854264e-01
1.650273774741606500e+15,2.997537575972401003e-01
1.650273774743497250e+15,2.988210114403998530e-01
1.650273774745387750e+15,2.978883886137403403e-01
1.650273774747278500e+15,2.969556424569000930e-01
1.650273774749169000e+15,2.960230196302405803e-01
1.650273774751059750e+15,2.950902734734003885e-01
1.650273774752950250e+15,2.955466976622623809e-01
1.650273774754841000e+15,2.981475413400637153e-01
1.650273774756731750e+15,3.007483850178650497e-01
1.650273774758622250e+15,3.033488848051894005e-01
1.650273774760513000e+15,3.059497284829907349e-01
1.650273774762403500e+15,3.085502282703150301e-01
1.650273774764294250e+15,3.111510719481164200e-01
1.650273774766184750e+15,3.129320807286708472e-01
1.650273774768075500e+15,3.129320807286708472e-01
1.650273774769966000e+15,3.129320807286708472e-01
1.650273774771856750e+15,3.129320807286708472e-01
1.650273774773747500e+15,3.129320807286708472e-01
1.650273774775638000e+15,3.129320807286708472e-01
1.650273774777528750e+15,3.133244693490435662e-01
1.650273774779419250e+15,3.158327049764809713e-01
1.650273774781310000e+15,3.183412722933692818e-01
1.650273774783200500e+15,3.208495079208066869e-01
1.650273774785091250e+15,3.233580752376949974e-01
1.650273774786982000e+15,3.258666425545831968e-01
1.650273774788872500e+15,3.283748781820206575e-01
1.650273774790763250e+15,3.308834454989089124e-01
1.650273774792653750e+15,3.333916811263463176e-01
1.650273774794544500e+15,3.359002484432346280e-01
1.650273774796435000e+15,3.374757733348409672e-01
1.650273774798325750e+15,3.374757733348410227e-01
1.650273774800216500e+15,3.374757733348409672e-01
1.650273774802107000e+15,3.374757733348410227e-01
1.650273774803997750e+15,3.374757733348409672e-01
1.650273774805888250e+15,3.374757733348409672e-01
1.650273774807779000e+15,3.374757733348410227e-01
1.650273774809669500e+15,3.372365982431424491e-01
1.650273774811560250e+15,3.361738008174574022e-01
1.650273774813450750e+15,3.351111439176781004e-01
1.650273774815341500e+15,3.340483464919929424e-01
1.650273774817232250e+15,3.329855490663078399e-01
1.650273774819122750e+15,3.319228921665285381e-01
1.650273774821013500e+15,3.321465369377413213e-01
1.650273774822904000e+15,3.339333457359531243e-01
1.650273774824794750e+15,3.357203908220249833e-01
1.650273774826685250e+15,3.375071996202367863e-01
1.650273774828576000e+15,3.392942447063087008e-01
1.650273774830466750e+15,3.410812897923805598e-01
1.650273774832357250e+15,3.428680985905923628e-01
1.650273774834248000e+15,3.424805500165009620e-01
1.650273774836138500e+15,3.405435641457465468e-01
1.650273774838029250e+15,3.386063221276936486e-01
1.650273774839919750e+15,3.366693362569391779e-01
1.650273774841810500e+15,3.347320942388863352e-01
1.650273774843701000e+15,3.327951083681319200e-01
1.650273774845591750e+15,3.308578663500790773e-01
1.650273774847482500e+15,3.289206243320261791e-01
1.650273774849373000e+15,3.269836384612717084e-01
1.650273774851263750e+15,3.253639267238563337e-01
1.650273774853154250e+15,3.273312725314443949e-01
1.650273774855045000e+15,3.292988785011334851e-01
1.650273774856935500e+15,3.312662243087215463e-01
1.650273774858826250e+15,3.332338302784105810e-01
1.650273774860717000e+15,3.352014362480996157e-01
1.650273774862607500e+15,3.371687820556876769e-01
1.650273774864498250e+15,3.391363880253767116e-01
1.650273774866388750e+15,3.411037338329647728e-01
1.650273774868279500e+15,3.430713398026538630e-01
1.650273774870170000e+15,3.450386856102419797e-01
1.650273774872060750e+15,3.470062915799310144e-01
1.650273774873951250e+15,3.489736373875190756e-01
1.650273774875842000e+15,3.497476196379257773e-01
1.650273774877732750e+15,3.497476196379258884e-01
1.650273774879623250e+15,3.497476196379259994e-01
1.650273774881514000e+15,3.497476196379261104e-01
1.650273774883404500e+15,3.497476196379262214e-01
1.650273774885295250e+15,3.497476196379263325e-01
1.650273774887185750e+15,3.497476196379264990e-01
1.650273774889076500e+15,3.492441910571114083e-01
1.650273774890967250e+15,3.478656862212298195e-01
1.650273774892857750e+15,3.464873636549285485e-01
1.650273774894748500e+15,3.451088588190469597e-01
1.650273774896639000e+15,3.437305362527456332e-01
1.650273774898529750e+15,3.423520314168640999e-01
1.650273774900420250e+15,3.409737088505627733e-01
1.650273774902311000e+15,3.395952040146811846e-01
1.650273774904201500e+15,3.382168814483799135e-01
1.650273774906092250e+15,3.379649740840303673e-01
1.650273774907983000e+15,3.390229738741702414e-01
1.650273774909873500e+15,3.400808337727604380e-01
1.650273774911764250e+15,3.411388335629003121e-01
1.650273774913654750e+15,3.421966934614905087e-01
1.650273774915545500e+15,3.432546932516303273e-01
1.650273774917436000e+15,3.443125531502205239e-01
1.650273774919326750e+15,3.453705529403604535e-01
1.650273774921217500e+15,3.464285527305002721e-01
1.650273774923108000e+15,3.474864126290904687e-01
1.650273774924998750e+15,3.485444124192303428e-01
1.650273774926889250e+15,3.496022723178205394e-01
1.650273774928780000e+15,3.497476196379258329e-01
1.650273774930670500e+15,3.497476196379259439e-01
1.650273774932561250e+15,3.497476196379261104e-01
1.650273774934451750e+15,3.497476196379262214e-01
1.650273774936342500e+15,3.497476196379264435e-01
1.650273774938233250e+15,3.497476196379264990e-01
1.650273774940123750e+15,3.497476196379264435e-01
1.650273774942014500e+15,3.497476196379263325e-01
1.650273774943905000e+15,3.497476196379261659e-01
1.650273774945795750e+15,3.497476196379260549e-01
1.650273774947686250e+15,3.497476196379258884e-01
1.650273774949577000e+15,3.497476196379257218e-01
1.650273774951467750e+15,3.505011592180600211e-01
1.650273774953358250e+15,3.527244390873444657e-01
1.650273774955249000e+15,3.549480129634881020e-01
1.650273774957139500e+15,3.571712928327726022e-01
1.650273774959030250e+15,3.593948667089162385e-01
1.650273774960920750e+15,3.616181465782006832e-01
1.650273774962811500e+15,3.615793801734072943e-01
1.650273774964702000e+15,3.610424442949592971e-01
1.650273774966592750e+15,3.605054374120311711e-01
1.650273774968483500e+15,3.599684305291031006e-01
1.650273774970374000e+15,3.594314946506551034e-01
1.650273774972264750e+15,3.588944877677269774e-01
1.650273774974155250e+15,3.583575518892789802e-01
1.650273774976046000e+15,3.578205450063508541e-01
1.650273774977936500e+15,3.572836091279028570e-01
1.650273774979827250e+15,3.567466022449747864e-01
1.650273774981718000e+15,3.562095953620466604e-01
1.650273774983608500e+15,3.564421176727931018e-01
1.650273774985499250e+15,3.578645088655814099e-01
1.650273774987389750e+15,3.592867119860185254e-01
1.650273774989280500e+15,3.607091031788068891e-01
1.650273774991171000e+15,3.621313062992439491e-01
1.650273774993061750e+15,3.635536974920322573e-01
1.650273774994952250e+15,3.649759006124693173e-01
1.650273774996843000e+15,3.663982918052576809e-01
1.650273774998733750e+15,3.678206829980460446e-01
1.650273775000624250e+15,3.692428861184830491e-01
1.650273775002515000e+15,3.706652773112714128e-01
1.650273775004405500e+15,3.720874804317085283e-01
1.650273775006296250e+15,3.735098716244967809e-01
1.650273775008186750e+15,3.742913122440968965e-01
1.650273775010077500e+15,3.742913122440968965e-01
1.650273775011968250e+15,3.742913122440968410e-01
1.650273775013858750e+15,3.742913122440968410e-01
1.650273775015749500e+15,3.742913122440967855e-01
1.650273775017640000e+15,3.742913122440967300e-01
1.650273775019530750e+15,3.742913122440967300e-01
1.650273775021421250e+15,3.742913122440967300e-01
1.650273775023312000e+15,3.742913122440967300e-01
1.650273775025202500e+15,3.742913122440967300e-01
1.650273775027093250e+15,3.742913122440967300e-01
1.650273775028984000e+15,3.742913122440967300e-01
1.650273775030874500e+15,3.742913122440967300e-01
1.650273775032765250e+15,3.742913122440967300e-01
1.650273775034655750e+15,3.742913122440967300e-01
1.650273775036546500e+15,3.742913122440966744e-01
1.650273775038437000e+15,3.742913122440967300e-01
1.650273775040327750e+15,3.742913122440967300e-01
1.650273775042218500e+15,3.742913122440966744e-01
1.650273775044109000e+15,3.742913122440967855e-01
1.650273775045999750e+15,3.742913122440967300e-01
1.650273775047890250e+15,3.742913122440967300e-01
1.650273775049781000e+15,3.742913122440967300e-01
1.650273775051671500e+15,3.742913122440967855e-01
1.650273775053562250e+15,3.742913122440967300e-01
1.650273775055452750e+15,3.737219092236563900e-01
1.650273775057343500e+15,3.717086343084669564e-01
1.650273775059234250e+15,3.696953593932774673e-01
1.650273775061124750e+15,3.676823506786585094e-01
1.650273775063015500e+15,3.656690757634691313e-01
1.650273775064906000e+15,3.636560670488502289e-01
1.650273775066796750e+15,3.626101007205646543e-01
1.650273775068687250e+15,3.657665531608343401e-01
1.650273775070578000e+15,3.689234230108422441e-01
1.650273775072468750e+15,3.720802928608500926e-01
1.650273775074359250e+15,3.752367453011197229e-01
1.650273775076250000e+15,3.783936151511276269e-01
1.650273775078140500e+15,3.806357557008291925e-01
1.650273775080031250e+15,3.812220155774667107e-01
1.650273775081921750e+15,3.818081979372621726e-01
1.650273775083812500e+15,3.823944578138996353e-01
1.650273775085703000e+15,3.829806401736950416e-01
1.650273775087593750e+15,3.835669000503325599e-01
1.650273775089484500e+15,3.841531599269700781e-01
1.650273775091375000e+15,3.847393422867654844e-01
1.650273775093265750e+15,3.853256021634030026e-01
1.650273775095156250e+15,3.859117845231984090e-01
1.650273775097047000e+15,3.864980443998359272e-01
1.650273775098937500e+15,3.856782860803346646e-01
1.650273775100828250e+15,3.846827058264276622e-01
1.650273775102719000e+15,3.836871255725206042e-01
1.650273775104609500e+15,3.826916769568858290e-01
1.650273775106500250e+15,3.816960967029787710e-01
1.650273775108390750e+15,3.807006480873440513e-01
1.650273775110281500e+15,3.804272353956390518e-01
1.650273775112172000e+15,3.804272353956390518e-01
1.650273775114062750e+15,3.804272353956390518e-01
1.650273775115953250e+15,3.804272353956390518e-01
1.650273775117844000e+15,3.804272353956390518e-01
1.650273775119734750e+15,3.804272353956390518e-01
1.650273775121625250e+15,3.804272353956390518e-01
1.650273775123516000e+15,3.804272353956390518e-01
1.650273775125406500e+15,3.804272353956390518e-01
1.650273775127297250e+15,3.804272353956390518e-01
1.650273775129187750e+15,3.804272353956390518e-01
1.650273775131078500e+15,3.804272353956391073e-01
1.650273775132969250e+15,3.804272353956390518e-01
1.650273775134859750e+15,3.804272353956390518e-01
1.650273775136750500e+15,3.804272353956390518e-01
1.650273775138641000e+15,3.804272353956390518e-01
1.650273775140531750e+15,3.804272353956390518e-01
1.650273775142422250e+15,3.804272353956390518e-01
1.650273775144313000e+15,3.807896119168601712e-01
1.650273775146203500e+15,3.817955925532309780e-01
1.650273775148094250e+15,3.828017062206301446e-01
1.650273775149985000e+15,3.838078198880292558e-01
1.650273775151875500e+15,3.848138005244000626e-01
1.650273775153766250e+15,3.858199141917991737e-01
1.650273775155656750e+15,3.868258948281699805e-01
1.650273775157547500e+15,3.878320084955690916e-01
1.650273775159438000e+15,3.888379891319399539e-01
1.650273775161328750e+15,3.898441027993390651e-01
1.650273775163219500e+15,3.908502164667381762e-01
1.650273775165110000e+15,3.918561971031089830e-01
1.650273775167000750e+15,3.926990816987245836e-01
1.650273775168891250e+15,3.926990816987245836e-01
1.650273775170782000e+15,3.926990816987245836e-01
1.650273775172672500e+15,3.926990816987245836e-01
1.650273775174563250e+15,3.926990816987245836e-01
1.650273775176453750e+15,3.926990816987245836e-01
1.650273775178344500e+15,3.926990816987245836e-01
1.650273775180235250e+15,3.926990816987245836e-01
1.650273775182125750e+15,3.926990816987245836e-01
1.650273775184016500e+15,3.926990816987245836e-01
1.650273775185907000e+15,3.926990816987245836e-01
1.650273775187797750e+15,3.926990816987245836e-01
1.650273775189688250e+15,3.926990816987245836e-01
1.650273775191579000e+15,3.940977917780748019e-01
1.650273775193469750e+15,3.961687479899240749e-01
1.650273775195360250e+15,3.982394303744279940e-01
1.650273775197251000e+15,4.003103865862772670e-01
1.650273775199141500e+15,4.023810689707812416e-01
1.650273775201032250e+15,4.044520251826305146e-01
1.650273775202922750e+15,4.049709280018097823e-01
1.650273775204813500e+15,4.049709280018097823e-01
1.650273775206704000e+15,4.049709280018096713e-01
1.650273775208594750e+15,4.049709280018096713e-01
1.650273775210485500e+15,4.049709280018095603e-01
1.650273775212376000e+15,4.049709280018095048e-01
1.650273775214266750e+15,4.049709280018094493e-01
1.650273775216157250e+15,4.049709280018093382e-01
1.650273775218048000e+15,4.049709280018093382e-01
1.650273775219938500e+15,4.049709280018092272e-01
1.650273775221829250e+15,4.049709280018092272e-01
1.650273775223720000e+15,4.049709280018091717e-01
1.650273775225610500e+15,4.049709280018092272e-01
1.650273775227501250e+15,4.049709280018092272e-01
1.650273775229391750e+15,4.049709280018092272e-01
1.650273775231282500e+15,4.049709280018092272e-01
1.650273775233173000e+15,4.049709280018092827e-01
1.650273775235063750e+15,4.049709280018092827e-01
1.650273775236954250e+15,4.049709280018092272e-01
1.650273775238845000e+15,4.049709280018092272e-01
1.650273775240735750e+15,4.049709280018092827e-01
1.650273775242626250e+15,4.049709280018092827e-01
1.650273775244517000e+15,4.049709280018092272e-01
1.650273775246407500e+15,4.049709280018092827e-01
1.650273775248298250e+15,4.049709280018092272e-01
1.650273775250188750e+15,4.049709280018092827e-01
1.650273775252079500e+15,4.049709280018092827e-01
1.650273775253970250e+15,4.049709280018093382e-01
1.650273775255860750e+15,4.049709280018093382e-01
1.650273775257751500e+15,4.049709280018093938e-01
1.650273775259642000e+15,4.049709280018093382e-01
1.650273775261532750e+15,4.049709280018093382e-01
1.650273775263423250e+15,4.049709280018093938e-01
1.650273775265314000e+15,4.049709280018093938e-01
1.650273775267204500e+15,4.049581585887204738e-01
1.650273775269095250e+15,4.032930711543782909e-01
1.650273775270986000e+15,4.016279837200359415e-01
1.650273775272876500e+15,3.999631164479883760e-01
1.650273775274767250e+15,3.982980290136460821e-01
1.650273775276657750e+15,3.966331617415984612e-01
1.650273775278548500e+15,3.949680743072562228e-01
1.650273775280439000e+15,3.933032070352086018e-01
1.650273775282329750e+15,3.943682643157990220e-01
1.650273775284220500e+15,3.969879007824810846e-01
1.650273775286111000e+15,3.996071908738534351e-01
1.650273775288001750e+15,4.022268273405354422e-01
1.650273775289892250e+15,4.048461174319077926e-01
1.650273775291783000e+15,4.074657538985898553e-01
1.650273775293673500e+15,4.100850439899622057e-01
1.650273775295564250e+15,4.119362291859951508e-01
1.650273775297454750e+15,4.132958122518637367e-01
1.650273775299345500e+15,4.146555751091983155e-01
1.650273775301236250e+15,4.160153379665329498e-01
1.650273775303126750e+15,4.171513326277571654e-01
1.650273775305017500e+15,4.162104164315868493e-01
1.650273775306908000e+15,4.152696246458617568e-01
1.650273775308798750e+15,4.143287084496914963e-01
1.650273775310689250e+15,4.133879166639663483e-01
1.650273775312580000e+15,4.124470004677961432e-01
1.650273775314470750e+15,4.115060842716258827e-01
1.650273775316361250e+15,4.117059645506566667e-01
1.650273775318252000e+15,4.127468776275737827e-01
1.650273775320142500e+15,4.137876530721918966e-01
1.650273775322033250e+15,4.148285661491090126e-01
1.650273775323923750e+15,4.158693415937271820e-01
1.650273775325814500e+15,4.169102546706442425e-01
1.650273775327705000e+15,4.179510301152624674e-01
1.650273775329595750e+15,4.189919431921794724e-01
1.650273775331486500e+15,4.200328562690966439e-01
1.650273775333377000e+15,4.210736317137148133e-01
1.650273775335267750e+15,4.221145447906319292e-01
1.650273775337158250e+15,4.231553202352500431e-01
1.650273775339049000e+15,4.233786974564369698e-01
1.650273775340939500e+15,4.233786974564370253e-01
1.650273775342830250e+15,4.233786974564370809e-01
1.650273775344721000e+15,4.233786974564369698e-01
1.650273775346611500e+15,4.233786974564370253e-01
1.650273775348502250e+15,4.233786974564370253e-01
1.650273775350392750e+15,4.233786974564370253e-01
1.650273775352283500e+15,4.233786974564370253e-01
1.650273775354174000e+15,4.233786974564369698e-01
1.650273775356064750e+15,4.233786974564370253e-01
1.650273775357955250e+15,4.233786974564370253e-01
1.650273775359846000e+15,4.233786974564369698e-01
1.650273775361736750e+15,4.233786974564369698e-01
1.650273775363627250e+15,4.233786974564369698e-01
1.650273775365518000e+15,4.233786974564369698e-01
1.650273775367408500e+15,4.233786974564370253e-01
1.650273775369299250e+15,4.233786974564369143e-01
1.650273775371189750e+15,4.233786974564369698e-01
1.650273775373080500e+15,4.233786974564369143e-01
1.650273775374971250e+15,4.233786974564369698e-01
1.650273775376861750e+15,4.233786974564369698e-01
1.650273775378752500e+15,4.233786974564370253e-01
1.650273775380643000e+15,4.233786974564369698e-01
1.650273775382533750e+15,4.233786974564369698e-01
1.650273775384424250e+15,4.233786974564370809e-01
1.650273775386315000e+15,4.233786974564370809e-01
1.650273775388205500e+15,4.233786974564370809e-01
1.650273775390096250e+15,4.233786974564370809e-01
1.650273775391987000e+15,4.233786974564370253e-01
1.650273775393877500e+15,4.233786974564371364e-01
1.650273775395768250e+15,4.233786974564371919e-01
1.650273775397658750e+15,4.233786974564371919e-01
1.650273775399549500e+15,4.233786974564371919e-01
1.650273775401440000e+15,4.233786974564371919e-01
1.650273775403330750e+15,4.233786974564372474e-01
1.650273775405221500e+15,4.233786974564373029e-01
1.650273775407112000e+15,4.239029287339420304e-01
1.650273775409002750e+15,4.246170427742460007e-01
1.650273775410893250e+15,4.253310623924899114e-01
1.650273775412784000e+15,4.260451764327938262e-01
1.650273775414674500e+15,4.267591960510377369e-01
1.650273775416565250e+15,4.274733100913417072e-01
1.650273775418455750e+15,4.281873297095855624e-01
1.650273775420346500e+15,4.289014437498895327e-01
1.650273775422237250e+15,4.295146206079794027e-01
1.650273775424127750e+15,4.295146206079793472e-01
1.650273775426018500e+15,4.295146206079794027e-01
1.650273775427909000e+15,4.295146206079794027e-01
1.650273775429799750e+15,4.295146206079794027e-01
1.650273775431690250e+15,4.295146206079794027e-01
1.650273775433581000e+15,4.295146206079794027e-01
1.650273775435471750e+15,4.295146206079794027e-01
1.650273775437362250e+15,4.286691181609283419e-01
1.650273775439253000e+15,4.274921376700305808e-01
1.650273775441143500e+15,4.263153128026275773e-01
1.650273775443034250e+15,4.251383323117298163e-01
1.650273775444924750e+15,4.239615074443268128e-01
1.650273775446815500e+15,4.233786974564369143e-01
1.650273775448706000e+15,4.233786974564369698e-01
1.650273775450596750e+15,4.233786974564370809e-01
1.650273775452487500e+15,4.233786974564371364e-01
1.650273775454378000e+15,4.233786974564371919e-01
1.650273775456268750e+15,4.233786974564372474e-01
1.650273775458159250e+15,4.233786974564373029e-01
1.650273775460050000e+15,4.236552580908138355e-01
1.650273775461940500e+15,4.246607155509846132e-01
1.650273775463831250e+15,4.256663059729989262e-01
1.650273775465722000e+15,4.266718963950130727e-01
1.650273775467612500e+15,4.276773538551839060e-01
1.650273775469503250e+15,4.286829442771981635e-01
1.650273775471393750e+15,4.293455723036145866e-01
1.650273775473284500e+15,4.283673685347462179e-01
1.650273775475175000e+15,4.273892941065850493e-01
1.650273775477065750e+15,4.264110903377167361e-01
1.650273775478956250e+15,4.254330159095555119e-01
1.650273775480847000e+15,4.244548121406871433e-01
1.650273775482737750e+15,4.234766083718187191e-01
1.650273775484628250e+15,4.239288576367657435e-01
1.650273775486519000e+15,4.245402994360057414e-01
1.650273775488409500e+15,4.251516603887827705e-01
1.650273775490300250e+15,4.257631021880227129e-01
1.650273775492190750e+15,4.263744631407997976e-01
1.650273775494081500e+15,4.269859049400397399e-01
1.650273775495972250e+15,4.275973467392797378e-01
1.650273775497862750e+15,4.282087076920566560e-01
1.650273775499753500e+15,4.288201494912967093e-01
1.650273775501644000e+15,4.294315104440736830e-01
1.650273775503534750e+15,4.312059593035814098e-01
1.650273775505425250e+15,4.331630982808028496e-01
1.650273775507316000e+15,4.351204960703725644e-01
1.650273775509206500e+15,4.370776350475940042e-01
1.650273775511097250e+15,4.390350328371637190e-01
1.650273775512988000e+15,4.409924306267334337e-01
1.650273775514878500e+15,4.422856493629663266e-01
1.650273775516769250e+15,4.431257287763464281e-01
1.650273775518659750e+15,4.439656971121893614e-01
1.650273775520550500e+15,4.448057765255693519e-01
1.650273775522441000e+15,4.456457448614122852e-01
1.650273775524331750e+15,4.464858242747922756e-01
1.650273775526222500e+15,4.473259036881723771e-01
1.650273775528113000e+15,4.482725760537596416e-01
1.650273775530003750e+15,4.494808135770650415e-01
1.650273775531894250e+15,4.506888913439877076e-01
1.650273775533785000e+15,4.518971288672931630e-01
1.650273775535675500e+15,4.531052066342157181e-01
1.650273775537566250e+15,4.536947743362925722e-01
1.650273775539456750e+15,4.519733710837217089e-01
1.650273775541347500e+15,4.502517401925297813e-01
1.650273775543238250e+15,4.485301093013378537e-01
1.650273775545128750e+15,4.468087060487669904e-01
1.650273775547019500e+15,4.450870751575750628e-01
1.650273775548910000e+15,4.433656719050041994e-01
1.650273775550800750e+15,4.416440410138122719e-01
1.650273775552691250e+15,4.399226377612414085e-01
1.650273775554582000e+15,4.382010068700494809e-01
1.650273775556472750e+15,4.364793759788574978e-01
1.650273775558363250e+15,4.365212355182515047e-01
1.650273775560254000e+15,4.382006646871540179e-01
1.650273775562144500e+15,4.398798717974595762e-01
1.650273775564035250e+15,4.415593009663620894e-01
1.650273775565925750e+15,4.432385080766676477e-01
1.650273775567816500e+15,4.449179372455701609e-01
1.650273775569707000e+15,4.465971443558757192e-01
1.650273775571597750e+15,4.479223900626073118e-01
1.650273775573488500e+15,4.479223900626073118e-01
1.650273775575379000e+15,4.479223900626073118e-01
1.650273775577269750e+15,4.479223900626072563e-01
1.650273775579160250e+15,4.479223900626073118e-01
1.650273775581051000e+15,4.479223900626073118e-01
1.650273775582941500e+15,4.479223900626073118e-01
1.650273775584832250e+15,4.488621931374762730e-01
1.650273775586723000e+15,4.498168916808253925e-01
1.650273775588613500e+15,4.507714639913907861e-01
1.650273775590504250e+15,4.517261625347399612e-01
1.650273775592394750e+15,4.526807348453052993e-01
1.650273775594285500e+15,4.536354333886544188e-01
1.650273775596176000e+15,4.537202820810233850e-01
1.650273775598066750e+15,4.531133187714713184e-01
1.650273775599957250e+15,4.525064357162243422e-01
1.650273775601848000e+15,4.518994724066721647e-01
1.650273775603738750e+15,4.512925090971201536e-01
1.650273775605629250e+15,4.506856260418731219e-01
1.650273775607520000e+15,4.500786627323211109e-01
1.650273775609410500e+15,4.494717796770740792e-01
1.650273775611301250e+15,4.488648163675219571e-01
1.650273775613191750e+15,4.482579333122750365e-01
1.650273775615082500e+15,4.483528159337288876e-01
1.650273775616973250e+15,4.493153561061987156e-01
1.650273775618863750e+15,4.502777690090437046e-01
1.650273775620754500e+15,4.512403091815135880e-01
1.650273775622645000e+15,4.522027220843585216e-01
1.650273775624535750e+15,4.531652622568284050e-01
1.650273775626426250e+15,4.540967314637429086e-01
1.650273775628317000e+15,4.546298639805748110e-01
1.650273775630207500e+15,4.551629260052055814e-01
1.650273775632098250e+15,4.556960585220373727e-01
1.650273775633989000e+15,4.562291910388692751e-01
1.650273775635879500e+15,4.567622530635000455e-01
1.650273775637770250e+15,4.572953855803318923e-01
1.650273775639660750e+15,4.578284476049626628e-01
1.650273775641551500e+15,4.583615801217945096e-01
1.650273775643442000e+15,4.588946421464252245e-01
1.650273775645332750e+15,4.594277746632571269e-01
1.650273775647223500e+15,4.599609071800889737e-01
1.650273775649114000e+15,4.605156519429888240e-01
1.650273775651004750e+15,4.610873513811586388e-01
1.650273775652895250e+15,4.616589752277063807e-01
1.650273775654786000e+15,4.622306746658761956e-01
1.650273775656676500e+15,4.628022985124239375e-01
1.650273775658567250e+15,4.633739979505937523e-01
1.650273775660457750e+15,4.639456217971414942e-01
1.650273775662348500e+15,4.645173212353114200e-01
1.650273775664239250e+15,4.650890206734811794e-01
1.650273775666129750e+15,4.656606445200289213e-01
1.650273775668020500e+15,4.662323439581987916e-01
1.650273775669911000e+15,4.663301595172351099e-01
1.650273775671801750e+15,4.663301595172351099e-01
1.650273775673692250e+15,4.663301595172351099e-01
1.650273775675583000e+15,4.663301595172351099e-01
1.650273775677473750e+15,4.663301595172351099e-01
1.650273775679364250e+15,4.663301595172351099e-01
1.650273775681255000e+15,4.663301595172351099e-01
1.650273775683145500e+15,4.663301595172351099e-01
1.650273775685036250e+15,4.663301595172350544e-01
1.650273775686926750e+15,4.663301595172351099e-01
1.650273775688817500e+15,4.663301595172351099e-01
1.650273775690708000e+15,4.663301595172351099e-01
1.650273775692598750e+15,4.663301595172351099e-01
1.650273775694489500e+15,4.663301595172351099e-01
1.650273775696380000e+15,4.663301595172351099e-01
1.650273775698270750e+15,4.663301595172350544e-01
1.650273775700161250e+15,4.663301595172350544e-01
1.650273775702052000e+15,4.663301595172351099e-01
1.650273775703942500e+15,4.663301595172351099e-01
1.650273775705833250e+15,4.667794625677217368e-01
1.650273775707724000e+15,4.692984239990264372e-01
1.650273775709614500e+15,4.718170523665428107e-01
1.650273775711505250e+15,4.743360137978475111e-01
1.650273775713395750e+15,4.768546421653638845e-01
1.650273775715286500e+15,4.793736035966685849e-01
1.650273775717177000e+15,4.818922319641849583e-01
1.650273775719067750e+15,4.844111933954896587e-01
1.650273775720958250e+15,4.820468517819546106e-01
1.650273775722849000e+15,4.789542189317380627e-01
1.650273775724739750e+15,4.758615860815215148e-01
1.650273775726630250e+15,4.727693621474559627e-01
1.650273775728521000e+15,4.696767292972394148e-01
1.650273775730411500e+15,4.665845053631739181e-01
1.650273775732302250e+15,4.725156904905392086e-01
1.650273775734192750e+15,4.792546308766688079e-01
1.650273775736083500e+15,4.859944624212730879e-01
1.650273775737974250e+15,4.927342939658774235e-01
1.650273775739864750e+15,4.994732343520070228e-01
1.650273775741755500e+15,5.022593526363434702e-01
1.650273775743646000e+15,5.003120699910538205e-01
1.650273775745536750e+15,4.983645298368186705e-01
1.650273775747427250e+15,4.964172471915289653e-01
1.650273775749318000e+15,4.944697070372938152e-01
1.650273775751208500e+15,4.925224243920041656e-01
1.650273775753099250e+15,4.905934755971559924e-01
1.650273775754990000e+15,4.887670434972222200e-01
1.650273775756880500e+15,4.869408528930043722e-01
1.650273775758771250e+15,4.851144207930705998e-01
1.650273775760661750e+15,4.832882301888527521e-01
1.650273775762552500e+15,4.814617980889189242e-01
1.650273775764443000e+15,4.796356074847011319e-01
1.650273775766333750e+15,4.800693889574492723e-01
1.650273775768224500e+15,4.834497784384454988e-01
1.650273775770115000e+15,4.868297209553426597e-01
1.650273775772005750e+15,4.902101104363389972e-01
1.650273775773896250e+15,4.935900529532361025e-01
1.650273775775787000e+15,4.969704424342323290e-01
1.650273775777677500e+15,4.975992037058073469e-01
1.650273775779568250e+15,4.981956510195073573e-01
1.650273775781458750e+15,4.987920194693551967e-01
1.650273775783349500e+15,4.993884667830552071e-01
1.650273775785240250e+15,4.999849140967551619e-01
1.650273775787130750e+15,5.005812825466030569e-01
1.650273775789021500e+15,5.011777298603030673e-01
1.650273775790912000e+15,5.017740983101509622e-01
1.650273775792802750e+15,5.023705456238509726e-01
1.650273775794693250e+15,5.029669140736987565e-01
1.650273775796584000e+15,5.031456984264897070e-01
1.650273775798474750e+15,5.031456984264897070e-01
1.650273775800365250e+15,5.031456984264897070e-01
1.650273775802256000e+15,5.031456984264897070e-01
1.650273775804146500e+15,5.031456984264897070e-01
1.650273775806037250e+15,5.031456984264897070e-01
1.650273775807927750e+15,5.031456984264897070e-01
1.650273775809818500e+15,5.031456984264897070e-01
1.650273775811709000e+15,5.031456984264897070e-01
1.650273775813599750e+15,5.031456984264897070e-01
1.650273775815490500e+15,5.031456984264897070e-01
1.650273775817381000e+15,5.031456984264897070e-01
1.650273775819271750e+15,5.031456984264897070e-01
1.650273775821162250e+15,5.031456984264897070e-01
1.650273775823053000e+15,5.031456984264897070e-01
1.650273775824943500e+15,5.031456984264897070e-01
1.650273775826834250e+15,5.031456984264897070e-01
1.650273775828725000e+15,5.031456984264897070e-01
1.650273775830615500e+15,5.031456984264897070e-01
1.650273775832506250e+15,5.036894978584459670e-01
1.650273775834396750e+15,5.047329414779468948e-01
1.650273775836287500e+15,5.057765230825865821e-01
1.650273775838178000e+15,5.068199667020875099e-01
1.650273775840068750e+15,5.078635483067273082e-01
1.650273775841959500e+15,5.089071299113669955e-01
1.650273775843850000e+15,5.099505735308679233e-01
1.650273775845740750e+15,5.109941551355076106e-01
1.650273775847631250e+15,5.120375987550085384e-01
1.650273775849522000e+15,5.130811803596482257e-01
1.650273775851412500e+15,5.141246239791491535e-01
1.650273775853303250e+15,5.151682055837888408e-01
1.650273775855193750e+15,5.154175447295753498e-01
1.650273775857084500e+15,5.154175447295753498e-01
1.650273775858975250e+15,5.154175447295753498e-01
1.650273775860865750e+15,5.154175447295753498e-01
1.650273775862756500e+15,5.154175447295753498e-01
1.650273775864647000e+15,5.154175447295752388e-01
1.650273775866537750e+15,5.154175447295752388e-01
1.650273775868428250e+15,5.154175447295752388e-01
1.650273775870319000e+15,5.154175447295752388e-01
1.650273775872209750e+15,5.154175447295752388e-01
1.650273775874100250e+15,5.154175447295752388e-01
1.650273775875991000e+15,5.154175447295752388e-01
1.650273775877881500e+15,5.154175447295753498e-01
1.650273775879772250e+15,5.154175447295753498e-01
1.650273775881662750e+15,5.154175447295753498e-01
1.650273775883553500e+15,5.154175447295753498e-01
1.650273775885444000e+15,5.154175447295754608e-01
1.650273775887334750e+15,5.154175447295754608e-01
1.650273775889225500e+15,5.159056295257209435e-01
1.650273775891116000e+15,5.164447614609315451e-01
1.650273775893006750e+15,5.169839646910291409e-01
1.650273775894897250e+15,5.175230966262397425e-01
1.650273775896788000e+15,5.180622998563373383e-01
1.650273775898678500e+15,5.186014317915480509e-01
1.650273775900569250e+15,5.191406350216456467e-01
1.650273775902460000e+15,5.196798382517431314e-01
1.650273775904350500e+15,5.202189701869538441e-01
1.650273775906241250e+15,5.207581734170514398e-01
1.650273775908131750e+15,5.212973053522620415e-01
1.650273775910022500e+15,5.209826910192311145e-01
1.650273775911913000e+15,5.198954833039689527e-01
1.650273775913803750e+15,5.188081318161972266e-01
1.650273775915694250e+15,5.177209241009348428e-01
1.650273775917585000e+15,5.166335726131632278e-01
1.650273775919475750e+15,5.155462211253916127e-01
1.650273775921366250e+15,5.144590134101293399e-01
1.650273775923257000e+15,5.133716619223577249e-01
1.650273775925147500e+15,5.122844542070954521e-01
1.650273775927038250e+15,5.111971027193238371e-01
1.650273775928928750e+15,5.101098950040614532e-01
1.650273775930819500e+15,5.094719695590117503e-01
1.650273775932710250e+15,5.102708606689675408e-01
1.650273775934600750e+15,5.110696461474133478e-01
1.650273775936491500e+15,5.118685372573692494e-01
1.650273775938382000e+15,5.126673227358150564e-01
1.650273775940272750e+15,5.134662138457708469e-01
1.650273775942163250e+15,5.142649993242167650e-01
1.650273775944054000e+15,5.150638904341725555e-01
1.650273775945944500e+15,5.181225117931386182e-01
1.650273775947835250e+15,5.229772023251101354e-01
1.650273775949726000e+15,5.278318928570817636e-01
1.650273775951616500e+15,5.326859414889431044e-01
1.650273775953507250e+15,5.375406320209147326e-01
1.650273775955397750e+15,5.399612373357454143e-01
1.650273775957288500e+15,5.399612373357454143e-01
1.650273775959179000e+15,5.399612373357454143e-01
1.650273775961069750e+15,5.399612373357454143e-01
1.650273775962960500e+15,5.399612373357454143e-01
1.650273775964851000e+15,5.399612373357454143e-01
1.650273775966741750e+15,5.399612373357454143e-01
1.650273775968632250e+15,5.399612373357454143e-01
1.650273775970523000e+15,5.399612373357454143e-01
1.650273775972413500e+15,5.399612373357455253e-01
1.650273775974304250e+15,5.399612373357455253e-01
1.650273775976194750e+15,5.399612373357455253e-01
1.650273775978085500e+15,5.399612373357455253e-01
1.650273775979976250e+15,5.399612373357455253e-01
1.650273775981866750e+15,5.399612373357456363e-01
1.650273775983757500e+15,5.399612373357456363e-01
1.650273775985648000e+15,5.399612373357456363e-01
1.650273775987538750e+15,5.399612373357456363e-01
1.650273775989429250e+15,5.399612373357456363e-01
1.650273775991320000e+15,5.399612373357456363e-01
1.650273775993210750e+15,5.399612373357456363e-01
1.650273775995101250e+15,5.399612373357456363e-01
1.650273775996992000e+15,5.399612373357456363e-01
1.650273775998882500e+15,5.399612373357456363e-01
1.650273776000773250e+15,5.399612373357456363e-01
1.650273776002663750e+15,5.399612373357456363e-01
1.650273776004554500e+15,5.399612373357456363e-01
1.650273776006445000e+15,5.399612373357456363e-01
1.650273776008335750e+15,5.399612373357456363e-01
1.650273776010226500e+15,5.399612373357456363e-01
1.650273776012117000e+15,5.399612373357457473e-01
1.650273776014007750e+15,5.399612373357457473e-01
1.650273776015898250e+15,5.399612373357457473e-01
1.650273776017789000e+15,5.399612373357458583e-01
1.650273776019679500e+15,5.399612373357458583e-01
1.650273776021570250e+15,5.399612373357458583e-01
1.650273776023461000e+15,5.399612373357458583e-01
1.650273776025351500e+15,5.399612373357458583e-01
1.650273776027242250e+15,5.399612373357458583e-01
1.650273776029132750e+15,5.399612373357458583e-01
1.650273776031023500e+15,5.399612373357457473e-01
1.650273776032914000e+15,5.399612373357457473e-01
1.650273776034804750e+15,5.399612373357457473e-01
1.650273776036695250e+15,5.399612373357456363e-01
1.650273776038586000e+15,5.399612373357455253e-01
1.650273776040476750e+15,5.399612373357455253e-01
1.650273776042367250e+15,5.399612373357455253e-01
1.650273776044258000e+15,5.399612373357454143e-01
1.650273776046148500e+15,5.399612373357455253e-01
1.650273776048039250e+15,5.408597516046894649e-01
1.650273776049929750e+15,5.419133358660872535e-01
1.650273776051820500e+15,5.429670594536238903e-01
1.650273776053711250e+15,5.440207830411605272e-01
1.650273776055601750e+15,5.450743673025584268e-01
1.650273776057492500e+15,5.460971604872876251e-01
1.650273776059383000e+15,5.460971604872876251e-01
1.650273776061273750e+15,5.460971604872877361e-01
1.650273776063164250e+15,5.460971604872878471e-01
1.650273776065055000e+15,5.460971604872879581e-01
1.650273776066945500e+15,5.460971604872880691e-01
1.650273776068836250e+15,5.460971604872881802e-01
1.650273776070727000e+15,5.460971604872884022e-01
1.650273776072617500e+15,5.460971604872884022e-01
1.650273776074508250e+15,5.460971604872886243e-01
1.650273776076398750e+15,5.460971604872887353e-01
1.650273776078289500e+15,5.460971604872888463e-01
1.650273776080180000e+15,5.457302796599632355e-01
1.650273776082070750e+15,5.452502243490523481e-01
1.650273776083961500e+15,5.447701690381415718e-01
1.650273776085852000e+15,5.442901772014223649e-01
1.650273776087742750e+15,5.438101218905115886e-01
1.650273776089633250e+15,5.433301300537923817e-01
1.650273776091524000e+15,5.428500747428816053e-01
1.650273776093414500e+15,5.423700829061623985e-01
1.650273776095305250e+15,5.418900275952515111e-01
1.650273776097195750e+15,5.414100357585323042e-01
1.650273776099086500e+15,5.409299804476215279e-01
1.650273776100977250e+15,5.404499251367107515e-01
1.650273776102867750e+15,5.399699332999915447e-01
1.650273776104758500e+15,5.427707924796199013e-01
1.650273776106649000e+15,5.456318019056877189e-01
1.650273776108539750e+15,5.484931896720659505e-01
1.650273776110430250e+15,5.513541990981337682e-01
1.650273776112321000e+15,5.516947726738888891e-01
1.650273776114211750e+15,5.509178173632284237e-01
1.650273776116102250e+15,5.501409647836681405e-01
1.650273776117993000e+15,5.493640094730076751e-01
1.650273776119883500e+15,5.485871568934475029e-01
1.650273776121774250e+15,5.478102015827870375e-01
1.650273776123664750e+15,5.470333490032267543e-01
1.650273776125555500e+15,5.462563936925662889e-01
1.650273776127446000e+15,5.474854327282583366e-01
1.650273776129336750e+15,5.492318570393798227e-01
1.650273776131227500e+15,5.509782813505013088e-01
1.650273776133118000e+15,5.527244747447496165e-01
1.650273776135008750e+15,5.544708990558711026e-01
1.650273776136899250e+15,5.562170924501195213e-01
1.650273776138790000e+15,5.579635167612408964e-01
1.650273776140680500e+15,5.597097101554894261e-01
1.650273776142571250e+15,5.614561344666108011e-01
1.650273776144462000e+15,5.632025587777322873e-01
1.650273776146352500e+15,5.645049299419164779e-01
1.650273776148243250e+15,5.645049299419163669e-01
1.650273776150133750e+15,5.645049299419162558e-01
1.650273776152024500e+15,5.645049299419160338e-01
1.650273776153915000e+15,5.645049299419158118e-01
1.650273776155805750e+15,5.649368185804097831e-01
1.650273776157696250e+15,5.659232099679938344e-01
1.650273776159587000e+15,5.669097317961212523e-01
1.650273776161477750e+15,5.678962536242486703e-01
1.650273776163368250e+15,5.688826450118327216e-01
1.650273776165259000e+15,5.698691668399601395e-01
1.650273776167149500e+15,5.708352431447980546e-01
1.650273776169040250e+15,5.717284217342798458e-01
1.650273776170930750e+15,5.726214822253100634e-01
1.650273776172821500e+15,5.735146608147918545e-01
1.650273776174712250e+15,5.744078394042736457e-01
1.650273776176602750e+15,5.753008998953038633e-01
1.650273776178493500e+15,5.761940784847855435e-01
1.650273776180384000e+15,5.767767762450002333e-01
1.650273776182274750e+15,5.767767762450003444e-01
1.650273776184165250e+15,5.767767762450003444e-01
1.650273776186056000e+15,5.767767762450004554e-01
1.650273776187946500e+15,5.767767762450005664e-01
1.650273776189837250e+15,5.767767762450006774e-01
1.650273776191728000e+15,5.767767762450007885e-01
1.650273776193618500e+15,5.759547224806069732e-01
1.650273776195509250e+15,5.751004778227190029e-01
1.650273776197399750e+15,5.742463461153344273e-01
1.650273776199290500e+15,5.733921014574463459e-01
1.650273776201181000e+15,5.725379697500616594e-01
1.650273776203071750e+15,5.716837250921735780e-01
1.650273776204962500e+15,5.708294804342856077e-01
1.650273776206853000e+15,5.706408530934589107e-01
1.650273776208743750e+15,5.706408530934589107e-01
1.650273776210634250e+15,5.706408530934590217e-01
1.650273776212525000e+15,5.706408530934590217e-01
1.650273776214415500e+15,5.706408530934592438e-01
1.650273776216306250e+15,5.706408530934593548e-01
1.650273776218196750e+15,5.715374432640154545e-01
1.650273776220087500e+15,5.725040735505323442e-01
1.650273776221978250e+15,5.734707038370493448e-01
1.650273776223868750e+15,5.744372063131356621e-01
1.650273776225759500e+15,5.754038365996525517e-01
1.650273776227650000e+15,5.763703390757388689e-01
1.650273776229540750e+15,5.776431986410445196e-01
1.650273776231431250e+15,5.791380391974868536e-01
1.650273776233322000e+15,5.806330774318658738e-01
1.650273776235212750e+15,5.821281156662447831e-01
1.650273776237103250e+15,5.826814211047861569e-01
1.650273776238994000e+15,5.821945973584565781e-01
1.650273776240884500e+15,5.817078379812591349e-01
1.650273776242775250e+15,5.812210142349295561e-01
1.650273776244665750e+15,5.807342548577321129e-01
1.650273776246556500e+15,5.802474311114025340e-01
1.650273776248447000e+15,5.797606717342052018e-01
1.650273776250337750e+15,5.792738479878756230e-01
1.650273776252228500e+15,5.787870242415460442e-01
1.650273776254119000e+15,5.783002648643486010e-01
1.650273776256009750e+15,5.778134411180189112e-01
1.650273776257900250e+15,5.773266817408215790e-01
1.650273776259791000e+15,5.768398579944920002e-01
1.650273776261681500e+15,5.778554794016099727e-01
1.650273776263572250e+15,5.790949555446419650e-01
1.650273776265463000e+15,5.803344316876739573e-01
1.650273776267353500e+15,5.815737439438695144e-01
1.650273776269244250e+15,5.828132200869015067e-01
1.650273776271134750e+15,5.836619154344466764e-01
1.650273776273025500e+15,5.844766272812711438e-01
1.650273776274916000e+15,5.852912314047256093e-01
1.650273776276806750e+15,5.861059432515499656e-01
1.650273776278697250e+15,5.869205473750044311e-01
1.650273776280588000e+15,5.877352592218287874e-01
1.650273776282478750e+15,5.885499710686532548e-01
1.650273776284369250e+15,5.886903516728775321e-01
1.650273776286260000e+15,5.877665185227916034e-01
1.650273776288150500e+15,5.868428075243848907e-01
1.650273776290041250e+15,5.859189743742990730e-01
1.650273776291931750e+15,5.849952633758923604e-01
1.650273776293822500e+15,5.840714302258065427e-01
1.650273776295713250e+15,5.831475970757206140e-01
1.650273776297603750e+15,5.829126993965436654e-01
1.650273776299494500e+15,5.829126993965436654e-01
1.650273776301385000e+15,5.829126993965436654e-01
1.650273776303275750e+15,5.829126993965436654e-01
1.650273776305166250e+15,5.829126993965436654e-01
1.650273776307057000e+15,5.829126993965436654e-01
1.650273776308947500e+15,5.829126993965436654e-01
1.650273776310838250e+15,5.829126993965436654e-01
1.650273776312729000e+15,5.829126993965437764e-01
1.650273776314619500e+15,5.829126993965437764e-01
1.650273776316510250e+15,5.829126993965437764e-01
1.650273776318400750e+15,5.829126993965437764e-01
1.650273776320291500e+15,5.829126993965438874e-01
1.650273776322182000e+15,5.829126993965438874e-01
1.650273776324072750e+15,5.829126993965437764e-01
1.650273776325963500e+15,5.829126993965437764e-01
1.650273776327854000e+15,5.829126993965436654e-01
1.650273776329744750e+15,5.829126993965437764e-01
1.650273776331635250e+15,5.829126993965437764e-01
1.650273776333526000e+15,5.829126993965436654e-01
1.650273776335416500e+15,5.829126993965436654e-01
1.650273776337307250e+15,5.829126993965437764e-01
1.650273776339197750e+15,5.829126993965436654e-01
1.650273776341088500e+15,5.829126993965436654e-01
1.650273776342979250e+15,5.829126993965436654e-01
1.650273776344869750e+15,5.829126993965436654e-01
1.650273776346760500e+15,5.829126993965436654e-01
1.650273776348651000e+15,5.829126993965436654e-01
1.650273776350541750e+15,5.829126993965435544e-01
1.650273776352432250e+15,5.829126993965435544e-01
1.650273776354323000e+15,5.829126993965434433e-01
1.650273776356213750e+15,5.829126993965434433e-01
1.650273776358104250e+15,5.829126993965432213e-01
1.650273776359995000e+15,5.834931373970994040e-01
1.650273776361885500e+15,5.852890752695243393e-01
1.650273776363776250e+15,5.870852506370394241e-01
1.650273776365666750e+15,5.888811885094642484e-01
1.650273776367557500e+15,5.906773638769793333e-01
1.650273776369448000e+15,5.924733017494042686e-01
1.650273776371338750e+15,5.942694771169194645e-01
1.650273776373229500e+15,5.946859414659639853e-01
1.650273776375120000e+15,5.936696489551884781e-01
1.650273776377010750e+15,5.926532220497406911e-01
1.650273776378901250e+15,5.916369295389649618e-01
1.650273776380792000e+15,5.906205026335171748e-01
1.650273776382682500e+15,5.896042101227414456e-01
1.650273776384573250e+15,5.890486225480857652e-01
1.650273776386464000e+15,5.890486225480857652e-01
1.650273776388354500e+15,5.890486225480857652e-01
1.650273776390245250e+15,5.890486225480857652e-01
1.650273776392135750e+15,5.890486225480858762e-01
1.650273776394026500e+15,5.890486225480857652e-01
1.650273776395917000e+15,5.890486225480857652e-01
1.650273776397807750e+15,5.890486225480857652e-01
1.650273776399698250e+15,5.890486225480857652e-01
1.650273776401589000e+15,5.890486225480857652e-01
1.650273776403479750e+15,5.890486225480857652e-01
1.650273776405370250e+15,5.890486225480857652e-01
1.650273776407261000e+15,5.890486225480858762e-01
1.650273776409151500e+15,5.890486225480857652e-01
1.650273776411042250e+15,5.890486225480858762e-01
1.650273776412932750e+15,5.890486225480859872e-01
1.650273776414823500e+15,5.890486225480859872e-01
1.650273776416714250e+15,5.890486225480858762e-01
1.650273776418604750e+15,5.890486225480859872e-01
1.650273776420495500e+15,5.890486225480859872e-01
1.650273776422386000e+15,5.890486225480859872e-01
1.650273776424276750e+15,5.890486225480859872e-01
1.650273776426167250e+15,5.890486225480859872e-01
1.650273776428058000e+15,5.890486225480859872e-01
1.650273776429948500e+15,5.890486225480860982e-01
1.650273776431839250e+15,5.890486225480860982e-01
1.650273776433730000e+15,5.890486225480862092e-01
1.650273776435620500e+15,5.890486225480863203e-01
1.650273776437511250e+15,5.890486225480863203e-01
1.650273776439401750e+15,5.890486225480864313e-01
1.650273776441292500e+15,5.890486225480864313e-01
1.650273776443183000e+15,5.890486225480865423e-01
1.650273776445073750e+15,5.890486225480866533e-01
1.650273776446964500e+15,5.890486225480867644e-01
1.650273776448855000e+15,5.890486225480867644e-01
1.650273776450745750e+15,5.890486225480868754e-01
1.650273776452636250e+15,5.890486225480869864e-01
1.650273776454527000e+15,5.890486225480869864e-01
1.650273776456417500e+15,5.890486225480868754e-01
1.650273776458308250e+15,5.890486225480868754e-01
1.650273776460198750e+15,5.890486225480868754e-01
1.650273776462089500e+15,5.890486225480868754e-01
1.650273776463980250e+15,5.890486225480868754e-01
1.650273776465870750e+15,5.890486225480868754e-01
1.650273776467761500e+15,5.890486225480868754e-01
1.650273776469652000e+15,5.890486225480868754e-01
1.650273776471542750e+15,5.890486225480868754e-01
1.650273776473433250e+15,5.890486225480868754e-01
1.650273776475324000e+15,5.890486225480867644e-01
1.650273776477214750e+15,5.897141442731264060e-01
1.650273776479105250e+15,5.905667065778442693e-01
1.650273776480996000e+15,5.914193816255275404e-01
1.650273776482886500e+15,5.922719439302454036e-01
1.650273776484777250e+15,5.931246189779286748e-01
1.650273776486667750e+15,5.939771812826464270e-01
1.650273776488558500e+15,5.948298563303298092e-01
1.650273776490449000e+15,5.951845456996291972e-01
1.650273776492339750e+15,5.951845456996293082e-01
1.650273776494230500e+15,5.951845456996293082e-01
1.650273776496121000e+15,5.951845456996294192e-01
1.650273776498011750e+15,5.951845456996294192e-01
1.650273776499902250e+15,5.951845456996294192e-01
1.650273776501793000e+15,5.951845456996294192e-01
1.650273776503683500e+15,5.951845456996294192e-01
1.650273776505574250e+15,5.951845456996294192e-01
1.650273776507465000e+15,5.951845456996293082e-01
1.650273776509355500e+15,5.951845456996293082e-01
1.650273776511246250e+15,5.951845456996291972e-01
1.650273776513136750e+15,5.957715590665650929e-01
1.650273776515027500e+15,5.968895600975738791e-01
1.650273776516918000e+15,5.980074133035091499e-01
1.650273776518808750e+15,5.991254143345180472e-01
1.650273776520699250e+15,6.002432675404533180e-01
1.650273776522590000e+15,6.013398792077393473e-01
1.650273776524480750e+15,6.018717651741237740e-01
1.650273776526371250e+15,6.024035808131293912e-01
1.650273776528262000e+15,6.029354667795139289e-01
1.650273776530152500e+15,6.034672824185196571e-01
1.650273776532043250e+15,6.039991683849041948e-01
1.650273776533933750e+15,6.045309840239098120e-01
1.650273776535824500e+15,6.050628699902943497e-01
1.650273776537715250e+15,6.055947559566787763e-01
1.650273776539605750e+15,6.061265715956845046e-01
1.650273776541496500e+15,6.066584575620690423e-01
1.650273776543387000e+15,6.071902732010745485e-01
1.650273776545277750e+15,6.069690926249887708e-01
1.650273776547168250e+15,6.059939780723668790e-01
1.650273776549059000e+15,6.050187345704520769e-01
1.650273776550949500e+15,6.040436200178300741e-01
1.650273776552840250e+15,6.030683765159152721e-01
1.650273776554731000e+15,6.020931330140003590e-01
1.650273776556621500e+15,6.013204688511718521e-01
1.650273776558512250e+15,6.013204688511717411e-01
1.650273776560402750e+15,6.013204688511717411e-01
1.650273776562293500e+15,6.013204688511717411e-01
1.650273776564184000e+15,6.013204688511717411e-01
1.650273776566074750e+15,6.013204688511717411e-01
1.650273776567965500e+15,6.013204688511716300e-01
1.650273776569856000e+15,6.013204688511716300e-01
1.650273776571746750e+15,6.013204688511716300e-01
1.650273776573637250e+15,6.013204688511715190e-01
1.650273776575528000e+15,6.013204688511716300e-01
1.650273776577418500e+15,6.013204688511716300e-01
1.650273776579309250e+15,6.010485459446104350e-01
1.650273776581199750e+15,6.005567303456113004e-01
1.650273776583090500e+15,6.000648497088445499e-01
1.650273776584981250e+15,5.995729690720779104e-01
1.650273776586871750e+15,5.990811534730788868e-01
1.650273776588762500e+15,5.985892728363120252e-01
1.650273776590653000e+15,5.980974572373130016e-01
1.650273776592543750e+15,5.976055766005462511e-01
1.650273776594434250e+15,5.971137610015471164e-01
1.650273776596325000e+15,5.966218803647804769e-01
1.650273776598215750e+15,5.961299997280136154e-01
1.650273776600106250e+15,5.956381841290145918e-01
1.650273776601997000e+15,5.953183905880801152e-01
1.650273776603887500e+15,5.970397086943260989e-01
1.650273776605778250e+15,5.987612544279333759e-01
1.650273776607668750e+15,6.004825725341793596e-01
1.650273776609559500e+15,6.022041182677866367e-01
1.650273776611450000e+15,6.039254363740326204e-01
1.650273776613340750e+15,6.056469821076398974e-01
1.650273776615231500e+15,6.073685278412471744e-01
1.650273776617122000e+15,6.074563920027138408e-01
1.650273776619012750e+15,6.074563920027138408e-01
1.650273776620903250e+15,6.074563920027138408e-01
1.650273776622794000e+15,6.074563920027138408e-01
1.650273776624684500e+15,6.074563920027138408e-01
1.650273776626575250e+15,6.074563920027138408e-01
1.650273776628466000e+15,6.074563920027138408e-01
1.650273776630356500e+15,6.074563920027138408e-01
1.650273776632247250e+15,6.074563920027138408e-01
1.650273776634137750e+15,6.074563920027138408e-01
1.650273776636028500e+15,6.074563920027138408e-01
1.650273776637919000e+15,6.074563920027138408e-01
1.650273776639809750e+15,6.074563920027138408e-01
1.650273776641700250e+15,6.074563920027138408e-01
1.650273776643591000e+15,6.074563920027137298e-01
1.650273776645481750e+15,6.074563920027138408e-01
1.650273776647372250e+15,6.074563920027138408e-01
1.650273776649263000e+15,6.074563920027138408e-01
1.650273776651153500e+15,6.074563920027138408e-01
1.650273776653044250e+15,6.074563920027138408e-01
1.650273776654934750e+15,6.074563920027138408e-01
1.650273776656825500e+15,6.074563920027138408e-01
1.650273776658716250e+15,6.074563920027138408e-01
1.650273776660606750e+15,6.074563920027138408e-01
1.650273776662497500e+15,6.074563920027138408e-01
1.650273776664388000e+15,6.074563920027138408e-01
1.650273776666278750e+15,6.074563920027139519e-01
1.650273776668169250e+15,6.074563920027138408e-01
1.650273776670060000e+15,6.074563920027138408e-01
1.650273776671950500e+15,6.074563920027138408e-01
1.650273776673841250e+15,6.074563920027138408e-01
1.650273776675732000e+15,6.074563920027138408e-01
1.650273776677622500e+15,6.074563920027138408e-01
1.650273776679513250e+15,6.074563920027138408e-01
1.650273776681403750e+15,6.074563920027138408e-01
1.650273776683294500e+15,6.074563920027138408e-01
1.650273776685185000e+15,6.074563920027138408e-01
1.650273776687075750e+15,6.074563920027139519e-01
1.650273776688966500e+15,6.074563920027138408e-01
1.650273776690857000e+15,6.074563920027139519e-01
1.650273776692747750e+15,6.074563920027138408e-01
1.650273776694638250e+15,6.074563920027138408e-01
1.650273776696529000e+15,6.074563920027138408e-01
1.650273776698419500e+15,6.074563920027138408e-01
1.650273776700310250e+15,6.074563920027139519e-01
1.650273776702200750e+15,6.074563920027138408e-01
1.650273776704091500e+15,6.074563920027138408e-01
1.650273776705982250e+15,6.074563920027138408e-01
1.650273776707872750e+15,6.074563920027138408e-01
1.650273776709763500e+15,6.074563920027137298e-01
1.650273776711654000e+15,6.074563920027138408e-01
1.650273776713544750e+15,6.074563920027138408e-01
1.650273776715435250e+15,6.074563920027138408e-01
1.650273776717326000e+15,6.074563920027138408e-01
1.650273776719216750e+15,6.074563920027138408e-01
1.650273776721107250e+15,6.074563920027138408e-01
1.650273776722998000e+15,6.074563920027138408e-01
1.650273776724888500e+15,6.074563920027137298e-01
1.650273776726779250e+15,6.074563920027138408e-01
1.650273776728669750e+15,6.074563920027138408e-01
1.650273776730560500e+15,6.074563920027138408e-01
1.650273776732451000e+15,6.074563920027138408e-01
1.650273776734341750e+15,6.074563920027138408e-01
1.650273776736232500e+15,6.074563920027139519e-01
1.650273776738123000e+15,6.074563920027139519e-01
1.650273776740013750e+15,6.074563920027139519e-01
1.650273776741904250e+15,6.074563920027138408e-01
1.650273776743795000e+15,6.074563920027138408e-01
1.650273776745685500e+15,6.074563920027138408e-01
1.650273776747576250e+15,6.074563920027138408e-01
1.650273776749467000e+15,6.074563920027138408e-01
1.650273776751357500e+15,6.074563920027138408e-01
1.650273776753248250e+15,6.074563920027138408e-01
1.650273776755138750e+15,6.074563920027139519e-01
1.650273776757029500e+15,6.074563920027140629e-01
1.650273776758920000e+15,6.074563920027140629e-01
1.650273776760810750e+15,6.074563920027141739e-01
1.650273776762701250e+15,6.074563920027141739e-01
1.650273776764592000e+15,6.074563920027142849e-01
1.650273776766482750e+15,6.074563920027143960e-01
1.650273776768373250e+15,6.074563920027143960e-01
1.650273776770264000e+15,6.074563920027145070e-01
1.650273776772154500e+15,6.074563920027143960e-01
1.650273776774045250e+15,6.074563920027142849e-01
1.650273776775935750e+15,6.074563920027142849e-01
1.650273776777826500e+15,6.074563920027141739e-01
1.650273776779717250e+15,6.074563920027141739e-01
1.650273776781607750e+15,6.074563920027140629e-01
1.650273776783498500e+15,6.074563920027139519e-01
1.650273776785389000e+15,6.074563920027138408e-01
1.650273776787279750e+15,6.074563920027138408e-01
1.650273776789170250e+15,6.074563920027138408e-01
1.650273776791061000e+15,6.074563920027138408e-01
1.650273776792951500e+15,6.074563920027138408e-01
1.650273776794842250e+15,6.074563920027138408e-01
1.650273776796733000e+15,6.074563920027138408e-01
1.650273776798623500e+15,6.074563920027138408e-01
1.650273776800514250e+15,6.074563920027138408e-01
1.650273776802404750e+15,6.074563920027138408e-01
1.650273776804295500e+15,6.074563920027138408e-01
1.650273776806186000e+15,6.074563920027138408e-01
1.650273776808076750e+15,6.074563920027139519e-01
1.650273776809967500e+15,6.074563920027139519e-01
1.650273776811858000e+15,6.074563920027140629e-01
1.650273776813748750e+15,6.074563920027140629e-01
1.650273776815639250e+15,6.074563920027141739e-01
1.650273776817530000e+15,6.074563920027141739e-01
1.650273776819420500e+15,6.074563920027142849e-01
1.650273776821311250e+15,6.074563920027142849e-01
1.650273776823201750e+15,6.074563920027142849e-01
1.650273776825092500e+15,6.074563920027145070e-01
1.650273776826983250e+15,6.074563920027145070e-01
1.650273776828873750e+15,6.074563920027145070e-01
1.650273776830764500e+15,6.074563920027145070e-01
1.650273776832655000e+15,6.074563920027145070e-01
1.650273776834545750e+15,6.074563920027145070e-01
1.650273776836436250e+15,6.074563920027143960e-01
1.650273776838327000e+15,6.074563920027145070e-01
1.650273776840217750e+15,6.074563920027143960e-01
1.650273776842108250e+15,6.074563920027145070e-01
1.650273776843999000e+15,6.074563920027143960e-01
1.650273776845889500e+15,6.074563920027142849e-01
1.650273776847780250e+15,6.074563920027142849e-01
1.650273776849670750e+15,6.074563920027141739e-01
1.650273776851561500e+15,6.074563920027140629e-01
1.650273776853452000e+15,6.074563920027140629e-01
1.650273776855342750e+15,6.074563920027140629e-01
1.650273776857233500e+15,6.074563920027139519e-01
1.650273776859124000e+15,6.074563920027139519e-01
1.650273776861014750e+15,6.074563920027138408e-01
1.650273776862905250e+15,6.082554067703469514e-01
1.650273776864796000e+15,6.092603874268593955e-01
1.650273776866686500e+15,6.102652352021531446e-01
1.650273776868577250e+15,6.112702158586655887e-01
1.650273776870468000e+15,6.122751965151780329e-01
1.650273776872358500e+15,6.132800442904717819e-01
1.650273776874249250e+15,6.130032005345978918e-01
1.650273776876139750e+15,6.121486283585266808e-01
1.650273776878030500e+15,6.112939431737043350e-01
1.650273776879921000e+15,6.104393709976331239e-01
1.650273776881811750e+15,6.095846858128108892e-01
1.650273776883702250e+15,6.087301136367396781e-01
1.650273776885593000e+15,6.078754284519173323e-01
1.650273776887483750e+15,6.074563920027145070e-01
1.650273776889374250e+15,6.074563920027145070e-01
1.650273776891265000e+15,6.074563920027145070e-01
1.650273776893155500e+15,6.074563920027145070e-01
1.650273776895046250e+15,6.074563920027146180e-01
1.650273776896936750e+15,6.074563920027146180e-01
1.650273776898827500e+15,6.074563920027146180e-01
1.650273776900718250e+15,6.074563920027145070e-01
1.650273776902608750e+15,6.074563920027146180e-01
1.650273776904499500e+15,6.074563920027146180e-01
1.650273776906390000e+15,6.074563920027146180e-01
1.650273776908280750e+15,6.074563920027146180e-01
1.650273776910171250e+15,6.074563920027147290e-01
1.650273776912062000e+15,6.074563920027146180e-01
1.650273776913952750e+15,6.074563920027147290e-01
1.650273776915843250e+15,6.074563920027147290e-01
1.650273776917734000e+15,6.074563920027147290e-01
1.650273776919624500e+15,6.071934275380298507e-01
1.650273776921515250e+15,6.067076434035862942e-01
1.650273776923405750e+15,6.062219235008146079e-01
1.650273776925296500e+15,6.057361393663711624e-01
1.650273776927187000e+15,6.052504194635994761e-01
1.650273776929077750e+15,6.047646353291559196e-01
1.650273776930968500e+15,6.042788511947123631e-01
1.650273776932859000e+15,6.037931312919407878e-01
1.650273776934749750e+15,6.033073471574972313e-01
1.650273776936640250e+15,6.028216272547256560e-01
1.650273776938531000e+15,6.023358431202820995e-01
1.650273776940421500e+15,6.018501232175104132e-01
1.650273776942312250e+15,6.013643390830669677e-01
1.650273776944203000e+15,6.013204688511716300e-01
1.650273776946093500e+15,6.013204688511717411e-01
1.650273776947984250e+15,6.013204688511717411e-01
1.650273776949874750e+15,6.013204688511719631e-01
1.650273776951765500e+15,6.013204688511719631e-01
1.650273776953656000e+15,6.013204688511721852e-01
1.650273776955546750e+15,6.013204688511721852e-01
1.650273776957437250e+15,6.021585328584032615e-01
1.650273776959328000e+15,6.030551629456417650e-01
1.650273776961218750e+15,6.039517930328801576e-01
1.650273776963109250e+15,6.048483045653008094e-01
1.650273776965000000e+15,6.057449346525393130e-01
1.650273776966890500e+15,6.066414461849598538e-01
1.650273776968781250e+15,6.074005150393070318e-01
1.650273776970671750e+15,6.067872471187153449e-01
1.650273776972562500e+15,6.061738980994829662e-01
1.650273776974453250e+15,6.055605490802505875e-01
1.650273776976343750e+15,6.049472811596589006e-01
1.650273776978234500e+15,6.043339321404266329e-01
1.650273776980125000e+15,6.037206642198349460e-01
1.650273776982015750e+15,6.031073152006025673e-01
1.650273776983906250e+15,6.024940472800107694e-01
1.650273776985797000e+15,6.018806982607783906e-01
1.650273776987687500e+15,6.014852423479731813e-01
1.650273776989578250e+15,6.033907193453911244e-01
1.650273776991469000e+15,6.052961963428090675e-01
1.650273776993359500e+15,6.072014213929841642e-01
1.650273776995250250e+15,6.091068983904022183e-01
1.650273776997140750e+15,6.110121234405772039e-01
1.650273776999031500e+15,6.129176004379951470e-01
1.650273777000922000e+15,6.155602589861540741e-01
1.650273777002812750e+15,6.186076707798968677e-01
1.650273777004703500e+15,6.216550825736396613e-01
1.650273777006594000e+15,6.247020914304799444e-01
1.650273777008484750e+15,6.277495032242228490e-01
1.650273777010375250e+15,6.307965120810630211e-01
1.650273777012266000e+15,6.309921879780613363e-01
1.650273777014156500e+15,6.293266035544857750e-01
1.650273777016047250e+15,6.276607988737794575e-01
1.650273777017937750e+15,6.259952144502038962e-01
1.650273777019828500e+15,6.243294097694975786e-01
1.650273777021719250e+15,6.226636050887911500e-01
1.650273777023609750e+15,6.209980206652155887e-01
1.650273777025500500e+15,6.199756789783521516e-01
1.650273777027391000e+15,6.210163610505713416e-01
1.650273777029281750e+15,6.220571807427420774e-01
1.650273777031172250e+15,6.230978628149612675e-01
1.650273777033063000e+15,6.241386825071320033e-01
1.650273777034953750e+15,6.251795021993026280e-01
1.650273777036844250e+15,6.262201842715218181e-01
1.650273777038735000e+15,6.272610039636925539e-01
1.650273777040625500e+15,6.283016860359118549e-01
1.650273777042516250e+15,6.293425057280824797e-01
1.650273777044406750e+15,6.303831878003018918e-01
1.650273777046297500e+15,6.314240074924725166e-01
1.650273777048188000e+15,6.308210933419746702e-01
1.650273777050078750e+15,6.281798874913702146e-01
1.650273777051969500e+15,6.255386816407657591e-01
1.650273777053860000e+15,6.228978250174322939e-01
1.650273777055750750e+15,6.202566191668278384e-01
1.650273777057641250e+15,6.197282383057984845e-01
1.650273777059532000e+15,6.197282383057984845e-01
1.650273777061422500e+15,6.197282383057984845e-01
1.650273777063313250e+15,6.197282383057984845e-01
1.650273777065204000e+15,6.197282383057984845e-01
1.650273777067094500e+15,6.197282383057983735e-01
1.650273777068985250e+15,6.197282383057984845e-01
1.650273777070875750e+15,6.197282383057984845e-01
1.650273777072766500e+15,6.197282383057984845e-01
1.650273777074657000e+15,6.197282383057984845e-01
1.650273777076547750e+15,6.197282383057984845e-01
1.650273777078438250e+15,6.197282383057984845e-01
1.650273777080329000e+15,6.197282383057984845e-01
1.650273777082219750e+15,6.197282383057984845e-01
1.650273777084110250e+15,6.197282383057984845e-01
1.650273777086001000e+15,6.197282383057984845e-01
1.650273777087891500e+15,6.197282383057984845e-01
1.650273777089782250e+15,6.197282383057984845e-01
1.650273777091672750e+15,6.197282383057984845e-01
1.650273777093563500e+15,6.197282383057984845e-01
1.650273777095454250e+15,6.197282383057984845e-01
1.650273777097344750e+15,6.197282383057984845e-01
1.650273777099235500e+15,6.197282383057984845e-01
1.650273777101126000e+15,6.197282383057984845e-01
1.650273777103016750e+15,6.197282383057984845e-01
1.650273777104907250e+15,6.197282383057985955e-01
1.650273777106798000e+15,6.197282383057985955e-01
1.650273777108688500e+15,6.197282383057987065e-01
1.650273777110579250e+15,6.197282383057987065e-01
1.650273777112470000e+15,6.197282383057989286e-01
1.650273777114360500e+15,6.197282383057989286e-01
1.650273777116251250e+15,6.197282383057989286e-01
1.650273777118141750e+15,6.197282383057989286e-01
1.650273777120032500e+15,6.197282383057989286e-01
1.650273777121923000e+15,6.197282383057989286e-01
1.650273777123813750e+15,6.197282383057989286e-01
1.650273777125704500e+15,6.197282383057989286e-01
1.650273777127595000e+15,6.197282383057988175e-01
1.650273777129485750e+15,6.197282383057989286e-01
1.650273777131376250e+15,6.197282383057989286e-01
1.650273777133267000e+15,6.197282383057988175e-01
1.650273777135157500e+15,6.197282383057989286e-01
1.650273777137048250e+15,6.197282383057988175e-01
1.650273777138938750e+15,6.197282383057989286e-01
1.650273777140829500e+15,6.197282383057989286e-01
1.650273777142720250e+15,6.197282383057988175e-01
1.650273777144610750e+15,6.197282383057989286e-01
1.650273777146501500e+15,6.197282383057989286e-01
1.650273777148392000e+15,6.197282383057989286e-01
1.650273777150282750e+15,6.197282383057989286e-01
1.650273777152173250e+15,6.197282383057989286e-01
1.650273777154064000e+15,6.197282383057989286e-01
1.650273777155954750e+15,6.197282383057989286e-01
1.650273777157845250e+15,6.197282383057989286e-01
1.650273777159736000e+15,6.197282383057988175e-01
1.650273777161626500e+15,6.197282383057989286e-01
1.650273777163517250e+15,6.197282383057989286e-01
1.650273777165407750e+15,6.197282383057989286e-01
1.650273777167298500e+15,6.197282383057989286e-01
1.650273777169189000e+15,6.197282383057990396e-01
1.650273777171079750e+15,6.197282383057990396e-01
1.650273777172970500e+15,6.197282383057990396e-01
1.650273777174861000e+15,6.197282383057991506e-01
1.650273777176751750e+15,6.197282383057991506e-01
1.650273777178642250e+15,6.197282383057991506e-01
1.650273777180533000e+15,6.197282383057992616e-01
1.650273777182423500e+15,6.197282383057991506e-01
1.650273777184314250e+15,6.197282383057991506e-01
1.650273777186205000e+15,6.197282383057990396e-01
1.650273777188095500e+15,6.197282383057989286e-01
1.650273777189986250e+15,6.197282383057989286e-01
1.650273777191876750e+15,6.197282383057989286e-01
1.650273777193767500e+15,6.197282383057989286e-01
1.650273777195658000e+15,6.197282383057989286e-01
1.650273777197548750e+15,6.197282383057989286e-01
1.650273777199439250e+15,6.197282383057989286e-01
1.650273777201330000e+15,6.197282383057990396e-01
1.650273777203220750e+15,6.197282383057990396e-01
1.650273777205111250e+15,6.197282383057991506e-01
1.650273777207002000e+15,6.197282383057991506e-01
1.650273777208892500e+15,6.197282383057990396e-01
1.650273777210783250e+15,6.197282383057991506e-01
1.650273777212673750e+15,6.197282383057990396e-01
1.650273777214564500e+15,6.197282383057990396e-01
1.650273777216455250e+15,6.197282383057990396e-01
1.650273777218345750e+15,6.197282383057989286e-01
1.650273777220236500e+15,6.197282383057989286e-01
1.650273777222127000e+15,6.197282383057989286e-01
1.650273777224017750e+15,6.197282383057988175e-01
1.650273777225908250e+15,6.197282383057989286e-01
1.650273777227799000e+15,6.197282383057988175e-01
1.650273777229689500e+15,6.197282383057987065e-01
1.650273777231580250e+15,6.197282383057987065e-01
1.650273777233471000e+15,6.197282383057985955e-01
1.650273777235361500e+15,6.197282383057985955e-01
1.650273777237252250e+15,6.197282383057985955e-01
1.650273777239142750e+15,6.197282383057984845e-01
1.650273777241033500e+15,6.197282383057984845e-01
1.650273777242924000e+15,6.197282383057984845e-01
1.650273777244814750e+15,6.197282383057984845e-01
1.650273777246705500e+15,6.197282383057984845e-01
1.650273777248596000e+15,6.197282383057984845e-01
1.650273777250486750e+15,6.197282383057984845e-01
1.650273777252377250e+15,6.197282383057985955e-01
1.650273777254268000e+15,6.197282383057987065e-01
1.650273777256158500e+15,6.197282383057985955e-01
1.650273777258049250e+15,6.197282383057987065e-01
1.650273777259939750e+15,6.197282383057987065e-01
1.650273777261830500e+15,6.197282383057988175e-01
1.650273777263721250e+15,6.197282383057989286e-01
1.650273777265611750e+15,6.197282383057989286e-01
1.650273777267502500e+15,6.197282383057989286e-01
1.650273777269393000e+15,6.197282383057989286e-01
1.650273777271283750e+15,6.197282383057989286e-01
1.650273777273174250e+15,6.197282383057989286e-01
1.650273777275065000e+15,6.197282383057989286e-01
1.650273777276955750e+15,6.197282383057989286e-01
1.650273777278846250e+15,6.197282383057989286e-01
1.650273777280737000e+15,6.197282383057989286e-01
1.650273777282627500e+15,6.197282383057989286e-01
1.650273777284518250e+15,6.197282383057990396e-01
1.650273777286408750e+15,6.197282383057991506e-01
1.650273777288299500e+15,6.197282383057991506e-01
1.650273777290190000e+15,6.197282383057992616e-01
1.650273777292080750e+15,6.197282383057992616e-01
1.650273777293971500e+15,6.197282383057993727e-01
1.650273777295862000e+15,6.197282383057991506e-01
1.650273777297752750e+15,6.197282383057992616e-01
1.650273777299643250e+15,6.197282383057991506e-01
1.650273777301534000e+15,6.197282383057990396e-01
1.650273777303424500e+15,6.197282383057990396e-01
1.650273777305315250e+15,6.197282383057989286e-01
1.650273777307206000e+15,6.197282383057989286e-01
1.650273777309096500e+15,6.197282383057989286e-01
1.650273777310987250e+15,6.197282383057988175e-01
1.650273777312877750e+15,6.197282383057987065e-01
1.650273777314768500e+15,6.197282383057987065e-01
1.650273777316659000e+15,6.197282383057987065e-01
1.650273777318549750e+15,6.197282383057985955e-01
1.650273777320440250e+15,6.197282383057984845e-01
1.650273777322331000e+15,6.197282383057984845e-01
1.650273777324221750e+15,6.197282383057984845e-01
1.650273777326112250e+15,6.197282383057984845e-01
1.650273777328003000e+15,6.197282383057984845e-01
1.650273777329893500e+15,6.197282383057984845e-01
1.650273777331784250e+15,6.197282383057984845e-01
1.650273777333674750e+15,6.197282383057984845e-01
1.650273777335565500e+15,6.197282383057984845e-01
1.650273777337456250e+15,6.197282383057983735e-01
1.650273777339346750e+15,6.197282383057983735e-01
1.650273777341237500e+15,6.197282383057983735e-01
1.650273777343128000e+15,6.197282383057984845e-01
1.650273777345018750e+15,6.197282383057984845e-01
1.650273777346909250e+15,6.197282383057984845e-01
1.650273777348800000e+15,6.195595682538259652e-01
1.650273777350690500e+15,6.188663710076213187e-01
1.650273777352581250e+15,6.181730820929099979e-01
1.650273777354472000e+15,6.174797931781987881e-01
1.650273777356362500e+15,6.167865959319942526e-01
1.650273777358253250e+15,6.160933070172829318e-01
1.650273777360143750e+15,6.154001097710783963e-01
1.650273777362034500e+15,6.147068208563671865e-01
1.650273777363925000e+15,6.140136236101625400e-01
1.650273777365815750e+15,6.135923151542570508e-01
1.650273777367706500e+15,6.135923151542570508e-01
1.650273777369597000e+15,6.135923151542570508e-01
1.650273777371487750e+15,6.135923151542570508e-01
1.650273777373378250e+15,6.135923151542570508e-01
1.650273777375269000e+15,6.135923151542570508e-01
1.650273777377159500e+15,6.135923151542570508e-01
1.650273777379050250e+15,6.135923151542570508e-01
1.650273777380940750e+15,6.135923151542570508e-01
1.650273777382831500e+15,6.135923151542570508e-01
1.650273777384722250e+15,6.135923151542570508e-01
1.650273777386612750e+15,6.137195818121510271e-01
1.650273777388503500e+15,6.142594122853155536e-01
1.650273777390394000e+15,6.147991713806574277e-01
1.650273777392284750e+15,6.153390018538218431e-01
1.650273777394175250e+15,6.158787609491637172e-01
1.650273777396066000e+15,6.164185914223281326e-01
1.650273777397956750e+15,6.169584218954926591e-01
1.650273777399847250e+15,6.174981809908345332e-01
1.650273777401738000e+15,6.180380114639990596e-01
1.650273777403628500e+15,6.185777705593408227e-01
1.650273777405519250e+15,6.191176010325053491e-01
1.650273777407409750e+15,6.196573601278471122e-01
1.650273777409300500e+15,6.204062693725651556e-01
1.650273777411191000e+15,6.211866759063373600e-01
1.650273777413081750e+15,6.219671856411851385e-01
1.650273777414972500e+15,6.227476953760329170e-01
1.650273777416863000e+15,6.235281019098051214e-01
1.650273777418753750e+15,6.243086116446530109e-01
1.650273777420644250e+15,6.250890181784252153e-01
1.650273777422535000e+15,6.258565216717872914e-01
1.650273777424425500e+15,6.247455205494818475e-01
1.650273777426316250e+15,6.236343725082235112e-01
1.650273777428207000e+15,6.225232244669652859e-01
1.650273777430097500e+15,6.214122233446599530e-01
1.650273777431988250e+15,6.203010753034016167e-01
1.650273777433878750e+15,6.201926928954856200e-01
1.650273777435769500e+15,6.211516527813161215e-01
1.650273777437660000e+15,6.221104858709168850e-01
1.650273777439550750e+15,6.230694457567474975e-01
1.650273777441441250e+15,6.240282788463482611e-01
1.650273777443332000e+15,6.249872387321786515e-01
1.650273777445222750e+15,6.258641614573412504e-01
1.650273777447113250e+15,6.258641614573412504e-01
1.650273777449004000e+15,6.258641614573412504e-01
1.650273777450894500e+15,6.258641614573412504e-01
1.650273777452785250e+15,6.258641614573412504e-01
1.650273777454675750e+15,6.258641614573412504e-01
1.650273777456566500e+15,6.257973310425336555e-01
1.650273777458457250e+15,6.246741345376659593e-01
1.650273777460347750e+15,6.235510865448312678e-01
1.650273777462238500e+15,6.224278900399635717e-01
1.650273777464129000e+15,6.213048420471288802e-01
1.650273777466019750e+15,6.201816455422612950e-01
1.650273777467910250e+15,6.197282383057994837e-01
1.650273777469801000e+15,6.197282383057993727e-01
1.650273777471691500e+15,6.197282383057993727e-01
1.650273777473582250e+15,6.197282383057994837e-01
1.650273777475473000e+15,6.197282383057993727e-01
1.650273777477363500e+15,6.197282383057993727e-01
1.650273777479254250e+15,6.200796524253856523e-01
1.650273777481144750e+15,6.205602806714181074e-01
1.650273777483035500e+15,6.210409724758008121e-01
1.650273777484926000e+15,6.215216007218331562e-01
1.650273777486816750e+15,6.220022925262159719e-01
1.650273777488707500e+15,6.224829843305986765e-01
1.650273777490598000e+15,6.229636125766310206e-01
1.650273777492488750e+15,6.234443043810137253e-01
1.650273777494379250e+15,6.239249326270460694e-01
1.650273777496270000e+15,6.244056244314287740e-01
1.650273777498160500e+15,6.248862526774611181e-01
1.650273777500051250e+15,6.253669444818438228e-01
1.650273777501941750e+15,6.258475727278761669e-01
1.650273777503832500e+15,6.258641614573412504e-01
1.650273777505723250e+15,6.258641614573412504e-01
1.650273777507613750e+15,6.258641614573412504e-01
1.650273777509504500e+15,6.258641614573412504e-01
1.650273777511395000e+15,6.258641614573412504e-01
1.650273777513285750e+15,6.258641614573412504e-01
1.650273777515176250e+15,6.258641614573412504e-01
1.650273777517067000e+15,6.258641614573412504e-01
1.650273777518957750e+15,6.258641614573412504e-01
1.650273777520848250e+15,6.258641614573412504e-01
1.650273777522739000e+15,6.258641614573411394e-01
1.650273777524629500e+15,6.258641614573412504e-01
1.650273777526520250e+15,6.258641614573412504e-01
1.650273777528410750e+15,6.258641614573412504e-01
1.650273777530301500e+15,6.258641614573412504e-01
1.650273777532192000e+15,6.258641614573411394e-01
1.650273777534082750e+15,6.258641614573411394e-01
1.650273777535973500e+15,6.253907701382918072e-01
1.650273777537864000e+15,6.249171282813652528e-01
1.650273777539754750e+15,6.244434237899693096e-01
1.650273777541645250e+15,6.239697819330427553e-01
1.650273777543536000e+15,6.234960774416467011e-01
1.650273777545426500e+15,6.230224355847201467e-01
1.650273777547317250e+15,6.225487310933242036e-01
1.650273777549208000e+15,6.220750266019282604e-01
1.650273777551098500e+15,6.216013847450015950e-01
1.650273777552989250e+15,6.211276802536056518e-01
1.650273777554879750e+15,6.206540383966790975e-01
1.650273777556770500e+15,6.201803339052831543e-01
1.650273777558661000e+15,6.197282383057993727e-01
1.650273777560551750e+15,6.197282383057993727e-01
1.650273777562442250e+15,6.197282383057993727e-01
1.650273777564333000e+15,6.197282383057993727e-01
1.650273777566223750e+15,6.197282383057993727e-01
1.650273777568114250e+15,6.197282383057993727e-01
1.650273777570005000e+15,6.197282383057993727e-01
1.650273777571895500e+15,6.197282383057992616e-01
1.650273777573786250e+15,6.197282383057993727e-01
1.650273777575676750e+15,6.197282383057993727e-01
1.650273777577567500e+15,6.197282383057993727e-01
1.650273777579458250e+15,6.197282383057993727e-01
1.650273777581348750e+15,6.197282383057993727e-01
1.650273777583239500e+15,6.197282383057993727e-01
1.650273777585130000e+15,6.197282383057993727e-01
1.650273777587020750e+15,6.197282383057992616e-01
1.650273777588911250e+15,6.197282383057992616e-01
1.650273777590802000e+15,6.197282383057991506e-01
1.650273777592692500e+15,6.197282383057991506e-01
1.650273777594583250e+15,6.197282383057991506e-01
1.650273777596474000e+15,6.197282383057990396e-01
1.650273777598364500e+15,6.197282383057990396e-01
1.650273777600255250e+15,6.197282383057989286e-01
1.650273777602145750e+15,6.197282383057990396e-01
1.650273777604036500e+15,6.197282383057989286e-01
1.650273777605927000e+15,6.197282383057989286e-01
1.650273777607817750e+15,6.197282383057989286e-01
1.650273777609708500e+15,6.197282383057990396e-01
1.650273777611599000e+15,6.197282383057990396e-01
1.650273777613489750e+15,6.197282383057991506e-01
1.650273777615380250e+15,6.197282383057991506e-01
1.650273777617271000e+15,6.197282383057991506e-01
1.650273777619161500e+15,6.197282383057992616e-01
1.650273777621052250e+15,6.197282383057992616e-01
1.650273777622942750e+15,6.197282383057993727e-01
1.650273777624833500e+15,6.197282383057993727e-01
1.650273777626724250e+15,6.197282383057993727e-01
1.650273777628614750e+15,6.197282383057993727e-01
1.650273777630505500e+15,6.197282383057993727e-01
1.650273777632396000e+15,6.197282383057993727e-01
1.650273777634286750e+15,6.197282383057992616e-01
1.650273777636177250e+15,6.197282383057992616e-01
1.650273777638068000e+15,6.197282383057991506e-01
1.650273777639958750e+15,6.197282383057991506e-01
1.650273777641849250e+15,6.197282383057991506e-01
1.650273777643740000e+15,6.197282383057991506e-01
1.650273777645630500e+15,6.197282383057990396e-01
1.650273777647521250e+15,6.197282383057990396e-01
1.650273777649411750e+15,6.197282383057989286e-01
1.650273777651302500e+15,6.195246398804377108e-01
1.650273777653193000e+15,6.170651969210416699e-01
1.650273777655083750e+15,6.146054287245444891e-01
1.650273777656974500e+15,6.121456605280473084e-01
1.650273777658865000e+15,6.096862175686512675e-01
1.650273777660755750e+15,6.075573249405487042e-01
1.650273777662646250e+15,6.086368933647452462e-01
1.650273777664537000e+15,6.097166045512301125e-01
1.650273777666427500e+15,6.107961729754265434e-01
1.650273777668318250e+15,6.118758841619112987e-01
1.650273777670209000e+15,6.129555953483962760e-01
1.650273777672099500e+15,6.132080457200305146e-01
1.650273777673990250e+15,6.122711567029280877e-01
1.650273777675880750e+15,6.113343915637864390e-01
1.650273777677771500e+15,6.103975025466840121e-01
1.650273777679662000e+15,6.094607374075422523e-01
1.650273777681552750e+15,6.085238483904398255e-01
1.650273777683443250e+15,6.075870832512981767e-01
1.650273777685334000e+15,6.074563920027138408e-01
1.650273777687224750e+15,6.074563920027138408e-01
1.650273777689115250e+15,6.074563920027138408e-01
1.650273777691006000e+15,6.074563920027138408e-01
1.650273777692896500e+15,6.074563920027138408e-01
1.650273777694787250e+15,6.074563920027138408e-01
1.650273777696677750e+15,6.074563920027139519e-01
1.650273777698568500e+15,6.074563920027138408e-01
1.650273777700459250e+15,6.074563920027138408e-01
1.650273777702349750e+15,6.074563920027138408e-01
1.650273777704240500e+15,6.074563920027139519e-01
1.650273777706131000e+15,6.074563920027138408e-01
1.650273777708021750e+15,6.074563920027138408e-01
1.650273777709912250e+15,6.074563920027138408e-01
1.650273777711803000e+15,6.074563920027138408e-01
1.650273777713693500e+15,6.074563920027138408e-01
1.650273777715584250e+15,6.074563920027138408e-01
1.650273777717475000e+15,6.074563920027138408e-01
1.650273777719365500e+15,6.074563920027138408e-01
1.650273777721256250e+15,6.074563920027138408e-01
1.650273777723146750e+15,6.074563920027138408e-01
1.650273777725037500e+15,6.074563920027138408e-01
1.650273777726928000e+15,6.074563920027139519e-01
1.650273777728818750e+15,6.074563920027138408e-01
1.650273777730709500e+15,6.074563920027138408e-01
1.650273777732600000e+15,6.074563920027138408e-01
1.650273777734490750e+15,6.074563920027138408e-01
1.650273777736381250e+15,6.074563920027138408e-01
1.650273777738272000e+15,6.074563920027138408e-01
1.650273777740162500e+15,6.074563920027138408e-01
1.650273777742053250e+15,6.074563920027138408e-01
1.650273777743943750e+15,6.074563920027138408e-01
1.650273777745834500e+15,6.074563920027137298e-01
1.650273777747725250e+15,6.074563920027137298e-01
1.650273777749615750e+15,6.074563920027137298e-01
1.650273777751506500e+15,6.074563920027138408e-01
1.650273777753397000e+15,6.074563920027138408e-01
1.650273777755287750e+15,6.074563920027138408e-01
1.650273777757178250e+15,6.074563920027138408e-01
1.650273777759069000e+15,6.074563920027138408e-01
1.650273777760959750e+15,6.074563920027138408e-01
1.650273777762850250e+15,6.074563920027138408e-01
1.650273777764741000e+15,6.074563920027138408e-01
1.650273777766631500e+15,6.074563920027138408e-01
1.650273777768522250e+15,6.074563920027138408e-01
1.650273777770412750e+15,6.074563920027138408e-01
1.650273777772303500e+15,6.074563920027138408e-01
1.650273777774194000e+15,6.074563920027138408e-01
1.650273777776084750e+15,6.074563920027138408e-01
1.650273777777975500e+15,6.074563920027138408e-01
1.650273777779866000e+15,6.074563920027138408e-01
1.650273777781756750e+15,6.074563920027138408e-01
1.650273777783647250e+15,6.074563920027138408e-01
1.650273777785538000e+15,6.074563920027138408e-01
1.650273777787428500e+15,6.074563920027138408e-01
1.650273777789319250e+15,6.074563920027138408e-01
1.650273777791210000e+15,6.074563920027138408e-01
1.650273777793100500e+15,6.074563920027138408e-01
1.650273777794991250e+15,6.074563920027138408e-01
1.650273777796881750e+15,6.074563920027138408e-01
1.650273777798772500e+15,6.074563920027138408e-01
1.650273777800663000e+15,6.074563920027138408e-01
1.650273777802553750e+15,6.074563920027138408e-01
1.650273777804444250e+15,6.074563920027138408e-01
1.650273777806335000e+15,6.074563920027138408e-01
1.650273777808225750e+15,6.074563920027138408e-01
1.650273777810116250e+15,6.074563920027138408e-01
1.650273777812007000e+15,6.074563920027138408e-01
1.650273777813897500e+15,6.074563920027138408e-01
1.650273777815788250e+15,6.074563920027137298e-01
1.650273777817678750e+15,6.074563920027138408e-01
1.650273777819569500e+15,6.074563920027138408e-01
1.650273777821460250e+15,6.074563920027138408e-01
1.650273777823350750e+15,6.074563920027136188e-01
1.650273777825241500e+15,6.074563920027136188e-01
1.650273777827132000e+15,6.074563920027136188e-01
1.650273777829022750e+15,6.074563920027135078e-01
1.650273777830913250e+15,6.074563920027135078e-01
1.650273777832804000e+15,6.074563920027135078e-01
1.650273777834694500e+15,6.074563920027136188e-01
1.650273777836585250e+15,6.074563920027136188e-01
1.650273777838476000e+15,6.074563920027137298e-01
1.650273777840366500e+15,6.074563920027137298e-01
1.650273777842257250e+15,6.074563920027138408e-01
1.650273777844147750e+15,6.074563920027138408e-01
1.650273777846038500e+15,6.074563920027138408e-01
1.650273777847929000e+15,6.074563920027138408e-01
1.650273777849819750e+15,6.074563920027138408e-01
1.650273777851710500e+15,6.074563920027138408e-01
1.650273777853601000e+15,6.074563920027138408e-01
1.650273777855491750e+15,6.074563920027138408e-01
1.650273777857382250e+15,6.074563920027137298e-01
1.650273777859273000e+15,6.074563920027138408e-01
1.650273777861163500e+15,6.074563920027137298e-01
1.650273777863054250e+15,6.074563920027138408e-01
1.650273777864944750e+15,6.074563920027138408e-01
1.650273777866835500e+15,6.074563920027138408e-01
1.650273777868726250e+15,6.074563920027138408e-01
1.650273777870616750e+15,6.074563920027138408e-01
1.650273777872507500e+15,6.074563920027138408e-01
1.650273777874398000e+15,6.074563920027137298e-01
1.650273777876288750e+15,6.074563920027137298e-01
1.650273777878179250e+15,6.074563920027136188e-01
1.650273777880070000e+15,6.074563920027135078e-01
1.650273777881960750e+15,6.074563920027135078e-01
1.650273777883851250e+15,6.072219683818894653e-01
1.650273777885742000e+15,6.064120342364844873e-01
1.650273777887632500e+15,6.056022071827291686e-01
1.650273777889523250e+15,6.047922730373243017e-01
1.650273777891413750e+15,6.039824459835689829e-01
1.650273777893304500e+15,6.031725118381641160e-01
1.650273777895195000e+15,6.023626847844087973e-01
1.650273777897085750e+15,6.015527506390039303e-01
1.650273777898976500e+15,6.013204688511706308e-01
1.650273777900867000e+15,6.013204688511708529e-01
1.650273777902757750e+15,6.013204688511708529e-01
1.650273777904648250e+15,6.013204688511709639e-01
1.650273777906539000e+15,6.015761433667573543e-01
1.650273777908429500e+15,6.020775465531844617e-01
1.650273777910320250e+15,6.025790160452433319e-01
1.650273777912211000e+15,6.030804855373019802e-01
1.650273777914101500e+15,6.035818887237291985e-01
1.650273777915992250e+15,6.040833582157880688e-01
1.650273777917882750e+15,6.045847614022151761e-01
1.650273777919773500e+15,6.050862308942740464e-01
1.650273777921664000e+15,6.055876340807011537e-01
1.650273777923554750e+15,6.060891035727599130e-01
1.650273777925445250e+15,6.065905067591871314e-01
1.650273777927336000e+15,6.070919762512458906e-01
1.650273777929226750e+15,6.069792304844960906e-01
1.650273777931117250e+15,6.052335626563558613e-01
1.650273777933008000e+15,6.034876639808435250e-01
1.650273777934898500e+15,6.017419961527034067e-01
1.650273777936789250e+15,5.999960974771909594e-01
1.650273777938679750e+15,5.982504296490508411e-01
1.650273777940570500e+15,5.965045309735385048e-01
1.650273777942461250e+15,5.952569051339254846e-01
1.650273777944351750e+15,5.955534807665282537e-01
1.650273777946242500e+15,5.958500956183365727e-01
1.650273777948133000e+15,5.961466712509393417e-01
1.650273777950023750e+15,5.964432861027475496e-01
1.650273777951914250e+15,5.967398617353503187e-01
1.650273777953805000e+15,5.970364765871585266e-01
1.650273777955695750e+15,5.973330914389668456e-01
1.650273777957586250e+15,5.976296670715695036e-01
1.650273777959477000e+15,5.979262819233778226e-01
1.650273777961367500e+15,5.982228575559805916e-01
1.650273777963258250e+15,5.985194724077889106e-01
1.650273777965148750e+15,5.988160480403915686e-01
1.650273777967039500e+15,5.991126628921998876e-01
1.650273777968930000e+15,5.994092385248026567e-01
1.650273777970820750e+15,5.997058533766108646e-01
1.650273777972711500e+15,6.000024682284191835e-01
1.650273777974602000e+15,6.002990438610218416e-01
1.650273777976492750e+15,6.005956587128301605e-01
1.650273777978383250e+15,6.008922343454329296e-01
1.650273777980274000e+15,6.011888491972412485e-01
1.650273777982164500e+15,6.013204688511707419e-01
1.650273777984055250e+15,6.013204688511708529e-01
1.650273777985946000e+15,6.013204688511710749e-01
1.650273777987836500e+15,6.013204688511712970e-01
1.650273777989727250e+15,6.013204688511714080e-01
1.650273777991617750e+15,6.013204688511715190e-01
1.650273777993508500e+15,6.013204688511717411e-01
1.650273777995399000e+15,6.012028438734163815e-01
1.650273777997289750e+15,6.001826630170341570e-01
1.650273777999180250e+15,5.991626170516812788e-01
1.650273778001071000e+15,5.981424361952990543e-01
1.650273778002961750e+15,5.971222553389167187e-01
1.650273778004852250e+15,5.961022093735639515e-01
1.650273778006743000e+15,5.951845456996291972e-01
1.650273778008633500e+15,5.951845456996290862e-01
1.650273778010524250e+15,5.951845456996289752e-01
1.650273778012414750e+15,5.951845456996289752e-01
1.650273778014305500e+15,5.951845456996288641e-01
1.650273778016196250e+15,5.951845456996287531e-01
1.650273778018086750e+15,5.943211826448936419e-01
1.650273778019977500e+15,5.909675027358227695e-01
1.650273778021868000e+15,5.876142662592402921e-01
1.650273778023758750e+15,5.842605863501693086e-01
1.650273778025649250e+15,5.809073498735867203e-01
1.650273778027540000e+15,5.775536699645158478e-01
1.650273778029430500e+15,5.763607353348331186e-01
1.650273778031321250e+15,5.758191660743168239e-01
1.650273778033212000e+15,5.752775968138006402e-01
1.650273778035102500e+15,5.747360991610142023e-01
1.650273778036993250e+15,5.741945299004979075e-01
1.650273778038883750e+15,5.736530322477115806e-01
1.650273778040774500e+15,5.731114629871953969e-01
1.650273778042665000e+15,5.725699653344089590e-01
1.650273778044555750e+15,5.720283960738926643e-01
1.650273778046446500e+15,5.714868268133764806e-01
1.650273778048337000e+15,5.709453291605900427e-01
1.650273778050227750e+15,5.706408530934585777e-01
1.650273778052118250e+15,5.706408530934585777e-01
1.650273778054009000e+15,5.706408530934585777e-01
1.650273778055899500e+15,5.706408530934585777e-01
1.650273778057790250e+15,5.706408530934585777e-01
1.650273778059680750e+15,5.706408530934585777e-01
1.650273778061571500e+15,5.706408530934585777e-01
1.650273778063462250e+15,5.706408530934586887e-01
1.650273778065352750e+15,5.706408530934587997e-01
1.650273778067243500e+15,5.706408530934589107e-01
1.650273778069134000e+15,5.706408530934590217e-01
1.650273778071024750e+15,5.706408530934591328e-01
1.650273778072915250e+15,5.706408530934593548e-01
1.650273778074806000e+15,5.706408530934594658e-01
1.650273778076696750e+15,5.715385103861022609e-01
1.650273778078587250e+15,5.724809072272746269e-01
1.650273778080478000e+15,5.734234286911448208e-01
1.650273778082368500e+15,5.743658255323171868e-01
1.650273778084259250e+15,5.753083469961874918e-01
1.650273778086149750e+15,5.762507438373598578e-01
1.650273778088040500e+15,5.763051512410354293e-01
1.650273778089931000e+15,5.752379973571355443e-01
1.650273778091821750e+15,5.741707023526479992e-01
1.650273778093712500e+15,5.731034073481604540e-01
1.650273778095603000e+15,5.720362534642605690e-01
1.650273778097493750e+15,5.709689584597730239e-01
1.650273778099384250e+15,5.706408530934590217e-01
1.650273778101275000e+15,5.706408530934590217e-01
1.650273778103165500e+15,5.706408530934587997e-01
1.650273778105056250e+15,5.706408530934587997e-01
1.650273778106947000e+15,5.706408530934587997e-01
1.650273778108837500e+15,5.706408530934587997e-01
1.650273778110728250e+15,5.706408530934586887e-01
1.650273778112618750e+15,5.706408530934586887e-01
1.650273778114509500e+15,5.706408530934586887e-01
1.650273778116400000e+15,5.706408530934585777e-01
1.650273778118290750e+15,5.706408530934585777e-01
1.650273778120181250e+15,5.706408530934586887e-01
1.650273778122072000e+15,5.706408530934587997e-01
1.650273778123962750e+15,5.706408530934590217e-01
1.650273778125853250e+15,5.706408530934590217e-01
1.650273778127744000e+15,5.706408530934591328e-01
1.650273778129634500e+15,5.706408530934592438e-01
1.650273778131525250e+15,5.706408530934593548e-01
1.650273778133415750e+15,5.706408530934593548e-01
1.650273778135306500e+15,5.706408530934592438e-01
1.650273778137197250e+15,5.706408530934590217e-01
1.650273778139087750e+15,5.706408530934587997e-01
1.650273778140978500e+15,5.706408530934584666e-01
1.650273778142869000e+15,5.706408530934585777e-01
1.650273778144759750e+15,5.706408530934585777e-01
1.650273778146650250e+15,5.706408530934585777e-01
1.650273778148541000e+15,5.706408530934585777e-01
1.650273778150431500e+15,5.706408530934584666e-01
1.650273778152322250e+15,5.706408530934585777e-01
1.650273778154213000e+15,5.706408530934585777e-01
1.650273778156103500e+15,5.706408530934586887e-01
1.650273778157994250e+15,5.706408530934586887e-01
1.650273778159884750e+15,5.706408530934587997e-01
1.650273778161775500e+15,5.706408530934587997e-01
1.650273778163666000e+15,5.706408530934587997e-01
1.650273778165556750e+15,5.706408530934587997e-01
1.650273778167447500e+15,5.706408530934589107e-01
1.650273778169338000e+15,5.706408530934589107e-01
1.650273778171228750e+15,5.706408530934589107e-01
1.650273778173119250e+15,5.706408530934589107e-01
1.650273778175010000e+15,5.706408530934590217e-01
1.650273778176900500e+15,5.701095490132346288e-01
1.650273778178791250e+15,5.695540813938348990e-01
1.650273778180681750e+15,5.689986872198431467e-01
1.650273778182572500e+15,5.684432196004434168e-01
1.650273778184463250e+15,5.678877519810439090e-01
1.650273778186353750e+15,5.673323578070520457e-01
1.650273778188244500e+15,5.667768901876523158e-01
1.650273778190135000e+15,5.662214960136604525e-01
1.650273778192025750e+15,5.656660283942608336e-01
1.650273778193916250e+15,5.651106342202690813e-01
1.650273778195807000e+15,5.645551666008693514e-01
1.650273778197697750e+15,5.645049299419153677e-01
1.650273778199588250e+15,5.645049299419153677e-01
1.650273778201479000e+15,5.645049299419153677e-01
1.650273778203369500e+15,5.645049299419153677e-01
1.650273778205260250e+15,5.645049299419153677e-01
1.650273778207150750e+15,5.645049299419153677e-01
1.650273778209041500e+15,5.645049299419153677e-01
1.650273778210932000e+15,5.645049299419153677e-01
1.650273778212822750e+15,5.645049299419153677e-01
1.650273778214713500e+15,5.645049299419153677e-01
1.650273778216604000e+15,5.645049299419153677e-01
1.650273778218494750e+15,5.645049299419153677e-01
1.650273778220385250e+15,5.645049299419153677e-01
1.650273778222276000e+15,5.645049299419153677e-01
1.650273778224166500e+15,5.645049299419153677e-01
1.650273778226057250e+15,5.645049299419153677e-01
1.650273778227948000e+15,5.645049299419153677e-01
1.650273778229838500e+15,5.644873921252562265e-01
1.650273778231729250e+15,5.637586091176063352e-01
1.650273778233619750e+15,5.630299224715864526e-01
1.650273778235510500e+15,5.623011394639365612e-01
1.650273778237401000e+15,5.615724528179166786e-01
1.650273778239291750e+15,5.608436698102667872e-01
1.650273778241182250e+15,5.601149831642469046e-01
1.650273778243073000e+15,5.593862001565970132e-01
1.650273778244963750e+15,5.586574171489471219e-01
1.650273778246854250e+15,5.587276027596669303e-01
1.650273778248745000e+15,5.593211815112033580e-01
1.650273778250635500e+15,5.599146817781764929e-01
1.650273778252526250e+15,5.605082605297130316e-01
1.650273778254416750e+15,5.611017607966861664e-01
1.650273778256307500e+15,5.616953395482227052e-01
1.650273778258198250e+15,5.622889182997591329e-01
1.650273778260088750e+15,5.628824185667322677e-01
1.650273778261979500e+15,5.634759973182688064e-01
1.650273778263870000e+15,5.640694975852420523e-01
1.650273778265760750e+15,5.642104675919501489e-01
1.650273778267651250e+15,5.631053935024016299e-01
1.650273778269542000e+15,5.620001732776918058e-01
1.650273778271432500e+15,5.608950991881433978e-01
1.650273778273323250e+15,5.597898789634334626e-01
1.650273778275214000e+15,5.586846587387236385e-01
1.650273778277104500e+15,5.583690067903734899e-01
1.650273778278995250e+15,5.583690067903734899e-01
1.650273778280885750e+15,5.583690067903734899e-01
1.650273778282776500e+15,5.583690067903734899e-01
1.650273778284667000e+15,5.583690067903734899e-01
1.650273778286557750e+15,5.583690067903734899e-01
1.650273778288448500e+15,5.583690067903734899e-01
1.650273778290339000e+15,5.583690067903734899e-01
1.650273778292229750e+15,5.583690067903734899e-01
1.650273778294120250e+15,5.583690067903734899e-01
1.650273778296011000e+15,5.583690067903734899e-01
1.650273778297901500e+15,5.583690067903734899e-01
1.650273778299792250e+15,5.583690067903734899e-01
1.650273778301682750e+15,5.583690067903734899e-01
1.650273778303573500e+15,5.583690067903734899e-01
1.650273778305464250e+15,5.583690067903734899e-01
1.650273778307354750e+15,5.583690067903734899e-01
1.650273778309245500e+15,5.583690067903734899e-01
1.650273778311136000e+15,5.587051758600156681e-01
1.650273778313026750e+15,5.592330925281434606e-01
1.650273778314917250e+15,5.597609393937236222e-01
1.650273778316808000e+15,5.602888560618515257e-01
1.650273778318698750e+15,5.608167727299793182e-01
1.650273778320589250e+15,5.613446195955595908e-01
1.650273778322480000e+15,5.618725362636873832e-01
1.650273778324370500e+15,5.624003831292675448e-01
1.650273778326261250e+15,5.629282997973954483e-01
1.650273778328151750e+15,5.634561466629757209e-01
1.650273778330042500e+15,5.639840633311034024e-01
1.650273778331933000e+15,5.645049299419153677e-01
1.650273778333823750e+15,5.645049299419154787e-01
1.650273778335714500e+15,5.645049299419155897e-01
1.650273778337605000e+15,5.645049299419155897e-01
1.650273778339495750e+15,5.645049299419157007e-01
1.650273778341386250e+15,5.645049299419157007e-01
1.650273778343277000e+15,5.645049299419158118e-01
1.650273778345167500e+15,5.645049299419158118e-01
1.650273778347058250e+15,5.645049299419158118e-01
1.650273778348949000e+15,5.645049299419159228e-01
1.650273778350839500e+15,5.645049299419160338e-01
1.650273778352730250e+15,5.645049299419161448e-01
1.650273778354620750e+15,5.645049299419162558e-01
1.650273778356511500e+15,5.645049299419162558e-01
1.650273778358402000e+15,5.645049299419161448e-01
1.650273778360292750e+15,5.645049299419161448e-01
1.650273778362183250e+15,5.645049299419161448e-01
1.650273778364074000e+15,5.645049299419160338e-01
1.650273778365964750e+15,5.645049299419160338e-01
1.650273778367855250e+15,5.645049299419160338e-01
1.650273778369746000e+15,5.645049299419160338e-01
1.650273778371636500e+15,5.645049299419159228e-01
1.650273778373527250e+15,5.645049299419159228e-01
1.650273778375417750e+15,5.645049299419158118e-01
1.650273778377308500e+15,5.645049299419158118e-01
1.650273778379199250e+15,5.645049299419158118e-01
1.650273778381089750e+15,5.645049299419158118e-01
1.650273778382980500e+15,5.645049299419158118e-01
1.650273778384871000e+15,5.645049299419158118e-01
1.650273778386761750e+15,5.645049299419158118e-01
1.650273778388652250e+15,5.645049299419158118e-01
1.650273778390543000e+15,5.636158699695323904e-01
1.650273778392433500e+15,5.625057194557998574e-01
1.650273778394324250e+15,5.613954221355990093e-01
1.650273778396215000e+15,5.602851248153981611e-01
1.650273778398105500e+15,5.591749743016656282e-01
1.650273778399996250e+15,5.586370622715576273e-01
1.650273778401886750e+15,5.596148893572856498e-01
1.650273778403777500e+15,5.605928457510122032e-01
1.650273778405668000e+15,5.615706728367400036e-01
1.650273778407558750e+15,5.625486292304666680e-01
1.650273778409449500e+15,5.635265856241933324e-01
1.650273778411340000e+15,5.645044127099213549e-01
1.650273778413230750e+15,5.636825639294600343e-01
1.650273778415121250e+15,5.628598715381132322e-01
1.650273778417012000e+15,5.620370703538026813e-01
1.650273778418902500e+15,5.612143779624557682e-01
1.650273778420793250e+15,5.603915767781452173e-01
1.650273778422683750e+15,5.595688843867983042e-01
1.650273778424574500e+15,5.587460832024877533e-01
1.650273778426465250e+15,5.589103729104499818e-01
1.650273778428355750e+15,5.599095944384016033e-01
1.650273778430246500e+15,5.609089481035560709e-01
1.650273778432137000e+15,5.619081696315078034e-01
1.650273778434027750e+15,5.629075232966622711e-01
1.650273778435918250e+15,5.639067448246140035e-01
1.650273778437809000e+15,5.645049299419158118e-01
1.650273778439699750e+15,5.645049299419158118e-01
1.650273778441590250e+15,5.645049299419158118e-01
1.650273778443481000e+15,5.645049299419158118e-01
1.650273778445371500e+15,5.645049299419158118e-01
1.650273778447262250e+15,5.645049299419159228e-01
1.650273778449152750e+15,5.645049299419158118e-01
1.650273778451043500e+15,5.645049299419160338e-01
1.650273778452934000e+15,5.645049299419160338e-01
1.650273778454824750e+15,5.645049299419161448e-01
1.650273778456715500e+15,5.645049299419161448e-01
1.650273778458606000e+15,5.637633796716026158e-01
1.650273778460496750e+15,5.621499318308711413e-01
1.650273778462387250e+15,5.605366973245098361e-01
1.650273778464278000e+15,5.589232494837783616e-01
1.650273778466168500e+15,5.573100149774170564e-01
1.650273778468059250e+15,5.556965671366856929e-01
1.650273778469950000e+15,5.540831192959543294e-01
1.650273778471840500e+15,5.524698847895929132e-01
1.650273778473731250e+15,5.522330836388311681e-01
1.650273778475621750e+15,5.522330836388311681e-01
1.650273778477512500e+15,5.522330836388311681e-01
1.650273778479403000e+15,5.522330836388311681e-01
1.650273778481293750e+15,5.522330836388311681e-01
1.650273778483184250e+15,5.522330836388311681e-01
1.650273778485075000e+15,5.522330836388311681e-01
1.650273778486965750e+15,5.522330836388311681e-01
1.650273778488856250e+15,5.522330836388311681e-01
1.650273778490747000e+15,5.522330836388311681e-01
1.650273778492637500e+15,5.522330836388311681e-01
1.650273778494528250e+15,5.522330836388311681e-01
1.650273778496418750e+15,5.522330836388311681e-01
1.650273778498309500e+15,5.522330836388311681e-01
1.650273778500200250e+15,5.522330836388311681e-01
1.650273778502090750e+15,5.531777191347089229e-01
1.650273778503981500e+15,5.542564264056319967e-01
1.650273778505872000e+15,5.553349910470072315e-01
1.650273778507762750e+15,5.564136983179303053e-01
1.650273778509653250e+15,5.574922629593055401e-01
1.650273778511544000e+15,5.583690067903729348e-01
1.650273778513434500e+15,5.583690067903730458e-01
1.650273778515325250e+15,5.583690067903730458e-01
1.650273778517216000e+15,5.583690067903730458e-01
1.650273778519106500e+15,5.583690067903730458e-01
1.650273778520997250e+15,5.583690067903730458e-01
1.650273778522887750e+15,5.583690067903730458e-01
1.650273778524778500e+15,5.583690067903730458e-01
1.650273778526669000e+15,5.583690067903730458e-01
1.650273778528559750e+15,5.583690067903730458e-01
1.650273778530450500e+15,5.583690067903730458e-01
1.650273778532341000e+15,5.583690067903730458e-01
1.650273778534231750e+15,5.583690067903730458e-01
1.650273778536122250e+15,5.583690067903731569e-01
1.650273778538013000e+15,5.583690067903730458e-01
1.650273778539903500e+15,5.583690067903730458e-01
1.650273778541794250e+15,5.583690067903730458e-01
1.650273778543684750e+15,5.583690067903730458e-01
1.650273778545575500e+15,5.583690067903730458e-01
1.650273778547466250e+15,5.583690067903730458e-01
1.650273778549356750e+15,5.583690067903730458e-01
1.650273778551247500e+15,5.583690067903730458e-01
1.650273778553138000e+15,5.583690067903730458e-01
1.650273778555028750e+15,5.583690067903730458e-01
1.650273778556919250e+15,5.583690067903730458e-01
1.650273778558810000e+15,5.583690067903730458e-01
1.650273778560700750e+15,5.583690067903730458e-01
1.650273778562591250e+15,5.583690067903730458e-01
1.650273778564482000e+15,5.583690067903730458e-01
1.650273778566372500e+15,5.583690067903730458e-01
1.650273778568263250e+15,5.583690067903730458e-01
1.650273778570153750e+15,5.583690067903729348e-01
1.650273778572044500e+15,5.583690067903731569e-01
1.650273778573935000e+15,5.583690067903730458e-01
1.650273778575825750e+15,5.583690067903731569e-01
1.650273778577716500e+15,5.583690067903732679e-01
1.650273778579607000e+15,5.583690067903732679e-01
1.650273778581497750e+15,5.583690067903732679e-01
1.650273778583388250e+15,5.583690067903733789e-01
1.650273778585279000e+15,5.583690067903733789e-01
1.650273778587169500e+15,5.583690067903733789e-01
1.650273778589060250e+15,5.583690067903734899e-01
1.650273778590951000e+15,5.583690067903734899e-01
1.650273778592841500e+15,5.583690067903734899e-01
1.650273778594732250e+15,5.583690067903733789e-01
1.650273778596622750e+15,5.583690067903733789e-01
1.650273778598513500e+15,5.583690067903732679e-01
1.650273778600404000e+15,5.583690067903732679e-01
1.650273778602294750e+15,5.583690067903731569e-01
1.650273778604185250e+15,5.583690067903731569e-01
1.650273778606076000e+15,5.583690067903730458e-01
1.650273778607966750e+15,5.583690067903730458e-01
1.650273778609857250e+15,5.583690067903730458e-01
1.650273778611748000e+15,5.583690067903730458e-01
1.650273778613638500e+15,5.583690067903730458e-01
1.650273778615529250e+15,5.583690067903730458e-01
1.650273778617419750e+15,5.583690067903730458e-01
1.650273778619310500e+15,5.583690067903730458e-01
1.650273778621201250e+15,5.583690067903730458e-01
1.650273778623091750e+15,5.583690067903729348e-01
1.650273778624982500e+15,5.583690067903729348e-01
1.650273778626873000e+15,5.583690067903730458e-01
1.650273778628763750e+15,5.583690067903729348e-01
1.650273778630654250e+15,5.583690067903730458e-01
1.650273778632545000e+15,5.583690067903730458e-01
1.650273778634435500e+15,5.583690067903729348e-01
1.650273778636326250e+15,5.583690067903730458e-01
1.650273778638217000e+15,5.583690067903730458e-01
1.650273778640107500e+15,5.583690067903730458e-01
1.650273778641998250e+15,5.583690067903730458e-01
1.650273778643888750e+15,5.583690067903730458e-01
1.650273778645779500e+15,5.583690067903730458e-01
1.650273778647670000e+15,5.583690067903730458e-01
1.650273778649560750e+15,5.583690067903730458e-01
1.650273778651451500e+15,5.583690067903730458e-01
1.650273778653342000e+15,5.583690067903730458e-01
1.650273778655232750e+15,5.583690067903730458e-01
1.650273778657123250e+15,5.583690067903730458e-01
1.650273778659014000e+15,5.583690067903730458e-01
1.650273778660904500e+15,5.583690067903730458e-01
1.650273778662795250e+15,5.583690067903730458e-01
1.650273778664685750e+15,5.583690067903730458e-01
1.650273778666576500e+15,5.583690067903730458e-01
1.650273778668467250e+15,5.583690067903730458e-01
1.650273778670357750e+15,5.583690067903730458e-01
1.650273778672248500e+15,5.583690067903730458e-01
1.650273778674139000e+15,5.583690067903730458e-01
1.650273778676029750e+15,5.583690067903730458e-01
1.650273778677920250e+15,5.583690067903729348e-01
1.650273778679811000e+15,5.583690067903730458e-01
1.650273778681701750e+15,5.583690067903730458e-01
1.650273778683592250e+15,5.583690067903731569e-01
1.650273778685483000e+15,5.583690067903730458e-01
1.650273778687373500e+15,5.583690067903730458e-01
1.650273778689264250e+15,5.583690067903730458e-01
1.650273778691154750e+15,5.583690067903730458e-01
1.650273778693045500e+15,5.583690067903730458e-01
1.650273778694936000e+15,5.583690067903729348e-01
1.650273778696826750e+15,5.583690067903730458e-01
1.650273778698717500e+15,5.583690067903730458e-01
1.650273778700608000e+15,5.583690067903730458e-01
1.650273778702498750e+15,5.583690067903730458e-01
1.650273778704389250e+15,5.583690067903730458e-01
1.650273778706280000e+15,5.583690067903730458e-01
1.650273778708170500e+15,5.583690067903730458e-01
1.650273778710061250e+15,5.583690067903730458e-01
1.650273778711952000e+15,5.583690067903730458e-01
1.650273778713842500e+15,5.583690067903730458e-01
1.650273778715733250e+15,5.583690067903730458e-01
1.650273778717623750e+15,5.583690067903730458e-01
1.650273778719514500e+15,5.583690067903730458e-01
1.650273778721405000e+15,5.583690067903730458e-01
1.650273778723295750e+15,5.583690067903730458e-01
1.650273778725186250e+15,5.583690067903730458e-01
1.650273778727077000e+15,5.583690067903730458e-01
1.650273778728967750e+15,5.583690067903730458e-01
1.650273778730858250e+15,5.583690067903730458e-01
1.650273778732749000e+15,5.583690067903730458e-01
1.650273778734639500e+15,5.583690067903730458e-01
1.650273778736530250e+15,5.583690067903731569e-01
1.650273778738420750e+15,5.583690067903730458e-01
1.650273778740311500e+15,5.583690067903730458e-01
1.650273778742202250e+15,5.583690067903730458e-01
1.650273778744092750e+15,5.583690067903730458e-01
1.650273778745983500e+15,5.583690067903730458e-01
1.650273778747874000e+15,5.583690067903730458e-01
1.650273778749764750e+15,5.583690067903730458e-01
1.650273778751655250e+15,5.583690067903730458e-01
1.650273778753546000e+15,5.583690067903730458e-01
1.650273778755436500e+15,5.583690067903730458e-01
1.650273778757327250e+15,5.583690067903730458e-01
1.650273778759218000e+15,5.583690067903730458e-01
1.650273778761108500e+15,5.583690067903730458e-01
1.650273778762999250e+15,5.583690067903730458e-01
1.650273778764889750e+15,5.583690067903730458e-01
1.650273778766780500e+15,5.583690067903730458e-01
1.650273778768671000e+15,5.583690067903730458e-01
1.650273778770561750e+15,5.583690067903730458e-01
1.650273778772452500e+15,5.583690067903731569e-01
1.650273778774343000e+15,5.583690067903730458e-01
1.650273778776233750e+15,5.583690067903730458e-01
1.650273778778124250e+15,5.583690067903731569e-01
1.650273778780015000e+15,5.583690067903730458e-01
1.650273778781905500e+15,5.583690067903730458e-01
1.650273778783796250e+15,5.583690067903730458e-01
1.650273778785686750e+15,5.583690067903730458e-01
1.650273778787577500e+15,5.583690067903730458e-01
1.650273778789468250e+15,5.583690067903730458e-01
1.650273778791358750e+15,5.583690067903730458e-01
1.650273778793249500e+15,5.583690067903730458e-01
1.650273778795140000e+15,5.583690067903729348e-01
1.650273778797030750e+15,5.583690067903730458e-01
1.650273778798921250e+15,5.583690067903729348e-01
1.650273778800812000e+15,5.583690067903730458e-01
1.650273778802702750e+15,5.583690067903731569e-01
1.650273778804593250e+15,5.583690067903732679e-01
1.650273778806484000e+15,5.583690067903732679e-01
1.650273778808374500e+15,5.583690067903733789e-01
1.650273778810265250e+15,5.583690067903734899e-01
1.650273778812155750e+15,5.583690067903734899e-01
1.650273778814046500e+15,5.583690067903733789e-01
1.650273778815937000e+15,5.583690067903733789e-01
1.650273778817827750e+15,5.583690067903732679e-01
1.650273778819718500e+15,5.583690067903732679e-01
1.650273778821609000e+15,5.583690067903731569e-01
1.650273778823499750e+15,5.583690067903731569e-01
1.650273778825390250e+15,5.583690067903730458e-01
1.650273778827281000e+15,5.583690067903730458e-01
1.650273778829171500e+15,5.583690067903730458e-01
1.650273778831062250e+15,5.583690067903729348e-01
1.650273778832953000e+15,5.583690067903728238e-01
1.650273778834843500e+15,5.583690067903727128e-01
1.650273778836734250e+15,5.583690067903726018e-01
1.650273778838624750e+15,5.581954302886060759e-01
1.650273778840515500e+15,5.572597502580569628e-01
1.650273778842406000e+15,5.563241939456132767e-01
1.650273778844296750e+15,5.553885139150641637e-01
1.650273778846187250e+15,5.544529576026203666e-01
1.650273778848078000e+15,5.535172775720713645e-01
1.650273778849968750e+15,5.525815975415223624e-01
1.650273778851859250e+15,5.518664150156622483e-01
1.650273778853750000e+15,5.512819861859418191e-01
1.650273778855640500e+15,5.506976346309576664e-01
1.650273778857531250e+15,5.501132058012372372e-01
1.650273778859421750e+15,5.495288542462530845e-01
1.650273778861312500e+15,5.489444254165326553e-01
1.650273778863203250e+15,5.483599965868122261e-01
1.650273778865093750e+15,5.477756450318280734e-01
1.650273778866984500e+15,5.471912162021077553e-01
1.650273778868875000e+15,5.466068646471233805e-01
1.650273778870765750e+15,5.462403972024179044e-01
1.650273778872656250e+15,5.473605172022238952e-01
1.650273778874547000e+15,5.484807853268645061e-01
1.650273778876437500e+15,5.496009053266706079e-01
1.650273778878328250e+15,5.507211734513111079e-01
1.650273778880219000e+15,5.518414415759518299e-01
1.650273778882109500e+15,5.529615615757578206e-01
1.650273778884000250e+15,5.540818297003984316e-01
1.650273778885890750e+15,5.552019497002044224e-01
1.650273778887781500e+15,5.563222178248450334e-01
1.650273778889672000e+15,5.574423378246510241e-01
1.650273778891562750e+15,5.582114992964793965e-01
1.650273778893453500e+15,5.573000768203401067e-01
1.650273778895344000e+15,5.563887748549075640e-01
1.650273778897234750e+15,5.554773523787681633e-01
1.650273778899125250e+15,5.545660504133357316e-01
1.650273778901016000e+15,5.536546279371963308e-01
1.650273778902906500e+15,5.527433259717638991e-01
1.650273778904797250e+15,5.514028735847139595e-01
1.650273778906687750e+15,5.495170074299438046e-01
1.650273778908578500e+15,5.476308918879537746e-01
1.650273778910469250e+15,5.457447763459639667e-01
1.650273778912359750e+15,5.438589101911937007e-01
1.650273778914250500e+15,5.419727946492037818e-01
1.650273778916141000e+15,5.400869284944335158e-01
1.650273778918031750e+15,5.404462924504950250e-01
1.650273778919922250e+15,5.409659109202133997e-01
1.650273778921813000e+15,5.414855981043551481e-01
1.650273778923703750e+15,5.420052852884968964e-01
1.650273778925594250e+15,5.425249037582151601e-01
1.650273778927485000e+15,5.430445909423569084e-01
1.650273778929375500e+15,5.435642094120752832e-01
1.650273778931266250e+15,5.440838965962171425e-01
1.650273778933156750e+15,5.446035150659354063e-01
1.650273778935047500e+15,5.451232022500771546e-01
1.650273778936938000e+15,5.456428207197956404e-01
1.650273778938828750e+15,5.460971604872878471e-01
1.650273778940719500e+15,5.460971604872879581e-01
1.650273778942610000e+15,5.460971604872879581e-01
1.650273778944500750e+15,5.460971604872879581e-01
1.650273778946391250e+15,5.460971604872878471e-01
1.650273778948282000e+15,5.460971604872879581e-01
1.650273778950172500e+15,5.460971604872879581e-01
1.650273778952063250e+15,5.460033699374969851e-01
1.650273778953954000e+15,5.446624664817898420e-01
1.650273778955844500e+15,5.433217403239084531e-01
1.650273778957735250e+15,5.419808368682014210e-01
1.650273778959625750e+15,5.406401107103200321e-01
1.650273778961516500e+15,5.402019047417109254e-01
1.650273778963407000e+15,5.406892981332231951e-01
1.650273778965297750e+15,5.411767559777096448e-01
1.650273778967188250e+15,5.416641493692218035e-01
1.650273778969079000e+15,5.421516072137082531e-01
1.650273778970969750e+15,5.426390650581947028e-01
1.650273778972860250e+15,5.431264584497068615e-01
1.650273778974751000e+15,5.436139162941934222e-01
1.650273778976641500e+15,5.441013096857055809e-01
1.650273778978532250e+15,5.445887675301920305e-01
1.650273778980422750e+15,5.450761609217041892e-01
1.650273778982313500e+15,5.455636187661906389e-01
1.650273778984204250e+15,5.460510766106771996e-01
1.650273778986094750e+15,5.449624190812106805e-01
1.650273778987985500e+15,5.437090162399424997e-01
1.650273778989876000e+15,5.424557791269357665e-01
1.650273778991766750e+15,5.412023762856676967e-01
1.650273778993657250e+15,5.399612373357460804e-01
1.650273778995548000e+15,5.399612373357460804e-01
1.650273778997438750e+15,5.399612373357460804e-01
1.650273778999329250e+15,5.399612373357460804e-01
1.650273779001220000e+15,5.399612373357460804e-01
1.650273779003110500e+15,5.399612373357460804e-01
1.650273779005001250e+15,5.399612373357460804e-01
1.650273779006891750e+15,5.399612373357460804e-01
1.650273779008782500e+15,5.399612373357460804e-01
1.650273779010673000e+15,5.399612373357460804e-01
1.650273779012563750e+15,5.399612373357460804e-01
1.650273779014454500e+15,5.399612373357460804e-01
1.650273779016345000e+15,5.399612373357460804e-01
1.650273779018235750e+15,5.399612373357460804e-01
1.650273779020126250e+15,5.399612373357460804e-01
1.650273779022017000e+15,5.399612373357459694e-01
1.650273779023907500e+15,5.399612373357458583e-01
1.650273779025798250e+15,5.399612373357457473e-01
1.650273779027689000e+15,5.399612373357457473e-01
1.650273779029579500e+15,5.399612373357456363e-01
1.650273779031470250e+15,5.399612373357456363e-01
1.650273779033360750e+15,5.399612373357456363e-01
1.650273779035251500e+15,5.399612373357456363e-01
1.650273779037142000e+15,5.399612373357456363e-01
1.650273779039032750e+15,5.399612373357456363e-01
1.650273779040923250e+15,5.399612373357456363e-01
1.650273779042814000e+15,5.399612373357456363e-01
1.650273779044704750e+15,5.399612373357456363e-01
1.650273779046595250e+15,5.399612373357457473e-01
1.650273779048486000e+15,5.399612373357458583e-01
1.650273779050376500e+15,5.399612373357458583e-01
1.650273779052267250e+15,5.399612373357458583e-01
1.650273779054157750e+15,5.399612373357459694e-01
1.650273779056048500e+15,5.399612373357459694e-01
1.650273779057939250e+15,5.399612373357460804e-01
1.650273779059829750e+15,5.399612373357460804e-01
1.650273779061720500e+15,5.399612373357460804e-01
1.650273779063611000e+15,5.400705909929657267e-01
1.650273779065501750e+15,5.406161330177365887e-01
1.650273779067392250e+15,5.411616029094881153e-01
1.650273779069283000e+15,5.417071449342589773e-01
1.650273779071173500e+15,5.422526148260105039e-01
1.650273779073064250e+15,5.427981568507812549e-01
1.650273779074955000e+15,5.433436988755521169e-01
1.650273779076845500e+15,5.438891687673037545e-01
1.650273779078736250e+15,5.444347107920745055e-01
1.650273779080626750e+15,5.449801806838260321e-01
1.650273779082517500e+15,5.455257227085967831e-01
1.650273779084408000e+15,5.460711926003484207e-01
1.650273779086298750e+15,5.448114653959280629e-01
1.650273779088189500e+15,5.434615123241597345e-01
1.650273779090080000e+15,5.421117377467813414e-01
1.650273779091970750e+15,5.407617846750127910e-01
1.650273779093861250e+15,5.403662187930017291e-01
1.650273779095752000e+15,5.413616282051667561e-01
1.650273779097642500e+15,5.423569060016484311e-01
1.650273779099533250e+15,5.433523154138132361e-01
1.650273779101423750e+15,5.443475932102950221e-01
1.650273779103314500e+15,5.453430026224598270e-01
1.650273779105205250e+15,5.458867446537043477e-01
1.650273779107095750e+15,5.450186788961653983e-01
1.650273779108986500e+15,5.441504983454821254e-01
1.650273779110877000e+15,5.432824325879431759e-01
1.650273779112767750e+15,5.424142520372599030e-01
1.650273779114658250e+15,5.415461862797208425e-01
1.650273779116549000e+15,5.406780057290375696e-01
1.650273779118439750e+15,5.397770982149574515e-01
1.650273779120330250e+15,5.387214044837970173e-01
1.650273779122221000e+15,5.376655711475413213e-01
1.650273779124111500e+15,5.366098774163808871e-01
1.650273779126002250e+15,5.355540440801253022e-01
1.650273779127892750e+15,5.344983503489648680e-01
1.650273779129783500e+15,5.341477994498927684e-01
1.650273779131674000e+15,5.350371625349185090e-01
1.650273779133564750e+15,5.359266432294502724e-01
1.650273779135455500e+15,5.368161239239819249e-01
1.650273779137346000e+15,5.377054870090076655e-01
1.650273779139236750e+15,5.385949677035394290e-01
1.650273779141127250e+15,5.394843307885651695e-01
1.650273779143018000e+15,5.397109021755344127e-01
1.650273779144908500e+15,5.391712686289215073e-01
1.650273779146799250e+15,5.386315637210885576e-01
1.650273779148690000e+15,5.380918588132556080e-01
1.650273779150580500e+15,5.375522252666427026e-01
1.650273779152471250e+15,5.370125203588096419e-01
1.650273779154361750e+15,5.364728868121968475e-01
1.650273779156252500e+15,5.359331819043638978e-01
1.650273779158143000e+15,5.353935483577509924e-01
1.650273779160033750e+15,5.348538434499180427e-01
1.650273779161924250e+15,5.343142099033051373e-01
1.650273779163815000e+15,5.338253141842036475e-01
1.650273779165705750e+15,5.338253141842037586e-01
1.650273779167596250e+15,5.338253141842037586e-01
1.650273779169487000e+15,5.338253141842037586e-01
1.650273779171377500e+15,5.338253141842037586e-01
1.650273779173268250e+15,5.339547030486381241e-01
1.650273779175158750e+15,5.348433847860156742e-01
1.650273779177049500e+15,5.357321840427978765e-01
1.650273779178940250e+15,5.366209832995798568e-01
1.650273779180830750e+15,5.375096650369575180e-01
1.650273779182721500e+15,5.383984642937396092e-01
1.650273779184612000e+15,5.392871460311171594e-01
1.650273779186502750e+15,5.393318677198756239e-01
1.650273779188393250e+15,5.367268906891119462e-01
1.650273779190284000e+15,5.341215691757997819e-01
1.650273779192174500e+15,5.315165921450359932e-01
1.650273779194065250e+15,5.289112706317238288e-01
1.650273779195956000e+15,5.263059491184116645e-01
1.650273779197846500e+15,5.237009720876478758e-01
1.650273779199737250e+15,5.210956505743358225e-01
1.650273779201627750e+15,5.184906735435720337e-01
1.650273779203518500e+15,5.158853520302597584e-01
1.650273779205409000e+15,5.132803749994960807e-01
1.650273779207299750e+15,5.106750534861839164e-01
1.650273779209190500e+15,5.095632195957628952e-01
1.650273779211081000e+15,5.101685192575240446e-01
1.650273779212971750e+15,5.107738989642021110e-01
1.650273779214862250e+15,5.113791986259633715e-01
1.650273779216753000e+15,5.119845783326415489e-01
1.650273779218643500e+15,5.125898779944026984e-01
1.650273779220534250e+15,5.131952577010808758e-01
1.650273779222424750e+15,5.138005573628420253e-01
1.650273779224315500e+15,5.144059370695202027e-01
1.650273779226206250e+15,5.150113167761982691e-01
1.650273779228096750e+15,5.154175447295754608e-01
1.650273779229987500e+15,5.154175447295754608e-01
1.650273779231878000e+15,5.154175447295753498e-01
1.650273779233768750e+15,5.154175447295753498e-01
1.650273779235659250e+15,5.154175447295752388e-01
1.650273779237550000e+15,5.154175447295752388e-01
1.650273779239440750e+15,5.154175447295752388e-01
1.650273779241331250e+15,5.154175447295751278e-01
1.650273779243222000e+15,5.154175447295750168e-01
1.650273779245112500e+15,5.154175447295750168e-01
1.650273779247003250e+15,5.152729530995011631e-01
1.650273779248893750e+15,5.144477441133739060e-01
1.650273779250784500e+15,5.136224260014883303e-01
1.650273779252675000e+15,5.127972170153610731e-01
1.650273779254565750e+15,5.119718989034753864e-01
1.650273779256456500e+15,5.111465807915895887e-01
1.650273779258347000e+15,5.103213718054624426e-01
1.650273779260237750e+15,5.094960536935766449e-01
1.650273779262128250e+15,5.092816215780331390e-01
1.650273779264019000e+15,5.092816215780331390e-01
1.650273779265909500e+15,5.092816215780331390e-01
1.650273779267800250e+15,5.092816215780331390e-01
1.650273779269691000e+15,5.092816215780331390e-01
1.650273779271581500e+15,5.092816215780331390e-01
1.650273779273472250e+15,5.092816215780331390e-01
1.650273779275362750e+15,5.092816215780331390e-01
1.650273779277253500e+15,5.092816215780331390e-01
1.650273779279144000e+15,5.092816215780331390e-01
1.650273779281034750e+15,5.092816215780331390e-01
1.650273779282925250e+15,5.092816215780331390e-01
1.650273779284816000e+15,5.092816215780330280e-01
1.650273779286706750e+15,5.092816215780329170e-01
1.650273779288597250e+15,5.092816215780328060e-01
1.650273779290488000e+15,5.092816215780326949e-01
1.650273779292378500e+15,5.089350991896735010e-01
1.650273779294269250e+15,5.080257484529767664e-01
1.650273779296159750e+15,5.071165179530559008e-01
1.650273779298050500e+15,5.062071672163591662e-01
1.650273779299941250e+15,5.052978164796623206e-01
1.650273779301831750e+15,5.043885859797415661e-01
1.650273779303722500e+15,5.034792352430447204e-01
1.650273779305613000e+15,5.025507931930226491e-01
1.650273779307503750e+15,5.016110963925383137e-01
1.650273779309394250e+15,5.006715238412672297e-01
1.650273779311285000e+15,4.997318270407828389e-01
1.650273779313175500e+15,4.987922544895118104e-01
1.650273779315066250e+15,4.978525576890273641e-01
1.650273779316957000e+15,4.970097752749476072e-01
1.650273779318847500e+15,4.970097752749476072e-01
1.650273779320738250e+15,4.970097752749476072e-01
1.650273779322628750e+15,4.970097752749476072e-01
1.650273779324519500e+15,4.970097752749476072e-01
1.650273779326410000e+15,4.970097752749476072e-01
1.650273779328300750e+15,4.968079762357699991e-01
1.650273779330191500e+15,4.944778905360755483e-01
1.650273779332082000e+15,4.921481129265172227e-01
1.650273779333972750e+15,4.898180272268227164e-01
1.650273779335863250e+15,4.874882496172643354e-01
1.650273779337754000e+15,4.851581639175699401e-01
1.650273779339644500e+15,4.828283863080115035e-01
1.650273779341535250e+15,4.804983006083171082e-01
1.650273779343425750e+15,4.781685229987587271e-01
1.650273779345316500e+15,4.758384372990642208e-01
1.650273779347207250e+15,4.735083515993697700e-01
1.650273779349097750e+15,4.724660826687778759e-01
1.650273779350988500e+15,4.724660826687778759e-01
1.650273779352879000e+15,4.724660826687777648e-01
1.650273779354769750e+15,4.724660826687776538e-01
1.650273779356660250e+15,4.724660826687776538e-01
1.650273779358551000e+15,4.724660826687775983e-01
1.650273779360441750e+15,4.724660826687774873e-01
1.650273779362332250e+15,4.729468093346996804e-01
1.650273779364223000e+15,4.763226085680978827e-01
1.650273779366113500e+15,4.796979614443318551e-01
1.650273779368004250e+15,4.830737606777301130e-01
1.650273779369894750e+15,4.864491135539641409e-01
1.650273779371785500e+15,4.898249127873623987e-01
1.650273779373676000e+15,4.901608308207681675e-01
1.650273779375566750e+15,4.891261838307763288e-01
1.650273779377457500e+15,4.880915368407844346e-01
1.650273779379348000e+15,4.870570266545728444e-01
1.650273779381238750e+15,4.860223796645809502e-01
1.650273779383129250e+15,4.849878694783694155e-01
1.650273779385020000e+15,4.839495664775235184e-01
1.650273779386910500e+15,4.829102364248407664e-01
1.650273779388801250e+15,4.818707689309980058e-01
1.650273779390692000e+15,4.808313014371552452e-01
1.650273779392582500e+15,4.797919713844724932e-01
1.650273779394473250e+15,4.787525038906296770e-01
1.650273779396363750e+15,4.791138604075571017e-01
1.650273779398254500e+15,4.797124619605616092e-01
1.650273779400145000e+15,4.803109843648746824e-01
1.650273779402035750e+15,4.809095859178791343e-01
1.650273779403926250e+15,4.815081083221921521e-01
1.650273779405817000e+15,4.821067098751966595e-01
1.650273779407707750e+15,4.827053114282011115e-01
1.650273779409598250e+15,4.833038338325141847e-01
1.650273779411489000e+15,4.839024353855186367e-01
1.650273779413379500e+15,4.845009577898317654e-01
1.650273779415270250e+15,4.843024941918017690e-01
1.650273779417160750e+15,4.835818205636959188e-01
1.650273779419051500e+15,4.828610516336027669e-01
1.650273779420942250e+15,4.821402827035096705e-01
1.650273779422832750e+15,4.814196090754038204e-01
1.650273779424723500e+15,4.806988401453106685e-01
1.650273779426614000e+15,4.799781665172047629e-01
1.650273779428504750e+15,4.792573975871116110e-01
1.650273779430395250e+15,4.787001358950019325e-01
1.650273779432286000e+15,4.797835778728484213e-01
1.650273779434176500e+15,4.808668765951112922e-01
1.650273779436067250e+15,4.819503185729577810e-01
1.650273779437958000e+15,4.830337605508041587e-01
1.650273779439848500e+15,4.841170592730671407e-01
1.650273779441739250e+15,4.838280788682466360e-01
1.650273779443629750e+15,4.816972995298942073e-01
1.650273779445520500e+15,4.795662384169665504e-01
1.650273779447411000e+15,4.774354590786141772e-01
1.650273779449301750e+15,4.753043979656865758e-01
1.650273779451192500e+15,4.731733368527588635e-01
1.650273779453083000e+15,4.728499768056182440e-01
1.650273779454973750e+15,4.734246781826815242e-01
1.650273779456864250e+15,4.739993035711983493e-01
1.650273779458755000e+15,4.745740049482617406e-01
1.650273779460645500e+15,4.751486303367785102e-01
1.650273779462536250e+15,4.757233317138417905e-01
1.650273779464426750e+15,4.762979571023586711e-01
1.650273779466317500e+15,4.768726584794219514e-01
1.650273779468208250e+15,4.774473598564852317e-01
1.650273779470098750e+15,4.780219852450020568e-01
1.650273779471989500e+15,4.785966866220653926e-01
1.650273779473880000e+15,4.786020058203193650e-01
1.650273779475770750e+15,4.786020058203193095e-01
1.650273779477661250e+15,4.786020058203193095e-01
1.650273779479552000e+15,4.786020058203193095e-01
1.650273779481442750e+15,4.786020058203193095e-01
1.650273779483333250e+15,4.786020058203193650e-01
1.650273779485224000e+15,4.786020058203192540e-01
1.650273779487114500e+15,4.786020058203193095e-01
1.650273779489005250e+15,4.786020058203193095e-01
1.650273779490895750e+15,4.786020058203193095e-01
1.650273779492786500e+15,4.786020058203193095e-01
1.650273779494677000e+15,4.786020058203193095e-01
1.650273779496567750e+15,4.779083529417150755e-01
1.650273779498458500e+15,4.771050920749437263e-01
1.650273779500349000e+15,4.763019374174632392e-01
1.650273779502239750e+15,4.754986765506918900e-01
1.650273779504130250e+15,4.746955218932114029e-01
1.650273779506021000e+15,4.738922610264401092e-01
1.650273779507911500e+15,4.730891063689595666e-01
1.650273779509802250e+15,4.724660826687769877e-01
1.650273779511693000e+15,4.724660826687772097e-01
1.650273779513583500e+15,4.724660826687773763e-01
1.650273779515474250e+15,4.724660826687775428e-01
1.650273779517364750e+15,4.724660826687777648e-01
1.650273779519255500e+15,4.724660826687778203e-01
1.650273779521146000e+15,4.724660826687778203e-01
1.650273779523036750e+15,4.724660826687777093e-01
1.650273779524927250e+15,4.724660826687777093e-01
1.650273779526818000e+15,4.724660826687776538e-01
1.650273779528708750e+15,4.724660826687775428e-01
1.650273779530599250e+15,4.724660826687774873e-01
1.650273779532490000e+15,4.724660826687774318e-01
1.650273779534380500e+15,4.732163379365275646e-01
1.650273779536271250e+15,4.743121626931893209e-01
1.650273779538161750e+15,4.754078425569835398e-01
1.650273779540052500e+15,4.765036673136453516e-01
1.650273779541943250e+15,4.775994920703070523e-01
1.650273779543833750e+15,4.784948812320368727e-01
1.650273779545724500e+15,4.772348761602172584e-01
1.650273779547615000e+15,4.759750376896235702e-01
1.650273779549505750e+15,4.747150326178039559e-01
1.650273779551396250e+15,4.734551941472103231e-01
1.650273779553287000e+15,4.721951890753907088e-01
1.650273779555177500e+15,4.709353506047970761e-01
1.650273779557068250e+15,4.696753455329774063e-01
1.650273779558959000e+15,4.684153404611578475e-01
1.650273779560849500e+15,4.671555019905641593e-01
1.650273779562740250e+15,4.672010769426500065e-01
1.650273779564630750e+15,4.697253688441424546e-01
1.650273779566521500e+15,4.722499945583698011e-01
1.650273779568412000e+15,4.747742864598621937e-01
1.650273779570302750e+15,4.772989121740895957e-01
1.650273779572193500e+15,4.798235378883169977e-01
1.650273779574084000e+15,4.823478297898093903e-01
1.650273779575974750e+15,4.846363191333487030e-01
1.650273779577865250e+15,4.827296848930477391e-01
1.650273779579756000e+15,4.808227985191524390e-01
1.650273779581646500e+15,4.789161642788515305e-01
1.650273779583537250e+15,4.770092779049561749e-01
1.650273779585427750e+15,4.751026436646552109e-01
1.650273779587318500e+15,4.731957572907598553e-01
1.650273779589209250e+15,4.733588969667875679e-01
1.650273779591099750e+15,4.748049157548691612e-01
1.650273779592990500e+15,4.762511257646893092e-01
1.650273779594881000e+15,4.776971445527708471e-01
1.650273779596771750e+15,4.783029630155745671e-01
1.650273779598662250e+15,4.775041775371287045e-01
1.650273779600553000e+15,4.767052864271729695e-01
1.650273779602443750e+15,4.759063953172172345e-01
1.650273779604334250e+15,4.751076098387714275e-01
1.650273779606225000e+15,4.743087187288156370e-01
1.650273779608115500e+15,4.735099332503698299e-01
1.650273779610006250e+15,4.727110421404140395e-01
1.650273779611896750e+15,4.728143402798835049e-01
1.650273779613787500e+15,4.733167000572618965e-01
1.650273779615678000e+15,4.738189934112927437e-01
1.650273779617568750e+15,4.743213531886712464e-01
1.650273779619459500e+15,4.748237129660497491e-01
1.650273779621350000e+15,4.753260063200807073e-01
1.650273779623240750e+15,4.758283660974590989e-01
1.650273779625131250e+15,4.763306594514900016e-01
1.650273779627022000e+15,4.768330192288684488e-01
1.650273779628912500e+15,4.773353125828993515e-01
1.650273779630803250e+15,4.778376723602777987e-01
1.650273779632694000e+15,4.783400321376563014e-01
1.650273779634584500e+15,4.791442571628274916e-01
1.650273779636475250e+15,4.802777692975397361e-01
1.650273779638365750e+15,4.814111315562590865e-01
1.650273779640256500e+15,4.825446436909713865e-01
1.650273779642147000e+15,4.836780059496907369e-01
1.650273779644037750e+15,4.847379289718625195e-01
1.650273779645928250e+15,4.847379289718626305e-01
1.650273779647819000e+15,4.847379289718627970e-01
1.650273779649709750e+15,4.847379289718629636e-01
1.650273779651600250e+15,4.847379289718630746e-01
1.650273779653491000e+15,4.847379289718631856e-01
1.650273779655381500e+15,4.847379289718633522e-01
1.650273779657272250e+15,4.839371512103876616e-01
1.650273779659162750e+15,4.826401965236711278e-01
1.650273779661053500e+15,4.813430703274748090e-01
1.650273779662944250e+15,4.800459441312784348e-01
1.650273779664834750e+15,4.787489894445619565e-01
1.650273779666725500e+15,4.793695112417601933e-01
1.650273779668616000e+15,4.802349863382304740e-01
1.650273779670506750e+15,4.811005758852556213e-01
1.650273779672397250e+15,4.819660509817259020e-01
1.650273779674288000e+15,4.828316405287511603e-01
1.650273779676178500e+15,4.836971156252213300e-01
1.650273779678069250e+15,4.845627051722465328e-01
1.650273779679960000e+15,4.847379289718625750e-01
1.650273779681850500e+15,4.847379289718625195e-01
1.650273779683741250e+15,4.847379289718625195e-01
1.650273779685631750e+15,4.847379289718625195e-01
1.650273779687522500e+15,4.847379289718625195e-01
1.650273779689413000e+15,4.847379289718625195e-01
1.650273779691303750e+15,4.847379289718625195e-01
1.650273779693194500e+15,4.847379289718625195e-01
1.650273779695085000e+15,4.847379289718625195e-01
1.650273779696975750e+15,4.847379289718625195e-01
1.650273779698866250e+15,4.847379289718624640e-01
1.650273779700757000e+15,4.847379289718625750e-01
1.650273779702647500e+15,4.847379289718625195e-01
1.650273779704538250e+15,4.847379289718625195e-01
1.650273779706428750e+15,4.847379289718625195e-01
1.650273779708319500e+15,4.847379289718625195e-01
1.650273779710210250e+15,4.847379289718625195e-01
1.650273779712100750e+15,4.847379289718625195e-01
1.650273779713991500e+15,4.847379289718625750e-01
1.650273779715882000e+15,4.847379289718625195e-01
1.650273779717772750e+15,4.847379289718625195e-01
1.650273779719663250e+15,4.847379289718625750e-01
1.650273779721554000e+15,4.848516656539874070e-01
1.650273779723444750e+15,4.857746168631187356e-01
1.650273779725335250e+15,4.866974460371833455e-01
1.650273779727226000e+15,4.876203972463146741e-01
1.650273779729116500e+15,4.885432264203792840e-01
1.650273779731007250e+15,4.894661776295105571e-01
1.650273779732897750e+15,4.903890068035752225e-01
1.650273779734788500e+15,4.904022016413476237e-01
1.650273779736679000e+15,4.894087139128454056e-01
1.650273779738569750e+15,4.884150948053788133e-01
1.650273779740460500e+15,4.874214756979121654e-01
1.650273779742351000e+15,4.864279879694098918e-01
1.650273779744241750e+15,4.854343688619432440e-01
1.650273779746132250e+15,4.845633075560227265e-01
1.650273779748023000e+15,4.839792023954759825e-01
1.650273779749913500e+15,4.833951744668690820e-01
1.650273779751804250e+15,4.828110693063223935e-01
1.650273779753695000e+15,4.822269641457757050e-01
1.650273779755585500e+15,4.816429362171687489e-01
1.650273779757476250e+15,4.810588310566220605e-01
1.650273779759366750e+15,4.804748031280151044e-01
1.650273779761257500e+15,4.798906979674684159e-01
1.650273779763148000e+15,4.793066700388614598e-01
1.650273779765038750e+15,4.787225648783147713e-01
1.650273779766929250e+15,4.799792378233274648e-01
1.650273779768820000e+15,4.817149494778424912e-01
1.650273779770710750e+15,4.834506611323575731e-01
1.650273779772601250e+15,4.851861432864554846e-01
1.650273779774492000e+15,4.869218549409704000e-01
1.650273779776382500e+15,4.886573370950683115e-01
1.650273779778273250e+15,4.903930487495832824e-01
1.650273779780163750e+15,4.901082621136024775e-01
1.650273779782054500e+15,4.890491515878786499e-01
1.650273779783945250e+15,4.879900410621549334e-01
1.650273779785835750e+15,4.869310705748450818e-01
1.650273779787726500e+15,4.858719600491213653e-01
1.650273779789617000e+15,4.848129895618116247e-01
1.650273779791507750e+15,4.856906674371680999e-01
1.650273779793398250e+15,4.867159425580794840e-01
1.650273779795289000e+15,4.877413532615245684e-01
1.650273779797179500e+15,4.887666283824359525e-01
1.650273779799070250e+15,4.897920390858810924e-01
1.650273779800961000e+15,4.908174497893262878e-01
1.650273779802851500e+15,4.908738521234043417e-01
1.650273779804742250e+15,4.908738521234043972e-01
1.650273779806632750e+15,4.908738521234043972e-01
1.650273779808523500e+15,4.908738521234043417e-01
1.650273779810414000e+15,4.908738521234043417e-01
1.650273779812304750e+15,4.908738521234043972e-01
1.650273779814195500e+15,4.904467731034235500e-01
1.650273779816086000e+15,4.898631859062615446e-01
1.650273779817976750e+15,4.892795215354419636e-01
1.650273779819867250e+15,4.886959343382799581e-01
1.650273779821758000e+15,4.881122699674604881e-01
1.650273779823648500e+15,4.875286827702983716e-01
1.650273779825539250e+15,4.869450183994789016e-01
1.650273779827429750e+15,4.863614312023168407e-01
1.650273779829320500e+15,4.857777668314973707e-01
1.650273779831211250e+15,4.851941024606778452e-01
1.650273779833101750e+15,4.849764486818639031e-01
1.650273779834992500e+15,4.860690741008484861e-01
1.650273779836883000e+15,4.871615550499905911e-01
1.650273779838773750e+15,4.882541804689752851e-01
1.650273779840664250e+15,4.893466614181173346e-01
1.650273779842555000e+15,4.904392868371019731e-01
1.650273779844445750e+15,4.908738521234043972e-01
1.650273779846336250e+15,4.908738521234043972e-01
1.650273779848227000e+15,4.908738521234043972e-01
1.650273779850117500e+15,4.908738521234043972e-01
1.650273779852008250e+15,4.908738521234043972e-01
1.650273779853898750e+15,4.908738521234043972e-01
1.650273779855789500e+15,4.908738521234043972e-01
1.650273779857680000e+15,4.908738521234043972e-01
1.650273779859570750e+15,4.908738521234044527e-01
1.650273779861461500e+15,4.908738521234043972e-01
1.650273779863352000e+15,4.908738521234043972e-01
1.650273779865242750e+15,4.908738521234043972e-01
1.650273779867133250e+15,4.908738521234043972e-01
1.650273779869024000e+15,4.906480461998240505e-01
1.650273779870914500e+15,4.899810366708728937e-01
1.650273779872805250e+15,4.893139389364828951e-01
1.650273779874696000e+15,4.886468412020928964e-01
1.650273779876586500e+15,4.879798316731416841e-01
1.650273779878477250e+15,4.873127339387516854e-01
1.650273779880367750e+15,4.866457244098005286e-01
1.650273779882258500e+15,4.859786266754105299e-01
1.650273779884149000e+15,4.853116171464593731e-01
1.650273779886039750e+15,4.848625730027362191e-01
1.650273779887930250e+15,4.857526184809828895e-01
1.650273779889821000e+15,4.866427816589754540e-01
1.650273779891711750e+15,4.875329448369680185e-01
1.650273779893602250e+15,4.884229903152146890e-01
1.650273779895493000e+15,4.893131534932072535e-01
1.650273779897383500e+15,4.902031989714539240e-01
1.650273779899274250e+15,4.910026159261501877e-01
1.650273779901164750e+15,4.915247134469888923e-01
1.650273779903055500e+15,4.920468800100810114e-01
1.650273779904946250e+15,4.925690465731731860e-01
1.650273779906836750e+15,4.930911440940117796e-01
1.650273779908727500e+15,4.936133106571038986e-01
1.650273779910618000e+15,4.941354081779426588e-01
1.650273779912508750e+15,4.946575747410347779e-01
1.650273779914399250e+15,4.951796722618733715e-01
1.650273779916290000e+15,4.957018388249654905e-01
1.650273779918180500e+15,4.962239363458041952e-01
1.650273779920071250e+15,4.967461029088963698e-01
1.650273779921962000e+15,4.960762971652618591e-01
1.650273779923852500e+15,4.941908907909439153e-01
1.650273779925743250e+15,4.923052350902077934e-01
1.650273779927633750e+15,4.904198287158899050e-01
1.650273779929524500e+15,4.885341730151537831e-01
1.650273779931415000e+15,4.866487666408357837e-01
1.650273779933305750e+15,4.847631109400996618e-01
1.650273779935196500e+15,4.856107797145197691e-01
1.650273779937087000e+15,4.864953277332775272e-01
1.650273779938977750e+15,4.873799927247962627e-01
1.650273779940868250e+15,4.882645407435539653e-01
1.650273779942759000e+15,4.891492057350727563e-01
1.650273779944649500e+15,4.900337537538304589e-01
1.650273779946540250e+15,4.908039255045740235e-01
1.650273779948430750e+15,4.894160381250586833e-01
1.650273779950321500e+15,4.880279672111107470e-01
1.650273779952212250e+15,4.866398962971628106e-01
1.650273779954102750e+15,4.852520089176474705e-01
1.650273779955993500e+15,4.850706618001361936e-01
1.650273779957884000e+15,4.855990376185742585e-01
1.650273779959774750e+15,4.861274833095087788e-01
1.650273779961665250e+15,4.866558591279468438e-01
1.650273779963556000e+15,4.871843048188814196e-01
1.650273779965446750e+15,4.877127505098159399e-01
1.650273779967337250e+15,4.882411263282539493e-01
1.650273779969228000e+15,4.887695720191885806e-01
1.650273779971118500e+15,4.892979478376265901e-01
1.650273779973009250e+15,4.898263935285611659e-01
1.650273779974899750e+15,4.903547693469992308e-01
1.650273779976790500e+15,4.908822712684208223e-01
1.650273779978681000e+15,4.913573874968867328e-01
1.650273779980571750e+15,4.918325665547929604e-01
1.650273779982462500e+15,4.923077456126992435e-01
1.650273779984353000e+15,4.927828618411649875e-01
1.650273779986243750e+15,4.932580408990712706e-01
1.650273779988134250e+15,4.937331571275370701e-01
1.650273779990025000e+15,4.942083361854433532e-01
1.650273779991915500e+15,4.946834524139092082e-01
1.650273779993806250e+15,4.951586314718154913e-01
1.650273779995697000e+15,4.956338105297217189e-01
1.650273779997587500e+15,4.961089267581875184e-01
1.650273779999478250e+15,4.965841058160937460e-01
1.650273780001368750e+15,4.967104341194643058e-01
1.650273780003259500e+15,4.938337922402725733e-01
1.650273780005150000e+15,4.909575307183304815e-01
1.650273780007040750e+15,4.880808888391386935e-01
1.650273780008931250e+15,4.852046273171966018e-01
1.650273780010822000e+15,4.855844474818162282e-01
1.650273780012712750e+15,4.865948987903369050e-01
1.650273780014603250e+15,4.876052164942946687e-01
1.650273780016494000e+15,4.886156678028152900e-01
1.650273780018384500e+15,4.896259855067731093e-01
1.650273780020275250e+15,4.906364368152937860e-01
1.650273780022165750e+15,4.916467545192514943e-01
1.650273780024056500e+15,4.926572058277721711e-01
1.650273780025947250e+15,4.936676571362927923e-01
1.650273780027837750e+15,4.946779748402505561e-01
1.650273780029728500e+15,4.956884261487712329e-01
1.650273780031619000e+15,4.966987438527290522e-01
1.650273780033509750e+15,4.970097752749472186e-01
1.650273780035400250e+15,4.970097752749473852e-01
1.650273780037291000e+15,4.970097752749474962e-01
1.650273780039181500e+15,4.970097752749476072e-01
1.650273780041072250e+15,4.970097752749477182e-01
1.650273780042963000e+15,4.970097752749478848e-01
1.650273780044853500e+15,4.970097752749479403e-01
1.650273780046744250e+15,4.969563074734045238e-01
1.650273780048634750e+15,4.960792499565442881e-01
1.650273780050525500e+15,4.952020764574681655e-01
1.650273780052416000e+15,4.943250189406080963e-01
1.650273780054306750e+15,4.934478454415319737e-01
1.650273780056197500e+15,4.925706719424559621e-01
1.650273780058088000e+15,4.916936144255957819e-01
1.650273780059978750e+15,4.908738521234048413e-01
1.650273780061869250e+15,4.908738521234048413e-01
1.650273780063760000e+15,4.908738521234048413e-01
1.650273780065650500e+15,4.908738521234048413e-01
1.650273780067541250e+15,4.908738521234048413e-01
1.650273780069432000e+15,4.908738521234048413e-01
1.650273780071322500e+15,4.908738521234048413e-01
1.650273780073213250e+15,4.908738521234048413e-01
1.650273780075103750e+15,4.908738521234048413e-01
1.650273780076994500e+15,4.908738521234048413e-01
1.650273780078885000e+15,4.908738521234047858e-01
1.650273780080775750e+15,4.908738521234048413e-01
1.650273780082666250e+15,4.908738521234048413e-01
1.650273780084557000e+15,4.908738521234048413e-01
1.650273780086447750e+15,4.908738521234048413e-01
1.650273780088338250e+15,4.908738521234048413e-01
1.650273780090229000e+15,4.908738521234048413e-01
1.650273780092119500e+15,4.902970908084494095e-01
1.650273780094010250e+15,4.892530396296538298e-01
1.650273780095900750e+15,4.882091264980854550e-01
1.650273780097791500e+15,4.871650753192898753e-01
1.650273780099682250e+15,4.861210241404942956e-01
1.650273780101572750e+15,4.850771110089259208e-01
1.650273780103463500e+15,4.853607922643443096e-01
1.650273780105354000e+15,4.862832545083194402e-01
1.650273780107244750e+15,4.872058387388383816e-01
1.650273780109135250e+15,4.881283009828134567e-01
1.650273780111026000e+15,4.890508852133323980e-01
1.650273780112916500e+15,4.899733474573075287e-01
1.650273780114807250e+15,4.908738521234043972e-01
1.650273780116698000e+15,4.908738521234043972e-01
1.650273780118588500e+15,4.908738521234043972e-01
1.650273780120479250e+15,4.908738521234043972e-01
1.650273780122369750e+15,4.908738521234043972e-01
1.650273780124260500e+15,4.908738521234044527e-01
1.650273780126151000e+15,4.907413107655821949e-01
1.650273780128041750e+15,4.901315721468417208e-01
1.650273780129932500e+15,4.895218335281011912e-01
1.650273780131823000e+15,4.889121755306246042e-01
1.650273780133713750e+15,4.883024369118841301e-01
1.650273780135604250e+15,4.876927789144075431e-01
1.650273780137495000e+15,4.870830402956670691e-01
1.650273780139385500e+15,4.864733822981904265e-01
1.650273780141276250e+15,4.858636436794498970e-01
1.650273780143166750e+15,4.852539856819733100e-01
1.650273780145057500e+15,4.847379289718638518e-01
1.650273780146948250e+15,4.847379289718638518e-01
1.650273780148838750e+15,4.847379289718638518e-01
1.650273780150729500e+15,4.847379289718638518e-01
1.650273780152620000e+15,4.847379289718638518e-01
1.650273780154510750e+15,4.847379289718637962e-01
1.650273780156401250e+15,4.847379289718638518e-01
1.650273780158292000e+15,4.847379289718636852e-01
1.650273780160182750e+15,4.847379289718635742e-01
1.650273780162073250e+15,4.847379289718634632e-01
1.650273780163964000e+15,4.847379289718632966e-01
1.650273780165854500e+15,4.847379289718631301e-01
1.650273780167745250e+15,4.847379289718630191e-01
1.650273780169635750e+15,4.847379289718629636e-01
1.650273780171526500e+15,4.847379289718630191e-01
1.650273780173417000e+15,4.847379289718629636e-01
1.650273780175307750e+15,4.847379289718629636e-01
1.650273780177198500e+15,4.847379289718629636e-01
1.650273780179089000e+15,4.847379289718629636e-01
1.650273780180979750e+15,4.847379289718629636e-01
1.650273780182870250e+15,4.847379289718629636e-01
1.650273780184761000e+15,4.847379289718629636e-01
1.650273780186651500e+15,4.847379289718629636e-01
1.650273780188542250e+15,4.847379289718629636e-01
1.650273780190433000e+15,4.847379289718630191e-01
1.650273780192323500e+15,4.847379289718629081e-01
1.650273780194214250e+15,4.847379289718629636e-01
1.650273780196104750e+15,4.847379289718629636e-01
1.650273780197995500e+15,4.847379289718629636e-01
1.650273780199886000e+15,4.847379289718629636e-01
1.650273780201776750e+15,4.847379289718629636e-01
1.650273780203667250e+15,4.847379289718629636e-01
1.650273780205558000e+15,4.847379289718629636e-01
1.650273780207448750e+15,4.847379289718629081e-01
1.650273780209339250e+15,4.847379289718629636e-01
1.650273780211230000e+15,4.847379289718629636e-01
1.650273780213120500e+15,4.847379289718629636e-01
1.650273780215011250e+15,4.847379289718629081e-01
1.650273780216901750e+15,4.847379289718629636e-01
1.650273780218792500e+15,4.847379289718629636e-01
1.650273780220683250e+15,4.847379289718629081e-01
1.650273780222573750e+15,4.847379289718629636e-01
1.650273780224464500e+15,4.847379289718629636e-01
1.650273780226355000e+15,4.847379289718630746e-01
1.650273780228245750e+15,4.847379289718629636e-01
1.650273780230136250e+15,4.847379289718630191e-01
1.650273780232027000e+15,4.847379289718630746e-01
1.650273780233917500e+15,4.847379289718629636e-01
1.650273780235808250e+15,4.847379289718630191e-01
1.650273780237699000e+15,4.840330952918023844e-01
1.650273780239589500e+15,4.829245361635540190e-01
1.650273780241480250e+15,4.818158304392823332e-01
1.650273780243370750e+15,4.807072713110340234e-01
1.650273780245261500e+15,4.795985655867623376e-01
1.650273780247152000e+15,4.786591969837963867e-01
1.650273780249042750e+15,4.792253445876797913e-01
1.650273780250933500e+15,4.797914921915631403e-01
1.650273780252824000e+15,4.803575649379027701e-01
1.650273780254714750e+15,4.809237125417861747e-01
1.650273780256605250e+15,4.814897852881258045e-01
1.650273780258496000e+15,4.820559328920090980e-01
1.650273780260386500e+15,4.826220056383487833e-01
1.650273780262277250e+15,4.831881532422321324e-01
1.650273780264167750e+15,4.837542259885717622e-01
1.650273780266058500e+15,4.843203735924551667e-01
1.650273780267949250e+15,4.847379289718629636e-01
1.650273780269839750e+15,4.847379289718629636e-01
1.650273780271730500e+15,4.847379289718630191e-01
1.650273780273621000e+15,4.847379289718629636e-01
1.650273780275511750e+15,4.847379289718630746e-01
1.650273780277402250e+15,4.847379289718629636e-01
1.650273780279293000e+15,4.847379289718629636e-01
1.650273780281183750e+15,4.847379289718629636e-01
1.650273780283074250e+15,4.847379289718630191e-01
1.650273780284965000e+15,4.847379289718629636e-01
1.650273780286855500e+15,4.847379289718630191e-01
1.650273780288746250e+15,4.847379289718630191e-01
1.650273780290636750e+15,4.847379289718630746e-01
1.650273780292527500e+15,4.847379289718629636e-01
1.650273780294418000e+15,4.847379289718630191e-01
1.650273780296308750e+15,4.847379289718630191e-01
1.650273780298199500e+15,4.847379289718629636e-01
1.650273780300090000e+15,4.847379289718630191e-01
1.650273780301980750e+15,4.837891465685441594e-01
1.650273780303871250e+15,4.827969335227831893e-01
1.650273780305762000e+15,4.818045892666221186e-01
1.650273780307652500e+15,4.808123762208612595e-01
1.650273780309543250e+15,4.798200319647002443e-01
1.650273780311434000e+15,4.788276877085392291e-01
1.650273780313324500e+15,4.786020058203206418e-01
1.650273780315215250e+15,4.786020058203206418e-01
1.650273780317105750e+15,4.786020058203206418e-01
1.650273780318996500e+15,4.786020058203206418e-01
1.650273780320887000e+15,4.786020058203206418e-01
1.650273780322777750e+15,4.786020058203206418e-01
1.650273780324668250e+15,4.786020058203205862e-01
1.650273780326559000e+15,4.786020058203206418e-01
1.650273780328449750e+15,4.786020058203206418e-01
1.650273780330340250e+15,4.786020058203206418e-01
1.650273780332231000e+15,4.786020058203206418e-01
1.650273780334121500e+15,4.785413627545345161e-01
1.650273780336012250e+15,4.763573460567222528e-01
1.650273780337902750e+15,4.741736181354135882e-01
1.650273780339793500e+15,4.719896014376012694e-01
1.650273780341684250e+15,4.698055847397889506e-01
1.650273780343574750e+15,4.676218568184804525e-01
1.650273780345465500e+15,4.666810627327053207e-01
1.650273780347356000e+15,4.675398103428615171e-01
1.650273780349246750e+15,4.683986715139288881e-01
1.650273780351137250e+15,4.692574191240850845e-01
1.650273780353028000e+15,4.701162802951524555e-01
1.650273780354918500e+15,4.709750279053086519e-01
1.650273780356809250e+15,4.718338890763759674e-01
1.650273780358700000e+15,4.724660826687774318e-01
1.650273780360590500e+15,4.724660826687774318e-01
1.650273780362481250e+15,4.724660826687774318e-01
1.650273780364371750e+15,4.724660826687774318e-01
1.650273780366262500e+15,4.724660826687774318e-01
1.650273780368153000e+15,4.724660826687774318e-01
1.650273780370043750e+15,4.724660826687774318e-01
1.650273780371934500e+15,4.724660826687774318e-01
1.650273780373825000e+15,4.724660826687774318e-01
1.650273780375715750e+15,4.724660826687774318e-01
1.650273780377606250e+15,4.724660826687774318e-01
1.650273780379497000e+15,4.724660826687774318e-01
1.650273780381387500e+15,4.724660826687774318e-01
1.650273780383278250e+15,4.724660826687774873e-01
1.650273780385168750e+15,4.724660826687774873e-01
1.650273780387059500e+15,4.724660826687774873e-01
1.650273780388950250e+15,4.724660826687774873e-01
1.650273780390840750e+15,4.724660826687774873e-01
1.650273780392731500e+15,4.724660826687774318e-01
1.650273780394622000e+15,4.724660826687774318e-01
1.650273780396512750e+15,4.724660826687774318e-01
1.650273780398403250e+15,4.724660826687774318e-01
1.650273780400294000e+15,4.724660826687774318e-01
1.650273780402184750e+15,4.724660826687774318e-01
1.650273780404075250e+15,4.724660826687774318e-01
1.650273780405966000e+15,4.724660826687774318e-01
1.650273780407856500e+15,4.724660826687773763e-01
1.650273780409747250e+15,4.724660826687774318e-01
1.650273780411637750e+15,4.724660826687774318e-01
1.650273780413528500e+15,4.724660826687774318e-01
1.650273780415419000e+15,4.724660826687774318e-01
1.650273780417309750e+15,4.724660826687774318e-01
1.650273780419200500e+15,4.724660826687774318e-01
1.650273780421091000e+15,4.724660826687774318e-01
1.650273780422981750e+15,4.724660826687774318e-01
1.650273780424872250e+15,4.724660826687774318e-01
1.650273780426763000e+15,4.722313209759135266e-01
1.650273780428653500e+15,4.711272986367119331e-01
1.650273780430544250e+15,4.700231303014326123e-01
1.650273780432435000e+15,4.689189619661533470e-01
1.650273780434325500e+15,4.678149396269517535e-01
1.650273780436216250e+15,4.667107712916724327e-01
1.650273780438106750e+15,4.670076597225981674e-01
1.650273780439997500e+15,4.680417533761127569e-01
1.650273780441888000e+15,4.690757102990105731e-01
1.650273780443778750e+15,4.701098039525251626e-01
1.650273780445669250e+15,4.711437608754230344e-01
1.650273780447560000e+15,4.721778545289375684e-01
1.650273780449450750e+15,4.724660826687774318e-01
1.650273780451341250e+15,4.724660826687774318e-01
1.650273780453232000e+15,4.724660826687774873e-01
1.650273780455122500e+15,4.724660826687774318e-01
1.650273780457013250e+15,4.724660826687774873e-01
1.650273780458903750e+15,4.724660826687774318e-01
1.650273780460794500e+15,4.724660826687774873e-01
1.650273780462685250e+15,4.724660826687774318e-01
1.650273780464575750e+15,4.724660826687774318e-01
1.650273780466466500e+15,4.724660826687774873e-01
1.650273780468357000e+15,4.724660826687774318e-01
1.650273780470247750e+15,4.716641709646796632e-01
1.650273780472138250e+15,4.706465411096055207e-01
1.650273780474029000e+15,4.696287766830085086e-01
1.650273780475919500e+15,4.686111468279343661e-01
1.650273780477810250e+15,4.675933824013374096e-01
1.650273780479701000e+15,4.665756179747404531e-01
1.650273780481591500e+15,4.671017217333017779e-01
1.650273780483482250e+15,4.681186832251303942e-01
1.650273780485372750e+15,4.691355102516023279e-01
1.650273780487263500e+15,4.701524717434308887e-01
1.650273780489154000e+15,4.711692987699028778e-01
1.650273780491044750e+15,4.721862602617314386e-01
1.650273780492935500e+15,4.724660826687781534e-01
1.650273780494826000e+15,4.724660826687780979e-01
1.650273780496716750e+15,4.724660826687778759e-01
1.650273780498607250e+15,4.724660826687776538e-01
1.650273780500498000e+15,4.724660826687775428e-01
1.650273780502388500e+15,4.724660826687774318e-01
1.650273780504279250e+15,4.724660826687774873e-01
1.650273780506169750e+15,4.724660826687775428e-01
1.650273780508060500e+15,4.724660826687775983e-01
1.650273780509951250e+15,4.724660826687775428e-01
1.650273780511841750e+15,4.724660826687776538e-01
1.650273780513732500e+15,4.724660826687776538e-01
1.650273780515623000e+15,4.724660826687777093e-01
1.650273780517513750e+15,4.724660826687777648e-01
1.650273780519404250e+15,4.724660826687778759e-01
1.650273780521295000e+15,4.724660826687778203e-01
1.650273780523185750e+15,4.724660826687778759e-01
1.650273780525076250e+15,4.724660826687778203e-01
1.650273780526967000e+15,4.724660826687777648e-01
1.650273780528857500e+15,4.724660826687777093e-01
1.650273780530748250e+15,4.724660826687776538e-01
1.650273780532638750e+15,4.724660826687776538e-01
1.650273780534529500e+15,4.724660826687775428e-01
1.650273780536420000e+15,4.724660826687775428e-01
1.650273780538310750e+15,4.724660826687773763e-01
1.650273780540201500e+15,4.724660826687774318e-01
1.650273780542092000e+15,4.724660826687774318e-01
1.650273780543982750e+15,4.724660826687774318e-01
1.650273780545873250e+15,4.724660826687774318e-01
1.650273780547764000e+15,4.724660826687774318e-01
1.650273780549654500e+15,4.724660826687774318e-01
1.650273780551545250e+15,4.724660826687774318e-01
1.650273780553436000e+15,4.724660826687774318e-01
1.650273780555326500e+15,4.724660826687774318e-01
1.650273780557217250e+15,4.724660826687773763e-01
1.650273780559107750e+15,4.724660826687773763e-01
1.650273780560998500e+15,4.724660826687773763e-01
1.650273780562889000e+15,4.724660826687774318e-01
1.650273780564779750e+15,4.724660826687774318e-01
1.650273780566670250e+15,4.724660826687774318e-01
1.650273780568561000e+15,4.724660826687774318e-01
1.650273780570451750e+15,4.724660826687773763e-01
1.650273780572342250e+15,4.724660826687774318e-01
1.650273780574233000e+15,4.724660826687774873e-01
1.650273780576123500e+15,4.724660826687775428e-01
1.650273780578014250e+15,4.724660826687776538e-01
1.650273780579904750e+15,4.724660826687777093e-01
1.650273780581795500e+15,4.724660826687778203e-01
1.650273780583686250e+15,4.724660826687778759e-01
1.650273780585576750e+15,4.724660826687778759e-01
1.650273780587467500e+15,4.724660826687778759e-01
1.650273780589358000e+15,4.724660826687779869e-01
1.650273780591248750e+15,4.724660826687779869e-01
1.650273780593139250e+15,4.724660826687780979e-01
1.650273780595030000e+15,4.724660826687780979e-01
1.650273780596920500e+15,4.724660826687781534e-01
1.650273780598811250e+15,4.724660826687780979e-01
1.650273780600702000e+15,4.724660826687782089e-01
1.650273780602592500e+15,4.724660826687782644e-01
1.650273780604483250e+15,4.724660826687782644e-01
1.650273780606373750e+15,4.724660826687782644e-01
1.650273780608264500e+15,4.724660826687783199e-01
1.650273780610155000e+15,4.724660826687783199e-01
1.650273780612045750e+15,4.724660826687783199e-01
1.650273780613936500e+15,4.724660826687782644e-01
1.650273780615827000e+15,4.724660826687778759e-01
1.650273780617717750e+15,4.724660826687776538e-01
1.650273780619608250e+15,4.724660826687773207e-01
1.650273780621499000e+15,4.724660826687770987e-01
1.650273780623389500e+15,4.724660826687767656e-01
1.650273780625280250e+15,4.724660826687764326e-01
1.650273780627170750e+15,4.724660826687762105e-01
1.650273780629061500e+15,4.715411129192234596e-01
1.650273780630952250e+15,4.705995858376800789e-01
1.650273780632842750e+15,4.696581832473547546e-01
1.650273780634733500e+15,4.687166561658113739e-01
1.650273780636624000e+15,4.677752535754859942e-01
1.650273780638514750e+15,4.668337264939426690e-01
1.650273780640405250e+15,4.667510528259406488e-01
1.650273780642296000e+15,4.676561469668970572e-01
1.650273780644186750e+15,4.685612411078534101e-01
1.650273780646077250e+15,4.694662155748521859e-01
1.650273780647968000e+15,4.703713097158085943e-01
1.650273780649858500e+15,4.712762841828074256e-01
1.650273780651749250e+15,4.721813783237637230e-01
1.650273780653639750e+15,4.730863527907625543e-01
1.650273780655530500e+15,4.739914469317189072e-01
1.650273780657421000e+15,4.748964213987176830e-01
1.650273780659311750e+15,4.758015155396740359e-01
1.650273780661202500e+15,4.767066096806304998e-01
1.650273780663093000e+15,4.776115841476292756e-01
1.650273780664983750e+15,4.785166782885855730e-01
1.650273780666874250e+15,4.775948897911564961e-01
1.650273780668765000e+15,4.764827831290806004e-01
1.650273780670655500e+15,4.753708235127089843e-01
1.650273780672546250e+15,4.742587168506330886e-01
1.650273780674437000e+15,4.731466101885571929e-01
1.650273780676327500e+15,4.724660826687783755e-01
1.650273780678218250e+15,4.724660826687783199e-01
1.650273780680108750e+15,4.724660826687783199e-01
1.650273780681999500e+15,4.724660826687783199e-01
1.650273780683890000e+15,4.724660826687783199e-01
1.650273780685780750e+15,4.724660826687783199e-01
1.650273780687671250e+15,4.724660826687783199e-01
1.650273780689562000e+15,4.724660826687783199e-01
1.650273780691452750e+15,4.724660826687783199e-01
1.650273780693343250e+15,4.724660826687783755e-01
1.650273780695234000e+15,4.724660826687783199e-01
1.650273780697124500e+15,4.724660826687783199e-01
1.650273780699015250e+15,4.724660826687783199e-01
1.650273780700905750e+15,4.729175518821441271e-01
1.650273780702796500e+15,4.740136872467301532e-01
1.650273780704687250e+15,4.751098226113161793e-01
1.650273780706577750e+15,4.762058130419654089e-01
1.650273780708468500e+15,4.773019484065513796e-01
1.650273780710359000e+15,4.783979388372006092e-01
1.650273780712249750e+15,4.786020058203204752e-01
1.650273780714140250e+15,4.786020058203201977e-01
1.650273780716031000e+15,4.786020058203199756e-01
1.650273780717921500e+15,4.786020058203197536e-01
1.650273780719812250e+15,4.786020058203195315e-01
1.650273780721703000e+15,4.785873250838032500e-01
1.650273780723593500e+15,4.779968158841498282e-01
1.650273780725484250e+15,4.774062285954723817e-01
1.650273780727374750e+15,4.768157193958189599e-01
1.650273780729265500e+15,4.762251321071415133e-01
1.650273780731156000e+15,4.756346229074880916e-01
1.650273780733046750e+15,4.750440356188107005e-01
1.650273780734937500e+15,4.744534483301332539e-01
1.650273780736828000e+15,4.738629391304798322e-01
1.650273780738718750e+15,4.732723518418023856e-01
1.650273780740609250e+15,4.726818426421489638e-01
1.650273780742500000e+15,4.724660826687765436e-01
1.650273780744390500e+15,4.724660826687764881e-01
1.650273780746281250e+15,4.724660826687765436e-01
1.650273780748171750e+15,4.724660826687765436e-01
1.650273780750062500e+15,4.724660826687764326e-01
1.650273780751953250e+15,4.724660826687765436e-01
1.650273780753843750e+15,4.724660826687764881e-01
1.650273780755734500e+15,4.724660826687764881e-01
1.650273780757625000e+15,4.724660826687765436e-01
1.650273780759515750e+15,4.724660826687765436e-01
1.650273780761406250e+15,4.724660826687765436e-01
1.650273780763297000e+15,4.724660826687764881e-01
1.650273780765187750e+15,4.724660826687764881e-01
1.650273780767078250e+15,4.712354043231534173e-01
1.650273780768969000e+15,4.686449171737105956e-01
1.650273780770859500e+15,4.660547725453771384e-01
1.650273780772750250e+15,4.634642853959343167e-01
1.650273780774640750e+15,4.608741407676008039e-01
1.650273780776531500e+15,4.607439661976748257e-01
1.650273780778422000e+15,4.614892256077611776e-01
1.650273780780312750e+15,4.622345835710622852e-01
1.650273780782203500e+15,4.629799415343634483e-01
1.650273780784094000e+15,4.637252009444498002e-01
1.650273780785984750e+15,4.644705589077509078e-01
1.650273780787875250e+15,4.652158183178372597e-01
1.650273780789766000e+15,4.659611762811384228e-01
1.650273780791656500e+15,4.663301595172351099e-01
1.650273780793547250e+15,4.663301595172351099e-01
1.650273780795438000e+15,4.663301595172351099e-01
1.650273780797328500e+15,4.663301595172351099e-01
1.650273780799219250e+15,4.663301595172351099e-01
1.650273780801109750e+15,4.663301595172351099e-01
1.650273780803000500e+15,4.663301595172351099e-01
1.650273780804891000e+15,4.663301595172351099e-01
1.650273780806781750e+15,4.663301595172351099e-01
1.650273780808672250e+15,4.663301595172351099e-01
1.650273780810563000e+15,4.663301595172351099e-01
1.650273780812453750e+15,4.663301595172351099e-01
1.650273780814344250e+15,4.663301595172351099e-01
1.650273780816235000e+15,4.663301595172351099e-01
1.650273780818125500e+15,4.663301595172351099e-01
1.650273780820016250e+15,4.663301595172351099e-01
1.650273780821906750e+15,4.663301595172351099e-01
1.650273780823797500e+15,4.663301595172351099e-01
1.650273780825688250e+15,4.663301595172350544e-01
1.650273780827578750e+15,4.663301595172351099e-01
1.650273780829469500e+15,4.663301595172351099e-01
1.650273780831360000e+15,4.663301595172351099e-01
1.650273780833250750e+15,4.663301595172351099e-01
1.650273780835141250e+15,4.663301595172351099e-01
1.650273780837032000e+15,4.663301595172351099e-01
1.650273780838922500e+15,4.663301595172351099e-01
1.650273780840813250e+15,4.663301595172351099e-01
1.650273780842704000e+15,4.663301595172351099e-01
1.650273780844594500e+15,4.663301595172350544e-01
1.650273780846485250e+15,4.663301595172351099e-01
1.650273780848375750e+15,4.663301595172351099e-01
1.650273780850266500e+15,4.663301595172351099e-01
1.650273780852157000e+15,4.663301595172351099e-01
1.650273780854047750e+15,4.663301595172351099e-01
1.650273780855938500e+15,4.663301595172350544e-01
1.650273780857829000e+15,4.663301595172351099e-01
1.650273780859719750e+15,4.663301595172351099e-01
1.650273780861610250e+15,4.663301595172351099e-01
1.650273780863501000e+15,4.663301595172351099e-01
1.650273780865391500e+15,4.663301595172351099e-01
1.650273780867282250e+15,4.663301595172351099e-01
1.650273780869172750e+15,4.663301595172351655e-01
1.650273780871063500e+15,4.658379226023970365e-01
1.650273780872954250e+15,4.651632600821143382e-01
1.650273780874844750e+15,4.644886867675066533e-01
1.650273780876735500e+15,4.638140242472238439e-01
1.650273780878626000e+15,4.631394509326161035e-01
1.650273780880516750e+15,4.624647884123334052e-01
1.650273780882407250e+15,4.617902150977256648e-01
1.650273780884298000e+15,4.611155525774429664e-01
1.650273780886188750e+15,4.604408900571602126e-01
1.650273780888079250e+15,4.607015096208604832e-01
1.650273780889970000e+15,4.615012819012122014e-01
1.650273780891860500e+15,4.623009484335432462e-01
1.650273780893751250e+15,4.631007207138949644e-01
1.650273780895641750e+15,4.639003872462260647e-01
1.650273780897532500e+15,4.647001595265777274e-01
1.650273780899423000e+15,4.654998260589088277e-01
1.650273780901313750e+15,4.662995983392604904e-01
1.650273780903204500e+15,4.663301595172351099e-01
1.650273780905095000e+15,4.663301595172351099e-01
1.650273780906985750e+15,4.663301595172351655e-01
1.650273780908876250e+15,4.663301595172351099e-01
1.650273780910767000e+15,4.663301595172351655e-01
1.650273780912657500e+15,4.663301595172351099e-01
1.650273780914548250e+15,4.663301595172352210e-01
1.650273780916439000e+15,4.663301595172351099e-01
1.650273780918329500e+15,4.663301595172351099e-01
1.650273780920220250e+15,4.663301595172351099e-01
1.650273780922110750e+15,4.663301595172351655e-01
1.650273780924001500e+15,4.663301595172351099e-01
1.650273780925892000e+15,4.663301595172350544e-01
1.650273780927782750e+15,4.663301595172351099e-01
1.650273780929673250e+15,4.663301595172350544e-01
1.650273780931564000e+15,4.663301595172351099e-01
1.650273780933454750e+15,4.663301595172351099e-01
1.650273780935345250e+15,4.663301595172351099e-01
1.650273780937236000e+15,4.663301595172351099e-01
1.650273780939126500e+15,4.663301595172351099e-01
1.650273780941017250e+15,4.663301595172351099e-01
1.650273780942907750e+15,4.663301595172351099e-01
1.650273780944798500e+15,4.663301595172351099e-01
1.650273780946689250e+15,4.663301595172350544e-01
1.650273780948579750e+15,4.663301595172350544e-01
1.650273780950470500e+15,4.663301595172350544e-01
1.650273780952361000e+15,4.663301595172348879e-01
1.650273780954251750e+15,4.663301595172346659e-01
1.650273780956142250e+15,4.663301595172345548e-01
1.650273780958033000e+15,4.663301595172344438e-01
1.650273780959923500e+15,4.663301595172342218e-01
1.650273780961814250e+15,4.663301595172339997e-01
1.650273780963705000e+15,4.663301595172338887e-01
1.650273780965595500e+15,4.663301595172336667e-01
1.650273780967486250e+15,4.663301595172335001e-01
1.650273780969376750e+15,4.663301595172333336e-01
1.650273780971267500e+15,4.672717353586132161e-01
1.650273780973158000e+15,4.682357478840011300e-01
1.650273780975048750e+15,4.691998878905482284e-01
1.650273780976939500e+15,4.701640278970952158e-01
1.650273780978830000e+15,4.711280404224830742e-01
1.650273780980720750e+15,4.720921804290301727e-01
1.650273780982611250e+15,4.711604290754838331e-01
1.650273780984502000e+15,4.690272128028388776e-01
1.650273780986392500e+15,4.668942785897302050e-01
1.650273780988283250e+15,4.647610623170852495e-01
1.650273780990173750e+15,4.626281281039765769e-01
1.650273780992064500e+15,4.604949118313316214e-01
1.650273780993955250e+15,4.613929702096767338e-01
1.650273780995845750e+15,4.627882026751561351e-01
1.650273780997736500e+15,4.641836196463833830e-01
1.650273780999627000e+15,4.655788521118628398e-01
1.650273781001517750e+15,4.659591002787029090e-01
1.650273781003408250e+15,4.651553334606600143e-01
1.650273781005299000e+15,4.643514603523741235e-01
1.650273781007189750e+15,4.635475872440882883e-01
1.650273781009080250e+15,4.627438204260454491e-01
1.650273781010971000e+15,4.619399473177595028e-01
1.650273781012861500e+15,4.611361804997166636e-01
1.650273781014752250e+15,4.603323073914308283e-01
1.650273781016642750e+15,4.610503512894602585e-01
1.650273781018533500e+15,4.620841684966230378e-01
1.650273781020424000e+15,4.631178490097215827e-01
1.650273781022314750e+15,4.641516662168843066e-01
1.650273781024205500e+15,4.651854834240470860e-01
1.650273781026096000e+15,4.662191639371456864e-01
1.650273781027986750e+15,4.651243020068700496e-01
1.650273781029877250e+15,4.637735844104574623e-01
1.650273781031768000e+15,4.624226881949500267e-01
1.650273781033658500e+15,4.610719705985374395e-01
1.650273781035549250e+15,4.601942363656927881e-01
1.650273781037440000e+15,4.601942363656925661e-01
1.650273781039330500e+15,4.601942363656925106e-01
1.650273781041221250e+15,4.601942363656923440e-01
1.650273781043111750e+15,4.601942363656922330e-01
1.650273781045002500e+15,4.601942363656920665e-01
1.650273781046893000e+15,4.601942363656919555e-01
1.650273781048783750e+15,4.601942363656920110e-01
1.650273781050674250e+15,4.601942363656918999e-01
1.650273781052565000e+15,4.601942363656919555e-01
1.650273781054455750e+15,4.601942363656919555e-01
1.650273781056346250e+15,4.601942363656918999e-01
1.650273781058237000e+15,4.601942363656919555e-01
1.650273781060127500e+15,4.601942363656918999e-01
1.650273781062018250e+15,4.601942363656918999e-01
1.650273781063908750e+15,4.601942363656919555e-01
1.650273781065799500e+15,4.601942363656918999e-01
1.650273781067690250e+15,4.601942363656918999e-01
1.650273781069580750e+15,4.601942363656919555e-01
1.650273781071471500e+15,4.601942363656918444e-01
1.650273781073362000e+15,4.601942363656916779e-01
1.650273781075252750e+15,4.601942363656915114e-01
1.650273781077143250e+15,4.601942363656913448e-01
1.650273781079034000e+15,4.601942363656911783e-01
1.650273781080924500e+15,4.601942363656910118e-01
1.650273781082815250e+15,4.601942363656911228e-01
1.650273781084706000e+15,4.601942363656912338e-01
1.650273781086596500e+15,4.601942363656913448e-01
1.650273781088487250e+15,4.601942363656915114e-01
1.650273781090377750e+15,4.601942363656916779e-01
1.650273781092268500e+15,4.601942363656917334e-01
1.650273781094159000e+15,4.601942363656918999e-01
1.650273781096049750e+15,4.601942363656919555e-01
1.650273781097940500e+15,4.601942363656918999e-01
1.650273781099831000e+15,4.601942363656918999e-01
1.650273781101721750e+15,4.601942363656919555e-01
1.650273781103612250e+15,4.601942363656919555e-01
1.650273781105503000e+15,4.601376881823716070e-01
1.650273781107393500e+15,4.597168049517924571e-01
1.650273781109284250e+15,4.592958660635526602e-01
1.650273781111175000e+15,4.588749271753127523e-01
1.650273781113065500e+15,4.584540439447336579e-01
1.650273781114956250e+15,4.580331050564938056e-01
1.650273781116846750e+15,4.576122218259147667e-01
1.650273781118737500e+15,4.571912829376748588e-01
1.650273781120628000e+15,4.567703997070957644e-01
1.650273781122518750e+15,4.563494608188558566e-01
1.650273781124409250e+15,4.559285775882767622e-01
1.650273781126300000e+15,4.555076387000369098e-01
1.650273781128190750e+15,4.550866998117971129e-01
1.650273781130081250e+15,4.546658165812179631e-01
1.650273781131972000e+15,4.542448776929781107e-01
1.650273781133862500e+15,4.540583132141495781e-01
1.650273781135753250e+15,4.540583132141495781e-01
1.650273781137643750e+15,4.540583132141495781e-01
1.650273781139534500e+15,4.540583132141495781e-01
1.650273781141425250e+15,4.540583132141495781e-01
1.650273781143315750e+15,4.540583132141496336e-01
1.650273781145206500e+15,4.542298957184118247e-01
1.650273781147097000e+15,4.548004792264290774e-01
1.650273781148987750e+15,4.553711381884940068e-01
1.650273781150878250e+15,4.559417216965112041e-01
1.650273781152769000e+15,4.565123806585760780e-01
1.650273781154659500e+15,4.570829641665933307e-01
1.650273781156550250e+15,4.576536231286582046e-01
1.650273781158441000e+15,4.582242820907230785e-01
1.650273781160331500e+15,4.587948655987402757e-01
1.650273781162222250e+15,4.593655245608051496e-01
1.650273781164112750e+15,4.599361080688224024e-01
1.650273781166003500e+15,4.601942363656918999e-01
1.650273781167894000e+15,4.601942363656918999e-01
1.650273781169784750e+15,4.601942363656918999e-01
1.650273781171675500e+15,4.601942363656918999e-01
1.650273781173566000e+15,4.601942363656918999e-01
1.650273781175456750e+15,4.601942363656918999e-01
1.650273781177347250e+15,4.601942363656918999e-01
1.650273781179238000e+15,4.599237083941002946e-01
1.650273781181128500e+15,4.594658452514915892e-01
1.650273781183019250e+15,4.590079215609931818e-01
1.650273781184909750e+15,4.585500584183845318e-01
1.650273781186800500e+15,4.580921347278860134e-01
1.650273781188691250e+15,4.576342110373876060e-01
1.650273781190581750e+15,4.571763478947789006e-01
1.650273781192472500e+15,4.567184242042804376e-01
1.650273781194363000e+15,4.562605610616717877e-01
1.650273781196253750e+15,4.558026373711733248e-01
1.650273781198144250e+15,4.553447742285646749e-01
1.650273781200035000e+15,4.548868505380661564e-01
1.650273781201925750e+15,4.544289268475676935e-01
1.650273781203816250e+15,4.541835450035860977e-01
1.650273781205707000e+15,4.548408163592473907e-01
1.650273781207597500e+15,4.554980008087398113e-01
1.650273781209488250e+15,4.561552721644012154e-01
1.650273781211378750e+15,4.568124566138935805e-01
1.650273781213269500e+15,4.574697279695549290e-01
1.650273781215160000e+15,4.581269124190473496e-01
1.650273781217050750e+15,4.587841837747087537e-01
1.650273781218941500e+15,4.594414551303701022e-01
1.650273781220832000e+15,4.600986395798625228e-01
1.650273781222722750e+15,4.601942363656918999e-01
1.650273781224613250e+15,4.601942363656918999e-01
1.650273781226504000e+15,4.601942363656918444e-01
1.650273781228394500e+15,4.601942363656918999e-01
1.650273781230285250e+15,4.601942363656918999e-01
1.650273781232176000e+15,4.601942363656918444e-01
1.650273781234066500e+15,4.601942363656918999e-01
1.650273781235957250e+15,4.601942363656918999e-01
1.650273781237847750e+15,4.601942363656918999e-01
1.650273781239738500e+15,4.601942363656918999e-01
1.650273781241629000e+15,4.601942363656918999e-01
1.650273781243519750e+15,4.601942363656918999e-01
1.650273781245410250e+15,4.601511058713906310e-01
1.650273781247301000e+15,4.589201778396899689e-01
1.650273781249191750e+15,4.576892498079893068e-01
1.650273781251082250e+15,4.564584845328709672e-01
1.650273781252973000e+15,4.552275565011703051e-01
1.650273781254863500e+15,4.541292378961654941e-01
1.650273781256754250e+15,4.555482944307847060e-01
1.650273781258644750e+15,4.569671633339700278e-01
1.650273781260535500e+15,4.583862198685892952e-01
1.650273781262426250e+15,4.598052764032085071e-01
1.650273781264316750e+15,4.612241453063938845e-01
1.650273781266207500e+15,4.626432018410130409e-01
1.650273781268098000e+15,4.640620707441983628e-01
1.650273781269988750e+15,4.654811272788175747e-01
1.650273781271879250e+15,4.668754193080602022e-01
1.650273781273770000e+15,4.682332723861009072e-01
1.650273781275660500e+15,4.695909459251917939e-01
1.650273781277551250e+15,4.709487990032325544e-01
1.650273781279442000e+15,4.723066520812733704e-01
1.650273781281332500e+15,4.720456223715032706e-01
1.650273781283223250e+15,4.715691553010371573e-01
1.650273781285113750e+15,4.710927512303157982e-01
1.650273781287004500e+15,4.706162841598496849e-01
1.650273781288895000e+15,4.701398800891283813e-01
1.650273781290785750e+15,4.696634130186622680e-01
1.650273781292676500e+15,4.691869459481960991e-01
1.650273781294567000e+15,4.687105418774748511e-01
1.650273781296457750e+15,4.682340748070086822e-01
1.650273781298348250e+15,4.677576707362873787e-01
1.650273781300239000e+15,4.672812036658212653e-01
1.650273781302129500e+15,4.668047995950999063e-01
1.650273781304020250e+15,4.663301595172351099e-01
1.650273781305910750e+15,4.663301595172351099e-01
1.650273781307801500e+15,4.663301595172351099e-01
1.650273781309692250e+15,4.663301595172350544e-01
1.650273781311582750e+15,4.663301595172351099e-01
1.650273781313473500e+15,4.663301595172351099e-01
1.650273781315364000e+15,4.663301595172350544e-01
1.650273781317254750e+15,4.663301595172351099e-01
1.650273781319145250e+15,4.663301595172350544e-01
1.650273781321036000e+15,4.663301595172351099e-01
1.650273781322926750e+15,4.663301595172350544e-01
1.650273781324817250e+15,4.663301595172351099e-01
1.650273781326708000e+15,4.663301595172351099e-01
1.650273781328598500e+15,4.663301595172351099e-01
1.650273781330489250e+15,4.663301595172350544e-01
1.650273781332379750e+15,4.663301595172351099e-01
1.650273781334270500e+15,4.663301595172351099e-01
1.650273781336161000e+15,4.663301595172351099e-01
1.650273781338051750e+15,4.663880901282609903e-01
1.650273781339942500e+15,4.677615359313603838e-01
1.650273781341833000e+15,4.691348001337982132e-01
1.650273781343723750e+15,4.705082459368975512e-01
1.650273781345614250e+15,4.718815101393353806e-01
1.650273781347505000e+15,4.724660826687782089e-01
1.650273781349395500e+15,4.724660826687780424e-01
1.650273781351286250e+15,4.724660826687778759e-01
1.650273781353177000e+15,4.724660826687777093e-01
1.650273781355067500e+15,4.724660826687775428e-01
1.650273781356958250e+15,4.722743648586400500e-01
1.650273781358848750e+15,4.713733268970127233e-01
1.650273781360739500e+15,4.704721697819918003e-01
1.650273781362630000e+15,4.695711318203644735e-01
1.650273781364520750e+15,4.686699747053435505e-01
1.650273781366411250e+15,4.677689367437162238e-01
1.650273781368302000e+15,4.668677796286953563e-01
1.650273781370192750e+15,4.667500568242367032e-01
1.650273781372083250e+15,4.677907855805611970e-01
1.650273781373974000e+15,4.688316519630105761e-01
1.650273781375864500e+15,4.698723807193350144e-01
1.650273781377755250e+15,4.709132471017842825e-01
1.650273781379645750e+15,4.719539758581087763e-01
1.650273781381536500e+15,4.718235233374376003e-01
1.650273781383427250e+15,4.705586414470341317e-01
1.650273781385317750e+15,4.692939268026825594e-01
1.650273781387208500e+15,4.680290449122791463e-01
1.650273781389099000e+15,4.667643302679275741e-01
1.650273781390989750e+15,4.653072997275414791e-01
1.650273781392880250e+15,4.637500487249918701e-01
1.650273781394771000e+15,4.621925917913390913e-01
1.650273781396661500e+15,4.606353407887895379e-01
1.650273781398552250e+15,4.590778838551368146e-01
1.650273781400443000e+15,4.575204269214839803e-01
1.650273781402333500e+15,4.559631759189344269e-01
1.650273781404224250e+15,4.544057189852817036e-01
1.650273781406114750e+15,4.549475226003191208e-01
1.650273781408005500e+15,4.560922188705489599e-01
1.650273781409896000e+15,4.572367637859897083e-01
1.650273781411786750e+15,4.583814600562194919e-01
1.650273781413677500e+15,4.595261563264493310e-01
1.650273781415568000e+15,4.606707012418900793e-01
1.650273781417458750e+15,4.618153975121199739e-01
1.650273781419349250e+15,4.629599424275606112e-01
1.650273781421240000e+15,4.641046386977904503e-01
1.650273781423130500e+15,4.652491836132311986e-01
1.650273781425021250e+15,4.662703405183744043e-01
1.650273781426911750e+15,4.651958719450146051e-01
1.650273781428802500e+15,4.641212612837715135e-01
1.650273781430693250e+15,4.630466506225284773e-01
1.650273781432583750e+15,4.619721820491686226e-01
1.650273781434474500e+15,4.608975713879255309e-01
1.650273781436365000e+15,4.601942363656918999e-01
1.650273781438255750e+15,4.601942363656918444e-01
1.650273781440146250e+15,4.601942363656918999e-01
1.650273781442037000e+15,4.601942363656918999e-01
1.650273781443927750e+15,4.601942363656918999e-01
1.650273781445818250e+15,4.601942363656918444e-01
1.650273781447709000e+15,4.601942363656918444e-01
1.650273781449599500e+15,4.599172960573019164e-01
1.650273781451490250e+15,4.590567785748231877e-01
1.650273781453380750e+15,4.581963748722575058e-01
1.650273781455271500e+15,4.573358573897787216e-01
1.650273781457162000e+15,4.564754536872130397e-01
1.650273781459052750e+15,4.556149362047342555e-01
1.650273781460943500e+15,4.547544187222554157e-01
1.650273781462834000e+15,4.542867649734015356e-01
1.650273781464724750e+15,4.554832889728630541e-01
1.650273781466615250e+15,4.566796547647350435e-01
1.650273781468506000e+15,4.578761787641965064e-01
1.650273781470396500e+15,4.590725445560684959e-01
1.650273781472287250e+15,4.601942363656919555e-01
1.650273781474178000e+15,4.601942363656920110e-01
1.650273781476068500e+15,4.601942363656920665e-01
1.650273781477959250e+15,4.601942363656922330e-01
1.650273781479849750e+15,4.601942363656922330e-01
1.650273781481740500e+15,4.601942363656923440e-01
1.650273781483631000e+15,4.601942363656924551e-01
1.650273781485521750e+15,4.601942363656925106e-01
1.650273781487412250e+15,4.601942363656926216e-01
1.650273781489303000e+15,4.601942363656927326e-01
1.650273781491193750e+15,4.601942363656928436e-01
1.650273781493084250e+15,4.601942363656927326e-01
1.650273781494975000e+15,4.601942363656925661e-01
1.650273781496865500e+15,4.601942363656923995e-01
1.650273781498756250e+15,4.601942363656923440e-01
1.650273781500646750e+15,4.601942363656922330e-01
1.650273781502537500e+15,4.601942363656920665e-01
1.650273781504428250e+15,4.601942363656918999e-01
1.650273781506318750e+15,4.591704546161096134e-01
1.650273781508209500e+15,4.580578146718515820e-01
1.650273781510100000e+15,4.569453218438099817e-01
1.650273781511990750e+15,4.558326818995520613e-01
1.650273781513881250e+15,4.547201890715104611e-01
1.650273781515772000e+15,4.536075491272524851e-01
1.650273781517662500e+15,4.524950562992108849e-01
1.650273781519553250e+15,4.513824163549529089e-01
1.650273781521444000e+15,4.502697764106949330e-01
1.650273781523334500e+15,4.491572835826533328e-01
1.650273781525225250e+15,4.480446436383953568e-01
1.650273781527115750e+15,4.479223900626080890e-01
1.650273781529006500e+15,4.479223900626080890e-01
1.650273781530897000e+15,4.479223900626081445e-01
1.650273781532787750e+15,4.479223900626081445e-01
1.650273781534678500e+15,4.479223900626081445e-01
1.650273781536569000e+15,4.479223900626080890e-01
1.650273781538459750e+15,4.479223900626081445e-01
1.650273781540350250e+15,4.479223900626081445e-01
1.650273781542241000e+15,4.479223900626080890e-01
1.650273781544131500e+15,4.479223900626081445e-01
1.650273781546022250e+15,4.479223900626081445e-01
1.650273781547912750e+15,4.479223900626080890e-01
1.650273781549803500e+15,4.483265018997114049e-01
1.650273781551694250e+15,4.492979888113489140e-01
1.650273781553584750e+15,4.502693472703999111e-01
1.650273781555475500e+15,4.512408341820374202e-01
1.650273781557366000e+15,4.522121926410884729e-01
1.650273781559256750e+15,4.531836795527259820e-01
1.650273781561147250e+15,4.540583132141486900e-01
1.650273781563038000e+15,4.540583132141486900e-01
1.650273781564928750e+15,4.540583132141486900e-01
1.650273781566819250e+15,4.540583132141486900e-01
1.650273781568710000e+15,4.540583132141486900e-01
1.650273781570600500e+15,4.540583132141486900e-01
1.650273781572491250e+15,4.540583132141487455e-01
1.650273781574381750e+15,4.540583132141488010e-01
1.650273781576272500e+15,4.540583132141488565e-01
1.650273781578163000e+15,4.540583132141489120e-01
1.650273781580053750e+15,4.540583132141490230e-01
1.650273781581944500e+15,4.540583132141491340e-01
1.650273781583835000e+15,4.540583132141491340e-01
1.650273781585725750e+15,4.540583132141491896e-01
1.650273781587616250e+15,4.540583132141493006e-01
1.650273781589507000e+15,4.540583132141493561e-01
1.650273781591397500e+15,4.540583132141494671e-01
1.650273781593288250e+15,4.540583132141494671e-01
1.650273781595179000e+15,4.540583132141495781e-01
1.650273781597069500e+15,4.532490416690786450e-01
1.650273781598960250e+15,4.522741259801057456e-01
1.650273781600850750e+15,4.512993391970815393e-01
1.650273781602741500e+15,4.503244235081086400e-01
1.650273781604632000e+15,4.493496367250843782e-01
1.650273781606522750e+15,4.483747210361114788e-01
1.650273781608413250e+15,4.484714208055700646e-01
1.650273781610304000e+15,4.494959259891429526e-01
1.650273781612194750e+15,4.505204311727158961e-01
1.650273781614085250e+15,4.515448008934851432e-01
1.650273781615976000e+15,4.525693060770580312e-01
1.650273781617866500e+15,4.535936757978273337e-01
1.650273781619757250e+15,4.546181809814002772e-01
1.650273781621647750e+15,4.556425507021695798e-01
1.650273781623538500e+15,4.566670558857424678e-01
1.650273781625429250e+15,4.576915610693153558e-01
1.650273781627319750e+15,4.587159307900846583e-01
1.650273781629210500e+15,4.597404359736575463e-01
1.650273781631101000e+15,4.595750579202145247e-01
1.650273781632991750e+15,4.584632709821426788e-01
1.650273781634882250e+15,4.573516310475003732e-01
1.650273781636773000e+15,4.562398441094284163e-01
1.650273781638663500e+15,4.551282041747861662e-01
1.650273781640554250e+15,4.540164172367142648e-01
1.650273781642445000e+15,4.529046302986423078e-01
1.650273781644335500e+15,4.517929903640000022e-01
1.650273781646226250e+15,4.506812034259281008e-01
1.650273781648116750e+15,4.495695634912857952e-01
1.650273781650007500e+15,4.484577765532138938e-01
1.650273781651898000e+15,4.484365149504758175e-01
1.650273781653788750e+15,4.494284349828609471e-01
1.650273781655679500e+15,4.504203550152461322e-01
1.650273781657570000e+15,4.514121438933232366e-01
1.650273781659460750e+15,4.524040639257083662e-01
1.650273781661351250e+15,4.533958528037854152e-01
1.650273781663242000e+15,4.540583132141486900e-01
1.650273781665132500e+15,4.540583132141486900e-01
1.650273781667023250e+15,4.540583132141486900e-01
1.650273781668913750e+15,4.540583132141486900e-01
1.650273781670804500e+15,4.540583132141486900e-01
1.650273781672695250e+15,4.540583132141486900e-01
1.650273781674585750e+15,4.540583132141486900e-01
1.650273781676476500e+15,4.540583132141486900e-01
1.650273781678367000e+15,4.540583132141486900e-01
1.650273781680257750e+15,4.540583132141486900e-01
1.650273781682148250e+15,4.540583132141486900e-01
1.650273781684039000e+15,4.540583132141486900e-01
1.650273781685929750e+15,4.540583132141487455e-01
1.650273781687820250e+15,4.546176798227873350e-01
1.650273781689711000e+15,4.554115416469820543e-01
1.650273781691601500e+15,4.562052985046524123e-01
1.650273781693492250e+15,4.569991603288471316e-01
1.650273781695382750e+15,4.577929171865174895e-01
1.650273781697273500e+15,4.585867790107122088e-01
1.650273781699164000e+15,4.593805358683825113e-01
1.650273781701054750e+15,4.601743976925773416e-01
1.650273781702945500e+15,4.601942363656925661e-01
1.650273781704836000e+15,4.601942363656924551e-01
1.650273781706726750e+15,4.601942363656922330e-01
1.650273781708617250e+15,4.601942363656920110e-01
1.650273781710508000e+15,4.599618707413345997e-01
1.650273781712398500e+15,4.588497512151382685e-01
1.650273781714289250e+15,4.577374846220912397e-01
1.650273781716180000e+15,4.566252180290440998e-01
1.650273781718070500e+15,4.555130985028479351e-01
1.650273781719961250e+15,4.544008319098007953e-01
1.650273781721851750e+15,4.532887123836045196e-01
1.650273781723742500e+15,4.521764457905574908e-01
1.650273781725633000e+15,4.510643262643611595e-01
1.650273781727523750e+15,4.499520596713141307e-01
1.650273781729414250e+15,4.488399401451178550e-01
1.650273781731305000e+15,4.480706050931240747e-01
1.650273781733195750e+15,4.489172442742361269e-01
1.650273781735086250e+15,4.497637715104610967e-01
1.650273781736977000e+15,4.506104106915732599e-01
1.650273781738867500e+15,4.514569379277981742e-01
1.650273781740758250e+15,4.523035771089102264e-01
1.650273781742648750e+15,4.531501043451351962e-01
1.650273781744539500e+15,4.539967435262472484e-01
1.650273781746430250e+15,4.555483142204443392e-01
1.650273781748320750e+15,4.571549572561771635e-01
1.650273781750211500e+15,4.587618127546229108e-01
1.650273781752102000e+15,4.601942363656928436e-01
1.650273781753992750e+15,4.601942363656926771e-01
1.650273781755883250e+15,4.601942363656925661e-01
1.650273781757774000e+15,4.601942363656925106e-01
1.650273781759664500e+15,4.601942363656923995e-01
1.650273781761555250e+15,4.601942363656922330e-01
1.650273781763446000e+15,4.601942363656921775e-01
1.650273781765336500e+15,4.601942363656921220e-01
1.650273781767227250e+15,4.601942363656919555e-01
1.650273781769117750e+15,4.601942363656919555e-01
1.650273781771008500e+15,4.601942363656920665e-01
1.650273781772899000e+15,4.601942363656922885e-01
1.650273781774789750e+15,4.601942363656924551e-01
1.650273781776680500e+15,4.601942363656925661e-01
1.650273781778571000e+15,4.601942363656927326e-01
1.650273781780461750e+15,4.601942363656927881e-01
1.650273781782352250e+15,4.601942363656928436e-01
1.650273781784243000e+15,4.601942363656927881e-01
1.650273781786133500e+15,4.601942363656927881e-01
1.650273781788024250e+15,4.601942363656928436e-01
1.650273781789914750e+15,4.601942363656927881e-01
1.650273781791805500e+15,4.601942363656927881e-01
1.650273781793696250e+15,4.601942363656927881e-01
1.650273781795586750e+15,4.601942363656928436e-01
1.650273781797477500e+15,4.601942363656927881e-01
1.650273781799368000e+15,4.601942363656927881e-01
1.650273781801258750e+15,4.606637749838740081e-01
1.650273781803149250e+15,4.614990257556188524e-01
1.650273781805040000e+15,4.623343869810493389e-01
1.650273781806930750e+15,4.631697482064797700e-01
1.650273781808821250e+15,4.640049989782245032e-01
1.650273781810712000e+15,4.648403602036550453e-01
1.650273781812602500e+15,4.656756109753997230e-01
1.650273781814493250e+15,4.663301595172350544e-01
1.650273781816383750e+15,4.663301595172348879e-01
1.650273781818274500e+15,4.663301595172347214e-01
1.650273781820165000e+15,4.663301595172345548e-01
1.650273781822055750e+15,4.663301595172343883e-01
1.650273781823946500e+15,4.663301595172342218e-01
1.650273781825837000e+15,4.663301595172339997e-01
1.650273781827727750e+15,4.663301595172338887e-01
1.650273781829618250e+15,4.663301595172336667e-01
1.650273781831509000e+15,4.663301595172334446e-01
1.650273781833399500e+15,4.663301595172333336e-01
1.650273781835290250e+15,4.663301595172333336e-01
1.650273781837181000e+15,4.663301595172332781e-01
1.650273781839071500e+15,4.663301595172333336e-01
1.650273781840962250e+15,4.663301595172332781e-01
1.650273781842852750e+15,4.663301595172334446e-01
1.650273781844743500e+15,4.663301595172336667e-01
1.650273781846634000e+15,4.663301595172338887e-01
1.650273781848524750e+15,4.663301595172342218e-01
1.650273781850415250e+15,4.663301595172344438e-01
1.650273781852306000e+15,4.663301595172346659e-01
1.650273781854196750e+15,4.663301595172349434e-01
1.650273781856087250e+15,4.663301595172351099e-01
1.650273781857978000e+15,4.663301595172351099e-01
1.650273781859868500e+15,4.663301595172351099e-01
1.650273781861759250e+15,4.663301595172351099e-01
1.650273781863649750e+15,4.663301595172351099e-01
1.650273781865540500e+15,4.663301595172350544e-01
1.650273781867431250e+15,4.663301595172351099e-01
1.650273781869321750e+15,4.663301595172351099e-01
1.650273781871212500e+15,4.663301595172349434e-01
1.650273781873103000e+15,4.663301595172347769e-01
1.650273781874993750e+15,4.663301595172346103e-01
1.650273781876884250e+15,4.663301595172344993e-01
1.650273781878775000e+15,4.663301595172343328e-01
1.650273781880665500e+15,4.663301595172341107e-01
1.650273781882556250e+15,4.663301595172339997e-01
1.650273781884447000e+15,4.663301595172338887e-01
1.650273781886337500e+15,4.663301595172336667e-01
1.650273781888228250e+15,4.663301595172335556e-01
1.650273781890118750e+15,4.663301595172333891e-01
1.650273781892009500e+15,4.663301595172333336e-01
1.650273781893900000e+15,4.663301595172333891e-01
1.650273781895790750e+15,4.663301595172333336e-01
1.650273781897681500e+15,4.663301595172333336e-01
1.650273781899572000e+15,4.663301595172333336e-01
1.650273781901462750e+15,4.663301595172333336e-01
1.650273781903353250e+15,4.663301595172333336e-01
1.650273781905244000e+15,4.663301595172333336e-01
1.650273781907134500e+15,4.663301595172333336e-01
1.650273781909025250e+15,4.663301595172333336e-01
1.650273781910915750e+15,4.663301595172333891e-01
1.650273781912806500e+15,4.663301595172333336e-01
1.650273781914697250e+15,4.663301595172333336e-01
1.650273781916587750e+15,4.665768857351207388e-01
1.650273781918478500e+15,4.671271630532812802e-01
1.650273781920369000e+15,4.676773676123094359e-01
1.650273781922259750e+15,4.682276449304699772e-01
1.650273781924150250e+15,4.687778494894981884e-01
1.650273781926041000e+15,4.693281268076586743e-01
1.650273781927931750e+15,4.698784041258191602e-01
1.650273781929822250e+15,4.704286086848473714e-01
1.650273781931713000e+15,4.709788860030079127e-01
1.650273781933603500e+15,4.715290905620361239e-01
1.650273781935494250e+15,4.720793678801966098e-01
1.650273781937384750e+15,4.722977134410315525e-01
1.650273781939275500e+15,4.717310127425763389e-01
1.650273781941166000e+15,4.711643869747965674e-01
1.650273781943056750e+15,4.705976862763413537e-01
1.650273781944947500e+15,4.700309855778861401e-01
1.650273781946838000e+15,4.694643598101063686e-01
1.650273781948728750e+15,4.688976591116511550e-01
1.650273781950619250e+15,4.683310333438713835e-01
1.650273781952510000e+15,4.677643326454161143e-01
1.650273781954400500e+15,4.671977068776363984e-01
1.650273781956291250e+15,4.666310061791811292e-01
1.650273781958182000e+15,4.663301595172350544e-01
1.650273781960072500e+15,4.663301595172351099e-01
1.650273781961963250e+15,4.663301595172351099e-01
1.650273781963853750e+15,4.663301595172351099e-01
1.650273781965744500e+15,4.663301595172350544e-01
1.650273781967635000e+15,4.663301595172350544e-01
1.650273781969525750e+15,4.667719187738437747e-01
1.650273781971416250e+15,4.678007403009381004e-01
1.650273781973307000e+15,4.688296978795433723e-01
1.650273781975197750e+15,4.698586554581486996e-01
1.650273781977088250e+15,4.708874769852429143e-01
1.650273781978979000e+15,4.719164345638482971e-01
1.650273781980869500e+15,4.722496378013852913e-01
1.650273781982760250e+15,4.717848528689396748e-01
1.650273781984650750e+15,4.713201293915954548e-01
1.650273781986541500e+15,4.708553444591498938e-01
1.650273781988432250e+15,4.703905595267041662e-01
1.650273781990322750e+15,4.699258360493601128e-01
1.650273781992213500e+15,4.694610511169144407e-01
1.650273781994104000e+15,4.689963276395703318e-01
1.650273781995994750e+15,4.685315427071247152e-01
1.650273781997885250e+15,4.680668192297805508e-01
1.650273781999776000e+15,4.676020342973348787e-01
1.650273782001666500e+15,4.671373108199907143e-01
1.650273782003557250e+15,4.666725258875451532e-01
1.650273782005448000e+15,4.664630502595795147e-01
1.650273782007338500e+15,4.669675280676158224e-01
1.650273782009229250e+15,4.674720725878722116e-01
1.650273782011119750e+15,4.679765503959085748e-01
1.650273782013010500e+15,4.684810949161649085e-01
1.650273782014901000e+15,4.689855727242012717e-01
1.650273782016791750e+15,4.694901172444576609e-01
1.650273782018682500e+15,4.699946617647139946e-01
1.650273782020573000e+15,4.704991395727503578e-01
1.650273782022463750e+15,4.710036840930067470e-01
1.650273782024354250e+15,4.715081619010430547e-01
1.650273782026245000e+15,4.720127064212994439e-01
1.650273782028135500e+15,4.724660826687756554e-01
1.650273782030026250e+15,4.724660826687756554e-01
1.650273782031916750e+15,4.724660826687756554e-01
1.650273782033807500e+15,4.724660826687756554e-01
1.650273782035698250e+15,4.724660826687756554e-01
1.650273782037588750e+15,4.724660826687758219e-01
1.650273782039479500e+15,4.724660826687760995e-01
1.650273782041370000e+15,4.724660826687763215e-01
1.650273782043260750e+15,4.724660826687764326e-01
1.650273782045151250e+15,4.724660826687766546e-01
1.650273782047042000e+15,4.724660826687769322e-01
1.650273782048932750e+15,4.724660826687771542e-01
1.650273782050823250e+15,4.724660826687774318e-01
1.650273782052714000e+15,4.724660826687774318e-01
1.650273782054604500e+15,4.724660826687774318e-01
1.650273782056495250e+15,4.724660826687774318e-01
1.650273782058385750e+15,4.724660826687774318e-01
1.650273782060276500e+15,4.724660826687774318e-01
1.650273782062167000e+15,4.724660826687773763e-01
1.650273782064057750e+15,4.724660826687774318e-01
1.650273782065948500e+15,4.724660826687774318e-01
1.650273782067839000e+15,4.724660826687774318e-01
1.650273782069729750e+15,4.724660826687774318e-01
1.650273782071620250e+15,4.724660826687774873e-01
1.650273782073511000e+15,4.724660826687774873e-01
1.650273782075401500e+15,4.724660826687775428e-01
1.650273782077292250e+15,4.724660826687774318e-01
1.650273782079183000e+15,4.724660826687774873e-01
1.650273782081073500e+15,4.724660826687775428e-01
1.650273782082964250e+15,4.724660826687774318e-01
1.650273782084854750e+15,4.724660826687774873e-01
1.650273782086745500e+15,4.724660826687774318e-01
1.650273782088636000e+15,4.724660826687774318e-01
1.650273782090526750e+15,4.724660826687774318e-01
1.650273782092417250e+15,4.724660826687774318e-01
1.650273782094308000e+15,4.724660826687774318e-01
1.650273782096198750e+15,4.724660826687774318e-01
1.650273782098089250e+15,4.724660826687773763e-01
1.650273782099980000e+15,4.724660826687774318e-01
1.650273782101870500e+15,4.724660826687773207e-01
1.650273782103761250e+15,4.724660826687774318e-01
1.650273782105651750e+15,4.724660826687774318e-01
1.650273782107542500e+15,4.724660826687773207e-01
1.650273782109433250e+15,4.724660826687773207e-01
1.650273782111323750e+15,4.724660826687773763e-01
1.650273782113214500e+15,4.724660826687773763e-01
1.650273782115105000e+15,4.724660826687774318e-01
1.650273782116995750e+15,4.724660826687774318e-01
1.650273782118886250e+15,4.724660826687774318e-01
1.650273782120777000e+15,4.724660826687774318e-01
1.650273782122667500e+15,4.724660826687774318e-01
1.650273782124558250e+15,4.724660826687774873e-01
1.650273782126449000e+15,4.724660826687774318e-01
1.650273782128339500e+15,4.724660826687774318e-01
1.650273782130230250e+15,4.724660826687774318e-01
1.650273782132120750e+15,4.724660826687774318e-01
1.650273782134011500e+15,4.724660826687774318e-01
1.650273782135902000e+15,4.724660826687773763e-01
1.650273782137792750e+15,4.724660826687774318e-01
1.650273782139683500e+15,4.724660826687774318e-01
1.650273782141574000e+15,4.724660826687774318e-01
1.650273782143464750e+15,4.724660826687774318e-01
1.650273782145355250e+15,4.724660826687774318e-01
1.650273782147246000e+15,4.724660826687774318e-01
1.650273782149136500e+15,4.724660826687774318e-01
1.650273782151027250e+15,4.724660826687774873e-01
1.650273782152917750e+15,4.724660826687775428e-01
1.650273782154808500e+15,4.724660826687774318e-01
1.650273782156699250e+15,4.724660826687774873e-01
1.650273782158589750e+15,4.724660826687774318e-01
1.650273782160480500e+15,4.724660826687774318e-01
1.650273782162371000e+15,4.724660826687774318e-01
1.650273782164261750e+15,4.724660826687774318e-01
1.650273782166152250e+15,4.724660826687773763e-01
1.650273782168043000e+15,4.724660826687774318e-01
1.650273782169933750e+15,4.724660826687774318e-01
1.650273782171824250e+15,4.724660826687774318e-01
1.650273782173715000e+15,4.724660826687774873e-01
1.650273782175605500e+15,4.724660826687774318e-01
1.650273782177496250e+15,4.724660826687774318e-01
1.650273782179386750e+15,4.724660826687774318e-01
1.650273782181277500e+15,4.724660826687774318e-01
1.650273782183168250e+15,4.724660826687774318e-01
1.650273782185058750e+15,4.724660826687774318e-01
1.650273782186949500e+15,4.724660826687774318e-01
1.650273782188840000e+15,4.724660826687774318e-01
1.650273782190730750e+15,4.724660826687774873e-01
1.650273782192621250e+15,4.724660826687774873e-01
1.650273782194512000e+15,4.724660826687774318e-01
1.650273782196402500e+15,4.724660826687774318e-01
1.650273782198293250e+15,4.724660826687774873e-01
1.650273782200184000e+15,4.724660826687774318e-01
1.650273782202074500e+15,4.724660826687775428e-01
1.650273782203965250e+15,4.724660826687774873e-01
1.650273782205855750e+15,4.724660826687774873e-01
1.650273782207746500e+15,4.724660826687774873e-01
1.650273782209637000e+15,4.724660826687774318e-01
1.650273782211527750e+15,4.724660826687774873e-01
1.650273782213418500e+15,4.724660826687774873e-01
1.650273782215309000e+15,4.724660826687774318e-01
1.650273782217199750e+15,4.724660826687774873e-01
1.650273782219090250e+15,4.724660826687775428e-01
1.650273782220981000e+15,4.724660826687777648e-01
1.650273782222871500e+15,4.724660826687778759e-01
1.650273782224762250e+15,4.724660826687780979e-01
1.650273782226652750e+15,4.724660826687782644e-01
1.650273782228543500e+15,4.724660826687782644e-01
1.650273782230434250e+15,4.724660826687781534e-01
1.650273782232324750e+15,4.724660826687779869e-01
1.650273782234215500e+15,4.724660826687778759e-01
1.650273782236106000e+15,4.724660826687778203e-01
1.650273782237996750e+15,4.724660826687776538e-01
1.650273782239887250e+15,4.724660826687775428e-01
1.650273782241778000e+15,4.724660826687774873e-01
1.650273782243668750e+15,4.724660826687774318e-01
1.650273782245559250e+15,4.724660826687774318e-01
1.650273782247450000e+15,4.724660826687774318e-01
1.650273782249340500e+15,4.724660826687774318e-01
1.650273782251231250e+15,4.724660826687774318e-01
1.650273782253121750e+15,4.724660826687774318e-01
1.650273782255012500e+15,4.724660826687774318e-01
1.650273782256903000e+15,4.724660826687773763e-01
1.650273782258793750e+15,4.724660826687774318e-01
1.650273782260684500e+15,4.724660826687774318e-01
1.650273782262575000e+15,4.724660826687773763e-01
1.650273782264465750e+15,4.724660826687774318e-01
1.650273782266356250e+15,4.724660826687774318e-01
1.650273782268247000e+15,4.724660826687774318e-01
1.650273782270137500e+15,4.724660826687774318e-01
1.650273782272028250e+15,4.724660826687774318e-01
1.650273782273919000e+15,4.724660826687774318e-01
1.650273782275809500e+15,4.724660826687774318e-01
1.650273782277700250e+15,4.724660826687774873e-01
1.650273782279590750e+15,4.724660826687774318e-01
1.650273782281481500e+15,4.724660826687774873e-01
1.650273782283372000e+15,4.724660826687774318e-01
1.650273782285262750e+15,4.724660826687774318e-01
1.650273782287153250e+15,4.724660826687773763e-01
1.650273782289044000e+15,4.724660826687774318e-01
1.650273782290934750e+15,4.724660826687774318e-01
1.650273782292825250e+15,4.724660826687773763e-01
1.650273782294716000e+15,4.724660826687774318e-01
1.650273782296606500e+15,4.724660826687774318e-01
1.650273782298497250e+15,4.724660826687773763e-01
1.650273782300387750e+15,4.724660826687774318e-01
1.650273782302278500e+15,4.724660826687774318e-01
1.650273782304169250e+15,4.724660826687773763e-01
1.650273782306059750e+15,4.724660826687774318e-01
1.650273782307950500e+15,4.724660826687775428e-01
1.650273782309841000e+15,4.724660826687776538e-01
1.650273782311731750e+15,4.724660826687778759e-01
1.650273782313622250e+15,4.724660826687780979e-01
1.650273782315513000e+15,4.724660826687782644e-01
1.650273782317403500e+15,4.724660826687782644e-01
1.650273782319294250e+15,4.724660826687780979e-01
1.650273782321185000e+15,4.724660826687779869e-01
1.650273782323075500e+15,4.724660826687778759e-01
1.650273782324966250e+15,4.724660826687777648e-01
1.650273782326856750e+15,4.724660826687776538e-01
1.650273782328747500e+15,4.724660826687774318e-01
1.650273782330638000e+15,4.724660826687773763e-01
1.650273782332528750e+15,4.724660826687773207e-01
1.650273782334419500e+15,4.724660826687772097e-01
1.650273782336310000e+15,4.724660826687771542e-01
1.650273782338200750e+15,4.724660826687770987e-01
1.650273782340091250e+15,4.724660826687769877e-01
1.650273782341982000e+15,4.724660826687768767e-01
1.650273782343872500e+15,4.724660826687768211e-01
1.650273782345763250e+15,4.724660826687767656e-01
1.650273782347653750e+15,4.724660826687766546e-01
1.650273782349544500e+15,4.724660826687765991e-01
1.650273782351435250e+15,4.717526576721846054e-01
1.650273782353325750e+15,4.707113683797260473e-01
1.650273782355216500e+15,4.696699413870171202e-01
1.650273782357107000e+15,4.686286520945585066e-01
1.650273782358997750e+15,4.675872251018496906e-01
1.650273782360888250e+15,4.665459358093910214e-01
1.650273782362779000e+15,4.667250143641553661e-01
1.650273782364669750e+15,4.672230609297421955e-01
1.650273782366560250e+15,4.677210416422857842e-01
1.650273782368451000e+15,4.682190882078725580e-01
1.650273782370341500e+15,4.687170689204162022e-01
1.650273782372232250e+15,4.692151154860029760e-01
1.650273782374122750e+15,4.697130961985465647e-01
1.650273782376013500e+15,4.702111427641333385e-01
1.650273782377904000e+15,4.707091234766769827e-01
1.650273782379794750e+15,4.712071700422637566e-01
1.650273782381685500e+15,4.717052166078504749e-01
1.650273782383576000e+15,4.722031973203941746e-01
1.650273782385466750e+15,4.720136299229660271e-01
1.650273782387357250e+15,4.710555096026561861e-01
1.650273782389248000e+15,4.700972625803733207e-01
1.650273782391138500e+15,4.691391422600635908e-01
1.650273782393029250e+15,4.681808952377806143e-01
1.650273782394920000e+15,4.672226482154978600e-01
1.650273782396810500e+15,4.662536745766128199e-01
1.650273782398701250e+15,4.651369649126624872e-01
1.650273782400591750e+15,4.640204029030375876e-01
1.650273782402482500e+15,4.629036932390871995e-01
1.650273782404373000e+15,4.617871312294623554e-01
1.650273782406263750e+15,4.606704215655120227e-01
1.650273782408154250e+15,4.607555656499528474e-01
1.650273782410045000e+15,4.617344296981117924e-01
1.650273782411935750e+15,4.627132937462707929e-01
1.650273782413826250e+15,4.636920283664186515e-01
1.650273782415717000e+15,4.646708924145776520e-01
1.650273782417607500e+15,4.656496270347255106e-01
1.650273782419498250e+15,4.663301595172351099e-01
1.650273782421388750e+15,4.663301595172351099e-01
1.650273782423279500e+15,4.663301595172351099e-01
1.650273782425170250e+15,4.663301595172351099e-01
1.650273782427060750e+15,4.663301595172351099e-01
1.650273782428951500e+15,4.663301595172351099e-01
1.650273782430842000e+15,4.663301595172350544e-01
1.650273782432732750e+15,4.664969372393702463e-01
1.650273782434623250e+15,4.670865459980359513e-01
1.650273782436514000e+15,4.676762327266512642e-01
1.650273782438404500e+15,4.682658414853169693e-01
1.650273782440295250e+15,4.688555282139322267e-01
1.650273782442186000e+15,4.694452149425475396e-01
1.650273782444076500e+15,4.700348237012131891e-01
1.650273782445967250e+15,4.706245104298284465e-01
1.650273782447857750e+15,4.712141191884942071e-01
1.650273782449748500e+15,4.718038059171094645e-01
1.650273782451639000e+15,4.723934146757751695e-01
1.650273782453529750e+15,4.724660826687765436e-01
1.650273782455420500e+15,4.724660826687765436e-01
1.650273782457311000e+15,4.724660826687765436e-01
1.650273782459201750e+15,4.724660826687765436e-01
1.650273782461092250e+15,4.724660826687765991e-01
1.650273782462983000e+15,4.724660826687765436e-01
1.650273782464873500e+15,4.724660826687765436e-01
1.650273782466764250e+15,4.724660826687765991e-01
1.650273782468654750e+15,4.713093485139317473e-01
1.650273782470545500e+15,4.687889277668585430e-01
1.650273782472436250e+15,4.662685070197853943e-01
1.650273782474326750e+15,4.637484195294552247e-01
1.650273782476217500e+15,4.612279987823820204e-01
1.650273782478108000e+15,4.608294486876805540e-01
1.650273782479998750e+15,4.619066035735983622e-01
1.650273782481889250e+15,4.629836160352287511e-01
1.650273782483780000e+15,4.640607709211465592e-01
1.650273782485670750e+15,4.651379258070643674e-01
1.650273782487561250e+15,4.662149382686947008e-01
1.650273782489452000e+15,4.672920931546125090e-01
1.650273782491342500e+15,4.683691056162428978e-01
1.650273782493233250e+15,4.694462605021607060e-01
1.650273782495123750e+15,4.705232729637910949e-01
1.650273782497014500e+15,4.716004278497089031e-01
1.650273782498905000e+15,4.724660826687764881e-01
1.650273782500795750e+15,4.724660826687765436e-01
1.650273782502686500e+15,4.724660826687765436e-01
1.650273782504577000e+15,4.724660826687765436e-01
1.650273782506467750e+15,4.724660826687765436e-01
1.650273782508358250e+15,4.724660826687765436e-01
1.650273782510249000e+15,4.724660826687765436e-01
1.650273782512139500e+15,4.724660826687764881e-01
1.650273782514030250e+15,4.718091379471994196e-01
1.650273782515921000e+15,4.709098668287762801e-01
1.650273782517811500e+15,4.700107146143750469e-01
1.650273782519702250e+15,4.691114434959519630e-01
1.650273782521592750e+15,4.682122912815508409e-01
1.650273782523483500e+15,4.673130201631276459e-01
1.650273782525374000e+15,4.664138679487265793e-01
1.650273782527264750e+15,4.663301595172351655e-01
1.650273782529155250e+15,4.663301595172351099e-01
1.650273782531046000e+15,4.663301595172351099e-01
1.650273782532936750e+15,4.663301595172351099e-01
1.650273782534827250e+15,4.663301595172351099e-01
1.650273782536718000e+15,4.663301595172351655e-01
1.650273782538608500e+15,4.663301595172351099e-01
1.650273782540499250e+15,4.663301595172351099e-01
1.650273782542389750e+15,4.663301595172351099e-01
1.650273782544280500e+15,4.663301595172351655e-01
1.650273782546171250e+15,4.663301595172352765e-01
1.650273782548061750e+15,4.663301595172353875e-01
1.650273782549952500e+15,4.663301595172355540e-01
1.650273782551843000e+15,4.663301595172357206e-01
1.650273782553733750e+15,4.663301595172358316e-01
1.650273782555624250e+15,4.663301595172359426e-01
1.650273782557515000e+15,4.663301595172356651e-01
1.650273782559405500e+15,4.663301595172353320e-01
1.650273782561296250e+15,4.663301595172350544e-01
1.650273782563187000e+15,4.663301595172346659e-01
1.650273782565077500e+15,4.663301595172343883e-01
1.650273782566968250e+15,4.663301595172343328e-01
1.650273782568858750e+15,4.663301595172346659e-01
1.650273782570749500e+15,4.663301595172348879e-01
1.650273782572640000e+15,4.663301595172351655e-01
1.650273782574530750e+15,4.663301595172353875e-01
1.650273782576421500e+15,4.663301595172356651e-01
1.650273782578312000e+15,4.663301595172359426e-01
1.650273782580202750e+15,4.663301595172357761e-01
1.650273782582093250e+15,4.663301595172355540e-01
1.650273782583984000e+15,4.663301595172353320e-01
1.650273782585874500e+15,4.663301595172351099e-01
1.650273782587765250e+15,4.663301595172347769e-01
1.650273782589655750e+15,4.663301595172345548e-01
1.650273782591546500e+15,4.663301595172343328e-01
1.650273782593437250e+15,4.663301595172342218e-01
1.650273782595327750e+15,4.663301595172342218e-01
1.650273782597218500e+15,4.663301595172342218e-01
1.650273782599109000e+15,4.663301595172341663e-01
1.650273782600999750e+15,4.663301595172342218e-01
1.650273782602890250e+15,4.663301595172342218e-01
1.650273782604781000e+15,4.663301595172342218e-01
1.650273782606671750e+15,4.663301595172341663e-01
1.650273782608562250e+15,4.663301595172342218e-01
1.650273782610453000e+15,4.663301595172342218e-01
1.650273782612343500e+15,4.663301595172342218e-01
1.650273782614234250e+15,4.663301595172342218e-01
1.650273782616124750e+15,4.663301595172342218e-01
1.650273782618015500e+15,4.663301595172343328e-01
1.650273782619906000e+15,4.663301595172342773e-01
1.650273782621796750e+15,4.663301595172342218e-01
1.650273782623687500e+15,4.663301595172342773e-01
1.650273782625578000e+15,4.663301595172342218e-01
1.650273782627468750e+15,4.663301595172342218e-01
1.650273782629359250e+15,4.663301595172341663e-01
1.650273782631250000e+15,4.663301595172342218e-01
1.650273782633140500e+15,4.663301595172342218e-01
1.650273782635031250e+15,4.663301595172342218e-01
1.650273782636922000e+15,4.663301595172342218e-01
1.650273782638812500e+15,4.663301595172342218e-01
1.650273782640703250e+15,4.663301595172341663e-01
1.650273782642593750e+15,4.663301595172342218e-01
1.650273782644484500e+15,4.663301595172341663e-01
1.650273782646375000e+15,4.663301595172342218e-01
1.650273782648265750e+15,4.663301595172342218e-01
1.650273782650156250e+15,4.663301595172342218e-01
1.650273782652047000e+15,4.663301595172342773e-01
1.650273782653937750e+15,4.663301595172342218e-01
1.650273782655828250e+15,4.663301595172342218e-01
1.650273782657719000e+15,4.663301595172342218e-01
1.650273782659609500e+15,4.663301595172342218e-01
1.650273782661500250e+15,4.663301595172342218e-01
1.650273782663390750e+15,4.663301595172342773e-01
1.650273782665281500e+15,4.663301595172343328e-01
1.650273782667172250e+15,4.663301595172342218e-01
1.650273782669062750e+15,4.663301595172342218e-01
1.650273782670953500e+15,4.663301595172342218e-01
1.650273782672844000e+15,4.663301595172342218e-01
1.650273782674734750e+15,4.663301595172342218e-01
1.650273782676625250e+15,4.663301595172342218e-01
1.650273782678516000e+15,4.663301595172342218e-01
1.650273782680406500e+15,4.663301595172342218e-01
1.650273782682297250e+15,4.663301595172342218e-01
1.650273782684188000e+15,4.663301595172341663e-01
1.650273782686078500e+15,4.663301595172342218e-01
1.650273782687969250e+15,4.663301595172342218e-01
1.650273782689859750e+15,4.663301595172341663e-01
1.650273782691750500e+15,4.663301595172341663e-01
1.650273782693641000e+15,4.663301595172342218e-01
1.650273782695531750e+15,4.663301595172341663e-01
1.650273782697422500e+15,4.663301595172342218e-01
1.650273782699313000e+15,4.663301595172341663e-01
1.650273782701203750e+15,4.663301595172341663e-01
1.650273782703094250e+15,4.663301595172342218e-01
1.650273782704985000e+15,4.663301595172341663e-01
1.650273782706875500e+15,4.663301595172342773e-01
1.650273782708766250e+15,4.663301595172342218e-01
1.650273782710656750e+15,4.663301595172342773e-01
1.650273782712547500e+15,4.663301595172342218e-01
1.650273782714438250e+15,4.663301595172342218e-01
1.650273782716328750e+15,4.663301595172342218e-01
1.650273782718219500e+15,4.663301595172342218e-01
1.650273782720110000e+15,4.663301595172343328e-01
1.650273782722000750e+15,4.663301595172342218e-01
1.650273782723891250e+15,4.663301595172342773e-01
1.650273782725782000e+15,4.663301595172342773e-01
1.650273782727672750e+15,4.663301595172342218e-01
1.650273782729563250e+15,4.663301595172342218e-01
1.650273782731454000e+15,4.663301595172341663e-01
1.650273782733344500e+15,4.663301595172342218e-01
1.650273782735235250e+15,4.663301595172342218e-01
1.650273782737125750e+15,4.663301595172342218e-01
1.650273782739016500e+15,4.663301595172342218e-01
1.650273782740907000e+15,4.663301595172343328e-01
1.650273782742797750e+15,4.663301595172343883e-01
1.650273782744688500e+15,4.663301595172344438e-01
1.650273782746579000e+15,4.663301595172345548e-01
1.650273782748469750e+15,4.663301595172346103e-01
1.650273782750360250e+15,4.663301595172347769e-01
1.650273782752251000e+15,4.663301595172348324e-01
1.650273782754141500e+15,4.663301595172348879e-01
1.650273782756032250e+15,4.663301595172349989e-01
1.650273782757923000e+15,4.663301595172350544e-01
1.650273782759813500e+15,4.663301595172351655e-01
1.650273782761704250e+15,4.663301595172351655e-01
1.650273782763594750e+15,4.663301595172351099e-01
1.650273782765485500e+15,4.663301595172351099e-01
1.650273782767376000e+15,4.663301595172351655e-01
1.650273782769266750e+15,4.663301595172351099e-01
1.650273782771157250e+15,4.663301595172351099e-01
1.650273782773048000e+15,4.663301595172351099e-01
1.650273782774938750e+15,4.663301595172351099e-01
1.650273782776829250e+15,4.663301595172350544e-01
1.650273782778720000e+15,4.663301595172351099e-01
1.650273782780610500e+15,4.663301595172351099e-01
1.650273782782501250e+15,4.663301595172351099e-01
1.650273782784391750e+15,4.663301595172351099e-01
1.650273782786282500e+15,4.663301595172350544e-01
1.650273782788173250e+15,4.663301595172351099e-01
1.650273782790063750e+15,4.663301595172351099e-01
1.650273782791954500e+15,4.663301595172351099e-01
1.650273782793845000e+15,4.663301595172351099e-01
1.650273782795735750e+15,4.663301595172351099e-01
1.650273782797626250e+15,4.663301595172351099e-01
1.650273782799517000e+15,4.663301595172351099e-01
1.650273782801407500e+15,4.663301595172351655e-01
1.650273782803298250e+15,4.663301595172351655e-01
1.650273782805189000e+15,4.655545358017944002e-01
1.650273782807079500e+15,4.643990459404541693e-01
1.650273782808970250e+15,4.632434032769636167e-01
1.650273782810860750e+15,4.620879134156233858e-01
1.650273782812751500e+15,4.609322707521328333e-01
1.650273782814642000e+15,4.607261695398363055e-01
1.650273782816532750e+15,4.621987210025233495e-01
1.650273782818423500e+15,4.636712724652103379e-01
1.650273782820314000e+15,4.651436292232215552e-01
1.650273782822204750e+15,4.666161806859085992e-01
1.650273782824095250e+15,4.680885374439197610e-01
1.650273782825986000e+15,4.695610889066068050e-01
1.650273782827876500e+15,4.710334456646180223e-01
1.650273782829767250e+15,4.724359325190625736e-01
1.650273782831657750e+15,4.713237596793704021e-01
1.650273782833548500e+15,4.702114397657772837e-01
1.650273782835439250e+15,4.690991198521839989e-01
1.650273782837329750e+15,4.679869470124918829e-01
1.650273782839220500e+15,4.668746270988987090e-01
1.650273782841111000e+15,4.663301595172351099e-01
1.650273782843001750e+15,4.663301595172351099e-01
1.650273782844892250e+15,4.663301595172351655e-01
1.650273782846783000e+15,4.663301595172350544e-01
1.650273782848673750e+15,4.663301595172351099e-01
1.650273782850564250e+15,4.663301595172351099e-01
1.650273782852455000e+15,4.663301595172351099e-01
1.650273782854345500e+15,4.663301595172351099e-01
1.650273782856236250e+15,4.663301595172351099e-01
1.650273782858126750e+15,4.663301595172351099e-01
1.650273782860017500e+15,4.663301595172350544e-01
1.650273782861908000e+15,4.663301595172351655e-01
1.650273782863798750e+15,4.663301595172351099e-01
1.650273782865689500e+15,4.663301595172351655e-01
1.650273782867580000e+15,4.663301595172351099e-01
1.650273782869470750e+15,4.663301595172351655e-01
1.650273782871361250e+15,4.663301595172351655e-01
1.650273782873252000e+15,4.663301595172351099e-01
1.650273782875142500e+15,4.663301595172351655e-01
1.650273782877033250e+15,4.663301595172351099e-01
1.650273782878924000e+15,4.663301595172351655e-01
1.650273782880814500e+15,4.663301595172351099e-01
1.650273782882705250e+15,4.663301595172351655e-01
1.650273782884595750e+15,4.663301595172351099e-01
1.650273782886486500e+15,4.663301595172351099e-01
1.650273782888377000e+15,4.663301595172351655e-01
1.650273782890267750e+15,4.663301595172351099e-01
1.650273782892158250e+15,4.663301595172351655e-01
1.650273782894049000e+15,4.663301595172351099e-01
1.650273782895939750e+15,4.663301595172350544e-01
1.650273782897830250e+15,4.663301595172351099e-01
1.650273782899721000e+15,4.663301595172351099e-01
1.650273782901611500e+15,4.663301595172351099e-01
1.650273782903502250e+15,4.663301595172351099e-01
1.650273782905392750e+15,4.663301595172351099e-01
1.650273782907283500e+15,4.664848830696189941e-01
1.650273782909174250e+15,4.674487827621064406e-01
1.650273782911064750e+15,4.684125550052096743e-01
1.650273782912955500e+15,4.693764546976970653e-01
1.650273782914846000e+15,4.703402269408003544e-01
1.650273782916736750e+15,4.713041266332878010e-01
1.650273782918627250e+15,4.722678988763910346e-01
1.650273782920518000e+15,4.714737643297607916e-01
1.650273782922408500e+15,4.702247777652394656e-01
1.650273782924299250e+15,4.689756260345498418e-01
1.650273782926190000e+15,4.677264743038602735e-01
1.650273782928080500e+15,4.664774877393390029e-01
1.650273782929971250e+15,4.652283360086494346e-01
1.650273782931861750e+15,4.639793494441281085e-01
1.650273782933752500e+15,4.627301977134385957e-01
1.650273782935643000e+15,4.614812111489172142e-01
1.650273782937533750e+15,4.602320594182276459e-01
1.650273782939424500e+15,4.608904992137148882e-01
1.650273782941315000e+15,4.616084075388783847e-01
1.650273782943205750e+15,4.623264108003452000e-01
1.650273782945096250e+15,4.630443191255086965e-01
1.650273782946987000e+15,4.637623223869754563e-01
1.650273782948877500e+15,4.644802307121390639e-01
1.650273782950768250e+15,4.651982339736058236e-01
1.650273782952658750e+15,4.659161422987693757e-01
1.650273782954549500e+15,4.663301595172351655e-01
1.650273782956440250e+15,4.663301595172351099e-01
1.650273782958330750e+15,4.663301595172352210e-01
1.650273782960221500e+15,4.663301595172351099e-01
1.650273782962112000e+15,4.663301595172351099e-01
1.650273782964002750e+15,4.663040446772663272e-01
1.650273782965893250e+15,4.656849838000118869e-01
1.650273782967784000e+15,4.650658410580554292e-01
1.650273782969674750e+15,4.644466983160989715e-01
1.650273782971565250e+15,4.638276374388446421e-01
1.650273782973456000e+15,4.632084946968881844e-01
1.650273782975346500e+15,4.625894338196337996e-01
1.650273782977237250e+15,4.619702910776772864e-01
1.650273782979127750e+15,4.613512302004229015e-01
1.650273782981018500e+15,4.607320874584664439e-01
1.650273782982909000e+15,4.602896772175222306e-01
1.650273782984799750e+15,4.610173175021923253e-01
1.650273782986690500e+15,4.617449577868624200e-01
1.650273782988581000e+15,4.624725018609964211e-01
1.650273782990471750e+15,4.632001421456665158e-01
1.650273782992362250e+15,4.639276862198005169e-01
1.650273782994253000e+15,4.646553265044706671e-01
1.650273782996143500e+15,4.653828705786046127e-01
1.650273782998034250e+15,4.661105108632747074e-01
1.650273782999925000e+15,4.656204934732469658e-01
1.650273783001815500e+15,4.646041119155502885e-01
1.650273783003706250e+15,4.635875959514058620e-01
1.650273783005596750e+15,4.625712143937091847e-01
1.650273783007487500e+15,4.615546984295646471e-01
1.650273783009378000e+15,4.605383168718680253e-01
1.650273783011268750e+15,4.601942363656918444e-01
1.650273783013159250e+15,4.601942363656918444e-01
1.650273783015050000e+15,4.601942363656918444e-01
1.650273783016940750e+15,4.601942363656917889e-01
1.650273783018831250e+15,4.601942363656917889e-01
1.650273783020722000e+15,4.601942363656918444e-01
1.650273783022612500e+15,4.601942363656918444e-01
1.650273783024503250e+15,4.601942363656918444e-01
1.650273783026393750e+15,4.601942363656918444e-01
1.650273783028284500e+15,4.601942363656918444e-01
1.650273783030175250e+15,4.601942363656917889e-01
1.650273783032065750e+15,4.601942363656917889e-01
1.650273783033956500e+15,4.601942363656918999e-01
1.650273783035847000e+15,4.601942363656918444e-01
1.650273783037737750e+15,4.601942363656918444e-01
1.650273783039628250e+15,4.582552287840401251e-01
1.650273783041519000e+15,4.562991511076319173e-01
1.650273783043409500e+15,4.543433320690231092e-01
1.650273783045300250e+15,4.523872543926149570e-01
1.650273783047191000e+15,4.504311767162066937e-01
1.650273783049081500e+15,4.484753576775978856e-01
1.650273783050972250e+15,4.479223900626090327e-01
1.650273783052862750e+15,4.479223900626090327e-01
1.650273783054753500e+15,4.479223900626090327e-01
1.650273783056644000e+15,4.479223900626090327e-01
1.650273783058534750e+15,4.479223900626090882e-01
1.650273783060425500e+15,4.479223900626090327e-01
1.650273783062316000e+15,4.479223900626090882e-01
1.650273783064206750e+15,4.479223900626090882e-01
1.650273783066097250e+15,4.479223900626090327e-01
1.650273783067988000e+15,4.479223900626090882e-01
1.650273783069878500e+15,4.479223900626089772e-01
1.650273783071769250e+15,4.479223900626090327e-01
1.650273783073659750e+15,4.479223900626090327e-01
1.650273783075550500e+15,4.479223900626090327e-01
1.650273783077441250e+15,4.479223900626090327e-01
1.650273783079331750e+15,4.479223900626090327e-01
1.650273783081222500e+15,4.473527879458120693e-01
1.650273783083113000e+15,4.462797109136200091e-01
1.650273783085003750e+15,4.452064919775622909e-01
1.650273783086894250e+15,4.441334149453702862e-01
1.650273783088785000e+15,4.430601960093125680e-01
1.650273783090675750e+15,4.419869770732548497e-01
1.650273783092566250e+15,4.421487656575481262e-01
1.650273783094457000e+15,4.425943772073381854e-01
1.650273783096347500e+15,4.430399298371824335e-01
1.650273783098238250e+15,4.434855413869724927e-01
1.650273783100128750e+15,4.439310940168167963e-01
1.650273783102019500e+15,4.443767055666068000e-01
1.650273783103910000e+15,4.448222581964510480e-01
1.650273783105800750e+15,4.452678697462411073e-01
1.650273783107691500e+15,4.457134812960311665e-01
1.650273783109582000e+15,4.461590339258754145e-01
1.650273783111472750e+15,4.466046454756655293e-01
1.650273783113363250e+15,4.470501981055097218e-01
1.650273783115254000e+15,4.474958096552997810e-01
1.650273783117144500e+15,4.479223900626089772e-01
1.650273783119035250e+15,4.479223900626090327e-01
1.650273783120926000e+15,4.479223900626090327e-01
1.650273783122816500e+15,4.479223900626090327e-01
1.650273783124707250e+15,4.479223900626090327e-01
1.650273783126597750e+15,4.479223900626090327e-01
1.650273783128488500e+15,4.479223900626090327e-01
1.650273783130379000e+15,4.479223900626090327e-01
1.650273783132269750e+15,4.479223900626090327e-01
1.650273783134160250e+15,4.479223900626090327e-01
1.650273783136051000e+15,4.479223900626090327e-01
1.650273783137941750e+15,4.479223900626090327e-01
1.650273783139832250e+15,4.479223900626090327e-01
1.650273783141723000e+15,4.479223900626090327e-01
1.650273783143613500e+15,4.479223900626089772e-01
1.650273783145504250e+15,4.479223900626090327e-01
1.650273783147394750e+15,4.479223900626089772e-01
1.650273783149285500e+15,4.479223900626086996e-01
1.650273783151176250e+15,4.479223900626083665e-01
1.650273783153066750e+15,4.479223900626080890e-01
1.650273783154957500e+15,4.479223900626077559e-01
1.650273783156848000e+15,4.479223900626074228e-01
1.650273783158738750e+15,4.479223900626072563e-01
1.650273783160629250e+15,4.479223900626072563e-01
1.650273783162520000e+15,4.479223900626072563e-01
1.650273783164410500e+15,4.479223900626072563e-01
1.650273783166301250e+15,4.479223900626072563e-01
1.650273783168192000e+15,4.479223900626072563e-01
1.650273783170082500e+15,4.479223900626072563e-01
1.650273783171973250e+15,4.472177783384191363e-01
1.650273783173863750e+15,4.462319737392867469e-01
1.650273783175754500e+15,4.452460387772081418e-01
1.650273783177645000e+15,4.442602341780758080e-01
1.650273783179535750e+15,4.432742992159972029e-01
1.650273783181426500e+15,4.422883642539186533e-01
1.650273783183317000e+15,4.426342502334250084e-01
1.650273783185207750e+15,4.443615630747528300e-01
1.650273783187098250e+15,4.460886475261771067e-01
1.650273783188989000e+15,4.478159603675049283e-01
1.650273783190879500e+15,4.495430448189291495e-01
1.650273783192770250e+15,4.512703576602570266e-01
1.650273783194660750e+15,4.529974421116812477e-01
1.650273783196551500e+15,4.536200115310112801e-01
1.650273783198442250e+15,4.524840020623426273e-01
1.650273783200332750e+15,4.513481427998710105e-01
1.650273783202223500e+15,4.502121333312023577e-01
1.650273783204114000e+15,4.490762740687307963e-01
1.650273783206004750e+15,4.479402646000621990e-01
1.650273783207895250e+15,4.468044053375905822e-01
1.650273783209786000e+15,4.456683958689219849e-01
1.650273783211676750e+15,4.445323864002532765e-01
1.650273783213567250e+15,4.433965271377817707e-01
1.650273783215458000e+15,4.422605176691131179e-01
1.650273783217348500e+15,4.417864669110650455e-01
1.650273783219239250e+15,4.417864669110650455e-01
1.650273783221129750e+15,4.417864669110651565e-01
1.650273783223020500e+15,4.417864669110652120e-01
1.650273783224911250e+15,4.417864669110653231e-01
1.650273783226801750e+15,4.417864669110653786e-01
1.650273783228692500e+15,4.417864669110654896e-01
1.650273783230583000e+15,4.417864669110654896e-01
1.650273783232473750e+15,4.417864669110656006e-01
1.650273783234364250e+15,4.417864669110657116e-01
1.650273783236255000e+15,4.417864669110657672e-01
1.650273783238145500e+15,4.417864669110658227e-01
1.650273783240036250e+15,4.417864669110658782e-01
1.650273783241927000e+15,4.417864669110658227e-01
1.650273783243817500e+15,4.417864669110658227e-01
1.650273783245708250e+15,4.417864669110658227e-01
1.650273783247598750e+15,4.417864669110658782e-01
1.650273783249489500e+15,4.415025638799407459e-01
1.650273783251380000e+15,4.409682496137964369e-01
1.650273783253270750e+15,4.404338646898544596e-01
1.650273783255161500e+15,4.398994797659124822e-01
1.650273783257052000e+15,4.393651654997682288e-01
1.650273783258942750e+15,4.388307805758262514e-01
1.650273783260833250e+15,4.382964663096819424e-01
1.650273783262724000e+15,4.377620813857400206e-01
1.650273783264614500e+15,4.372277671195957116e-01
1.650273783266505250e+15,4.366933821956537343e-01
1.650273783268395750e+15,4.361590679295093698e-01
1.650273783270286500e+15,4.357437902249546302e-01
1.650273783272177250e+15,4.376706290721193437e-01
1.650273783274067750e+15,4.395972131475205380e-01
1.650273783275958500e+15,4.415240519946852515e-01
1.650273783277849000e+15,4.434506360700865013e-01
1.650273783279739750e+15,4.453774749172511593e-01
1.650273783281630250e+15,4.473040589926524091e-01
1.650273783283521000e+15,4.467288549426890465e-01
1.650273783285411750e+15,4.449713187059402553e-01
1.650273783287302250e+15,4.432140148553129766e-01
1.650273783289193000e+15,4.414564786185641854e-01
1.650273783291083500e+15,4.396991747679369067e-01
1.650273783292974250e+15,4.379416385311881155e-01
1.650273783294864750e+15,4.361843346805608368e-01
1.650273783296755500e+15,4.362839092000908026e-01
1.650273783298646000e+15,4.371934248593343786e-01
1.650273783300536750e+15,4.381030607930633813e-01
1.650273783302427500e+15,4.390126967267924951e-01
1.650273783304318000e+15,4.399222123860360156e-01
1.650273783306208750e+15,4.408318483197650739e-01
1.650273783308099250e+15,4.417413639790085944e-01
1.650273783309990000e+15,4.406943260727810840e-01
1.650273783311880500e+15,4.395453598764664238e-01
1.650273783313771250e+15,4.383962417406918055e-01
1.650273783315662000e+15,4.372471236049172427e-01
1.650273783317552500e+15,4.360981574086026380e-01
1.650273783319443250e+15,4.356505437595225572e-01
1.650273783321333750e+15,4.356505437595225572e-01
1.650273783323224500e+15,4.356505437595225572e-01
1.650273783325115000e+15,4.356505437595225572e-01
1.650273783327005750e+15,4.356505437595225572e-01
1.650273783328896250e+15,4.356505437595226127e-01
1.650273783330787000e+15,4.356505437595226127e-01
1.650273783332677750e+15,4.356505437595225572e-01
1.650273783334568250e+15,4.356505437595226127e-01
1.650273783336459000e+15,4.356505437595225572e-01
1.650273783338349500e+15,4.356505437595225572e-01
1.650273783340240250e+15,4.356505437595226127e-01
1.650273783342130750e+15,4.356505437595225572e-01
1.650273783344021500e+15,4.356505437595225572e-01
1.650273783345912250e+15,4.356505437595226127e-01
1.650273783347802750e+15,4.356505437595226127e-01
1.650273783349693500e+15,4.356505437595226127e-01
1.650273783351584000e+15,4.356505437595226127e-01
1.650273783353474750e+15,4.356505437595226127e-01
1.650273783355365250e+15,4.356505437595226127e-01
1.650273783357256000e+15,4.356505437595225572e-01
1.650273783359146500e+15,4.356505437595226127e-01
1.650273783361037250e+15,4.356505437595225572e-01
1.650273783362928000e+15,4.356505437595226127e-01
1.650273783364818500e+15,4.356505437595225572e-01
1.650273783366709250e+15,4.356505437595223906e-01
1.650273783368599750e+15,4.356505437595222796e-01
1.650273783370490500e+15,4.356505437595221686e-01
1.650273783372381000e+15,4.356505437595220576e-01
1.650273783374271750e+15,4.356505437595218910e-01
1.650273783376162500e+15,4.356505437595217245e-01
1.650273783378053000e+15,4.356505437595216690e-01
1.650273783379943750e+15,4.356505437595217245e-01
1.650273783381834250e+15,4.356505437595216690e-01
1.650273783383725000e+15,4.356505437595217245e-01
1.650273783385615500e+15,4.356505437595217245e-01
1.650273783387506250e+15,4.356505437595217800e-01
1.650273783389396750e+15,4.356505437595217800e-01
1.650273783391287500e+15,4.356505437595217245e-01
1.650273783393178250e+15,4.356505437595218355e-01
1.650273783395068750e+15,4.356505437595217245e-01
1.650273783396959500e+15,4.356505437595217245e-01
1.650273783398850000e+15,4.356505437595217245e-01
1.650273783400740750e+15,4.356505437595217800e-01
1.650273783402631250e+15,4.356505437595217800e-01
1.650273783404522000e+15,4.356505437595217245e-01
1.650273783406412750e+15,4.356505437595217245e-01
1.650273783408303250e+15,4.356505437595217245e-01
1.650273783410194000e+15,4.356505437595217245e-01
1.650273783412084500e+15,4.356505437595217245e-01
1.650273783413975250e+15,4.356505437595217245e-01
1.650273783415865750e+15,4.356505437595217245e-01
1.650273783417756500e+15,4.356505437595217245e-01
1.650273783419647000e+15,4.356505437595217245e-01
1.650273783421537750e+15,4.356505437595217245e-01
1.650273783423428500e+15,4.356505437595217245e-01
1.650273783425319000e+15,4.356505437595217800e-01
1.650273783427209750e+15,4.356505437595217800e-01
1.650273783429100250e+15,4.356505437595217800e-01
1.650273783430991000e+15,4.356505437595217245e-01
1.650273783432881500e+15,4.356505437595217245e-01
1.650273783434772250e+15,4.356505437595217800e-01
1.650273783436663000e+15,4.356505437595217245e-01
1.650273783438553500e+15,4.356505437595217245e-01
1.650273783440444250e+15,4.356505437595217245e-01
1.650273783442334750e+15,4.356505437595217245e-01
1.650273783444225500e+15,4.356505437595217245e-01
1.650273783446116000e+15,4.356505437595217245e-01
1.650273783448006750e+15,4.356505437595217245e-01
1.650273783449897250e+15,4.356505437595217245e-01
1.650273783451788000e+15,4.356505437595217245e-01
1.650273783453678750e+15,4.356505437595216690e-01
1.650273783455569250e+15,4.356505437595217245e-01
1.650273783457460000e+15,4.356505437595217245e-01
1.650273783459350500e+15,4.356505437595217245e-01
1.650273783461241250e+15,4.356505437595217245e-01
1.650273783463131750e+15,4.356505437595217245e-01
1.650273783465022500e+15,4.356505437595217245e-01
1.650273783466913250e+15,4.356505437595217800e-01
1.650273783468803750e+15,4.356505437595217245e-01
1.650273783470694500e+15,4.356505437595217245e-01
1.650273783472585000e+15,4.356505437595217245e-01
1.650273783474475750e+15,4.356505437595217245e-01
1.650273783476366250e+15,4.356505437595217245e-01
1.650273783478257000e+15,4.356505437595217245e-01
1.650273783480147500e+15,4.356505437595217245e-01
1.650273783482038250e+15,4.356505437595216135e-01
1.650273783483929000e+15,4.356505437595214469e-01
1.650273783485819500e+15,4.356505437595212804e-01
1.650273783487710250e+15,4.356505437595211694e-01
1.650273783489600750e+15,4.356505437595210029e-01
1.650273783491491500e+15,4.356505437595208363e-01
1.650273783493382000e+15,4.350267974344231847e-01
1.650273783495272750e+15,4.341697128674331663e-01
1.650273783497163500e+15,4.333126283004431478e-01
1.650273783499054000e+15,4.324556570594569882e-01
1.650273783500944750e+15,4.315985724924670253e-01
1.650273783502835250e+15,4.307416012514807546e-01
1.650273783504726000e+15,4.298845166844907917e-01
1.650273783506616500e+15,4.300703395414192665e-01
1.650273783508507250e+15,4.310482135045664021e-01
1.650273783510397750e+15,4.320259581706140106e-01
1.650273783512288500e+15,4.330038321337610907e-01
1.650273783514179250e+15,4.339817060969082263e-01
1.650273783516069750e+15,4.349594507629558349e-01
1.650273783517960500e+15,4.358241960530711001e-01
1.650273783519851000e+15,4.364162423307210159e-01
1.650273783521741750e+15,4.370083669006583627e-01
1.650273783523632250e+15,4.376004131783082229e-01
1.650273783525523000e+15,4.381925377482455697e-01
1.650273783527413750e+15,4.387846623181828609e-01
1.650273783529304250e+15,4.393767085958327212e-01
1.650273783531195000e+15,4.399688331657700680e-01
1.650273783533085500e+15,4.405608794434199282e-01
1.650273783534976250e+15,4.411530040133573305e-01
1.650273783536866750e+15,4.417450502910071353e-01
1.650273783538757500e+15,4.399131994003031010e-01
1.650273783540648000e+15,4.378993169839852095e-01
1.650273783542538750e+15,4.358851682515581527e-01
1.650273783544429500e+15,4.338710195191312069e-01
1.650273783546320000e+15,4.318571371028132599e-01
1.650273783548210750e+15,4.298429883703861476e-01
1.650273783550101250e+15,4.306892805482728237e-01
1.650273783551992000e+15,4.320929704089836454e-01
1.650273783553882500e+15,4.334964746700831761e-01
1.650273783555773250e+15,4.349001645307939978e-01
1.650273783557664000e+15,4.352356357855413638e-01
1.650273783559554500e+15,4.343442908709886918e-01
1.650273783561445250e+15,4.334528280848524151e-01
1.650273783563335750e+15,4.325614831702997432e-01
1.650273783565226500e+15,4.316700203841635219e-01
1.650273783567117000e+15,4.307786754696107390e-01
1.650273783569007750e+15,4.298872126834745733e-01
1.650273783570898250e+15,4.307516429529140156e-01
1.650273783572789000e+15,4.328774325449947225e-01
1.650273783574679750e+15,4.350032221370753738e-01
1.650273783576570250e+15,4.371287306515952986e-01
1.650273783578461000e+15,4.392545202436760055e-01
1.650273783580351500e+15,4.413800287581958748e-01
1.650273783582242250e+15,4.402892017954601056e-01
1.650273783584132750e+15,4.384382423702184450e-01
1.650273783586023500e+15,4.365870381738281569e-01
1.650273783587914250e+15,4.347358339774378688e-01
1.650273783589804750e+15,4.328848745521961527e-01
1.650273783591695500e+15,4.310336703558058646e-01
1.650273783593586000e+15,4.295146206079811790e-01
1.650273783595476750e+15,4.295146206079811790e-01
1.650273783597367250e+15,4.295146206079811790e-01
1.650273783599258000e+15,4.295146206079811790e-01
1.650273783601148500e+15,4.295146206079811790e-01
1.650273783603039250e+15,4.295146206079811790e-01
1.650273783604930000e+15,4.295146206079811790e-01
1.650273783606820500e+15,4.295146206079811790e-01
1.650273783608711250e+15,4.295146206079811790e-01
1.650273783610601750e+15,4.295146206079811790e-01
1.650273783612492500e+15,4.295146206079811790e-01
1.650273783614383000e+15,4.295146206079811790e-01
1.650273783616273750e+15,4.295146206079811235e-01
1.650273783618164500e+15,4.303067832376271662e-01
1.650273783620055000e+15,4.317488472254422116e-01
1.650273783621945750e+15,4.331911019120125994e-01
1.650273783623836250e+15,4.346331658998276448e-01
1.650273783625727000e+15,4.354101478113306944e-01
1.650273783627617500e+15,4.345942258363722499e-01
1.650273783629508250e+15,4.337781959637709850e-01
1.650273783631398750e+15,4.329622739888125404e-01
1.650273783633289500e+15,4.321462441162112755e-01
1.650273783635180250e+15,4.313302142436100661e-01
1.650273783637070750e+15,4.305142922686516771e-01
1.650273783638961500e+15,4.296982623960503567e-01
1.650273783640852000e+15,4.295146206079811790e-01
1.650273783642742750e+15,4.295146206079811790e-01
1.650273783644633250e+15,4.295146206079811790e-01
1.650273783646524000e+15,4.295146206079811790e-01
1.650273783648414750e+15,4.295146206079811790e-01
1.650273783650305250e+15,4.295146206079811790e-01
1.650273783652196000e+15,4.295146206079811790e-01
1.650273783654086500e+15,4.295146206079811790e-01
1.650273783655977250e+15,4.295146206079811790e-01
1.650273783657867750e+15,4.295146206079811790e-01
1.650273783659758500e+15,4.295146206079811790e-01
1.650273783661649000e+15,4.297772955790170046e-01
1.650273783663539750e+15,4.307473203866069023e-01
1.650273783665430500e+15,4.317173451941967999e-01
1.650273783667321000e+15,4.326872417425234874e-01
1.650273783669211750e+15,4.336572665501133850e-01
1.650273783671102250e+15,4.346271630984400725e-01
1.650273783672993000e+15,4.355971879060300256e-01
1.650273783674883500e+15,4.360985870322360847e-01
1.650273783676774250e+15,4.365727755672961785e-01
1.650273783678665000e+15,4.370469641023561613e-01
1.650273783680555500e+15,4.375210899389453401e-01
1.650273783682446250e+15,4.379952784740053784e-01
1.650273783684336750e+15,4.384694043105945571e-01
1.650273783686227500e+15,4.389435928456545954e-01
1.650273783688118000e+15,4.394177186822437187e-01
1.650273783690008750e+15,4.398919072173038125e-01
1.650273783691899250e+15,4.403660330538928802e-01
1.650273783693790000e+15,4.408402215889529741e-01
1.650273783695680750e+15,4.413144101240130124e-01
1.650273783697571250e+15,4.417904440768403718e-01
1.650273783699462000e+15,4.427019381606539516e-01
1.650273783701352500e+15,4.436133117242926360e-01
1.650273783703243250e+15,4.445248058081062714e-01
1.650273783705133750e+15,4.454361793717449003e-01
1.650273783707024500e+15,4.463476734555585912e-01
1.650273783708915250e+15,4.472591675393722266e-01
1.650273783710805750e+15,4.477740495383607522e-01
1.650273783712696500e+15,4.472291736836369047e-01
1.650273783714587000e+15,4.466843698738495183e-01
1.650273783716477750e+15,4.461394940191256708e-01
1.650273783718368250e+15,4.455946902093383954e-01
1.650273783720259000e+15,4.450498143546144370e-01
1.650273783722149500e+15,4.445050105448271061e-01
1.650273783724040250e+15,4.439601346901032031e-01
1.650273783725931000e+15,4.434152588353794111e-01
1.650273783727821500e+15,4.428704550255920802e-01
1.650273783729712250e+15,4.423255791708682327e-01
1.650273783731602750e+15,4.417968842137583452e-01
1.650273783733493500e+15,4.427941761160001377e-01
1.650273783735384000e+15,4.437913361536508505e-01
1.650273783737274750e+15,4.447886280558925876e-01
1.650273783739165500e+15,4.457859199581344356e-01
1.650273783741056000e+15,4.467830799957851484e-01
1.650273783742946750e+15,4.477803718980268854e-01
1.650273783744837250e+15,4.474294334020791908e-01
1.650273783746728000e+15,4.468545326736957368e-01
1.650273783748618500e+15,4.462797079602174866e-01
1.650273783750509250e+15,4.457048072318340326e-01
1.650273783752399750e+15,4.451299825183557268e-01
1.650273783754290500e+15,4.445550817899722729e-01
1.650273783756181250e+15,4.439801810615888189e-01
1.650273783758071750e+15,4.434053563481105131e-01
1.650273783759962500e+15,4.428304556197270592e-01
1.650273783761853000e+15,4.422556309062488644e-01
1.650273783763743750e+15,4.417864669110640463e-01
1.650273783765634250e+15,4.417864669110640463e-01
1.650273783767525000e+15,4.417864669110640463e-01
1.650273783769415750e+15,4.417864669110640463e-01
1.650273783771306250e+15,4.417864669110640463e-01
1.650273783773197000e+15,4.417864669110641018e-01
1.650273783775087500e+15,4.417864669110640463e-01
1.650273783776978250e+15,4.417864669110641018e-01
1.650273783778868750e+15,4.422925535959123522e-01
1.650273783780759500e+15,4.429458278061031429e-01
1.650273783782650000e+15,4.435990156386382943e-01
1.650273783784540750e+15,4.442522898488290850e-01
1.650273783786431500e+15,4.449055640590198757e-01
1.650273783788322000e+15,4.455587518915550271e-01
1.650273783790212750e+15,4.462120261017458178e-01
1.650273783792103250e+15,4.468652139342809138e-01
1.650273783793994000e+15,4.475184881444717044e-01
1.650273783795884500e+15,4.479223900626063126e-01
1.650273783797775250e+15,4.479223900626063681e-01
1.650273783799666000e+15,4.479223900626063681e-01
1.650273783801556500e+15,4.479223900626063681e-01
1.650273783803447250e+15,4.479223900626063681e-01
1.650273783805337750e+15,4.479223900626063126e-01
1.650273783807228500e+15,4.479223900626063681e-01
1.650273783809119000e+15,4.479223900626063681e-01
1.650273783811009750e+15,4.479223900626063681e-01
1.650273783812900250e+15,4.479223900626063126e-01
1.650273783814791000e+15,4.479223900626063681e-01
1.650273783816681750e+15,4.479223900626063681e-01
1.650273783818572250e+15,4.479223900626063681e-01
1.650273783820463000e+15,4.479223900626063126e-01
1.650273783822353500e+15,4.479223900626063681e-01
1.650273783824244250e+15,4.479223900626063126e-01
1.650273783826134750e+15,4.479223900626063681e-01
1.650273783828025500e+15,4.479223900626063681e-01
1.650273783829916250e+15,4.479223900626063681e-01
1.650273783831806750e+15,4.479223900626063681e-01
1.650273783833697500e+15,4.479223900626063681e-01
1.650273783835588000e+15,4.479223900626063681e-01
1.650273783837478750e+15,4.479223900626063681e-01
1.650273783839369250e+15,4.479223900626063681e-01
1.650273783841260000e+15,4.479223900626064792e-01
1.650273783843150500e+15,4.479223900626065902e-01
1.650273783845041250e+15,4.479223900626067567e-01
1.650273783846932000e+15,4.479223900626069232e-01
1.650273783848822500e+15,4.479223900626070343e-01
1.650273783850713250e+15,4.479223900626071453e-01
1.650273783852603750e+15,4.479223900626071453e-01
1.650273783854494500e+15,4.479223900626070343e-01
1.650273783856385000e+15,4.479223900626068677e-01
1.650273783858275750e+15,4.479223900626067567e-01
1.650273783860166500e+15,4.479223900626065902e-01
1.650273783862057000e+15,4.479223900626064792e-01
1.650273783863947750e+15,4.479223900626063681e-01
1.650273783865838250e+15,4.479223900626063126e-01
1.650273783867729000e+15,4.479223900626063681e-01
1.650273783869619500e+15,4.479223900626063681e-01
1.650273783871510250e+15,4.479223900626063681e-01
1.650273783873400750e+15,4.479223900626063681e-01
1.650273783875291500e+15,4.479223900626063681e-01
1.650273783877182250e+15,4.479223900626064792e-01
1.650273783879072750e+15,4.479223900626067012e-01
1.650273783880963500e+15,4.479223900626070343e-01
1.650273783882854000e+15,4.479223900626072563e-01
1.650273783884744750e+15,4.479223900626075894e-01
1.650273783886635250e+15,4.479223900626078114e-01
1.650273783888526000e+15,4.479223900626082000e-01
1.650273783890416750e+15,4.479223900626079780e-01
1.650273783892307250e+15,4.479223900626078114e-01
1.650273783894198000e+15,4.479223900626076449e-01
1.650273783896088500e+15,4.479223900626074784e-01
1.650273783897979250e+15,4.479223900626072563e-01
1.650273783899869750e+15,4.479223900626071453e-01
1.650273783901760500e+15,4.479223900626069788e-01
1.650273783903651000e+15,4.479223900626068122e-01
1.650273783905541750e+15,4.479223900626066457e-01
1.650273783907432500e+15,4.479223900626064792e-01
1.650273783909323000e+15,4.479223900626063126e-01
1.650273783911213750e+15,4.479223900626063681e-01
1.650273783913104250e+15,4.479223900626063681e-01
1.650273783914995000e+15,4.479223900626063681e-01
1.650273783916885500e+15,4.479223900626063681e-01
1.650273783918776250e+15,4.479223900626064236e-01
1.650273783920667000e+15,4.479223900626065902e-01
1.650273783922557500e+15,4.479223900626066457e-01
1.650273783924448250e+15,4.479223900626067567e-01
1.650273783926338750e+15,4.479223900626069232e-01
1.650273783928229500e+15,4.479223900626069788e-01
1.650273783930120000e+15,4.479223900626070898e-01
1.650273783932010750e+15,4.479223900626072008e-01
1.650273783933901250e+15,4.479223900626072563e-01
1.650273783935792000e+15,4.479223900626072563e-01
1.650273783937682750e+15,4.479223900626072563e-01
1.650273783939573250e+15,4.479223900626072563e-01
1.650273783941464000e+15,4.479223900626072563e-01
1.650273783943354500e+15,4.479223900626072008e-01
1.650273783945245250e+15,4.479223900626070898e-01
1.650273783947135750e+15,4.479223900626070343e-01
1.650273783949026500e+15,4.479223900626068122e-01
1.650273783950917250e+15,4.479223900626067012e-01
1.650273783952807750e+15,4.479223900626065902e-01
1.650273783954698500e+15,4.479223900626064792e-01
1.650273783956589000e+15,4.479223900626064236e-01
1.650273783958479750e+15,4.479223900626065347e-01
1.650273783960370250e+15,4.479223900626067012e-01
1.650273783962261000e+15,4.479223900626068122e-01
1.650273783964151500e+15,4.479223900626069232e-01
1.650273783966042250e+15,4.479223900626071453e-01
1.650273783967933000e+15,4.479223900626072563e-01
1.650273783969823500e+15,4.479223900626072563e-01
1.650273783971714250e+15,4.479223900626072563e-01
1.650273783973604750e+15,4.479223900626072563e-01
1.650273783975495500e+15,4.479223900626072563e-01
1.650273783977386000e+15,4.479223900626072008e-01
1.650273783979276750e+15,4.479223900626072563e-01
1.650273783981167500e+15,4.479223900626072563e-01
1.650273783983058000e+15,4.479223900626072563e-01
1.650273783984948750e+15,4.479223900626072563e-01
1.650273783986839250e+15,4.479223900626072563e-01
1.650273783988730000e+15,4.479223900626072563e-01
1.650273783990620500e+15,4.479223900626072563e-01
1.650273783992511250e+15,4.479223900626072563e-01
1.650273783994401750e+15,4.479223900626072563e-01
1.650273783996292500e+15,4.479223900626073118e-01
1.650273783998183250e+15,4.479223900626072563e-01
1.650273784000073750e+15,4.479223900626072563e-01
1.650273784001964500e+15,4.479223900626072563e-01
1.650273784003855000e+15,4.479223900626073118e-01
1.650273784005745750e+15,4.479223900626072563e-01
1.650273784007636250e+15,4.479223900626072563e-01
1.650273784009527000e+15,4.479223900626072008e-01
1.650273784011417750e+15,4.479223900626072563e-01
1.650273784013308250e+15,4.479223900626072008e-01
1.650273784015199000e+15,4.479223900626072563e-01
1.650273784017089500e+15,4.479223900626072563e-01
1.650273784018980250e+15,4.479223900626072008e-01
1.650273784020870750e+15,4.479223900626072563e-01
1.650273784022761500e+15,4.479223900626073118e-01
1.650273784024652000e+15,4.479223900626072563e-01
1.650273784026542750e+15,4.479223900626072563e-01
1.650273784028433500e+15,4.479223900626072563e-01
1.650273784030324000e+15,4.479223900626072563e-01
1.650273784032214750e+15,4.479223900626072563e-01
1.650273784034105250e+15,4.479223900626072563e-01
1.650273784035996000e+15,4.479223900626072563e-01
1.650273784037886500e+15,4.479223900626072563e-01
1.650273784039777250e+15,4.479223900626072563e-01
1.650273784041668000e+15,4.479223900626073118e-01
1.650273784043558500e+15,4.479223900626072563e-01
1.650273784045449250e+15,4.482586897060414910e-01
1.650273784047339750e+15,4.495220269656785006e-01
1.650273784049230500e+15,4.507855312892218858e-01
1.650273784051121000e+15,4.520488685488589509e-01
1.650273784053011750e+15,4.533123728724022805e-01
1.650273784054902250e+15,4.538608512040858134e-01
1.650273784056793000e+15,4.533786409418648633e-01
1.650273784058683750e+15,4.528964306796438022e-01
1.650273784060574250e+15,4.524142841765477763e-01
1.650273784062465000e+15,4.519320739143267707e-01
1.650273784064355500e+15,4.514499274112307448e-01
1.650273784066246250e+15,4.509677171490097392e-01
1.650273784068136750e+15,4.504855706459137132e-01
1.650273784070027500e+15,4.500033603836927076e-01
1.650273784071918250e+15,4.495211501214717020e-01
1.650273784073808750e+15,4.490390036183756761e-01
1.650273784075699500e+15,4.485567933561546150e-01
1.650273784077590000e+15,4.480746468530585336e-01
1.650273784079480750e+15,4.485168894692804775e-01
1.650273784081371250e+15,4.493856053172538556e-01
1.650273784083262000e+15,4.502544360443397342e-01
1.650273784085152500e+15,4.511231518923131123e-01
1.650273784087043250e+15,4.519919826193989909e-01
1.650273784088934000e+15,4.528608133464847585e-01
1.650273784090824500e+15,4.537295291944581921e-01
1.650273784092715250e+15,4.536487463552942856e-01
1.650273784094605750e+15,4.529899195978688842e-01
1.650273784096496500e+15,4.523310057170955023e-01
1.650273784098387000e+15,4.516721789596701564e-01
1.650273784100277750e+15,4.510132650788967190e-01
1.650273784102168500e+15,4.503543511981233372e-01
1.650273784104059000e+15,4.496955244406979357e-01
1.650273784105949750e+15,4.490366105599245539e-01
1.650273784107840250e+15,4.483777838024991524e-01
1.650273784109731000e+15,4.476874297898054134e-01
1.650273784111621500e+15,4.469268263724563428e-01
1.650273784113512250e+15,4.461661223727986791e-01
1.650273784115402750e+15,4.454055189554496641e-01
1.650273784117293500e+15,4.446448149557920004e-01
1.650273784119184250e+15,4.438841109561343368e-01
1.650273784121074750e+15,4.431235075387852662e-01
1.650273784122965500e+15,4.423628035391276581e-01
1.650273784124856000e+15,4.420698299363642891e-01
1.650273784126746750e+15,4.432396304605668580e-01
1.650273784128637250e+15,4.444092763106289867e-01
1.650273784130528000e+15,4.455790768348314446e-01
1.650273784132418750e+15,4.467488773590340134e-01
1.650273784134309250e+15,4.479185232090960866e-01
1.650273784136200000e+15,4.490883237332986555e-01
1.650273784138090500e+15,4.502579695833607287e-01
1.650273784139981250e+15,4.514277701075632976e-01
1.650273784141871750e+15,4.525974159576253708e-01
1.650273784143762500e+15,4.537672164818278842e-01
1.650273784145653000e+15,4.540583132141495781e-01
1.650273784147543750e+15,4.540583132141495781e-01
1.650273784149434500e+15,4.540583132141495781e-01
1.650273784151325000e+15,4.540583132141494671e-01
1.650273784153215750e+15,4.540583132141495781e-01
1.650273784155106250e+15,4.540583132141495781e-01
1.650273784156997000e+15,4.530418116849223020e-01
1.650273784158887500e+15,4.517494807225793663e-01
1.650273784160778250e+15,4.504569788621984872e-01
1.650273784162669000e+15,4.491644770018176080e-01
1.650273784164559500e+15,4.479223900626072008e-01
1.650273784166450250e+15,4.479223900626072008e-01
1.650273784168340750e+15,4.479223900626072008e-01
1.650273784170231500e+15,4.479223900626071453e-01
1.650273784172122000e+15,4.479223900626071453e-01
1.650273784174012750e+15,4.479223900626072008e-01
1.650273784175903250e+15,4.479223900626072563e-01
1.650273784177794000e+15,4.479223900626072008e-01
1.650273784179684750e+15,4.479824829236903616e-01
1.650273784181575250e+15,4.488859068113841833e-01
1.650273784183466000e+15,4.497894501679867152e-01
1.650273784185356500e+15,4.506928740556805923e-01
1.650273784187247250e+15,4.515964174122831798e-01
1.650273784189137750e+15,4.524998412999770014e-01
1.650273784191028500e+15,4.534033846565795889e-01
1.650273784192919250e+15,4.540583132141486344e-01
1.650273784194809750e+15,4.540583132141486900e-01
1.650273784196700500e+15,4.540583132141486344e-01
1.650273784198591000e+15,4.540583132141486344e-01
1.650273784200481750e+15,4.540583132141486900e-01
1.650273784202372250e+15,4.540583132141485789e-01
1.650273784204263000e+15,4.540583132141486344e-01
1.650273784206153500e+15,4.540583132141486344e-01
1.650273784208044250e+15,4.540583132141486344e-01
1.650273784209935000e+15,4.540583132141486900e-01
1.650273784211825500e+15,4.540583132141485789e-01
1.650273784213716250e+15,4.540583132141486900e-01
1.650273784215606750e+15,4.540583132141486344e-01
1.650273784217497500e+15,4.540583132141486344e-01
1.650273784219388000e+15,4.540583132141485789e-01
1.650273784221278750e+15,4.540583132141486344e-01
1.650273784223169500e+15,4.540583132141486344e-01
1.650273784225060000e+15,4.540583132141486900e-01
1.650273784226950750e+15,4.540583132141487455e-01
1.650273784228841250e+15,4.540583132141488010e-01
1.650273784230732000e+15,4.540583132141489120e-01
1.650273784232622500e+15,4.540583132141490230e-01
1.650273784234513250e+15,4.540583132141490230e-01
1.650273784236403750e+15,4.540583132141491896e-01
1.650273784238294500e+15,4.540583132141492451e-01
1.650273784240185250e+15,4.540583132141493561e-01
1.650273784242075750e+15,4.540583132141494116e-01
1.650273784243966500e+15,4.540583132141495226e-01
1.650273784245857000e+15,4.540583132141495226e-01
1.650273784247747750e+15,4.540583132141494671e-01
1.650273784249638250e+15,4.540583132141494116e-01
1.650273784251529000e+15,4.540583132141493006e-01
1.650273784253419750e+15,4.540583132141492451e-01
1.650273784255310250e+15,4.540583132141491340e-01
1.650273784257201000e+15,4.540583132141491340e-01
1.650273784259091500e+15,4.540583132141490230e-01
1.650273784260982250e+15,4.540583132141489120e-01
1.650273784262872750e+15,4.540583132141488565e-01
1.650273784264763500e+15,4.540583132141488010e-01
1.650273784266654250e+15,4.540583132141486900e-01
1.650273784268544750e+15,4.540583132141486900e-01
1.650273784270435500e+15,4.540583132141486900e-01
1.650273784272326000e+15,4.540583132141486900e-01
1.650273784274216750e+15,4.540583132141487455e-01
1.650273784276107250e+15,4.540583132141487455e-01
1.650273784277998000e+15,4.540583132141486900e-01
1.650273784279888500e+15,4.540583132141486900e-01
1.650273784281779250e+15,4.540583132141486900e-01
1.650273784283670000e+15,4.540583132141486900e-01
1.650273784285560500e+15,4.540583132141486900e-01
1.650273784287451250e+15,4.540583132141486900e-01
1.650273784289341750e+15,4.540583132141487455e-01
1.650273784291232500e+15,4.540583132141486900e-01
1.650273784293123000e+15,4.540583132141487455e-01
1.650273784295013750e+15,4.540583132141486900e-01
1.650273784296904500e+15,4.540583132141486900e-01
1.650273784298795000e+15,4.540583132141486900e-01
1.650273784300685750e+15,4.540583132141486900e-01
1.650273784302576250e+15,4.540583132141486900e-01
1.650273784304467000e+15,4.540583132141486900e-01
1.650273784306357500e+15,4.540583132141486900e-01
1.650273784308248250e+15,4.540583132141486900e-01
1.650273784310138750e+15,4.540583132141486900e-01
1.650273784312029500e+15,4.540583132141486344e-01
1.650273784313920250e+15,4.540583132141486900e-01
1.650273784315810750e+15,4.540583132141486900e-01
1.650273784317701500e+15,4.540583132141486900e-01
1.650273784319592000e+15,4.540583132141486900e-01
1.650273784321482750e+15,4.540583132141486344e-01
1.650273784323373250e+15,4.540583132141486900e-01
1.650273784325264000e+15,4.540583132141486900e-01
1.650273784327154750e+15,4.540583132141486900e-01
1.650273784329045250e+15,4.540583132141486900e-01
1.650273784330936000e+15,4.540583132141486900e-01
1.650273784332826500e+15,4.540583132141486900e-01
1.650273784334717250e+15,4.540583132141488010e-01
1.650273784336607750e+15,4.540583132141489120e-01
1.650273784338498500e+15,4.540583132141490230e-01
1.650273784340389000e+15,4.540583132141491340e-01
1.650273784342279750e+15,4.540583132141492451e-01
1.650273784344170500e+15,4.540583132141493561e-01
1.650273784346061000e+15,4.540583132141494671e-01
1.650273784347951750e+15,4.540583132141495781e-01
1.650273784349842250e+15,4.540583132141493561e-01
1.650273784351733000e+15,4.540583132141492451e-01
1.650273784353623500e+15,4.540583132141491340e-01
1.650273784355514250e+15,4.540583132141488565e-01
1.650273784357405000e+15,4.540583132141486900e-01
1.650273784359295500e+15,4.540583132141486900e-01
1.650273784361186250e+15,4.540583132141487455e-01
1.650273784363076750e+15,4.540583132141486900e-01
1.650273784364967500e+15,4.540583132141486900e-01
1.650273784366858000e+15,4.540583132141486900e-01
1.650273784368748750e+15,4.540583132141486900e-01
1.650273784370639250e+15,4.540583132141486900e-01
1.650273784372530000e+15,4.540583132141486900e-01
1.650273784374420750e+15,4.540583132141486900e-01
1.650273784376311250e+15,4.540583132141486900e-01
1.650273784378202000e+15,4.526659424291369360e-01
1.650273784380092500e+15,4.512188412916632307e-01
1.650273784381983250e+15,4.497715487893207964e-01
1.650273784383873750e+15,4.483244476518471466e-01
1.650273784385764500e+15,4.468771551495046568e-01
1.650273784387655250e+15,4.454298626471622780e-01
1.650273784389545750e+15,4.439827615096886282e-01
1.650273784391436500e+15,4.425354690073461383e-01
1.650273784393327000e+15,4.423833376821399987e-01
1.650273784395217750e+15,4.436207646672369886e-01
1.650273784397108250e+15,4.448580280364428097e-01
1.650273784398999000e+15,4.460954550215398551e-01
1.650273784400889500e+15,4.473327183907456206e-01
1.650273784402780250e+15,4.485701453758426660e-01
1.650273784404671000e+15,4.498075723609396559e-01
1.650273784406561500e+15,4.510448357301454214e-01
1.650273784408452250e+15,4.522822627152424113e-01
1.650273784410342750e+15,4.535195260844482879e-01
1.650273784412233500e+15,4.535381338967827691e-01
1.650273784414124000e+15,4.526169170354429894e-01
1.650273784416014750e+15,4.516955783522490497e-01
1.650273784417905500e+15,4.507742396690550546e-01
1.650273784419796000e+15,4.498530228077152193e-01
1.650273784421686750e+15,4.489316841245212797e-01
1.650273784423577250e+15,4.480104672631814444e-01
1.650273784425468000e+15,4.463455297396220489e-01
1.650273784427358500e+15,4.446022230492117089e-01
1.650273784429249250e+15,4.428586858236663870e-01
1.650273784431139750e+15,4.411153791332559915e-01
1.650273784433030500e+15,4.393718419077106141e-01
1.650273784434921250e+15,4.376283046821652922e-01
1.650273784436811750e+15,4.358849979917549522e-01
1.650273784438702500e+15,4.341414607662095748e-01
1.650273784440593000e+15,4.323981540757991793e-01
1.650273784442483750e+15,4.306546168502538574e-01
1.650273784444374250e+15,4.301836361436675582e-01
1.650273784446265000e+15,4.321170578083253222e-01
1.650273784448155750e+15,4.340504794729829752e-01
1.650273784450046250e+15,4.359836454954795770e-01
1.650273784451937000e+15,4.379170671601373410e-01
1.650273784453827500e+15,4.398502331826338874e-01
1.650273784455718250e+15,4.417836548472915958e-01
1.650273784457608750e+15,4.417864669110640463e-01
1.650273784459499500e+15,4.417864669110640463e-01
1.650273784461390000e+15,4.417864669110640463e-01
1.650273784463280750e+15,4.417864669110640463e-01
1.650273784465171500e+15,4.417864669110640463e-01
1.650273784467062000e+15,4.417864669110640463e-01
1.650273784468952750e+15,4.416141890687321769e-01
1.650273784470843250e+15,4.404244493027840712e-01
1.650273784472734000e+15,4.392345522054731388e-01
1.650273784474624500e+15,4.380448124395250331e-01
1.650273784476515250e+15,4.368549153422140452e-01
1.650273784478406000e+15,4.356650182449030573e-01
1.650273784480296500e+15,4.356505437595202812e-01
1.650273784482187250e+15,4.356505437595206143e-01
1.650273784484077750e+15,4.356505437595208918e-01
1.650273784485968500e+15,4.356505437595212249e-01
1.650273784487859000e+15,4.356505437595215580e-01
1.650273784489749750e+15,4.364165695284221713e-01
1.650273784491640250e+15,4.381329211919555711e-01
1.650273784493531000e+15,4.398494998260872313e-01
1.650273784495421750e+15,4.415660784602188915e-01
1.650273784497312250e+15,4.432824301237522913e-01
1.650273784499203000e+15,4.449990087578838960e-01
1.650273784501093500e+15,4.467153604214173512e-01
1.650273784502984250e+15,4.475108968293880496e-01
1.650273784504874750e+15,4.461248336536212666e-01
1.650273784506765500e+15,4.447385871846548100e-01
1.650273784508656250e+15,4.433523407156883533e-01
1.650273784510546750e+15,4.419662775399215704e-01
1.650273784512437500e+15,4.417864669110631026e-01
1.650273784514328000e+15,4.417864669110631026e-01
1.650273784516218750e+15,4.417864669110631581e-01
1.650273784518109250e+15,4.417864669110631581e-01
1.650273784520000000e+15,4.417864669110631581e-01
1.650273784521890500e+15,4.417864669110631026e-01
1.650273784523781250e+15,4.417864669110631581e-01
1.650273784525672000e+15,4.417864669110632692e-01
1.650273784527562500e+15,4.417864669110634357e-01
1.650273784529453250e+15,4.417864669110636022e-01
1.650273784531343750e+15,4.417864669110636577e-01
1.650273784533234500e+15,4.417864669110638798e-01
1.650273784535125000e+15,4.417864669110639908e-01
1.650273784537015750e+15,4.409131400569843984e-01
1.650273784538906500e+15,4.396815586664558628e-01
1.650273784540797000e+15,4.384501401188984904e-01
1.650273784542687750e+15,4.372185587283699548e-01
1.650273784544578250e+15,4.359871401808125269e-01
1.650273784546469000e+15,4.364419413386279034e-01
1.650273784548359500e+15,4.375308329858623724e-01
1.650273784550250250e+15,4.386198686282895554e-01
1.650273784552140750e+15,4.397087602755240798e-01
1.650273784554031500e+15,4.407977959179512628e-01
1.650273784555922250e+15,4.417864669110631581e-01
1.650273784557812750e+15,4.417864669110633802e-01
1.650273784559703500e+15,4.417864669110635467e-01
1.650273784561594000e+15,4.417864669110638243e-01
1.650273784563484750e+15,4.417864669110640463e-01
1.650273784565375250e+15,4.417864669110642128e-01
1.650273784567266000e+15,4.417864669110644349e-01
1.650273784569156750e+15,4.417864669110646569e-01
1.650273784571047250e+15,4.417864669110648235e-01
1.650273784572938000e+15,4.417864669110650455e-01
1.650273784574828500e+15,4.417864669110652120e-01
1.650273784576719250e+15,4.417864669110654896e-01
1.650273784578609750e+15,4.417864669110656561e-01
1.650273784580500500e+15,4.416776285413076542e-01
1.650273784582391000e+15,4.407093511858826140e-01
1.650273784584281750e+15,4.397409457853165282e-01
1.650273784586172500e+15,4.387725403847506089e-01
1.650273784588063000e+15,4.378042630293255133e-01
1.650273784589953750e+15,4.368358576287595940e-01
1.650273784591844250e+15,4.358675802733344984e-01
1.650273784593735000e+15,4.348683575183590055e-01
1.650273784595625500e+15,4.338603663193679183e-01
1.650273784597516250e+15,4.328522418234714286e-01
1.650273784599407000e+15,4.318441173275749390e-01
1.650273784601297500e+15,4.308361261285838517e-01
1.650273784603188250e+15,4.298280016326873620e-01
1.650273784605078750e+15,4.301886718674187704e-01
1.650273784606969500e+15,4.311669581224804593e-01
1.650273784608860000e+15,4.321451150259283946e-01
1.650273784610750750e+15,4.331234012809901390e-01
1.650273784612641250e+15,4.341015581844380744e-01
1.650273784614532000e+15,4.350798444394997633e-01
1.650273784616422750e+15,4.352360361304489778e-01
1.650273784618313250e+15,4.342412704398569967e-01
1.650273784620204000e+15,4.332463732013028812e-01
1.650273784622094500e+15,4.322516075107109002e-01
1.650273784623985250e+15,4.312567102721567291e-01
1.650273784625875750e+15,4.302619445815648036e-01
1.650273784627766500e+15,4.295146206079794027e-01
1.650273784629657250e+15,4.295146206079793472e-01
1.650273784631547750e+15,4.295146206079794027e-01
1.650273784633438500e+15,4.295146206079793472e-01
1.650273784635329000e+15,4.295146206079794027e-01
1.650273784637219750e+15,4.295146206079794027e-01
1.650273784639110250e+15,4.294685019617822119e-01
1.650273784641001000e+15,4.288681657807328906e-01
1.650273784642891500e+15,4.282679089777321479e-01
1.650273784644782250e+15,4.276675727966828822e-01
1.650273784646673000e+15,4.270672366156336164e-01
1.650273784648563500e+15,4.264669798126329292e-01
1.650273784650454250e+15,4.258666436315836634e-01
1.650273784652344750e+15,4.252663868285828652e-01
1.650273784654235500e+15,4.246660506475337105e-01
1.650273784656126000e+15,4.240657938445329678e-01
1.650273784658016750e+15,4.234654576634837020e-01
1.650273784659907500e+15,4.241781219991377361e-01
1.650273784661798000e+15,4.251124726006673127e-01
1.650273784663688750e+15,4.260469467608587468e-01
1.650273784665579250e+15,4.269812973623883234e-01
1.650273784667470000e+15,4.279157715225797021e-01
1.650273784669360500e+15,4.288501221241092787e-01
1.650273784671251250e+15,4.295146206079794027e-01
1.650273784673141750e+15,4.295146206079794027e-01
1.650273784675032500e+15,4.295146206079794027e-01
1.650273784676923250e+15,4.295146206079794027e-01
1.650273784678813750e+15,4.295146206079794027e-01
1.650273784680704500e+15,4.295146206079794582e-01
1.650273784682595000e+15,4.298718663398768958e-01
1.650273784684485750e+15,4.308286119030288464e-01
1.650273784686376250e+15,4.317852309627346341e-01
1.650273784688267000e+15,4.327419765258865292e-01
1.650273784690157750e+15,4.336987220890384798e-01
1.650273784692048250e+15,4.346553411487443230e-01
1.650273784693939000e+15,4.356120867118962181e-01
1.650273784695829500e+15,4.346289221263353042e-01
1.650273784697720250e+15,4.335643693002405596e-01
1.650273784699610750e+15,4.324999572321553409e-01
1.650273784701501500e+15,4.314354044060606519e-01
1.650273784703392000e+15,4.303709923379754887e-01
1.650273784705282750e+15,4.295146206079794027e-01
1.650273784707173500e+15,4.295146206079794027e-01
1.650273784709064000e+15,4.295146206079793472e-01
1.650273784710954750e+15,4.295146206079794027e-01
1.650273784712845250e+15,4.295146206079794027e-01
1.650273784714736000e+15,4.295146206079793472e-01
1.650273784716626500e+15,4.295146206079794027e-01
1.650273784718517250e+15,4.295146206079794027e-01
1.650273784720408000e+15,4.295146206079794027e-01
1.650273784722298500e+15,4.295146206079794027e-01
1.650273784724189250e+15,4.295146206079794027e-01
1.650273784726079750e+15,4.295146206079794027e-01
1.650273784727970500e+15,4.290094984787882759e-01
1.650273784729861000e+15,4.281765866730876668e-01
1.650273784731751750e+15,4.273435647230064971e-01
1.650273784733642250e+15,4.265106529173059435e-01
1.650273784735533000e+15,4.256776309672247738e-01
1.650273784737423750e+15,4.248446090171436040e-01
1.650273784739314250e+15,4.240116972114429394e-01
1.650273784741205000e+15,4.233786974564363037e-01
1.650273784743095500e+15,4.233786974564364147e-01
1.650273784744986250e+15,4.233786974564365813e-01
1.650273784746876750e+15,4.233786974564367478e-01
1.650273784748767500e+15,4.233786974564369698e-01
1.650273784750658250e+15,4.233786974564371364e-01
1.650273784752548750e+15,4.228814056606393645e-01
1.650273784754439500e+15,4.223830595825130985e-01
1.650273784756330000e+15,4.218847793970323945e-01
1.650273784758220750e+15,4.213864333189062394e-01
1.650273784760111250e+15,4.208881531334254800e-01
1.650273784762002000e+15,4.203898070552992694e-01
1.650273784763892500e+15,4.198915268698185654e-01
1.650273784765783250e+15,4.193931807916922994e-01
1.650273784767674000e+15,4.188948347135660888e-01
1.650273784769564500e+15,4.183965545280854403e-01
1.650273784771455250e+15,4.178982084499591743e-01
1.650273784773345750e+15,4.173999282644784148e-01
1.650273784775236500e+15,4.176561468013647582e-01
1.650273784777127000e+15,4.182598398910337134e-01
1.650273784779017750e+15,4.188636128131662528e-01
1.650273784780908500e+15,4.194673857352987922e-01
1.650273784782799000e+15,4.200710788249677474e-01
1.650273784784689750e+15,4.206748517471002868e-01
1.650273784786580250e+15,4.212785448367692975e-01
1.650273784788471000e+15,4.218823177589018369e-01
1.650273784790361500e+15,4.224860108485707366e-01
1.650273784792252250e+15,4.230897837707033315e-01
1.650273784794142750e+15,4.223661443055812814e-01
1.650273784796033500e+15,4.204239836462061453e-01
1.650273784797924250e+15,4.184818229868310646e-01
1.650273784799814750e+15,4.165399191251103472e-01
1.650273784801705500e+15,4.145977584657352666e-01
1.650273784803596000e+15,4.126558546040144382e-01
1.650273784805486750e+15,4.112921756423060238e-01
1.650273784807377250e+15,4.122075406230115147e-01
1.650273784809268000e+15,4.131230266517175731e-01
1.650273784811158750e+15,4.140385126804236315e-01
1.650273784813049250e+15,4.149538776611291224e-01
1.650273784814940000e+15,4.158693636898351809e-01
1.650273784816830500e+15,4.167847286705406162e-01
1.650273784818721250e+15,4.177002146992466747e-01
1.650273784820611750e+15,4.186155796799521100e-01
1.650273784822502500e+15,4.195310657086582795e-01
1.650273784824393000e+15,4.204464306893637704e-01
1.650273784826283750e+15,4.213619167180698288e-01
1.650273784828174500e+15,4.222774027467758873e-01
1.650273784830065000e+15,4.231927677274813782e-01
1.650273784831955750e+15,4.213962160136178192e-01
1.650273784833846250e+15,4.189088218422888921e-01
1.650273784835737000e+15,4.164210987375863149e-01
1.650273784837627500e+15,4.139337045662573877e-01
1.650273784839518250e+15,4.114459814615548661e-01
1.650273784841409000e+15,4.115468442375500580e-01
1.650273784843299500e+15,4.120562177376595470e-01
1.650273784845190250e+15,4.125656585973961343e-01
1.650273784847080750e+15,4.130750320975057344e-01
1.650273784848971500e+15,4.135844729572423217e-01
1.650273784850862000e+15,4.140938464573518107e-01
1.650273784852752750e+15,4.146032873170883981e-01
1.650273784854643250e+15,4.151126608171979981e-01
1.650273784856534000e+15,4.156221016769345855e-01
1.650273784858424750e+15,4.161315425366712284e-01
1.650273784860315250e+15,4.166409160367807174e-01
1.650273784862206000e+15,4.171503568965173048e-01
1.650273784864096500e+15,4.161686406988976961e-01
1.650273784865987250e+15,4.148562541945105542e-01
1.650273784867877750e+15,4.135440412173619351e-01
1.650273784869768500e+15,4.122316547129747377e-01
1.650273784871659250e+15,4.112435675546783909e-01
1.650273784873549750e+15,4.121999500031897079e-01
1.650273784875440500e+15,4.131564589238575502e-01
1.650273784877331000e+15,4.141128413723687007e-01
1.650273784879221750e+15,4.150693502930365986e-01
1.650273784881112250e+15,4.160257327415478046e-01
1.650273784883003000e+15,4.169822416622156469e-01
1.650273784884893500e+15,4.172427743048938154e-01
1.650273784886784250e+15,4.172427743048938709e-01
1.650273784888675000e+15,4.172427743048938154e-01
1.650273784890565500e+15,4.172427743048938709e-01
1.650273784892456250e+15,4.172427743048938709e-01
1.650273784894346750e+15,4.172427743048938709e-01
1.650273784896237500e+15,4.172427743048938709e-01
1.650273784898128000e+15,4.172427743048938709e-01
1.650273784900018750e+15,4.172427743048938709e-01
1.650273784901909500e+15,4.172427743048938154e-01
1.650273784903800000e+15,4.172427743048938709e-01
1.650273784905690750e+15,4.172427743048938709e-01
1.650273784907581250e+15,4.168144450207568186e-01
1.650273784909472000e+15,4.161311599804849992e-01
1.650273784911362500e+15,4.154479652859807137e-01
1.650273784913253250e+15,4.147646802457088944e-01
1.650273784915143750e+15,4.140814855512047199e-01
1.650273784917034500e+15,4.133982005109328450e-01
1.650273784918925250e+15,4.127149154706610257e-01
1.650273784920815750e+15,4.120317207761567957e-01
1.650273784922706500e+15,4.113484357358849763e-01
1.650273784924597000e+15,4.105151918705325920e-01
1.650273784926487750e+15,4.095997419613727764e-01
1.650273784928378250e+15,4.086844130954377929e-01
1.650273784930269000e+15,4.077689631862779773e-01
1.650273784932159750e+15,4.068535132771181617e-01
1.650273784934050250e+15,4.059381844111832338e-01
1.650273784935941000e+15,4.050227345020234737e-01
1.650273784937831500e+15,4.058256155167087598e-01
1.650273784939722250e+15,4.067316992951199861e-01
1.650273784941612750e+15,4.076376632687210844e-01
1.650273784943503500e+15,4.085437470471323662e-01
1.650273784945394000e+15,4.094497110207335200e-01
1.650273784947284750e+15,4.103557947991446353e-01
1.650273784949175500e+15,4.112863728264558594e-01
1.650273784951066000e+15,4.123354786162717334e-01
1.650273784952956750e+15,4.133847231399926381e-01
1.650273784954847250e+15,4.144338289298085121e-01
1.650273784956738000e+15,4.154830734535294168e-01
1.650273784958628500e+15,4.165321792433452908e-01
1.650273784960519250e+15,4.172427743048947590e-01
1.650273784962410000e+15,4.172427743048948701e-01
1.650273784964300500e+15,4.172427743048949811e-01
1.650273784966191250e+15,4.172427743048949811e-01
1.650273784968081750e+15,4.172427743048950921e-01
1.650273784969972500e+15,4.172427743048952031e-01
1.650273784971863000e+15,4.172427743048953142e-01
1.650273784973753750e+15,4.172427743048954252e-01
1.650273784975644250e+15,4.172427743048955362e-01
1.650273784977535000e+15,4.172427743048955362e-01
1.650273784979425750e+15,4.171475974749457305e-01
1.650273784981316250e+15,4.151864879706360090e-01
1.650273784983207000e+15,4.132251191289151304e-01
1.650273784985097500e+15,4.112640096246054089e-01
1.650273784986988250e+15,4.093026407828844748e-01
1.650273784988878750e+15,4.073415312785748088e-01
1.650273784990769500e+15,4.053801624368538192e-01
1.650273784992660250e+15,4.049709280018102819e-01
1.650273784994550750e+15,4.049709280018103374e-01
1.650273784996441500e+15,4.049709280018105595e-01
1.650273784998332000e+15,4.049709280018106705e-01
1.650273785000222750e+15,4.049709280018107815e-01
1.650273785002113250e+15,4.049709280018109481e-01
1.650273785004004000e+15,4.049709280018108926e-01
1.650273785005894500e+15,4.049709280018105595e-01
1.650273785007785250e+15,4.049709280018102819e-01
1.650273785009676000e+15,4.049709280018100599e-01
1.650273785011566500e+15,4.049709280018097823e-01
1.650273785013457250e+15,4.049709280018094493e-01
1.650273785015347750e+15,4.049709280018092272e-01
1.650273785017238500e+15,4.049709280018092272e-01
1.650273785019129000e+15,4.049709280018092272e-01
1.650273785021019750e+15,4.049709280018092272e-01
1.650273785022910500e+15,4.049709280018092272e-01
1.650273785024801000e+15,4.049709280018092272e-01
1.650273785026691750e+15,4.049709280018093382e-01
1.650273785028582250e+15,4.049709280018095048e-01
1.650273785030473000e+15,4.049709280018096713e-01
1.650273785032363500e+15,4.049709280018098378e-01
1.650273785034254250e+15,4.049709280018100044e-01
1.650273785036144750e+15,4.049709280018101154e-01
1.650273785038035500e+15,4.049709280018102819e-01
1.650273785039926250e+15,4.049709280018104485e-01
1.650273785041816750e+15,4.049709280018106150e-01
1.650273785043707500e+15,4.049709280018107815e-01
1.650273785045598000e+15,4.049709280018110036e-01
1.650273785047488750e+15,4.049709280018110036e-01
1.650273785049379250e+15,4.049709280018110036e-01
1.650273785051270000e+15,4.049709280018110036e-01
1.650273785053160750e+15,4.049709280018110036e-01
1.650273785055051250e+15,4.049709280018110036e-01
1.650273785056942000e+15,4.049709280018110036e-01
1.650273785058832500e+15,4.049709280018110036e-01
1.650273785060723250e+15,4.049709280018108926e-01
1.650273785062613750e+15,4.049709280018107815e-01
1.650273785064504500e+15,4.049709280018106705e-01
1.650273785066395000e+15,4.049709280018106705e-01
1.650273785068285750e+15,4.049709280018105595e-01
1.650273785070176500e+15,4.049709280018105040e-01
1.650273785072067000e+15,4.049709280018103374e-01
1.650273785073957750e+15,4.049709280018103374e-01
1.650273785075848250e+15,4.049709280018102264e-01
1.650273785077739000e+15,4.049709280018101709e-01
1.650273785079629500e+15,4.049709280018100599e-01
1.650273785081520250e+15,4.049709280018099489e-01
1.650273785083411000e+15,4.049709280018097823e-01
1.650273785085301500e+15,4.049709280018096713e-01
1.650273785087192250e+15,4.049709280018095603e-01
1.650273785089082750e+15,4.049709280018093382e-01
1.650273785090973500e+15,4.049709280018092827e-01
1.650273785092864000e+15,4.049709280018091717e-01
1.650273785094754750e+15,4.049709280018092272e-01
1.650273785096645250e+15,4.049709280018092272e-01
1.650273785098536000e+15,4.049709280018091717e-01
1.650273785100426750e+15,4.049709280018092272e-01
1.650273785102317250e+15,4.049709280018092272e-01
1.650273785104208000e+15,4.049709280018091717e-01
1.650273785106098500e+15,4.049709280018092272e-01
1.650273785107989250e+15,4.049709280018092272e-01
1.650273785109879750e+15,4.049709280018092272e-01
1.650273785111770500e+15,4.049709280018092272e-01
1.650273785113661250e+15,4.049709280018092272e-01
1.650273785115551750e+15,4.049709280018092272e-01
1.650273785117442500e+15,4.049709280018092272e-01
1.650273785119333000e+15,4.049709280018092272e-01
1.650273785121223750e+15,4.049709280018092272e-01
1.650273785123114250e+15,4.049709280018091717e-01
1.650273785125005000e+15,4.049709280018092272e-01
1.650273785126895500e+15,4.049709280018092272e-01
1.650273785128786250e+15,4.049709280018090607e-01
1.650273785130677000e+15,4.049709280018088942e-01
1.650273785132567500e+15,4.049709280018087276e-01
1.650273785134458250e+15,4.049709280018086166e-01
1.650273785136348750e+15,4.049709280018084501e-01
1.650273785138239500e+15,4.049709280018082280e-01
1.650273785140130000e+15,4.049709280018080615e-01
1.650273785142020750e+15,4.049709280018078950e-01
1.650273785143911500e+15,4.049709280018077839e-01
1.650273785145802000e+15,4.049709280018075619e-01
1.650273785147692750e+15,4.050709065363672368e-01
1.650273785149583250e+15,4.059940294647448322e-01
1.650273785151474000e+15,4.069172744670351838e-01
1.650273785153364500e+15,4.078403973954127792e-01
1.650273785155255250e+15,4.087636423977030198e-01
1.650273785157145750e+15,4.096867653260806708e-01
1.650273785159036500e+15,4.106100103283709113e-01
1.650273785160927250e+15,4.105902990573239153e-01
1.650273785162817750e+15,4.094720147887427886e-01
1.650273785164708500e+15,4.083535826380843003e-01
1.650273785166599000e+15,4.072352983695031181e-01
1.650273785168489750e+15,4.061168662188446299e-01
1.650273785170380250e+15,4.049985819502635032e-01
1.650273785172271000e+15,4.034278118098571508e-01
1.650273785174161750e+15,4.018455737730187716e-01
1.650273785176052250e+15,4.002635449439070348e-01
1.650273785177943000e+15,3.986813069070687110e-01
1.650273785179833500e+15,3.970992780779568632e-01
1.650273785181724250e+15,3.955170400411185394e-01
1.650273785183614750e+15,3.939350112120068026e-01
1.650273785185505500e+15,3.923527731751684233e-01
1.650273785187396000e+15,3.907707443460566865e-01
1.650273785189286750e+15,3.891885063092182517e-01
1.650273785191177500e+15,3.876062682723798725e-01
1.650273785193068000e+15,3.876191538731015851e-01
1.650273785194958750e+15,3.907195003986972948e-01
1.650273785196849250e+15,3.938194369882193069e-01
1.650273785198740000e+15,3.969197835138150721e-01
1.650273785200630500e+15,4.000197201033369732e-01
1.650273785202521250e+15,4.031200666289327383e-01
1.650273785204412000e+15,4.045233548010743752e-01
1.650273785206302500e+15,4.034129386121123595e-01
1.650273785208193250e+15,4.023023755815489100e-01
1.650273785210083750e+15,4.011919593925868943e-01
1.650273785211974500e+15,4.000813963620234448e-01
1.650273785213865000e+15,3.989709801730614291e-01
1.650273785215755750e+15,3.978604171424980351e-01
1.650273785217646250e+15,3.967500009535359640e-01
1.650273785219537000e+15,3.956394379229725700e-01
1.650273785221427750e+15,3.945288748924091760e-01
1.650273785223318250e+15,3.934184587034471048e-01
1.650273785225209000e+15,3.930687022503623895e-01
1.650273785227099500e+15,3.941179029303544801e-01
1.650273785228990250e+15,3.951672423567998971e-01
1.650273785230880750e+15,3.962164430367919321e-01
1.650273785232771500e+15,3.972657824632374046e-01
1.650273785234662250e+15,3.983151218896827106e-01
1.650273785236552750e+15,3.971245206221531432e-01
1.650273785238443500e+15,3.937335921248484305e-01
1.650273785240334000e+15,3.903431119851394904e-01
1.650273785242224750e+15,3.869521834878347222e-01
1.650273785244115250e+15,3.835617033481258376e-01
1.650273785246006000e+15,3.803621098103447395e-01
1.650273785247896500e+15,3.795011313558065424e-01
1.650273785249787250e+15,3.786400390453500409e-01
1.650273785251678000e+15,3.777789467348935393e-01
1.650273785253568500e+15,3.769179682803554532e-01
1.650273785255459250e+15,3.760568759698989516e-01
1.650273785257349750e+15,3.751958975153608100e-01
1.650273785259240500e+15,3.743348052049043084e-01
1.650273785261131000e+15,3.760204875415320558e-01
1.650273785263021750e+15,3.778419015769791667e-01
1.650273785264912500e+15,3.796633156124262776e-01
1.650273785266803000e+15,3.814844888156592728e-01
1.650273785268693750e+15,3.833059028511063282e-01
1.650273785270584250e+15,3.851270760543393790e-01
1.650273785272475000e+15,3.864360023322502835e-01
1.650273785274365500e+15,3.858350302714280700e-01
1.650273785276256250e+15,3.852339787379714942e-01
1.650273785278146750e+15,3.846330066771492806e-01
1.650273785280037500e+15,3.840319551436927048e-01
1.650273785281928250e+15,3.834309036102361290e-01
1.650273785283818750e+15,3.828299315494139154e-01
1.650273785285709500e+15,3.822288800159573396e-01
1.650273785287600000e+15,3.816279079551350706e-01
1.650273785289490750e+15,3.810268564216785503e-01
1.650273785291381250e+15,3.804261172379607703e-01
1.650273785293272000e+15,3.799286686186836848e-01
1.650273785295162750e+15,3.794312199994065438e-01
1.650273785297053250e+15,3.789338371541106643e-01
1.650273785298944000e+15,3.784363885348335232e-01
1.650273785300834500e+15,3.779390056895375327e-01
1.650273785302725250e+15,3.774415570702605027e-01
1.650273785304615750e+15,3.769441742249645122e-01
1.650273785306506500e+15,3.764467256056874267e-01
1.650273785308397000e+15,3.759493427603914917e-01
1.650273785310287750e+15,3.754518941411143507e-01
1.650273785312178500e+15,3.749544455218372652e-01
1.650273785314069000e+15,3.744570626765412746e-01
1.650273785315959750e+15,3.748995255559378070e-01
1.650273785317850250e+15,3.758115440100608384e-01
1.650273785319741000e+15,3.767236830696393257e-01
1.650273785321631500e+15,3.776357015237623571e-01
1.650273785323522250e+15,3.785478405833408444e-01
1.650273785325413000e+15,3.794599796429192762e-01
1.650273785327303500e+15,3.803719980970423076e-01
1.650273785329194250e+15,3.795320457859530094e-01
1.650273785331084750e+15,3.785792767742083842e-01
1.650273785332975500e+15,3.776263817681485557e-01
1.650273785334866000e+15,3.766736127564039305e-01
1.650273785336756750e+15,3.757207177503441020e-01
1.650273785338647500e+15,3.747678227442842180e-01
1.650273785340538000e+15,3.745577237937501858e-01
1.650273785342428750e+15,3.750907583307949156e-01
1.650273785344319250e+15,3.756237223885937060e-01
1.650273785346210000e+15,3.761567569256384913e-01
1.650273785348100500e+15,3.766897209834372262e-01
1.650273785349991250e+15,3.772227555204820115e-01
1.650273785351881750e+15,3.777557195782808019e-01
1.650273785353772500e+15,3.782887541153255317e-01
1.650273785355663250e+15,3.788217886523702616e-01
1.650273785357553750e+15,3.793547527101690520e-01
1.650273785359444500e+15,3.798877872472138373e-01
1.650273785361335000e+15,3.804207513050126277e-01
1.650273785363225750e+15,3.804272353956388297e-01
1.650273785365116250e+15,3.804272353956387187e-01
1.650273785367007000e+15,3.804272353956384967e-01
1.650273785368897750e+15,3.804272353956382746e-01
1.650273785370788250e+15,3.801533723374939666e-01
1.650273785372679000e+15,3.789582042424309849e-01
1.650273785374569500e+15,3.777631941756761647e-01
1.650273785376460250e+15,3.765680260806131274e-01
1.650273785378350750e+15,3.753730160138583072e-01
1.650273785380241500e+15,3.743755685327825877e-01
1.650273785382132000e+15,3.752629585815884794e-01
1.650273785384022750e+15,3.761504659789858263e-01
1.650273785385913500e+15,3.770379733763832286e-01
1.650273785387804000e+15,3.779253634251891758e-01
1.650273785389694750e+15,3.788128708225865227e-01
1.650273785391585250e+15,3.797002608713924698e-01
1.650273785393476000e+15,3.799683493869297490e-01
1.650273785395366500e+15,3.774317295054531729e-01
1.650273785397257250e+15,3.748947741809877665e-01
1.650273785399148000e+15,3.723578188565223046e-01
1.650273785401038500e+15,3.698211989750457285e-01
1.650273785402929250e+15,3.681553890925526318e-01
1.650273785404819750e+15,3.681553890925527428e-01
1.650273785406710500e+15,3.681553890925528538e-01
1.650273785408601000e+15,3.681553890925530204e-01
1.650273785410491750e+15,3.681553890925531314e-01
1.650273785412382250e+15,3.681553890925532979e-01
1.650273785414273000e+15,3.681553890925533534e-01
1.650273785416163750e+15,3.684120879887253230e-01
1.650273785418054250e+15,3.704112198660179933e-01
1.650273785419945000e+15,3.724106161088062139e-01
1.650273785421835500e+15,3.744097479860989397e-01
1.650273785423726250e+15,3.764091442288871048e-01
1.650273785425616750e+15,3.784082761061798306e-01
1.650273785427507500e+15,3.804076723489680512e-01
1.650273785429398250e+15,3.792204512031411845e-01
1.650273785431288750e+15,3.780019037250183511e-01
1.650273785433179500e+15,3.767831951059964490e-01
1.650273785435070000e+15,3.755646476278735602e-01
1.650273785436960750e+15,3.743459390088517136e-01
1.650273785438851250e+15,3.731273915307288247e-01
1.650273785440742000e+15,3.719086829117069781e-01
1.650273785442632500e+15,3.706901354335840892e-01
1.650273785444523250e+15,3.694714268145621872e-01
1.650273785446414000e+15,3.682527181955402851e-01
1.650273785448304500e+15,3.673376264261339341e-01
1.650273785450195250e+15,3.664487590725652444e-01
1.650273785452085750e+15,3.655600092474051155e-01
1.650273785453976500e+15,3.646711418938363702e-01
1.650273785455867000e+15,3.637823920686761858e-01
1.650273785457757750e+15,3.628935247151074961e-01
1.650273785459648500e+15,3.620046573615387508e-01
1.650273785461539000e+15,3.611159075363786219e-01
1.650273785463429750e+15,3.602270401828099322e-01
1.650273785465320250e+15,3.593382903576497478e-01
1.650273785467211000e+15,3.584494230040810581e-01
1.650273785469101500e+15,3.575606731789208181e-01
1.650273785470992250e+15,3.566718058253521284e-01
1.650273785472882750e+15,3.558835427894688763e-01
1.650273785474773500e+15,3.558835427894688763e-01
1.650273785476664250e+15,3.558835427894688763e-01
1.650273785478554750e+15,3.558835427894688763e-01
1.650273785480445500e+15,3.558835427894688763e-01
1.650273785482336000e+15,3.558835427894688763e-01
1.650273785484226750e+15,3.558000070787331048e-01
1.650273785486117250e+15,3.551573854667451902e-01
1.650273785488008000e+15,3.545146788743802624e-01
1.650273785489898750e+15,3.538719722820152791e-01
1.650273785491789250e+15,3.532293506700274199e-01
1.650273785493680000e+15,3.525866440776624366e-01
1.650273785495570500e+15,3.519440224656745775e-01
1.650273785497461250e+15,3.513013158733095942e-01
1.650273785499351750e+15,3.506586942613217905e-01
1.650273785501242500e+15,3.500159876689568073e-01
1.650273785503133000e+15,3.502630034790798486e-01
1.650273785505023750e+15,3.511480734133779480e-01
1.650273785506914500e+15,3.520331433476762140e-01
1.650273785508805000e+15,3.529180962556707213e-01
1.650273785510695750e+15,3.538031661899688762e-01
1.650273785512586250e+15,3.546881190979634391e-01
1.650273785514477000e+15,3.555731890322615385e-01
1.650273785516367500e+15,3.555199840855773896e-01
1.650273785518258250e+15,3.549599852103165198e-01
1.650273785520149000e+15,3.543999863350556501e-01
1.650273785522039500e+15,3.538400615043372222e-01
1.650273785523930250e+15,3.532800626290762969e-01
1.650273785525820750e+15,3.527201377983579800e-01
1.650273785527711500e+15,3.521601389230970547e-01
1.650273785529602000e+15,3.516002140923786823e-01
1.650273785531492750e+15,3.510402152171177570e-01
1.650273785533383250e+15,3.504802903863993846e-01
1.650273785535274000e+15,3.499202915111384593e-01
1.650273785537164750e+15,3.497476196379257218e-01
1.650273785539055250e+15,3.497476196379257218e-01
1.650273785540946000e+15,3.497476196379256663e-01
1.650273785542836500e+15,3.497476196379256663e-01
1.650273785544727250e+15,3.497476196379256663e-01
1.650273785546617750e+15,3.497476196379256663e-01
1.650273785548508500e+15,3.497476196379256663e-01
1.650273785550399250e+15,3.497476196379256663e-01
1.650273785552289750e+15,3.497476196379256663e-01
1.650273785554180500e+15,3.497476196379256663e-01
1.650273785556071000e+15,3.497476196379256663e-01
1.650273785557961750e+15,3.497476196379256663e-01
1.650273785559852250e+15,3.497476196379256663e-01
1.650273785561743000e+15,3.497476196379257218e-01
1.650273785563633500e+15,3.497476196379257218e-01
1.650273785565524250e+15,3.497476196379256663e-01
1.650273785567415000e+15,3.497476196379256663e-01
1.650273785569305500e+15,3.497476196379256663e-01
1.650273785571196250e+15,3.500401242403409219e-01
1.650273785573086750e+15,3.508165088677415722e-01
1.650273785574977500e+15,3.515929961643602941e-01
1.650273785576868000e+15,3.523693807917608889e-01
1.650273785578758750e+15,3.531458680883795553e-01
1.650273785580649500e+15,3.539223553849983328e-01
1.650273785582540000e+15,3.546987400123989276e-01
1.650273785584430750e+15,3.554752273090176495e-01
1.650273785586321250e+15,3.552331204210986138e-01
1.650273785588212000e+15,3.538609741527626862e-01
1.650273785590102500e+15,3.524890093132603264e-01
1.650273785591993250e+15,3.511168630449243988e-01
1.650273785593883750e+15,3.497476196379256663e-01
1.650273785595774500e+15,3.497476196379256663e-01
1.650273785597665250e+15,3.497476196379256663e-01
1.650273785599555750e+15,3.497476196379256663e-01
1.650273785601446500e+15,3.497476196379256663e-01
1.650273785603337000e+15,3.497476196379256663e-01
1.650273785605227750e+15,3.497476196379256663e-01
1.650273785607118250e+15,3.497476196379256663e-01
1.650273785609009000e+15,3.497476196379256663e-01
1.650273785610899750e+15,3.497476196379256663e-01
1.650273785612790250e+15,3.497476196379256663e-01
1.650273785614681000e+15,3.497476196379256663e-01
1.650273785616571500e+15,3.489069855067450376e-01
1.650273785618462250e+15,3.479863779286797576e-01
1.650273785620352750e+15,3.470658920758000199e-01
1.650273785622243500e+15,3.461452844977347398e-01
1.650273785624134000e+15,3.452247986448550021e-01
1.650273785626024750e+15,3.443041910667896666e-01
1.650273785627915500e+15,3.433835834887244420e-01
1.650273785629806000e+15,3.424630976358446488e-01
1.650273785631696750e+15,3.415424900577793688e-01
1.650273785633587250e+15,3.406220042048995755e-01
1.650273785635478000e+15,3.397013966268343510e-01
1.650273785637368500e+15,3.387809107739545578e-01
1.650273785639259250e+15,3.378603031958892777e-01
1.650273785641150000e+15,3.381021085276696425e-01
1.650273785643040500e+15,3.391775732706691082e-01
1.650273785644931250e+15,3.402531802332854904e-01
1.650273785646821750e+15,3.413286449762849561e-01
1.650273785648712500e+15,3.424042519389013384e-01
1.650273785650603000e+15,3.434797166819008596e-01
1.650273785652493750e+15,3.428419216771554923e-01
1.650273785654384250e+15,3.419645988275115123e-01
1.650273785656275000e+15,3.410871599605640458e-01
1.650273785658165750e+15,3.402097210936164684e-01
1.650273785660056250e+15,3.393323982439725439e-01
1.650273785661947000e+15,3.384549593770249665e-01
1.650273785663837500e+15,3.375776365273810420e-01
1.650273785665728250e+15,3.374757733348410782e-01
1.650273785667618750e+15,3.374757733348410227e-01
1.650273785669509500e+15,3.374757733348410227e-01
1.650273785671400250e+15,3.374757733348410227e-01
1.650273785673290750e+15,3.374757733348410227e-01
1.650273785675181500e+15,3.374757733348410227e-01
1.650273785677072000e+15,3.374757733348410227e-01
1.650273785678962750e+15,3.374757733348410227e-01
1.650273785680853250e+15,3.374757733348410227e-01
1.650273785682744000e+15,3.374757733348410227e-01
1.650273785684634500e+15,3.374757733348410227e-01
1.650273785686525250e+15,3.374757733348410227e-01
1.650273785688416000e+15,3.374757733348410227e-01
1.650273785690306500e+15,3.374757733348410227e-01
1.650273785692197250e+15,3.374757733348410227e-01
1.650273785694087750e+15,3.374757733348410227e-01
1.650273785695978500e+15,3.374757733348410227e-01
1.650273785697869000e+15,3.374757733348410227e-01
1.650273785699759750e+15,3.374757733348408006e-01
1.650273785701650500e+15,3.374757733348406896e-01
1.650273785703541000e+15,3.374757733348405786e-01
1.650273785705431750e+15,3.374757733348404121e-01
1.650273785707322250e+15,3.374757733348402455e-01
1.650273785709213000e+15,3.370777675087942571e-01
1.650273785711103500e+15,3.361131136445125733e-01
1.650273785712994250e+15,3.351483322142609911e-01
1.650273785714884750e+15,3.341836783499793073e-01
1.650273785716775500e+15,3.332188969197277251e-01
1.650273785718666250e+15,3.322541154894761428e-01
1.650273785720556750e+15,3.313398501832995890e-01
1.650273785722447500e+15,3.313398501832996446e-01
1.650273785724338000e+15,3.313398501832995890e-01
1.650273785726228750e+15,3.313398501832995890e-01
1.650273785728119250e+15,3.313398501832995890e-01
1.650273785730010000e+15,3.313398501832995890e-01
1.650273785731900750e+15,3.313398501832996446e-01
1.650273785733791250e+15,3.313398501832995890e-01
1.650273785735682000e+15,3.313398501832996446e-01
1.650273785737572500e+15,3.313398501832995890e-01
1.650273785739463250e+15,3.313398501832996446e-01
1.650273785741353750e+15,3.313398501832995890e-01
1.650273785743244500e+15,3.313398501832995890e-01
1.650273785745135000e+15,3.313398501832995890e-01
1.650273785747025750e+15,3.313398501832995890e-01
1.650273785748916500e+15,3.313398501832995890e-01
1.650273785750807000e+15,3.300409499180793627e-01
1.650273785752697750e+15,3.286106088135568593e-01
1.650273785754588250e+15,3.271804568325440976e-01
1.650273785756479000e+15,3.257501157280215942e-01
1.650273785758369500e+15,3.243199637470088881e-01
1.650273785760260250e+15,3.228896226424864402e-01
1.650273785762151000e+15,3.214592815379638813e-01
1.650273785764041500e+15,3.200291295569512307e-01
1.650273785765932250e+15,3.190680038802116147e-01
1.650273785767822750e+15,3.190680038802120588e-01
1.650273785769713500e+15,3.190680038802126139e-01
1.650273785771604000e+15,3.190680038802131135e-01
1.650273785773494750e+15,3.190680038802136131e-01
1.650273785775385250e+15,3.190680038802140017e-01
1.650273785777276000e+15,3.190680038802135576e-01
1.650273785779166750e+15,3.190680038802130580e-01
1.650273785781057250e+15,3.190680038802126139e-01
1.650273785782948000e+15,3.190680038802120588e-01
1.650273785784838500e+15,3.190680038802116147e-01
1.650273785786729250e+15,3.190680038802113927e-01
1.650273785788619750e+15,3.190680038802114482e-01
1.650273785790510500e+15,3.190680038802113927e-01
1.650273785792401250e+15,3.190680038802113927e-01
1.650273785794291750e+15,3.190680038802113927e-01
1.650273785796182500e+15,3.190680038802113927e-01
1.650273785798073000e+15,3.190680038802113927e-01
1.650273785799963750e+15,3.190680038802114482e-01
1.650273785801854250e+15,3.190680038802113927e-01
1.650273785803745000e+15,3.190680038802113927e-01
1.650273785805635500e+15,3.190680038802113927e-01
1.650273785807526250e+15,3.190680038802114482e-01
1.650273785809417000e+15,3.176021538423688395e-01
1.650273785811307500e+15,3.151212321802907002e-01
1.650273785813198250e+15,3.126399824407644634e-01
1.650273785815088750e+15,3.101590607786862686e-01
1.650273785816979500e+15,3.076778110391600873e-01
1.650273785818870000e+15,3.051968893770818925e-01
1.650273785820760750e+15,3.027156396375557112e-01
1.650273785822651500e+15,3.006602344255853154e-01
1.650273785824542000e+15,3.006602344255853154e-01
1.650273785826432750e+15,3.006602344255853154e-01
1.650273785828323250e+15,3.006602344255853154e-01
1.650273785830214000e+15,3.006602344255853154e-01
1.650273785832104500e+15,3.006602344255853154e-01
1.650273785833995250e+15,3.025877036624802230e-01
1.650273785835885750e+15,3.045961813212095803e-01
1.650273785837776500e+15,3.066049245813220470e-01
1.650273785839667250e+15,3.086136678414345136e-01
1.650273785841557750e+15,3.106221455001638709e-01
1.650273785843448500e+15,3.126308887602763931e-01
1.650273785845339000e+15,3.129320807286708472e-01
1.650273785847229750e+15,3.129320807286708472e-01
1.650273785849120250e+15,3.129320807286708472e-01
1.650273785851011000e+15,3.129320807286708472e-01
1.650273785852901750e+15,3.129320807286708472e-01
1.650273785854792250e+15,3.125789948424725351e-01
1.650273785856683000e+15,3.115961503237688057e-01
1.650273785858573500e+15,3.106134357593846596e-01
1.650273785860464250e+15,3.096305912406809302e-01
1.650273785862354750e+15,3.086478766762967840e-01
1.650273785864245500e+15,3.076650321575931102e-01
1.650273785866136000e+15,3.067327783124276785e-01
1.650273785868026750e+15,3.061855895236917924e-01
1.650273785869917500e+15,3.056384007349558507e-01
1.650273785871808000e+15,3.050912842969787375e-01
1.650273785873698750e+15,3.045440955082428514e-01
1.650273785875589250e+15,3.039969790702656827e-01
1.650273785877480000e+15,3.034497902815298520e-01
1.650273785879370500e+15,3.029026738435526833e-01
1.650273785881261250e+15,3.023554850548167972e-01
1.650273785883152000e+15,3.018082962660809110e-01
1.650273785885042500e+15,3.012611798281037423e-01
1.650273785886933250e+15,3.007139910393679116e-01
1.650273785888823750e+15,2.994849293702387949e-01
1.650273785890714500e+15,2.981813904153198802e-01
1.650273785892605000e+15,2.968780238177928243e-01
1.650273785894495750e+15,2.955744848628738541e-01
1.650273785896386250e+15,2.946767133961460949e-01
1.650273785898277000e+15,2.954613405230754331e-01
1.650273785900167750e+15,2.962459676500047157e-01
1.650273785902058250e+15,2.970304910314459090e-01
1.650273785903949000e+15,2.978151181583752471e-01
1.650273785905839500e+15,2.985996415398163850e-01
1.650273785907730250e+15,2.993842686667457231e-01
1.650273785909620750e+15,3.001687920481868610e-01
1.650273785911511500e+15,3.006602344255853154e-01
1.650273785913402250e+15,3.006602344255853154e-01
1.650273785915292750e+15,3.006602344255853154e-01
1.650273785917183500e+15,3.006602344255853154e-01
1.650273785919074000e+15,3.006602344255853154e-01
1.650273785920964750e+15,3.006602344255853154e-01
1.650273785922855250e+15,3.006602344255853154e-01
1.650273785924746000e+15,3.006602344255853154e-01
1.650273785926636500e+15,3.006602344255853154e-01
1.650273785928527250e+15,3.006602344255853709e-01
1.650273785930418000e+15,3.006602344255853154e-01
1.650273785932308500e+15,3.014738878306270076e-01
1.650273785934199250e+15,3.023572729443694818e-01
1.650273785936089750e+15,3.032405412545798318e-01
1.650273785937980500e+15,3.041239263683223060e-01
1.650273785939871000e+15,3.050071946785327115e-01
1.650273785941761750e+15,3.058905797922752412e-01
1.650273785943652500e+15,3.067739649060176599e-01
1.650273785945543000e+15,3.057914928322552073e-01
1.650273785947433750e+15,3.047607983849577318e-01
1.650273785949324250e+15,3.037302402188247763e-01
1.650273785951215000e+15,3.026995457715273008e-01
1.650273785953105500e+15,3.016689876053943453e-01
1.650273785954996250e+15,3.006602344255853709e-01
1.650273785956886750e+15,3.006602344255853154e-01
1.650273785958777500e+15,3.006602344255853154e-01
1.650273785960668250e+15,3.006602344255853154e-01
1.650273785962558750e+15,3.006602344255853154e-01
1.650273785964449500e+15,3.006602344255853154e-01
1.650273785966340000e+15,3.006602344255853154e-01
1.650273785968230750e+15,3.000443774098446315e-01
1.650273785970121250e+15,2.989740232951512144e-01
1.650273785972012000e+15,2.979035276366711615e-01
1.650273785973902750e+15,2.968330319781910531e-01
1.650273785975793250e+15,2.957626778634976361e-01
1.650273785977684000e+15,2.946921822050175832e-01
1.650273785979574500e+15,2.936218280903241662e-01
1.650273785981465250e+15,2.925513324318440578e-01
1.650273785983355750e+15,2.914809783171506963e-01
1.650273785985246500e+15,2.904104826586706434e-01
1.650273785987137000e+15,2.893401285439771708e-01
1.650273785989027750e+15,2.885234505509868264e-01
1.650273785990918500e+15,2.897409441703359123e-01
1.650273785992809000e+15,2.909582768094365890e-01
1.650273785994699750e+15,2.921757704287856749e-01
1.650273785996590250e+15,2.933931030678862961e-01
1.650273785998481000e+15,2.946105966872354376e-01
1.650273786000371500e+15,2.958279293263360588e-01
1.650273786002262250e+15,2.970454229456852002e-01
1.650273786004153000e+15,2.982629165650343417e-01
1.650273786006043500e+15,2.994802492041349629e-01
1.650273786007934250e+15,3.006331183096929704e-01
1.650273786009824750e+15,2.997530665140788475e-01
1.650273786011715500e+15,2.988728983402850203e-01
1.650273786013606000e+15,2.979928465446709529e-01
1.650273786015496750e+15,2.971126783708770702e-01
1.650273786017387250e+15,2.962326265752630028e-01
1.650273786019278000e+15,2.953524584014691756e-01
1.650273786021168750e+15,2.945243112740439373e-01
1.650273786023059250e+15,2.945243112740436042e-01
1.650273786024950000e+15,2.945243112740433822e-01
1.650273786026840500e+15,2.945243112740431601e-01
1.650273786028731250e+15,2.945243112740428826e-01
1.650273786030621750e+15,2.945243112740426605e-01
1.650273786032512500e+15,2.945243112740423830e-01
1.650273786034403250e+15,2.945243112740421609e-01
1.650273786036293750e+15,2.936411856942017229e-01
1.650273786038184500e+15,2.926992764063252039e-01
1.650273786040075000e+15,2.917574916602029833e-01
1.650273786041965750e+15,2.908155823723264644e-01
1.650273786043856250e+15,2.898737976262042437e-01
1.650273786045747000e+15,2.889318883383276693e-01
1.650273786047637500e+15,2.888888646129786908e-01
1.650273786049528250e+15,2.900724492588443448e-01
1.650273786051419000e+15,2.912560339047099989e-01
1.650273786053309500e+15,2.924394620538619538e-01
1.650273786055200250e+15,2.936230466997276078e-01
1.650273786057090750e+15,2.944104140059715102e-01
1.650273786058981500e+15,2.939326519214359723e-01
1.650273786060872000e+15,2.934549530078754964e-01
1.650273786062762750e+15,2.929771909233399585e-01
1.650273786064653500e+15,2.924994288388044206e-01
1.650273786066544000e+15,2.920217299252438892e-01
1.650273786068434750e+15,2.915439678407083512e-01
1.650273786070325250e+15,2.910662689271479309e-01
1.650273786072216000e+15,2.905885068426122819e-01
1.650273786074106500e+15,2.901108079290518615e-01
1.650273786075997250e+15,2.896330458445162681e-01
1.650273786077887750e+15,2.891553469309558477e-01
1.650273786079778500e+15,2.886775848464201988e-01
1.650273786081669250e+15,2.883883881225007273e-01
1.650273786083559750e+15,2.883883881225008938e-01
1.650273786085450500e+15,2.883883881225010049e-01
1.650273786087341000e+15,2.883883881225011714e-01
1.650273786089231750e+15,2.883883881225013379e-01
1.650273786091122250e+15,2.883883881225014489e-01
1.650273786093013000e+15,2.883883881225012824e-01
1.650273786094903750e+15,2.883883881225006718e-01
1.650273786096794250e+15,2.883883881225001167e-01
1.650273786098685000e+15,2.883883881224995616e-01
1.650273786100575500e+15,2.883883881224990064e-01
1.650273786102466250e+15,2.883883881224992285e-01
1.650273786104356750e+15,2.883883881224996726e-01
1.650273786106247500e+15,2.883883881225000612e-01
1.650273786108138000e+15,2.883883881225004497e-01
1.650273786110028750e+15,2.883883881225008938e-01
1.650273786111919500e+15,2.883883881225012824e-01
1.650273786113810000e+15,2.883883881225015600e-01
1.650273786115700750e+15,2.883883881225015600e-01
1.650273786117591250e+15,2.883883881225015600e-01
1.650273786119482000e+15,2.883883881225015600e-01
1.650273786121372500e+15,2.883883881225015600e-01
1.650273786123263250e+15,2.879139043644939888e-01
1.650273786125154000e+15,2.869463873351569827e-01
1.650273786127044500e+15,2.859789982334980385e-01
1.650273786128935250e+15,2.850114812041609769e-01
1.650273786130825750e+15,2.840440921025020882e-01
1.650273786132716500e+15,2.830765750731650265e-01
1.650273786134607000e+15,2.820969564189640955e-01
1.650273786136497750e+15,2.810468571522389269e-01
1.650273786138388250e+15,2.799968967324351077e-01
1.650273786140279000e+15,2.789467974657098281e-01
1.650273786142169750e+15,2.778966981989846041e-01
1.650273786144060250e+15,2.768467377791807849e-01
1.650273786145951000e+15,2.763645361873966477e-01
1.650273786147841500e+15,2.771784829802249051e-01
1.650273786149732250e+15,2.779925374094976975e-01
1.650273786151622750e+15,2.788064842023259549e-01
1.650273786153513500e+15,2.796205386315986918e-01
1.650273786155404250e+15,2.804345930608714843e-01
1.650273786157294750e+15,2.812485398536997416e-01
1.650273786159185500e+15,2.820625942829724231e-01
1.650273786161076000e+15,2.828765410758007359e-01
1.650273786162966750e+15,2.836905955050734729e-01
1.650273786164857250e+15,2.845045422979017857e-01
1.650273786166748000e+15,2.853185967271745227e-01
1.650273786168638500e+15,2.861325435200028355e-01
1.650273786170529250e+15,2.869465979492755725e-01
1.650273786172420000e+15,2.877606523785482540e-01
1.650273786174310500e+15,2.878339372353139747e-01
1.650273786176201250e+15,2.854100574319615724e-01
1.650273786178091750e+15,2.829864981204514018e-01
1.650273786179982500e+15,2.805626183170989996e-01
1.650273786181873000e+15,2.781390590055888845e-01
1.650273786183763750e+15,2.757151792022364267e-01
1.650273786185654500e+15,2.732912993988839689e-01
1.650273786187545000e+15,2.708677400873738539e-01
1.650273786189435750e+15,2.703475649326733121e-01
1.650273786191326250e+15,2.709262610024158469e-01
1.650273786193217000e+15,2.715050335990122354e-01
1.650273786195107500e+15,2.720837296687547147e-01
1.650273786196998250e+15,2.726625022653511032e-01
1.650273786198888750e+15,2.732411983350935269e-01
1.650273786200779500e+15,2.738199709316899710e-01
1.650273786202670250e+15,2.743987435282864151e-01
1.650273786204560750e+15,2.749774395980288388e-01
1.650273786206451500e+15,2.755562121946252829e-01
1.650273786208342000e+15,2.760785993903621671e-01
1.650273786210232750e+15,2.748829385948581838e-01
1.650273786212123250e+15,2.736874358928085282e-01
1.650273786214014000e+15,2.724917750973046005e-01
1.650273786215904750e+15,2.712961143018005616e-01
1.650273786217795250e+15,2.701006115997509616e-01
1.650273786219686000e+15,2.699806186678737063e-01
1.650273786221576500e+15,2.699806186678736508e-01
1.650273786223467250e+15,2.699806186678736508e-01
1.650273786225357750e+15,2.699806186678737063e-01
1.650273786227248500e+15,2.699806186678737063e-01
1.650273786229139000e+15,2.699806186678736508e-01
1.650273786231029750e+15,2.699806186678737063e-01
1.650273786232920500e+15,2.699806186678736508e-01
1.650273786234811000e+15,2.699806186678737063e-01
1.650273786236701750e+15,2.699806186678737063e-01
1.650273786238592250e+15,2.699806186678737063e-01
1.650273786240483000e+15,2.699806186678737063e-01
1.650273786242373500e+15,2.699806186678736508e-01
1.650273786244264250e+15,2.705718499468256488e-01
1.650273786246155000e+15,2.714355706659127287e-01
1.650273786248045500e+15,2.722991771815461703e-01
1.650273786249936250e+15,2.731628979006331948e-01
1.650273786251826750e+15,2.740265044162667474e-01
1.650273786253717500e+15,2.748902251353537718e-01
1.650273786255608000e+15,2.757538316509872134e-01
1.650273786257498750e+15,2.718980345531848974e-01
1.650273786259389250e+15,2.646264703983562949e-01
1.650273786261280000e+15,2.573539446508068540e-01
1.650273786263170750e+15,2.520069709543306669e-01
1.650273786265061250e+15,2.541235593528327619e-01
1.650273786266952000e+15,2.562404276492981636e-01
1.650273786268842500e+15,2.583570160478003142e-01
1.650273786270733250e+15,2.604738843442657159e-01
1.650273786272623750e+15,2.625904727427677554e-01
1.650273786274514500e+15,2.641399386805268756e-01
1.650273786276405250e+15,2.648644435639824768e-01
1.650273786278295750e+15,2.655888526514731396e-01
1.650273786280186500e+15,2.663133575349287963e-01
1.650273786282077000e+15,2.670377666224194035e-01
1.650273786283967750e+15,2.677622715058750602e-01
1.650273786285858250e+15,2.684866805933656675e-01
1.650273786287749000e+15,2.692111854768213242e-01
1.650273786289639500e+15,2.699355945643119314e-01
1.650273786291530250e+15,2.694190141603634570e-01
1.650273786293421000e+15,2.688201963272481843e-01
1.650273786295311500e+15,2.682214576714214149e-01
1.650273786297202250e+15,2.676226398383061422e-01
1.650273786299092750e+15,2.670239011824794284e-01
1.650273786300983500e+15,2.664250833493641002e-01
1.650273786302874000e+15,2.658263446935373864e-01
1.650273786304764750e+15,2.652275268604221137e-01
1.650273786306655500e+15,2.646287090273068410e-01
1.650273786308546000e+15,2.640299703714801272e-01
1.650273786310436750e+15,2.633126560943824801e-01
1.650273786312327250e+15,2.625423550971054953e-01
1.650273786314218000e+15,2.617719522351105166e-01
1.650273786316108500e+15,2.610016512378335873e-01
1.650273786317999250e+15,2.602312483758386086e-01
1.650273786319889750e+15,2.594609473785616238e-01
1.650273786321780500e+15,2.586905445165666451e-01
1.650273786323671250e+15,2.579201416545717218e-01
1.650273786325561750e+15,2.568045015672877351e-01
1.650273786327452500e+15,2.555581009765297562e-01
1.650273786329343000e+15,2.543118651881770553e-01
1.650273786331233750e+15,2.530654645974190209e-01
1.650273786333124250e+15,2.518192288090662645e-01
1.650273786335015000e+15,2.531313582832995235e-01
1.650273786336905750e+15,2.550738441265443246e-01
1.650273786338796250e+15,2.570160731291381562e-01
1.650273786340687000e+15,2.589585589723829573e-01
1.650273786342577500e+15,2.609007879749767334e-01
1.650273786344468250e+15,2.628432738182215345e-01
1.650273786346358750e+15,2.633045396282259754e-01
1.650273786348249500e+15,2.621892791909482545e-01
1.650273786350140000e+15,2.610741662163754695e-01
1.650273786352030750e+15,2.599589057790978042e-01
1.650273786353921500e+15,2.588436453418201388e-01
1.650273786355812000e+15,2.577285323672473538e-01
1.650273786357702750e+15,2.566132719299696330e-01
1.650273786359593250e+15,2.554981589553968480e-01
1.650273786361484000e+15,2.543828985181191826e-01
1.650273786363374500e+15,2.532677855435463976e-01
1.650273786365265250e+15,2.521525251062687323e-01
1.650273786367156000e+15,2.503130599036690329e-01
1.650273786369046500e+15,2.476901175140728273e-01
1.650273786370937250e+15,2.450668282661865871e-01
1.650273786372827750e+15,2.424438858765903815e-01
1.650273786374718500e+15,2.398205966287041413e-01
1.650273786376609000e+15,2.407434063056864693e-01
1.650273786378499750e+15,2.425423668730266602e-01
1.650273786380390500e+15,2.443413274403668789e-01
1.650273786382281000e+15,2.461400501443503086e-01
1.650273786384171750e+15,2.479390107116904995e-01
1.650273786386062250e+15,2.497377334156739570e-01
1.650273786387953000e+15,2.515366939830141479e-01
1.650273786389843500e+15,2.498525620186584362e-01
1.650273786391734250e+15,2.480967547241026971e-01
1.650273786393624750e+15,2.463411795870631138e-01
1.650273786395515500e+15,2.445853722925073748e-01
1.650273786397406250e+15,2.428295649979516635e-01
1.650273786399296750e+15,2.410739898609120524e-01
1.650273786401187500e+15,2.393181825663563411e-01
1.650273786403078000e+15,2.393010029101618752e-01
1.650273786404968750e+15,2.393010029101616531e-01
1.650273786406859250e+15,2.393010029101613756e-01
1.650273786408750000e+15,2.393010029101611535e-01
1.650273786410640750e+15,2.393010029101609593e-01
1.650273786412531250e+15,2.393010029101607095e-01
1.650273786414422000e+15,2.393010029101604874e-01
1.650273786416312500e+15,2.393010029101602654e-01
1.650273786418203250e+15,2.393010029101600433e-01
1.650273786420093750e+15,2.393010029101598213e-01
1.650273786421984500e+15,2.393010029101595437e-01
1.650273786423875000e+15,2.393010029101594327e-01
1.650273786425765750e+15,2.393010029101594327e-01
1.650273786427656500e+15,2.393010029101594327e-01
1.650273786429547000e+15,2.393010029101594327e-01
1.650273786431437750e+15,2.393010029101594327e-01
1.650273786433328250e+15,2.393010029101594327e-01
1.650273786435219000e+15,2.393010029101594327e-01
1.650273786437109500e+15,2.393010029101594605e-01
1.650273786439000250e+15,2.393010029101594327e-01
1.650273786440891000e+15,2.393010029101594327e-01
1.650273786442781500e+15,2.387941417182379844e-01
1.650273786444672250e+15,2.380265423601078956e-01
1.650273786446562750e+15,2.372590444960089862e-01
1.650273786448453500e+15,2.364914451378788418e-01
1.650273786450344000e+15,2.357239472737799602e-01
1.650273786452234750e+15,2.349563479156498436e-01
1.650273786454125250e+15,2.341888500515509342e-01
1.650273786456016000e+15,2.334212506934208453e-01
1.650273786457906750e+15,2.327751226811196894e-01
1.650273786459797250e+15,2.321899162076059564e-01
1.650273786461688000e+15,2.316046323463015200e-01
1.650273786463578500e+15,2.310194258727877314e-01
1.650273786465469250e+15,2.304341420114833228e-01
1.650273786467359750e+15,2.298489355379695898e-01
1.650273786469250500e+15,2.292636516766651256e-01
1.650273786471141250e+15,2.286783678153606614e-01
1.650273786473031750e+15,2.280931613418469284e-01
1.650273786474922500e+15,2.275078774805424919e-01
1.650273786476813000e+15,2.271740267212918885e-01
1.650273786478703750e+15,2.279702859319150121e-01
1.650273786480594250e+15,2.287664398590248394e-01
1.650273786482485000e+15,2.295626990696479908e-01
1.650273786484375500e+15,2.303588529967578458e-01
1.650273786486266250e+15,2.311551122073809694e-01
1.650273786488157000e+15,2.319513714180040653e-01
1.650273786490047500e+15,2.327475253451139203e-01
1.650273786491938250e+15,2.331650797586179991e-01
1.650273786493828750e+15,2.331650797586179991e-01
1.650273786495719500e+15,2.331650797586179991e-01
1.650273786497610000e+15,2.331650797586179991e-01
1.650273786499500750e+15,2.331650797586179991e-01
1.650273786501391500e+15,2.331650797586179991e-01
1.650273786503282000e+15,2.331650797586179991e-01
1.650273786505172750e+15,2.331650797586179991e-01
1.650273786507063250e+15,2.331650797586179991e-01
1.650273786508954000e+15,2.331650797586179991e-01
1.650273786510844500e+15,2.331650797586179991e-01
1.650273786512735250e+15,2.324607477996587512e-01
1.650273786514625750e+15,2.285928042458100218e-01
1.650273786516516500e+15,2.247243491945327687e-01
1.650273786518407250e+15,2.208558941432555989e-01
1.650273786520297750e+15,2.169879505894068417e-01
1.650273786522188500e+15,2.147573103039883413e-01
1.650273786524079000e+15,2.147573103039883691e-01
1.650273786525969750e+15,2.147573103039883691e-01
1.650273786527860250e+15,2.147573103039883691e-01
1.650273786529751000e+15,2.147573103039883691e-01
1.650273786531641750e+15,2.147573103039883691e-01
1.650273786533532250e+15,2.147573103039883691e-01
1.650273786535423000e+15,2.147573103039883691e-01
1.650273786537313500e+15,2.147573103039883968e-01
1.650273786539204250e+15,2.147573103039883691e-01
1.650273786541094750e+15,2.147573103039883691e-01
1.650273786542985500e+15,2.147573103039883691e-01
1.650273786544876000e+15,2.149375717322008217e-01
1.650273786546766750e+15,2.166001536609454825e-01
1.650273786548657500e+15,2.182627355896901433e-01
1.650273786550548000e+15,2.199250976874248253e-01
1.650273786552438750e+15,2.215876796161694862e-01
1.650273786554329250e+15,2.232500417139041682e-01
1.650273786556220000e+15,2.249126236426488012e-01
1.650273786558110500e+15,2.265749857403834555e-01
1.650273786560001250e+15,2.270291566070748168e-01
1.650273786561892000e+15,2.270291566070747891e-01
1.650273786563782500e+15,2.270291566070748168e-01
1.650273786565673250e+15,2.270291566070747891e-01
1.650273786567563750e+15,2.270291566070747891e-01
1.650273786569454500e+15,2.270291566070748168e-01
1.650273786571345000e+15,2.270291566070748168e-01
1.650273786573235750e+15,2.270291566070748168e-01
1.650273786575126250e+15,2.270291566070748168e-01
1.650273786577017000e+15,2.270291566070747891e-01
1.650273786578907750e+15,2.270291566070747891e-01
1.650273786580798250e+15,2.270291566070747891e-01
1.650273786582689000e+15,2.270291566070747891e-01
1.650273786584579500e+15,2.270291566070747891e-01
1.650273786586470250e+15,2.270291566070747891e-01
1.650273786588360750e+15,2.270291566070747891e-01
1.650273786590251500e+15,2.270291566070747891e-01
1.650273786592142250e+15,2.266175647657502901e-01
1.650273786594032750e+15,2.232672337602651935e-01
1.650273786595923500e+15,2.199164597065116911e-01
1.650273786597814000e+15,2.165661287010265390e-01
1.650273786599704750e+15,2.132153546472730643e-01
1.650273786601595250e+15,2.098650236417879400e-01
1.650273786603486000e+15,2.092800737385056287e-01
1.650273786605376500e+15,2.103273798705022068e-01
1.650273786607267250e+15,2.113748244984167968e-01
1.650273786609158000e+15,2.124222691263313867e-01
1.650273786611048500e+15,2.134695752583279926e-01
1.650273786612939250e+15,2.145170198862425548e-01
1.650273786614829750e+15,2.139725424329629588e-01
1.650273786616720500e+15,2.129539738026925699e-01
1.650273786618611000e+15,2.119355398502789645e-01
1.650273786620501750e+15,2.109169712200085756e-01
1.650273786622392500e+15,2.098984025897381867e-01
1.650273786624283000e+15,2.088799686373245257e-01
1.650273786626173750e+15,2.078614000070541645e-01
1.650273786628064250e+15,2.068429660546405036e-01
1.650273786629955000e+15,2.058243974243701424e-01
1.650273786631845500e+15,2.048059634719564537e-01
1.650273786633736250e+15,2.037873948416861203e-01
1.650273786635626750e+15,2.027689608892724316e-01
1.650273786637517500e+15,2.043120512615292650e-01
1.650273786639408250e+15,2.068431028284214435e-01
1.650273786641298750e+15,2.093738197329353401e-01
1.650273786643189500e+15,2.119048712998275463e-01
1.650273786645080000e+15,2.144355882043413875e-01
1.650273786646970750e+15,2.169666397712335659e-01
1.650273786648861250e+15,2.194973566757474903e-01
1.650273786650752000e+15,2.200403793607098035e-01
1.650273786652642750e+15,2.181388063892661100e-01
1.650273786654533250e+15,2.162374848488645140e-01
1.650273786656424000e+15,2.143359118774207928e-01
1.650273786658314500e+15,2.124345903370191690e-01
1.650273786660205250e+15,2.105330173655754478e-01
1.650273786662095750e+15,2.086316958251738796e-01
1.650273786663986500e+15,2.067301228537301583e-01
1.650273786665877000e+15,2.048288013133285346e-01
1.650273786667767750e+15,2.029272283418848410e-01
1.650273786669658500e+15,2.041531528791873384e-01
1.650273786671549000e+15,2.063252271639905988e-01
1.650273786673439750e+15,2.084975886842189152e-01
1.650273786675330250e+15,2.106696629690221756e-01
1.650273786677221000e+15,2.128420244892504920e-01
1.650273786679111500e+15,2.145125305049067344e-01
1.650273786681002250e+15,2.124417591173512754e-01
1.650273786682893000e+15,2.103709877297958164e-01
1.650273786684783500e+15,2.083004901451475932e-01
1.650273786686674250e+15,2.062297187575921065e-01
1.650273786688564750e+15,2.041592211729439110e-01
1.650273786690455500e+15,2.022961803533491476e-01
1.650273786692346000e+15,2.013090334962311656e-01
1.650273786694236750e+15,2.003217560986666201e-01
1.650273786696127250e+15,1.993346092415486659e-01
1.650273786698018000e+15,1.983473318439841204e-01
1.650273786699908750e+15,1.973600544464195194e-01
1.650273786701799250e+15,1.963729075893015374e-01
1.650273786703690000e+15,1.953856301917369920e-01
1.650273786705580500e+15,1.943984833346190100e-01
1.650273786707471250e+15,1.934112059370544368e-01
1.650273786709361750e+15,1.924240590799364825e-01
1.650273786711252500e+15,1.914367816823719370e-01
1.650273786713143250e+15,1.904495042848073916e-01
1.650273786715033750e+15,1.896264504590898237e-01
1.650273786716924500e+15,1.888548178219911222e-01
1.650273786718815000e+15,1.880832872122145394e-01
1.650273786720705750e+15,1.873116545751158379e-01
1.650273786722596250e+15,1.865401239653393106e-01
1.650273786724487000e+15,1.857684913282406092e-01
1.650273786726377500e+15,1.849969607184640541e-01
1.650273786728268250e+15,1.842253280813653804e-01
1.650273786730159000e+15,1.840776945462762049e-01
1.650273786732049500e+15,1.840776945462766490e-01
1.650273786733940250e+15,1.840776945462771208e-01
1.650273786735830750e+15,1.840776945462775926e-01
1.650273786737721500e+15,1.840776945462780367e-01
1.650273786739612000e+15,1.840776945462784808e-01
1.650273786741502750e+15,1.850923808908465085e-01
1.650273786743393500e+15,1.862739163525812536e-01
1.650273786745284000e+15,1.874552955885508410e-01
1.650273786747174750e+15,1.886368310502856138e-01
1.650273786749065250e+15,1.898182102862552567e-01
1.650273786750956000e+15,1.902136176978182214e-01
1.650273786752846500e+15,1.902136176978183602e-01
1.650273786754737250e+15,1.902136176978183879e-01
1.650273786756627750e+15,1.902136176978184989e-01
1.650273786758518500e+15,1.902136176978185822e-01
1.650273786760409250e+15,1.902136176978186655e-01
1.650273786762299750e+15,1.902136176978187487e-01
1.650273786764190500e+15,1.902136176978188598e-01
1.650273786766081000e+15,1.902136176978189153e-01
1.650273786767971750e+15,1.902136176978190263e-01
1.650273786769862250e+15,1.898734390523529880e-01
1.650273786771753000e+15,1.891106845027947791e-01
1.650273786773643750e+15,1.883479299532365980e-01
1.650273786775534250e+15,1.875852762571161292e-01
1.650273786777425000e+15,1.868225217075579203e-01
1.650273786779315500e+15,1.860598680114374515e-01
1.650273786781206250e+15,1.852971134618792703e-01
1.650273786783096750e+15,1.845344597657587460e-01
1.650273786784987500e+15,1.836205140246211509e-01
1.650273786786878000e+15,1.824810284924020254e-01
1.650273786788768750e+15,1.813413922744473439e-01
1.650273786790659500e+15,1.802017560564926901e-01
1.650273786792550000e+15,1.790622705242735369e-01
1.650273786794440750e+15,1.779417713947335500e-01
1.650273786796331250e+15,1.779417713947339108e-01
1.650273786798222000e+15,1.779417713947342439e-01
1.650273786800112500e+15,1.779417713947346047e-01
1.650273786802003250e+15,1.779417713947349378e-01
1.650273786803894000e+15,1.779417713947352708e-01
1.650273786805784500e+15,1.779417713947352986e-01
1.650273786807675250e+15,1.779417713947352986e-01
1.650273786809565750e+15,1.779417713947353263e-01
1.650273786811456500e+15,1.779417713947352986e-01
1.650273786813347000e+15,1.779417713947353263e-01
1.650273786815237750e+15,1.779417713947353263e-01
1.650273786817128250e+15,1.779417713947353263e-01
1.650273786819019000e+15,1.779417713947353263e-01
1.650273786820909750e+15,1.779417713947353263e-01
1.650273786822800250e+15,1.779417713947353263e-01
1.650273786824691000e+15,1.779417713947353263e-01
1.650273786826581500e+15,1.779417713947353263e-01
1.650273786828472250e+15,1.779417713947352986e-01
1.650273786830362750e+15,1.779417713947353263e-01
1.650273786832253500e+15,1.779417713947353263e-01
1.650273786834144250e+15,1.779417713947352986e-01
1.650273786836034750e+15,1.779417713947353263e-01
1.650273786837925500e+15,1.779417713947352986e-01
1.650273786839816000e+15,1.779417713947353263e-01
1.650273786841706750e+15,1.779417713947352986e-01
1.650273786843597250e+15,1.779417713947353263e-01
1.650273786845488000e+15,1.779417713947353263e-01
1.650273786847378500e+15,1.779417713947352986e-01
1.650273786849269250e+15,1.779417713947353263e-01
1.650273786851160000e+15,1.779417713947353263e-01
1.650273786853050500e+15,1.779417713947353263e-01
1.650273786854941250e+15,1.779417713947353263e-01
1.650273786856831750e+15,1.779417713947353263e-01
1.650273786858722500e+15,1.750931079272742275e-01
1.650273786860613000e+15,1.715088162232907554e-01
1.650273786862503750e+15,1.679240505320414578e-01
1.650273786864394500e+15,1.643392848407921880e-01
1.650273786866285000e+15,1.607549931368087159e-01
1.650273786868175750e+15,1.595340019401066678e-01
1.650273786870066250e+15,1.595340019401067788e-01
1.650273786871957000e+15,1.595340019401069176e-01
1.650273786873847500e+15,1.595340019401070286e-01
1.650273786875738250e+15,1.595340019401071674e-01
1.650273786877628750e+15,1.595340019401073062e-01
1.650273786879519500e+15,1.595340019401074172e-01
1.650273786881410250e+15,1.603560826657514093e-01
1.650273786883300750e+15,1.615531892413954729e-01
1.650273786885191500e+15,1.627504541225903711e-01
1.650273786887082000e+15,1.639475606982344069e-01
1.650273786888972750e+15,1.651448255794293052e-01
1.650273786890863250e+15,1.663419321550733687e-01
1.650273786892754000e+15,1.675391970362682670e-01
1.650273786894644750e+15,1.687364619174631652e-01
1.650273786896535250e+15,1.699335684931072010e-01
1.650273786898426000e+15,1.711308333743021270e-01
1.650273786900316500e+15,1.718058482431921441e-01
1.650273786902207250e+15,1.718058482431921163e-01
1.650273786904097750e+15,1.718058482431921441e-01
1.650273786905988500e+15,1.718058482431921163e-01
1.650273786907879000e+15,1.718058482431921163e-01
1.650273786909769750e+15,1.718058482431921163e-01
1.650273786911660500e+15,1.718058482431921163e-01
1.650273786913551000e+15,1.711497528155180858e-01
1.650273786915441750e+15,1.691456939627318523e-01
1.650273786917332250e+15,1.671419000919438791e-01
1.650273786919223000e+15,1.651378412391576456e-01
1.650273786921113500e+15,1.631340473683696723e-01
1.650273786923004250e+15,1.611299885155834388e-01
1.650273786924895000e+15,1.595340019401065845e-01
1.650273786926785500e+15,1.595340019401065845e-01
1.650273786928676250e+15,1.595340019401065845e-01
1.650273786930566750e+15,1.595340019401065845e-01
1.650273786932457500e+15,1.595340019401065845e-01
1.650273786934348000e+15,1.595340019401065845e-01
1.650273786936238750e+15,1.595340019401065845e-01
1.650273786938129250e+15,1.595340019401065845e-01
1.650273786940020000e+15,1.595340019401065845e-01
1.650273786941910750e+15,1.595340019401066123e-01
1.650273786943801250e+15,1.595340019401065845e-01
1.650273786945692000e+15,1.595340019401065845e-01
1.650273786947582500e+15,1.595340019401065845e-01
1.650273786949473250e+15,1.595340019401065845e-01
1.650273786951363750e+15,1.595340019401065845e-01
1.650273786953254500e+15,1.595340019401065845e-01
1.650273786955145250e+15,1.595340019401065845e-01
1.650273786957035750e+15,1.595340019401065845e-01
1.650273786958926500e+15,1.589785037142239510e-01
1.650273786960817000e+15,1.577451867488321446e-01
1.650273786962707750e+15,1.565117066894222142e-01
1.650273786964598250e+15,1.552783897240304356e-01
1.650273786966489000e+15,1.540449096646204774e-01
1.650273786968379500e+15,1.528115926992286711e-01
1.650273786970270250e+15,1.515781126398187406e-01
1.650273786972161000e+15,1.503446325804087824e-01
1.650273786974051500e+15,1.491113156150169761e-01
1.650273786975942250e+15,1.478778355556070456e-01
1.650273786977832750e+15,1.477976878097533864e-01
1.650273786979723500e+15,1.488671966089034349e-01
1.650273786981614000e+15,1.499365639947520257e-01
1.650273786983504750e+15,1.510060727939020742e-01
1.650273786985395500e+15,1.520755815930521226e-01
1.650273786987286000e+15,1.531449489789007135e-01
1.650273786989176750e+15,1.542144577780507897e-01
1.650273786991067250e+15,1.552838251638993528e-01
1.650273786992958000e+15,1.563533339630494290e-01
1.650273786994848500e+15,1.574227013488979920e-01
1.650273786996739250e+15,1.584922101480480683e-01
1.650273786998629750e+15,1.594916057593061265e-01
1.650273787000520500e+15,1.578472861931835836e-01
1.650273787002411250e+15,1.562029666270609851e-01
1.650273787004301750e+15,1.545588644772502296e-01
1.650273787006192500e+15,1.529145449111276311e-01
1.650273787008083000e+15,1.512704427613168479e-01
1.650273787009973750e+15,1.496261231951943049e-01
1.650273787011864250e+15,1.479820210453834939e-01
1.650273787013755000e+15,1.472621556370228291e-01
1.650273787015645750e+15,1.472621556370228291e-01
1.650273787017536250e+15,1.472621556370228291e-01
1.650273787019427000e+15,1.472621556370228291e-01
1.650273787021317500e+15,1.472621556370228291e-01
1.650273787023208250e+15,1.472621556370228013e-01
1.650273787025098750e+15,1.472621556370226348e-01
1.650273787026989500e+15,1.472621556370224960e-01
1.650273787028880000e+15,1.472621556370223572e-01
1.650273787030770750e+15,1.472621556370221907e-01
1.650273787032661500e+15,1.472621556370220519e-01
1.650273787034552000e+15,1.472621556370219409e-01
1.650273787036442750e+15,1.472621556370219409e-01
1.650273787038333250e+15,1.472621556370219409e-01
1.650273787040224000e+15,1.472621556370219409e-01
1.650273787042114500e+15,1.472621556370219409e-01
1.650273787044005250e+15,1.472621556370219409e-01
1.650273787045896000e+15,1.472621556370219409e-01
1.650273787047786500e+15,1.472621556370219409e-01
1.650273787049677250e+15,1.454226413354383629e-01
1.650273787051567750e+15,1.434334511240019094e-01
1.650273787053458500e+15,1.414439978617573201e-01
1.650273787055349000e+15,1.394548076503208667e-01
1.650273787057239750e+15,1.374653543880762496e-01
1.650273787059130250e+15,1.354761641766398239e-01
1.650273787061021000e+15,1.354618465312235343e-01
1.650273787062911750e+15,1.360857506290336361e-01
1.650273787064802250e+15,1.367095722325824547e-01
1.650273787066693000e+15,1.373334763303925565e-01
1.650273787068583500e+15,1.379572979339414029e-01
1.650273787070474250e+15,1.385812020317515048e-01
1.650273787072364750e+15,1.392050236353003512e-01
1.650273787074255500e+15,1.398289277331104252e-01
1.650273787076146250e+15,1.404528318309205270e-01
1.650273787078036750e+15,1.410766534344693457e-01
1.650273787079927500e+15,1.411262324854787309e-01
1.650273787081818000e+15,1.411262324854787309e-01
1.650273787083708750e+15,1.411262324854787309e-01
1.650273787085599250e+15,1.411262324854787309e-01
1.650273787087490000e+15,1.411262324854787309e-01
1.650273787089380500e+15,1.411262324854787309e-01
1.650273787091271250e+15,1.407728505359034377e-01
1.650273787093162000e+15,1.399109905924535713e-01
1.650273787095052500e+15,1.390492446064205412e-01
1.650273787096943250e+15,1.381873846629706470e-01
1.650273787098833750e+15,1.373256386769376169e-01
1.650273787100724500e+15,1.364637787334877506e-01
1.650273787102615000e+15,1.356020327474546927e-01
1.650273787104505750e+15,1.351427283203747165e-01
1.650273787106396500e+15,1.356678967916425949e-01
1.650273787108287000e+15,1.361929958237367011e-01
1.650273787110177750e+15,1.367181642950045517e-01
1.650273787112068250e+15,1.372432633270986579e-01
1.650273787113959000e+15,1.377684317983665641e-01
1.650273787115849500e+15,1.382935308304606425e-01
1.650273787117740250e+15,1.388186993017285209e-01
1.650273787119630750e+15,1.393437983338226271e-01
1.650273787121521500e+15,1.398689668050904777e-01
1.650273787123412250e+15,1.403941352763583839e-01
1.650273787125302750e+15,1.409192343084524901e-01
1.650273787127193500e+15,1.404282483772273105e-01
1.650273787129084000e+15,1.392763156346264464e-01
1.650273787130974750e+15,1.381242305602690679e-01
1.650273787132865250e+15,1.369722978176682038e-01
1.650273787134756000e+15,1.358202127433108530e-01
1.650273787136646750e+15,1.348407716603386153e-01
1.650273787138537250e+15,1.343061126117586490e-01
1.650273787140428000e+15,1.337713828597869026e-01
1.650273787142318500e+15,1.332367238112069641e-01
1.650273787144209250e+15,1.327019940592352176e-01
1.650273787146099750e+15,1.321673350106552514e-01
1.650273787147990500e+15,1.316326052586835327e-01
1.650273787149881000e+15,1.310979462101035942e-01
1.650273787151771750e+15,1.305632164581318477e-01
1.650273787153662500e+15,1.300284867061601290e-01
1.650273787155553000e+15,1.294938276575801628e-01
1.650273787157443750e+15,1.289590979056084163e-01
1.650273787159334250e+15,1.288543861823940873e-01
1.650273787161225000e+15,1.288543861823940873e-01
1.650273787163115500e+15,1.288543861823940873e-01
1.650273787165006250e+15,1.288543861823940873e-01
1.650273787166897000e+15,1.288543861823940873e-01
1.650273787168787500e+15,1.288543861823940873e-01
1.650273787170678250e+15,1.288543861823940873e-01
1.650273787172568750e+15,1.288543861823940873e-01
1.650273787174459500e+15,1.288543861823941150e-01
1.650273787176350000e+15,1.288543861823940873e-01
1.650273787178240750e+15,1.288543861823941150e-01
1.650273787180131250e+15,1.288543861823941150e-01
1.650273787182022000e+15,1.288543861823941150e-01
1.650273787183912750e+15,1.288543861823941150e-01
1.650273787185803250e+15,1.288543861823941150e-01
1.650273787187694000e+15,1.288543861823941150e-01
1.650273787189584500e+15,1.288543861823941150e-01
1.650273787191475250e+15,1.288543861823941150e-01
1.650273787193365750e+15,1.288543861823941150e-01
1.650273787195256500e+15,1.288543861823941150e-01
1.650273787197147250e+15,1.288543861823941150e-01
1.650273787199037750e+15,1.288543861823940873e-01
1.650273787200928500e+15,1.288543861823940873e-01
1.650273787202819000e+15,1.288543861823941150e-01
1.650273787204709750e+15,1.288543861823940873e-01
1.650273787206600250e+15,1.288543861823940873e-01
1.650273787208491000e+15,1.288543861823940873e-01
1.650273787210381500e+15,1.288543861823940873e-01
1.650273787212272250e+15,1.288543861823940873e-01
1.650273787214163000e+15,1.288543861823940873e-01
1.650273787216053500e+15,1.288543861823941150e-01
1.650273787217944250e+15,1.287068329705398084e-01
1.650273787219834750e+15,1.281787698432128308e-01
1.650273787221725500e+15,1.276506368847396267e-01
1.650273787223616000e+15,1.271225737574126491e-01
1.650273787225506750e+15,1.265944407989394449e-01
1.650273787227397500e+15,1.260663078404662685e-01
1.650273787229288000e+15,1.255382447131392354e-01
1.650273787231178750e+15,1.250101117546660590e-01
1.650273787233069250e+15,1.244820486273390536e-01
1.650273787234960000e+15,1.239539156688658772e-01
1.650273787236850500e+15,1.234258525415388719e-01
1.650273787238741250e+15,1.228977195830656816e-01
1.650273787240631750e+15,1.227184630308508911e-01
1.650273787242522500e+15,1.227184630308508773e-01
1.650273787244413250e+15,1.227184630308508773e-01
1.650273787246303750e+15,1.227184630308508773e-01
1.650273787248194500e+15,1.227184630308508773e-01
1.650273787250085000e+15,1.227184630308508911e-01
1.650273787251975750e+15,1.227184630308508773e-01
1.650273787253866250e+15,1.227184630308508773e-01
1.650273787255757000e+15,1.227184630308508911e-01
1.650273787257647750e+15,1.227184630308508911e-01
1.650273787259538250e+15,1.227184630308508773e-01
1.650273787261429000e+15,1.227184630308508911e-01
1.650273787263319500e+15,1.227184630308508911e-01
1.650273787265210250e+15,1.227184630308508911e-01
1.650273787267100750e+15,1.227184630308508773e-01
1.650273787268991500e+15,1.227184630308508911e-01
1.650273787270882000e+15,1.227184630308508911e-01
1.650273787272772750e+15,1.227184630308508773e-01
1.650273787274663500e+15,1.227184630308508911e-01
1.650273787276554000e+15,1.220441031926743358e-01
1.650273787278444750e+15,1.208602165965440706e-01
1.650273787280335250e+15,1.196764865370521791e-01
1.650273787282226000e+15,1.184925999409219000e-01
1.650273787284116500e+15,1.173088698814299946e-01
1.650273787286007250e+15,1.161249832852997294e-01
1.650273787287898000e+15,1.149410966891694502e-01
1.650273787289788500e+15,1.137573666296775587e-01
1.650273787291679250e+15,1.125734800335472935e-01
1.650273787293569750e+15,1.113897499740554020e-01
1.650273787295460500e+15,1.106478417225863209e-01
1.650273787297351000e+15,1.116372197530345750e-01
1.650273787299241750e+15,1.126267286189801264e-01
1.650273787301132250e+15,1.136161066494284083e-01
1.650273787303023000e+15,1.146056155153739597e-01
1.650273787304913750e+15,1.155951243813195251e-01
1.650273787306804250e+15,1.165845024117677931e-01
1.650273787308695000e+15,1.175740112777133445e-01
1.650273787310585500e+15,1.185633893081615986e-01
1.650273787312476250e+15,1.195528981741071778e-01
1.650273787314366750e+15,1.205422762045554319e-01
1.650273787316257500e+15,1.215317850705009972e-01
1.650273787318148250e+15,1.225212939364465486e-01
1.650273787320038750e+15,1.213832723932245922e-01
1.650273787321929500e+15,1.197155520311490307e-01
1.650273787323820000e+15,1.180480521795008175e-01
1.650273787325710750e+15,1.163803318174252699e-01
1.650273787327601250e+15,1.147128319657770568e-01
1.650273787329492000e+15,1.130451116037014814e-01
1.650273787331382500e+15,1.113776117520532821e-01
1.650273787333273250e+15,1.104466167277662336e-01
1.650273787335164000e+15,1.104466167277662336e-01
1.650273787337054500e+15,1.104466167277662475e-01
1.650273787338945250e+15,1.104466167277662336e-01
1.650273787340835750e+15,1.104466167277662336e-01
1.650273787342726500e+15,1.104466167277662336e-01
1.650273787344617000e+15,1.104466167277662336e-01
1.650273787346507750e+15,1.104466167277662336e-01
1.650273787348398500e+15,1.104466167277662336e-01
1.650273787350289000e+15,1.104466167277662336e-01
1.650273787352179750e+15,1.096990941298690292e-01
1.650273787354070250e+15,1.081575708450862178e-01
1.650273787355961000e+15,1.066158437090358874e-01
1.650273787357851500e+15,1.050743204242530621e-01
1.650273787359742250e+15,1.035325932882027317e-01
1.650273787361632750e+15,1.019910700034199064e-01
1.650273787363523500e+15,1.004493428673695898e-01
1.650273787365414250e+15,9.890761573131925943e-02
1.650273787367304750e+15,1.001228981972379917e-01
1.650273787369195500e+15,1.038369618079877654e-01
1.650273787371086000e+15,1.075505343353564680e-01
1.650273787372976750e+15,1.112645979461062418e-01
1.650273787374867250e+15,1.149781704734749582e-01
1.650273787376758000e+15,1.145175241441713926e-01
1.650273787378648750e+15,1.108821158562658116e-01
1.650273787380539250e+15,1.072471882517250369e-01
1.650273787382430000e+15,1.036117799638194559e-01
1.650273787384320500e+15,9.997685235927868119e-02
1.650273787386211250e+15,9.634144407137311406e-02
1.650273787388101750e+15,9.270651646683231162e-02
1.650273787389992500e+15,9.305693890274478741e-02
1.650273787391883000e+15,9.430391151419233176e-02
1.650273787393773750e+15,9.555104902548269830e-02
1.650273787395664500e+15,9.679818653677307871e-02
1.650273787397555000e+15,9.804515914822062306e-02
1.650273787399445750e+15,9.929229665951097572e-02
1.650273787401336250e+15,1.005392692709585201e-01
1.650273787403227000e+15,1.017864067822488866e-01
1.650273787405117500e+15,1.030333793936964309e-01
1.650273787407008250e+15,1.042805169049867836e-01
1.650273787408899000e+15,9.904113040418532909e-02
1.650273787410789500e+15,9.364161323522118829e-02
1.650273787412680250e+15,8.824138203330690600e-02
1.650273787414570750e+15,8.284186486434275132e-02
1.650273787416461500e+15,7.744163366242846902e-02
1.650273787418352000e+15,7.204211649346431434e-02
1.650273787420242750e+15,6.792864994716449334e-02
1.650273787422133500e+15,7.067218534810550123e-02
1.650273787424024000e+15,7.341535799148986297e-02
1.650273787425914750e+15,7.615889339243087086e-02
1.650273787427805250e+15,7.890206603581521871e-02
1.650273787429696000e+15,8.164560143675622661e-02
1.650273787431586500e+15,8.438877408014058834e-02
1.650273787433477250e+15,8.382075294300604662e-02
1.650273787435367750e+15,7.917472802341393723e-02
1.650273787437258500e+15,7.452808871279834046e-02
1.650273787439149250e+15,6.988144940218274370e-02
1.650273787441039750e+15,6.523542448259064819e-02
1.650273787442930500e+15,6.170014634183326047e-02
1.650273787444821000e+15,6.375596605259828409e-02
1.650273787446711750e+15,6.581205762526633196e-02
1.650273787448602250e+15,6.786787733603134865e-02
1.650273787450493000e+15,6.992396890869939652e-02
1.650273787452383750e+15,7.198006048136745827e-02
1.650273787454274250e+15,7.342156604148231125e-02
1.650273787456165000e+15,7.235740380530741866e-02
1.650273787458055500e+15,7.129338227549722462e-02
1.650273787459946250e+15,7.022922003932233204e-02
1.650273787461836750e+15,6.916519850951213799e-02
1.650273787463727500e+15,6.810103627333724541e-02
1.650273787465618000e+15,6.703701474352705136e-02
1.650273787467508750e+15,6.597285250735215878e-02
1.650273787469399500e+15,6.490869027117726620e-02
1.650273787471290000e+15,6.384466874136707215e-02
1.650273787473180750e+15,6.278050650519217957e-02
1.650273787475071250e+15,6.171648497538199246e-02
1.650273787476962000e+15,5.942116550804810160e-02
1.650273787478852500e+15,5.650403669678404073e-02
1.650273787480743250e+15,5.358652212397391201e-02
1.650273787482634000e+15,5.066900755116378330e-02
1.650273787484524500e+15,4.775187873989970855e-02
1.650273787486415250e+15,4.483436416708957983e-02
1.650273787488305750e+15,4.191723535582550508e-02
1.650273787490196500e+15,3.899972078301538331e-02
1.650273787492087000e+15,3.712526935526790084e-02
1.650273787493977750e+15,3.835815954642406156e-02
1.650273787495868250e+15,3.959088672155600813e-02
1.650273787497759000e+15,4.082377691271216885e-02
1.650273787499649750e+15,4.205666710386832263e-02
1.650273787501540250e+15,4.328939427900027614e-02
1.650273787503431000e+15,4.452228447015643686e-02
1.650273787505321500e+15,4.575501164528838344e-02
1.650273787507212250e+15,4.698790183644454416e-02
1.650273787509102750e+15,4.822062901157649073e-02
1.650273787510993500e+15,4.908738521234038560e-02
1.650273787512884250e+15,4.908738521234037866e-02
1.650273787514774750e+15,4.908738521234037866e-02
1.650273787516665500e+15,4.908738521234037866e-02
1.650273787518556000e+15,4.908738521234037866e-02
1.650273787520446750e+15,4.873596625917665098e-02
1.650273787522337250e+15,4.800810262624757158e-02
1.650273787524228000e+15,4.728014274052386168e-02
1.650273787526118500e+15,4.655227910759478227e-02
1.650273787528009250e+15,4.582431922187107931e-02
1.650273787529900000e+15,4.509635933614736941e-02
1.650273787531790500e+15,4.436849570321829000e-02
1.650273787533681250e+15,4.364053581749458705e-02
1.650273787535571750e+15,4.289299844650656945e-02
1.650273787537462500e+15,4.179582644926992108e-02
1.650273787539353000e+15,4.069879952303648296e-02
1.650273787541243750e+15,3.960162752579983458e-02
1.650273787543134500e+15,3.850445552856318621e-02
1.650273787545025000e+15,3.740742860232975503e-02
1.650273787546915750e+15,3.681553890925488848e-02
1.650273787548806250e+15,3.681553890925497868e-02
1.650273787550697000e+15,3.681553890925506889e-02
1.650273787552587500e+15,3.681553890925516603e-02
1.650273787554478250e+15,3.681553890925524930e-02
1.650273787556368750e+15,3.681553890925534644e-02
1.650273787558259500e+15,3.681553890925542971e-02
1.650273787560150250e+15,3.681553890925551992e-02
1.650273787562040750e+15,3.681553890925561012e-02
1.650273787563931500e+15,3.681553890925570033e-02
1.650273787565822000e+15,3.681553890925565869e-02
1.650273787567712750e+15,3.681553890925561012e-02
1.650273787569603250e+15,3.681553890925555461e-02
1.650273787571494000e+15,3.681553890925549910e-02
1.650273787573384750e+15,3.681553890925544359e-02
1.650273787575275250e+15,3.681553890925538808e-02
1.650273787577166000e+15,3.681553890925533951e-02
1.650273787579056500e+15,3.681553890925529093e-02
1.650273787580947250e+15,3.681553890925523542e-02
1.650273787582837750e+15,3.681553890925517991e-02
1.650273787584728500e+15,3.681553890925513134e-02
1.650273787586619000e+15,3.681553890925507583e-02
1.650273787588509750e+15,3.681553890925502726e-02
1.650273787590400500e+15,3.681553890925497174e-02
1.650273787592291000e+15,3.681553890925491623e-02
1.650273787594181750e+15,3.681553890925486766e-02
1.650273787596072250e+15,3.681553890925483297e-02
1.650273787597963000e+15,3.681553890925495093e-02
1.650273787599853500e+15,3.681553890925505501e-02
1.650273787601744250e+15,3.681553890925516603e-02
1.650273787603635000e+15,3.681553890925527706e-02
1.650273787605525500e+15,3.681553890925538808e-02
1.650273787607416250e+15,3.681553890925550604e-02
1.650273787609306750e+15,3.681553890925561012e-02
1.650273787611197500e+15,3.657337200759853968e-02
1.650273787613088000e+15,3.540696047235555172e-02
1.650273787614978750e+15,3.424039469067838293e-02
1.650273787616869250e+15,3.307398315543538803e-02
1.650273787618760000e+15,3.190741737375821924e-02
1.650273787620650750e+15,3.074085159208105392e-02
1.650273787622541250e+15,2.957444005683806248e-02
1.650273787624432000e+15,2.840787427516089717e-02
1.650273787626322500e+15,2.724146273991790573e-02
1.650273787628213250e+15,2.607489695824073694e-02
1.650273787630103750e+15,2.490848542299774551e-02
1.650273787631994500e+15,2.527535273972035187e-02
1.650273787633885250e+15,2.633990556581492642e-02
1.650273787635775750e+15,2.740431763389996472e-02
1.650273787637666500e+15,2.846887045999453580e-02
1.650273787639557000e+15,2.953328252807957757e-02
1.650273787641447750e+15,3.059783535417414518e-02
1.650273787643338250e+15,2.981600931575858343e-02
1.650273787645229000e+15,2.888040474327643187e-02
1.650273787647119500e+15,2.794492387892234114e-02
1.650273787649010250e+15,2.700931930644018958e-02
1.650273787650901000e+15,2.607371473395804148e-02
1.650273787652791500e+15,2.513823386960394729e-02
1.650273787654682250e+15,2.454369260617022749e-02
1.650273787656572750e+15,2.454369260617022402e-02
1.650273787658463500e+15,2.454369260617022055e-02
1.650273787660354000e+15,2.454369260617021709e-02
1.650273787662244750e+15,2.454369260617021015e-02
1.650273787664135500e+15,2.454369260617020321e-02
1.650273787666026000e+15,2.454369260617019627e-02
1.650273787667916750e+15,2.454369260617019280e-02
1.650273787669807250e+15,2.454369260617018933e-02
1.650273787671698000e+15,2.454369260617018239e-02
1.650273787673588500e+15,2.454369260617017892e-02
1.650273787675479250e+15,2.270627142142254279e-02
1.650273787677369750e+15,2.055574069876945492e-02
1.650273787679260500e+15,1.840492558961508845e-02
1.650273787681151250e+15,1.625411048046072199e-02
1.650273787683041750e+15,1.410357975780763412e-02
1.650273787684932500e+15,1.240705400519540383e-02
1.650273787686823000e+15,1.331832017574340228e-02
1.650273787688713750e+15,1.422970685226476392e-02
1.650273787690604250e+15,1.514097302281276064e-02
1.650273787692495000e+15,1.605235969933412055e-02
1.650273787694385750e+15,1.696374637585548045e-02
1.650273787696276250e+15,1.787501254640348064e-02
1.650273787698167000e+15,1.878639922292484055e-02
1.650273787700057500e+15,1.969766539347283726e-02
1.650273787701948250e+15,2.060905206999419717e-02
1.650273787703838750e+15,2.152031824054219736e-02
1.650273787705729500e+15,2.243170491706355726e-02
1.650273787707620000e+15,2.334297108761155745e-02
1.650273787709510750e+15,2.425435776413291736e-02
1.650273787711401500e+15,2.382055024753397185e-02
1.650273787713292000e+15,2.276119292168992531e-02
1.650273787715182750e+15,2.170169550627620153e-02
1.650273787717073250e+15,2.064233818043215499e-02
1.650273787718964000e+15,1.958284076501843815e-02
1.650273787720854500e+15,1.852348343917438814e-02
1.650273787722745250e+15,1.793617921240817092e-02
1.650273787724636000e+15,1.740676894049171530e-02
1.650273787726526500e+15,1.687742866861121488e-02
1.650273787728417250e+15,1.634801839669476273e-02
1.650273787730307750e+15,1.581867812481426230e-02
1.650273787732198500e+15,1.528926785289780842e-02
1.650273787734089000e+15,1.475992758101730626e-02
1.650273787735979750e+15,1.423051730910085411e-02
1.650273787737870250e+15,1.370117703722035195e-02
1.650273787739761000e+15,1.317176676530389806e-02
1.650273787741651750e+15,1.264235649338744417e-02
1.650273787743542250e+15,1.227184630308543814e-02
1.650273787745433000e+15,1.227184630308530283e-02
1.650273787747323500e+15,1.227184630308516752e-02
1.650273787749214250e+15,1.227184630308503395e-02
1.650273787751104750e+15,1.227184630308489691e-02
1.650273787752995500e+15,1.227184630308476333e-02
1.650273787754886250e+15,1.227184630308465405e-02
1.650273787756776750e+15,1.227184630308473384e-02
1.650273787758667500e+15,1.227184630308481884e-02
1.650273787760558000e+15,1.227184630308490038e-02
1.650273787762448750e+15,1.227184630308498364e-02
1.650273787764339250e+15,1.227184630308506517e-02
1.650273787766230000e+15,1.227184630308514844e-02
1.650273787768120500e+15,1.227184630308523171e-02
1.650273787770011250e+15,1.227184630308531324e-02
1.650273787771902000e+15,1.227184630308539651e-02
1.650273787773792500e+15,1.227184630308547977e-02
1.650273787775683250e+15,1.227184630308553182e-02
1.650273787777573750e+15,1.227184630308553182e-02
1.650273787779464500e+15,1.227184630308553182e-02
1.650273787781355000e+15,1.227184630308553008e-02
1.650273787783245750e+15,1.227184630308553008e-02
1.650273787785136500e+15,1.227184630308553182e-02
1.650273787787027000e+15,1.227184630308553008e-02
1.650273787788917750e+15,1.227184630308553182e-02
1.650273787790808250e+15,1.335279002824804259e-02
1.650273787792699000e+15,1.448996868917502498e-02
1.650273787794589500e+15,1.562699698931119263e-02
1.650273787796480250e+15,1.676417565023817502e-02
1.650273787798370750e+15,1.790120395037434614e-02
1.650273787800261500e+15,1.840776945462702097e-02
1.650273787802152250e+15,1.840776945462702097e-02
1.650273787804042750e+15,1.840776945462702097e-02
1.650273787805933500e+15,1.840776945462702097e-02
1.650273787807824000e+15,1.840776945462702097e-02
1.650273787809714750e+15,1.840776945462702097e-02
1.650273787811605250e+15,1.840776945462701750e-02
1.650273787813496000e+15,1.786927581251193317e-02
1.650273787815386750e+15,1.730892531508259474e-02
1.650273787817277250e+15,1.674864890868822329e-02
1.650273787819168000e+15,1.618829841125888833e-02
1.650273787821058500e+15,1.562802200486451687e-02
1.650273787822949250e+15,1.506767150743518191e-02
1.650273787824839750e+15,1.450739510104081045e-02
1.650273787826730500e+15,1.394704460361147202e-02
1.650273787828621000e+15,1.338676819721710230e-02
1.650273787830511750e+15,1.282641769978776561e-02
1.650273787832402500e+15,1.228217703192819449e-02
1.650273787834293000e+15,1.328372794869478631e-02
1.650273787836183750e+15,1.428541131070294734e-02
1.650273787838074250e+15,1.528696222746953916e-02
1.650273787839965000e+15,1.628864558947770366e-02
1.650273787841855500e+15,1.729019650624429028e-02
1.650273787843746250e+15,1.829187986825245651e-02
1.650273787845637000e+15,1.840776945462785363e-02
1.650273787847527500e+15,1.840776945462785363e-02
1.650273787849418250e+15,1.840776945462785363e-02
1.650273787851308750e+15,1.840776945462785363e-02
1.650273787853199500e+15,1.840776945462785363e-02
1.650273787855090000e+15,1.840776945462785363e-02
1.650273787856980750e+15,1.840776945462785363e-02
1.650273787858871250e+15,1.840776945462785363e-02
1.650273787860762000e+15,1.840776945462785363e-02
1.650273787862652750e+15,1.840776945462785363e-02
1.650273787864543250e+15,1.840776945462785016e-02
1.650273787866434000e+15,1.840776945462785363e-02
1.650273787868324500e+15,1.840776945462785363e-02
1.650273787870215250e+15,1.840776945462785363e-02
1.650273787872105750e+15,1.840776945462785363e-02
1.650273787873996500e+15,1.840776945462785363e-02
1.650273787875887250e+15,1.840776945462785363e-02
1.650273787877777750e+15,1.840776945462785363e-02
1.650273787879668500e+15,1.840776945462785363e-02
1.650273787881559000e+15,1.937334625331869550e-02
1.650273787883449750e+15,2.253193506322303738e-02
1.650273787885340250e+15,2.569010623610372412e-02
1.650273787887231000e+15,2.884869504600806600e-02
1.650273787889121500e+15,3.087726388031136054e-02
1.650273787891012250e+15,3.134762660882465385e-02
1.650273787892903000e+15,3.181798933733794715e-02
1.650273787894793500e+15,3.228828987323871524e-02
1.650273787896684250e+15,3.275865260175200855e-02
1.650273787898574750e+15,3.322895313765276970e-02
1.650273787900465500e+15,3.369931586616606300e-02
1.650273787902356000e+15,3.416961640206683110e-02
1.650273787904246750e+15,3.463997913058011746e-02
1.650273787906137500e+15,3.511034185909341077e-02
1.650273787908028000e+15,3.558064239499417886e-02
1.650273787909918750e+15,3.605100512350747216e-02
1.650273787911809250e+15,3.652130565940824025e-02
1.650273787913700000e+15,3.594311525401075458e-02
1.650273787915590500e+15,3.361357158135454964e-02
1.650273787917481250e+15,3.128371984949805673e-02
1.650273787919371750e+15,2.895417617684185874e-02
1.650273787921262500e+15,2.662432444498535541e-02
1.650273787923153250e+15,2.478384557325285023e-02
1.650273787925043750e+15,2.702863758447504594e-02
1.650273787926934500e+15,2.927372644732528090e-02
1.650273787928825000e+15,3.151851845854748008e-02
1.650273787930715750e+15,3.376360732139771503e-02
1.650273787932606250e+15,3.600839933261991421e-02
1.650273787934497000e+15,3.832357630673515619e-02
1.650273787936387750e+15,4.067809464636021333e-02
1.650273787938278250e+15,4.303230166530040701e-02
1.650273787940169000e+15,4.538682000492547108e-02
1.650273787942059500e+15,4.774102702386565783e-02
1.650273787943950250e+15,5.009554536349072190e-02
1.650273787945840750e+15,5.244975238243091559e-02
1.650273787947731500e+15,5.480427072205597272e-02
1.650273787949622000e+15,5.522330836388274905e-02
1.650273787951512750e+15,5.522330836388283926e-02
1.650273787953403500e+15,5.522330836388293640e-02
1.650273787955294000e+15,5.522330836388302661e-02
1.650273787957184750e+15,5.522330836388311681e-02
1.650273787959075250e+15,5.522330836388321396e-02
1.650273787960966000e+15,5.522330836388331110e-02
1.650273787962856500e+15,5.522330836388339437e-02
1.650273787964747250e+15,5.522330836388348457e-02
1.650273787966638000e+15,5.522330836388358172e-02
1.650273787968528500e+15,5.522330836388361641e-02
1.650273787970419250e+15,5.522330836388360947e-02
1.650273787972309750e+15,5.522330836388361641e-02
1.650273787974200500e+15,5.522330836388360947e-02
1.650273787976091000e+15,5.522330836388361641e-02
1.650273787977981750e+15,5.522330836388361641e-02
1.650273787979872250e+15,5.522330836388361641e-02
1.650273787981763000e+15,5.522330836388361641e-02
1.650273787983653750e+15,5.522330836388361641e-02
1.650273787985544250e+15,5.522330836388360947e-02
1.650273787987435000e+15,5.522330836388360947e-02
1.650273787989325500e+15,5.526084248711064795e-02
1.650273787991216250e+15,5.623970653526934316e-02
1.650273787993106750e+15,5.721844115541691034e-02
1.650273787994997500e+15,5.819730520357560555e-02
1.650273787996888250e+15,5.917616925173430076e-02
1.650273787998778750e+15,6.015490387188186794e-02
1.650273788000669500e+15,6.113376792004056315e-02
1.650273788002560000e+15,6.135923151542508475e-02
1.650273788004450750e+15,6.135923151542520271e-02
1.650273788006341250e+15,6.135923151542532761e-02
1.650273788008232000e+15,6.135923151542544557e-02
1.650273788010122500e+15,6.135923151542556353e-02
1.650273788012013250e+15,6.135923151542568149e-02
1.650273788013904000e+15,6.135923151542579251e-02
1.650273788015794500e+15,6.172478263071703997e-02
1.650273788017685250e+15,6.292576572582871119e-02
1.650273788019575750e+15,6.412659002375735440e-02
1.650273788021466500e+15,6.532757311886901175e-02
1.650273788023357000e+15,6.652839741679766883e-02
1.650273788025247750e+15,6.789026890116557633e-02
1.650273788027138500e+15,6.991620039488401217e-02
1.650273788029029000e+15,7.194186401454535917e-02
1.650273788030919750e+15,7.396779550826379501e-02
1.650273788032810250e+15,7.599345912792512814e-02
1.650273788034701000e+15,7.801939062164356398e-02
1.650273788036591500e+15,7.953465425214453766e-02
1.650273788038482250e+15,7.784174651848356496e-02
1.650273788040372750e+15,7.614906262559131833e-02
1.650273788042263500e+15,7.445615489193034564e-02
1.650273788044154250e+15,7.276324715826937295e-02
1.650273788046044750e+15,7.107056326537711244e-02
1.650273788047935500e+15,6.937765553171613975e-02
1.650273788049826000e+15,6.768497163882387924e-02
1.650273788051716750e+15,7.194918219247338487e-02
1.650273788053607250e+15,7.696502078485911724e-02
1.650273788055498000e+15,8.198152267248319525e-02
1.650273788057388750e+15,8.629737973732587442e-02
1.650273788059279250e+15,8.810408680344089527e-02
1.650273788061170000e+15,8.991103278876594329e-02
1.650273788063060500e+15,9.171773985488099190e-02
1.650273788064951250e+15,9.352468584020603992e-02
1.650273788066841750e+15,9.533139290632108853e-02
1.650273788068732500e+15,9.713833889164612267e-02
1.650273788070623000e+15,9.780802559263450380e-02
1.650273788072513750e+15,9.694769954897287934e-02
1.650273788074404500e+15,9.608737350531126875e-02
1.650273788076295000e+15,9.522716121625016128e-02
1.650273788078185750e+15,9.436683517258853682e-02
1.650273788080076250e+15,9.350662288352745710e-02
1.650273788081967000e+15,9.264629683986583264e-02
1.650273788083857500e+15,9.185597773557382939e-02
1.650273788085748250e+15,9.123354645177210454e-02
1.650273788087639000e+15,9.061111516797040744e-02
1.650273788089529500e+15,8.998876618369054670e-02
1.650273788091420250e+15,8.936633489988882184e-02
1.650273788093310750e+15,8.874398591560896110e-02
1.650273788095201500e+15,8.812155463180723625e-02
1.650273788097092000e+15,8.749920564752737551e-02
1.650273788098982750e+15,8.687677436372566453e-02
1.650273788100873250e+15,8.625442537944580379e-02
1.650273788102764000e+15,8.629107667760842204e-02
1.650273788104654750e+15,8.718281354915186077e-02
1.650273788106545250e+15,8.807443251287148944e-02
1.650273788108436000e+15,8.896616938441492817e-02
1.650273788110326500e+15,8.985778834813455684e-02
1.650273788112217250e+15,9.074952521967800945e-02
1.650273788114107750e+15,9.164114418339763812e-02
1.650273788115998500e+15,9.235213346446505267e-02
1.650273788117889250e+15,9.291761877830678751e-02
1.650273788119779750e+15,9.348302932217446293e-02
1.650273788121670500e+15,9.404851463601618389e-02
1.650273788123561000e+15,9.461392517988385931e-02
1.650273788125451750e+15,9.517941049372560802e-02
1.650273788127342250e+15,9.574482103759326956e-02
1.650273788129233000e+15,9.631030635143501828e-02
1.650273788131123500e+15,9.687571689530267982e-02
1.650273788133014250e+15,9.744120220914441466e-02
1.650273788134905000e+15,9.800668752298616337e-02
1.650273788136795500e+15,1.006402748199395902e-01
1.650273788138686250e+15,1.041492341239182440e-01
1.650273788140576750e+15,1.076577294639535221e-01
1.650273788142467500e+15,1.111666887679321758e-01
1.650273788144358000e+15,1.146751841079674261e-01
1.650273788146248750e+15,1.181841434119460937e-01
1.650273788148139500e+15,1.216931027159247614e-01
1.650273788150030000e+15,1.208848123808895086e-01
1.650273788151920750e+15,1.182936502236277970e-01
1.650273788153811250e+15,1.157028306767266812e-01
1.650273788155702000e+15,1.131116685194649696e-01
1.650273788157592500e+15,1.105208489725638676e-01
1.650273788159483250e+15,1.079296868153021560e-01
1.650273788161373750e+15,1.053388672684010541e-01
1.650273788163264500e+15,1.043106935762231208e-01
1.650273788165155250e+15,1.043106935762232734e-01
1.650273788167045750e+15,1.043106935762234677e-01
1.650273788168936500e+15,1.043106935762236204e-01
1.650273788170827000e+15,1.043106935762238008e-01
1.650273788172717750e+15,1.050275721347370822e-01
1.650273788174608250e+15,1.070154840010651420e-01
1.650273788176499000e+15,1.090036587491528403e-01
1.650273788178389750e+15,1.109918334972405246e-01
1.650273788180280250e+15,1.129797453635685844e-01
1.650273788182171000e+15,1.149679201116562688e-01
1.650273788184061500e+15,1.169558319779843286e-01
1.650273788185952250e+15,1.189440067260719991e-01
1.650273788187842750e+15,1.209319185924000867e-01
1.650273788189733500e+15,1.229200933404877571e-01
1.650273788191624000e+15,1.249080052068158309e-01
1.650273788193514750e+15,1.268961799549035152e-01
1.650273788195405500e+15,1.288383794263458226e-01
1.650273788197296000e+15,1.277765979418615250e-01
1.650273788199186750e+15,1.267146760472364631e-01
1.650273788201077250e+15,1.256528945627521932e-01
1.650273788202968000e+15,1.245909726681271451e-01
1.650273788204858500e+15,1.235291911836428752e-01
1.650273788206749250e+15,1.229740074604559474e-01
1.650273788208640000e+15,1.240543218937160408e-01
1.650273788210530500e+15,1.251344934849249468e-01
1.650273788212421250e+15,1.262148079181850124e-01
1.650273788214311750e+15,1.272949795093939185e-01
1.650273788216202500e+15,1.283752939426539841e-01
1.650273788218093000e+15,1.283108537509842217e-01
1.650273788219983750e+15,1.273339678720030732e-01
1.650273788221874250e+15,1.263572111594742919e-01
1.650273788223765000e+15,1.253803252804931156e-01
1.650273788225655750e+15,1.244034394015119671e-01
1.650273788227546250e+15,1.234266826889831581e-01
1.650273788229437000e+15,1.227184630308509883e-01
1.650273788231327500e+15,1.227184630308509744e-01
1.650273788233218250e+15,1.227184630308509883e-01
1.650273788235108750e+15,1.227184630308509744e-01
1.650273788236999500e+15,1.227184630308509883e-01
1.650273788238890250e+15,1.227184630308509744e-01
1.650273788240780750e+15,1.227184630308509605e-01
1.650273788242671500e+15,1.227184630308509744e-01
1.650273788244562000e+15,1.227184630308509883e-01
1.650273788246452750e+15,1.227184630308509744e-01
1.650273788248343250e+15,1.227184630308509883e-01
1.650273788250234000e+15,1.231754750526354997e-01
1.650273788252124500e+15,1.241418970069795846e-01
1.650273788254015250e+15,1.251084467611060513e-01
1.650273788255906000e+15,1.260749965152325180e-01
1.650273788257796500e+15,1.270414184695766169e-01
1.650273788259687250e+15,1.280079682237030558e-01
1.650273788261577750e+15,1.288543861823940317e-01
1.650273788263468500e+15,1.288543861823940317e-01
1.650273788265359000e+15,1.288543861823940317e-01
1.650273788267249750e+15,1.288543861823940317e-01
1.650273788269140500e+15,1.288543861823940317e-01
1.650273788271031000e+15,1.288543861823940317e-01
1.650273788272921750e+15,1.288543861823940317e-01
1.650273788274812250e+15,1.288543861823940317e-01
1.650273788276703000e+15,1.288543861823940317e-01
1.650273788278593500e+15,1.288543861823940317e-01
1.650273788280484250e+15,1.291140875571233360e-01
1.650273788282374750e+15,1.295732556178441908e-01
1.650273788284265500e+15,1.300324843990174062e-01
1.650273788286156250e+15,1.304917131801905938e-01
1.650273788288046750e+15,1.309508812409114487e-01
1.650273788289937500e+15,1.314101100220846918e-01
1.650273788291828000e+15,1.318692780828055189e-01
1.650273788293718750e+15,1.323285068639787343e-01
1.650273788295609250e+15,1.327876749246995891e-01
1.650273788297500000e+15,1.332469037058727768e-01
1.650273788299390750e+15,1.337061324870459922e-01
1.650273788301281250e+15,1.341653005477668470e-01
1.650273788303172000e+15,1.346245293289400347e-01
1.650273788305062500e+15,1.344229743689807355e-01
1.650273788306953250e+15,1.316331470998261255e-01
1.650273788308843750e+15,1.288436887090622374e-01
1.650273788310734500e+15,1.260538614399075996e-01
1.650273788312625000e+15,1.232644030491437392e-01
1.650273788314515750e+15,1.234285463679415246e-01
1.650273788316406500e+15,1.243113936930140828e-01
1.650273788318297000e+15,1.251941242856623449e-01
1.650273788320187750e+15,1.260769716107348892e-01
1.650273788322078250e+15,1.269597022033831513e-01
1.650273788323969000e+15,1.278425495284557234e-01
1.650273788325859500e+15,1.287252801211040132e-01
1.650273788327750250e+15,1.309808168280304219e-01
1.650273788329641000e+15,1.334714773473047456e-01
1.650273788331531500e+15,1.359618085448126568e-01
1.650273788333422250e+15,1.384524690640869526e-01
1.650273788335312750e+15,1.409428002615948916e-01
1.650273788337203500e+15,1.434334607808691875e-01
1.650273788339094000e+15,1.459237919783771265e-01
1.650273788340984750e+15,1.472621556370219409e-01
1.650273788342875250e+15,1.472621556370219409e-01
1.650273788344766000e+15,1.472621556370219409e-01
1.650273788346656750e+15,1.472621556370219409e-01
1.650273788348547250e+15,1.477533366002886928e-01
1.650273788350438000e+15,1.482496360826115189e-01
1.650273788352328500e+15,1.487458699428951814e-01
1.650273788354219250e+15,1.492421694252180076e-01
1.650273788356109750e+15,1.497384032855016700e-01
1.650273788358000500e+15,1.502347027678245239e-01
1.650273788359891250e+15,1.507310022501473501e-01
1.650273788361781750e+15,1.512272361104310126e-01
1.650273788363672500e+15,1.517235355927538665e-01
1.650273788365563000e+15,1.522197694530375012e-01
1.650273788367453750e+15,1.527160689353603551e-01
1.650273788369344250e+15,1.532123027956440176e-01
1.650273788371235000e+15,1.531017529766653951e-01
1.650273788373125500e+15,1.526282077971262696e-01
1.650273788375016250e+15,1.521545999959024453e-01
1.650273788376907000e+15,1.516809921946786210e-01
1.650273788378797500e+15,1.512074470151394956e-01
1.650273788380688250e+15,1.507338392139156713e-01
1.650273788382578750e+15,1.502602940343765181e-01
1.650273788384469500e+15,1.497866862331527216e-01
1.650273788386360000e+15,1.493131410536135684e-01
1.650273788388250750e+15,1.488395332523897441e-01
1.650273788390141500e+15,1.483659254511659475e-01
1.650273788392032000e+15,1.478923802716268221e-01
1.650273788393922750e+15,1.474187724704029701e-01
1.650273788395813250e+15,1.492409517544788511e-01
1.650273788397704000e+15,1.521980027397241975e-01
1.650273788399594500e+15,1.551546627358137420e-01
1.650273788401485250e+15,1.581117137210590606e-01
1.650273788403375750e+15,1.610683737171486052e-01
1.650273788405266500e+15,1.640254247023939516e-01
1.650273788407157250e+15,1.656699250916497390e-01
1.650273788409047750e+15,1.656699250916496557e-01
1.650273788410938500e+15,1.656699250916495725e-01
1.650273788412829000e+15,1.656699250916494892e-01
1.650273788414719750e+15,1.656699250916494059e-01
1.650273788416610250e+15,1.656699250916492949e-01
1.650273788418501000e+15,1.656699250916492117e-01
1.650273788420391750e+15,1.656699250916491284e-01
1.650273788422282250e+15,1.656699250916490174e-01
1.650273788424173000e+15,1.656699250916489341e-01
1.650273788426063500e+15,1.656699250916489341e-01
1.650273788427954250e+15,1.656699250916489063e-01
1.650273788429844750e+15,1.656699250916489063e-01
1.650273788431735500e+15,1.656699250916489063e-01
1.650273788433626000e+15,1.656699250916489063e-01
1.650273788435516750e+15,1.656699250916489341e-01
1.650273788437407500e+15,1.656699250916489063e-01
1.650273788439298000e+15,1.656699250916489063e-01
1.650273788441188750e+15,1.656699250916489063e-01
1.650273788443079250e+15,1.671491389064419242e-01
1.650273788444970000e+15,1.696980780910578579e-01
1.650273788446860500e+15,1.722466802481470438e-01
1.650273788448751250e+15,1.747956194327630330e-01
1.650273788450642000e+15,1.773445586173789945e-01
1.650273788452532500e+15,1.757779540904000348e-01
1.650273788454423250e+15,1.729515378084170996e-01
1.650273788456313750e+15,1.701254952427216360e-01
1.650273788458204500e+15,1.672990789607387285e-01
1.650273788460095000e+15,1.644730363950432650e-01
1.650273788461985750e+15,1.616466201130603575e-01
1.650273788463876250e+15,1.595340019401065845e-01
1.650273788465767000e+15,1.595340019401065845e-01
1.650273788467657750e+15,1.595340019401065845e-01
1.650273788469548250e+15,1.595340019401065845e-01
1.650273788471439000e+15,1.595340019401065845e-01
1.650273788473329500e+15,1.595340019401065845e-01
1.650273788475220250e+15,1.601464965415165531e-01
1.650273788477110750e+15,1.612682413164892303e-01
1.650273788479001500e+15,1.623901344311571016e-01
1.650273788480892250e+15,1.635120275458249450e-01
1.650273788482782750e+15,1.646337723207976222e-01
1.650273788484673500e+15,1.658135222890581573e-01
1.650273788486564000e+15,1.676922108821410906e-01
1.650273788488454750e+15,1.695711479132818722e-01
1.650273788490345250e+15,1.714498365063648055e-01
1.650273788492236000e+15,1.733287735375055316e-01
1.650273788494126750e+15,1.752077105686462855e-01
1.650273788496017250e+15,1.770863991617292188e-01
1.650273788497908000e+15,1.779417713947343549e-01
1.650273788499798500e+15,1.779417713947343549e-01
1.650273788501689250e+15,1.779417713947343826e-01
1.650273788503579750e+15,1.779417713947343826e-01
1.650273788505470500e+15,1.779417713947343826e-01
1.650273788507361000e+15,1.779417713947343826e-01
1.650273788509251750e+15,1.779417713947344104e-01
1.650273788511142500e+15,1.779417713947344382e-01
1.650273788513033000e+15,1.779417713947344382e-01
1.650273788514923750e+15,1.779417713947344659e-01
1.650273788516814250e+15,1.774958747144927962e-01
1.650273788518705000e+15,1.764852913783622468e-01
1.650273788520595500e+15,1.754748416642515352e-01
1.650273788522486250e+15,1.744642583281209858e-01
1.650273788524377000e+15,1.734536749919904641e-01
1.650273788526267500e+15,1.724432252778797525e-01
1.650273788528158250e+15,1.714326419417492309e-01
1.650273788530048750e+15,1.704221922276385470e-01
1.650273788531939500e+15,1.694116088915079699e-01
1.650273788533830000e+15,1.684011591773973138e-01
1.650273788535720750e+15,1.673905758412667366e-01
1.650273788537611250e+15,1.663801261271560528e-01
1.650273788539502000e+15,1.664420100557143234e-01
1.650273788541392750e+15,1.690395539094597943e-01
1.650273788543283250e+15,1.716367543090397962e-01
1.650273788545174000e+15,1.742342981627852949e-01
1.650273788547064500e+15,1.768314985623652968e-01
1.650273788548955250e+15,1.794290424161107955e-01
1.650273788550845750e+15,1.820262428156907697e-01
1.650273788552736500e+15,1.841940771130916032e-01
1.650273788554627250e+15,1.847476628695824963e-01
1.650273788556517750e+15,1.853011754294905389e-01
1.650273788558408500e+15,1.858547611859814874e-01
1.650273788560299000e+15,1.864082737458894745e-01
1.650273788562189750e+15,1.869618595023804231e-01
1.650273788564080250e+15,1.875153720622884101e-01
1.650273788565971000e+15,1.880689578187793587e-01
1.650273788567861500e+15,1.886224703786874013e-01
1.650273788569752250e+15,1.891760561351783221e-01
1.650273788571643000e+15,1.897296418916692429e-01
1.650273788573533500e+15,1.902136176978199422e-01
1.650273788575424250e+15,1.902136176978197479e-01
1.650273788577314750e+15,1.902136176978195259e-01
1.650273788579205500e+15,1.902136176978193594e-01
1.650273788581096000e+15,1.902136176978191373e-01
1.650273788582986750e+15,1.889412486714541206e-01
1.650273788584877500e+15,1.872274593666636844e-01
1.650273788586768000e+15,1.855138966636589171e-01
1.650273788588658750e+15,1.838001073588684808e-01
1.650273788590549250e+15,1.820865446558637135e-01
1.650273788592440000e+15,1.803727553510732773e-01
1.650273788594330500e+15,1.786591926480685100e-01
1.650273788596221250e+15,1.814992152366821654e-01
1.650273788598111750e+15,1.876173390330909407e-01
1.650273788600002500e+15,1.937362718910967396e-01
1.650273788601893250e+15,1.998552047491025108e-01
1.650273788603783750e+15,2.059733285455113139e-01
1.650273788605674500e+15,2.120922614035170572e-01
1.650273788607565000e+15,2.162424027396695758e-01
1.650273788609455750e+15,2.188740227235144720e-01
1.650273788611346250e+15,2.215052947475572021e-01
1.650273788613237000e+15,2.241369147314021260e-01
1.650273788615127750e+15,2.267685347152470499e-01
1.650273788617018250e+15,2.253112292448885834e-01
1.650273788618909000e+15,2.234041861449001798e-01
1.650273788620799500e+15,2.214973951992288415e-01
1.650273788622690250e+15,2.195903520992404379e-01
1.650273788624580750e+15,2.176835611535690718e-01
1.650273788626471500e+15,2.157765180535806682e-01
1.650273788628362000e+15,2.138697271079093298e-01
1.650273788630252750e+15,2.119626840079209540e-01
1.650273788632143500e+15,2.100556409079325226e-01
1.650273788634034000e+15,2.081488499622611843e-01
1.650273788635924750e+15,2.062418068622727807e-01
1.650273788637815250e+15,2.043350159166014146e-01
1.650273788639706000e+15,2.025603350483509979e-01
1.650273788641596500e+15,2.050435581219896553e-01
1.650273788643487250e+15,2.075271095774153807e-01
1.650273788645378000e+15,2.100106610328410783e-01
1.650273788647268500e+15,2.124938841064797357e-01
1.650273788649159250e+15,2.149774355619054889e-01
1.650273788651049750e+15,2.174606586355441462e-01
1.650273788652940500e+15,2.199442100909698716e-01
1.650273788654831000e+15,2.208932334555316901e-01
1.650273788656721750e+15,2.208932334555319121e-01
1.650273788658612250e+15,2.208932334555320787e-01
1.650273788660503000e+15,2.208932334555323562e-01
1.650273788662393750e+15,2.208932334555325228e-01
1.650273788664284250e+15,2.208932334555325783e-01
1.650273788666175000e+15,2.208932334555325783e-01
1.650273788668065500e+15,2.208932334555325783e-01
1.650273788669956250e+15,2.208932334555325783e-01
1.650273788671846750e+15,2.208932334555325783e-01
1.650273788673737500e+15,2.208932334555325783e-01
1.650273788675628250e+15,2.208932334555325783e-01
1.650273788677518750e+15,2.208932334555325783e-01
1.650273788679409500e+15,2.208932334555325783e-01
1.650273788681300000e+15,2.208932334555325783e-01
1.650273788683190750e+15,2.208932334555326060e-01
1.650273788685081250e+15,2.208932334555326060e-01
1.650273788686972000e+15,2.208932334555324672e-01
1.650273788688862500e+15,2.208932334555323007e-01
1.650273788690753250e+15,2.208932334555321342e-01
1.650273788692644000e+15,2.208932334555319676e-01
1.650273788694534500e+15,2.208932334555318011e-01
1.650273788696425250e+15,2.208932334555316623e-01
1.650273788698315750e+15,2.214234264091893278e-01
1.650273788700206500e+15,2.221711141415245727e-01
1.650273788702097000e+15,2.229187030125967806e-01
1.650273788703987750e+15,2.236663907449319699e-01
1.650273788705878500e+15,2.244140784772671871e-01
1.650273788707769000e+15,2.251616673483393949e-01
1.650273788709659750e+15,2.259093550806746120e-01
1.650273788711550250e+15,2.266569439517467921e-01
1.650273788713441000e+15,2.274046316840820370e-01
1.650273788715331500e+15,2.281522205551542171e-01
1.650273788717222250e+15,2.288999082874894342e-01
1.650273788719112750e+15,2.296474971585616420e-01
1.650273788721003500e+15,2.303951848908968314e-01
1.650273788722894250e+15,2.311428726232320763e-01
1.650273788724784750e+15,2.318904614943042564e-01
1.650273788726675500e+15,2.326381492266394735e-01
1.650273788728566000e+15,2.328636053271158357e-01
1.650273788730456750e+15,2.318420770451067592e-01
1.650273788732347250e+15,2.308206838322874321e-01
1.650273788734238000e+15,2.297991555502783556e-01
1.650273788736128750e+15,2.287776272682693346e-01
1.650273788738019250e+15,2.277562340554499798e-01
1.650273788739910000e+15,2.272917461726501331e-01
1.650273788741800500e+15,2.282026187849776344e-01
1.650273788743691250e+15,2.291136118512343278e-01
1.650273788745581750e+15,2.300244844635618291e-01
1.650273788747472500e+15,2.309354775298184670e-01
1.650273788749363000e+15,2.318463501421459960e-01
1.650273788751253750e+15,2.327573432084026339e-01
1.650273788753144500e+15,2.325914929924492447e-01
1.650273788755035000e+15,2.315533256574161258e-01
1.650273788756925750e+15,2.305150210349808937e-01
1.650273788758816250e+15,2.294768536999478026e-01
1.650273788760707000e+15,2.284385490775125427e-01
1.650273788762597500e+15,2.274003817424794516e-01
1.650273788764488250e+15,2.263620771200441917e-01
1.650273788766379000e+15,2.253237724976089318e-01
1.650273788768269500e+15,2.242856051625758407e-01
1.650273788770160250e+15,2.232473005401406363e-01
1.650273788772050750e+15,2.222091332051075174e-01
1.650273788773941500e+15,2.211708285826722853e-01
1.650273788775832000e+15,2.249727215257228408e-01
1.650273788777722750e+15,2.305418854742527224e-01
1.650273788779613250e+15,2.361103130530948502e-01
1.650273788781504000e+15,2.416794770016247318e-01
1.650273788783394750e+15,2.472486409501545856e-01
1.650273788785285250e+15,2.528170685289967135e-01
1.650273788787176000e+15,2.575661954118052543e-01
1.650273788789066500e+15,2.563942748482721523e-01
1.650273788790957250e+15,2.552221993097902319e-01
1.650273788792847750e+15,2.540502787462571299e-01
1.650273788794738500e+15,2.528782032077752095e-01
1.650273788796629250e+15,2.517061276692932337e-01
1.650273788798519750e+15,2.505342071057601872e-01
1.650273788800410500e+15,2.493621315672782113e-01
1.650273788802301000e+15,2.481902110037451648e-01
1.650273788804191750e+15,2.470181354652631889e-01
1.650273788806082250e+15,2.458462149017301424e-01
1.650273788807973000e+15,2.446741393632481942e-01
1.650273788809863500e+15,2.435022187997151200e-01
1.650273788811754250e+15,2.423301432612331718e-01
1.650273788813645000e+15,2.411580677227511960e-01
1.650273788815535500e+15,2.399861471592181772e-01
1.650273788817426250e+15,2.388140716207362013e-01
1.650273788819316750e+15,2.376421510572031270e-01
1.650273788821207500e+15,2.364700755187211512e-01
1.650273788823098000e+15,2.352981549551881046e-01
1.650273788824988750e+15,2.341260794167061843e-01
1.650273788826879500e+15,2.348780738825037018e-01
1.650273788828770000e+15,2.443888386143904801e-01
1.650273788830660750e+15,2.539008610512140107e-01
1.650273788832551250e+15,2.634116257831008445e-01
1.650273788834442000e+15,2.695394023881538814e-01
1.650273788836332500e+15,2.681135572995924088e-01
1.650273788838223250e+15,2.666875236570652730e-01
1.650273788840113750e+15,2.652616785685038003e-01
1.650273788842004500e+15,2.638356449259766645e-01
1.650273788843895250e+15,2.624096112834495842e-01
1.650273788845785750e+15,2.609837661948881671e-01
1.650273788847676500e+15,2.595577325523609757e-01
1.650273788849567000e+15,2.581318874637995586e-01
1.650273788851457750e+15,2.602662618050015086e-01
1.650273788853348250e+15,2.639022338198352968e-01
1.650273788855239000e+15,2.675386866561467736e-01
1.650273788857129750e+15,2.711751394924583058e-01
1.650273788859020250e+15,2.748111115072921495e-01
1.650273788860911000e+15,2.761165418194151400e-01
1.650273788862801500e+15,2.761165418194151955e-01
1.650273788864692250e+15,2.761165418194153065e-01
1.650273788866582750e+15,2.761165418194153620e-01
1.650273788868473500e+15,2.761165418194154730e-01
1.650273788870364000e+15,2.761165418194155841e-01
1.650273788872254750e+15,2.761165418194156951e-01
1.650273788874145500e+15,2.761165418194157506e-01
1.650273788876036000e+15,2.761165418194158616e-01
1.650273788877926750e+15,2.761165418194159171e-01
1.650273788879817250e+15,2.765539439652361375e-01
1.650273788881708000e+15,2.778103330380949920e-01
1.650273788883598500e+15,2.790665559878449109e-01
1.650273788885489250e+15,2.803229450607037654e-01
1.650273788887380000e+15,2.815793341335625644e-01
1.650273788889270500e+15,2.828355570833125388e-01
1.650273788891161250e+15,2.840919461561713932e-01
1.650273788893051750e+15,2.853481691059213121e-01
1.650273788894942500e+15,2.866045581787801666e-01
1.650273788896833000e+15,2.878607811285300855e-01
1.650273788898723750e+15,2.891171702013888845e-01
1.650273788900614250e+15,2.903733931511388588e-01
1.650273788902505000e+15,2.916297822239977133e-01
1.650273788904395750e+15,2.928861712968565123e-01
1.650273788906286250e+15,2.941423942466064312e-01
1.650273788908177000e+15,2.936465120711481136e-01
1.650273788910067500e+15,2.923855094928252685e-01
1.650273788911958250e+15,2.911243401593346380e-01
1.650273788913848750e+15,2.898633375810117929e-01
1.650273788915739500e+15,2.886021682475212735e-01
1.650273788917630250e+15,2.873409989140306986e-01
1.650273788919520750e+15,2.860799963357078535e-01
1.650273788921411500e+15,2.848188270022172786e-01
1.650273788923302000e+15,2.835578244238944889e-01
1.650273788925192750e+15,2.822966550904039140e-01
1.650273788927083250e+15,2.796271523740060383e-01
1.650273788928974000e+15,2.769061383722598024e-01
1.650273788930864500e+15,2.741854841502309181e-01
1.650273788932755250e+15,2.714644701484847378e-01
1.650273788934646000e+15,2.687434561467385574e-01
1.650273788936536500e+15,2.660228019247096176e-01
1.650273788938427250e+15,2.644619282365276991e-01
1.650273788940317750e+15,2.675550454201797157e-01
1.650273788942208500e+15,2.706485716381062945e-01
1.650273788944099000e+15,2.737416888217583111e-01
1.650273788945989750e+15,2.768352150396848899e-01
1.650273788947880500e+15,2.799287412576114686e-01
1.650273788949771000e+15,2.830218584412635408e-01
1.650273788951661750e+15,2.861153846591900640e-01
1.650273788953552250e+15,2.883883881225006718e-01
1.650273788955443000e+15,2.883883881225007273e-01
1.650273788957333500e+15,2.883883881225006718e-01
1.650273788959224250e+15,2.883883881225006718e-01
1.650273788961114750e+15,2.883883881225006718e-01
1.650273788963005500e+15,2.883883881225006718e-01
1.650273788964896250e+15,2.883883881225006718e-01
1.650273788966786750e+15,2.883883881225006718e-01
1.650273788968677500e+15,2.883883881225006718e-01
1.650273788970568000e+15,2.883883881225006718e-01
1.650273788972458750e+15,2.883883881225006718e-01
1.650273788974349250e+15,2.881943665471392579e-01
1.650273788976240000e+15,2.876395895435633898e-01
1.650273788978130750e+15,2.870848125399875217e-01
1.650273788980021250e+15,2.865301088905044535e-01
1.650273788981912000e+15,2.859753318869285299e-01
1.650273788983802500e+15,2.854206282374454617e-01
1.650273788985693250e+15,2.848658512338695936e-01
1.650273788987583750e+15,2.843111475843864699e-01
1.650273788989474500e+15,2.837563705808106018e-01
1.650273788991365000e+15,2.832016669313274781e-01
1.650273788993255750e+15,2.826468899277516100e-01
1.650273788995146500e+15,2.831364584689332053e-01
1.650273788997037000e+15,2.861944451256970279e-01
1.650273788998927750e+15,2.892528361710692275e-01
1.650273789000818250e+15,2.923108228278331056e-01
1.650273789002709000e+15,2.953692138732053052e-01
1.650273789004599500e+15,2.984272005299691277e-01
1.650273789006490250e+15,3.009250897498450539e-01
1.650273789008381000e+15,3.019065208215632734e-01
1.650273789010271500e+15,3.028878221258515802e-01
1.650273789012162250e+15,3.038692531975697442e-01
1.650273789014052750e+15,3.048505545018580509e-01
1.650273789015943500e+15,3.058319855735762149e-01
1.650273789017834000e+15,3.067961575771285254e-01
1.650273789019724750e+15,3.067961575771284699e-01
1.650273789021615250e+15,3.067961575771285254e-01
1.650273789023506000e+15,3.067961575771285254e-01
1.650273789025396750e+15,3.067961575771285254e-01
1.650273789027287250e+15,3.067961575771285254e-01
1.650273789029178000e+15,3.067961575771285254e-01
1.650273789031068500e+15,3.067961575771285254e-01
1.650273789032959250e+15,3.067961575771285254e-01
1.650273789034849750e+15,3.067961575771285254e-01
1.650273789036740500e+15,3.067961575771284699e-01
1.650273789038631250e+15,3.069703639016618801e-01
1.650273789040521750e+15,3.077001967139174621e-01
1.650273789042412500e+15,3.084301260393722544e-01
1.650273789044303000e+15,3.091599588516278918e-01
1.650273789046193750e+15,3.098898881770827396e-01
1.650273789048084250e+15,3.106197209893383215e-01
1.650273789049975000e+15,3.113496503147931138e-01
1.650273789051865500e+15,3.120794831270487513e-01
1.650273789053756250e+15,3.128094124525035435e-01
1.650273789055647000e+15,3.129320807286708472e-01
1.650273789057537500e+15,3.129320807286708472e-01
1.650273789059428250e+15,3.129320807286708472e-01
1.650273789061318750e+15,3.129320807286708472e-01
1.650273789063209500e+15,3.129320807286708472e-01
1.650273789065100000e+15,3.129320807286708472e-01
1.650273789066990750e+15,3.129320807286708472e-01
1.650273789068881500e+15,3.129320807286708472e-01
1.650273789070772000e+15,3.129320807286708472e-01
1.650273789072662750e+15,3.129320807286707917e-01
1.650273789074553250e+15,3.129320807286708472e-01
1.650273789076444000e+15,3.129320807286708472e-01
1.650273789078334500e+15,3.129320807286708472e-01
1.650273789080225250e+15,3.129320807286708472e-01
1.650273789082115750e+15,3.129320807286708472e-01
1.650273789084006500e+15,3.129320807286708472e-01
1.650273789085897250e+15,3.129320807286708472e-01
1.650273789087787750e+15,3.134813117154970352e-01
1.650273789089678500e+15,3.143837305626329126e-01
1.650273789091569000e+15,3.152860300895456991e-01
1.650273789093459750e+15,3.161884489366816320e-01
1.650273789095350250e+15,3.170907484635944185e-01
1.650273789097241000e+15,3.179931673107302958e-01
1.650273789099131750e+15,3.188955861578661177e-01
1.650273789101022250e+15,3.190680038802132246e-01
1.650273789102913000e+15,3.190680038802132246e-01
1.650273789104803500e+15,3.190680038802132801e-01
1.650273789106694250e+15,3.190680038802132246e-01
1.650273789108584750e+15,3.190680038802132246e-01
1.650273789110475500e+15,3.190680038802131691e-01
1.650273789112366000e+15,3.190680038802131691e-01
1.650273789114256750e+15,3.190680038802131691e-01
1.650273789116147500e+15,3.190680038802131691e-01
1.650273789118038000e+15,3.190680038802131691e-01
1.650273789119928750e+15,3.190680038802131691e-01
1.650273789121819250e+15,3.190680038802131135e-01
1.650273789123710000e+15,3.190680038802131691e-01
1.650273789125600500e+15,3.190680038802131691e-01
1.650273789127491250e+15,3.190680038802131691e-01
1.650273789129382000e+15,3.190680038802131691e-01
1.650273789131272500e+15,3.190680038802131691e-01
1.650273789133163250e+15,3.190680038802132246e-01
1.650273789135053750e+15,3.190680038802132801e-01
1.650273789136944500e+15,3.191459388933847174e-01
1.650273789138835000e+15,3.204440546854607774e-01
1.650273789140725750e+15,3.217423421405614103e-01
1.650273789142616250e+15,3.230404579326374703e-01
1.650273789144507000e+15,3.243387453877381033e-01
1.650273789146397750e+15,3.256370328428387362e-01
1.650273789148288250e+15,3.269351486349147962e-01
1.650273789150179000e+15,3.282334360900154291e-01
1.650273789152069500e+15,3.295315518820914891e-01
1.650273789153960250e+15,3.308298393371921220e-01
1.650273789155850750e+15,3.313398501832987009e-01
1.650273789157741500e+15,3.313398501832987564e-01
1.650273789159632250e+15,3.313398501832988119e-01
1.650273789161522750e+15,3.313398501832988119e-01
1.650273789163413500e+15,3.313398501832988119e-01
1.650273789165304000e+15,3.313398501832988674e-01
1.650273789167194750e+15,3.313398501832989229e-01
1.650273789169085250e+15,3.294556909977421344e-01
1.650273789170976000e+15,3.271532356866472813e-01
1.650273789172866500e+15,3.248510848123250527e-01
1.650273789174757250e+15,3.225486295012301996e-01
1.650273789176648000e+15,3.202461741901353465e-01
1.650273789178538500e+15,3.179440233158130624e-01
1.650273789180429250e+15,3.156415680047182093e-01
1.650273789182319750e+15,3.133394171303959252e-01
1.650273789184210500e+15,3.110369618193010721e-01
1.650273789186101000e+15,3.087348109449788436e-01
1.650273789187991750e+15,3.079841725100664895e-01
1.650273789189882500e+15,3.155029649266438696e-01
1.650273789191773000e+15,3.230207631884656760e-01
1.650273789193663750e+15,3.305395556050430561e-01
1.650273789195554250e+15,3.380573538668648070e-01
1.650273789197445000e+15,3.455761462834422426e-01
1.650273789199335500e+15,3.494309061905832570e-01
1.650273789201226250e+15,3.487192888993621565e-01
1.650273789203116750e+15,3.480077657000741898e-01
1.650273789205007500e+15,3.472961484088530337e-01
1.650273789206898250e+15,3.465845311176318777e-01
1.650273789208788750e+15,3.458730079183439665e-01
1.650273789210679500e+15,3.451613906271228105e-01
1.650273789212570000e+15,3.444498674278348993e-01
1.650273789214460750e+15,3.437382501366137433e-01
1.650273789216351250e+15,3.454351684860554328e-01
1.650273789218242000e+15,3.476534278930878408e-01
1.650273789220132750e+15,3.498716873001201932e-01
1.650273789222023250e+15,3.520896534029865910e-01
1.650273789223914000e+15,3.543079128100189434e-01
1.650273789225804500e+15,3.558835427894686543e-01
1.650273789227695250e+15,3.558835427894685433e-01
1.650273789229585750e+15,3.558835427894685433e-01
1.650273789231476500e+15,3.558835427894684877e-01
1.650273789233367000e+15,3.558835427894684322e-01
1.650273789235257750e+15,3.558835427894684322e-01
1.650273789237148500e+15,3.558835427894683212e-01
1.650273789239039000e+15,3.558835427894683212e-01
1.650273789240929750e+15,3.558835427894682657e-01
1.650273789242820250e+15,3.558835427894682102e-01
1.650273789244711000e+15,3.558835427894681547e-01
1.650273789246601500e+15,3.555984769427601444e-01
1.650273789248492250e+15,3.550521127768573870e-01
1.650273789250383000e+15,3.545057486109546296e-01
1.650273789252273500e+15,3.539594566867768077e-01
1.650273789254164250e+15,3.534130925208740504e-01
1.650273789256054750e+15,3.528668005966962840e-01
1.650273789257945500e+15,3.523204364307935821e-01
1.650273789259836000e+15,3.517741445066157602e-01
1.650273789261726750e+15,3.512277803407130028e-01
1.650273789263617250e+15,3.506814884165351809e-01
1.650273789265508000e+15,3.501351242506324235e-01
1.650273789267398750e+15,3.501994310165166269e-01
1.650273789269289250e+15,3.517531361756368602e-01
1.650273789271180000e+15,3.533070467969574580e-01
1.650273789273070500e+15,3.548607519560776913e-01
1.650273789274961250e+15,3.564146625773982890e-01
1.650273789276851750e+15,3.579683677365185224e-01
1.650273789278742500e+15,3.595222783578391201e-01
1.650273789280633250e+15,3.610761889791597179e-01
1.650273789282523750e+15,3.616456281163201725e-01
1.650273789284414500e+15,3.606939837312179709e-01
1.650273789286305000e+15,3.597424651750706914e-01
1.650273789288195750e+15,3.587908207899685453e-01
1.650273789290086250e+15,3.578393022338212104e-01
1.650273789291977000e+15,3.568876578487190643e-01
1.650273789293867500e+15,3.559361392925717293e-01
1.650273789295758250e+15,3.546695094787192248e-01
1.650273789297649000e+15,3.533844522458018944e-01
1.650273789299539500e+15,3.520995649265740157e-01
1.650273789301430250e+15,3.508145076936567408e-01
1.650273789303320750e+15,3.498344193799595714e-01
1.650273789305211500e+15,3.503460845779298727e-01
1.650273789307102000e+15,3.508576821221650599e-01
1.650273789308992750e+15,3.513693473201352502e-01
1.650273789310883500e+15,3.518810125181055515e-01
1.650273789312774000e+15,3.523926100623407387e-01
1.650273789314664750e+15,3.529042752603109845e-01
1.650273789316555250e+15,3.534158728045462272e-01
1.650273789318446000e+15,3.539275380025164175e-01
1.650273789320336500e+15,3.544391355467516602e-01
1.650273789322227250e+15,3.549508007447218505e-01
1.650273789324117750e+15,3.554623982889570377e-01
1.650273789326008500e+15,3.558835427894680992e-01
1.650273789327899250e+15,3.558835427894682102e-01
1.650273789329789750e+15,3.558835427894683212e-01
1.650273789331680500e+15,3.558835427894684322e-01
1.650273789333571000e+15,3.558835427894685433e-01
1.650273789335461750e+15,3.558835427894686543e-01
1.650273789337352250e+15,3.558835427894686543e-01
1.650273789339243000e+15,3.558835427894687653e-01
1.650273789341133750e+15,3.558835427894687653e-01
1.650273789343024250e+15,3.558835427894688208e-01
1.650273789344915000e+15,3.558835427894688208e-01
1.650273789346805500e+15,3.558835427894688763e-01
1.650273789348696250e+15,3.566965160945629876e-01
1.650273789350586750e+15,3.575593517623694151e-01
1.650273789352477500e+15,3.584223015316925220e-01
1.650273789354368000e+15,3.592851371994989496e-01
1.650273789356258750e+15,3.601480869688220565e-01
1.650273789358149500e+15,3.610110367381449969e-01
1.650273789360040000e+15,3.618738724059515355e-01
1.650273789361930750e+15,3.615202869962163001e-01
1.650273789363821250e+15,3.609198748472519647e-01
1.650273789365712000e+15,3.603193832996962054e-01
1.650273789367602500e+15,3.597189711507318699e-01
1.650273789369493250e+15,3.591184796031759996e-01
1.650273789371384000e+15,3.585179880556201848e-01
1.650273789373274500e+15,3.579175759066558493e-01
1.650273789375165250e+15,3.573170843591000345e-01
1.650273789377055750e+15,3.567166722101356990e-01
1.650273789378946500e+15,3.561161806625798842e-01
1.650273789380837000e+15,3.569468538598764007e-01
1.650273789382727750e+15,3.586829984249653158e-01
1.650273789384618250e+15,3.604189134323965149e-01
1.650273789386509000e+15,3.621550579974854855e-01
1.650273789388399750e+15,3.638912025625743452e-01
1.650273789390290250e+15,3.656271175700055998e-01
1.650273789392181000e+15,3.673632621350945704e-01
1.650273789394071500e+15,3.690991771425257695e-01
1.650273789395962250e+15,3.708353217076146846e-01
1.650273789397852750e+15,3.725712367150458837e-01
1.650273789399743500e+15,3.742651350975457203e-01
1.650273789401634250e+15,3.714368813923339396e-01
1.650273789403524750e+15,3.686090016463584584e-01
1.650273789405415500e+15,3.657807479411465668e-01
1.650273789407306000e+15,3.629528681951711411e-01
1.650273789409196750e+15,3.601246144899593049e-01
1.650273789411087250e+15,3.572967347439838237e-01
1.650273789412978000e+15,3.544684810387719875e-01
1.650273789414868500e+15,3.516406012927965063e-01
1.650273789416759250e+15,3.501800215483803491e-01
1.650273789418650000e+15,3.514876007761942867e-01
1.650273789420540500e+15,3.527950071124006937e-01
1.650273789422431250e+15,3.541025863402146312e-01
1.650273789424321750e+15,3.554099926764210382e-01
1.650273789426212500e+15,3.567175719042350313e-01
1.650273789428103000e+15,3.580249782404414383e-01
1.650273789429993750e+15,3.593325574682554313e-01
1.650273789431884500e+15,3.606401366960693133e-01
1.650273789433775000e+15,3.619475430322757759e-01
1.650273789435665750e+15,3.651766612444007909e-01
1.650273789437556250e+15,3.685171832654204338e-01
1.650273789439447000e+15,3.718581470375669773e-01
1.650273789441337500e+15,3.751986690585866757e-01
1.650273789443228250e+15,3.785396328307332192e-01
1.650273789445118750e+15,3.818801548517528621e-01
1.650273789447009500e+15,3.852211186238994056e-01
1.650273789448900250e+15,3.869084950180859961e-01
1.650273789450790750e+15,3.874856075911203845e-01
1.650273789452681500e+15,3.880627964816070197e-01
1.650273789454572000e+15,3.886399090546414081e-01
1.650273789456462750e+15,3.892170979451280433e-01
1.650273789458353250e+15,3.897942105181624317e-01
1.650273789460244000e+15,3.903713994086489558e-01
1.650273789462134750e+15,3.909485882991355910e-01
1.650273789464025250e+15,3.915257008721700349e-01
1.650273789465916000e+15,3.921028897626566145e-01
1.650273789467806500e+15,3.926800023356910585e-01
1.650273789469697250e+15,3.931522610435498333e-01
1.650273789471587750e+15,3.936208706710035421e-01
1.650273789473478500e+15,3.940895422674637327e-01
1.650273789475369000e+15,3.945581518949174971e-01
1.650273789477259750e+15,3.950268234913777432e-01
1.650273789479150500e+15,3.954954950878379893e-01
1.650273789481041000e+15,3.959641047152916982e-01
1.650273789482931750e+15,3.964327763117519998e-01
1.650273789484822250e+15,3.969013859392057086e-01
1.650273789486713000e+15,3.973700575356658993e-01
1.650273789488603500e+15,3.978386671631197191e-01
1.650273789490494250e+15,3.983073387595799097e-01
1.650273789492385000e+15,3.987760103560401559e-01
1.650273789494275500e+15,3.980831426963342135e-01
1.650273789496166250e+15,3.972228804466843011e-01
1.650273789498056750e+15,3.963627319431999307e-01
1.650273789499947500e+15,3.955024696935499628e-01
1.650273789501838000e+15,3.946423211900655925e-01
1.650273789503728750e+15,3.937820589404156801e-01
1.650273789505619250e+15,3.929219104369313098e-01
1.650273789507510000e+15,3.919327067022621014e-01
1.650273789509400750e+15,3.908984286690289078e-01
1.650273789511291250e+15,3.898642873907914863e-01
1.650273789513182000e+15,3.888300093575582927e-01
1.650273789515072500e+15,3.877958680793208712e-01
1.650273789516963250e+15,3.867615900460876222e-01
1.650273789518853750e+15,3.865631585471822618e-01
1.650273789520744500e+15,3.865631585471822618e-01
1.650273789522635250e+15,3.865631585471822618e-01
1.650273789524525750e+15,3.865631585471822063e-01
1.650273789526416500e+15,3.865631585471822618e-01
1.650273789528307000e+15,3.875627293769570159e-01
1.650273789530197750e+15,3.886359483130142900e-01
1.650273789532088250e+15,3.897090253452057951e-01
1.650273789533979000e+15,3.907822442812630137e-01
1.650273789535869750e+15,3.918554632173202323e-01
1.650273789537760250e+15,3.926990816987244726e-01
1.650273789539651000e+15,3.926990816987245281e-01
1.650273789541541500e+15,3.926990816987244726e-01
1.650273789543432250e+15,3.926990816987245836e-01
1.650273789545322750e+15,3.926990816987245281e-01
1.650273789547213500e+15,3.926990816987245836e-01
1.650273789549104000e+15,3.926990816987246391e-01
1.650273789550994750e+15,3.926990816987245836e-01
1.650273789552885500e+15,3.936694290081065306e-01
1.650273789554776000e+15,3.950492271189652294e-01
1.650273789556666750e+15,3.964292076945304943e-01
1.650273789558557250e+15,3.978090058053891931e-01
1.650273789560448000e+15,3.989795232422870819e-01
1.650273789562338500e+15,3.995428469951033956e-01
1.650273789564229250e+15,4.001062452419361093e-01
1.650273789566120000e+15,4.006696434887688785e-01
1.650273789568010500e+15,4.012329672415851922e-01
1.650273789569901250e+15,4.017963654884179059e-01
1.650273789571791750e+15,4.023596892412342196e-01
1.650273789573682500e+15,4.029230874880670443e-01
1.650273789575573000e+15,4.034864112408831915e-01
1.650273789577463750e+15,4.040498094877160162e-01
1.650273789579354250e+15,4.046131332405322745e-01
1.650273789581245000e+15,4.046769354336149371e-01
1.650273789583135750e+15,4.038713318853350276e-01
1.650273789585026250e+15,4.030658348561014237e-01
1.650273789586917000e+15,4.022602313078214586e-01
1.650273789588807500e+15,4.014547342785879103e-01
1.650273789590698250e+15,4.006491307303078342e-01
1.650273789592588750e+15,3.998436337010743413e-01
1.650273789594479500e+15,3.990380301527942652e-01
1.650273789596370250e+15,3.988350048502661283e-01
1.650273789598260750e+15,3.988350048502662948e-01
1.650273789600151500e+15,3.988350048502664613e-01
1.650273789602042000e+15,3.988350048502666834e-01
1.650273789603932750e+15,3.988350048502668499e-01
1.650273789605823250e+15,3.988350048502669609e-01
1.650273789607714000e+15,3.988350048502667944e-01
1.650273789609604500e+15,3.988350048502665723e-01
1.650273789611495250e+15,3.988350048502664613e-01
1.650273789613386000e+15,3.988350048502662948e-01
1.650273789615276500e+15,3.988350048502661283e-01
1.650273789617167250e+15,3.988350048502660727e-01
1.650273789619057750e+15,3.988350048502662393e-01
1.650273789620948500e+15,3.988350048502664058e-01
1.650273789622839000e+15,3.988350048502665723e-01
1.650273789624729750e+15,3.988350048502667389e-01
1.650273789626620500e+15,3.988350048502669609e-01
1.650273789628511000e+15,3.987937624402381198e-01
1.650273789630401750e+15,3.982668767188711767e-01
1.650273789632292250e+15,3.977400606637374048e-01
1.650273789634183000e+15,3.972131749423704616e-01
1.650273789636073500e+15,3.966863588872366342e-01
1.650273789637964250e+15,3.961594731658696356e-01
1.650273789639854750e+15,3.956326571107359191e-01
1.650273789641745500e+15,3.951057713893689205e-01
1.650273789643636250e+15,3.945788856680019219e-01
1.650273789645526750e+15,3.940520696128681499e-01
1.650273789647417500e+15,3.935251838915012068e-01
1.650273789649308000e+15,3.929983678363673794e-01
1.650273789651198750e+15,3.937953335272322275e-01
1.650273789653089250e+15,3.963327857241023544e-01
1.650273789654980000e+15,3.988705734740268238e-01
1.650273789656870750e+15,4.014083612239512933e-01
1.650273789658761250e+15,4.039458134208214202e-01
1.650273789660652000e+15,4.055652713960335998e-01
1.650273789662542500e+15,4.065622600267160269e-01
1.650273789664433250e+15,4.075593804993226654e-01
1.650273789666323750e+15,4.085563691300051481e-01
1.650273789668214500e+15,4.095534896026117866e-01
1.650273789670105000e+15,4.105504782332942137e-01
1.650273789671995750e+15,4.108591289286337433e-01
1.650273789673886500e+15,4.102986972249103026e-01
1.650273789675777000e+15,4.097383396229592467e-01
1.650273789677667750e+15,4.091779079192358060e-01
1.650273789679558250e+15,4.086175503172846390e-01
1.650273789681449000e+15,4.080571186135612538e-01
1.650273789683339500e+15,4.074967610116101424e-01
1.650273789685230250e+15,4.069363293078867017e-01
1.650273789687121000e+15,4.063758976041633164e-01
1.650273789689011500e+15,4.058155400022122605e-01
1.650273789690902250e+15,4.052551082984887643e-01
1.650273789692792750e+15,4.053719342721651686e-01
1.650273789694683500e+15,4.061856746592577005e-01
1.650273789696574000e+15,4.069993074514293152e-01
1.650273789698464750e+15,4.078130478385219027e-01
1.650273789700355250e+15,4.086266806306934063e-01
1.650273789702246000e+15,4.094404210177859382e-01
1.650273789704136750e+15,4.102541614048784702e-01
1.650273789706027250e+15,4.110677941970500848e-01
1.650273789707918000e+15,4.121567239359357204e-01
1.650273789709808500e+15,4.132593819889766595e-01
1.650273789711699250e+15,4.143621858576818640e-01
1.650273789713589750e+15,4.154648439107228031e-01
1.650273789715480500e+15,4.165676477794280075e-01
1.650273789717371250e+15,4.176704516481332119e-01
1.650273789719261750e+15,4.187731097011740955e-01
1.650273789721152500e+15,4.198759135698792999e-01
1.650273789723043000e+15,4.209785716229202945e-01
1.650273789724933750e+15,4.220813754916254990e-01
1.650273789726824250e+15,4.231840335446663826e-01
1.650273789728715000e+15,4.241395792935629405e-01
1.650273789730605500e+15,4.250634374265663817e-01
1.650273789732496250e+15,4.259874177307061971e-01
1.650273789734387000e+15,4.269113980348460125e-01
1.650273789736277500e+15,4.278352561678494537e-01
1.650273789738168250e+15,4.287592364719893245e-01
1.650273789740058750e+15,4.296830946049927658e-01
1.650273789741949500e+15,4.306070749091326366e-01
1.650273789743840000e+15,4.315309330421360778e-01
1.650273789745730750e+15,4.324549133462758932e-01
1.650273789747621500e+15,4.333788936504157085e-01
1.650273789749512000e+15,4.343027517834191498e-01
1.650273789751402750e+15,4.352267320875589651e-01
1.650273789753293250e+15,4.319021357805278849e-01
1.650273789755184000e+15,4.249758690946893736e-01
1.650273789757074500e+15,4.180505182182764901e-01
1.650273789758965250e+15,4.111242515324379787e-01
1.650273789760855750e+15,4.041989006560250952e-01
1.650273789762746500e+15,4.009456782843887623e-01
1.650273789764637250e+15,4.103026672540665554e-01
1.650273789766527750e+15,4.196584190177454765e-01
1.650273789768418500e+15,4.290154079874233251e-01
1.650273789770309000e+15,4.383711597511022462e-01
1.650273789772199750e+15,4.477281487207799837e-01
1.650273789774090250e+15,4.451614110710837013e-01
1.650273789775981000e+15,4.423415212516519368e-01
1.650273789777871750e+15,4.395216314322202278e-01
1.650273789779762250e+15,4.367021144661296095e-01
1.650273789781653000e+15,4.338822246466977894e-01
1.650273789783543500e+15,4.310627076806071711e-01
1.650273789785434250e+15,4.282428178611754066e-01
1.650273789787324750e+15,4.254233008950848438e-01
1.650273789789215500e+15,4.226034110756530238e-01
1.650273789791106000e+15,4.197838941095624055e-01
1.650273789792996750e+15,4.169640042901306964e-01
1.650273789794887500e+15,4.141441144706989319e-01
1.650273789796778000e+15,4.113245975046083136e-01
1.650273789798668750e+15,4.147788291738133681e-01
1.650273789800559250e+15,4.187575507371785744e-01
1.650273789802450000e+15,4.227367984472726326e-01
1.650273789804340500e+15,4.267155200106379498e-01
1.650273789806231250e+15,4.306947677207319525e-01
1.650273789808122000e+15,4.346740154308259552e-01
1.650273789810012500e+15,4.384226401572030585e-01
1.650273789811903250e+15,4.420969067284711285e-01
1.650273789813793750e+15,4.457706874784286288e-01
1.650273789815684500e+15,4.494449540496967543e-01
1.650273789817575000e+15,4.531187347996542547e-01
1.650273789819465750e+15,4.567930013709222692e-01
1.650273789821356250e+15,4.601214245184970797e-01
1.650273789823247000e+15,4.591398273699413557e-01
1.650273789825137750e+15,4.581582302213856317e-01
1.650273789827028250e+15,4.571767628622189217e-01
1.650273789828919000e+15,4.561951657136631977e-01
1.650273789830809500e+15,4.552136983544964322e-01
1.650273789832700250e+15,4.542321012059407082e-01
1.650273789834590750e+15,4.530647700789485199e-01
1.650273789836481500e+15,4.518572870753287396e-01
1.650273789838372250e+15,4.506498040717090148e-01
1.650273789840262750e+15,4.494424807247074383e-01
1.650273789842153500e+15,4.482349977210876579e-01
1.650273789844044000e+15,4.471862053974268170e-01
1.650273789845934750e+15,4.461926713819450718e-01
1.650273789847825250e+15,4.451992687341767008e-01
1.650273789849716000e+15,4.442057347186949556e-01
1.650273789851606500e+15,4.432123320709265291e-01
1.650273789853497250e+15,4.422187980554448394e-01
1.650273789855388000e+15,4.423513463116200417e-01
1.650273789857278500e+15,4.433512568984653845e-01
1.650273789859169250e+15,4.443512997136347398e-01
1.650273789861059750e+15,4.453512103004799716e-01
1.650273789862950500e+15,4.463512531156493268e-01
1.650273789864841000e+15,4.473511637024946697e-01
1.650273789866731750e+15,4.487637057560138754e-01
1.650273789868622500e+15,4.507257380067797858e-01
1.650273789870513000e+15,4.526875108324167063e-01
1.650273789872403750e+15,4.546495430831827278e-01
1.650273789874294250e+15,4.566113159088195927e-01
1.650273789876185000e+15,4.585733481595855587e-01
1.650273789878075500e+15,4.605351209852224237e-01
1.650273789879966250e+15,4.624971532359883897e-01
1.650273789881856750e+15,4.644589260616253656e-01
1.650273789883747500e+15,4.662598855282611421e-01
1.650273789885638250e+15,4.647413650179497147e-01
1.650273789887528750e+15,4.632230452904638751e-01
1.650273789889419500e+15,4.617045247801525032e-01
1.650273789891310000e+15,4.601862050526667192e-01
1.650273789893200750e+15,4.586676845423552917e-01
1.650273789895091250e+15,4.571493648148695077e-01
1.650273789896982000e+15,4.556308443045580803e-01
1.650273789898872750e+15,4.541123237942466528e-01
1.650273789900763250e+15,4.550366535627327624e-01
1.650273789902654000e+15,4.560512138337234900e-01
1.650273789904544500e+15,4.570656399568533979e-01
1.650273789906435250e+15,4.580802002278440144e-01
1.650273789908325750e+15,4.590946263509738667e-01
1.650273789910216500e+15,4.601091866219645943e-01
1.650273789912107000e+15,4.601942363656916779e-01
1.650273789913997750e+15,4.601942363656916779e-01
1.650273789915888500e+15,4.601942363656916779e-01
1.650273789917779000e+15,4.601942363656916779e-01
1.650273789919669750e+15,4.601942363656916779e-01
1.650273789921560250e+15,4.601942363656916779e-01
1.650273789923451000e+15,4.601942363656916779e-01
1.650273789925341500e+15,4.601942363656916779e-01
1.650273789927232250e+15,4.601942363656916779e-01
1.650273789929123000e+15,4.601942363656916779e-01
1.650273789931013500e+15,4.601942363656916779e-01
1.650273789932904250e+15,4.601942363656917889e-01
1.650273789934794750e+15,4.601942363656920110e-01
1.650273789936685500e+15,4.601942363656921220e-01
1.650273789938576000e+15,4.601942363656922330e-01
1.650273789940466750e+15,4.601942363656924551e-01
1.650273789942357250e+15,4.601942363656925661e-01
1.650273789944248000e+15,4.601942363656927881e-01
1.650273789946138750e+15,4.601942363656927881e-01
1.650273789948029250e+15,4.601942363656927881e-01
1.650273789949920000e+15,4.601942363656927881e-01
1.650273789951810500e+15,4.601942363656927881e-01
1.650273789953701250e+15,4.601942363656927881e-01
1.650273789955591750e+15,4.601942363656927881e-01
1.650273789957482500e+15,4.601942363656927881e-01
1.650273789959373250e+15,4.601942363656927881e-01
1.650273789961263750e+15,4.601942363656927881e-01
1.650273789963154500e+15,4.603170920497319241e-01
1.650273789965045000e+15,4.627491200149268513e-01
1.650273789966935750e+15,4.651814695918601306e-01
1.650273789968826250e+15,4.676134975570549468e-01
1.650273789970717000e+15,4.700458471339882260e-01
1.650273789972607500e+15,4.724778750991831533e-01
1.650273789974498250e+15,4.749102246761163770e-01
1.650273789976389000e+15,4.773425742530496008e-01
1.650273789978279500e+15,4.782966501775693380e-01
1.650273789980170250e+15,4.776632424084724660e-01
1.650273789982060750e+15,4.770299183902374507e-01
1.650273789983951500e+15,4.763965106211404676e-01
1.650273789985842000e+15,4.757631866029055079e-01
1.650273789987732750e+15,4.751297788338085804e-01
1.650273789989623500e+15,4.744963710647115418e-01
1.650273789991514000e+15,4.738630470464766375e-01
1.650273789993404750e+15,4.732296392773796545e-01
1.650273789995295250e+15,4.725963152591446392e-01
1.650273789997186000e+15,4.728433919528855500e-01
1.650273789999076500e+15,4.733182942176031305e-01
1.650273790000967250e+15,4.737932592834665502e-01
1.650273790002857750e+15,4.742681615481841861e-01
1.650273790004748500e+15,4.747431266140476058e-01
1.650273790006639250e+15,4.752180916799110810e-01
1.650273790008529750e+15,4.756929939446286615e-01
1.650273790010420500e+15,4.761679590104921367e-01
1.650273790012311000e+15,4.766428612752097171e-01
1.650273790014201750e+15,4.771178263410731368e-01
1.650273790016092250e+15,4.775927286057907728e-01
1.650273790017983000e+15,4.780676936716541925e-01
1.650273790019873750e+15,4.785426587375176677e-01
1.650273790021764250e+15,4.786020058203207528e-01
1.650273790023655000e+15,4.786020058203206973e-01
1.650273790025545500e+15,4.786020058203205862e-01
1.650273790027436250e+15,4.786020058203205307e-01
1.650273790029326750e+15,4.786020058203204197e-01
1.650273790031217500e+15,4.786020058203203087e-01
1.650273790033108000e+15,4.786020058203203087e-01
1.650273790034998750e+15,4.786020058203201977e-01
1.650273790036889500e+15,4.786020058203200866e-01
1.650273790038780000e+15,4.786020058203200866e-01
1.650273790040670750e+15,4.786020058203199201e-01
1.650273790042561250e+15,4.786020058203198091e-01
1.650273790044452000e+15,4.786020058203197536e-01
1.650273790046342500e+15,4.786020058203197536e-01
1.650273790048233250e+15,4.786020058203197536e-01
1.650273790050124000e+15,4.786020058203197536e-01
1.650273790052014500e+15,4.786020058203197536e-01
1.650273790053905250e+15,4.786020058203197536e-01
1.650273790055795750e+15,4.786020058203197536e-01
1.650273790057686500e+15,4.786020058203197536e-01
1.650273790059577000e+15,4.786020058203197536e-01
1.650273790061467750e+15,4.786020058203197536e-01
1.650273790063358250e+15,4.786020058203197536e-01
1.650273790065249000e+15,4.786020058203196981e-01
1.650273790067139750e+15,4.786020058203196981e-01
1.650273790069030250e+15,4.778355736435487833e-01
1.650273790070921000e+15,4.769912143496056744e-01
1.650273790072811500e+15,4.761469666990968408e-01
1.650273790074702250e+15,4.753026074051537320e-01
1.650273790076592750e+15,4.744583597546450093e-01
1.650273790078483500e+15,4.736140004607019560e-01
1.650273790080374250e+15,4.727696411667588472e-01
1.650273790082264750e+15,4.730980749236249894e-01
1.650273790084155500e+15,4.740850163697142849e-01
1.650273790086046000e+15,4.750718273197773733e-01
1.650273790087936750e+15,4.760587687658666134e-01
1.650273790089827250e+15,4.770455797159297573e-01
1.650273790091718000e+15,4.780325211620190529e-01
1.650273790093608500e+15,4.786020058203204197e-01
1.650273790095499250e+15,4.786020058203205307e-01
1.650273790097390000e+15,4.786020058203206418e-01
1.650273790099280500e+15,4.786020058203207528e-01
1.650273790101171250e+15,4.786020058203208083e-01
1.650273790103061750e+15,4.786020058203208638e-01
1.650273790104952500e+15,4.805162016037561878e-01
1.650273790106843000e+15,4.826968506718999352e-01
1.650273790108733750e+15,4.848777881093994102e-01
1.650273790110624500e+15,4.870587255468988852e-01
1.650273790112515000e+15,4.892393746150426326e-01
1.650273790114405750e+15,4.906084066304783331e-01
1.650273790116296250e+15,4.895491460407613293e-01
1.650273790118187000e+15,4.884897453742670370e-01
1.650273790120077500e+15,4.874304847845501443e-01
1.650273790121968250e+15,4.863710841180558520e-01
1.650273790123858750e+15,4.853118235283389037e-01
1.650273790125749500e+15,4.851946575528106043e-01
1.650273790127640250e+15,4.861912640899447302e-01
1.650273790129530750e+15,4.871877388531086206e-01
1.650273790131421500e+15,4.881843453902428021e-01
1.650273790133312000e+15,4.891808201534066924e-01
1.650273790135202750e+15,4.901774266905408184e-01
1.650273790137093250e+15,4.902382062173059607e-01
1.650273790138984000e+15,4.881269238335426142e-01
1.650273790140874750e+15,4.860156414497792676e-01
1.650273790142765250e+15,4.839046382253950895e-01
1.650273790144656000e+15,4.817933558416317430e-01
1.650273790146546500e+15,4.796823526172474539e-01
1.650273790148437250e+15,4.794172688515480618e-01
1.650273790150327750e+15,4.810866485001124571e-01
1.650273790152218500e+15,4.827562489076888119e-01
1.650273790154109000e+15,4.844256285562532627e-01
1.650273790155999750e+15,4.860952289638296175e-01
1.650273790157890500e+15,4.877648293714060834e-01
1.650273790159781000e+15,4.894342090199704787e-01
1.650273790161671750e+15,4.911038094275469446e-01
1.650273790163562250e+15,4.927731890761113398e-01
1.650273790165453000e+15,4.944427894836877502e-01
1.650273790167343500e+15,4.961121691322522009e-01
1.650273790169234250e+15,4.972559132402241122e-01
1.650273790171125000e+15,4.977882384994137266e-01
1.650273790173015500e+15,4.983204933731400499e-01
1.650273790174906250e+15,4.988528186323296643e-01
1.650273790176796750e+15,4.993850735060558765e-01
1.650273790178687500e+15,4.999173987652455464e-01
1.650273790180578000e+15,5.004496536389717587e-01
1.650273790182468750e+15,5.009819788981615396e-01
1.650273790184359250e+15,5.015142337718877519e-01
1.650273790186250000e+15,5.020465590310774218e-01
1.650273790188140750e+15,5.025788842902669806e-01
1.650273790190031250e+15,5.031111391639931929e-01
1.650273790191922000e+15,5.040883741418120678e-01
1.650273790193812500e+15,5.050963653408032661e-01
1.650273790195703250e+15,5.061044898366998668e-01
1.650273790197593750e+15,5.071124810356910650e-01
1.650273790199484500e+15,5.081206055315877768e-01
1.650273790201375250e+15,5.091287300274843775e-01
1.650273790203265750e+15,5.088682078589932267e-01
1.650273790205156500e+15,5.083808114510286469e-01
1.650273790207047000e+15,5.078934794879151893e-01
1.650273790208937750e+15,5.074060830799508315e-01
1.650273790210828250e+15,5.069187511168371518e-01
1.650273790212719000e+15,5.064313547088727940e-01
1.650273790214609500e+15,5.059440227457592254e-01
1.650273790216500250e+15,5.054566263377947566e-01
1.650273790218391000e+15,5.049692299298302878e-01
1.650273790220281500e+15,5.044818979667167191e-01
1.650273790222172250e+15,5.039945015587522503e-01
1.650273790224062750e+15,5.035071695956387927e-01
1.650273790225953500e+15,5.033673830991863829e-01
1.650273790227844000e+15,5.042253050515560497e-01
1.650273790229734750e+15,5.050833404556517303e-01
1.650273790231625500e+15,5.059413758597475219e-01
1.650273790233516000e+15,5.067992978121171888e-01
1.650273790235406750e+15,5.076573332162128693e-01
1.650273790237297250e+15,5.085152551685825362e-01
1.650273790239188000e+15,5.092816215780320288e-01
1.650273790241078500e+15,5.092816215780320288e-01
1.650273790242969250e+15,5.092816215780321398e-01
1.650273790244859750e+15,5.092816215780321398e-01
1.650273790246750500e+15,5.092816215780322509e-01
1.650273790248641250e+15,5.092816215780321398e-01
1.650273790250531750e+15,5.092816215780322509e-01
1.650273790252422500e+15,5.092816215780322509e-01
1.650273790254313000e+15,5.092816215780322509e-01
1.650273790256203750e+15,5.092816215780322509e-01
1.650273790258094250e+15,5.092816215780322509e-01
1.650273790259985000e+15,5.092816215780322509e-01
1.650273790261875750e+15,5.092816215780322509e-01
1.650273790263766250e+15,5.098958776418107686e-01
1.650273790265657000e+15,5.109871669559656882e-01
1.650273790267547500e+15,5.120783119769413139e-01
1.650273790269438250e+15,5.131696012910961224e-01
1.650273790271328750e+15,5.142607463120718592e-01
1.650273790273219500e+15,5.153520356262267788e-01
1.650273790275110000e+15,5.148411565369290788e-01
1.650273790277000750e+15,5.142278723640273386e-01
1.650273790278891500e+15,5.136145881911257094e-01
1.650273790280782000e+15,5.130013851082906307e-01
1.650273790282672750e+15,5.123881009353890015e-01
1.650273790284563250e+15,5.117748978525538117e-01
1.650273790286454000e+15,5.111616136796521825e-01
1.650273790288344500e+15,5.105484105968169928e-01
1.650273790290235250e+15,5.099351264239153636e-01
1.650273790292126000e+15,5.093218422510137344e-01
1.650273790294016500e+15,5.092816215780322509e-01
1.650273790295907250e+15,5.092816215780321398e-01
1.650273790297797750e+15,5.092816215780321398e-01
1.650273790299688500e+15,5.092816215780321398e-01
1.650273790301579000e+15,5.092816215780320288e-01
1.650273790303469750e+15,5.092816215780320288e-01
1.650273790305360250e+15,5.092816215780320288e-01
1.650273790307251000e+15,5.101956625440550175e-01
1.650273790309141750e+15,5.115291679117308643e-01
1.650273790311032250e+15,5.128624969597759264e-01
1.650273790312923000e+15,5.141960023274518843e-01
1.650273790314813500e+15,5.154175447295752388e-01
1.650273790316704250e+15,5.154175447295752388e-01
1.650273790318594750e+15,5.154175447295752388e-01
1.650273790320485500e+15,5.154175447295752388e-01
1.650273790322376250e+15,5.154175447295752388e-01
1.650273790324266750e+15,5.154175447295752388e-01
1.650273790326157500e+15,5.154175447295752388e-01
1.650273790328048000e+15,5.154175447295752388e-01
1.650273790329938750e+15,5.154175447295753498e-01
1.650273790331829250e+15,5.154175447295753498e-01
1.650273790333720000e+15,5.154175447295754608e-01
1.650273790335610500e+15,5.154175447295754608e-01
1.650273790337501250e+15,5.164463052864044501e-01
1.650273790339392000e+15,5.180957680999080939e-01
1.650273790341282500e+15,5.197450128170462147e-01
1.650273790343173250e+15,5.213944756305498585e-01
1.650273790345063750e+15,5.230437203476878683e-01
1.650273790346954500e+15,5.246931831611916230e-01
1.650273790348845000e+15,5.263424278783297439e-01
1.650273790350735750e+15,5.278718950087104567e-01
1.650273790352626500e+15,5.288670482681698815e-01
1.650273790354517000e+15,5.298620699458153060e-01
1.650273790356407750e+15,5.308572232052748419e-01
1.650273790358298250e+15,5.318522448829202665e-01
1.650273790360189000e+15,5.328473981423796912e-01
1.650273790362079500e+15,5.338094243433715302e-01
1.650273790363970250e+15,5.328850022956600485e-01
1.650273790365860750e+15,5.319607024774934967e-01
1.650273790367751500e+15,5.310362804297821260e-01
1.650273790369642250e+15,5.301118583820706442e-01
1.650273790371532750e+15,5.291875585639039814e-01
1.650273790373423500e+15,5.282631365161924997e-01
1.650273790375314000e+15,5.282148875567468371e-01
1.650273790377204750e+15,5.296006372818755636e-01
1.650273790379095250e+15,5.309862037794855771e-01
1.650273790380986000e+15,5.323719535046144147e-01
1.650273790382876750e+15,5.337577032297433632e-01
1.650273790384767250e+15,5.346522589348027266e-01
1.650273790386658000e+15,5.355217408128497558e-01
1.650273790388548500e+15,5.363911077256874327e-01
1.650273790390439250e+15,5.372605896037344619e-01
1.650273790392329750e+15,5.381299565165721388e-01
1.650273790394220500e+15,5.389994383946191681e-01
1.650273790396111000e+15,5.398688053074568449e-01
1.650273790398001750e+15,5.388790207348044259e-01
1.650273790399892500e+15,5.376680717552333455e-01
1.650273790401783000e+15,5.364572828905611601e-01
1.650273790403673750e+15,5.352463339109901908e-01
1.650273790405564250e+15,5.340355450463180054e-01
1.650273790407455000e+15,5.328245960667470360e-01
1.650273790409345500e+15,5.316138072020747396e-01
1.650273790411236250e+15,5.304028582225037702e-01
1.650273790413127000e+15,5.291919092429328009e-01
1.650273790415017500e+15,5.279811203782606155e-01
1.650273790416908250e+15,5.276893910326601045e-01
1.650273790418798750e+15,5.276893910326603265e-01
1.650273790420689500e+15,5.276893910326605486e-01
1.650273790422580000e+15,5.276893910326608816e-01
1.650273790424470750e+15,5.276893910326609927e-01
1.650273790426361250e+15,5.289172891424059886e-01
1.650273790428252000e+15,5.343133341185821727e-01
1.650273790430142750e+15,5.397093790947584679e-01
1.650273790432033250e+15,5.451047105914984536e-01
1.650273790433924000e+15,5.505007555676748598e-01
1.650273790435814500e+15,5.558960870644148455e-01
1.650273790437705250e+15,5.578326077558525276e-01
1.650273790439595750e+15,5.568425541802973777e-01
1.650273790441486500e+15,5.558523696799106961e-01
1.650273790443377250e+15,5.548621851795241255e-01
1.650273790445267750e+15,5.538721316039689757e-01
1.650273790447158500e+15,5.528819471035822941e-01
1.650273790449049000e+15,5.518918935280271443e-01
1.650273790450939750e+15,5.509017090276404627e-01
1.650273790452830250e+15,5.499116554520853128e-01
1.650273790454721000e+15,5.489214709516987423e-01
1.650273790456611500e+15,5.479314173761435924e-01
1.650273790458502250e+15,5.469412328757569108e-01
1.650273790460393000e+15,5.462410678981216572e-01
1.650273790462283500e+15,5.472161824507436600e-01
1.650273790464174250e+15,5.481914259526585731e-01
1.650273790466064750e+15,5.491665405052805760e-01
1.650273790467955500e+15,5.501417840071954890e-01
1.650273790469846000e+15,5.511168985598174919e-01
1.650273790471736750e+15,5.520921420617324049e-01
1.650273790473627500e+15,5.530673855636472069e-01
1.650273790475518000e+15,5.540425001162693208e-01
1.650273790477408750e+15,5.550177436181842339e-01
1.650273790479299250e+15,5.559928581708062367e-01
1.650273790481190000e+15,5.569681016727210388e-01
1.650273790483080500e+15,5.579432162253431526e-01
1.650273790484971250e+15,5.577138707637940840e-01
1.650273790486861750e+15,5.565512003500432403e-01
1.650273790488752500e+15,5.553883761845848088e-01
1.650273790490643250e+15,5.542255520191262663e-01
1.650273790492533750e+15,5.530628816053755337e-01
1.650273790494424500e+15,5.519000574399169912e-01
1.650273790496315000e+15,5.507373870261662585e-01
1.650273790498205750e+15,5.495745628607077160e-01
1.650273790500096250e+15,5.484118924469568723e-01
1.650273790501987000e+15,5.472490682814984408e-01
1.650273790503877750e+15,5.460971604872877361e-01
1.650273790505768250e+15,5.460971604872877361e-01
1.650273790507659000e+15,5.460971604872877361e-01
1.650273790509549500e+15,5.460971604872877361e-01
1.650273790511440250e+15,5.460971604872877361e-01
1.650273790513330750e+15,5.460971604872877361e-01
1.650273790515221500e+15,5.460971604872877361e-01
1.650273790517112000e+15,5.460971604872877361e-01
1.650273790519002750e+15,5.460971604872877361e-01
1.650273790520893500e+15,5.460971604872877361e-01
1.650273790522784000e+15,5.460971604872877361e-01
1.650273790524674750e+15,5.460971604872877361e-01
1.650273790526565250e+15,5.460971604872877361e-01
1.650273790528456000e+15,5.460971604872877361e-01
1.650273790530346500e+15,5.460971604872877361e-01
1.650273790532237250e+15,5.460971604872877361e-01
1.650273790534128000e+15,5.460971604872877361e-01
1.650273790536018500e+15,5.460971604872877361e-01
1.650273790537909250e+15,5.460971604872877361e-01
1.650273790539799750e+15,5.460971604872877361e-01
1.650273790541690500e+15,5.460971604872878471e-01
1.650273790543581000e+15,5.463589061836620075e-01
1.650273790545471750e+15,5.474163755755845351e-01
1.650273790547362250e+15,5.484737051460879531e-01
1.650273790549253000e+15,5.495311745380104806e-01
1.650273790551143750e+15,5.505886439299330082e-01
1.650273790553034250e+15,5.516459735004364262e-01
1.650273790554925000e+15,5.522330836388317232e-01
1.650273790556815500e+15,5.522330836388317232e-01
1.650273790558706250e+15,5.522330836388316122e-01
1.650273790560596750e+15,5.522330836388316122e-01
1.650273790562487500e+15,5.522330836388316122e-01
1.650273790564378250e+15,5.522330836388316122e-01
1.650273790566268750e+15,5.522330836388316122e-01
1.650273790568159500e+15,5.522330836388316122e-01
1.650273790570050000e+15,5.522330836388316122e-01
1.650273790571940750e+15,5.522330836388317232e-01
1.650273790573831250e+15,5.522330836388316122e-01
1.650273790575722000e+15,5.522330836388317232e-01
1.650273790577612750e+15,5.522330836388316122e-01
1.650273790579503250e+15,5.526114617549040542e-01
1.650273790581394000e+15,5.534762770138512700e-01
1.650273790583284500e+15,5.543409779246220026e-01
1.650273790585175250e+15,5.552057931835694404e-01
1.650273790587065750e+15,5.560704940943400620e-01
1.650273790588956500e+15,5.569353093532873888e-01
1.650273790590847000e+15,5.578000102640581215e-01
1.650273790592737750e+15,5.583690067903732679e-01
1.650273790594628500e+15,5.583690067903732679e-01
1.650273790596519000e+15,5.583690067903731569e-01
1.650273790598409750e+15,5.583690067903732679e-01
1.650273790600300250e+15,5.583690067903732679e-01
1.650273790602191000e+15,5.583690067903732679e-01
1.650273790604081500e+15,5.583690067903732679e-01
1.650273790605972250e+15,5.583690067903732679e-01
1.650273790607863000e+15,5.583690067903732679e-01
1.650273790609753500e+15,5.583690067903732679e-01
1.650273790611644250e+15,5.583690067903732679e-01
1.650273790613534750e+15,5.583690067903732679e-01
1.650273790615425500e+15,5.583690067903732679e-01
1.650273790617316000e+15,5.583690067903732679e-01
1.650273790619206750e+15,5.583690067903732679e-01
1.650273790621097250e+15,5.583690067903732679e-01
1.650273790622988000e+15,5.583690067903732679e-01
1.650273790624878750e+15,5.583690067903732679e-01
1.650273790626769250e+15,5.583690067903732679e-01
1.650273790628660000e+15,5.583690067903732679e-01
1.650273790630550500e+15,5.583690067903732679e-01
1.650273790632441250e+15,5.583690067903732679e-01
1.650273790634331750e+15,5.583690067903732679e-01
1.650273790636222500e+15,5.583690067903733789e-01
1.650273790638113250e+15,5.583690067903732679e-01
1.650273790640003750e+15,5.583690067903732679e-01
1.650273790641894500e+15,5.583690067903732679e-01
1.650273790643785000e+15,5.583690067903733789e-01
1.650273790645675750e+15,5.583690067903733789e-01
1.650273790647566250e+15,5.583690067903734899e-01
1.650273790649457000e+15,5.583690067903734899e-01
1.650273790651347500e+15,5.583690067903736010e-01
1.650273790653238250e+15,5.583690067903736010e-01
1.650273790655129000e+15,5.583690067903737120e-01
1.650273790657019500e+15,5.583690067903737120e-01
1.650273790658910250e+15,5.583690067903736010e-01
1.650273790660800750e+15,5.583690067903737120e-01
1.650273790662691500e+15,5.583690067903737120e-01
1.650273790664582000e+15,5.583690067903737120e-01
1.650273790666472750e+15,5.583690067903737120e-01
1.650273790668363500e+15,5.583690067903737120e-01
1.650273790670254000e+15,5.583690067903737120e-01
1.650273790672144750e+15,5.583690067903737120e-01
1.650273790674035250e+15,5.583690067903737120e-01
1.650273790675926000e+15,5.583690067903737120e-01
1.650273790677816500e+15,5.583690067903737120e-01
1.650273790679707250e+15,5.583690067903737120e-01
1.650273790681597750e+15,5.583690067903737120e-01
1.650273790683488500e+15,5.583690067903737120e-01
1.650273790685379250e+15,5.583690067903737120e-01
1.650273790687269750e+15,5.583690067903737120e-01
1.650273790689160500e+15,5.583690067903737120e-01
1.650273790691051000e+15,5.583690067903737120e-01
1.650273790692941750e+15,5.583690067903737120e-01
1.650273790694832250e+15,5.583690067903737120e-01
1.650273790696723000e+15,5.583690067903737120e-01
1.650273790698613750e+15,5.583690067903737120e-01
1.650273790700504250e+15,5.583690067903737120e-01
1.650273790702395000e+15,5.583690067903737120e-01
1.650273790704285500e+15,5.583690067903737120e-01
1.650273790706176250e+15,5.583690067903737120e-01
1.650273790708066750e+15,5.583690067903737120e-01
1.650273790709957500e+15,5.583690067903737120e-01
1.650273790711848000e+15,5.583690067903737120e-01
1.650273790713738750e+15,5.583690067903737120e-01
1.650273790715629500e+15,5.583690067903737120e-01
1.650273790717520000e+15,5.588253448225259934e-01
1.650273790719410750e+15,5.592912309641523416e-01
1.650273790721301250e+15,5.597570555050723762e-01
1.650273790723192000e+15,5.602229416466987244e-01
1.650273790725082500e+15,5.606887661876187590e-01
1.650273790726973250e+15,5.611546523292449962e-01
1.650273790728864000e+15,5.616205384708714554e-01
1.650273790730754500e+15,5.620863630117913790e-01
1.650273790732645250e+15,5.625522491534177272e-01
1.650273790734535750e+15,5.630180736943377617e-01
1.650273790736426500e+15,5.634839598359641100e-01
1.650273790738317000e+15,5.639497843768841445e-01
1.650273790740207750e+15,5.644156705185104927e-01
1.650273790742098250e+15,5.656596183492973440e-01
1.650273790743989000e+15,5.670881981669032568e-01
1.650273790745879750e+15,5.685167779845091696e-01
1.650273790747770250e+15,5.699451689114873876e-01
1.650273790749661000e+15,5.702156301559001550e-01
1.650273790751551500e+15,5.693868838018248946e-01
1.650273790753442250e+15,5.685580278542091692e-01
1.650273790755332750e+15,5.677292815001340198e-01
1.650273790757223500e+15,5.669004255525180724e-01
1.650273790759114250e+15,5.660715696049023471e-01
1.650273790761004750e+15,5.652428232508270867e-01
1.650273790762895500e+15,5.645049299419155897e-01
1.650273790764786000e+15,5.645049299419154787e-01
1.650273790766676750e+15,5.645049299419154787e-01
1.650273790768567250e+15,5.645049299419154787e-01
1.650273790770458000e+15,5.645049299419153677e-01
1.650273790772348500e+15,5.645049299419153677e-01
1.650273790774239250e+15,5.645049299419153677e-01
1.650273790776130000e+15,5.645049299419153677e-01
1.650273790778020500e+15,5.645049299419153677e-01
1.650273790779911250e+15,5.645049299419153677e-01
1.650273790781801750e+15,5.645049299419153677e-01
1.650273790783692500e+15,5.645049299419153677e-01
1.650273790785583000e+15,5.645049299419153677e-01
1.650273790787473750e+15,5.645049299419153677e-01
1.650273790789364500e+15,5.645049299419154787e-01
1.650273790791255000e+15,5.645049299419154787e-01
1.650273790793145750e+15,5.645049299419154787e-01
1.650273790795036250e+15,5.645049299419154787e-01
1.650273790796927000e+15,5.645049299419155897e-01
1.650273790798817500e+15,5.645049299419155897e-01
1.650273790800708250e+15,5.645049299419155897e-01
1.650273790802598750e+15,5.645049299419155897e-01
1.650273790804489500e+15,5.645049299419155897e-01
1.650273790806380250e+15,5.645049299419157007e-01
1.650273790808270750e+15,5.645049299419157007e-01
1.650273790810161500e+15,5.645049299419157007e-01
1.650273790812052000e+15,5.645049299419157007e-01
1.650273790813942750e+15,5.645049299419158118e-01
1.650273790815833250e+15,5.645049299419157007e-01
1.650273790817724000e+15,5.645049299419158118e-01
1.650273790819614750e+15,5.645049299419158118e-01
1.650273790821505250e+15,5.645049299419158118e-01
1.650273790823396000e+15,5.645049299419158118e-01
1.650273790825286500e+15,5.645049299419158118e-01
1.650273790827177250e+15,5.645049299419158118e-01
1.650273790829067750e+15,5.645049299419158118e-01
1.650273790830958500e+15,5.645049299419158118e-01
1.650273790832849000e+15,5.645049299419158118e-01
1.650273790834739750e+15,5.645049299419158118e-01
1.650273790836630500e+15,5.645049299419158118e-01
1.650273790838521000e+15,5.645049299419158118e-01
1.650273790840411750e+15,5.645049299419158118e-01
1.650273790842302250e+15,5.645049299419159228e-01
1.650273790844193000e+15,5.645049299419157007e-01
1.650273790846083500e+15,5.645049299419155897e-01
1.650273790847974250e+15,5.645049299419155897e-01
1.650273790849865000e+15,5.645049299419155897e-01
1.650273790851755500e+15,5.645049299419153677e-01
1.650273790853646250e+15,5.645049299419153677e-01
1.650273790855536750e+15,5.645049299419154787e-01
1.650273790857427500e+15,5.645049299419154787e-01
1.650273790859318000e+15,5.645049299419155897e-01
1.650273790861208750e+15,5.645049299419154787e-01
1.650273790863099250e+15,5.645049299419155897e-01
1.650273790864990000e+15,5.645049299419155897e-01
1.650273790866880750e+15,5.645049299419155897e-01
1.650273790868771250e+15,5.645049299419157007e-01
1.650273790870662000e+15,5.645049299419158118e-01
1.650273790872552500e+15,5.645049299419158118e-01
1.650273790874443250e+15,5.645049299419158118e-01
1.650273790876333750e+15,5.645049299419159228e-01
1.650273790878224500e+15,5.645049299419160338e-01
1.650273790880115250e+15,5.645049299419160338e-01
1.650273790882005750e+15,5.645049299419161448e-01
1.650273790883896500e+15,5.645049299419162558e-01
1.650273790885787000e+15,5.645049299419162558e-01
1.650273790887677750e+15,5.645049299419162558e-01
1.650273790889568250e+15,5.645049299419162558e-01
1.650273790891459000e+15,5.645049299419162558e-01
1.650273790893349500e+15,5.645049299419161448e-01
1.650273790895240250e+15,5.645049299419162558e-01
1.650273790897131000e+15,5.645049299419162558e-01
1.650273790899021500e+15,5.652660839740879517e-01
1.650273790900912250e+15,5.661401513815148556e-01
1.650273790902802750e+15,5.670141032174215168e-01
1.650273790904693500e+15,5.678881706248485317e-01
1.650273790906584000e+15,5.687621224607551929e-01
1.650273790908474750e+15,5.696361898681820968e-01
1.650273790910365500e+15,5.705102572756091117e-01
1.650273790912256000e+15,5.706408530934581336e-01
1.650273790914146750e+15,5.706408530934582446e-01
1.650273790916037250e+15,5.706408530934583556e-01
1.650273790917928000e+15,5.706408530934583556e-01
1.650273790919818500e+15,5.706408530934583556e-01
1.650273790921709250e+15,5.706408530934583556e-01
1.650273790923599750e+15,5.706408530934584666e-01
1.650273790925490500e+15,5.706408530934585777e-01
1.650273790927381250e+15,5.706408530934585777e-01
1.650273790929271750e+15,5.712431217026627817e-01
1.650273790931162500e+15,5.719826829125038703e-01
1.650273790933053000e+15,5.727221463355923747e-01
1.650273790934943750e+15,5.734617075454335744e-01
1.650273790936834250e+15,5.742011709685220788e-01
1.650273790938725000e+15,5.749407321783632785e-01
1.650273790940615750e+15,5.756802933882043671e-01
1.650273790942506250e+15,5.764197568112928716e-01
1.650273790944397000e+15,5.767767762450004554e-01
1.650273790946287500e+15,5.767767762450004554e-01
1.650273790948178250e+15,5.767767762450004554e-01
1.650273790950068750e+15,5.767767762450004554e-01
1.650273790951959500e+15,5.767767762450004554e-01
1.650273790953850000e+15,5.767767762450004554e-01
1.650273790955740750e+15,5.767767762450004554e-01
1.650273790957631500e+15,5.767767762450004554e-01
1.650273790959522000e+15,5.767767762450004554e-01
1.650273790961412750e+15,5.767767762450004554e-01
1.650273790963303250e+15,5.767767762450004554e-01
1.650273790965194000e+15,5.767767762450005664e-01
1.650273790967084500e+15,5.767767762450004554e-01
1.650273790968975250e+15,5.767767762450005664e-01
1.650273790970866000e+15,5.767767762450004554e-01
1.650273790972756500e+15,5.767767762450004554e-01
1.650273790974647250e+15,5.767767762450004554e-01
1.650273790976537750e+15,5.767767762450004554e-01
1.650273790978428500e+15,5.767767762450004554e-01
1.650273790980319000e+15,5.767767762450005664e-01
1.650273790982209750e+15,5.767767762450005664e-01
1.650273790984100250e+15,5.767767762450005664e-01
1.650273790985991000e+15,5.767767762450004554e-01
1.650273790987881750e+15,5.767767762450004554e-01
1.650273790989772250e+15,5.767767762450005664e-01
1.650273790991663000e+15,5.767767762450004554e-01
1.650273790993553500e+15,5.767767762450005664e-01
1.650273790995444250e+15,5.767767762450004554e-01
1.650273790997334750e+15,5.761720888992271083e-01
1.650273790999225500e+15,5.755156728814169176e-01
1.650273791001116250e+15,5.748592568636066158e-01
1.650273791003006750e+15,5.742029276388703751e-01
1.650273791004897500e+15,5.735465116210600733e-01
1.650273791006788000e+15,5.728901823963238327e-01
1.650273791008678750e+15,5.722337663785136419e-01
1.650273791010569250e+15,5.715774371537771792e-01
1.650273791012460000e+15,5.709210211359669884e-01
1.650273791014350500e+15,5.712909237627356029e-01
1.650273791016241250e+15,5.724253225794735389e-01
1.650273791018132000e+15,5.735597213962114749e-01
1.650273791020022500e+15,5.746939702197169098e-01
1.650273791021913250e+15,5.758283690364548457e-01
1.650273791023803750e+15,5.767767762450010105e-01
1.650273791025694500e+15,5.767767762450008995e-01
1.650273791027585000e+15,5.767767762450008995e-01
1.650273791029475750e+15,5.767767762450010105e-01
1.650273791031366500e+15,5.767767762450008995e-01
1.650273791033257000e+15,5.767767762450008995e-01
1.650273791035147750e+15,5.767767762450008995e-01
1.650273791037038250e+15,5.767767762450008995e-01
1.650273791038929000e+15,5.767767762450008995e-01
1.650273791040819500e+15,5.767767762450008995e-01
1.650273791042710250e+15,5.767767762450008995e-01
1.650273791044600750e+15,5.767767762450010105e-01
1.650273791046491500e+15,5.767767762450008995e-01
1.650273791048382250e+15,5.767767762450007885e-01
1.650273791050272750e+15,5.767767762450008995e-01
1.650273791052163500e+15,5.767767762450008995e-01
1.650273791054054000e+15,5.767767762450008995e-01
1.650273791055944750e+15,5.767767762450008995e-01
1.650273791057835250e+15,5.767767762450007885e-01
1.650273791059726000e+15,5.767767762450007885e-01
1.650273791061616750e+15,5.767767762450008995e-01
1.650273791063507250e+15,5.767767762450007885e-01
1.650273791065398000e+15,5.767767762450007885e-01
1.650273791067288500e+15,5.767767762450007885e-01
1.650273791069179250e+15,5.767767762450006774e-01
1.650273791071069750e+15,5.767767762450006774e-01
1.650273791072960500e+15,5.767767762450006774e-01
1.650273791074851000e+15,5.767767762450005664e-01
1.650273791076741750e+15,5.767767762450005664e-01
1.650273791078632500e+15,5.767767762450004554e-01
1.650273791080523000e+15,5.767767762450004554e-01
1.650273791082413750e+15,5.767767762450004554e-01
1.650273791084304250e+15,5.767767762450003444e-01
1.650273791086195000e+15,5.767767762450004554e-01
1.650273791088085500e+15,5.767767762450004554e-01
1.650273791089976250e+15,5.767767762450004554e-01
1.650273791091867000e+15,5.767767762450004554e-01
1.650273791093757500e+15,5.767767762450003444e-01
1.650273791095648250e+15,5.775240420339101677e-01
1.650273791097538750e+15,5.788440195848876257e-01
1.650273791099429500e+15,5.801641716898919832e-01
1.650273791101320000e+15,5.814841492408696633e-01
1.650273791103210750e+15,5.828043013458740207e-01
1.650273791105101250e+15,5.810563031540681989e-01
1.650273791106992000e+15,5.790335507002668525e-01
1.650273791108882750e+15,5.770107982464656171e-01
1.650273791110773250e+15,5.749883132463801116e-01
1.650273791112664000e+15,5.729655607925788763e-01
1.650273791114554500e+15,5.709430757924933708e-01
1.650273791116445250e+15,5.706408530934592438e-01
1.650273791118335750e+15,5.706408530934592438e-01
1.650273791120226500e+15,5.706408530934592438e-01
1.650273791122117250e+15,5.706408530934592438e-01
1.650273791124007750e+15,5.706408530934592438e-01
1.650273791125898500e+15,5.706408530934592438e-01
1.650273791127789000e+15,5.706408530934591328e-01
1.650273791129679750e+15,5.710763683888492315e-01
1.650273791131570250e+15,5.716641546932824669e-01
1.650273791133461000e+15,5.722520187266635361e-01
1.650273791135351500e+15,5.728398050310968825e-01
1.650273791137242250e+15,5.734276690644779517e-01
1.650273791139133000e+15,5.740155330978591319e-01
1.650273791141023500e+15,5.746033194022923674e-01
1.650273791142914250e+15,5.751911834356735476e-01
1.650273791144804750e+15,5.757789697401067830e-01
1.650273791146695500e+15,5.763668337734879632e-01
1.650273791148586000e+15,5.765194444726802203e-01
1.650273791150476750e+15,5.756688324997513151e-01
1.650273791152367500e+15,5.748182205268224099e-01
1.650273791154258000e+15,5.739677210240736738e-01
1.650273791156148750e+15,5.731171090511447686e-01
1.650273791158039250e+15,5.722666095483961435e-01
1.650273791159930000e+15,5.714159975754672383e-01
1.650273791161820500e+15,5.706408530934592438e-01
1.650273791163711250e+15,5.706408530934592438e-01
1.650273791165601750e+15,5.706408530934592438e-01
1.650273791167492500e+15,5.706408530934592438e-01
1.650273791169383250e+15,5.706408530934592438e-01
1.650273791171273750e+15,5.706408530934592438e-01
1.650273791173164500e+15,5.706408530934592438e-01
1.650273791175055000e+15,5.706408530934592438e-01
1.650273791176945750e+15,5.706408530934592438e-01
1.650273791178836250e+15,5.706408530934592438e-01
1.650273791180727000e+15,5.706408530934592438e-01
1.650273791182617750e+15,5.706408530934592438e-01
1.650273791184508250e+15,5.706408530934592438e-01
1.650273791186399000e+15,5.710206604633516481e-01
1.650273791188289500e+15,5.716077625343098934e-01
1.650273791190180250e+15,5.721949422437327959e-01
1.650273791192070750e+15,5.727820443146908191e-01
1.650273791193961500e+15,5.733692240241137217e-01
1.650273791195852000e+15,5.739563260950718560e-01
1.650273791197742750e+15,5.745435058044947585e-01
1.650273791199633500e+15,5.751306855139176610e-01
1.650273791201524000e+15,5.757177875848757953e-01
1.650273791203414750e+15,5.763049672942986978e-01
1.650273791205305250e+15,5.765995857137309333e-01
1.650273791207196000e+15,5.756971668665951114e-01
1.650273791209086500e+15,5.747948673396823249e-01
1.650273791210977250e+15,5.738924484925465030e-01
1.650273791212868000e+15,5.729900296454107922e-01
1.650273791214758500e+15,5.720877301184981167e-01
1.650273791216649250e+15,5.711853112713622949e-01
1.650273791218539750e+15,5.706408530934592438e-01
1.650273791220430500e+15,5.706408530934591328e-01
1.650273791222321000e+15,5.706408530934590217e-01
1.650273791224211750e+15,5.706408530934590217e-01
1.650273791226102250e+15,5.706408530934589107e-01
1.650273791227993000e+15,5.706408530934589107e-01
1.650273791229883750e+15,5.706507573733844429e-01
1.650273791231774250e+15,5.717686105793197138e-01
1.650273791233665000e+15,5.728866116103286110e-01
1.650273791235555500e+15,5.740044648162638818e-01
1.650273791237446250e+15,5.751224658472726681e-01
1.650273791239336750e+15,5.762403190532079389e-01
1.650273791241227500e+15,5.777966647728940419e-01
1.650273791243118250e+15,5.797573706540464222e-01
1.650273791245008750e+15,5.817178172854460261e-01
1.650273791246899500e+15,5.836785231665986284e-01
1.650273791248790000e+15,5.856389697979983433e-01
1.650273791250680750e+15,5.875996756791508346e-01
1.650273791252571250e+15,5.888974691697467234e-01
1.650273791254462000e+15,5.883180606546002389e-01
1.650273791256352500e+15,5.877387287503903490e-01
1.650273791258243250e+15,5.871593202352437535e-01
1.650273791260134000e+15,5.865799117200971580e-01
1.650273791262024500e+15,5.860005798158873791e-01
1.650273791263915250e+15,5.854211713007406725e-01
1.650273791265805750e+15,5.848418393965308937e-01
1.650273791267696500e+15,5.842624308813842982e-01
1.650273791269587000e+15,5.836830989771745193e-01
1.650273791271477750e+15,5.831036904620278127e-01
1.650273791273368500e+15,5.829126993965432213e-01
1.650273791275259000e+15,5.829126993965432213e-01
1.650273791277149750e+15,5.829126993965433323e-01
1.650273791279040250e+15,5.829126993965434433e-01
1.650273791280931000e+15,5.829126993965434433e-01
1.650273791282821500e+15,5.829126993965434433e-01
1.650273791284712250e+15,5.829126993965434433e-01
1.650273791286602750e+15,5.829126993965434433e-01
1.650273791288493500e+15,5.829126993965434433e-01
1.650273791290384250e+15,5.829126993965433323e-01
1.650273791292274750e+15,5.829126993965433323e-01
1.650273791294165500e+15,5.829126993965433323e-01
1.650273791296056000e+15,5.829126993965432213e-01
1.650273791297946750e+15,5.829126993965432213e-01
1.650273791299837250e+15,5.829126993965433323e-01
1.650273791301728000e+15,5.829126993965432213e-01
1.650273791303618750e+15,5.829126993965432213e-01
1.650273791305509250e+15,5.829126993965432213e-01
1.650273791307400000e+15,5.829126993965432213e-01
1.650273791309290500e+15,5.829126993965433323e-01
1.650273791311181250e+15,5.829126993965432213e-01
1.650273791313071750e+15,5.829126993965433323e-01
1.650273791314962500e+15,5.829126993965433323e-01
1.650273791316853000e+15,5.829126993965434433e-01
1.650273791318743750e+15,5.829126993965434433e-01
1.650273791320634500e+15,5.829763187439589434e-01
1.650273791322525000e+15,5.836246873492908493e-01
1.650273791324415750e+15,5.842731416949830114e-01
1.650273791326306250e+15,5.849215103003148064e-01
1.650273791328197000e+15,5.855699646460070795e-01
1.650273791330087500e+15,5.862183332513388745e-01
1.650273791331978250e+15,5.868667875970310366e-01
1.650273791333869000e+15,5.875152419427234207e-01
1.650273791335759500e+15,5.881636105480552157e-01
1.650273791337650250e+15,5.888120648937472668e-01
1.650273791339540750e+15,5.893764259705909225e-01
1.650273791341431500e+15,5.898925986302625546e-01
1.650273791343322000e+15,5.904087030402105363e-01
1.650273791345212750e+15,5.909248756998822794e-01
1.650273791347103250e+15,5.914409801098303721e-01
1.650273791348994000e+15,5.919571527695020041e-01
1.650273791350884750e+15,5.924733254291737472e-01
1.650273791352775250e+15,5.929894298391218399e-01
1.650273791354666000e+15,5.935056024987934720e-01
1.650273791356556500e+15,5.940217069087415647e-01
1.650273791358447250e+15,5.945378795684131967e-01
1.650273791360337750e+15,5.950539839783614005e-01
1.650273791362228500e+15,5.944938386983898981e-01
1.650273791364119250e+15,5.935692693089429373e-01
1.650273791366009750e+15,5.926448221685227669e-01
1.650273791367900500e+15,5.917202527790756950e-01
1.650273791369791000e+15,5.907958056386555246e-01
1.650273791371681750e+15,5.898712362492085637e-01
1.650273791373572250e+15,5.891357199508745479e-01
1.650273791375463000e+15,5.899264974506209791e-01
1.650273791377353500e+15,5.907171703916606065e-01
1.650273791379244250e+15,5.915079478914069266e-01
1.650273791381135000e+15,5.922987253911533578e-01
1.650273791383025500e+15,5.930893983321929852e-01
1.650273791384916250e+15,5.938801758319394164e-01
1.650273791386806750e+15,5.946708487729789328e-01
1.650273791388697500e+15,5.947822249268759354e-01
1.650273791390588000e+15,5.936341684425140430e-01
1.650273791392478750e+15,5.924859601389926844e-01
1.650273791394369500e+15,5.913377518354714368e-01
1.650273791396260000e+15,5.901896953511096555e-01
1.650273791398150750e+15,5.890486225480862092e-01
1.650273791400041250e+15,5.890486225480862092e-01
1.650273791401932000e+15,5.890486225480862092e-01
1.650273791403822500e+15,5.890486225480862092e-01
1.650273791405713250e+15,5.890486225480862092e-01
1.650273791407603750e+15,5.890486225480863203e-01
1.650273791409494500e+15,5.890486225480864313e-01
1.650273791411385250e+15,5.890486225480863203e-01
1.650273791413275750e+15,5.890486225480864313e-01
1.650273791415166500e+15,5.890486225480864313e-01
1.650273791417057000e+15,5.890486225480864313e-01
1.650273791418947750e+15,5.890486225480863203e-01
1.650273791420838250e+15,5.890486225480863203e-01
1.650273791422729000e+15,5.890486225480862092e-01
1.650273791424619750e+15,5.890486225480862092e-01
1.650273791426510250e+15,5.890486225480862092e-01
1.650273791428401000e+15,5.890486225480862092e-01
1.650273791430291500e+15,5.890486225480862092e-01
1.650273791432182250e+15,5.890486225480862092e-01
1.650273791434072750e+15,5.890486225480862092e-01
1.650273791435963500e+15,5.890486225480862092e-01
1.650273791437854000e+15,5.890486225480862092e-01
1.650273791439744750e+15,5.890486225480862092e-01
1.650273791441635500e+15,5.890486225480862092e-01
1.650273791443526000e+15,5.890486225480863203e-01
1.650273791445416750e+15,5.890486225480862092e-01
1.650273791447307250e+15,5.890486225480863203e-01
1.650273791449198000e+15,5.890486225480863203e-01
1.650273791451088500e+15,5.890486225480864313e-01
1.650273791452979250e+15,5.890486225480864313e-01
1.650273791454870000e+15,5.890486225480864313e-01
1.650273791456760500e+15,5.890486225480864313e-01
1.650273791458651250e+15,5.890486225480863203e-01
1.650273791460541750e+15,5.890486225480864313e-01
1.650273791462432500e+15,5.890486225480863203e-01
1.650273791464323000e+15,5.890486225480862092e-01
1.650273791466213750e+15,5.890486225480863203e-01
1.650273791468104250e+15,5.890486225480862092e-01
1.650273791469995000e+15,5.890486225480863203e-01
1.650273791471885750e+15,5.890486225480862092e-01
1.650273791473776250e+15,5.890486225480862092e-01
1.650273791475667000e+15,5.890486225480863203e-01
1.650273791477557500e+15,5.890486225480864313e-01
1.650273791479448250e+15,5.890486225480864313e-01
1.650273791481338750e+15,5.890486225480864313e-01
1.650273791483229500e+15,5.890486225480864313e-01
1.650273791485120250e+15,5.890486225480864313e-01
1.650273791487010750e+15,5.890486225480864313e-01
1.650273791488901500e+15,5.890486225480864313e-01
1.650273791490792000e+15,5.890486225480864313e-01
1.650273791492682750e+15,5.890486225480864313e-01
1.650273791494573250e+15,5.890486225480865423e-01
1.650273791496464000e+15,5.890486225480864313e-01
1.650273791498354500e+15,5.890486225480864313e-01
1.650273791500245250e+15,5.890486225480864313e-01
1.650273791502136000e+15,5.890486225480864313e-01
1.650273791504026500e+15,5.890486225480864313e-01
1.650273791505917250e+15,5.890486225480864313e-01
1.650273791507807750e+15,5.890486225480864313e-01
1.650273791509698500e+15,5.890486225480864313e-01
1.650273791511589000e+15,5.890486225480864313e-01
1.650273791513479750e+15,5.890486225480864313e-01
1.650273791515370500e+15,5.890486225480864313e-01
1.650273791517261000e+15,5.890486225480864313e-01
1.650273791519151750e+15,5.890486225480864313e-01
1.650273791521042250e+15,5.890486225480864313e-01
1.650273791522933000e+15,5.890486225480864313e-01
1.650273791524823500e+15,5.890486225480864313e-01
1.650273791526714250e+15,5.890486225480864313e-01
1.650273791528604750e+15,5.890486225480864313e-01
1.650273791530495500e+15,5.890486225480864313e-01
1.650273791532386250e+15,5.890486225480864313e-01
1.650273791534276750e+15,5.890486225480864313e-01
1.650273791536167500e+15,5.890486225480864313e-01
1.650273791538058000e+15,5.890486225480864313e-01
1.650273791539948750e+15,5.890486225480864313e-01
1.650273791541839250e+15,5.890486225480864313e-01
1.650273791543730000e+15,5.890486225480864313e-01
1.650273791545620750e+15,5.890486225480864313e-01
1.650273791547511250e+15,5.890486225480864313e-01
1.650273791549402000e+15,5.890486225480864313e-01
1.650273791551292500e+15,5.890486225480864313e-01
1.650273791553183250e+15,5.890486225480864313e-01
1.650273791555073750e+15,5.890486225480864313e-01
1.650273791556964500e+15,5.890486225480864313e-01
1.650273791558855000e+15,5.890486225480864313e-01
1.650273791560745750e+15,5.890486225480864313e-01
1.650273791562636500e+15,5.890486225480863203e-01
1.650273791564527000e+15,5.890486225480864313e-01
1.650273791566417750e+15,5.890486225480864313e-01
1.650273791568308250e+15,5.890486225480864313e-01
1.650273791570199000e+15,5.890486225480864313e-01
1.650273791572089500e+15,5.890486225480865423e-01
1.650273791573980250e+15,5.890486225480864313e-01
1.650273791575871000e+15,5.890486225480864313e-01
1.650273791577761500e+15,5.890486225480863203e-01
1.650273791579652250e+15,5.890486225480862092e-01
1.650273791581542750e+15,5.890486225480862092e-01
1.650273791583433500e+15,5.890486225480862092e-01
1.650273791585324000e+15,5.890486225480860982e-01
1.650273791587214750e+15,5.890486225480860982e-01
1.650273791589105250e+15,5.890486225480860982e-01
1.650273791590996000e+15,5.890486225480859872e-01
1.650273791592886750e+15,5.890486225480859872e-01
1.650273791594777250e+15,5.898110671403162808e-01
1.650273791596668000e+15,5.906705645991086051e-01
1.650273791598558500e+15,5.915299484128582197e-01
1.650273791600449250e+15,5.923894458716505440e-01
1.650273791602339750e+15,5.932488296854001586e-01
1.650273791604230500e+15,5.941083271441924829e-01
1.650273791606121250e+15,5.949678246029849182e-01
1.650273791608011750e+15,5.947947958970725146e-01
1.650273791609902500e+15,5.942735443043700716e-01
1.650273791611793000e+15,5.937523616329412057e-01
1.650273791613683750e+15,5.932311100402387627e-01
1.650273791615574250e+15,5.927099273688100078e-01
1.650273791617465000e+15,5.921886757761075648e-01
1.650273791619355500e+15,5.916674931046788100e-01
1.650273791621246250e+15,5.911462415119762559e-01
1.650273791623137000e+15,5.906249899192738129e-01
1.650273791625027500e+15,5.901038072478450580e-01
1.650273791626918250e+15,5.895825556551426150e-01
1.650273791628808750e+15,5.890613729837137491e-01
1.650273791630699500e+15,5.890486225480864313e-01
1.650273791632590000e+15,5.890486225480864313e-01
1.650273791634480750e+15,5.890486225480864313e-01
1.650273791636371500e+15,5.890486225480864313e-01
1.650273791638262000e+15,5.890486225480864313e-01
1.650273791640152750e+15,5.890486225480864313e-01
1.650273791642043250e+15,5.890486225480864313e-01
1.650273791643934000e+15,5.890486225480865423e-01
1.650273791645824500e+15,5.890486225480865423e-01
1.650273791647715250e+15,5.890486225480864313e-01
1.650273791649606000e+15,5.890486225480864313e-01
1.650273791651496500e+15,5.890486225480864313e-01
1.650273791653387250e+15,5.890486225480864313e-01
1.650273791655277750e+15,5.890486225480864313e-01
1.650273791657168500e+15,5.890486225480864313e-01
1.650273791659059000e+15,5.890486225480864313e-01
1.650273791660949750e+15,5.890486225480864313e-01
1.650273791662840250e+15,5.890486225480865423e-01
1.650273791664731000e+15,5.890486225480864313e-01
1.650273791666621750e+15,5.890486225480863203e-01
1.650273791668512250e+15,5.890486225480864313e-01
1.650273791670403000e+15,5.890486225480863203e-01
1.650273791672293500e+15,5.890486225480864313e-01
1.650273791674184250e+15,5.890486225480864313e-01
1.650273791676074750e+15,5.890486225480864313e-01
1.650273791677965500e+15,5.890486225480864313e-01
1.650273791679856250e+15,5.890486225480864313e-01
1.650273791681746750e+15,5.890486225480864313e-01
1.650273791683637500e+15,5.890486225480863203e-01
1.650273791685528000e+15,5.895827630785901441e-01
1.650273791687418750e+15,5.903991949363507352e-01
1.650273791689309250e+15,5.912155188433170228e-01
1.650273791691200000e+15,5.920319507010776139e-01
1.650273791693090500e+15,5.928482746080439014e-01
1.650273791694981250e+15,5.936647064658046036e-01
1.650273791696872000e+15,5.944811383235651947e-01
1.650273791698762500e+15,5.951061375729610470e-01
1.650273791700653250e+15,5.945392153339666974e-01
1.650273791702543750e+15,5.939723680549404694e-01
1.650273791704434500e+15,5.934054458159462309e-01
1.650273791706325000e+15,5.928385985369200029e-01
1.650273791708215750e+15,5.922716762979256533e-01
1.650273791710106500e+15,5.917047540589314147e-01
1.650273791711997000e+15,5.911379067799052978e-01
1.650273791713887750e+15,5.905709845409109482e-01
1.650273791715778250e+15,5.900041372618848312e-01
1.650273791717669000e+15,5.894372150228905927e-01
1.650273791719559500e+15,5.888964022879628057e-01
1.650273791721450250e+15,5.884122804093623316e-01
1.650273791723340750e+15,5.879282225426460951e-01
1.650273791725231500e+15,5.874441006640456209e-01
1.650273791727122250e+15,5.869599787854453687e-01
1.650273791729012750e+15,5.864759209187289102e-01
1.650273791730903500e+15,5.859917990401284360e-01
1.650273791732794000e+15,5.855077411734121995e-01
1.650273791734684750e+15,5.850236192948117253e-01
1.650273791736575250e+15,5.845395614280952667e-01
1.650273791738466000e+15,5.840554395494950146e-01
1.650273791740356750e+15,5.835713176708945404e-01
1.650273791742247250e+15,5.830872598041781929e-01
1.650273791744138000e+15,5.834172791197247410e-01
1.650273791746028500e+15,5.842062848820693821e-01
1.650273791747919250e+15,5.849953949826529609e-01
1.650273791749809750e+15,5.857844007449977131e-01
1.650273791751700500e+15,5.865735108455811808e-01
1.650273791753591000e+15,5.873625166079259330e-01
1.650273791755481750e+15,5.881516267085095118e-01
1.650273791757372500e+15,5.889407368090930905e-01
1.650273791759263000e+15,5.884859215712755498e-01
1.650273791761153750e+15,5.878340055958440891e-01
1.650273791763044250e+15,5.871821758184787576e-01
1.650273791764935000e+15,5.865302598430472969e-01
1.650273791766825500e+15,5.858784300656820765e-01
1.650273791768716250e+15,5.852265140902505047e-01
1.650273791770607000e+15,5.845745981148190440e-01
1.650273791772497500e+15,5.839227683374537126e-01
1.650273791774388250e+15,5.832708523620222518e-01
1.650273791776278750e+15,5.829126993965431103e-01
1.650273791778169500e+15,5.829126993965432213e-01
1.650273791780060000e+15,5.829126993965432213e-01
1.650273791781950750e+15,5.829126993965432213e-01
1.650273791783841250e+15,5.829126993965432213e-01
1.650273791785732000e+15,5.829126993965432213e-01
1.650273791787622750e+15,5.829126993965432213e-01
1.650273791789513250e+15,5.837235976689215677e-01
1.650273791791404000e+15,5.850873565379446362e-01
1.650273791793294500e+15,5.864509350871384141e-01
1.650273791795185250e+15,5.878146939561614825e-01
1.650273791797075750e+15,5.889642424557831601e-01
1.650273791798966500e+15,5.880766671594188644e-01
1.650273791800857250e+15,5.871890918630542355e-01
1.650273791802747750e+15,5.863016339242591579e-01
1.650273791804638500e+15,5.854140586278947511e-01
1.650273791806529000e+15,5.845266006890996735e-01
1.650273791808419750e+15,5.836390253927351557e-01
1.650273791810310250e+15,5.827158164218512182e-01
1.650273791812201000e+15,5.816313110048118018e-01
1.650273791814091500e+15,5.805469489839667485e-01
1.650273791815982250e+15,5.794624435669274432e-01
1.650273791817873000e+15,5.783779381498880268e-01
1.650273791819763500e+15,5.772935761290429735e-01
1.650273791821654250e+15,5.762090707120035571e-01
1.650273791823544750e+15,5.751247086911583928e-01
1.650273791825435500e+15,5.740402032741189764e-01
1.650273791827326000e+15,5.729558412532739231e-01
1.650273791829216750e+15,5.718713358362346177e-01
1.650273791831107500e+15,5.707868304191952014e-01
1.650273791832998000e+15,5.713145240065464758e-01
1.650273791834888750e+15,5.720930956929284328e-01
1.650273791836779250e+15,5.728715644344887226e-01
1.650273791838670000e+15,5.736501361208705685e-01
1.650273791840560500e+15,5.744286048624309693e-01
1.650273791842451250e+15,5.752071765488129262e-01
1.650273791844341750e+15,5.759856452903732160e-01
1.650273791846232500e+15,5.767642169767551730e-01
1.650273791848123250e+15,5.747253112840631228e-01
1.650273791850013750e+15,5.726404869278464149e-01
1.650273791851904500e+15,5.705553868741479739e-01
1.650273791853795000e+15,5.684705625179311550e-01
1.650273791855685750e+15,5.663854624642328250e-01
1.650273791857576250e+15,5.646140896234516093e-01
1.650273791859467000e+15,5.657282254823565726e-01
1.650273791861357750e+15,5.668423613412616469e-01
1.650273791863248250e+15,5.679563498861563975e-01
1.650273791865139000e+15,5.690704857450614718e-01
1.650273791867029500e+15,5.701844742899563334e-01
1.650273791868920250e+15,5.700759686218783706e-01
1.650273791870810750e+15,5.691192706657552947e-01
1.650273791872701500e+15,5.681624461957530681e-01
1.650273791874592000e+15,5.672057482396299921e-01
1.650273791876482750e+15,5.662489237696274325e-01
1.650273791878373500e+15,5.652920992996250948e-01
1.650273791880264000e+15,5.647120366679376779e-01
1.650273791882154750e+15,5.658809532118953545e-01
1.650273791884045250e+15,5.670497151985947060e-01
1.650273791885936000e+15,5.682186317425522715e-01
1.650273791887826500e+15,5.693873937292518450e-01
1.650273791889717250e+15,5.705563102732094105e-01
1.650273791891608000e+15,5.706408530934585777e-01
1.650273791893498500e+15,5.706408530934585777e-01
1.650273791895389250e+15,5.706408530934585777e-01
1.650273791897279750e+15,5.706408530934585777e-01
1.650273791899170500e+15,5.706408530934585777e-01
1.650273791901061000e+15,5.705559180485428872e-01
1.650273791902951750e+15,5.702563080929934358e-01
1.650273791904842250e+15,5.699567377526705281e-01
1.650273791906733000e+15,5.696571277971210767e-01
1.650273791908623750e+15,5.693575178415718474e-01
1.650273791910514250e+15,5.690579475012487176e-01
1.650273791912405000e+15,5.687583375456994883e-01
1.650273791914295500e+15,5.684587672053762475e-01
1.650273791916186250e+15,5.681591572498270182e-01
1.650273791918076750e+15,5.678595869095038884e-01
1.650273791919967500e+15,5.675599769539547701e-01
1.650273791921858250e+15,5.672603669984053187e-01
1.650273791923748750e+15,5.669607966580823000e-01
1.650273791925639500e+15,5.666611867025329596e-01
1.650273791927530000e+15,5.663616163622098298e-01
1.650273791929420750e+15,5.660620064066606005e-01
1.650273791931311250e+15,5.657624360663374707e-01
1.650273791933202000e+15,5.654628261107881304e-01
1.650273791935092500e+15,5.651632557704651116e-01
1.650273791936983250e+15,5.648636458149157713e-01
1.650273791938874000e+15,5.645640358593664310e-01
1.650273791940764500e+15,5.645049299419159228e-01
1.650273791942655250e+15,5.645049299419161448e-01
1.650273791944545750e+15,5.645049299419162558e-01
1.650273791946436500e+15,5.645049299419164779e-01
1.650273791948327000e+15,5.645049299419165889e-01
1.650273791950217750e+15,5.649394898874594562e-01
1.650273791952108500e+15,5.658598418527743812e-01
1.650273791953999000e+15,5.667800721267016728e-01
1.650273791955889750e+15,5.677004240920167089e-01
1.650273791957780250e+15,5.686206543659438895e-01
1.650273791959671000e+15,5.695410063312588145e-01
1.650273791961561500e+15,5.704612366051859951e-01
1.650273791963452250e+15,5.713815885705011421e-01
1.650273791965342750e+15,5.723018188444283227e-01
1.650273791967233500e+15,5.732221708097432478e-01
1.650273791969124250e+15,5.741425227750582838e-01
1.650273791971014750e+15,5.750627530489854644e-01
1.650273791972905500e+15,5.759831050143005005e-01
1.650273791974796000e+15,5.767081830719243962e-01
1.650273791976686750e+15,5.762093656027191813e-01
1.650273791978577250e+15,5.757106140884878931e-01
1.650273791980468000e+15,5.752117966192825671e-01
1.650273791982358750e+15,5.747129791500772411e-01
1.650273791984249250e+15,5.742142276358459529e-01
1.650273791986140000e+15,5.737154101666406270e-01
1.650273791988030500e+15,5.732166586524094498e-01
1.650273791989921250e+15,5.727178411832041238e-01
1.650273791991811750e+15,5.722190896689728357e-01
1.650273791993702500e+15,5.717202721997675097e-01
1.650273791995593000e+15,5.712215206855362215e-01
1.650273791997483750e+15,5.707227032163308955e-01
1.650273791999374500e+15,5.717518425012961814e-01
1.650273792001265000e+15,5.730807418847297940e-01
1.650273792003155750e+15,5.744098170020147665e-01
1.650273792005046250e+15,5.757387163854483791e-01
1.650273792006937000e+15,5.766125486664693822e-01
1.650273792008827500e+15,5.758626157263353473e-01
1.650273792010718250e+15,5.751125836149583170e-01
1.650273792012609000e+15,5.743625515035812867e-01
1.650273792014499500e+15,5.736126185634473629e-01
1.650273792016390250e+15,5.728625864520703326e-01
1.650273792018280750e+15,5.721126535119362977e-01
1.650273792020171500e+15,5.713626214005592674e-01
1.650273792022062000e+15,5.706012160682779610e-01
1.650273792023952750e+15,5.695456709223605252e-01
1.650273792025843250e+15,5.684902653434330544e-01
1.650273792027734000e+15,5.674347201975155075e-01
1.650273792029624750e+15,5.663791750515980716e-01
1.650273792031515250e+15,5.653237694726704898e-01
1.650273792033406000e+15,5.645049299419158118e-01
1.650273792035296500e+15,5.645049299419158118e-01
1.650273792037187250e+15,5.645049299419158118e-01
1.650273792039077750e+15,5.645049299419158118e-01
1.650273792040968500e+15,5.645049299419158118e-01
1.650273792042859250e+15,5.645049299419158118e-01
1.650273792044749750e+15,5.645049299419158118e-01
1.650273792046640500e+15,5.645049299419158118e-01
1.650273792048531000e+15,5.645049299419158118e-01
1.650273792050421750e+15,5.645049299419158118e-01
1.650273792052312250e+15,5.645049299419158118e-01
1.650273792054203000e+15,5.645049299419158118e-01
1.650273792056093500e+15,5.645049299419158118e-01
1.650273792057984250e+15,5.645049299419158118e-01
1.650273792059875000e+15,5.645049299419158118e-01
1.650273792061765500e+15,5.645049299419158118e-01
1.650273792063656250e+15,5.640153106465706223e-01
1.650273792065546750e+15,5.631528598868686952e-01
1.650273792067437500e+15,5.622902950765505947e-01
1.650273792069328000e+15,5.614278443168487787e-01
1.650273792071218750e+15,5.605652795065305671e-01
1.650273792073109500e+15,5.597027146962124666e-01
1.650273792075000000e+15,5.588402639365105395e-01
1.650273792076890750e+15,5.594005803072757965e-01
1.650273792078781250e+15,5.616741911888891714e-01
1.650273792080672000e+15,5.639481027331422203e-01
1.650273792082562500e+15,5.662217136147555951e-01
1.650273792084453250e+15,5.684956251590085330e-01
1.650273792086343750e+15,5.705488379503207419e-01
1.650273792088234500e+15,5.689190709068734364e-01
1.650273792090125250e+15,5.672893038634263529e-01
1.650273792092015750e+15,5.656597523121175142e-01
1.650273792093906500e+15,5.640299852686703197e-01
1.650273792095797000e+15,5.624004337173615919e-01
1.650273792097687750e+15,5.607706666739142864e-01
1.650273792099578250e+15,5.591411151226056697e-01
1.650273792101469000e+15,5.583690067903734899e-01
1.650273792103359750e+15,5.583690067903734899e-01
1.650273792105250250e+15,5.583690067903734899e-01
1.650273792107141000e+15,5.583690067903734899e-01
1.650273792109031500e+15,5.583690067903734899e-01
1.650273792110922250e+15,5.583690067903734899e-01
1.650273792112812750e+15,5.583690067903734899e-01
1.650273792114703500e+15,5.583690067903734899e-01
1.650273792116594000e+15,5.583690067903734899e-01
1.650273792118484750e+15,5.583690067903734899e-01
1.650273792120375500e+15,5.583690067903734899e-01
1.650273792122266000e+15,5.583690067903734899e-01
1.650273792124156750e+15,5.583690067903734899e-01
1.650273792126047250e+15,5.583690067903734899e-01
1.650273792127938000e+15,5.583690067903737120e-01
1.650273792129828500e+15,5.583690067903737120e-01
1.650273792131719250e+15,5.583690067903738230e-01
1.650273792133610000e+15,5.582585039176383157e-01
1.650273792135500500e+15,5.544602188102409901e-01
1.650273792137391250e+15,5.506614314170585889e-01
1.650273792139281750e+15,5.468631463096613743e-01
1.650273792141172500e+15,5.430643589164789731e-01
1.650273792143063000e+15,5.392660738090817585e-01
1.650273792144953750e+15,5.354672864158993573e-01
1.650273792146844250e+15,5.345438890679827804e-01
1.650273792148735000e+15,5.358098061064222595e-01
1.650273792150625750e+15,5.370757231448616276e-01
1.650273792152516250e+15,5.383414728003792504e-01
1.650273792154407000e+15,5.396073898388186185e-01
1.650273792156297500e+15,5.408731394943362414e-01
1.650273792158188250e+15,5.421390565327754985e-01
1.650273792160078750e+15,5.434048061882931213e-01
1.650273792161969500e+15,5.446707232267326004e-01
1.650273792163860250e+15,5.459366402651719685e-01
1.650273792165750750e+15,5.453641401411880585e-01
1.650273792167641500e+15,5.445245470959733103e-01
1.650273792169532000e+15,5.436850650639867277e-01
1.650273792171422750e+15,5.428454720187719795e-01
1.650273792173313250e+15,5.420059899867855080e-01
1.650273792175204000e+15,5.411663969415706488e-01
1.650273792177094500e+15,5.403269149095841772e-01
1.650273792178985250e+15,5.399612373357460804e-01
1.650273792180876000e+15,5.399612373357460804e-01
1.650273792182766500e+15,5.399612373357460804e-01
1.650273792184657250e+15,5.399612373357460804e-01
1.650273792186547750e+15,5.399612373357460804e-01
1.650273792188438500e+15,5.399612373357460804e-01
1.650273792190329000e+15,5.399612373357460804e-01
1.650273792192219750e+15,5.399612373357460804e-01
1.650273792194110500e+15,5.399612373357460804e-01
1.650273792196001000e+15,5.399612373357460804e-01
1.650273792197891750e+15,5.399612373357460804e-01
1.650273792199782250e+15,5.390246799193433302e-01
1.650273792201673000e+15,5.378210803033272036e-01
1.650273792203563500e+15,5.366176398304576267e-01
1.650273792205454250e+15,5.354140402144415001e-01
1.650273792207344750e+15,5.342105997415719232e-01
1.650273792209235500e+15,5.344004311518528727e-01
1.650273792211126250e+15,5.352463295622631456e-01
1.650273792213016750e+15,5.360921161257330425e-01
1.650273792214907500e+15,5.369380145361434264e-01
1.650273792216798000e+15,5.377838010996133233e-01
1.650273792218688750e+15,5.386296995100237073e-01
1.650273792220579250e+15,5.394754860734936042e-01
1.650273792222470000e+15,5.394563392332216711e-01
1.650273792224360750e+15,5.382704558949024110e-01
1.650273792226251250e+15,5.370847293572360570e-01
1.650273792228142000e+15,5.358988460189166858e-01
1.650273792230032500e+15,5.347131194812504429e-01
1.650273792231923250e+15,5.336989941721711483e-01
1.650273792233813750e+15,5.331965049922712252e-01
1.650273792235704500e+15,5.326939493631276390e-01
1.650273792237595000e+15,5.321914601832276048e-01
1.650273792239485750e+15,5.316889045540840186e-01
1.650273792241376500e+15,5.311863489249404324e-01
1.650273792243267000e+15,5.306838597450405093e-01
1.650273792245157750e+15,5.301813041158969231e-01
1.650273792247048250e+15,5.296788149359968889e-01
1.650273792248939000e+15,5.291762593068533027e-01
1.650273792250829500e+15,5.286737701269533796e-01
1.650273792252720250e+15,5.281712144978096823e-01
1.650273792254611000e+15,5.276893910326609927e-01
1.650273792256501500e+15,5.276893910326609927e-01
1.650273792258392250e+15,5.276893910326609927e-01
1.650273792260282750e+15,5.276893910326609927e-01
1.650273792262173500e+15,5.276893910326609927e-01
1.650273792264064000e+15,5.276893910326611037e-01
1.650273792265954750e+15,5.276893910326609927e-01
1.650273792267845250e+15,5.276893910326611037e-01
1.650273792269736000e+15,5.282299687873944771e-01
1.650273792271626750e+15,5.292935456758047774e-01
1.650273792273517250e+15,5.303569819352466075e-01
1.650273792275408000e+15,5.314205588236569078e-01
1.650273792277298500e+15,5.324839950830987378e-01
1.650273792279189250e+15,5.335475719715090381e-01
1.650273792281079750e+15,5.331429885871401542e-01
1.650273792282970500e+15,5.322193393137211181e-01
1.650273792284861250e+15,5.312956900403020821e-01
1.650273792286751750e+15,5.303721628942497102e-01
1.650273792288642500e+15,5.294485136208305631e-01
1.650273792290533000e+15,5.285249864747780801e-01
1.650273792292423750e+15,5.276013372013590441e-01
1.650273792294314250e+15,5.266778100553066722e-01
1.650273792296205000e+15,5.257541607818875251e-01
1.650273792298095500e+15,5.248306336358350421e-01
1.650273792299986250e+15,5.239069843624160061e-01
1.650273792301877000e+15,5.229833350889970811e-01
1.650273792303767500e+15,5.220598079429445981e-01
1.650273792305658250e+15,5.212879218883011978e-01
1.650273792307548750e+15,5.207002546955361577e-01
1.650273792309439500e+15,5.201125097895744620e-01
1.650273792311330000e+15,5.195248425968093109e-01
1.650273792313220750e+15,5.189370976908475042e-01
1.650273792315111500e+15,5.183493527848856974e-01
1.650273792317002000e+15,5.177616855921206573e-01
1.650273792318892750e+15,5.171739406861589616e-01
1.650273792320783250e+15,5.165862734933938105e-01
1.650273792322674000e+15,5.159985285874321148e-01
1.650273792324564500e+15,5.154358089338891835e-01
1.650273792326455250e+15,5.170419970411547217e-01
1.650273792328345750e+15,5.186479727739515821e-01
1.650273792330236500e+15,5.202541608812171203e-01
1.650273792332127250e+15,5.218603489884826585e-01
1.650273792334017750e+15,5.234663247212794079e-01
1.650273792335908500e+15,5.250725128285449461e-01
1.650273792337799000e+15,5.266784885613418066e-01
1.650273792339689750e+15,5.276893910326605486e-01
1.650273792341580250e+15,5.276893910326605486e-01
1.650273792343471000e+15,5.276893910326605486e-01
1.650273792345361750e+15,5.276893910326605486e-01
1.650273792347252250e+15,5.276893910326605486e-01
1.650273792349143000e+15,5.276893910326605486e-01
1.650273792351033500e+15,5.276893910326605486e-01
1.650273792352924250e+15,5.260990849872306807e-01
1.650273792354814750e+15,5.237779318670723328e-01
1.650273792356705500e+15,5.214564717972814956e-01
1.650273792358596000e+15,5.191353186771231476e-01
1.650273792360486750e+15,5.168138586073323104e-01
1.650273792362377500e+15,5.154175447295750168e-01
1.650273792364268000e+15,5.154175447295752388e-01
1.650273792366158750e+15,5.154175447295752388e-01
1.650273792368049250e+15,5.154175447295754608e-01
1.650273792369940000e+15,5.154175447295754608e-01
1.650273792371830500e+15,5.154175447295756829e-01
1.650273792373721250e+15,5.154175447295757939e-01
1.650273792375612000e+15,5.154175447295759049e-01
1.650273792377502500e+15,5.154175447295760160e-01
1.650273792379393250e+15,5.154175447295762380e-01
1.650273792381283750e+15,5.154175447295762380e-01
1.650273792383174500e+15,5.162267994964456763e-01
1.650273792385065000e+15,5.171599474908136207e-01
1.650273792386955750e+15,5.180932188848107467e-01
1.650273792388846250e+15,5.190263668791786911e-01
1.650273792390737000e+15,5.199596382731757060e-01
1.650273792392627750e+15,5.208929096671728320e-01
1.650273792394518250e+15,5.218829344402271531e-01
1.650273792396409000e+15,5.230109360638324212e-01
1.650273792398299500e+15,5.241387885400591307e-01
1.650273792400190250e+15,5.252667901636643988e-01
1.650273792402080750e+15,5.263946426398912193e-01
1.650273792403971500e+15,5.275226442634964874e-01
1.650273792405862250e+15,5.260359908858389666e-01
1.650273792407752750e+15,5.240960355855646124e-01
1.650273792409643500e+15,5.221558237453138851e-01
1.650273792411534000e+15,5.202158684450395310e-01
1.650273792413424750e+15,5.182756566047889146e-01
1.650273792415315250e+15,5.163357013045144495e-01
1.650273792417206000e+15,5.154175447295763490e-01
1.650273792419096500e+15,5.154175447295761270e-01
1.650273792420987250e+15,5.154175447295759049e-01
1.650273792422878000e+15,5.154175447295757939e-01
1.650273792424768500e+15,5.154175447295755719e-01
1.650273792426659250e+15,5.154175447295754608e-01
1.650273792428549750e+15,5.154175447295752388e-01
1.650273792430440500e+15,5.154175447295750168e-01
1.650273792432331000e+15,5.159436246981417007e-01
1.650273792434221750e+15,5.165775862663810614e-01
1.650273792436112500e+15,5.172115478346203110e-01
1.650273792438003000e+15,5.178454255787728888e-01
1.650273792439893750e+15,5.184793871470121385e-01
1.650273792441784250e+15,5.191132648911647163e-01
1.650273792443675000e+15,5.197472264594040769e-01
1.650273792445565500e+15,5.203811042035566548e-01
1.650273792447456250e+15,5.210150657717960154e-01
1.650273792449346750e+15,5.217018126015627866e-01
1.650273792451237500e+15,5.226868267549658054e-01
1.650273792453128250e+15,5.236718409083687131e-01
1.650273792455018750e+15,5.246567248205771250e-01
1.650273792456909500e+15,5.256417389739800328e-01
1.650273792458800000e+15,5.266266228861885557e-01
1.650273792460690750e+15,5.276116370395914634e-01
1.650273792462581250e+15,5.268682892660124795e-01
1.650273792464472000e+15,5.259766894582366126e-01
1.650273792466362750e+15,5.250850896504608567e-01
1.650273792468253250e+15,5.241936077323857690e-01
1.650273792470144000e+15,5.233020079246100131e-01
1.650273792472034500e+15,5.224105260065350365e-01
1.650273792473925250e+15,5.215534678811177827e-01
1.650273792475815750e+15,5.215534678811178937e-01
1.650273792477706500e+15,5.215534678811178937e-01
1.650273792479597000e+15,5.215534678811180047e-01
1.650273792481487750e+15,5.215534678811180047e-01
1.650273792483378500e+15,5.215534678811181157e-01
1.650273792485269000e+15,5.215534678811182268e-01
1.650273792487159750e+15,5.213470343570937304e-01
1.650273792489050250e+15,5.202050809491403083e-01
1.650273792490941000e+15,5.190629765290990516e-01
1.650273792492831500e+15,5.179210231211455184e-01
1.650273792494722250e+15,5.167789187011042618e-01
1.650273792496613000e+15,5.156368142810630051e-01
1.650273792498503500e+15,5.157620251255611299e-01
1.650273792500394250e+15,5.161884253276627366e-01
1.650273792502284750e+15,5.166147691499940464e-01
1.650273792504175500e+15,5.170411693520955421e-01
1.650273792506066000e+15,5.174675131744268519e-01
1.650273792507956750e+15,5.178939133765284586e-01
1.650273792509847250e+15,5.183202571988597684e-01
1.650273792511738000e+15,5.187466574009613751e-01
1.650273792513628750e+15,5.191730576030628708e-01
1.650273792515519250e+15,5.195994014253941806e-01
1.650273792517410000e+15,5.200258016274956763e-01
1.650273792519300500e+15,5.204521454498270971e-01
1.650273792521191250e+15,5.208785456519285928e-01
1.650273792523081750e+15,5.213048894742599026e-01
1.650273792524972500e+15,5.215534678811178937e-01
1.650273792526863250e+15,5.215534678811177827e-01
1.650273792528753750e+15,5.215534678811177827e-01
1.650273792530644500e+15,5.215534678811177827e-01
1.650273792532535000e+15,5.215534678811177827e-01
1.650273792534425750e+15,5.215534678811177827e-01
1.650273792536316250e+15,5.215534678811177827e-01
1.650273792538207000e+15,5.215534678811177827e-01
1.650273792540097500e+15,5.215534678811177827e-01
1.650273792541988250e+15,5.215534678811177827e-01
1.650273792543879000e+15,5.215534678811177827e-01
1.650273792545769500e+15,5.215534678811177827e-01
1.650273792547660250e+15,5.215534678811177827e-01
1.650273792549550750e+15,5.215534678811178937e-01
1.650273792551441500e+15,5.215534678811177827e-01
1.650273792553332000e+15,5.215534678811177827e-01
1.650273792555222750e+15,5.215534678811177827e-01
1.650273792557113500e+15,5.215534678811177827e-01
1.650273792559004000e+15,5.215534678811177827e-01
1.650273792560894750e+15,5.215534678811177827e-01
1.650273792562785250e+15,5.215534678811177827e-01
1.650273792564676000e+15,5.215534678811177827e-01
1.650273792566566500e+15,5.215534678811177827e-01
1.650273792568457250e+15,5.215534678811177827e-01
1.650273792570347750e+15,5.215534678811177827e-01
1.650273792572238500e+15,5.215534678811177827e-01
1.650273792574129250e+15,5.215534678811177827e-01
1.650273792576019750e+15,5.215534678811176716e-01
1.650273792577910500e+15,5.215534678811177827e-01
1.650273792579801000e+15,5.215534678811177827e-01
1.650273792581691750e+15,5.215534678811177827e-01
1.650273792583582250e+15,5.215534678811177827e-01
1.650273792585473000e+15,5.215534678811177827e-01
1.650273792587363750e+15,5.215534678811177827e-01
1.650273792589254250e+15,5.215534678811177827e-01
1.650273792591145000e+15,5.215534678811177827e-01
1.650273792593035500e+15,5.215534678811177827e-01
1.650273792594926250e+15,5.215534678811177827e-01
1.650273792596816750e+15,5.215534678811177827e-01
1.650273792598707500e+15,5.215534678811177827e-01
1.650273792600598000e+15,5.215534678811177827e-01
1.650273792602488750e+15,5.215534678811177827e-01
1.650273792604379500e+15,5.215534678811177827e-01
1.650273792606270000e+15,5.215534678811178937e-01
1.650273792608160750e+15,5.215534678811178937e-01
1.650273792610051250e+15,5.215534678811180047e-01
1.650273792611942000e+15,5.215534678811180047e-01
1.650273792613832500e+15,5.215534678811180047e-01
1.650273792615723250e+15,5.215534678811180047e-01
1.650273792617614000e+15,5.215534678811181157e-01
1.650273792619504500e+15,5.215534678811181157e-01
1.650273792621395250e+15,5.215534678811181157e-01
1.650273792623285750e+15,5.215534678811182268e-01
1.650273792625176500e+15,5.215534678811182268e-01
1.650273792627067000e+15,5.207741947228595736e-01
1.650273792628957750e+15,5.199140600328552297e-01
1.650273792630848250e+15,5.190540390721499753e-01
1.650273792632739000e+15,5.181939043821455204e-01
1.650273792634629750e+15,5.173337696921411766e-01
1.650273792636520250e+15,5.164737487314360331e-01
1.650273792638411000e+15,5.156136140414315783e-01
1.650273792640301500e+15,5.161615942343673602e-01
1.650273792642192250e+15,5.171254939268548068e-01
1.650273792644082750e+15,5.180892661699580959e-01
1.650273792645973500e+15,5.190531658624455424e-01
1.650273792647864250e+15,5.200170655549328780e-01
1.650273792649754750e+15,5.209808377980361671e-01
1.650273792651645500e+15,5.211222113775638709e-01
1.650273792653536000e+15,5.200599437293962346e-01
1.650273792655426750e+15,5.189975356067975110e-01
1.650273792657317250e+15,5.179352679586297636e-01
1.650273792659208000e+15,5.168728598360309290e-01
1.650273792661098500e+15,5.158105921878632927e-01
1.650273792662989250e+15,5.157946687856210799e-01
1.650273792664880000e+15,5.163932394542196658e-01
1.650273792666770500e+15,5.169917309782104953e-01
1.650273792668661250e+15,5.175903016468091922e-01
1.650273792670551750e+15,5.181887931708000217e-01
1.650273792672442500e+15,5.187873638393986075e-01
1.650273792674333000e+15,5.193858553633894370e-01
1.650273792676223750e+15,5.199844260319881339e-01
1.650273792678114500e+15,5.205829967005867198e-01
1.650273792680005000e+15,5.211814882245775493e-01
1.650273792681895750e+15,5.211447014072052575e-01
1.650273792683786250e+15,5.200650325019566811e-01
1.650273792685677000e+15,5.189852208211320761e-01
1.650273792687567500e+15,5.179055519158834997e-01
1.650273792689458250e+15,5.168257402350590057e-01
1.650273792691349000e+15,5.157459285542345118e-01
1.650273792693239500e+15,5.154175447295754608e-01
1.650273792695130250e+15,5.154175447295755719e-01
1.650273792697020750e+15,5.154175447295755719e-01
1.650273792698911500e+15,5.154175447295756829e-01
1.650273792700802000e+15,5.154175447295756829e-01
1.650273792702692750e+15,5.154175447295757939e-01
1.650273792704583250e+15,5.154175447295759049e-01
1.650273792706474000e+15,5.155988757918553711e-01
1.650273792708364750e+15,5.166072631624575306e-01
1.650273792710255250e+15,5.176155172013963135e-01
1.650273792712146000e+15,5.186239045719985841e-01
1.650273792714036500e+15,5.196321586109373669e-01
1.650273792715927250e+15,5.206405459815396375e-01
1.650273792717817750e+15,5.214546351473188235e-01
1.650273792719708500e+15,5.204092198106412548e-01
1.650273792721599250e+15,5.193638044739636861e-01
1.650273792723489750e+15,5.183185273648858171e-01
1.650273792725380500e+15,5.172731120282083594e-01
1.650273792727271000e+15,5.162278349191303795e-01
1.650273792729161750e+15,5.151824195824528108e-01
1.650273792731052250e+15,5.141371424733749418e-01
1.650273792732943000e+15,5.130917271366973731e-01
1.650273792734833500e+15,5.120464500276195041e-01
1.650273792736724250e+15,5.110010346909419354e-01
1.650273792738615000e+15,5.099556193542643667e-01
1.650273792740505500e+15,5.092816215780326949e-01
1.650273792742396250e+15,5.092816215780326949e-01
1.650273792744286750e+15,5.092816215780326949e-01
1.650273792746177500e+15,5.092816215780328060e-01
1.650273792748068000e+15,5.092816215780326949e-01
1.650273792749958750e+15,5.092816215780326949e-01
1.650273792751849500e+15,5.092816215780326949e-01
1.650273792753740000e+15,5.092816215780326949e-01
1.650273792755630750e+15,5.092816215780326949e-01
1.650273792757521250e+15,5.092816215780328060e-01
1.650273792759412000e+15,5.092816215780328060e-01
1.650273792761302500e+15,5.092816215780326949e-01
1.650273792763193250e+15,5.092816215780326949e-01
1.650273792765083750e+15,5.092816215780328060e-01
1.650273792766974500e+15,5.092816215780326949e-01
1.650273792768865250e+15,5.092816215780326949e-01
1.650273792770755750e+15,5.092816215780326949e-01
1.650273792772646500e+15,5.092816215780326949e-01
1.650273792774537000e+15,5.092816215780328060e-01
1.650273792776427750e+15,5.092816215780326949e-01
1.650273792778318250e+15,5.092816215780326949e-01
1.650273792780209000e+15,5.092816215780326949e-01
1.650273792782099750e+15,5.092816215780326949e-01
1.650273792783990250e+15,5.092816215780326949e-01
1.650273792785881000e+15,5.092816215780326949e-01
1.650273792787771500e+15,5.092816215780326949e-01
1.650273792789662250e+15,5.092816215780326949e-01
1.650273792791552750e+15,5.092816215780326949e-01
1.650273792793443500e+15,5.092816215780326949e-01
1.650273792795334000e+15,5.092816215780326949e-01
1.650273792797224750e+15,5.092816215780326949e-01
1.650273792799115500e+15,5.092816215780326949e-01
1.650273792801006000e+15,5.092816215780326949e-01
1.650273792802896750e+15,5.092816215780326949e-01
1.650273792804787250e+15,5.092816215780326949e-01
1.650273792806678000e+15,5.092816215780325839e-01
1.650273792808568500e+15,5.092816215780325839e-01
1.650273792810459250e+15,5.092816215780326949e-01
1.650273792812350000e+15,5.092816215780325839e-01
1.650273792814240500e+15,5.092816215780326949e-01
1.650273792816131250e+15,5.092816215780326949e-01
1.650273792818021750e+15,5.092816215780326949e-01
1.650273792819912500e+15,5.092816215780326949e-01
1.650273792821803000e+15,5.092816215780326949e-01
1.650273792823693750e+15,5.092816215780326949e-01
1.650273792825584250e+15,5.092816215780326949e-01
1.650273792827475000e+15,5.092816215780326949e-01
1.650273792829365750e+15,5.092816215780326949e-01
1.650273792831256250e+15,5.092816215780326949e-01
1.650273792833147000e+15,5.092816215780326949e-01
1.650273792835037500e+15,5.092816215780326949e-01
1.650273792836928250e+15,5.092816215780326949e-01
1.650273792838818750e+15,5.092816215780326949e-01
1.650273792840709500e+15,5.092816215780326949e-01
1.650273792842600250e+15,5.092816215780326949e-01
1.650273792844490750e+15,5.092816215780326949e-01
1.650273792846381500e+15,5.092816215780326949e-01
1.650273792848272000e+15,5.092816215780326949e-01
1.650273792850162750e+15,5.092816215780326949e-01
1.650273792852053250e+15,5.092816215780326949e-01
1.650273792853944000e+15,5.092816215780326949e-01
1.650273792855834500e+15,5.092816215780326949e-01
1.650273792857725250e+15,5.092816215780326949e-01
1.650273792859616000e+15,5.092816215780326949e-01
1.650273792861506500e+15,5.092816215780326949e-01
1.650273792863397250e+15,5.092816215780326949e-01
1.650273792865287750e+15,5.092816215780326949e-01
1.650273792867178500e+15,5.092816215780326949e-01
1.650273792869069000e+15,5.092816215780326949e-01
1.650273792870959750e+15,5.092816215780326949e-01
1.650273792872850500e+15,5.092816215780326949e-01
1.650273792874741000e+15,5.092816215780326949e-01
1.650273792876631750e+15,5.092816215780326949e-01
1.650273792878522250e+15,5.092816215780326949e-01
1.650273792880413000e+15,5.092816215780325839e-01
1.650273792882303500e+15,5.092816215780326949e-01
1.650273792884194250e+15,5.092816215780326949e-01
1.650273792886084750e+15,5.092816215780326949e-01
1.650273792887975500e+15,5.092816215780326949e-01
1.650273792889866250e+15,5.092816215780326949e-01
1.650273792891756750e+15,5.092816215780326949e-01
1.650273792893647500e+15,5.092816215780326949e-01
1.650273792895538000e+15,5.092816215780326949e-01
1.650273792897428750e+15,5.092816215780326949e-01
1.650273792899319250e+15,5.092816215780326949e-01
1.650273792901210000e+15,5.092816215780326949e-01
1.650273792903100750e+15,5.092816215780326949e-01
1.650273792904991250e+15,5.092816215780326949e-01
1.650273792906882000e+15,5.092816215780326949e-01
1.650273792908772500e+15,5.092816215780326949e-01
1.650273792910663250e+15,5.092816215780328060e-01
1.650273792912553750e+15,5.092816215780326949e-01
1.650273792914444500e+15,5.092816215780326949e-01
1.650273792916335000e+15,5.092816215780326949e-01
1.650273792918225750e+15,5.092816215780326949e-01
1.650273792920116500e+15,5.092816215780326949e-01
1.650273792922007000e+15,5.092816215780326949e-01
1.650273792923897750e+15,5.092816215780326949e-01
1.650273792925788250e+15,5.092816215780326949e-01
1.650273792927679000e+15,5.092816215780326949e-01
1.650273792929569500e+15,5.092816215780326949e-01
1.650273792931460250e+15,5.092816215780326949e-01
1.650273792933351000e+15,5.092816215780326949e-01
1.650273792935241500e+15,5.092816215780326949e-01
1.650273792937132250e+15,5.092816215780326949e-01
1.650273792939022750e+15,5.092816215780326949e-01
1.650273792940913500e+15,5.092816215780325839e-01
1.650273792942804000e+15,5.092816215780326949e-01
1.650273792944694750e+15,5.092816215780326949e-01
1.650273792946585250e+15,5.087289097121405756e-01
1.650273792948476000e+15,5.081372381138756777e-01
1.650273792950366750e+15,5.075455665156107798e-01
1.650273792952257250e+15,5.069539731497402224e-01
1.650273792954148000e+15,5.063623015514753245e-01
1.650273792956038500e+15,5.057707081856046560e-01
1.650273792957929250e+15,5.051790365873396471e-01
1.650273792959819750e+15,5.045874432214692007e-01
1.650273792961710500e+15,5.039957716232041918e-01
1.650273792963601250e+15,5.034041000249392939e-01
1.650273792965491750e+15,5.034697670859945573e-01
1.650273792967382500e+15,5.040452381524023195e-01
1.650273792969273000e+15,5.046206331284930346e-01
1.650273792971163750e+15,5.051961041949006859e-01
1.650273792973054250e+15,5.057714991709915120e-01
1.650273792974945000e+15,5.063469702373992742e-01
1.650273792976835500e+15,5.069223652134899893e-01
1.650273792978726250e+15,5.074978362798976406e-01
1.650273792980617000e+15,5.080733073463052918e-01
1.650273792982507500e+15,5.086487023223962289e-01
1.650273792984398250e+15,5.092241733888038802e-01
1.650273792986288750e+15,5.082848854933498250e-01
1.650273792988179500e+15,5.071774497641803325e-01
1.650273792990070000e+15,5.060701604631120398e-01
1.650273792991960750e+15,5.049627247339425473e-01
1.650273792993851500e+15,5.038552890047730548e-01
1.650273792995742000e+15,5.035973289760723448e-01
1.650273792997632750e+15,5.048549437943682383e-01
1.650273792999523250e+15,5.061123923274838399e-01
1.650273793001414000e+15,5.073700071457797334e-01
1.650273793003304500e+15,5.086274556788953349e-01
1.650273793005195250e+15,5.098850704971911174e-01
1.650273793007085750e+15,5.111425190303068300e-01
1.650273793008976500e+15,5.124001338486027235e-01
1.650273793010867250e+15,5.136577486668986170e-01
1.650273793012757750e+15,5.149151972000142186e-01
1.650273793014648500e+15,5.140928293120305970e-01
1.650273793016539000e+15,5.118873035552113926e-01
1.650273793018429750e+15,5.096814861393391682e-01
1.650273793020320250e+15,5.074759603825198528e-01
1.650273793022211000e+15,5.052701429666477395e-01
1.650273793024101750e+15,5.030643255507756262e-01
1.650273793025992250e+15,5.008587997939564218e-01
1.650273793027883000e+15,4.986529823780842530e-01
1.650273793029773500e+15,4.964474566212649376e-01
1.650273793031664250e+15,4.942416392053928242e-01
1.650273793033554750e+15,4.920361134485734533e-01
1.650273793035445500e+15,4.908738521234048968e-01
1.650273793037336000e+15,4.908738521234050634e-01
1.650273793039226750e+15,4.908738521234051744e-01
1.650273793041117500e+15,4.908738521234053409e-01
1.650273793043008000e+15,4.908738521234055074e-01
1.650273793044898750e+15,4.908738521234057295e-01
1.650273793046789250e+15,4.908738521234057295e-01
1.650273793048680000e+15,4.908738521234057295e-01
1.650273793050570500e+15,4.908738521234057850e-01
1.650273793052461250e+15,4.908738521234057850e-01
1.650273793054352000e+15,4.908738521234056740e-01
1.650273793056242500e+15,4.908738521234054519e-01
1.650273793058133250e+15,4.908738521234052854e-01
1.650273793060023750e+15,4.908738521234051744e-01
1.650273793061914500e+15,4.908738521234049523e-01
1.650273793063805000e+15,4.908738521234048413e-01
1.650273793065695750e+15,4.908738521234046748e-01
1.650273793067586250e+15,4.908738521234045082e-01
1.650273793069477000e+15,4.908738521234043972e-01
1.650273793071367750e+15,4.908738521234045638e-01
1.650273793073258250e+15,4.908738521234046193e-01
1.650273793075149000e+15,4.908738521234046193e-01
1.650273793077039500e+15,4.908738521234047303e-01
1.650273793078930250e+15,4.908738521234047858e-01
1.650273793080820750e+15,4.908738521234048413e-01
1.650273793082711500e+15,4.908738521234049523e-01
1.650273793084602250e+15,4.908738521234051744e-01
1.650273793086492750e+15,4.908738521234052854e-01
1.650273793088383500e+15,4.908738521234053409e-01
1.650273793090274000e+15,4.908738521234053964e-01
1.650273793092164750e+15,4.908738521234053964e-01
1.650273793094055250e+15,4.908738521234055074e-01
1.650273793095946000e+15,4.908738521234055074e-01
1.650273793097836500e+15,4.908738521234055630e-01
1.650273793099727250e+15,4.908738521234056185e-01
1.650273793101618000e+15,4.908738521234057295e-01
1.650273793103508500e+15,4.908738521234057295e-01
1.650273793105399250e+15,4.908738521234056185e-01
1.650273793107289750e+15,4.908738521234056185e-01
1.650273793109180500e+15,4.908738521234056185e-01
1.650273793111071000e+15,4.908738521234055074e-01
1.650273793112961750e+15,4.908738521234055074e-01
1.650273793114852500e+15,4.908738521234054519e-01
1.650273793116743000e+15,4.908738521234053964e-01
1.650273793118633750e+15,4.908738521234053964e-01
1.650273793120524250e+15,4.908738521234053409e-01
1.650273793122415000e+15,4.908738521234052854e-01
1.650273793124305500e+15,4.908738521234052854e-01
1.650273793126196250e+15,4.908738521234052854e-01
1.650273793128086750e+15,4.908738521234052854e-01
1.650273793129977500e+15,4.908738521234052854e-01
1.650273793131868250e+15,4.908738521234053409e-01
1.650273793133758750e+15,4.908738521234052854e-01
1.650273793135649500e+15,4.908738521234052854e-01
1.650273793137540000e+15,4.908738521234052854e-01
1.650273793139430750e+15,4.908738521234053409e-01
1.650273793141321250e+15,4.908738521234052854e-01
1.650273793143212000e+15,4.908738521234052854e-01
1.650273793145102750e+15,4.908738521234053409e-01
1.650273793146993250e+15,4.908738521234052854e-01
1.650273793148884000e+15,4.908738521234052854e-01
1.650273793150774500e+15,4.908738521234052854e-01
1.650273793152665250e+15,4.908738521234053409e-01
1.650273793154555750e+15,4.908738521234053409e-01
1.650273793156446500e+15,4.908738521234052299e-01
1.650273793158337000e+15,4.908738521234051189e-01
1.650273793160227750e+15,4.908738521234051189e-01
1.650273793162118500e+15,4.908738521234049523e-01
1.650273793164009000e+15,4.908738521234049523e-01
1.650273793165899750e+15,4.908738521234048413e-01
1.650273793167790250e+15,4.908738521234047858e-01
1.650273793169681000e+15,4.908738521234047303e-01
1.650273793171571500e+15,4.908738521234046193e-01
1.650273793173462250e+15,4.908738521234045082e-01
1.650273793175353000e+15,4.908738521234044527e-01
1.650273793177243500e+15,4.908738521234043972e-01
1.650273793179134250e+15,4.908738521234045082e-01
1.650273793181024750e+15,4.908738521234045082e-01
1.650273793182915500e+15,4.908738521234046193e-01
1.650273793184806000e+15,4.908738521234046748e-01
1.650273793186696750e+15,4.908738521234047303e-01
1.650273793188587250e+15,4.908738521234048413e-01
1.650273793190478000e+15,4.908738521234048413e-01
1.650273793192368750e+15,4.908738521234049523e-01
1.650273793194259250e+15,4.908738521234050634e-01
1.650273793196150000e+15,4.908738521234051744e-01
1.650273793198040500e+15,4.908738521234052299e-01
1.650273793199931250e+15,4.908738521234052854e-01
1.650273793201821750e+15,4.908738521234053409e-01
1.650273793203712500e+15,4.908738521234053964e-01
1.650273793205603250e+15,4.908738521234055074e-01
1.650273793207493750e+15,4.908738521234055074e-01
1.650273793209384500e+15,4.908738521234056185e-01
1.650273793211275000e+15,4.908738521234056185e-01
1.650273793213165750e+15,4.908738521234056740e-01
1.650273793215056250e+15,4.903906007976408521e-01
1.650273793216947000e+15,4.896667287879835073e-01
1.650273793218837500e+15,4.889429524906109270e-01
1.650273793220728250e+15,4.882190804809536377e-01
1.650273793222619000e+15,4.874952084712963485e-01
1.650273793224509500e+15,4.867714321739238237e-01
1.650273793226400250e+15,4.860475601642664789e-01
1.650273793228290750e+15,4.853237838668938986e-01
1.650273793230181500e+15,4.849092557704178796e-01
1.650273793232072000e+15,4.858077115614480856e-01
1.650273793233962750e+15,4.867062861644051441e-01
1.650273793235853500e+15,4.876048607673622026e-01
1.650273793237744000e+15,4.885033165583923531e-01
1.650273793239634750e+15,4.894018911613494671e-01
1.650273793241525250e+15,4.903003469523796176e-01
1.650273793243416000e+15,4.905406004610546322e-01
1.650273793245306500e+15,4.896195298942774832e-01
1.650273793247197250e+15,4.886983375249921435e-01
1.650273793249087750e+15,4.877772669582149945e-01
1.650273793250978500e+15,4.868560745889296548e-01
1.650273793252869250e+15,4.859348822196443152e-01
1.650273793254759750e+15,4.850138116528671661e-01
1.650273793256650500e+15,4.840926192835818265e-01
1.650273793258541000e+15,4.831715487168046774e-01
1.650273793260431750e+15,4.822503563475192823e-01
1.650273793262322250e+15,4.813292857807421887e-01
1.650273793264213000e+15,4.804080934114567936e-01
1.650273793266103750e+15,4.794869010421715094e-01
1.650273793267994250e+15,4.786020058203206418e-01
1.650273793269885000e+15,4.786020058203206418e-01
1.650273793271775500e+15,4.786020058203206418e-01
1.650273793273666250e+15,4.786020058203206418e-01
1.650273793275556750e+15,4.786020058203206418e-01
1.650273793277447500e+15,4.786020058203206418e-01
1.650273793279338000e+15,4.786020058203205862e-01
1.650273793281228750e+15,4.778981637603583188e-01
1.650273793283119500e+15,4.760770356387384328e-01
1.650273793285010000e+15,4.742561483115284582e-01
1.650273793286900750e+15,4.724350201899085167e-01
1.650273793288791250e+15,4.706141328626984865e-01
1.650273793290682000e+15,4.687930047410786005e-01
1.650273793292572500e+15,4.669721174138685149e-01
1.650273793294463250e+15,4.663301595172352210e-01
1.650273793296354000e+15,4.663301595172352765e-01
1.650273793298244500e+15,4.663301595172353320e-01
1.650273793300135250e+15,4.663301595172354430e-01
1.650273793302025750e+15,4.663301595172355540e-01
1.650273793303916500e+15,4.663301595172355540e-01
1.650273793305807000e+15,4.663301595172355540e-01
1.650273793307697750e+15,4.663301595172355540e-01
1.650273793309588250e+15,4.663301595172355540e-01
1.650273793311479000e+15,4.663301595172355540e-01
1.650273793313369750e+15,4.663301595172356095e-01
1.650273793315260250e+15,4.663301595172355540e-01
1.650273793317151000e+15,4.663301595172355540e-01
1.650273793319041500e+15,4.663301595172355540e-01
1.650273793320932250e+15,4.663301595172355540e-01
1.650273793322822750e+15,4.663301595172355540e-01
1.650273793324713500e+15,4.663301595172354430e-01
1.650273793326604250e+15,4.663301595172353875e-01
1.650273793328494750e+15,4.663301595172353320e-01
1.650273793330385500e+15,4.663301595172352210e-01
1.650273793332276000e+15,4.663301595172352210e-01
1.650273793334166750e+15,4.663301595172351099e-01
1.650273793336057250e+15,4.663301595172351099e-01
1.650273793337948000e+15,4.663301595172351655e-01
1.650273793339838500e+15,4.663301595172351099e-01
1.650273793341729250e+15,4.663301595172351655e-01
1.650273793343620000e+15,4.663301595172351099e-01
1.650273793345510500e+15,4.666549038129795823e-01
1.650273793347401250e+15,4.674897240402790533e-01
1.650273793349291750e+15,4.683244338854249955e-01
1.650273793351182500e+15,4.691592541127245219e-01
1.650273793353073000e+15,4.699939639578704642e-01
1.650273793354963750e+15,4.708287841851700462e-01
1.650273793356854500e+15,4.716636044124694616e-01
1.650273793358745000e+15,4.725052230384101937e-01
1.650273793360635750e+15,4.735189854203376569e-01
1.650273793362526250e+15,4.745326137599033545e-01
1.650273793364417000e+15,4.755463761418308177e-01
1.650273793366307500e+15,4.765600044813964598e-01
1.650273793368198250e+15,4.775737668633239785e-01
1.650273793370088750e+15,4.785873952028896761e-01
1.650273793371979500e+15,4.775307773405661482e-01
1.650273793373870250e+15,4.764438842640457139e-01
1.650273793375760750e+15,4.753571348994222179e-01
1.650273793377651500e+15,4.742702418229017836e-01
1.650273793379542000e+15,4.731834924582782875e-01
1.650273793381432750e+15,4.720965993817578532e-01
1.650273793383323250e+15,4.710098500171343572e-01
1.650273793385214000e+15,4.699229569406139229e-01
1.650273793387104750e+15,4.688360638640934885e-01
1.650273793388995250e+15,4.677493144994699925e-01
1.650273793390886000e+15,4.666624214229495582e-01
1.650273793392776500e+15,4.663301595172355540e-01
1.650273793394667250e+15,4.663301595172354430e-01
1.650273793396557750e+15,4.663301595172353320e-01
1.650273793398448500e+15,4.663301595172352765e-01
1.650273793400339000e+15,4.663301595172351655e-01
1.650273793402229750e+15,4.663301595172351099e-01
1.650273793404120500e+15,4.663301595172351655e-01
1.650273793406011000e+15,4.663301595172351099e-01
1.650273793407901750e+15,4.663301595172351099e-01
1.650273793409792250e+15,4.663301595172351099e-01
1.650273793411683000e+15,4.663301595172351099e-01
1.650273793413573500e+15,4.663301595172351655e-01
1.650273793415464250e+15,4.658898360276721440e-01
1.650273793417355000e+15,4.633143011850083814e-01
1.650273793419245500e+15,4.607391068864199468e-01
1.650273793421136250e+15,4.581635720437561288e-01
1.650273793423026750e+15,4.555883777451678052e-01
1.650273793424917500e+15,4.530128429025038761e-01
1.650273793426808000e+15,4.504376486039154970e-01
1.650273793428698750e+15,4.478621137612516789e-01
1.650273793430589250e+15,4.452869194626632998e-01
1.650273793432480000e+15,4.427113846199994263e-01
1.650273793434370750e+15,4.421108508768112344e-01
1.650273793436261250e+15,4.426169353721644550e-01
1.650273793438152000e+15,4.431230867922062444e-01
1.650273793440042500e+15,4.436291712875595206e-01
1.650273793441933250e+15,4.441353227076013099e-01
1.650273793443823750e+15,4.446414072029545306e-01
1.650273793445714500e+15,4.451475586229963755e-01
1.650273793447605250e+15,4.456537100430381093e-01
1.650273793449495750e+15,4.461597945383913855e-01
1.650273793451386500e+15,4.466659459584332303e-01
1.650273793453277000e+15,4.471720304537863400e-01
1.650273793455167750e+15,4.476781818738282404e-01
1.650273793457058250e+15,4.479223900626068677e-01
1.650273793458949000e+15,4.479223900626068122e-01
1.650273793460839500e+15,4.479223900626068122e-01
1.650273793462730250e+15,4.479223900626068677e-01
1.650273793464621000e+15,4.479223900626068122e-01
1.650273793466511500e+15,4.479223900626068677e-01
1.650273793468402250e+15,4.479223900626068122e-01
1.650273793470292750e+15,4.479223900626068122e-01
1.650273793472183500e+15,4.479223900626068122e-01
1.650273793474074000e+15,4.479223900626068122e-01
1.650273793475964750e+15,4.479223900626068122e-01
1.650273793477855500e+15,4.479223900626068122e-01
1.650273793479746000e+15,4.479223900626068122e-01
1.650273793481636750e+15,4.479223900626068677e-01
1.650273793483527250e+15,4.479223900626068677e-01
1.650273793485418000e+15,4.479223900626068677e-01
1.650273793487308500e+15,4.479223900626068122e-01
1.650273793489199250e+15,4.479223900626068677e-01
1.650273793491089750e+15,4.455775512142169381e-01
1.650273793492980500e+15,4.431558638988580823e-01
1.650273793494871250e+15,4.407341765834993375e-01
1.650273793496761750e+15,4.383128094700862176e-01
1.650273793498652500e+15,4.358911221547274173e-01
1.650273793500543000e+15,4.334697550413142975e-01
1.650273793502433750e+15,4.310480677259554971e-01
1.650273793504324250e+15,4.301609366035437643e-01
1.650273793506215000e+15,4.319236801572592932e-01
1.650273793508105750e+15,4.336864237109748221e-01
1.650273793509996250e+15,4.354489341900434907e-01
1.650273793511887000e+15,4.372116777437590196e-01
1.650273793513777500e+15,4.389741882228277436e-01
1.650273793515668250e+15,4.407369317765432171e-01
1.650273793517558750e+15,4.412722261187196349e-01
1.650273793519449500e+15,4.400008292202233218e-01
1.650273793521340000e+15,4.387296004292104978e-01
1.650273793523230750e+15,4.374582035307141847e-01
1.650273793525121500e+15,4.361868066322177606e-01
1.650273793527012000e+15,4.349155778412049922e-01
1.650273793528902750e+15,4.336441809427086236e-01
1.650273793530793250e+15,4.323729521516958552e-01
1.650273793532684000e+15,4.311015552531994866e-01
1.650273793534574500e+15,4.298303264621866626e-01
1.650273793536465250e+15,4.306797082204207872e-01
1.650273793538356000e+15,4.322296743792423124e-01
1.650273793540246500e+15,4.337794355974108895e-01
1.650273793542137250e+15,4.353294017562324703e-01
1.650273793544027750e+15,4.368791629744009919e-01
1.650273793545918500e+15,4.384291291332225726e-01
1.650273793547809000e+15,4.399788903513911498e-01
1.650273793549699750e+15,4.415288565102126750e-01
1.650273793551590250e+15,4.407723910140660672e-01
1.650273793553481000e+15,4.395559824480080313e-01
1.650273793555371750e+15,4.383395738819500509e-01
1.650273793557262250e+15,4.371233261526719094e-01
1.650273793559153000e+15,4.359069175866139290e-01
1.650273793561043500e+15,4.346906698573357319e-01
1.650273793562934250e+15,4.334742612912776960e-01
1.650273793564824750e+15,4.322580135619995545e-01
1.650273793566715500e+15,4.310416049959415741e-01
1.650273793568606250e+15,4.298251964298835381e-01
1.650273793570496750e+15,4.295146206079798468e-01
1.650273793572387500e+15,4.295146206079797913e-01
1.650273793574278000e+15,4.295146206079798468e-01
1.650273793576168750e+15,4.295146206079798468e-01
1.650273793578059250e+15,4.295146206079798468e-01
1.650273793579950000e+15,4.291536365538904385e-01
1.650273793581840500e+15,4.276303321917115374e-01
1.650273793583731250e+15,4.261068263875382733e-01
1.650273793585622000e+15,4.245833205833648982e-01
1.650273793587512500e+15,4.230600162211860527e-01
1.650273793589403250e+15,4.215365104170127331e-01
1.650273793591293750e+15,4.200132060548338320e-01
1.650273793593184500e+15,4.184897002506605679e-01
1.650273793595075000e+15,4.176837174519667517e-01
1.650273793596965750e+15,4.201143683421363351e-01
1.650273793598856500e+15,4.225450192323060294e-01
1.650273793600747000e+15,4.249753487353421511e-01
1.650273793602637750e+15,4.274059996255117899e-01
1.650273793604528250e+15,4.296523843589818425e-01
1.650273793606419000e+15,4.306932507414311662e-01
1.650273793608309500e+15,4.317339794977556044e-01
1.650273793610200250e+15,4.327748458802047615e-01
1.650273793612090750e+15,4.338155746365291998e-01
1.650273793613981500e+15,4.348564410189784679e-01
1.650273793615872250e+15,4.358973074014277360e-01
1.650273793617762750e+15,4.369380361577520633e-01
1.650273793619653500e+15,4.379789025402013314e-01
1.650273793621544000e+15,4.390196312965257697e-01
1.650273793623434750e+15,4.400604976789750378e-01
1.650273793625325250e+15,4.411012264352994205e-01
1.650273793627216000e+15,4.407248278549369402e-01
1.650273793629106750e+15,4.376175615308285916e-01
1.650273793630997250e+15,4.345107060577481084e-01
1.650273793632888000e+15,4.314034397336398152e-01
1.650273793634778500e+15,4.282965842605593876e-01
1.650273793636669250e+15,4.251893179364510944e-01
1.650273793638559750e+15,4.233786974564370809e-01
1.650273793640450500e+15,4.233786974564370253e-01
1.650273793642341000e+15,4.233786974564370809e-01
1.650273793644231750e+15,4.233786974564370809e-01
1.650273793646122500e+15,4.233786974564370809e-01
1.650273793648013000e+15,4.233786974564370253e-01
1.650273793649903750e+15,4.226397025324319379e-01
1.650273793651794250e+15,4.215623399692303153e-01
1.650273793653685000e+15,4.204848349354438075e-01
1.650273793655575500e+15,4.194074723722421849e-01
1.650273793657466250e+15,4.183299673384557327e-01
1.650273793659357000e+15,4.172524623046691694e-01
1.650273793661247500e+15,4.161750997414676023e-01
1.650273793663138250e+15,4.150975947076810391e-01
1.650273793665028750e+15,4.140202321444794165e-01
1.650273793666919500e+15,4.129427271106929087e-01
1.650273793668810000e+15,4.118653645474913416e-01
1.650273793670700750e+15,4.113864492471382417e-01
1.650273793672591250e+15,4.123307640239203264e-01
1.650273793674482000e+15,4.132752036770283022e-01
1.650273793676372750e+15,4.142196433301363334e-01
1.650273793678263250e+15,4.151639581069183627e-01
1.650273793680154000e+15,4.161083977600263384e-01
1.650273793682044500e+15,4.170527125368084231e-01
1.650273793683935250e+15,4.172427743048938709e-01
1.650273793685825750e+15,4.172427743048938709e-01
1.650273793687716500e+15,4.172427743048938709e-01
1.650273793689607250e+15,4.172427743048938709e-01
1.650273793691497750e+15,4.172427743048938709e-01
1.650273793693388500e+15,4.172427743048939264e-01
1.650273793695279000e+15,4.169404506266654598e-01
1.650273793697169750e+15,4.164385906665158399e-01
1.650273793699060250e+15,4.159367970636267398e-01
1.650273793700951000e+15,4.154349371034771199e-01
1.650273793702841500e+15,4.149331435005878532e-01
1.650273793704732250e+15,4.144312835404382889e-01
1.650273793706623000e+15,4.139294235802887245e-01
1.650273793708513500e+15,4.134276299773994579e-01
1.650273793710404250e+15,4.129257700172498935e-01
1.650273793712294750e+15,4.124239764143607379e-01
1.650273793714185500e+15,4.119221164542111735e-01
1.650273793716076000e+15,4.114203228513219623e-01
1.650273793717966750e+15,4.111068511533519376e-01
1.650273793719857500e+15,4.111068511533519931e-01
1.650273793721748000e+15,4.111068511533519931e-01
1.650273793723638750e+15,4.111068511533519931e-01
1.650273793725529250e+15,4.111068511533519931e-01
1.650273793727420000e+15,4.111068511533519931e-01
1.650273793729310500e+15,4.104933075128222586e-01
1.650273793731201250e+15,4.095729920520276846e-01
1.650273793733092000e+15,4.086526765912330550e-01
1.650273793734982500e+15,4.077324828169994198e-01
1.650273793736873250e+15,4.068121673562047902e-01
1.650273793738763750e+15,4.058919735819711549e-01
1.650273793740654500e+15,4.049716581211765254e-01
1.650273793742545000e+15,4.055857245240225284e-01
1.650273793744435750e+15,4.062010906036266356e-01
1.650273793746326250e+15,4.068163753178890563e-01
1.650273793748217000e+15,4.074317413974932189e-01
1.650273793750107750e+15,4.080471074770973816e-01
1.650273793751998250e+15,4.086623921913597468e-01
1.650273793753889000e+15,4.092777582709639095e-01
1.650273793755779500e+15,4.098930429852262747e-01
1.650273793757670250e+15,4.105084090648304374e-01
1.650273793759560750e+15,4.111068511533519931e-01
1.650273793761451500e+15,4.111068511533519931e-01
1.650273793763342250e+15,4.111068511533519931e-01
1.650273793765232750e+15,4.111068511533519931e-01
1.650273793767123500e+15,4.111068511533519931e-01
1.650273793769014000e+15,4.111068511533519931e-01
1.650273793770904750e+15,4.111068511533519931e-01
1.650273793772795250e+15,4.111068511533519931e-01
1.650273793774686000e+15,4.111068511533519931e-01
1.650273793776576500e+15,4.111068511533519931e-01
1.650273793778467250e+15,4.111068511533519376e-01
1.650273793780358000e+15,4.111068511533519931e-01
1.650273793782248500e+15,4.111068511533519376e-01
1.650273793784139250e+15,4.111068511533518821e-01
1.650273793786029750e+15,4.111068511533518266e-01
1.650273793787920500e+15,4.111068511533517711e-01
1.650273793789811000e+15,4.111068511533517156e-01
1.650273793791701750e+15,4.111068511533517156e-01
1.650273793793592500e+15,4.111068511533516601e-01
1.650273793795483000e+15,4.111068511533516046e-01
1.650273793797373750e+15,4.111068511533515490e-01
1.650273793799264250e+15,4.111068511533516046e-01
1.650273793801155000e+15,4.111068511533516601e-01
1.650273793803045500e+15,4.111068511533516601e-01
1.650273793804936250e+15,4.111068511533517156e-01
1.650273793806826750e+15,4.111068511533517711e-01
1.650273793808717500e+15,4.111068511533518266e-01
1.650273793810608250e+15,4.111068511533518266e-01
1.650273793812498750e+15,4.111068511533518821e-01
1.650273793814389500e+15,4.111068511533519931e-01
1.650273793816280000e+15,4.111068511533519376e-01
1.650273793818170750e+15,4.111068511533519376e-01
1.650273793820061250e+15,4.111068511533519931e-01
1.650273793821952000e+15,4.111068511533519376e-01
1.650273793823842750e+15,4.111068511533519931e-01
1.650273793825733250e+15,4.111068511533519376e-01
1.650273793827624000e+15,4.111068511533520486e-01
1.650273793829514500e+15,4.111068511533519931e-01
1.650273793831405250e+15,4.111068511533519931e-01
1.650273793833295750e+15,4.111068511533519931e-01
1.650273793835186500e+15,4.111068511533519931e-01
1.650273793837077000e+15,4.110642389319207335e-01
1.650273793838967750e+15,4.106166330559695155e-01
1.650273793840858500e+15,4.101690271800182974e-01
1.650273793842749000e+15,4.097214804877079564e-01
1.650273793844639750e+15,4.092738746117567383e-01
1.650273793846530250e+15,4.088263279194463973e-01
1.650273793848421000e+15,4.083787220434952348e-01
1.650273793850311500e+15,4.079311753511848382e-01
1.650273793852202250e+15,4.074835694752336757e-01
1.650273793854093000e+15,4.070359635992824021e-01
1.650273793855983500e+15,4.065884169069721166e-01
1.650273793857874250e+15,4.061408110310208985e-01
1.650273793859764750e+15,4.056932643387106130e-01
1.650273793861655500e+15,4.052456584627593394e-01
1.650273793863546000e+15,4.049709280018092272e-01
1.650273793865436750e+15,4.049709280018092272e-01
1.650273793867327250e+15,4.049709280018092272e-01
1.650273793869218000e+15,4.049709280018092272e-01
1.650273793871108750e+15,4.049709280018092272e-01
1.650273793872999250e+15,4.049709280018092827e-01
1.650273793874890000e+15,4.049709280018092272e-01
1.650273793876780500e+15,4.049709280018092272e-01
1.650273793878671250e+15,4.049709280018092272e-01
1.650273793880561750e+15,4.049709280018092272e-01
1.650273793882452500e+15,4.049709280018092272e-01
1.650273793884343250e+15,4.049709280018092272e-01
1.650273793886233750e+15,4.049709280018092272e-01
1.650273793888124500e+15,4.049709280018092272e-01
1.650273793890015000e+15,4.049709280018092827e-01
1.650273793891905750e+15,4.049709280018092827e-01
1.650273793893796250e+15,4.049709280018093938e-01
1.650273793895687000e+15,4.049709280018093938e-01
1.650273793897577500e+15,4.049709280018094493e-01
1.650273793899468250e+15,4.049709280018095603e-01
1.650273793901359000e+15,4.049709280018095603e-01
1.650273793903249500e+15,4.049709280018095603e-01
1.650273793905140250e+15,4.049709280018096158e-01
1.650273793907030750e+15,4.049709280018096158e-01
1.650273793908921500e+15,4.029515017093068807e-01
1.650273793910812000e+15,4.003986930125656984e-01
1.650273793912702750e+15,3.978455467320243244e-01
1.650273793914593500e+15,3.952924004514830614e-01
1.650273793916484000e+15,3.927395917547418236e-01
1.650273793918374750e+15,3.934819009653836019e-01
1.650273793920265250e+15,3.942772360848894042e-01
1.650273793922156000e+15,3.950726763796292840e-01
1.650273793924046500e+15,3.958680114991350307e-01
1.650273793925937250e+15,3.966634517938748550e-01
1.650273793927827750e+15,3.974587869133806572e-01
1.650273793929718500e+15,3.982542272081205370e-01
1.650273793931609250e+15,3.988350048502668499e-01
1.650273793933499750e+15,3.988350048502669054e-01
1.650273793935390500e+15,3.988350048502669054e-01
1.650273793937281000e+15,3.988350048502669054e-01
1.650273793939171750e+15,3.988350048502668499e-01
1.650273793941062250e+15,3.988350048502669054e-01
1.650273793942953000e+15,3.988350048502669054e-01
1.650273793944843750e+15,3.988350048502669054e-01
1.650273793946734250e+15,3.988350048502669054e-01
1.650273793948625000e+15,3.988350048502669054e-01
1.650273793950515500e+15,3.986393995420996483e-01
1.650273793952406250e+15,3.977998064968846226e-01
1.650273793954296750e+15,3.969603244648979845e-01
1.650273793956187500e+15,3.961207314196829588e-01
1.650273793958078000e+15,3.952812493876962652e-01
1.650273793959968750e+15,3.944416563424812949e-01
1.650273793961859500e+15,3.936020632972663802e-01
1.650273793963750000e+15,3.927625812652796866e-01
1.650273793965640750e+15,3.926990816987238619e-01
1.650273793967531250e+15,3.926990816987240840e-01
1.650273793969422000e+15,3.926990816987242505e-01
1.650273793971312500e+15,3.926990816987243615e-01
1.650273793973203250e+15,3.926990816987245836e-01
1.650273793975094000e+15,3.926990816987245281e-01
1.650273793976984500e+15,3.926990816987245281e-01
1.650273793978875250e+15,3.926990816987244726e-01
1.650273793980765750e+15,3.926990816987244726e-01
1.650273793982656500e+15,3.926990816987243615e-01
1.650273793984547000e+15,3.926990816987243615e-01
1.650273793986437750e+15,3.926990816987243060e-01
1.650273793988328250e+15,3.926990816987242505e-01
1.650273793990219000e+15,3.926990816987242505e-01
1.650273793992109750e+15,3.926990816987242505e-01
1.650273793994000250e+15,3.926990816987241950e-01
1.650273793995891000e+15,3.926990816987241950e-01
1.650273793997781500e+15,3.926990816987242505e-01
1.650273793999672250e+15,3.926990816987243060e-01
1.650273794001562750e+15,3.926990816987243615e-01
1.650273794003453500e+15,3.926990816987244171e-01
1.650273794005344250e+15,3.926990816987245281e-01
1.650273794007234750e+15,3.926990816987245836e-01
1.650273794009125500e+15,3.926990816987246391e-01
1.650273794011016000e+15,3.926990816987246391e-01
1.650273794012906750e+15,3.926990816987245836e-01
1.650273794014797250e+15,3.926990816987245836e-01
1.650273794016688000e+15,3.926990816987245836e-01
1.650273794018578500e+15,3.926990816987246391e-01
1.650273794020469250e+15,3.921302371966901568e-01
1.650273794022360000e+15,3.913186599529839826e-01
1.650273794024250500e+15,3.905071900181822375e-01
1.650273794026141250e+15,3.896956127744760634e-01
1.650273794028031750e+15,3.888841428396742073e-01
1.650273794029922500e+15,3.880725655959680331e-01
1.650273794031813000e+15,3.872610956611662880e-01
1.650273794033703750e+15,3.867197505709306649e-01
1.650273794035594500e+15,3.878380749105083125e-01
1.650273794037485000e+15,3.889562513822636403e-01
1.650273794039375750e+15,3.900745757218412879e-01
1.650273794041266250e+15,3.911927521935967267e-01
1.650273794043157000e+15,3.923110765331743188e-01
1.650273794045047500e+15,3.934292530049297021e-01
1.650273794046938250e+15,3.945475773445072942e-01
1.650273794048828750e+15,3.956657538162626775e-01
1.650273794050719500e+15,3.967840781558402696e-01
1.650273794052610250e+15,3.979024024954179173e-01
1.650273794054500750e+15,3.988350048502660172e-01
1.650273794056391500e+15,3.988350048502662393e-01
1.650273794058282000e+15,3.988350048502664058e-01
1.650273794060172750e+15,3.988350048502665723e-01
1.650273794062063250e+15,3.988350048502667389e-01
1.650273794063954000e+15,3.987336413531624713e-01
1.650273794065844750e+15,3.982345449152713823e-01
1.650273794067735250e+15,3.977355144692403810e-01
1.650273794069626000e+15,3.972364180313492921e-01
1.650273794071516500e+15,3.967373875853182907e-01
1.650273794073407250e+15,3.962382911474272018e-01
1.650273794075297750e+15,3.957392607013962005e-01
1.650273794077188500e+15,3.952401642635051116e-01
1.650273794079079000e+15,3.947411338174741102e-01
1.650273794080969750e+15,3.942420373795829658e-01
1.650273794082860500e+15,3.937429409416918769e-01
1.650273794084751000e+15,3.932439104956608755e-01
1.650273794086641750e+15,3.927448140577697866e-01
1.650273794088532250e+15,3.935160233975913968e-01
1.650273794090423000e+15,3.944155036812614923e-01
1.650273794092313500e+15,3.953148650332531933e-01
1.650273794094204250e+15,3.962143453169233442e-01
1.650273794096095000e+15,3.971138256005933842e-01
1.650273794097985500e+15,3.980131869525851407e-01
1.650273794099876250e+15,3.988350048502660172e-01
1.650273794101766750e+15,3.988350048502660172e-01
1.650273794103657500e+15,3.988350048502661283e-01
1.650273794105548000e+15,3.988350048502661283e-01
1.650273794107438750e+15,3.988350048502661838e-01
1.650273794109329250e+15,3.988350048502662393e-01
1.650273794111220000e+15,3.988350048502662393e-01
1.650273794113110750e+15,3.988350048502662948e-01
1.650273794115001250e+15,3.988350048502663503e-01
1.650273794116892000e+15,3.988350048502663503e-01
1.650273794118782500e+15,3.988350048502664058e-01
1.650273794120673250e+15,3.988350048502664613e-01
1.650273794122563750e+15,3.988350048502664613e-01
1.650273794124454500e+15,3.988350048502664613e-01
1.650273794126345250e+15,3.988350048502664613e-01
1.650273794128235750e+15,3.988350048502664613e-01
1.650273794130126500e+15,3.988350048502664613e-01
1.650273794132017000e+15,3.988350048502664058e-01
1.650273794133907750e+15,3.988350048502664613e-01
1.650273794135798250e+15,3.988350048502665168e-01
1.650273794137689000e+15,3.988350048502664613e-01
1.650273794139579500e+15,3.988350048502664613e-01
1.650273794141470250e+15,3.988350048502665168e-01
1.650273794143361000e+15,3.988350048502665168e-01
1.650273794145251500e+15,3.988350048502664613e-01
1.650273794147142250e+15,3.988350048502664613e-01
1.650273794149032750e+15,3.988350048502664613e-01
1.650273794150923500e+15,3.988350048502663503e-01
1.650273794152814000e+15,3.988350048502663503e-01
1.650273794154704750e+15,3.988350048502662393e-01
1.650273794156595500e+15,3.988350048502662393e-01
1.650273794158486000e+15,3.988350048502661838e-01
1.650273794160376750e+15,3.988350048502661283e-01
1.650273794162267250e+15,3.988350048502661283e-01
1.650273794164158000e+15,3.988350048502660172e-01
1.650273794166048500e+15,3.988350048502660727e-01
1.650273794167939250e+15,3.988350048502660727e-01
1.650273794169829750e+15,3.988350048502661838e-01
1.650273794171720500e+15,3.988350048502662393e-01
1.650273794173611250e+15,3.988350048502663503e-01
1.650273794175501750e+15,3.988350048502664058e-01
1.650273794177392500e+15,3.988350048502664058e-01
1.650273794179283000e+15,3.988350048502663503e-01
1.650273794181173750e+15,3.988350048502662948e-01
1.650273794183064250e+15,3.988350048502662393e-01
1.650273794184955000e+15,3.988350048502662393e-01
1.650273794186845750e+15,3.988350048502661283e-01
1.650273794188736250e+15,3.988350048502660727e-01
1.650273794190627000e+15,3.988350048502660172e-01
1.650273794192517500e+15,3.988350048502660172e-01
1.650273794194408250e+15,3.988350048502660172e-01
1.650273794196298750e+15,3.988350048502660172e-01
1.650273794198189500e+15,3.988350048502660172e-01
1.650273794200080000e+15,3.988350048502660172e-01
1.650273794201970750e+15,3.988350048502660172e-01
1.650273794203861500e+15,3.988350048502660172e-01
1.650273794205752000e+15,3.988350048502660172e-01
1.650273794207642750e+15,3.988350048502660172e-01
1.650273794209533250e+15,3.988350048502660172e-01
1.650273794211424000e+15,3.988350048502660172e-01
1.650273794213314500e+15,3.993868648263610988e-01
1.650273794215205250e+15,4.006695068052199549e-01
1.650273794217096000e+15,4.019521487840788665e-01
1.650273794218986500e+15,4.032346211685997051e-01
1.650273794220877250e+15,4.045172631474585612e-01
1.650273794222767750e+15,4.044608535573368524e-01
1.650273794224658500e+15,4.036714749971695992e-01
1.650273794226549000e+15,4.028822008107375563e-01
1.650273794228439750e+15,4.020928222505703031e-01
1.650273794230330250e+15,4.013035480641383157e-01
1.650273794232221000e+15,4.005141695039710625e-01
1.650273794234111750e+15,3.997247909438036984e-01
1.650273794236002250e+15,3.989355167573717664e-01
1.650273794237893000e+15,3.970922949440703342e-01
1.650273794239783500e+15,3.950955718666989136e-01
1.650273794241674250e+15,3.930985847423719148e-01
1.650273794243564750e+15,3.911018616650004942e-01
1.650273794245455500e+15,3.891048745406736065e-01
1.650273794247346250e+15,3.871078874163466632e-01
1.650273794249236750e+15,3.870022258151704642e-01
1.650273794251127500e+15,3.876060930178967245e-01
1.650273794253018000e+15,3.882098803756932615e-01
1.650273794254908750e+15,3.888137475784195773e-01
1.650273794256799250e+15,3.894175349362161143e-01
1.650273794258690000e+15,3.900214021389423191e-01
1.650273794260580500e+15,3.906251894967389671e-01
1.650273794262471250e+15,3.912290566994651719e-01
1.650273794264362000e+15,3.918329239021913768e-01
1.650273794266252500e+15,3.924367112599879137e-01
1.650273794268143250e+15,3.926990816987236954e-01
1.650273794270033750e+15,3.926990816987236954e-01
1.650273794271924500e+15,3.926990816987237509e-01
1.650273794273815000e+15,3.926990816987237509e-01
1.650273794275705750e+15,3.926990816987236954e-01
1.650273794277596500e+15,3.926990816987236954e-01
1.650273794279487000e+15,3.926990816987236954e-01
1.650273794281377750e+15,3.926990816987236954e-01
1.650273794283268250e+15,3.926990816987236954e-01
1.650273794285159000e+15,3.926990816987236954e-01
1.650273794287049500e+15,3.926990816987236954e-01
1.650273794288940250e+15,3.926990816987236954e-01
1.650273794290830750e+15,3.926990816987236954e-01
1.650273794292721500e+15,3.926990816987236399e-01
1.650273794294612250e+15,3.926990816987236399e-01
1.650273794296502750e+15,3.926990816987236954e-01
1.650273794298393500e+15,3.926990816987236954e-01
1.650273794300284000e+15,3.926990816987236399e-01
1.650273794302174750e+15,3.926990816987236954e-01
1.650273794304065250e+15,3.926990816987236954e-01
1.650273794305956000e+15,3.926990816987236954e-01
1.650273794307846750e+15,3.926990816987236399e-01
1.650273794309737250e+15,3.928131978381205203e-01
1.650273794311628000e+15,3.932681584929745844e-01
1.650273794313518500e+15,3.937230589917193324e-01
1.650273794315409250e+15,3.941780196465733965e-01
1.650273794317299750e+15,3.946329201453181446e-01
1.650273794319190500e+15,3.950878808001722087e-01
1.650273794321081000e+15,3.955427812989169567e-01
1.650273794322971750e+15,3.959977419537709653e-01
1.650273794324862500e+15,3.964527026086250849e-01
1.650273794326753000e+15,3.969076031073697775e-01
1.650273794328643750e+15,3.973625637622238971e-01
1.650273794330534250e+15,3.978174642609686451e-01
1.650273794332425000e+15,3.982724249158226537e-01
1.650273794334315500e+15,3.987273254145673462e-01
1.650273794336206250e+15,3.988350048502660172e-01
1.650273794338097000e+15,3.988350048502660172e-01
1.650273794339987500e+15,3.988350048502660172e-01
1.650273794341878250e+15,3.988350048502660172e-01
1.650273794343768750e+15,3.988350048502660727e-01
1.650273794345659500e+15,3.988350048502660172e-01
1.650273794347550000e+15,3.988350048502660172e-01
1.650273794349440750e+15,3.988350048502660172e-01
1.650273794351331250e+15,3.988350048502660172e-01
1.650273794353222000e+15,3.988350048502660172e-01
1.650273794355112750e+15,3.988350048502660727e-01
1.650273794357003250e+15,3.992592883619228705e-01
1.650273794358894000e+15,3.997186808026760296e-01
1.650273794360784500e+15,4.001780125013373879e-01
1.650273794362675250e+15,4.006374049420905470e-01
1.650273794364565750e+15,4.010967366407517942e-01
1.650273794366456500e+15,4.015561290815049533e-01
1.650273794368347250e+15,4.020155215222581679e-01
1.650273794370237750e+15,4.024748532209193597e-01
1.650273794372128500e+15,4.029342456616725743e-01
1.650273794374019000e+15,4.033935773603338770e-01
1.650273794375909750e+15,4.038529698010870361e-01
1.650273794377800250e+15,4.043123014997482834e-01
1.650273794379691000e+15,4.047716939405015535e-01
1.650273794381581500e+15,4.039639518047026256e-01
1.650273794383472250e+15,4.021853994976691271e-01
1.650273794385363000e+15,4.004068471906356286e-01
1.650273794387253500e+15,3.986285300485243877e-01
1.650273794389144250e+15,3.968499777414908891e-01
1.650273794391034750e+15,3.950716605993796482e-01
1.650273794392925500e+15,3.932931082923461497e-01
1.650273794394816000e+15,3.926990816987237509e-01
1.650273794396706750e+15,3.926990816987239175e-01
1.650273794398597500e+15,3.926990816987241395e-01
1.650273794400488000e+15,3.926990816987242505e-01
1.650273794402378750e+15,3.926990816987243615e-01
1.650273794404269250e+15,3.926990816987245836e-01
1.650273794406160000e+15,3.926990816987246946e-01
1.650273794408050500e+15,3.926990816987248056e-01
1.650273794409941250e+15,3.926990816987250277e-01
1.650273794411831750e+15,3.930307519909605474e-01
1.650273794413722500e+15,3.933747956640064047e-01
1.650273794415613250e+15,3.937188393370522621e-01
1.650273794417503750e+15,3.940628375197274269e-01
1.650273794419394500e+15,3.944068811927732288e-01
1.650273794421285000e+15,3.947508793754485046e-01
1.650273794423175750e+15,3.950949230484943620e-01
1.650273794425066250e+15,3.954389212311695267e-01
1.650273794426957000e+15,3.957829649042153841e-01
1.650273794428847750e+15,3.961270085772611860e-01
1.650273794430738250e+15,3.964710067599364063e-01
1.650273794432629000e+15,3.968150504329822637e-01
1.650273794434519500e+15,3.971590486156574284e-01
1.650273794436410250e+15,3.975030922887032303e-01
1.650273794438300750e+15,3.978470904713785616e-01
1.650273794440191500e+15,3.981911341444243080e-01
1.650273794442082000e+15,3.985351323270995283e-01
1.650273794443972750e+15,3.991231641354360260e-01
1.650273794445863500e+15,4.013676014925223190e-01
1.650273794447754000e+15,4.036117420841244252e-01
1.650273794449644750e+15,4.058561794412106627e-01
1.650273794451535250e+15,4.081003200328127689e-01
1.650273794453426000e+15,4.103447573898990619e-01
1.650273794455316500e+15,4.111068511533524372e-01
1.650273794457207250e+15,4.111068511533524372e-01
1.650273794459098000e+15,4.111068511533524372e-01
1.650273794460988500e+15,4.111068511533524927e-01
1.650273794462879250e+15,4.111068511533524372e-01
1.650273794464769750e+15,4.107705697202903017e-01
1.650273794466660500e+15,4.098296535241198191e-01
1.650273794468551000e+15,4.088888617383944490e-01
1.650273794470441750e+15,4.079479455422240219e-01
1.650273794472332250e+15,4.070071537564985409e-01
1.650273794474223000e+15,4.060662375603281138e-01
1.650273794476113750e+15,4.051253213641576312e-01
1.650273794478004250e+15,4.049709280018085056e-01
1.650273794479895000e+15,4.049709280018085611e-01
1.650273794481785500e+15,4.049709280018087276e-01
1.650273794483676250e+15,4.049709280018088386e-01
1.650273794485566750e+15,4.049709280018089497e-01
1.650273794487457500e+15,4.049709280018090607e-01
1.650273794489348250e+15,4.049709280018091717e-01
1.650273794491238750e+15,4.045582686881717405e-01
1.650273794493129500e+15,4.034400521388920025e-01
1.650273794495020000e+15,4.023219834431821518e-01
1.650273794496910750e+15,4.012037668939023582e-01
1.650273794498801250e+15,4.000856981981925076e-01
1.650273794500692000e+15,3.989674816489126585e-01
1.650273794502582500e+15,4.005972652435539905e-01
1.650273794504473250e+15,4.025966614863423221e-01
1.650273794506364000e+15,4.045960577291305427e-01
1.650273794508254500e+15,4.065951896064233240e-01
1.650273794510145250e+15,4.085945858492116001e-01
1.650273794512035750e+15,4.105937177265043814e-01
1.650273794513926500e+15,4.111068511533524372e-01
1.650273794515817000e+15,4.111068511533524372e-01
1.650273794517707750e+15,4.111068511533524372e-01
1.650273794519598500e+15,4.111068511533524372e-01
1.650273794521489000e+15,4.111068511533524372e-01
1.650273794523379750e+15,4.111068511533524372e-01
1.650273794525270250e+15,4.111068511533524372e-01
1.650273794527161000e+15,4.111068511533524372e-01
1.650273794529051500e+15,4.111068511533524372e-01
1.650273794530942250e+15,4.111068511533524372e-01
1.650273794532832750e+15,4.110440040289403130e-01
1.650273794534723500e+15,4.102711376843408697e-01
1.650273794536614250e+15,4.094982713397414820e-01
1.650273794538504750e+15,4.087255071855882549e-01
1.650273794540395500e+15,4.079526408409888116e-01
1.650273794542286000e+15,4.071798766868356401e-01
1.650273794544176750e+15,4.064070103422362523e-01
1.650273794546067250e+15,4.056342461880829697e-01
1.650273794547958000e+15,4.049709280018083946e-01
1.650273794549848750e+15,4.049709280018085611e-01
1.650273794551739250e+15,4.049709280018087831e-01
1.650273794553630000e+15,4.049709280018090052e-01
1.650273794555520500e+15,4.049709280018092272e-01
1.650273794557411250e+15,4.049709280018091162e-01
1.650273794559301750e+15,4.049709280018090052e-01
1.650273794561192500e+15,4.049709280018088386e-01
1.650273794563083000e+15,4.049709280018087831e-01
1.650273794564973750e+15,4.049709280018086166e-01
1.650273794566864500e+15,4.049709280018084501e-01
1.650273794568755000e+15,4.049709280018083390e-01
1.650273794570645750e+15,4.049709280018083390e-01
1.650273794572536250e+15,4.049709280018083390e-01
1.650273794574427000e+15,4.049709280018083390e-01
1.650273794576317500e+15,4.049709280018083946e-01
1.650273794578208250e+15,4.049709280018083390e-01
1.650273794580099000e+15,4.049709280018083390e-01
1.650273794581989500e+15,4.049709280018084501e-01
1.650273794583880250e+15,4.049709280018084501e-01
1.650273794585770750e+15,4.049709280018085611e-01
1.650273794587661500e+15,4.049709280018086721e-01
1.650273794589552000e+15,4.049709280018087831e-01
1.650273794591442750e+15,4.049709280018088386e-01
1.650273794593333250e+15,4.049709280018088942e-01
1.650273794595224000e+15,4.049709280018090052e-01
1.650273794597114750e+15,4.049709280018090607e-01
1.650273794599005250e+15,4.049709280018091717e-01
1.650273794600896000e+15,4.049709280018091717e-01
1.650273794602786500e+15,4.049709280018092827e-01
1.650273794604677250e+15,4.049709280018093938e-01
1.650273794606567750e+15,4.049709280018095048e-01
1.650273794608458500e+15,4.049709280018095603e-01
1.650273794610349250e+15,4.049709280018096158e-01
1.650273794612239750e+15,4.049709280018096158e-01
1.650273794614130500e+15,4.049709280018096158e-01
1.650273794616021000e+15,4.049709280018095603e-01
1.650273794617911750e+15,4.049709280018095048e-01
1.650273794619802250e+15,4.049709280018094493e-01
1.650273794621693000e+15,4.049709280018094493e-01
1.650273794623583500e+15,4.049709280018094493e-01
1.650273794625474250e+15,4.049709280018093938e-01
1.650273794627365000e+15,4.049709280018093938e-01
1.650273794629255500e+15,4.049709280018093382e-01
1.650273794631146250e+15,4.049709280018092827e-01
1.650273794633036750e+15,4.049709280018092827e-01
1.650273794634927500e+15,4.049709280018092827e-01
1.650273794636818000e+15,4.049709280018091717e-01
1.650273794638708750e+15,4.049709280018092272e-01
1.650273794640599500e+15,4.049709280018092272e-01
1.650273794642490000e+15,4.049709280018092272e-01
1.650273794644380750e+15,4.049709280018092272e-01
1.650273794646271250e+15,4.049709280018092272e-01
1.650273794648162000e+15,4.049709280018092272e-01
1.650273794650052500e+15,4.049709280018091717e-01
1.650273794651943250e+15,4.049709280018092272e-01
1.650273794653833750e+15,4.049709280018092272e-01
1.650273794655724500e+15,4.049709280018092272e-01
1.650273794657615250e+15,4.049709280018092272e-01
1.650273794659505750e+15,4.049709280018092272e-01
1.650273794661396500e+15,4.049709280018092272e-01
1.650273794663287000e+15,4.049709280018092272e-01
1.650273794665177750e+15,4.049709280018091717e-01
1.650273794667068250e+15,4.049709280018092827e-01
1.650273794668959000e+15,4.049709280018092827e-01
1.650273794670849750e+15,4.049709280018092272e-01
1.650273794672740250e+15,4.049709280018092827e-01
1.650273794674631000e+15,4.049709280018092827e-01
1.650273794676521500e+15,4.049709280018092272e-01
1.650273794678412250e+15,4.049709280018092272e-01
1.650273794680302750e+15,4.049709280018092272e-01
1.650273794682193500e+15,4.049709280018092272e-01
1.650273794684084000e+15,4.049709280018091717e-01
1.650273794685974750e+15,4.049709280018092272e-01
1.650273794687865500e+15,4.049709280018092827e-01
1.650273794689756000e+15,4.049709280018092272e-01
1.650273794691646750e+15,4.049709280018092272e-01
1.650273794693537250e+15,4.049709280018091717e-01
1.650273794695428000e+15,4.049709280018092272e-01
1.650273794697318500e+15,4.049709280018092272e-01
1.650273794699209250e+15,4.049709280018092272e-01
1.650273794701100000e+15,4.049709280018092272e-01
1.650273794702990500e+15,4.049709280018092272e-01
1.650273794704881250e+15,4.049709280018092272e-01
1.650273794706771750e+15,4.049709280018092272e-01
1.650273794708662500e+15,4.049709280018092272e-01
1.650273794710553000e+15,4.049709280018092827e-01
1.650273794712443750e+15,4.049709280018092827e-01
1.650273794714334250e+15,4.049709280018094493e-01
1.650273794716225000e+15,4.049709280018096158e-01
1.650273794718115750e+15,4.049709280018098378e-01
1.650273794720006250e+15,4.049709280018100044e-01
1.650273794721897000e+15,4.049709280018100599e-01
1.650273794723787500e+15,4.049709280018099489e-01
1.650273794725678250e+15,4.049709280018098378e-01
1.650273794727568750e+15,4.049709280018096713e-01
1.650273794729459500e+15,4.049709280018096713e-01
1.650273794731350250e+15,4.049709280018094493e-01
1.650273794733240750e+15,4.049709280018093382e-01
1.650273794735131500e+15,4.049709280018092827e-01
1.650273794737022000e+15,4.049709280018092827e-01
1.650273794738912750e+15,4.049709280018093382e-01
1.650273794740803250e+15,4.049709280018093382e-01
1.650273794742694000e+15,4.049709280018093938e-01
1.650273794744584500e+15,4.049709280018094493e-01
1.650273794746475250e+15,4.049709280018095048e-01
1.650273794748366000e+15,4.049709280018094493e-01
1.650273794750256500e+15,4.049709280018095603e-01
1.650273794752147250e+15,4.049709280018096158e-01
1.650273794754037750e+15,4.049709280018096158e-01
1.650273794755928500e+15,4.049709280018096713e-01
1.650273794757819000e+15,4.049709280018095603e-01
1.650273794759709750e+15,4.049709280018095048e-01
1.650273794761600500e+15,4.049709280018094493e-01
1.650273794763491000e+15,4.049709280018093382e-01
1.650273794765381750e+15,4.049709280018093382e-01
1.650273794767272250e+15,4.049709280018091717e-01
1.650273794769163000e+15,4.049709280018092272e-01
1.650273794771053500e+15,4.049709280018092272e-01
1.650273794772944250e+15,4.049709280018092272e-01
1.650273794774834750e+15,4.049709280018092272e-01
1.650273794776725500e+15,4.049709280018092272e-01
1.650273794778616250e+15,4.049709280018092272e-01
1.650273794780506750e+15,4.049709280018092272e-01
1.650273794782397500e+15,4.053623163359384440e-01
1.650273794784288000e+15,4.064140855550873455e-01
1.650273794786178750e+15,4.074659938603535370e-01
1.650273794788069250e+15,4.085177630795024939e-01
1.650273794789960000e+15,4.095696713847686299e-01
1.650273794791850750e+15,4.106215796900348769e-01
1.650273794793741250e+15,4.111068511533527703e-01
1.650273794795632000e+15,4.111068511533525482e-01
1.650273794797522500e+15,4.111068511533524372e-01
1.650273794799413250e+15,4.111068511533522152e-01
1.650273794801303750e+15,4.111068511533520486e-01
1.650273794803194500e+15,4.104357934853877787e-01
1.650273794805085250e+15,4.095444676787821647e-01
1.650273794806975750e+15,4.086532597256481991e-01
1.650273794808866500e+15,4.077619339190424741e-01
1.650273794810757000e+15,4.068707259659086195e-01
1.650273794812647750e+15,4.059794001593028390e-01
1.650273794814538250e+15,4.050881922061688734e-01
1.650273794816429000e+15,4.049709280018092272e-01
1.650273794818319500e+15,4.049709280018092272e-01
1.650273794820210250e+15,4.049709280018092272e-01
1.650273794822101000e+15,4.049709280018092272e-01
1.650273794823991500e+15,4.049709280018092272e-01
1.650273794825882250e+15,4.049709280018092272e-01
1.650273794827772750e+15,4.049709280018092272e-01
1.650273794829663500e+15,4.049709280018092272e-01
1.650273794831554000e+15,4.049709280018092272e-01
1.650273794833444750e+15,4.049709280018092272e-01
1.650273794835335500e+15,4.049709280018092272e-01
1.650273794837226000e+15,4.049709280018092272e-01
1.650273794839116750e+15,4.041679348638892444e-01
1.650273794841007250e+15,4.022673921067840830e-01
1.650273794842898000e+15,4.003665980216233322e-01
1.650273794844788500e+15,3.984660552645181708e-01
1.650273794846679250e+15,3.965652611793573645e-01
1.650273794848569750e+15,3.946647184222522031e-01
1.650273794850460500e+15,3.927639243370913413e-01
1.650273794852351250e+15,3.926990816987241395e-01
1.650273794854241750e+15,3.926990816987240285e-01
1.650273794856132500e+15,3.926990816987240285e-01
1.650273794858023000e+15,3.926990816987239175e-01
1.650273794859913750e+15,3.926990816987239175e-01
1.650273794861804250e+15,3.926990816987238619e-01
1.650273794863695000e+15,3.926990816987238064e-01
1.650273794865585750e+15,3.926990816987238064e-01
1.650273794867476250e+15,3.926990816987237509e-01
1.650273794869367000e+15,3.926990816987236954e-01
1.650273794871257500e+15,3.926990816987236954e-01
1.650273794873148250e+15,3.926990816987236954e-01
1.650273794875038750e+15,3.926990816987236954e-01
1.650273794876929500e+15,3.926990816987236954e-01
1.650273794878820000e+15,3.926990816987236954e-01
1.650273794880710750e+15,3.926990816987236954e-01
1.650273794882601500e+15,3.926990816987236954e-01
1.650273794884492000e+15,3.926990816987237509e-01
1.650273794886382750e+15,3.926990816987236954e-01
1.650273794888273250e+15,3.926990816987236954e-01
1.650273794890164000e+15,3.926990816987236399e-01
1.650273794892054500e+15,3.926990816987236954e-01
1.650273794893945250e+15,3.926990816987236399e-01
1.650273794895836000e+15,3.926990816987236399e-01
1.650273794897726500e+15,3.926990816987236954e-01
1.650273794899617250e+15,3.926990816987236954e-01
1.650273794901507750e+15,3.926990816987236399e-01
1.650273794903398500e+15,3.926990816987236954e-01
1.650273794905289000e+15,3.922527121645035253e-01
1.650273794907179750e+15,3.912881713681302109e-01
1.650273794909070250e+15,3.903237581059094685e-01
1.650273794910961000e+15,3.893592173095361542e-01
1.650273794912851750e+15,3.883946765131627843e-01
1.650273794914742250e+15,3.874302632509420974e-01
1.650273794916633000e+15,3.866279686628670276e-01
1.650273794918523500e+15,3.872694530801645274e-01
1.650273794920414250e+15,3.879110223274564451e-01
1.650273794922304750e+15,3.885525067447539449e-01
1.650273794924195500e+15,3.891940759920458071e-01
1.650273794926086250e+15,3.898356452393376692e-01
1.650273794927976750e+15,3.904771296566351690e-01
1.650273794929867500e+15,3.911186989039270312e-01
1.650273794931758000e+15,3.917601833212245310e-01
1.650273794933648750e+15,3.924017525685163932e-01
1.650273794935539250e+15,3.922002551472286713e-01
1.650273794937430000e+15,3.912703499934311324e-01
1.650273794939320500e+15,3.903405677941692575e-01
1.650273794941211250e+15,3.894106626403716631e-01
1.650273794943102000e+15,3.884807574865741242e-01
1.650273794944992500e+15,3.875509752873122493e-01
1.650273794946883250e+15,3.866210701335146549e-01
1.650273794948773750e+15,3.874855241680494333e-01
1.650273794950664500e+15,3.884692854415827679e-01
1.650273794952555000e+15,3.894529166395808151e-01
1.650273794954445750e+15,3.904366779131140941e-01
1.650273794956336500e+15,3.914204391866474841e-01
1.650273794958227000e+15,3.924040703846454758e-01
1.650273794960117750e+15,3.926990816987236954e-01
1.650273794962008250e+15,3.926990816987236954e-01
1.650273794963899000e+15,3.926990816987236954e-01
1.650273794965789500e+15,3.926990816987236399e-01
1.650273794967680250e+15,3.926990816987236954e-01
1.650273794969570750e+15,3.925944253118107685e-01
1.650273794971461500e+15,3.920893096422366497e-01
1.650273794973352250e+15,3.915841939726624754e-01
1.650273794975242750e+15,3.910791450908273070e-01
1.650273794977133500e+15,3.905740294212531882e-01
1.650273794979024000e+15,3.900689805394179643e-01
1.650273794980914750e+15,3.895638648698438455e-01
1.650273794982805250e+15,3.890588159880086772e-01
1.650273794984696000e+15,3.885537003184345028e-01
1.650273794986586750e+15,3.880485846488603840e-01
1.650273794988477250e+15,3.875435357670251602e-01
1.650273794990368000e+15,3.870384200974510414e-01
1.650273794992258500e+15,3.865631585471813736e-01
1.650273794994149250e+15,3.865631585471813736e-01
1.650273794996039750e+15,3.865631585471813736e-01
1.650273794997930500e+15,3.865631585471813736e-01
1.650273794999821000e+15,3.865631585471813736e-01
1.650273795001711750e+15,3.865631585471813736e-01
1.650273795003602500e+15,3.865631585471813736e-01
1.650273795005493000e+15,3.865631585471813736e-01
1.650273795007383750e+15,3.865631585471813736e-01
1.650273795009274250e+15,3.865631585471813736e-01
1.650273795011165000e+15,3.865631585471813736e-01
1.650273795013055500e+15,3.865631585471813736e-01
1.650273795014946250e+15,3.865631585471813736e-01
1.650273795016837000e+15,3.865631585471813736e-01
1.650273795018727500e+15,3.865631585471813736e-01
1.650273795020618250e+15,3.865631585471813736e-01
1.650273795022508750e+15,3.865631585471813736e-01
1.650273795024399500e+15,3.865631585471813736e-01
1.650273795026290000e+15,3.865631585471813736e-01
1.650273795028180750e+15,3.865631585471813736e-01
1.650273795030071250e+15,3.865631585471813736e-01
1.650273795031962000e+15,3.865631585471813736e-01
1.650273795033852750e+15,3.865631585471813736e-01
1.650273795035743250e+15,3.865631585471813736e-01
1.650273795037634000e+15,3.865631585471813736e-01
1.650273795039524500e+15,3.865631585471813736e-01
1.650273795041415250e+15,3.865631585471813736e-01
1.650273795043305750e+15,3.865631585471813736e-01
1.650273795045196500e+15,3.865631585471813736e-01
1.650273795047087250e+15,3.865631585471814291e-01
1.650273795048977750e+15,3.865631585471813736e-01
1.650273795050868500e+15,3.865631585471813736e-01
1.650273795052759000e+15,3.865631585471814291e-01
1.650273795054649750e+15,3.865631585471814291e-01
1.650273795056540250e+15,3.865631585471813736e-01
1.650273795058431000e+15,3.865631585471813736e-01
1.650273795060321500e+15,3.865631585471813736e-01
1.650273795062212250e+15,3.865631585471813736e-01
1.650273795064103000e+15,3.865631585471813736e-01
1.650273795065993500e+15,3.865631585471813736e-01
1.650273795067884250e+15,3.865631585471813736e-01
1.650273795069774750e+15,3.865631585471813736e-01
1.650273795071665500e+15,3.865631585471813736e-01
1.650273795073556000e+15,3.865631585471813736e-01
1.650273795075446750e+15,3.865631585471813736e-01
1.650273795077337500e+15,3.865631585471813736e-01
1.650273795079228000e+15,3.865631585471813736e-01
1.650273795081118750e+15,3.865631585471814291e-01
1.650273795083009250e+15,3.865631585471813736e-01
1.650273795084900000e+15,3.865631585471813736e-01
1.650273795086790500e+15,3.865631585471813736e-01
1.650273795088681250e+15,3.865631585471813736e-01
1.650273795090571750e+15,3.865631585471813736e-01
1.650273795092462500e+15,3.865631585471814291e-01
1.650273795094353250e+15,3.865631585471813736e-01
1.650273795096243750e+15,3.865631585471813736e-01
1.650273795098134500e+15,3.865631585471813736e-01
1.650273795100025000e+15,3.865631585471813736e-01
1.650273795101915750e+15,3.865631585471813736e-01
1.650273795103806250e+15,3.865631585471813736e-01
1.650273795105697000e+15,3.865631585471813736e-01
1.650273795107587750e+15,3.865631585471813736e-01
1.650273795109478250e+15,3.871561210988470059e-01
1.650273795111369000e+15,3.877747686058474752e-01
1.650273795113259500e+15,3.883933343136271032e-01
1.650273795115150250e+15,3.890119818206276281e-01
1.650273795117040750e+15,3.896305475284073117e-01
1.650273795118931500e+15,3.902491950354078365e-01
1.650273795120822000e+15,3.908677607431875201e-01
1.650273795122712750e+15,3.914864082501879894e-01
1.650273795124603500e+15,3.921050557571884587e-01
1.650273795126494000e+15,3.926307580054032575e-01
1.650273795128384750e+15,3.909083176967729223e-01
1.650273795130275250e+15,3.891861051337869859e-01
1.650273795132166000e+15,3.874636648251567062e-01
1.650273795134056500e+15,3.857414522621707698e-01
1.650273795135947250e+15,3.840190119535404900e-01
1.650273795137838000e+15,3.822965716449101548e-01
1.650273795139728500e+15,3.805743590819242184e-01
1.650273795141619250e+15,3.808930596607108532e-01
1.650273795143509750e+15,3.814023213482160557e-01
1.650273795145400500e+15,3.819116503805621288e-01
1.650273795147291000e+15,3.824209120680672758e-01
1.650273795149181750e+15,3.829302411004135154e-01
1.650273795151072250e+15,3.834395027879186069e-01
1.650273795152963000e+15,3.839488318202647354e-01
1.650273795154853750e+15,3.844581608526108640e-01
1.650273795156744250e+15,3.849674225401160110e-01
1.650273795158635000e+15,3.854767515724621951e-01
1.650273795160525500e+15,3.859860132599673421e-01
1.650273795162416250e+15,3.864953422923134707e-01
1.650273795164306750e+15,3.875532377185676447e-01
1.650273795166197500e+15,3.886955670508617233e-01
1.650273795168088250e+15,3.898378963831558019e-01
1.650273795169978750e+15,3.909800746736235566e-01
1.650273795171869500e+15,3.921224040059176352e-01
1.650273795173760000e+15,3.926990816987245836e-01
1.650273795175650750e+15,3.926990816987245836e-01
1.650273795177541250e+15,3.926990816987245836e-01
1.650273795179432000e+15,3.926990816987245836e-01
1.650273795181322500e+15,3.926990816987246391e-01
1.650273795183213250e+15,3.926990816987245836e-01
1.650273795185104000e+15,3.926990816987245836e-01
1.650273795186994500e+15,3.926990816987245836e-01
1.650273795188885250e+15,3.926990816987245836e-01
1.650273795190775750e+15,3.926990816987245836e-01
1.650273795192666500e+15,3.926990816987245836e-01
1.650273795194557000e+15,3.926990816987245836e-01
1.650273795196447750e+15,3.926990816987245836e-01
1.650273795198338500e+15,3.926990816987245836e-01
1.650273795200229000e+15,3.926990816987245836e-01
1.650273795202119750e+15,3.926990816987245836e-01
1.650273795204010250e+15,3.926990816987245836e-01
1.650273795205901000e+15,3.926990816987245836e-01
1.650273795207791500e+15,3.926990816987246391e-01
1.650273795209682250e+15,3.926990816987245836e-01
1.650273795211572750e+15,3.926990816987245281e-01
1.650273795213463500e+15,3.926990816987245836e-01
1.650273795215354250e+15,3.926990816987245836e-01
1.650273795217244750e+15,3.926990816987245836e-01
1.650273795219135500e+15,3.926990816987245836e-01
1.650273795221026000e+15,3.926990816987245281e-01
1.650273795222916750e+15,3.926990816987245836e-01
1.650273795224807250e+15,3.926990816987245281e-01
1.650273795226698000e+15,3.926990816987245836e-01
1.650273795228588750e+15,3.926990816987245281e-01
1.650273795230479250e+15,3.926990816987245281e-01
1.650273795232370000e+15,3.926990816987245836e-01
1.650273795234260500e+15,3.926990816987245836e-01
1.650273795236151250e+15,3.926990816987245836e-01
1.650273795238041750e+15,3.926990816987245281e-01
1.650273795239932500e+15,3.926990816987245281e-01
1.650273795241823000e+15,3.926990816987245281e-01
1.650273795243713750e+15,3.926990816987245836e-01
1.650273795245604500e+15,3.926990816987245836e-01
1.650273795247495000e+15,3.926990816987245281e-01
1.650273795249385750e+15,3.926990816987245281e-01
1.650273795251276250e+15,3.926990816987245281e-01
1.650273795253167000e+15,3.926990816987245836e-01
1.650273795255057500e+15,3.926990816987245836e-01
1.650273795256948250e+15,3.926990816987245836e-01
1.650273795258839000e+15,3.926990816987245836e-01
1.650273795260729500e+15,3.926990816987245836e-01
1.650273795262620250e+15,3.926990816987245281e-01
1.650273795264510750e+15,3.926990816987245281e-01
1.650273795266401500e+15,3.926990816987245836e-01
1.650273795268292000e+15,3.926990816987245836e-01
1.650273795270182750e+15,3.926990816987245836e-01
1.650273795272073250e+15,3.926990816987245281e-01
1.650273795273964000e+15,3.926990816987245281e-01
1.650273795275854750e+15,3.926990816987245836e-01
1.650273795277745250e+15,3.926990816987245281e-01
1.650273795279636000e+15,3.926990816987245836e-01
1.650273795281526500e+15,3.926990816987245836e-01
1.650273795283417250e+15,3.926990816987245836e-01
1.650273795285307750e+15,3.926990816987245836e-01
1.650273795287198500e+15,3.926990816987245281e-01
1.650273795289089250e+15,3.926990816987245281e-01
1.650273795290979750e+15,3.926990816987245836e-01
1.650273795292870500e+15,3.926990816987245836e-01
1.650273795294761000e+15,3.926990816987245836e-01
1.650273795296651750e+15,3.926990816987246391e-01
1.650273795298542250e+15,3.926990816987246391e-01
1.650273795300433000e+15,3.926990816987246391e-01
1.650273795302323500e+15,3.926990816987245836e-01
1.650273795304214250e+15,3.926990816987246391e-01
1.650273795306105000e+15,3.926990816987245836e-01
1.650273795307995500e+15,3.926990816987245836e-01
1.650273795309886250e+15,3.926990816987245836e-01
1.650273795311776750e+15,3.926990816987246391e-01
1.650273795313667500e+15,3.926990816987245836e-01
1.650273795315558000e+15,3.926990816987246391e-01
1.650273795317448750e+15,3.926990816987245836e-01
1.650273795319339500e+15,3.926990816987245281e-01
1.650273795321230000e+15,3.926990816987245836e-01
1.650273795323120750e+15,3.926990816987245836e-01
1.650273795325011250e+15,3.926990816987245836e-01
1.650273795326902000e+15,3.926990816987245836e-01
1.650273795328792500e+15,3.926990816987245836e-01
1.650273795330683250e+15,3.926990816987245836e-01
1.650273795332573750e+15,3.926990816987245836e-01
1.650273795334464500e+15,3.926990816987245281e-01
1.650273795336355250e+15,3.926990816987245836e-01
1.650273795338245750e+15,3.926990816987245281e-01
1.650273795340136500e+15,3.926990816987245836e-01
1.650273795342027000e+15,3.926990816987245836e-01
1.650273795343917750e+15,3.926990816987245836e-01
1.650273795345808250e+15,3.926990816987245836e-01
1.650273795347699000e+15,3.926990816987245281e-01
1.650273795349589750e+15,3.926990816987245836e-01
1.650273795351480250e+15,3.926990816987246391e-01
1.650273795353371000e+15,3.926990816987246391e-01
1.650273795355261500e+15,3.926990816987246391e-01
1.650273795357152250e+15,3.926990816987246391e-01
1.650273795359042750e+15,3.926990816987246391e-01
1.650273795360933500e+15,3.926990816987245836e-01
1.650273795362824000e+15,3.926990816987246391e-01
1.650273795364714750e+15,3.926990816987245836e-01
1.650273795366605500e+15,3.926990816987245836e-01
1.650273795368496000e+15,3.926990816987245836e-01
1.650273795370386750e+15,3.926990816987245836e-01
1.650273795372277250e+15,3.926990816987245281e-01
1.650273795374168000e+15,3.926990816987245281e-01
1.650273795376058500e+15,3.926990816987245836e-01
1.650273795377949250e+15,3.926990816987245836e-01
1.650273795379840000e+15,3.926990816987245836e-01
1.650273795381730500e+15,3.926990816987245836e-01
1.650273795383621250e+15,3.926990816987245836e-01
1.650273795385511750e+15,3.926990816987245836e-01
1.650273795387402500e+15,3.926990816987245836e-01
1.650273795389293000e+15,3.926990816987245836e-01
1.650273795391183750e+15,3.926990816987245836e-01
1.650273795393074250e+15,3.926990816987245836e-01
1.650273795394965000e+15,3.926990816987245836e-01
1.650273795396855750e+15,3.926990816987245836e-01
1.650273795398746250e+15,3.926990816987245836e-01
1.650273795400637000e+15,3.926990816987245836e-01
1.650273795402527500e+15,3.926990816987245836e-01
1.650273795404418250e+15,3.926990816987245281e-01
1.650273795406308750e+15,3.926990816987245836e-01
1.650273795408199500e+15,3.926990816987245836e-01
1.650273795410090250e+15,3.926990816987245836e-01
1.650273795411980750e+15,3.926990816987245836e-01
1.650273795413871500e+15,3.926990816987245836e-01
1.650273795415762000e+15,3.926990816987245836e-01
1.650273795417652750e+15,3.926990816987245836e-01
1.650273795419543250e+15,3.926990816987245836e-01
1.650273795421434000e+15,3.926990816987245836e-01
1.650273795423324500e+15,3.926990816987245836e-01
1.650273795425215250e+15,3.926990816987245836e-01
1.650273795427106000e+15,3.926990816987245836e-01
1.650273795428996500e+15,3.926990816987245281e-01
1.650273795430887250e+15,3.926990816987245836e-01
1.650273795432777750e+15,3.926990816987245836e-01
1.650273795434668500e+15,3.926990816987245836e-01
1.650273795436559000e+15,3.926990816987245836e-01
1.650273795438449750e+15,3.926990816987245836e-01
1.650273795440340500e+15,3.926990816987245836e-01
1.650273795442231000e+15,3.926990816987245836e-01
1.650273795444121750e+15,3.926990816987246391e-01
1.650273795446012250e+15,3.926990816987245836e-01
1.650273795447903000e+15,3.926990816987245836e-01
1.650273795449793500e+15,3.926990816987245836e-01
1.650273795451684250e+15,3.926990816987245836e-01
1.650273795453574750e+15,3.926990816987245836e-01
1.650273795455465500e+15,3.926990816987245836e-01
1.650273795457356250e+15,3.926990816987245836e-01
1.650273795459246750e+15,3.926990816987245836e-01
1.650273795461137500e+15,3.926990816987245836e-01
1.650273795463028000e+15,3.926990816987245836e-01
1.650273795464918750e+15,3.926990816987245836e-01
1.650273795466809250e+15,3.934256153239907294e-01
1.650273795468700000e+15,3.943376109767522397e-01
1.650273795470590750e+15,3.952496066295136945e-01
1.650273795472481250e+15,3.961614816957813590e-01
1.650273795474372000e+15,3.970734773485428137e-01
1.650273795476262500e+15,3.979853524148103672e-01
1.650273795478153250e+15,3.987583354702072813e-01
1.650273795480043750e+15,3.976369160272457126e-01
1.650273795481934500e+15,3.965153482876109803e-01
1.650273795483825000e+15,3.953939288446494116e-01
1.650273795485715750e+15,3.942723611050146793e-01
1.650273795487606500e+15,3.931507933653799469e-01
1.650273795489497000e+15,3.930193821073640903e-01
1.650273795491387750e+15,3.935557930884433508e-01
1.650273795493278250e+15,3.940921331438341779e-01
1.650273795495169000e+15,3.946285441249134385e-01
1.650273795497059500e+15,3.951648841803043766e-01
1.650273795498950250e+15,3.957012951613835816e-01
1.650273795500841000e+15,3.962377061424628422e-01
1.650273795502731500e+15,3.967740461978537247e-01
1.650273795504622250e+15,3.973104571789329853e-01
1.650273795506512750e+15,3.978467972343238124e-01
1.650273795508403500e+15,3.983832082154030729e-01
1.650273795510294000e+15,3.988350048502669054e-01
1.650273795512184750e+15,3.988350048502669054e-01
1.650273795514075250e+15,3.988350048502669054e-01
1.650273795515966000e+15,3.988350048502669054e-01
1.650273795517856750e+15,3.988350048502669054e-01
1.650273795519747250e+15,3.988350048502669054e-01
1.650273795521638000e+15,3.988350048502669054e-01
1.650273795523528500e+15,3.988350048502669054e-01
1.650273795525419250e+15,3.988350048502669054e-01
1.650273795527309750e+15,3.988350048502669054e-01
1.650273795529200500e+15,3.988350048502669054e-01
1.650273795531091250e+15,3.988350048502669609e-01
1.650273795532981750e+15,3.988350048502671275e-01
1.650273795534872500e+15,3.988350048502672385e-01
1.650273795536763000e+15,3.988350048502673495e-01
1.650273795538653750e+15,3.988350048502673495e-01
1.650273795540544250e+15,3.988350048502675715e-01
1.650273795542435000e+15,3.988350048502676271e-01
1.650273795544325500e+15,3.988350048502677381e-01
1.650273795546216250e+15,3.988350048502676826e-01
1.650273795548107000e+15,3.988350048502674605e-01
1.650273795549997500e+15,3.988350048502673495e-01
1.650273795551888250e+15,3.988350048502671275e-01
1.650273795553778750e+15,3.988350048502669609e-01
1.650273795555669500e+15,3.988350048502669609e-01
1.650273795557560000e+15,3.988350048502669054e-01
1.650273795559450750e+15,3.988350048502669054e-01
1.650273795561341500e+15,3.988350048502669054e-01
1.650273795563232000e+15,3.988350048502669609e-01
1.650273795565122750e+15,3.988350048502669054e-01
1.650273795567013250e+15,3.988350048502669054e-01
1.650273795568904000e+15,3.988350048502669054e-01
1.650273795570794500e+15,3.988350048502669054e-01
1.650273795572685250e+15,3.988350048502669054e-01
1.650273795574575750e+15,3.988350048502669054e-01
1.650273795576466500e+15,3.988350048502669609e-01
1.650273795578357250e+15,3.988350048502669609e-01
1.650273795580247750e+15,3.988350048502669054e-01
1.650273795582138500e+15,3.988350048502669609e-01
1.650273795584029000e+15,3.988350048502669609e-01
1.650273795585919750e+15,3.988350048502669054e-01
1.650273795587810250e+15,3.988350048502669054e-01
1.650273795589701000e+15,3.988350048502669054e-01
1.650273795591591750e+15,3.988350048502669054e-01
1.650273795593482250e+15,3.988350048502669054e-01
1.650273795595373000e+15,3.988350048502668499e-01
1.650273795597263500e+15,3.988350048502669054e-01
1.650273795599154250e+15,3.988350048502668499e-01
1.650273795601044750e+15,3.988350048502669054e-01
1.650273795602935500e+15,3.988350048502669054e-01
1.650273795604826000e+15,3.988350048502669054e-01
1.650273795606716750e+15,3.988350048502669054e-01
1.650273795608607500e+15,3.988350048502668499e-01
1.650273795610498000e+15,3.988350048502669054e-01
1.650273795612388750e+15,3.988350048502669054e-01
1.650273795614279250e+15,3.988350048502669054e-01
1.650273795616170000e+15,3.988350048502669054e-01
1.650273795618060500e+15,3.988350048502669609e-01
1.650273795619951250e+15,3.988350048502669054e-01
1.650273795621842000e+15,3.988350048502669609e-01
1.650273795623732500e+15,3.988350048502669054e-01
1.650273795625623250e+15,3.988350048502669054e-01
1.650273795627513750e+15,3.988350048502669054e-01
1.650273795629404500e+15,3.988350048502669054e-01
1.650273795631295000e+15,3.988350048502669054e-01
1.650273795633185750e+15,3.988350048502669054e-01
1.650273795635076250e+15,3.988350048502669054e-01
1.650273795636967000e+15,3.988350048502669054e-01
1.650273795638857750e+15,3.988350048502669054e-01
1.650273795640748250e+15,3.988350048502669054e-01
1.650273795642639000e+15,3.988350048502669054e-01
1.650273795644529500e+15,3.988350048502669054e-01
1.650273795646420250e+15,3.988350048502669054e-01
1.650273795648310750e+15,3.988350048502669054e-01
1.650273795650201500e+15,3.988350048502669054e-01
1.650273795652092250e+15,3.988350048502669609e-01
1.650273795653982750e+15,3.988350048502669054e-01
1.650273795655873500e+15,3.988350048502669054e-01
1.650273795657764000e+15,3.988350048502669054e-01
1.650273795659654750e+15,3.988350048502669054e-01
1.650273795661545250e+15,3.988350048502669054e-01
1.650273795663436000e+15,3.988350048502669054e-01
1.650273795665326500e+15,3.988350048502669054e-01
1.650273795667217250e+15,3.988350048502668499e-01
1.650273795669108000e+15,3.988350048502667389e-01
1.650273795670998500e+15,3.988350048502667389e-01
1.650273795672889250e+15,3.988350048502666834e-01
1.650273795674779750e+15,3.988350048502666834e-01
1.650273795676670500e+15,3.988350048502665723e-01
1.650273795678561000e+15,3.988350048502665168e-01
1.650273795680451750e+15,3.988350048502664613e-01
1.650273795682342500e+15,3.988350048502664058e-01
1.650273795684233000e+15,3.988350048502663503e-01
1.650273795686123750e+15,3.988350048502662948e-01
1.650273795688014250e+15,3.988350048502662393e-01
1.650273795689905000e+15,3.988350048502661838e-01
1.650273795691795500e+15,3.988350048502661283e-01
1.650273795693686250e+15,3.988350048502660727e-01
1.650273795695576750e+15,3.988350048502660727e-01
1.650273795697467500e+15,3.988350048502661283e-01
1.650273795699358250e+15,3.988350048502661283e-01
1.650273795701248750e+15,3.988350048502662393e-01
1.650273795703139500e+15,3.988350048502663503e-01
1.650273795705030000e+15,3.988350048502664058e-01
1.650273795706920750e+15,3.988350048502664613e-01
1.650273795708811250e+15,3.988350048502665723e-01
1.650273795710702000e+15,3.988350048502666279e-01
1.650273795712592750e+15,3.988350048502666834e-01
1.650273795714483250e+15,3.988350048502667389e-01
1.650273795716374000e+15,3.988350048502667944e-01
1.650273795718264500e+15,3.988350048502669054e-01
1.650273795720155250e+15,3.988350048502669054e-01
1.650273795722045750e+15,3.988350048502669054e-01
1.650273795723936500e+15,3.988350048502669054e-01
1.650273795725827000e+15,3.988350048502669609e-01
1.650273795727717750e+15,3.988350048502669609e-01
1.650273795729608500e+15,3.988350048502669609e-01
1.650273795731499000e+15,3.988350048502667389e-01
1.650273795733389750e+15,3.988350048502665723e-01
1.650273795735280250e+15,3.988350048502664613e-01
1.650273795737171000e+15,3.988350048502663503e-01
1.650273795739061500e+15,3.988350048502661838e-01
1.650273795740952250e+15,3.988350048502660727e-01
1.650273795742843000e+15,3.988350048502660172e-01
1.650273795744733500e+15,3.988350048502660172e-01
1.650273795746624250e+15,3.988350048502660172e-01
1.650273795748514750e+15,3.988350048502660172e-01
1.650273795750405500e+15,3.988350048502660172e-01
1.650273795752296000e+15,3.988350048502660172e-01
1.650273795754186750e+15,3.988350048502660172e-01
1.650273795756077250e+15,3.988350048502660172e-01
1.650273795757968000e+15,3.988350048502660172e-01
1.650273795759858750e+15,3.988350048502659617e-01
1.650273795761749250e+15,3.988350048502660172e-01
1.650273795763640000e+15,3.988350048502660172e-01
1.650273795765530500e+15,3.988350048502660172e-01
1.650273795767421250e+15,3.988350048502660172e-01
1.650273795769311750e+15,3.988350048502660172e-01
1.650273795771202500e+15,3.988350048502660727e-01
1.650273795773093250e+15,3.988350048502660172e-01
1.650273795774983750e+15,3.988350048502660172e-01
1.650273795776874500e+15,3.988350048502660172e-01
1.650273795778765000e+15,3.988350048502660172e-01
1.650273795780655750e+15,3.988350048502660172e-01
1.650273795782546250e+15,3.988350048502660172e-01
1.650273795784437000e+15,3.988350048502660172e-01
1.650273795786327500e+15,3.988350048502660172e-01
1.650273795788218250e+15,3.988350048502660172e-01
1.650273795790109000e+15,3.988350048502660172e-01
1.650273795791999500e+15,3.988350048502660172e-01
1.650273795793890250e+15,3.988350048502659062e-01
1.650273795795780750e+15,3.988350048502656842e-01
1.650273795797671500e+15,3.988350048502654621e-01
1.650273795799562000e+15,3.988350048502652401e-01
1.650273795801452750e+15,3.988350048502650180e-01
1.650273795803343500e+15,3.988350048502647405e-01
1.650273795805234000e+15,3.988350048502645184e-01
1.650273795807124750e+15,3.988350048502642964e-01
1.650273795809015250e+15,3.981825105789544850e-01
1.650273795810906000e+15,3.971965337210292546e-01
1.650273795812796500e+15,3.962106872315898642e-01
1.650273795814687250e+15,3.952247103736646339e-01
1.650273795816577750e+15,3.942388638842252435e-01
1.650273795818468500e+15,3.932528870263000131e-01
1.650273795820359250e+15,3.922669101683747828e-01
1.650273795822249750e+15,3.912810636789353924e-01
1.650273795824140500e+15,3.902950868210102175e-01
1.650273795826031000e+15,3.893092403315707717e-01
1.650273795827921750e+15,3.883232634736455413e-01
1.650273795829812250e+15,3.873374169842060954e-01
1.650273795831703000e+15,3.869229483795798008e-01
1.650273795833593750e+15,3.885984967185142080e-01
1.650273795835484250e+15,3.902738235119853627e-01
1.650273795837375000e+15,3.919493718509198255e-01
1.650273795839265500e+15,3.926990816987254718e-01
1.650273795841156250e+15,3.926990816987254718e-01
1.650273795843046750e+15,3.926990816987254718e-01
1.650273795844937500e+15,3.926990816987254718e-01
1.650273795846828250e+15,3.926990816987254718e-01
1.650273795848718750e+15,3.926990816987254718e-01
1.650273795850609500e+15,3.926990816987254718e-01
1.650273795852500000e+15,3.926990816987254718e-01
1.650273795854390750e+15,3.926990816987254718e-01
1.650273795856281250e+15,3.926990816987254163e-01
1.650273795858172000e+15,3.926990816987254718e-01
1.650273795860062500e+15,3.926990816987254718e-01
1.650273795861953250e+15,3.926990816987254718e-01
1.650273795863844000e+15,3.926990816987253607e-01
1.650273795865734500e+15,3.926990816987252497e-01
1.650273795867625250e+15,3.926990816987251387e-01
1.650273795869515750e+15,3.926990816987249722e-01
1.650273795871406500e+15,3.926990816987248611e-01
1.650273795873297000e+15,3.926990816987246946e-01
1.650273795875187750e+15,3.926990816987245836e-01
1.650273795877078500e+15,3.926990816987246391e-01
1.650273795878969000e+15,3.926990816987247501e-01
1.650273795880859750e+15,3.926990816987248056e-01
1.650273795882750250e+15,3.926990816987249167e-01
1.650273795884641000e+15,3.926990816987249167e-01
1.650273795886531500e+15,3.926990816987250832e-01
1.650273795888422250e+15,3.926990816987251942e-01
1.650273795890312750e+15,3.926990816987252497e-01
1.650273795892203500e+15,3.926990816987253052e-01
1.650273795894094250e+15,3.926990816987254163e-01
1.650273795895984750e+15,3.926990816987254718e-01
1.650273795897875500e+15,3.926990816987254718e-01
1.650273795899766000e+15,3.926990816987254163e-01
1.650273795901656750e+15,3.926990816987254718e-01
1.650273795903547250e+15,3.926990816987254163e-01
1.650273795905438000e+15,3.926990816987254718e-01
1.650273795907328750e+15,3.924506073453659094e-01
1.650273795909219250e+15,3.919464584159040310e-01
1.650273795911110000e+15,3.914422428177128932e-01
1.650273795913000500e+15,3.909380938882509038e-01
1.650273795914891250e+15,3.904338782900598215e-01
1.650273795916781750e+15,3.899297293605978876e-01
1.650273795918672500e+15,3.894255137624067498e-01
1.650273795920563000e+15,3.889213648329448159e-01
1.650273795922453750e+15,3.884171492347536780e-01
1.650273795924344500e+15,3.879129336365625402e-01
1.650273795926235000e+15,3.874087847071006063e-01
1.650273795928125750e+15,3.869045691089095240e-01
1.650273795930016250e+15,3.868591622707585054e-01
1.650273795931907000e+15,3.877762766342981449e-01
1.650273795933797500e+15,3.886932697345345522e-01
1.650273795935688250e+15,3.896103840980741362e-01
1.650273795937579000e+15,3.905274984616138312e-01
1.650273795939469500e+15,3.914444915618501275e-01
1.650273795941360250e+15,3.923616059253898225e-01
1.650273795943250750e+15,3.926990816987245281e-01
1.650273795945141500e+15,3.926990816987245836e-01
1.650273795947032000e+15,3.926990816987245836e-01
1.650273795948922750e+15,3.926990816987245281e-01
1.650273795950813250e+15,3.926990816987245836e-01
1.650273795952704000e+15,3.926990816987245281e-01
1.650273795954594750e+15,3.926990816987245836e-01
1.650273795956485250e+15,3.926990816987245836e-01
1.650273795958376000e+15,3.926990816987245836e-01
1.650273795960266500e+15,3.926990816987245836e-01
1.650273795962157250e+15,3.926990816987245281e-01
1.650273795964047750e+15,3.926990816987245836e-01
1.650273795965938500e+15,3.926990816987245836e-01
1.650273795967829250e+15,3.926990816987245836e-01
1.650273795969719750e+15,3.926990816987245836e-01
1.650273795971610500e+15,3.926990816987245836e-01
1.650273795973501000e+15,3.926990816987245836e-01
1.650273795975391750e+15,3.926990816987245836e-01
1.650273795977282250e+15,3.926990816987246391e-01
1.650273795979173000e+15,3.926990816987245836e-01
1.650273795981063500e+15,3.926990816987245836e-01
1.650273795982954250e+15,3.926990816987245836e-01
1.650273795984845000e+15,3.926990816987245836e-01
1.650273795986735500e+15,3.926990816987245836e-01
1.650273795988626250e+15,3.915964004208712379e-01
1.650273795990516750e+15,3.904900615827225918e-01
1.650273795992407500e+15,3.893835764421620382e-01
1.650273795994298000e+15,3.882772376040133366e-01
1.650273795996188750e+15,3.871707524634528386e-01
1.650273795998079500e+15,3.872923019102566533e-01
1.650273795999970000e+15,3.889092468110080247e-01
1.650273796001860750e+15,3.905264055367924092e-01
1.650273796003751250e+15,3.921433504375437806e-01
1.650273796005642000e+15,3.937605091633282761e-01
1.650273796007532500e+15,3.953774540640795365e-01
1.650273796009423250e+15,3.969946127898640320e-01
1.650273796011313750e+15,3.986115576906153479e-01
1.650273796013204500e+15,3.983444741739465833e-01
1.650273796015095250e+15,3.977752990427696478e-01
1.650273796016985750e+15,3.972061991694442740e-01
1.650273796018876500e+15,3.966370240382673940e-01
1.650273796020767000e+15,3.960679241649420201e-01
1.650273796022657750e+15,3.954987490337651401e-01
1.650273796024548250e+15,3.949296491604398218e-01
1.650273796026439000e+15,3.943604740292628863e-01
1.650273796028329750e+15,3.937912988980860618e-01
1.650273796030220250e+15,3.932221990247606325e-01
1.650273796032111000e+15,3.926133781893046959e-01
1.650273796034001500e+15,3.915544077019951219e-01
1.650273796035892250e+15,3.904952971762715164e-01
1.650273796037782750e+15,3.894363266889618869e-01
1.650273796039673500e+15,3.883772161632382813e-01
1.650273796041564000e+15,3.873182456759286518e-01
1.650273796043454750e+15,3.868046050990934792e-01
1.650273796045345500e+15,3.876457199181159163e-01
1.650273796047236000e+15,3.884867235226971971e-01
1.650273796049126750e+15,3.893278383417196342e-01
1.650273796051017250e+15,3.901688419463008595e-01
1.650273796052908000e+15,3.910099567653233521e-01
1.650273796054798500e+15,3.918509603699046329e-01
1.650273796056689250e+15,3.926920751889271255e-01
1.650273796058580000e+15,3.926990816987247501e-01
1.650273796060470500e+15,3.926990816987249167e-01
1.650273796062361250e+15,3.926990816987250277e-01
1.650273796064251750e+15,3.926990816987251942e-01
1.650273796066142500e+15,3.926990816987253607e-01
1.650273796068033000e+15,3.931693143096273713e-01
1.650273796069923750e+15,3.941762138668897242e-01
1.650273796071814250e+15,3.951829802892112831e-01
1.650273796073705000e+15,3.961898798464736360e-01
1.650273796075595750e+15,3.971967794037359889e-01
1.650273796077486250e+15,3.982035458260574923e-01
1.650273796079377000e+15,3.984515096532956213e-01
1.650273796081267500e+15,3.974231441641121743e-01
1.650273796083158250e+15,3.963946426837241521e-01
1.650273796085048750e+15,3.953662771945407051e-01
1.650273796086939500e+15,3.943377757141526829e-01
1.650273796088830250e+15,3.933092742337646053e-01
1.650273796090720750e+15,3.926990816987254163e-01
1.650273796092611500e+15,3.926990816987252497e-01
1.650273796094502000e+15,3.926990816987250277e-01
1.650273796096392750e+15,3.926990816987248611e-01
1.650273796098283250e+15,3.926990816987246946e-01
1.650273796100174000e+15,3.931627599261916517e-01
1.650273796102064500e+15,3.941313606875468945e-01
1.650273796103955250e+15,3.951000895368102506e-01
1.650273796105846000e+15,3.960688183860735512e-01
1.650273796107736500e+15,3.970374191474287939e-01
1.650273796109627250e+15,3.980061479966920945e-01
1.650273796111517750e+15,3.989747487580472818e-01
1.650273796113408500e+15,3.999434776073106379e-01
1.650273796115299000e+15,4.009120783686658251e-01
1.650273796117189750e+15,4.018808072179291813e-01
1.650273796119080500e+15,4.028495360671925374e-01
1.650273796120971000e+15,4.038181368285477246e-01
1.650273796122861750e+15,4.047868656778110807e-01
1.650273796124752250e+15,4.041419503835096405e-01
1.650273796126643000e+15,4.031183491219270665e-01
1.650273796128533500e+15,4.020948832036290721e-01
1.650273796130424250e+15,4.010712819420464981e-01
1.650273796132314750e+15,4.000478160237485592e-01
1.650273796134205500e+15,3.990242147621659852e-01
1.650273796136096250e+15,3.999717991232944470e-01
1.650273796137986750e+15,4.013661930069334360e-01
1.650273796139877500e+15,4.027607712854260891e-01
1.650273796141768000e+15,4.041551651690649671e-01
1.650273796143658750e+15,4.053207402570351836e-01
1.650273796145549250e+15,4.061634545845319022e-01
1.650273796147440000e+15,4.070062803526960926e-01
1.650273796149330750e+15,4.078491061208603385e-01
1.650273796151221250e+15,4.086918204483570571e-01
1.650273796153112000e+15,4.095346462165212476e-01
1.650273796155002500e+15,4.103773605440179661e-01
1.650273796156893250e+15,4.109609012552075669e-01
1.650273796158783750e+15,4.098756769388082755e-01
1.650273796160674500e+15,4.087903091121845578e-01
1.650273796162565000e+15,4.077050847957852664e-01
1.650273796164455750e+15,4.066197169691615487e-01
1.650273796166346500e+15,4.055343491425379421e-01
1.650273796168237000e+15,4.055338624128670411e-01
1.650273796170127750e+15,4.067047845665588413e-01
1.650273796172018250e+15,4.078755518978053884e-01
1.650273796173909000e+15,4.090464740514971886e-01
1.650273796175799500e+15,4.102172413827437358e-01
1.650273796177690250e+15,4.108778818695613677e-01
1.650273796179581000e+15,4.099248303047225983e-01
1.650273796181471500e+15,4.089719047548997510e-01
1.650273796183362250e+15,4.080188531900609816e-01
1.650273796185252750e+15,4.070659276402380788e-01
1.650273796187143500e+15,4.061128760753994205e-01
1.650273796189034000e+15,4.051599505255764622e-01
1.650273796190924750e+15,4.056764753783027588e-01
1.650273796192815250e+15,4.065564604122878234e-01
1.650273796194706000e+15,4.074365618156241542e-01
1.650273796196596750e+15,4.083166632189603185e-01
1.650273796198487250e+15,4.091966482529454385e-01
1.650273796200378000e+15,4.100767496562817138e-01
1.650273796202268500e+15,4.109567346902667229e-01
1.650273796204159250e+15,4.116406723828197056e-01
1.650273796206049750e+15,4.122841852374737881e-01
1.650273796207940500e+15,4.129277831903630513e-01
1.650273796209831250e+15,4.135713811432523146e-01
1.650273796211721750e+15,4.142148939979063416e-01
1.650273796213612500e+15,4.148584919507956048e-01
1.650273796215503000e+15,4.155020048054496873e-01
1.650273796217393750e+15,4.161456027583390060e-01
1.650273796219284250e+15,4.167891156129930330e-01
1.650273796221175000e+15,4.169905945068125841e-01
1.650273796223065500e+15,4.161362111586508483e-01
1.650273796224956250e+15,4.152817148267086145e-01
1.650273796226847000e+15,4.144272184947663251e-01
1.650273796228737500e+15,4.135728351466044783e-01
1.650273796230628250e+15,4.127183388146622445e-01
1.650273796232518750e+15,4.118639554665004532e-01
1.650273796234409500e+15,4.111068511533514935e-01
1.650273796236300000e+15,4.111068511533515490e-01
1.650273796238190750e+15,4.111068511533515490e-01
1.650273796240081500e+15,4.111068511533515490e-01
1.650273796241972000e+15,4.111068511533515490e-01
1.650273796243862750e+15,4.111068511533515490e-01
1.650273796245753250e+15,4.111068511533515490e-01
1.650273796247644000e+15,4.111068511533516046e-01
1.650273796249534500e+15,4.111068511533516601e-01
1.650273796251425250e+15,4.111068511533517711e-01
1.650273796253315750e+15,4.111068511533518266e-01
1.650273796255206500e+15,4.111068511533519376e-01
1.650273796257097250e+15,4.111068511533519931e-01
1.650273796258987750e+15,4.111068511533520486e-01
1.650273796260878500e+15,4.111068511533521597e-01
1.650273796262769000e+15,4.111068511533522707e-01
1.650273796264659750e+15,4.111068511533522707e-01
1.650273796266550250e+15,4.111068511533523817e-01
1.650273796268441000e+15,4.111068511533523817e-01
1.650273796270331750e+15,4.111068511533523262e-01
1.650273796272222250e+15,4.111068511533522707e-01
1.650273796274113000e+15,4.111068511533521042e-01
1.650273796276003500e+15,4.111068511533521042e-01
1.650273796277894250e+15,4.111068511533519931e-01
1.650273796279784750e+15,4.111068511533518821e-01
1.650273796281675500e+15,4.111068511533518821e-01
1.650273796283566000e+15,4.111068511533517156e-01
1.650273796285456750e+15,4.111068511533516601e-01
1.650273796287347500e+15,4.111068511533516046e-01
1.650273796289238000e+15,4.111068511533516046e-01
1.650273796291128750e+15,4.111068511533515490e-01
1.650273796293019250e+15,4.111068511533515490e-01
1.650273796294910000e+15,4.111068511533515490e-01
1.650273796296800500e+15,4.111068511533515490e-01
1.650273796298691250e+15,4.111068511533516046e-01
1.650273796300582000e+15,4.111068511533515490e-01
1.650273796302472500e+15,4.111068511533515490e-01
1.650273796304363250e+15,4.111068511533515490e-01
1.650273796306253750e+15,4.111068511533514380e-01
1.650273796308144500e+15,4.111068511533514380e-01
1.650273796310035000e+15,4.111068511533513270e-01
1.650273796311925750e+15,4.111068511533512715e-01
1.650273796313816250e+15,4.111068511533512715e-01
1.650273796315707000e+15,4.111068511533511605e-01
1.650273796317597750e+15,4.111068511533511605e-01
1.650273796319488250e+15,4.111068511533511050e-01
1.650273796321379000e+15,4.111068511533509939e-01
1.650273796323269500e+15,4.111068511533509384e-01
1.650273796325160250e+15,4.111068511533508829e-01
1.650273796327050750e+15,4.111068511533507719e-01
1.650273796328941500e+15,4.111068511533507719e-01
1.650273796330832250e+15,4.111068511533507164e-01
1.650273796332722750e+15,4.111068511533507719e-01
1.650273796334613500e+15,4.111068511533508829e-01
1.650273796336504000e+15,4.111068511533509939e-01
1.650273796338394750e+15,4.111068511533511605e-01
1.650273796340285250e+15,4.111068511533512715e-01
1.650273796342176000e+15,4.111068511533514380e-01
1.650273796344066500e+15,4.111068511533514935e-01
1.650273796345957250e+15,4.111068511533515490e-01
1.650273796347848000e+15,4.111068511533515490e-01
1.650273796349738500e+15,4.111068511533514935e-01
1.650273796351629250e+15,4.111068511533515490e-01
1.650273796353519750e+15,4.111068511533515490e-01
1.650273796355410500e+15,4.111068511533514935e-01
1.650273796357301000e+15,4.111068511533516046e-01
1.650273796359191750e+15,4.111068511533515490e-01
1.650273796361082500e+15,4.111068511533515490e-01
1.650273796362973000e+15,4.111068511533515490e-01
1.650273796364863750e+15,4.111068511533515490e-01
1.650273796366754250e+15,4.111068511533515490e-01
1.650273796368645000e+15,4.111068511533515490e-01
1.650273796370535500e+15,4.111068511533516046e-01
1.650273796372426250e+15,4.111068511533515490e-01
1.650273796374316750e+15,4.111068511533515490e-01
1.650273796376207500e+15,4.111068511533515490e-01
1.650273796378098250e+15,4.111068511533515490e-01
1.650273796379988750e+15,4.111068511533515490e-01
1.650273796381879500e+15,4.111068511533515490e-01
1.650273796383770000e+15,4.111068511533515490e-01
1.650273796385660750e+15,4.111068511533516046e-01
1.650273796387551250e+15,4.111068511533516046e-01
1.650273796389442000e+15,4.111068511533515490e-01
1.650273796391332750e+15,4.111068511533517156e-01
1.650273796393223250e+15,4.111068511533518821e-01
1.650273796395114000e+15,4.111068511533519931e-01
1.650273796397004500e+15,4.111068511533522152e-01
1.650273796398895250e+15,4.111068511533524372e-01
1.650273796400785750e+15,4.111068511533522707e-01
1.650273796402676500e+15,4.111068511533521597e-01
1.650273796404567000e+15,4.111068511533519931e-01
1.650273796406457750e+15,4.111068511533518821e-01
1.650273796408348500e+15,4.111068511533517711e-01
1.650273796410239000e+15,4.111068511533516046e-01
1.650273796412129750e+15,4.111068511533516601e-01
1.650273796414020250e+15,4.111068511533518266e-01
1.650273796415911000e+15,4.111068511533519931e-01
1.650273796417801500e+15,4.111068511533522152e-01
1.650273796419692250e+15,4.111068511533523262e-01
1.650273796421583000e+15,4.111068511533524927e-01
1.650273796423473500e+15,4.111068511533524372e-01
1.650273796425364250e+15,4.111068511533524372e-01
1.650273796427254750e+15,4.111068511533524372e-01
1.650273796429145500e+15,4.111068511533524372e-01
1.650273796431036000e+15,4.111068511533524372e-01
1.650273796432926750e+15,4.111068511533524372e-01
1.650273796434817250e+15,4.111068511533524372e-01
1.650273796436708000e+15,4.111068511533524372e-01
1.650273796438598750e+15,4.111068511533524372e-01
1.650273796440489250e+15,4.111068511533524372e-01
1.650273796442380000e+15,4.111068511533524372e-01
1.650273796444270500e+15,4.111068511533524372e-01
1.650273796446161250e+15,4.111068511533524927e-01
1.650273796448051750e+15,4.111068511533524372e-01
1.650273796449942500e+15,4.111068511533524372e-01
1.650273796451833250e+15,4.111068511533523817e-01
1.650273796453723750e+15,4.111068511533524372e-01
1.650273796455614500e+15,4.111068511533524927e-01
1.650273796457505000e+15,4.111068511533524372e-01
1.650273796459395750e+15,4.111068511533524372e-01
1.650273796461286250e+15,4.111068511533524372e-01
1.650273796463177000e+15,4.111068511533524927e-01
1.650273796465067500e+15,4.111068511533524372e-01
1.650273796466958250e+15,4.111068511533524372e-01
1.650273796468849000e+15,4.111068511533524927e-01
1.650273796470739500e+15,4.111068511533524372e-01
1.650273796472630250e+15,4.111068511533524372e-01
1.650273796474520750e+15,4.111068511533524927e-01
1.650273796476411500e+15,4.111068511533524372e-01
1.650273796478302000e+15,4.111068511533523262e-01
1.650273796480192750e+15,4.111068511533522152e-01
1.650273796482083500e+15,4.111068511533521042e-01
1.650273796483974000e+15,4.111068511533519376e-01
1.650273796485864750e+15,4.111068511533518821e-01
1.650273796487755250e+15,4.111068511533517711e-01
1.650273796489646000e+15,4.111068511533515490e-01
1.650273796491536500e+15,4.111068511533516601e-01
1.650273796493427250e+15,4.111068511533517711e-01
1.650273796495317750e+15,4.111068511533519931e-01
1.650273796497208500e+15,4.111068511533522152e-01
1.650273796499099250e+15,4.111068511533523817e-01
1.650273796500989750e+15,4.111068511533524372e-01
1.650273796502880500e+15,4.111068511533524372e-01
1.650273796504771000e+15,4.111068511533524372e-01
1.650273796506661750e+15,4.111068511533524372e-01
1.650273796508552250e+15,4.111068511533524372e-01
1.650273796510443000e+15,4.111068511533524372e-01
1.650273796512333750e+15,4.111068511533524372e-01
1.650273796514224250e+15,4.111068511533524372e-01
1.650273796516115000e+15,4.111068511533524372e-01
1.650273796518005500e+15,4.111068511533524372e-01
1.650273796519896250e+15,4.111068511533524372e-01
1.650273796521786750e+15,4.111068511533524372e-01
1.650273796523677500e+15,4.111068511533524372e-01
1.650273796525568000e+15,4.111068511533524372e-01
1.650273796527458750e+15,4.111068511533524372e-01
1.650273796529349500e+15,4.111068511533524372e-01
1.650273796531240000e+15,4.111068511533524372e-01
1.650273796533130750e+15,4.111068511533524372e-01
1.650273796535021250e+15,4.111068511533524372e-01
1.650273796536912000e+15,4.111068511533524372e-01
1.650273796538802500e+15,4.111068511533524927e-01
1.650273796540693250e+15,4.111068511533524372e-01
1.650273796542584000e+15,4.111068511533524372e-01
1.650273796544474500e+15,4.111068511533524927e-01
1.650273796546365250e+15,4.111068511533524927e-01
1.650273796548255750e+15,4.111068511533524927e-01
1.650273796550146500e+15,4.111068511533524927e-01
1.650273796552037000e+15,4.111068511533524372e-01
1.650273796553927750e+15,4.111068511533524372e-01
1.650273796555818250e+15,4.111068511533524372e-01
1.650273796557709000e+15,4.111068511533524927e-01
1.650273796559599750e+15,4.111068511533524927e-01
1.650273796561490250e+15,4.111068511533524927e-01
1.650273796563381000e+15,4.111068511533524927e-01
1.650273796565271500e+15,4.111068511533524927e-01
1.650273796567162250e+15,4.111068511533524927e-01
1.650273796569052750e+15,4.111068511533524372e-01
1.650273796570943500e+15,4.111068511533524372e-01
1.650273796572834250e+15,4.111068511533524372e-01
1.650273796574724750e+15,4.111068511533524372e-01
1.650273796576615500e+15,4.111068511533524372e-01
1.650273796578506000e+15,4.111068511533524927e-01
1.650273796580396750e+15,4.111068511533524372e-01
1.650273796582287250e+15,4.111068511533524372e-01
1.650273796584178000e+15,4.111068511533524372e-01
1.650273796586068500e+15,4.111068511533524372e-01
1.650273796587959250e+15,4.111068511533524927e-01
1.650273796589850000e+15,4.111068511533524372e-01
1.650273796591740500e+15,4.111068511533524372e-01
1.650273796593631250e+15,4.111068511533524372e-01
1.650273796595521750e+15,4.111068511533524372e-01
1.650273796597412500e+15,4.111068511533524372e-01
1.650273796599303000e+15,4.111068511533524372e-01
1.650273796601193750e+15,4.111068511533523817e-01
1.650273796603084500e+15,4.111068511533523817e-01
1.650273796604975000e+15,4.111068511533524372e-01
1.650273796606865750e+15,4.111068511533524372e-01
1.650273796608756250e+15,4.111068511533524372e-01
1.650273796610647000e+15,4.111068511533524372e-01
1.650273796612537500e+15,4.111068511533524372e-01
1.650273796614428250e+15,4.111068511533524372e-01
1.650273796616318750e+15,4.111068511533524372e-01
1.650273796618209500e+15,4.111068511533524372e-01
1.650273796620100250e+15,4.111068511533524372e-01
1.650273796621990750e+15,4.111068511533523817e-01
1.650273796623881500e+15,4.111068511533524372e-01
1.650273796625772000e+15,4.111068511533524372e-01
1.650273796627662750e+15,4.111068511533524372e-01
1.650273796629553250e+15,4.111068511533524372e-01
1.650273796631444000e+15,4.111068511533524372e-01
1.650273796633334750e+15,4.111068511533523817e-01
1.650273796635225250e+15,4.111068511533522152e-01
1.650273796637116000e+15,4.111068511533518266e-01
1.650273796639006500e+15,4.111068511533513825e-01
1.650273796640897250e+15,4.111068511533509384e-01
1.650273796642787750e+15,4.111068511533504943e-01
1.650273796644678500e+15,4.111068511533501058e-01
1.650273796646569000e+15,4.112198927243716495e-01
1.650273796648459750e+15,4.118503745839871555e-01
1.650273796650350500e+15,4.124808564436025504e-01
1.650273796652241000e+15,4.131112549392275124e-01
1.650273796654131750e+15,4.137417367988429628e-01
1.650273796656022250e+15,4.143721352944680358e-01
1.650273796657913000e+15,4.150026171540834863e-01
1.650273796659803500e+15,4.156330156497084483e-01
1.650273796661694250e+15,4.162634975093238987e-01
1.650273796663585000e+15,4.168939793689392936e-01
1.650273796665475500e+15,4.167572245390141483e-01
1.650273796667366250e+15,4.156701277718872212e-01
1.650273796669256750e+15,4.145831747435897441e-01
1.650273796671147500e+15,4.134960779764628169e-01
1.650273796673038000e+15,4.124091249481652843e-01
1.650273796674928750e+15,4.113220281810384127e-01
1.650273796676819250e+15,4.117865905760546008e-01
1.650273796678710000e+15,4.126342194719980205e-01
1.650273796680600750e+15,4.134818483679414403e-01
1.650273796682491250e+15,4.143293651881349016e-01
1.650273796684382000e+15,4.151769940840782658e-01
1.650273796686272500e+15,4.160245109042718381e-01
1.650273796688163250e+15,4.168721398002152023e-01
1.650273796690053750e+15,4.172427743048938154e-01
1.650273796691944500e+15,4.172427743048937043e-01
1.650273796693835250e+15,4.172427743048936488e-01
1.650273796695725750e+15,4.172427743048935378e-01
1.650273796697616500e+15,4.172427743048934823e-01
1.650273796699507000e+15,4.172427743048933158e-01
1.650273796701397750e+15,4.172427743048933158e-01
1.650273796703288250e+15,4.172427743048931492e-01
1.650273796705179000e+15,4.172427743048930937e-01
1.650273796707069500e+15,4.172427743048930382e-01
1.650273796708960250e+15,4.172427743048929827e-01
1.650273796710851000e+15,4.172427743048929827e-01
1.650273796712741500e+15,4.172427743048929827e-01
1.650273796714632250e+15,4.172427743048929827e-01
1.650273796716522750e+15,4.172427743048929827e-01
1.650273796718413500e+15,4.172427743048929827e-01
1.650273796720304000e+15,4.172427743048929827e-01
1.650273796722194750e+15,4.172427743048929827e-01
1.650273796724085500e+15,4.172427743048929827e-01
1.650273796725976000e+15,4.172427743048929827e-01
1.650273796727866750e+15,4.172427743048929827e-01
1.650273796729757250e+15,4.172427743048930382e-01
1.650273796731648000e+15,4.172427743048929827e-01
1.650273796733538500e+15,4.172427743048930382e-01
1.650273796735429250e+15,4.172427743048929827e-01
1.650273796737319750e+15,4.172427743048929272e-01
1.650273796739210500e+15,4.172427743048929827e-01
1.650273796741101250e+15,4.172427743048929827e-01
1.650273796742991750e+15,4.172427743048929827e-01
1.650273796744882500e+15,4.172427743048929827e-01
1.650273796746773000e+15,4.172427743048929827e-01
1.650273796748663750e+15,4.172427743048929827e-01
1.650273796750554250e+15,4.172427743048929827e-01
1.650273796752445000e+15,4.172427743048929827e-01
1.650273796754335750e+15,4.172427743048929272e-01
1.650273796756226250e+15,4.172427743048929827e-01
1.650273796758117000e+15,4.172427743048929827e-01
1.650273796760007500e+15,4.166203799039284172e-01
1.650273796761898250e+15,4.155930623887614805e-01
1.650273796763788750e+15,4.145658807082521213e-01
1.650273796765679500e+15,4.135385631930851291e-01
1.650273796767570000e+15,4.125113815125758254e-01
1.650273796769460750e+15,4.114840639974088332e-01
1.650273796771351500e+15,4.117618276945953504e-01
1.650273796773242000e+15,4.127967070520752735e-01
1.650273796775132750e+15,4.138317232621546715e-01
1.650273796777023250e+15,4.148666026196345946e-01
1.650273796778914000e+15,4.159016188297140482e-01
1.650273796780804500e+15,4.169364981871939713e-01
1.650273796782695250e+15,4.172427743048932047e-01
1.650273796784586000e+15,4.172427743048936488e-01
1.650273796786476500e+15,4.172427743048938709e-01
1.650273796788367250e+15,4.172427743048942039e-01
1.650273796790257750e+15,4.172427743048945370e-01
1.650273796792148500e+15,4.169627466327788246e-01
1.650273796794039000e+15,4.159904926123286772e-01
1.650273796795929750e+15,4.150181100208629181e-01
1.650273796797820250e+15,4.140458560004127708e-01
1.650273796799711000e+15,4.130734734089469562e-01
1.650273796801601750e+15,4.121010908174811416e-01
1.650273796803492250e+15,4.111288367970309943e-01
1.650273796805383000e+15,4.122552394442222656e-01
1.650273796807273500e+15,4.134300381800931623e-01
1.650273796809164250e+15,4.146049922715228653e-01
1.650273796811054750e+15,4.157797910073937619e-01
1.650273796812945500e+15,4.169547450988234649e-01
1.650273796814836250e+15,4.164872967067193565e-01
1.650273796816726750e+15,4.154866097917788159e-01
1.650273796818617500e+15,4.144857905458524394e-01
1.650273796820508000e+15,4.134851036309118988e-01
1.650273796822398750e+15,4.124842843849855223e-01
1.650273796824289250e+15,4.114835974700449817e-01
1.650273796826180000e+15,4.104827782241186052e-01
1.650273796828070500e+15,4.094820913091781200e-01
1.650273796829961250e+15,4.084812720632516880e-01
1.650273796831852000e+15,4.074804528173252560e-01
1.650273796833742500e+15,4.064797659023847154e-01
1.650273796835633250e+15,4.054789466564583944e-01
1.650273796837523750e+15,4.049709280018091717e-01
1.650273796839414500e+15,4.049709280018092272e-01
1.650273796841305000e+15,4.049709280018092272e-01
1.650273796843195750e+15,4.049709280018092272e-01
1.650273796845086500e+15,4.049709280018092272e-01
1.650273796846977000e+15,4.049709280018091717e-01
1.650273796848867750e+15,4.049709280018092272e-01
1.650273796850758250e+15,4.049709280018092272e-01
1.650273796852649000e+15,4.049709280018092272e-01
1.650273796854539500e+15,4.049709280018092272e-01
1.650273796856430250e+15,4.049709280018092272e-01
1.650273796858320750e+15,4.049709280018092272e-01
1.650273796860211500e+15,4.049709280018092272e-01
1.650273796862102250e+15,4.049709280018092272e-01
1.650273796863992750e+15,4.049709280018092272e-01
1.650273796865883500e+15,4.049709280018092272e-01
1.650273796867774000e+15,4.049709280018092272e-01
1.650273796869664750e+15,4.054778199728388266e-01
1.650273796871555250e+15,4.063761366086312554e-01
1.650273796873446000e+15,4.072745720379485901e-01
1.650273796875336750e+15,4.081730074672660358e-01
1.650273796877227250e+15,4.090713241030584091e-01
1.650273796879118000e+15,4.099697595323757993e-01
1.650273796881008500e+15,4.108680761681682281e-01
1.650273796882899250e+15,4.099685115415460102e-01
1.650273796884789750e+15,4.084183361148470137e-01
1.650273796886680500e+15,4.068679556927198848e-01
1.650273796888571250e+15,4.053175752705927559e-01
1.650273796890461750e+15,4.049709280018083946e-01
1.650273796892352500e+15,4.049709280018085056e-01
1.650273796894243000e+15,4.049709280018086721e-01
1.650273796896133750e+15,4.049709280018087831e-01
1.650273796898024250e+15,4.049709280018088942e-01
1.650273796899915000e+15,4.049709280018090607e-01
1.650273796901805500e+15,4.049709280018091717e-01
1.650273796903696250e+15,4.045432872024800064e-01
1.650273796905587000e+15,4.034825304411395752e-01
1.650273796907477500e+15,4.024219139358828912e-01
1.650273796909368250e+15,4.013611571745424600e-01
1.650273796911258750e+15,4.003005406692857759e-01
1.650273796913149500e+15,3.992397839079452893e-01
1.650273796915040000e+15,3.994929478115716304e-01
1.650273796916930750e+15,4.005571100477467450e-01
1.650273796918821500e+15,4.016212722839217486e-01
1.650273796920712000e+15,4.026852938137320814e-01
1.650273796922602750e+15,4.037494560499071405e-01
1.650273796924493250e+15,4.048134775797174734e-01
1.650273796926384000e+15,4.054275508860079036e-01
1.650273796928274500e+15,4.059633954313695559e-01
1.650273796930165250e+15,4.064993108368932795e-01
1.650273796932055750e+15,4.070351553822549318e-01
1.650273796933946500e+15,4.075710707877786554e-01
1.650273796935837250e+15,4.081069861933023235e-01
1.650273796937727750e+15,4.086428307386639203e-01
1.650273796939618500e+15,4.091787461441876994e-01
1.650273796941509000e+15,4.097145906895492962e-01
1.650273796943399750e+15,4.102505060950729643e-01
1.650273796945290250e+15,4.107863506404346166e-01
1.650273796947181000e+15,4.106914122584579552e-01
1.650273796949071750e+15,4.096578713498810753e-01
1.650273796950962250e+15,4.086244670988354311e-01
1.650273796952853000e+15,4.075909261902586067e-01
1.650273796954743500e+15,4.065575219392129069e-01
1.650273796956634250e+15,4.055239810306360826e-01
1.650273796958524750e+15,4.047152402898687162e-01
1.650273796960415500e+15,4.041650934433786424e-01
1.650273796962306000e+15,4.036150193387695317e-01
1.650273796964196750e+15,4.030648724922794024e-01
1.650273796966087500e+15,4.025147256457892730e-01
1.650273796967978000e+15,4.019646515411803289e-01
1.650273796969868750e+15,4.014145046946901996e-01
1.650273796971759250e+15,4.008644305900810889e-01
1.650273796973650000e+15,4.003142837435909596e-01
1.650273796975540500e+15,3.997642096389819044e-01
1.650273796977431250e+15,3.992140627924917751e-01
1.650273796979322000e+15,3.993528637297121264e-01
1.650273796981212500e+15,4.010178504841246383e-01
1.650273796983103250e+15,4.026830574166320731e-01
1.650273796984993750e+15,4.043480441710445294e-01
1.650273796986884500e+15,4.060132511035520197e-01
1.650273796988775000e+15,4.076782378579644761e-01
1.650273796990665750e+15,4.093434447904718554e-01
1.650273796992556250e+15,4.110084315448843673e-01
1.650273796994447000e+15,4.100590677701110298e-01
1.650273796996337750e+15,4.089454666279748185e-01
1.650273796998228250e+15,4.078320127291470421e-01
1.650273797000119000e+15,4.067184115870108307e-01
1.650273797002009500e+15,4.056049576881830543e-01
1.650273797003900250e+15,4.049709280018101154e-01
1.650273797005790750e+15,4.049709280018100599e-01
1.650273797007681500e+15,4.049709280018101154e-01
1.650273797009572250e+15,4.049709280018101154e-01
1.650273797011462750e+15,4.049709280018101154e-01
1.650273797013353500e+15,4.049709280018101154e-01
1.650273797015244000e+15,4.049709280018100599e-01
1.650273797017134750e+15,4.049709280018101154e-01
1.650273797019025250e+15,4.049709280018101154e-01
1.650273797020916000e+15,4.049709280018101709e-01
1.650273797022806500e+15,4.049709280018101154e-01
1.650273797024697250e+15,4.049709280018101154e-01
1.650273797026588000e+15,4.049709280018101154e-01
1.650273797028478500e+15,4.049709280018101154e-01
1.650273797030369250e+15,4.049709280018101154e-01
1.650273797032259750e+15,4.049709280018101154e-01
1.650273797034150500e+15,4.049709280018101154e-01
1.650273797036041000e+15,4.049709280018101154e-01
1.650273797037931750e+15,4.049709280018101154e-01
1.650273797039822500e+15,4.049709280018101709e-01
1.650273797041713000e+15,4.049709280018101154e-01
1.650273797043603750e+15,4.049709280018101154e-01
1.650273797045494250e+15,4.049709280018101154e-01
1.650273797047385000e+15,4.049709280018100599e-01
1.650273797049275500e+15,4.049709280018101154e-01
1.650273797051166250e+15,4.049709280018101154e-01
1.650273797053056750e+15,4.049709280018101154e-01
1.650273797054947500e+15,4.049709280018101154e-01
1.650273797056838250e+15,4.049709280018100599e-01
1.650273797058728750e+15,4.049709280018100599e-01
1.650273797060619500e+15,4.049709280018101154e-01
1.650273797062510000e+15,4.049709280018100599e-01
1.650273797064400750e+15,4.049709280018100599e-01
1.650273797066291250e+15,4.052681643661409372e-01
1.650273797068182000e+15,4.060823616220028409e-01
1.650273797070072750e+15,4.068965588778646336e-01
1.650273797071963250e+15,4.077106484783971641e-01
1.650273797073854000e+15,4.085248457342589568e-01
1.650273797075744500e+15,4.093389353347914872e-01
1.650273797077635250e+15,4.101531325906532799e-01
1.650273797079525750e+15,4.109672221911857548e-01
1.650273797081416500e+15,4.111068511533507164e-01
1.650273797083307000e+15,4.111068511533506609e-01
1.650273797085197750e+15,4.111068511533507164e-01
1.650273797087088500e+15,4.107028567516939899e-01
1.650273797088979000e+15,4.096616141936408884e-01
1.650273797090869750e+15,4.086202339415176965e-01
1.650273797092760250e+15,4.075789913834645395e-01
1.650273797094651000e+15,4.065376111313413476e-01
1.650273797096541500e+15,4.054963685732881906e-01
1.650273797098432250e+15,4.044549883211649988e-01
1.650273797100323000e+15,4.034136080690418069e-01
1.650273797102213500e+15,4.023723655109886499e-01
1.650273797104104250e+15,4.013309852588654580e-01
1.650273797105994750e+15,4.002897427008123010e-01
1.650273797107885500e+15,3.992483624486891092e-01
1.650273797109776000e+15,3.994282499009623177e-01
1.650273797111666750e+15,4.004121780409658493e-01
1.650273797113557250e+15,4.013959760833706314e-01
1.650273797115448000e+15,4.023799042233741630e-01
1.650273797117338750e+15,4.033638323633776945e-01
1.650273797119229250e+15,4.043476304057824766e-01
1.650273797121120000e+15,4.049709280018100599e-01
1.650273797123010500e+15,4.049709280018100044e-01
1.650273797124901250e+15,4.049709280018098934e-01
1.650273797126791750e+15,4.049709280018098934e-01
1.650273797128682500e+15,4.049709280018097823e-01
1.650273797130573250e+15,4.049709280018096713e-01
1.650273797132463750e+15,4.049709280018096713e-01
1.650273797134354500e+15,4.049709280018095603e-01
1.650273797136245000e+15,4.049709280018095048e-01
1.650273797138135750e+15,4.049709280018094493e-01
1.650273797140026250e+15,4.049709280018093382e-01
1.650273797141917000e+15,4.049709280018092827e-01
1.650273797143807500e+15,4.049709280018092272e-01
1.650273797145698250e+15,4.044042426553108860e-01
1.650273797147589000e+15,4.033233243008174096e-01
1.650273797149479500e+15,4.022425488682271899e-01
1.650273797151370250e+15,4.011616305137336580e-01
1.650273797153260750e+15,4.000808550811434383e-01
1.650273797155151500e+15,3.989999367266500174e-01
1.650273797157042000e+15,3.992675570565934473e-01
1.650273797158932750e+15,3.997780739630303337e-01
1.650273797160823500e+15,4.002885908694672756e-01
1.650273797162714000e+15,4.007990402739993185e-01
1.650273797164604750e+15,4.013095571804362605e-01
1.650273797166495250e+15,4.018200065849682479e-01
1.650273797168386000e+15,4.023305234914051898e-01
1.650273797170276500e+15,4.028409728959372327e-01
1.650273797172167250e+15,4.033514898023741191e-01
1.650273797174057750e+15,4.038619392069061620e-01
1.650273797175948500e+15,4.043724561133431039e-01
1.650273797177839250e+15,4.048829730197799903e-01
1.650273797179729750e+15,4.049709280018091162e-01
1.650273797181620500e+15,4.049709280018090052e-01
1.650273797183511000e+15,4.049709280018088942e-01
1.650273797185401750e+15,4.049709280018087831e-01
1.650273797187292250e+15,4.049709280018086721e-01
1.650273797189183000e+15,4.049709280018085611e-01
1.650273797191073750e+15,4.049709280018083946e-01
1.650273797192964250e+15,4.045413921957105585e-01
1.650273797194855000e+15,4.039691569831833640e-01
1.650273797196745500e+15,4.033969974331197972e-01
1.650273797198636250e+15,4.028247622205926026e-01
1.650273797200526750e+15,4.022526026705289803e-01
1.650273797202417500e+15,4.016803674580017858e-01
1.650273797204308000e+15,4.011082079079381080e-01
1.650273797206198750e+15,4.005359726954109689e-01
1.650273797208089500e+15,3.999637374828837189e-01
1.650273797209980000e+15,3.993915779328201521e-01
1.650273797211870750e+15,3.988946076701809784e-01
1.650273797213761250e+15,4.010719821831778553e-01
1.650273797215652000e+15,4.032496446325027906e-01
1.650273797217542500e+15,4.054270191454996120e-01
1.650273797219433250e+15,4.076046815948245472e-01
1.650273797221324000e+15,4.097823440441495380e-01
1.650273797223214500e+15,4.106425025489859326e-01
1.650273797225105250e+15,4.094568615986763915e-01
1.650273797226995750e+15,4.082713774169706711e-01
1.650273797228886500e+15,4.070857364666611300e-01
1.650273797230777000e+15,4.059002522849554095e-01
1.650273797232667750e+15,4.049709280018092272e-01
1.650273797234558250e+15,4.049709280018092827e-01
1.650273797236449000e+15,4.049709280018092272e-01
1.650273797238339750e+15,4.049709280018092272e-01
1.650273797240230250e+15,4.049709280018092272e-01
1.650273797242121000e+15,4.049709280018092272e-01
1.650273797244011500e+15,4.049709280018092272e-01
1.650273797245902250e+15,4.049709280018092827e-01
1.650273797247792750e+15,4.049709280018093382e-01
1.650273797249683500e+15,4.049709280018092827e-01
1.650273797251574250e+15,4.049709280018092272e-01
1.650273797253464750e+15,4.049709280018092827e-01
1.650273797255355500e+15,4.049709280018092272e-01
1.650273797257246000e+15,4.049709280018092827e-01
1.650273797259136750e+15,4.049709280018092272e-01
1.650273797261027250e+15,4.049709280018092272e-01
1.650273797262918000e+15,4.049709280018092272e-01
1.650273797264808500e+15,4.049709280018092272e-01
1.650273797266699250e+15,4.049709280018092272e-01
1.650273797268590000e+15,4.055584912644294993e-01
1.650273797270480500e+15,4.066692796124130593e-01
1.650273797272371250e+15,4.077802148512122415e-01
1.650273797274261750e+15,4.088910031991958016e-01
1.650273797276152500e+15,4.100019384379950393e-01
1.650273797278043000e+15,4.110963155710180561e-01
1.650273797279933750e+15,4.091043003411452550e-01
1.650273797281824500e+15,4.071122851112723984e-01
1.650273797283715000e+15,4.051205332709578721e-01
1.650273797285605750e+15,4.031285180410850710e-01
1.650273797287496250e+15,4.011367662007705448e-01
1.650273797289387000e+15,3.991447509708976882e-01
1.650273797291277500e+15,3.993138630069584250e-01
1.650273797293168250e+15,3.998809792360622506e-01
1.650273797295058750e+15,4.004480204795481391e-01
1.650273797296949500e+15,4.010151367086520757e-01
1.650273797298840250e+15,4.015822529377559569e-01
1.650273797300730750e+15,4.021492941812418453e-01
1.650273797302621500e+15,4.027164104103457820e-01
1.650273797304512000e+15,4.032834516538316705e-01
1.650273797306402750e+15,4.038505678829355516e-01
1.650273797308293250e+15,4.044176091264214401e-01
1.650273797310184000e+15,4.049709280018092272e-01
1.650273797312074750e+15,4.049709280018092272e-01
1.650273797313965250e+15,4.049709280018092272e-01
1.650273797315856000e+15,4.049709280018092272e-01
1.650273797317746500e+15,4.049709280018092272e-01
1.650273797319637250e+15,4.049709280018092272e-01
1.650273797321527750e+15,4.049709280018092827e-01
1.650273797323418500e+15,4.049709280018092272e-01
1.650273797325309000e+15,4.049709280018092272e-01
1.650273797327199750e+15,4.049709280018092827e-01
1.650273797329090500e+15,4.049709280018092827e-01
1.650273797330981000e+15,4.049709280018092272e-01
1.650273797332871750e+15,4.049709280018092827e-01
1.650273797334762250e+15,4.049709280018092272e-01
1.650273797336653000e+15,4.049709280018092272e-01
1.650273797338543500e+15,4.049709280018093382e-01
1.650273797340434250e+15,4.049709280018094493e-01
1.650273797342325000e+15,4.049709280018095603e-01
1.650273797344215500e+15,4.049709280018095603e-01
1.650273797346106250e+15,4.049709280018096713e-01
1.650273797347996750e+15,4.049709280018097823e-01
1.650273797349887500e+15,4.049709280018097823e-01
1.650273797351778000e+15,4.049709280018099489e-01
1.650273797353668750e+15,4.049709280018100599e-01
1.650273797355559250e+15,4.049709280018101154e-01
1.650273797357450000e+15,4.045926678262272147e-01
1.650273797359340750e+15,4.038695177483875853e-01
1.650273797361231250e+15,4.031464632873770770e-01
1.650273797363122000e+15,4.024233132095375032e-01
1.650273797365012500e+15,4.017002587485269394e-01
1.650273797366903250e+15,4.009771086706873655e-01
1.650273797368793750e+15,4.002540542096768017e-01
1.650273797370684500e+15,3.995309041318372278e-01
1.650273797372575250e+15,3.988850947362141408e-01
1.650273797374465750e+15,4.002141463766807350e-01
1.650273797376356500e+15,4.015433737711331386e-01
1.650273797378247000e+15,4.028724254115996772e-01
1.650273797380137750e+15,4.042016528060521363e-01
1.650273797382028250e+15,4.047145669560856529e-01
1.650273797383919000e+15,4.041058201464109989e-01
1.650273797385809500e+15,4.034971538268605218e-01
1.650273797387700250e+15,4.028884070171858678e-01
1.650273797389591000e+15,4.022796602075111583e-01
1.650273797391481500e+15,4.016709938879606812e-01
1.650273797393372250e+15,4.010622470782859716e-01
1.650273797395262750e+15,4.004535807587355500e-01
1.650273797397153500e+15,3.998448339490608405e-01
1.650273797399044000e+15,3.992361676295103634e-01
1.650273797400934750e+15,3.985894803388811969e-01
1.650273797402825500e+15,3.978694718551241127e-01
1.650273797404716000e+15,3.971495585728060385e-01
1.650273797406606750e+15,3.964295500890488988e-01
1.650273797408497250e+15,3.957096368067308800e-01
1.650273797410388000e+15,3.949896283229737404e-01
1.650273797412278500e+15,3.942697150406557216e-01
1.650273797414169250e+15,3.935497065568985819e-01
1.650273797416059750e+15,3.928297932745805077e-01
1.650273797417950500e+15,3.932056079484318456e-01
1.650273797419841250e+15,3.938244864664505185e-01
1.650273797421731750e+15,3.944432831547035612e-01
1.650273797423622500e+15,3.950621616727222341e-01
1.650273797425513000e+15,3.956809583609752767e-01
1.650273797427403750e+15,3.962998368789939496e-01
1.650273797429294250e+15,3.969186335672469923e-01
1.650273797431185000e+15,3.975375120852656652e-01
1.650273797433075750e+15,3.981563906032843381e-01
1.650273797434966250e+15,3.987751872915373252e-01
1.650273797436857000e+15,3.979067358739308835e-01
1.650273797438747500e+15,3.968792812487766941e-01
1.650273797440638250e+15,3.958516907528706330e-01
1.650273797442528750e+15,3.948242361277164436e-01
1.650273797444419500e+15,3.937966456318104935e-01
1.650273797446310000e+15,3.927691910066563041e-01
1.650273797448200750e+15,3.926990816987245836e-01
1.650273797450091500e+15,3.926990816987245836e-01
1.650273797451982000e+15,3.926990816987245836e-01
1.650273797453872750e+15,3.926990816987246391e-01
1.650273797455763250e+15,3.929289925211981171e-01
1.650273797457654000e+15,3.945865859915194673e-01
1.650273797459544500e+15,3.962439602904181957e-01
1.650273797461435250e+15,3.979015537607395459e-01
1.650273797463326000e+15,3.995591472310609515e-01
1.650273797465216500e+15,4.012165215299596244e-01
1.650273797467107250e+15,4.028741150002809746e-01
1.650273797468997750e+15,4.045314892991796474e-01
1.650273797470888500e+15,4.037523379612085739e-01
1.650273797472779000e+15,4.020943714468097063e-01
1.650273797474669750e+15,4.004361856826734178e-01
1.650273797476560250e+15,3.987782191682746058e-01
1.650273797478451000e+15,3.971200334041382618e-01
1.650273797480341750e+15,3.954618476400020288e-01
1.650273797482232250e+15,3.938038811256031058e-01
1.650273797484123000e+15,3.926990816987245836e-01
1.650273797486013500e+15,3.926990816987245836e-01
1.650273797487904250e+15,3.926990816987245836e-01
1.650273797489794750e+15,3.926990816987245836e-01
1.650273797491685500e+15,3.926990816987245281e-01
1.650273797493576250e+15,3.926990816987245281e-01
1.650273797495466750e+15,3.926990816987245836e-01
1.650273797497357500e+15,3.926990816987245836e-01
1.650273797499248000e+15,3.926990816987245836e-01
1.650273797501138750e+15,3.926990816987245836e-01
1.650273797503029250e+15,3.926990816987245836e-01
1.650273797504920000e+15,3.926990816987245836e-01
1.650273797506810500e+15,3.926990816987245836e-01
1.650273797508701250e+15,3.926990816987245281e-01
1.650273797510592000e+15,3.926990816987245836e-01
1.650273797512482500e+15,3.923739808246844429e-01
1.650273797514373250e+15,3.902209703952922992e-01
1.650273797516263750e+15,3.880682446426725329e-01
1.650273797518154500e+15,3.859152342132804447e-01
1.650273797520045000e+15,3.837625084606606229e-01
1.650273797521935750e+15,3.816094980312685347e-01
1.650273797523826500e+15,3.810647193377132980e-01
1.650273797525717000e+15,3.824784007365301108e-01
1.650273797527607750e+15,3.838922690807845539e-01
1.650273797529498250e+15,3.853059504796013668e-01
1.650273797531389000e+15,3.867198188238557544e-01
1.650273797533279500e+15,3.881335002226726227e-01
1.650273797535170250e+15,3.895473685669270658e-01
1.650273797537060750e+15,3.909610499657438787e-01
1.650273797538951500e+15,3.923749183099983218e-01
1.650273797540842250e+15,3.926990816987245281e-01
1.650273797542732750e+15,3.926990816987245836e-01
1.650273797544623500e+15,3.926990816987245836e-01
1.650273797546514000e+15,3.926990816987245836e-01
1.650273797548404750e+15,3.926990816987245836e-01
1.650273797550295250e+15,3.919170004410778008e-01
1.650273797552186000e+15,3.908062247506396969e-01
1.650273797554076750e+15,3.896954490602017041e-01
1.650273797555967250e+15,3.885848202394833750e-01
1.650273797557858000e+15,3.874740445490453267e-01
1.650273797559748500e+15,3.863634157283269976e-01
1.650273797561639250e+15,3.852526400378889493e-01
1.650273797563529750e+15,3.841420112171706203e-01
1.650273797565420500e+15,3.830312355267325719e-01
1.650273797567311000e+15,3.819206067060142429e-01
1.650273797569201750e+15,3.808098310155761945e-01
1.650273797571092500e+15,3.804272353956382746e-01
1.650273797572983000e+15,3.804272353956384412e-01
1.650273797574873750e+15,3.804272353956386077e-01
1.650273797576764250e+15,3.804272353956387187e-01
1.650273797578655000e+15,3.804272353956388852e-01
1.650273797580545500e+15,3.804272353956390518e-01
1.650273797582436250e+15,3.804272353956392738e-01
1.650273797584327000e+15,3.804272353956393848e-01
1.650273797586217500e+15,3.804272353956396069e-01
1.650273797588108250e+15,3.804272353956397179e-01
1.650273797589998750e+15,3.804272353956398289e-01
1.650273797591889500e+15,3.804272353956399400e-01
1.650273797593780000e+15,3.804272353956399400e-01
1.650273797595670750e+15,3.804272353956399400e-01
1.650273797597561250e+15,3.804272353956399400e-01
1.650273797599452000e+15,3.804272353956399400e-01
1.650273797601342750e+15,3.804272353956399400e-01
1.650273797603233250e+15,3.804272353956399400e-01
1.650273797605124000e+15,3.804272353956399400e-01
1.650273797607014500e+15,3.804272353956399400e-01
1.650273797608905250e+15,3.804272353956399400e-01
1.650273797610795750e+15,3.804272353956399400e-01
1.650273797612686500e+15,3.804272353956399955e-01
1.650273797614577250e+15,3.804272353956399400e-01
1.650273797616467750e+15,3.812552857772844028e-01
1.650273797618358500e+15,3.823329909977933871e-01
1.650273797620249000e+15,3.834105537212481041e-01
1.650273797622139750e+15,3.844882589417570884e-01
1.650273797624030250e+15,3.855658216652118608e-01
1.650273797625921000e+15,3.864696979050338821e-01
1.650273797627811500e+15,3.852165961746686906e-01
1.650273797629702250e+15,3.839633287339450640e-01
1.650273797631593000e+15,3.827100612932213819e-01
1.650273797633483500e+15,3.814569595628562459e-01
1.650273797635374250e+15,3.807490362016203722e-01
1.650273797637264750e+15,3.825529336773984546e-01
1.650273797639155500e+15,3.843570697008459325e-01
1.650273797641046000e+15,3.861609671766239593e-01
1.650273797642936750e+15,3.879651032000713817e-01
1.650273797644827500e+15,3.897692392235188041e-01
1.650273797646718000e+15,3.915731366992968310e-01
1.650273797648608750e+15,3.926990816987245836e-01
1.650273797650499250e+15,3.926990816987245836e-01
1.650273797652390000e+15,3.926990816987245836e-01
1.650273797654280500e+15,3.926990816987245836e-01
1.650273797656171250e+15,3.926990816987245836e-01
1.650273797658061750e+15,3.926990816987245836e-01
1.650273797659952500e+15,3.926990816987245836e-01
1.650273797661843250e+15,3.926990816987244171e-01
1.650273797663733750e+15,3.926990816987241395e-01
1.650273797665624500e+15,3.926990816987239175e-01
1.650273797667515000e+15,3.926990816987235844e-01
1.650273797669405750e+15,3.926990816987233068e-01
1.650273797671296250e+15,3.926990816987231403e-01
1.650273797673187000e+15,3.926725373366712346e-01
1.650273797675077750e+15,3.921086187687047309e-01
1.650273797676968250e+15,3.915447747635529274e-01
1.650273797678859000e+15,3.909808561955864237e-01
1.650273797680749500e+15,3.904170121904346757e-01
1.650273797682640250e+15,3.898530936224681165e-01
1.650273797684530750e+15,3.892892496173163686e-01
1.650273797686421500e+15,3.887253310493498648e-01
1.650273797688312000e+15,3.881614870441980614e-01
1.650273797690202750e+15,3.875975684762315576e-01
1.650273797692093500e+15,3.870336499082649984e-01
1.650273797693984000e+15,3.866427797878619343e-01
1.650273797695874750e+15,3.871237505891876873e-01
1.650273797697765250e+15,3.876046577952731997e-01
1.650273797699656000e+15,3.880856285965990082e-01
1.650273797701546500e+15,3.885665358026846317e-01
1.650273797703437250e+15,3.890475066040103846e-01
1.650273797705328000e+15,3.895284774053360821e-01
1.650273797707218500e+15,3.900093846114217611e-01
1.650273797709109250e+15,3.904903554127474585e-01
1.650273797710999750e+15,3.909712626188330264e-01
1.650273797712890500e+15,3.914522334201588349e-01
1.650273797714781000e+15,3.919331406262444584e-01
1.650273797716671750e+15,3.924141114275702114e-01
1.650273797718562250e+15,3.920977081387964081e-01
1.650273797720453000e+15,3.906215029347273604e-01
1.650273797722343750e+15,3.891452977306583128e-01
1.650273797724234250e+15,3.876692877143724236e-01
1.650273797726125000e+15,3.866924047620794447e-01
1.650273797728015500e+15,3.872078899293011633e-01
1.650273797729906250e+15,3.877234432643578144e-01
1.650273797731796750e+15,3.882389284315794775e-01
1.650273797733687500e+15,3.887544817666361285e-01
1.650273797735578250e+15,3.892700351016927240e-01
1.650273797737468750e+15,3.897855202689144427e-01
1.650273797739359500e+15,3.903010736039710382e-01
1.650273797741250000e+15,3.908165587711928124e-01
1.650273797743140750e+15,3.913321121062494079e-01
1.650273797745031250e+15,3.918475972734711266e-01
1.650273797746922000e+15,3.923631506085277221e-01
1.650273797748812500e+15,3.926990816987245281e-01
1.650273797750703250e+15,3.926990816987243060e-01
1.650273797752594000e+15,3.926990816987240285e-01
1.650273797754484500e+15,3.926990816987238064e-01
1.650273797756375250e+15,3.926990816987235844e-01
1.650273797758265750e+15,3.926990816987233623e-01
1.650273797760156500e+15,3.926990816987230293e-01
1.650273797762047000e+15,3.926990816987228627e-01
1.650273797763937750e+15,3.926990816987231403e-01
1.650273797765828500e+15,3.926990816987235289e-01
1.650273797767719000e+15,3.926990816987238619e-01
1.650273797769609750e+15,3.926990816987242505e-01
1.650273797771500250e+15,3.926990816987245836e-01
1.650273797773391000e+15,3.926990816987245836e-01
1.650273797775281500e+15,3.926990816987245836e-01
1.650273797777172250e+15,3.926990816987245836e-01
1.650273797779062750e+15,3.926990816987245836e-01
1.650273797780953500e+15,3.926990816987245836e-01
1.650273797782844250e+15,3.926990816987245836e-01
1.650273797784734750e+15,3.926990816987245836e-01
1.650273797786625500e+15,3.926990816987245836e-01
1.650273797788516000e+15,3.926990816987246391e-01
1.650273797790406750e+15,3.926990816987245836e-01
1.650273797792297250e+15,3.926990816987245836e-01
1.650273797794188000e+15,3.926990816987245836e-01
1.650273797796078750e+15,3.926990816987245836e-01
1.650273797797969250e+15,3.926990816987245836e-01
1.650273797799860000e+15,3.926990816987245836e-01
1.650273797801750500e+15,3.926990816987245836e-01
1.650273797803641250e+15,3.926990816987246391e-01
1.650273797805531750e+15,3.926990816987245836e-01
1.650273797807422500e+15,3.926990816987245836e-01
1.650273797809313000e+15,3.926990816987245836e-01
1.650273797811203750e+15,3.926990816987245836e-01
1.650273797813094500e+15,3.926990816987245836e-01
1.650273797814985000e+15,3.926990816987245281e-01
1.650273797816875750e+15,3.926990816987245281e-01
1.650273797818766250e+15,3.926990816987245836e-01
1.650273797820657000e+15,3.926990816987245836e-01
1.650273797822547500e+15,3.926990816987245836e-01
1.650273797824438250e+15,3.926990816987245836e-01
1.650273797826329000e+15,3.926990816987246391e-01
1.650273797828219500e+15,3.920384585160326396e-01
1.650273797830110250e+15,3.910750390924499498e-01
1.650273797832000750e+15,3.901117470547490473e-01
1.650273797833891500e+15,3.891483276311664685e-01
1.650273797835782000e+15,3.881850355934656216e-01
1.650273797837672750e+15,3.872216161698829318e-01
1.650273797839563250e+15,3.867253543772181112e-01
1.650273797841454000e+15,3.872379691129367862e-01
1.650273797843344750e+15,3.877505838486553502e-01
1.650273797845235250e+15,3.882631308050885632e-01
1.650273797847126000e+15,3.887757455408071272e-01
1.650273797849016500e+15,3.892882924972403957e-01
1.650273797850907250e+15,3.898009072329590152e-01
1.650273797852797750e+15,3.903134541893921172e-01
1.650273797854688500e+15,3.908260689251107922e-01
1.650273797856579250e+15,3.913386836608294117e-01
1.650273797858469750e+15,3.918512306172625137e-01
1.650273797860360500e+15,3.923638453529811887e-01
1.650273797862251000e+15,3.928937595108396574e-01
1.650273797864141750e+15,3.934565837818713163e-01
1.650273797866032250e+15,3.940193336347791453e-01
1.650273797867923000e+15,3.945821579058108597e-01
1.650273797869813500e+15,3.951449077587186887e-01
1.650273797871704250e+15,3.957077320297504586e-01
1.650273797873595000e+15,3.962705563007821175e-01
1.650273797875485500e+15,3.968333061536899464e-01
1.650273797877376250e+15,3.973961304247217163e-01
1.650273797879266750e+15,3.979588802776294898e-01
1.650273797881157500e+15,3.985217045486612597e-01
1.650273797883048000e+15,3.988350048502669054e-01
1.650273797884938750e+15,3.988350048502669054e-01
1.650273797886829500e+15,3.988350048502669054e-01
1.650273797888720000e+15,3.988350048502669054e-01
1.650273797890610750e+15,3.988350048502668499e-01
1.650273797892501250e+15,3.988350048502668499e-01
1.650273797894392000e+15,3.988350048502669054e-01
1.650273797896282500e+15,3.988350048502669054e-01
1.650273797898173250e+15,3.988350048502669054e-01
1.650273797900063750e+15,3.988350048502669054e-01
1.650273797901954500e+15,3.988350048502669054e-01
1.650273797903845250e+15,3.988350048502669609e-01
1.650273797905735750e+15,3.988350048502669054e-01
1.650273797907626500e+15,3.988350048502668499e-01
1.650273797909517000e+15,3.988350048502669054e-01
1.650273797911407750e+15,3.988350048502669054e-01
1.650273797913298250e+15,3.988350048502669054e-01
1.650273797915189000e+15,3.988350048502669054e-01
1.650273797917079750e+15,3.988350048502669054e-01
1.650273797918970250e+15,3.988350048502669054e-01
1.650273797920861000e+15,3.988350048502668499e-01
1.650273797922751500e+15,3.983699625442806425e-01
1.650273797924642250e+15,3.978283680015990420e-01
1.650273797926532750e+15,3.972868450699901799e-01
1.650273797928423500e+15,3.967452505273086349e-01
1.650273797930314000e+15,3.962037275956997173e-01
1.650273797932204750e+15,3.956621330530181169e-01
1.650273797934095500e+15,3.951205385103365719e-01
1.650273797935986000e+15,3.945790155787277098e-01
1.650273797937876750e+15,3.940374210360461094e-01
1.650273797939767250e+15,3.934958981044371917e-01
1.650273797941658000e+15,3.929543035617556468e-01
1.650273797943548500e+15,3.926990816987229183e-01
1.650273797945439250e+15,3.926990816987231403e-01
1.650273797947330000e+15,3.926990816987234179e-01
1.650273797949220500e+15,3.926990816987235844e-01
1.650273797951111250e+15,3.926990816987238064e-01
1.650273797953001750e+15,3.926990816987240285e-01
1.650273797954892500e+15,3.926990816987242505e-01
1.650273797956783000e+15,3.926990816987244726e-01
1.650273797958673750e+15,3.926990816987246946e-01
1.650273797960564500e+15,3.926990816987249167e-01
1.650273797962455000e+15,3.926990816987250832e-01
1.650273797964345750e+15,3.926990816987253052e-01
1.650273797966236250e+15,3.926990816987254163e-01
1.650273797968127000e+15,3.926990816987249722e-01
1.650273797970017500e+15,3.926990816987244726e-01
1.650273797971908250e+15,3.926990816987240285e-01
1.650273797973798750e+15,3.926990816987235844e-01
1.650273797975689500e+15,3.926990816987230848e-01
1.650273797977580250e+15,3.926990816987228072e-01
1.650273797979470750e+15,3.926990816987228072e-01
1.650273797981361500e+15,3.926990816987228072e-01
1.650273797983252000e+15,3.926990816987228072e-01
1.650273797985142750e+15,3.926990816987228627e-01
1.650273797987033250e+15,3.926990816987228072e-01
1.650273797988924000e+15,3.926990816987228072e-01
1.650273797990814750e+15,3.926990816987228072e-01
1.650273797992705250e+15,3.926990816987228072e-01
1.650273797994596000e+15,3.926990816987228627e-01
1.650273797996486500e+15,3.926990816987228072e-01
1.650273797998377250e+15,3.926990816987228072e-01
1.650273798000267750e+15,3.926990816987228072e-01
1.650273798002158500e+15,3.926990816987228072e-01
1.650273798004049000e+15,3.926990816987228072e-01
1.650273798005939750e+15,3.926990816987228072e-01
1.650273798007830500e+15,3.926990816987227517e-01
1.650273798009721000e+15,3.926990816987228072e-01
1.650273798011611750e+15,3.926990816987228072e-01
1.650273798013502250e+15,3.926990816987228072e-01
1.650273798015393000e+15,3.926990816987228072e-01
1.650273798017283500e+15,3.926990816987228072e-01
1.650273798019174250e+15,3.926990816987228072e-01
1.650273798021065000e+15,3.926990816987228072e-01
1.650273798022955500e+15,3.926990816987228072e-01
1.650273798024846250e+15,3.926990816987228072e-01
1.650273798026736750e+15,3.926990816987228072e-01
1.650273798028627500e+15,3.926990816987228072e-01
1.650273798030518000e+15,3.926990816987228627e-01
1.650273798032408750e+15,3.926990816987228072e-01
1.650273798034299250e+15,3.926990816987227517e-01
1.650273798036190000e+15,3.926990816987228072e-01
1.650273798038080750e+15,3.926990816987228072e-01
1.650273798039971250e+15,3.926990816987228072e-01
1.650273798041862000e+15,3.926990816987227517e-01
1.650273798043752500e+15,3.926990816987227517e-01
1.650273798045643250e+15,3.926990816987228072e-01
1.650273798047533750e+15,3.926990816987228072e-01
1.650273798049424500e+15,3.926990816987228072e-01
1.650273798051315250e+15,3.926990816987228072e-01
1.650273798053205750e+15,3.926990816987228072e-01
1.650273798055096500e+15,3.926990816987228627e-01
1.650273798056987000e+15,3.926990816987227517e-01
1.650273798058877750e+15,3.926990816987228072e-01
1.650273798060768250e+15,3.926990816987228072e-01
1.650273798062659000e+15,3.926990816987228072e-01
1.650273798064549500e+15,3.926990816987228627e-01
1.650273798066440250e+15,3.926990816987228627e-01
1.650273798068331000e+15,3.926990816987228072e-01
1.650273798070221500e+15,3.926990816987228072e-01
1.650273798072112250e+15,3.926990816987228072e-01
1.650273798074002750e+15,3.926990816987228072e-01
1.650273798075893500e+15,3.926990816987228072e-01
1.650273798077784000e+15,3.926990816987228627e-01
1.650273798079674750e+15,3.926990816987228072e-01
1.650273798081565500e+15,3.926990816987228627e-01
1.650273798083456000e+15,3.926990816987228072e-01
1.650273798085346750e+15,3.926990816987228072e-01
1.650273798087237250e+15,3.926990816987228072e-01
1.650273798089128000e+15,3.926990816987228072e-01
1.650273798091018500e+15,3.926990816987228072e-01
1.650273798092909250e+15,3.926990816987228072e-01
1.650273798094799750e+15,3.926990816987228072e-01
1.650273798096690500e+15,3.926990816987228072e-01
1.650273798098581250e+15,3.926990816987228072e-01
1.650273798100471750e+15,3.926990816987228072e-01
1.650273798102362500e+15,3.926990816987228072e-01
1.650273798104253000e+15,3.926990816987228072e-01
1.650273798106143750e+15,3.926990816987228072e-01
1.650273798108034250e+15,3.926990816987228072e-01
1.650273798109925000e+15,3.926990816987228072e-01
1.650273798111815750e+15,3.926990816987227517e-01
1.650273798113706250e+15,3.926990816987228072e-01
1.650273798115597000e+15,3.926990816987228072e-01
1.650273798117487500e+15,3.926990816987228072e-01
1.650273798119378250e+15,3.926990816987228072e-01
1.650273798121268750e+15,3.926990816987228072e-01
1.650273798123159500e+15,3.926990816987227517e-01
1.650273798125050000e+15,3.926990816987229183e-01
1.650273798126940750e+15,3.926990816987231958e-01
1.650273798128831500e+15,3.926990816987234734e-01
1.650273798130722000e+15,3.926990816987238064e-01
1.650273798132612750e+15,3.926990816987240840e-01
1.650273798134503250e+15,3.926990816987243615e-01
1.650273798136394000e+15,3.926990816987245281e-01
1.650273798138284500e+15,3.926990816987241950e-01
1.650273798140175250e+15,3.926990816987239175e-01
1.650273798142066000e+15,3.926990816987235844e-01
1.650273798143956500e+15,3.926990816987233068e-01
1.650273798145847250e+15,3.926990816987229738e-01
1.650273798147737750e+15,3.926990816987227517e-01
1.650273798149628500e+15,3.926990816987227517e-01
1.650273798151519000e+15,3.926990816987227517e-01
1.650273798153409750e+15,3.926990816987228072e-01
1.650273798155300250e+15,3.926990816987228072e-01
1.650273798157191000e+15,3.926990816987228072e-01
1.650273798159081750e+15,3.926990816987228072e-01
1.650273798160972250e+15,3.926990816987227517e-01
1.650273798162863000e+15,3.926990816987227517e-01
1.650273798164753500e+15,3.926990816987228072e-01
1.650273798166644250e+15,3.926990816987228072e-01
1.650273798168534750e+15,3.926990816987228072e-01
1.650273798170425500e+15,3.926990816987228072e-01
1.650273798172316250e+15,3.926990816987228072e-01
1.650273798174206750e+15,3.926990816987228072e-01
1.650273798176097500e+15,3.926990816987228072e-01
1.650273798177988000e+15,3.926990816987228072e-01
1.650273798179878750e+15,3.926990816987227517e-01
1.650273798181769250e+15,3.926990816987228072e-01
1.650273798183660000e+15,3.926990816987228072e-01
1.650273798185550500e+15,3.926990816987228072e-01
1.650273798187441250e+15,3.926990816987228072e-01
1.650273798189332000e+15,3.926990816987228072e-01
1.650273798191222500e+15,3.926990816987228072e-01
1.650273798193113250e+15,3.926990816987228072e-01
1.650273798195003750e+15,3.926990816987228072e-01
1.650273798196894500e+15,3.926990816987228072e-01
1.650273798198785000e+15,3.926990816987228072e-01
1.650273798200675750e+15,3.926990816987228072e-01
1.650273798202566500e+15,3.926990816987228072e-01
1.650273798204457000e+15,3.926990816987228627e-01
1.650273798206347750e+15,3.926990816987229183e-01
1.650273798208238250e+15,3.926990816987230293e-01
1.650273798210129000e+15,3.926990816987230848e-01
1.650273798212019500e+15,3.926990816987231403e-01
1.650273798213910250e+15,3.926990816987232513e-01
1.650273798215800750e+15,3.926990816987233623e-01
1.650273798217691500e+15,3.926990816987233623e-01
1.650273798219582250e+15,3.926990816987235289e-01
1.650273798221472750e+15,3.926990816987235844e-01
1.650273798223363500e+15,3.926990816987236954e-01
1.650273798225254000e+15,3.926990816987238064e-01
1.650273798227144750e+15,3.926990816987239730e-01
1.650273798229035250e+15,3.926990816987241395e-01
1.650273798230926000e+15,3.926990816987243615e-01
1.650273798232816750e+15,3.926990816987245281e-01
1.650273798234707250e+15,3.926990816987245836e-01
1.650273798236598000e+15,3.926990816987245281e-01
1.650273798238488500e+15,3.926990816987245836e-01
1.650273798240379250e+15,3.926990816987245836e-01
1.650273798242269750e+15,3.926990816987245836e-01
1.650273798244160500e+15,3.926990816987245836e-01
1.650273798246051000e+15,3.926990816987245836e-01
1.650273798247941750e+15,3.926990816987245836e-01
1.650273798249832500e+15,3.926990816987245836e-01
1.650273798251723000e+15,3.926990816987245836e-01
1.650273798253613750e+15,3.926990816987246391e-01
1.650273798255504250e+15,3.926990816987246391e-01
1.650273798257395000e+15,3.926990816987245836e-01
1.650273798259285500e+15,3.926990816987246391e-01
1.650273798261176250e+15,3.926990816987245836e-01
1.650273798263067000e+15,3.926990816987246391e-01
1.650273798264957500e+15,3.926990816987245836e-01
1.650273798266848250e+15,3.926990816987245836e-01
1.650273798268738750e+15,3.926990816987245836e-01
1.650273798270629500e+15,3.926990816987246391e-01
1.650273798272520000e+15,3.926990816987245836e-01
1.650273798274410750e+15,3.926990816987245836e-01
1.650273798276301250e+15,3.926990816987245836e-01
1.650273798278192000e+15,3.926990816987245836e-01
1.650273798280082750e+15,3.926990816987246391e-01
1.650273798281973250e+15,3.926990816987245836e-01
1.650273798283864000e+15,3.930481096359720317e-01
1.650273798285754500e+15,3.941838020892703409e-01
1.650273798287645250e+15,3.953196447267068869e-01
1.650273798289535750e+15,3.964553371800052517e-01
1.650273798291426500e+15,3.975911798174417422e-01
1.650273798293317250e+15,3.987270224548783437e-01
1.650273798295207750e+15,3.973617374072481723e-01
1.650273798297098500e+15,3.957334571688230218e-01
1.650273798298989000e+15,3.941053922259469822e-01
1.650273798300879750e+15,3.924771119875217762e-01
1.650273798302770250e+15,3.908490470446457921e-01
1.650273798304661000e+15,3.892207668062205861e-01
1.650273798306551500e+15,3.875927018633445464e-01
1.650273798308442250e+15,3.871256339004671143e-01
1.650273798310333000e+15,3.886552998828141092e-01
1.650273798312223500e+15,3.901847636086515081e-01
1.650273798314114250e+15,3.917144295909984475e-01
1.650273798316004750e+15,3.932438933168358464e-01
1.650273798317895500e+15,3.947735592991827858e-01
1.650273798319786000e+15,3.963030230250201291e-01
1.650273798321676750e+15,3.978326890073671240e-01
1.650273798323567500e+15,3.993623549897141189e-01
1.650273798325458000e+15,4.008918187155514623e-01
1.650273798327348750e+15,4.024214846978984572e-01
1.650273798329239250e+15,4.039509484237358006e-01
1.650273798331130000e+15,4.049709280018101709e-01
1.650273798333020500e+15,4.049709280018101154e-01
1.650273798334911250e+15,4.049709280018101154e-01
1.650273798336801750e+15,4.049709280018101154e-01
1.650273798338692500e+15,4.057361674050898870e-01
1.650273798340583250e+15,4.082992788342331703e-01
1.650273798342473750e+15,4.108620513619577475e-01
1.650273798344364500e+15,4.134251627911009752e-01
1.650273798346255000e+15,4.159879353188256079e-01
1.650273798348145750e+15,4.185510467479688357e-01
1.650273798350036250e+15,4.211138192756934129e-01
1.650273798351927000e+15,4.232045613504851200e-01
1.650273798353817750e+15,4.217079802489914764e-01
1.650273798355708250e+15,4.202115970294364455e-01
1.650273798357599000e+15,4.187150159279428019e-01
1.650273798359489500e+15,4.172186327083877710e-01
1.650273798361380250e+15,4.157220516068941274e-01
1.650273798363270750e+15,4.142256683873390410e-01
1.650273798365161500e+15,4.127290872858454529e-01
1.650273798367052000e+15,4.112327040662904221e-01
1.650273798368942750e+15,4.122810469561792868e-01
1.650273798370833500e+15,4.135630511220201866e-01
1.650273798372724000e+15,4.148448857778562759e-01
1.650273798374614750e+15,4.161268899436971758e-01
1.650273798376505250e+15,4.174087245995333206e-01
1.650273798378396000e+15,4.186907287653741649e-01
1.650273798380286500e+15,4.199725634212103098e-01
1.650273798382177250e+15,4.212545675870512096e-01
1.650273798384068000e+15,4.225365717528920539e-01
1.650273798385958500e+15,4.228018842124294241e-01
1.650273798387849250e+15,4.211201422832017705e-01
1.650273798389739750e+15,4.194386227183704019e-01
1.650273798391630500e+15,4.177568807891427483e-01
1.650273798393521000e+15,4.160753612243113242e-01
1.650273798395411750e+15,4.143936192950837816e-01
1.650273798397302250e+15,4.127120997302523575e-01
1.650273798399193000e+15,4.111565675082641258e-01
1.650273798401083750e+15,4.122496046948833648e-01
1.650273798402974250e+15,4.133424973572151218e-01
1.650273798404865000e+15,4.144355345438344163e-01
1.650273798406755500e+15,4.155284272061661732e-01
1.650273798408646250e+15,4.166214643927854677e-01
1.650273798410536750e+15,4.171131180606024169e-01
1.650273798412427500e+15,4.168126000785074559e-01
1.650273798414318250e+15,4.165120820964123283e-01
1.650273798416208750e+15,4.162116038496052606e-01
1.650273798418099500e+15,4.159110858675101330e-01
1.650273798419990000e+15,4.156106076207030098e-01
1.650273798421880750e+15,4.153100896386079377e-01
1.650273798423771250e+15,4.150096113918008145e-01
1.650273798425662000e+15,4.147090934097057424e-01
1.650273798427552500e+15,4.144086151628986192e-01
1.650273798429443250e+15,4.141080971808036026e-01
1.650273798431334000e+15,4.138075791987085306e-01
1.650273798433224500e+15,4.135071009519014074e-01
1.650273798435115250e+15,4.132065829698063353e-01
1.650273798437005750e+15,4.129061047229991566e-01
1.650273798438896500e+15,4.126055867409041955e-01
1.650273798440787000e+15,4.123051084940969613e-01
1.650273798442677750e+15,4.120045905120019447e-01
1.650273798444568500e+15,4.117040725299069281e-01
1.650273798446459000e+15,4.114035942830996939e-01
1.650273798448349750e+15,4.111132070576977160e-01
1.650273798450240250e+15,4.116191370436533825e-01
1.650273798452131000e+15,4.121251339338651842e-01
1.650273798454021500e+15,4.126310639198208507e-01
1.650273798455912250e+15,4.131370608100327635e-01
1.650273798457802750e+15,4.136429907959884300e-01
1.650273798459693500e+15,4.141489876862002872e-01
1.650273798461584250e+15,4.146549845764122555e-01
1.650273798463474750e+15,4.151609145623678665e-01
1.650273798465365500e+15,4.156669114525797792e-01
1.650273798467256000e+15,4.161728414385353902e-01
1.650273798469146750e+15,4.166788383287473030e-01
1.650273798471037250e+15,4.171847683147029695e-01
1.650273798472928000e+15,4.165786807278795689e-01
1.650273798474818750e+15,4.158286001240923402e-01
1.650273798476709250e+15,4.150786186979599779e-01
1.650273798478600000e+15,4.143285380941728047e-01
1.650273798480490500e+15,4.135785566680404424e-01
1.650273798482381250e+15,4.128284760642532136e-01
1.650273798484271750e+15,4.120784946381208513e-01
1.650273798486162500e+15,4.113284140343336226e-01
1.650273798488053000e+15,4.111068511533524372e-01
1.650273798489943750e+15,4.111068511533524372e-01
1.650273798491834500e+15,4.111068511533523817e-01
1.650273798493725000e+15,4.111068511533524372e-01
1.650273798495615750e+15,4.111068511533524927e-01
1.650273798497506250e+15,4.111068511533524927e-01
1.650273798499397000e+15,4.111068511533524372e-01
1.650273798501287500e+15,4.111068511533524372e-01
1.650273798503178250e+15,4.111068511533524927e-01
1.650273798505069000e+15,4.111068511533524372e-01
1.650273798506959500e+15,4.111068511533524372e-01
1.650273798508850250e+15,4.111068511533524372e-01
1.650273798510740750e+15,4.111068511533524372e-01
1.650273798512631500e+15,4.111068511533524372e-01
1.650273798514522000e+15,4.111068511533524927e-01
1.650273798516412750e+15,4.111068511533524372e-01
1.650273798518303250e+15,4.111068511533524372e-01
1.650273798520194000e+15,4.111068511533523817e-01
1.650273798522084750e+15,4.111068511533523817e-01
1.650273798523975250e+15,4.111068511533524372e-01
1.650273798525866000e+15,4.111068511533524372e-01
1.650273798527756500e+15,4.111068511533524372e-01
1.650273798529647250e+15,4.111068511533523817e-01
1.650273798531537750e+15,4.111068511533524372e-01
1.650273798533428500e+15,4.111068511533523817e-01
1.650273798535319250e+15,4.111068511533524372e-01
1.650273798537209750e+15,4.111068511533524372e-01
1.650273798539100500e+15,4.106714090982204746e-01
1.650273798540991000e+15,4.097876697474669427e-01
1.650273798542881750e+15,4.089038135308907806e-01
1.650273798544772250e+15,4.080200741801373043e-01
1.650273798546663000e+15,4.071362179635611422e-01
1.650273798548553500e+15,4.062524786128076104e-01
1.650273798550444250e+15,4.053686223962313928e-01
1.650273798552335000e+15,4.052395602930163321e-01
1.650273798554225500e+15,4.057278769723676737e-01
1.650273798556116250e+15,4.062162582267890287e-01
1.650273798558006750e+15,4.067045749061403703e-01
1.650273798559897500e+15,4.071929561605617254e-01
1.650273798561788000e+15,4.076812728399129560e-01
1.650273798563678750e+15,4.081696540943343665e-01
1.650273798565569500e+15,4.086580353487556660e-01
1.650273798567460000e+15,4.091463520281070076e-01
1.650273798569350750e+15,4.096347332825283072e-01
1.650273798571241250e+15,4.101230499618796488e-01
1.650273798573132000e+15,4.106114312163009483e-01
1.650273798575022500e+15,4.110997478956522899e-01
1.650273798576913250e+15,4.098198131242956066e-01
1.650273798578803750e+15,4.085139521856498424e-01
1.650273798580694500e+15,4.072079185597601292e-01
1.650273798582585250e+15,4.059018849338703605e-01
1.650273798584475750e+15,4.048309123494871486e-01
1.650273798586366500e+15,4.043431470899209179e-01
1.650273798588257000e+15,4.038554463239762971e-01
1.650273798590147750e+15,4.033676810644101218e-01
1.650273798592038250e+15,4.028799802984653899e-01
1.650273798593929000e+15,4.023922150388992147e-01
1.650273798595819750e+15,4.019044497793330395e-01
1.650273798597710250e+15,4.014167490133883076e-01
1.650273798599601000e+15,4.009289837538221879e-01
1.650273798601491500e+15,4.004412829878775115e-01
1.650273798603382250e+15,3.999535177283112808e-01
1.650273798605272750e+15,3.994658169623666044e-01
1.650273798607163500e+15,3.989780517028004292e-01
1.650273798609054000e+15,3.991817434227413752e-01
1.650273798610944750e+15,3.996724589586005405e-01
1.650273798612835500e+15,4.001631744944596503e-01
1.650273798614726000e+15,4.006538251466039702e-01
1.650273798616616750e+15,4.011445406824630244e-01
1.650273798618507250e+15,4.016351913346072333e-01
1.650273798620398000e+15,4.021259068704664541e-01
1.650273798622288500e+15,4.026165575226106630e-01
1.650273798624179250e+15,4.031072730584698283e-01
1.650273798626070000e+15,4.035979885943290491e-01
1.650273798627960500e+15,4.040886392464732579e-01
1.650273798629851250e+15,4.045793547823323677e-01
1.650273798631741750e+15,4.049709280018101154e-01
1.650273798633632500e+15,4.049709280018098934e-01
1.650273798635523000e+15,4.049709280018097268e-01
1.650273798637413750e+15,4.049709280018095603e-01
1.650273798639304250e+15,4.049709280018093382e-01
1.650273798641195000e+15,4.043675107592847873e-01
1.650273798643085750e+15,4.024532303040782022e-01
1.650273798644976250e+15,4.005392029601310133e-01
1.650273798646867000e+15,3.986249225049244282e-01
1.650273798648757500e+15,3.967108951609772949e-01
1.650273798650648250e+15,3.947966147057707653e-01
1.650273798652538750e+15,3.928825873618236320e-01
1.650273798654429500e+15,3.926990816987236954e-01
1.650273798656320250e+15,3.926990816987236954e-01
1.650273798658210750e+15,3.926990816987236954e-01
1.650273798660101500e+15,3.926990816987236954e-01
1.650273798661992000e+15,3.926990816987236954e-01
1.650273798663882750e+15,3.926990816987236954e-01
1.650273798665773250e+15,3.926990816987236954e-01
1.650273798667664000e+15,3.926990816987236954e-01
1.650273798669554500e+15,3.926990816987236954e-01
1.650273798671445250e+15,3.926990816987236954e-01
1.650273798673336000e+15,3.926990816987236954e-01
1.650273798675226500e+15,3.929199078169649528e-01
1.650273798677117250e+15,3.934576115942536867e-01
1.650273798679007750e+15,3.939952442749171668e-01
1.650273798680898500e+15,3.945329480522059007e-01
1.650273798682789000e+15,3.950705807328693253e-01
1.650273798684679750e+15,3.956082845101580592e-01
1.650273798686570500e+15,3.961459882874468486e-01
1.650273798688461000e+15,3.966836209681102732e-01
1.650273798690351750e+15,3.972213247453989515e-01
1.650273798692242250e+15,3.977589574260623762e-01
1.650273798694133000e+15,3.982966612033511100e-01
1.650273798696023500e+15,3.988342938840145901e-01
1.650273798697914250e+15,3.988350048502678491e-01
1.650273798699804750e+15,3.988350048502677936e-01
1.650273798701695500e+15,3.988350048502677936e-01
1.650273798703586250e+15,3.988350048502677936e-01
1.650273798705476750e+15,3.988350048502677936e-01
1.650273798707367500e+15,3.988350048502677936e-01
1.650273798709258000e+15,3.988350048502677936e-01
1.650273798711148750e+15,3.988350048502677936e-01
1.650273798713039250e+15,3.988350048502677936e-01
1.650273798714930000e+15,3.988350048502677936e-01
1.650273798716820750e+15,3.988350048502677936e-01
1.650273798718711250e+15,3.988350048502676826e-01
1.650273798720602000e+15,3.988350048502675715e-01
1.650273798722492500e+15,3.988350048502675715e-01
1.650273798724383250e+15,3.988350048502674605e-01
1.650273798726273750e+15,3.988350048502673495e-01
1.650273798728164500e+15,3.988350048502672385e-01
1.650273798730055000e+15,3.988350048502671275e-01
1.650273798731945750e+15,3.988350048502670164e-01
1.650273798733836500e+15,3.988350048502669054e-01
1.650273798735727000e+15,3.988350048502668499e-01
1.650273798737617750e+15,3.988350048502666834e-01
1.650273798739508250e+15,3.988350048502666279e-01
1.650273798741399000e+15,3.988350048502665168e-01
1.650273798743289500e+15,3.988350048502664058e-01
1.650273798745180250e+15,3.988350048502663503e-01
1.650273798747071000e+15,3.988350048502662393e-01
1.650273798748961500e+15,3.988350048502661283e-01
1.650273798750852250e+15,3.988350048502660172e-01
1.650273798752742750e+15,3.988350048502661283e-01
1.650273798754633500e+15,3.988350048502662393e-01
1.650273798756524000e+15,3.988350048502664613e-01
1.650273798758414750e+15,3.988350048502665168e-01
1.650273798760305250e+15,3.988350048502666279e-01
1.650273798762196000e+15,3.988350048502667944e-01
1.650273798764086750e+15,3.988350048502669054e-01
1.650273798765977250e+15,3.988350048502667944e-01
1.650273798767868000e+15,3.988350048502666834e-01
1.650273798769758500e+15,3.988350048502666834e-01
1.650273798771649250e+15,3.988350048502665723e-01
1.650273798773539750e+15,3.988350048502664613e-01
1.650273798775430500e+15,3.988350048502664058e-01
1.650273798777321250e+15,3.988350048502663503e-01
1.650273798779211750e+15,3.988350048502662948e-01
1.650273798781102500e+15,3.988350048502661838e-01
1.650273798782993000e+15,3.988350048502661283e-01
1.650273798784883750e+15,3.988350048502660727e-01
1.650273798786774250e+15,3.988350048502660172e-01
1.650273798788665000e+15,3.988350048502660727e-01
1.650273798790555500e+15,3.988350048502660172e-01
1.650273798792446250e+15,3.988350048502660727e-01
1.650273798794337000e+15,3.988350048502660172e-01
1.650273798796227500e+15,3.988350048502660727e-01
1.650273798798118250e+15,3.988350048502660172e-01
1.650273798800008750e+15,3.988350048502660172e-01
1.650273798801899500e+15,3.988350048502660172e-01
1.650273798803790000e+15,3.988350048502660172e-01
1.650273798805680750e+15,3.988350048502660172e-01
1.650273798807571500e+15,3.988350048502660172e-01
1.650273798809462000e+15,3.988350048502660172e-01
1.650273798811352750e+15,3.988350048502660727e-01
1.650273798813243250e+15,3.988350048502660172e-01
1.650273798815134000e+15,3.988350048502660172e-01
1.650273798817024500e+15,3.988350048502660727e-01
1.650273798818915250e+15,3.988350048502660172e-01
1.650273798820805750e+15,3.988350048502660172e-01
1.650273798822696500e+15,3.988350048502660172e-01
1.650273798824587250e+15,3.988350048502660172e-01
1.650273798826477750e+15,3.988350048502660172e-01
1.650273798828368500e+15,3.988350048502660172e-01
1.650273798830259000e+15,3.988350048502660727e-01
1.650273798832149750e+15,3.988350048502664058e-01
1.650273798834040250e+15,3.988350048502666834e-01
1.650273798835931000e+15,3.988350048502670164e-01
1.650273798837821750e+15,3.988350048502673495e-01
1.650273798839712250e+15,3.988350048502676826e-01
1.650273798841603000e+15,3.988350048502679601e-01
1.650273798843493500e+15,3.988350048502682932e-01
1.650273798845384250e+15,3.988350048502686263e-01
1.650273798847274750e+15,3.988350048502685707e-01
1.650273798849165500e+15,3.988350048502684597e-01
1.650273798851056000e+15,3.988350048502682377e-01
1.650273798852946750e+15,3.988350048502680711e-01
1.650273798854837500e+15,3.988350048502679046e-01
1.650273798856728000e+15,3.988350048502677936e-01
1.650273798858618750e+15,3.988350048502675715e-01
1.650273798860509250e+15,3.988350048502674050e-01
1.650273798862400000e+15,3.988350048502672385e-01
1.650273798864290500e+15,3.988350048502671275e-01
1.650273798866181250e+15,3.988350048502669609e-01
1.650273798868072000e+15,3.988350048502668499e-01
1.650273798869962500e+15,3.988350048502667944e-01
1.650273798871853250e+15,3.988350048502666834e-01
1.650273798873743750e+15,3.988350048502665723e-01
1.650273798875634500e+15,3.988350048502664613e-01
1.650273798877525000e+15,3.988350048502664058e-01
1.650273798879415750e+15,3.988350048502663503e-01
1.650273798881306250e+15,3.988350048502662393e-01
1.650273798883197000e+15,3.988350048502661283e-01
1.650273798885087750e+15,3.988350048502660727e-01
1.650273798886978250e+15,3.980261367808140549e-01
1.650273798888869000e+15,3.968659871109364023e-01
1.650273798890759500e+15,3.957059908391374892e-01
1.650273798892650250e+15,3.945458411692597811e-01
1.650273798894540750e+15,3.933858448974608679e-01
1.650273798896431500e+15,3.926990816987245836e-01
1.650273798898322250e+15,3.926990816987245836e-01
1.650273798900212750e+15,3.926990816987245836e-01
1.650273798902103500e+15,3.926990816987245836e-01
1.650273798903994000e+15,3.926990816987245836e-01
1.650273798905884750e+15,3.926990816987245836e-01
1.650273798907775250e+15,3.926990816987245836e-01
1.650273798909666000e+15,3.926990816987245836e-01
1.650273798911556500e+15,3.928024728333271431e-01
1.650273798913447250e+15,3.939227409579676431e-01
1.650273798915338000e+15,3.950430090826080876e-01
1.650273798917228500e+15,3.961631290824139118e-01
1.650273798919119250e+15,3.972833972070544117e-01
1.650273798921009750e+15,3.984035172068602915e-01
1.650273798922900500e+15,3.982463754837313186e-01
1.650273798924791000e+15,3.972891248880892068e-01
1.650273798926681750e+15,3.963317477054866256e-01
1.650273798928572500e+15,3.953743705228839889e-01
1.650273798930463000e+15,3.944171199272419326e-01
1.650273798932353750e+15,3.934597427446392404e-01
1.650273798934244250e+15,3.925024921489971286e-01
1.650273798936135000e+15,3.915451149663945474e-01
1.650273798938025500e+15,3.905878643707525466e-01
1.650273798939916250e+15,3.896304871881498544e-01
1.650273798941806750e+15,3.886732365925077426e-01
1.650273798943697500e+15,3.877158594099051614e-01
1.650273798945588250e+15,3.867584822273024692e-01
1.650273798947478750e+15,3.857436830557209317e-01
1.650273798949369500e+15,3.847139948779646490e-01
1.650273798951260000e+15,3.836844428483212610e-01
1.650273798953150750e+15,3.826547546705649228e-01
1.650273798955041250e+15,3.816252026409214793e-01
1.650273798956932000e+15,3.805955144631651410e-01
1.650273798958822750e+15,3.813286467864576146e-01
1.650273798960713250e+15,3.824060093496592927e-01
1.650273798962604000e+15,3.834835143834459115e-01
1.650273798964494500e+15,3.845608769466476451e-01
1.650273798966385250e+15,3.856383819804342084e-01
1.650273798968275750e+15,3.865631585471813736e-01
1.650273798970166500e+15,3.865631585471813736e-01
1.650273798972057000e+15,3.865631585471813736e-01
1.650273798973947750e+15,3.865631585471813736e-01
1.650273798975838500e+15,3.865631585471813736e-01
1.650273798977729000e+15,3.865631585471813736e-01
1.650273798979619750e+15,3.838979877165267229e-01
1.650273798981510250e+15,3.811230983014901041e-01
1.650273798983401000e+15,3.783478419346662514e-01
1.650273798985291500e+15,3.755729525196296326e-01
1.650273798987182250e+15,3.727976961528057798e-01
1.650273798989073000e+15,3.700224397859820380e-01
1.650273798990963500e+15,3.684758373294217404e-01
1.650273798992854250e+15,3.694554452580533499e-01
1.650273798994744750e+15,3.704349236603159401e-01
1.650273798996635500e+15,3.714145315889474941e-01
1.650273798998526000e+15,3.723940099912100843e-01
1.650273799000416750e+15,3.733736179198416938e-01
1.650273799002307500e+15,3.742913122440984508e-01
1.650273799004198000e+15,3.742913122440980622e-01
1.650273799006088750e+15,3.742913122440975626e-01
1.650273799007979250e+15,3.742913122440971185e-01
1.650273799009870000e+15,3.742913122440967300e-01
1.650273799011760500e+15,3.742913122440962304e-01
1.650273799013651250e+15,3.742123214978664847e-01
1.650273799015541750e+15,3.736450584181074674e-01
1.650273799017432500e+15,3.730777203233947570e-01
1.650273799019323250e+15,3.725103822286820465e-01
1.650273799021213750e+15,3.719431191489230293e-01
1.650273799023104500e+15,3.713757810542102633e-01
1.650273799024995000e+15,3.708085179744512461e-01
1.650273799026885750e+15,3.702411798797385911e-01
1.650273799028776250e+15,3.696739167999795184e-01
1.650273799030667000e+15,3.691065787052668079e-01
1.650273799032557750e+15,3.685392406105540419e-01
1.650273799034448250e+15,3.684666666281473657e-01
1.650273799036339000e+15,3.694295263425452780e-01
1.650273799038229500e+15,3.703922587450676485e-01
1.650273799040120250e+15,3.713551184594655608e-01
1.650273799042010750e+15,3.723178508619879867e-01
1.650273799043901500e+15,3.732807105763858990e-01
1.650273799045792000e+15,3.742434429789083250e-01
1.650273799047682750e+15,3.742913122440957863e-01
1.650273799049573500e+15,3.742913122440958418e-01
1.650273799051464000e+15,3.742913122440957863e-01
1.650273799053354750e+15,3.742913122440958418e-01
1.650273799055245250e+15,3.742913122440957863e-01
1.650273799057136000e+15,3.742913122440957863e-01
1.650273799059026500e+15,3.739676781796270055e-01
1.650273799060917250e+15,3.729117487449515878e-01
1.650273799062808000e+15,3.718558193102762255e-01
1.650273799064698500e+15,3.708000294934025165e-01
1.650273799066589250e+15,3.697441000587271542e-01
1.650273799068479750e+15,3.686883102418535008e-01
1.650273799070370500e+15,3.681553890925535200e-01
1.650273799072261000e+15,3.681553890925535200e-01
1.650273799074151750e+15,3.681553890925535200e-01
1.650273799076042250e+15,3.681553890925535200e-01
1.650273799077933000e+15,3.681553890925535200e-01
1.650273799079823750e+15,3.681553890925535200e-01
1.650273799081714250e+15,3.681553890925535200e-01
1.650273799083605000e+15,3.681553890925535200e-01
1.650273799085495500e+15,3.681553890925535200e-01
1.650273799087386250e+15,3.681553890925535200e-01
1.650273799089276750e+15,3.681553890925535200e-01
1.650273799091167500e+15,3.669750256707119407e-01
1.650273799093058250e+15,3.655448608902909235e-01
1.650273799094948750e+15,3.641148852100656308e-01
1.650273799096839500e+15,3.626847204296446692e-01
1.650273799098730000e+15,3.628016887902922871e-01
1.650273799100620750e+15,3.642645847866076703e-01
1.650273799102511250e+15,3.657272873549188841e-01
1.650273799104402000e+15,3.671901833512343227e-01
1.650273799106292500e+15,3.686528859195454255e-01
1.650273799108183250e+15,3.701157819158608642e-01
1.650273799110074000e+15,3.715786779121762473e-01
1.650273799111964500e+15,3.730413804804874611e-01
1.650273799113855250e+15,3.742047279701590790e-01
1.650273799115745750e+15,3.736100410677704597e-01
1.650273799117636500e+15,3.730152755238977935e-01
1.650273799119527000e+15,3.724205886215092298e-01
1.650273799121417750e+15,3.718258230776365636e-01
1.650273799123308500e+15,3.712310575337638419e-01
1.650273799125199000e+15,3.706363706313752227e-01
1.650273799127089750e+15,3.700416050875026119e-01
1.650273799128980250e+15,3.694469181851139372e-01
1.650273799130871000e+15,3.688521526412412710e-01
1.650273799132761500e+15,3.682574657388526518e-01
1.650273799134652250e+15,3.673207191571633001e-01
1.650273799136542750e+15,3.663132532271658470e-01
1.650273799138433500e+15,3.653056540697246501e-01
1.650273799140324250e+15,3.642980549122833422e-01
1.650273799142214750e+15,3.632905889822858891e-01
1.650273799144105500e+15,3.622829898248446368e-01
1.650273799145996000e+15,3.620194659410126414e-01
1.650273799147886750e+15,3.620194659410121973e-01
1.650273799149777250e+15,3.620194659410118643e-01
1.650273799151668000e+15,3.620194659410114202e-01
1.650273799153558750e+15,3.620194659410109761e-01
1.650273799155449250e+15,3.620194659410105875e-01
1.650273799157340000e+15,3.620194659410103100e-01
1.650273799159230500e+15,3.620194659410102545e-01
1.650273799161121250e+15,3.620194659410103100e-01
1.650273799163011750e+15,3.620194659410103100e-01
1.650273799164902500e+15,3.620194659410103100e-01
1.650273799166793000e+15,3.620194659410103100e-01
1.650273799168683750e+15,3.620194659410103100e-01
1.650273799170574500e+15,3.620194659410103100e-01
1.650273799172465000e+15,3.620194659410103100e-01
1.650273799174355750e+15,3.620194659410103100e-01
1.650273799176246250e+15,3.620194659410103100e-01
1.650273799178137000e+15,3.620194659410103100e-01
1.650273799180027500e+15,3.620194659410103100e-01
1.650273799181918250e+15,3.620194659410103100e-01
1.650273799183809000e+15,3.620194659410103100e-01
1.650273799185699500e+15,3.620194659410103100e-01
1.650273799187590250e+15,3.620194659410103100e-01
1.650273799189480750e+15,3.620194659410103100e-01
1.650273799191371500e+15,3.613716432001469747e-01
1.650273799193262000e+15,3.603099103075572129e-01
1.650273799195152750e+15,3.592480370112525745e-01
1.650273799197043250e+15,3.581863041186627572e-01
1.650273799198934000e+15,3.571244308223580632e-01
1.650273799200824750e+15,3.560625575260534248e-01
1.650273799202715250e+15,3.550008246334636630e-01
1.650273799204606000e+15,3.539389513371589691e-01
1.650273799206496500e+15,3.528772184445692073e-01
1.650273799208387250e+15,3.518153451482645133e-01
1.650273799210277750e+15,3.507536122556748071e-01
1.650273799212168500e+15,3.497769633057914440e-01
1.650273799214059250e+15,3.503345667230161053e-01
1.650273799215949750e+15,3.508920964124321307e-01
1.650273799217840500e+15,3.514496998296567920e-01
1.650273799219731000e+15,3.520072295190728173e-01
1.650273799221621750e+15,3.525648329362974787e-01
1.650273799223512250e+15,3.531223626257134485e-01
1.650273799225403000e+15,3.536799660429381653e-01
1.650273799227293500e+15,3.542374957323541351e-01
1.650273799229184250e+15,3.547950991495788520e-01
1.650273799231075000e+15,3.553527025668035688e-01
1.650273799232965500e+15,3.558835427894688763e-01
1.650273799234856250e+15,3.558835427894688763e-01
1.650273799236746750e+15,3.558835427894688763e-01
1.650273799238637500e+15,3.558835427894688763e-01
1.650273799240528000e+15,3.558835427894688763e-01
1.650273799242418750e+15,3.558835427894688763e-01
1.650273799244309500e+15,3.558835427894688763e-01
1.650273799246200000e+15,3.554951172461976450e-01
1.650273799248090750e+15,3.546845040056456067e-01
1.650273799249981250e+15,3.538739979465349572e-01
1.650273799251872000e+15,3.530633847059829189e-01
1.650273799253762500e+15,3.522528786468722140e-01
1.650273799255653250e+15,3.514422654063201756e-01
1.650273799257543750e+15,3.506317593472094707e-01
1.650273799259434500e+15,3.498211461066574879e-01
1.650273799261325250e+15,3.497476196379257773e-01
1.650273799263215750e+15,3.497476196379259439e-01
1.650273799265106500e+15,3.497476196379261104e-01
1.650273799266997000e+15,3.497476196379262769e-01
1.650273799268887750e+15,3.497476196379264435e-01
1.650273799270778250e+15,3.497476196379266100e-01
1.650273799272669000e+15,3.497476196379267765e-01
1.650273799274559750e+15,3.497476196379268876e-01
1.650273799276450250e+15,3.497476196379271096e-01
1.650273799278341000e+15,3.497476196379272206e-01
1.650273799280231500e+15,3.497476196379273872e-01
1.650273799282122250e+15,3.505259551829600362e-01
1.650273799284012750e+15,3.514058734654442739e-01
1.650273799285903500e+15,3.522859081084523947e-01
1.650273799287794000e+15,3.531658263909366324e-01
1.650273799289684750e+15,3.540458610339448087e-01
1.650273799291575500e+15,3.549258956769529849e-01
1.650273799293466000e+15,3.558058139594372227e-01
1.650273799295356750e+15,3.558835427894688763e-01
1.650273799297247250e+15,3.558835427894688763e-01
1.650273799299138000e+15,3.558835427894688763e-01
1.650273799301028500e+15,3.558835427894689318e-01
1.650273799302919250e+15,3.558835427894688208e-01
1.650273799304810000e+15,3.558835427894688763e-01
1.650273799306700500e+15,3.558835427894688763e-01
1.650273799308591250e+15,3.558835427894688763e-01
1.650273799310481750e+15,3.558835427894688763e-01
1.650273799312372500e+15,3.558835427894688763e-01
1.650273799314263000e+15,3.558835427894688763e-01
1.650273799316153750e+15,3.558835427894688763e-01
1.650273799318044250e+15,3.558835427894688763e-01
1.650273799319935000e+15,3.558835427894688208e-01
1.650273799321825750e+15,3.558835427894688763e-01
1.650273799323716250e+15,3.546521957212681597e-01
1.650273799325607000e+15,3.528004005578556646e-01
1.650273799327497500e+15,3.509488502437309032e-01
1.650273799329388250e+15,3.490970550803184080e-01
1.650273799331278750e+15,3.472455047661936467e-01
1.650273799333169500e+15,3.453937096027810960e-01
1.650273799335060250e+15,3.435811796272079111e-01
1.650273799336950750e+15,3.427714656304193808e-01
1.650273799338841500e+15,3.419616445569320096e-01
1.650273799340732000e+15,3.411519305601434793e-01
1.650273799342622750e+15,3.403421094866560526e-01
1.650273799344513250e+15,3.395323954898675223e-01
1.650273799346404000e+15,3.387225744163801511e-01
1.650273799348294500e+15,3.379128604195916763e-01
1.650273799350185250e+15,3.366301343891390796e-01
1.650273799352076000e+15,3.347928556340867834e-01
1.650273799353966500e+15,3.329558198089240806e-01
1.650273799355857250e+15,3.311185410538717289e-01
1.650273799357747750e+15,3.292815052287090261e-01
1.650273799359638500e+15,3.274442264736567298e-01
1.650273799361529000e+15,3.256071906484940270e-01
1.650273799363419750e+15,3.287545940608274653e-01
1.650273799365310500e+15,3.333037546132354700e-01
1.650273799367201000e+15,3.378523136635210866e-01
1.650273799369091750e+15,3.424014742159291469e-01
1.650273799370982250e+15,3.469500332662147080e-01
1.650273799372873000e+15,3.489111900799585220e-01
1.650273799374763500e+15,3.467391157951551506e-01
1.650273799376654250e+15,3.445667542749266676e-01
1.650273799378544750e+15,3.423946799901232962e-01
1.650273799380435500e+15,3.402223184698947578e-01
1.650273799382326250e+15,3.380499569496662193e-01
1.650273799384216750e+15,3.359366742054306076e-01
1.650273799386107500e+15,3.338442408572879216e-01
1.650273799387998000e+15,3.317520841762546802e-01
1.650273799389888750e+15,3.296596508281119942e-01
1.650273799391779250e+15,3.275674941470786972e-01
1.650273799393670000e+15,3.254750607989360667e-01
1.650273799395560750e+15,3.252039270317563791e-01
1.650273799397451250e+15,3.252039270317563791e-01
1.650273799399342000e+15,3.252039270317563791e-01
1.650273799401232500e+15,3.252039270317563791e-01
1.650273799403123250e+15,3.252039270317563791e-01
1.650273799405013750e+15,3.252039270317563791e-01
1.650273799406904500e+15,3.252039270317563791e-01
1.650273799408795000e+15,3.252039270317563791e-01
1.650273799410685750e+15,3.252039270317563791e-01
1.650273799412576500e+15,3.252039270317563791e-01
1.650273799414467000e+15,3.252039270317564346e-01
1.650273799416357750e+15,3.252039270317563791e-01
1.650273799418248250e+15,3.252039270317563235e-01
1.650273799420139000e+15,3.252039270317562125e-01
1.650273799422029500e+15,3.252039270317561570e-01
1.650273799423920250e+15,3.252039270317560460e-01
1.650273799425811000e+15,3.252039270317559905e-01
1.650273799427701500e+15,3.252039270317558795e-01
1.650273799429592250e+15,3.252039270317558239e-01
1.650273799431482750e+15,3.252039270317557129e-01
1.650273799433373500e+15,3.252039270317556019e-01
1.650273799435264000e+15,3.252039270317555464e-01
1.650273799437154750e+15,3.252039270317554909e-01
1.650273799439045250e+15,3.252039270317554909e-01
1.650273799440936000e+15,3.252039270317554909e-01
1.650273799442826750e+15,3.252039270317554909e-01
1.650273799444717250e+15,3.252039270317554909e-01
1.650273799446608000e+15,3.252039270317554909e-01
1.650273799448498500e+15,3.252039270317554909e-01
1.650273799450389250e+15,3.252039270317554909e-01
1.650273799452279750e+15,3.252039270317554909e-01
1.650273799454170500e+15,3.252039270317554909e-01
1.650273799456061250e+15,3.252039270317554909e-01
1.650273799457951750e+15,3.252039270317554909e-01
1.650273799459842500e+15,3.252039270317554909e-01
1.650273799461733000e+15,3.252039270317554909e-01
1.650273799463623750e+15,3.252039270317554909e-01
1.650273799465514250e+15,3.252039270317554909e-01
1.650273799467405000e+15,3.252039270317554354e-01
1.650273799469295500e+15,3.247054223281566898e-01
1.650273799471186250e+15,3.239670378641305581e-01
1.650273799473077000e+15,3.232286534001044265e-01
1.650273799474967500e+15,3.224903665672383957e-01
1.650273799476858250e+15,3.217519821032123195e-01
1.650273799478748750e+15,3.210136952703462887e-01
1.650273799480639500e+15,3.202753108063201015e-01
1.650273799482530000e+15,3.195370239734541262e-01
1.650273799484420750e+15,3.190680038802131691e-01
1.650273799486311500e+15,3.190680038802131691e-01
1.650273799488202000e+15,3.190680038802131691e-01
1.650273799490092750e+15,3.190680038802131691e-01
1.650273799491983250e+15,3.190680038802131691e-01
1.650273799493874000e+15,3.190680038802131691e-01
1.650273799495764500e+15,3.190680038802131691e-01
1.650273799497655250e+15,3.190680038802131691e-01
1.650273799499545750e+15,3.190680038802131691e-01
1.650273799501436500e+15,3.190680038802131691e-01
1.650273799503327250e+15,3.190680038802131691e-01
1.650273799505217750e+15,3.190680038802131691e-01
1.650273799507108500e+15,3.190680038802131135e-01
1.650273799508999000e+15,3.190680038802131691e-01
1.650273799510889750e+15,3.190680038802131691e-01
1.650273799512780250e+15,3.190680038802131691e-01
1.650273799514671000e+15,3.190680038802131135e-01
1.650273799516561750e+15,3.184927098473109841e-01
1.650273799518452250e+15,3.169428796097598089e-01
1.650273799520343000e+15,3.153928444224284866e-01
1.650273799522233500e+15,3.138430141848773114e-01
1.650273799524124250e+15,3.122929789975459891e-01
1.650273799526014750e+15,3.107431487599948694e-01
1.650273799527905500e+15,3.091931135726634916e-01
1.650273799529796000e+15,3.076432833351123164e-01
1.650273799531686750e+15,3.060932481477809941e-01
1.650273799533577500e+15,3.045432129604496718e-01
1.650273799535468000e+15,3.029933827228984966e-01
1.650273799537358750e+15,3.014433475355672298e-01
1.650273799539249250e+15,3.011719032880952884e-01
1.650273799541140000e+15,3.022063196492721371e-01
1.650273799543030500e+15,3.032405992371631775e-01
1.650273799544921250e+15,3.042750155983400817e-01
1.650273799546812000e+15,3.053094319595169859e-01
1.650273799548702500e+15,3.063437115474079153e-01
1.650273799550593250e+15,3.073781279085848750e-01
1.650273799552483750e+15,3.084124074964758599e-01
1.650273799554374500e+15,3.094468238576527641e-01
1.650273799556265000e+15,3.104811034455437491e-01
1.650273799558155750e+15,3.115155198067206532e-01
1.650273799560046250e+15,3.125497993946116382e-01
1.650273799561937000e+15,3.110364382932568339e-01
1.650273799563827750e+15,3.080295708983247227e-01
1.650273799565718250e+15,3.050231010794067221e-01
1.650273799567609000e+15,3.020162336844746109e-01
1.650273799569499500e+15,2.990097638655566104e-01
1.650273799571390250e+15,2.960028964706244992e-01
1.650273799573280750e+15,2.954075367093322302e-01
1.650273799575171500e+15,2.971457188501336333e-01
1.650273799577062250e+15,2.988839009909349809e-01
1.650273799578952750e+15,3.006218533046649544e-01
1.650273799580843500e+15,3.023600354454663020e-01
1.650273799582734000e+15,3.040979877591962754e-01
1.650273799584624750e+15,3.058361698999976785e-01
1.650273799586515250e+15,3.065397112630713905e-01
1.650273799588406000e+15,3.059667412562174227e-01
1.650273799590296500e+15,3.053938470089836432e-01
1.650273799592187250e+15,3.048208770021296754e-01
1.650273799594078000e+15,3.042479069952757076e-01
1.650273799595968500e+15,3.036750127480418726e-01
1.650273799597859250e+15,3.031020427411879603e-01
1.650273799599749750e+15,3.025291484939540698e-01
1.650273799601640500e+15,3.019561784871001575e-01
1.650273799603531000e+15,3.013832842398663225e-01
1.650273799605421750e+15,3.008103142330123547e-01
1.650273799607312500e+15,3.002928004761347136e-01
1.650273799609203000e+15,2.997950334525341098e-01
1.650273799611093750e+15,2.992972006041485500e-01
1.650273799612984250e+15,2.987994335805478907e-01
1.650273799614875000e+15,2.983016007321623864e-01
1.650273799616765500e+15,2.978038337085617826e-01
1.650273799618656250e+15,2.973060008601761672e-01
1.650273799620546750e+15,2.968082338365755635e-01
1.650273799622437500e+15,2.963104009881900036e-01
1.650273799624328250e+15,2.958125681398044438e-01
1.650273799626218750e+15,2.953148011162037845e-01
1.650273799628109500e+15,2.948169682678182801e-01
1.650273799630000000e+15,2.945243112740429381e-01
1.650273799631890750e+15,2.945243112740428826e-01
1.650273799633781250e+15,2.945243112740428271e-01
1.650273799635672000e+15,2.945243112740427160e-01
1.650273799637562750e+15,2.945243112740426605e-01
1.650273799639453250e+15,2.945243112740425495e-01
1.650273799641344000e+15,2.945243112740424940e-01
1.650273799643234500e+15,2.945243112740424385e-01
1.650273799645125250e+15,2.945243112740423275e-01
1.650273799647015750e+15,2.945243112740422164e-01
1.650273799648906500e+15,2.945243112740421609e-01
1.650273799650797000e+15,2.943884477220492513e-01
1.650273799652687750e+15,2.932906528035426064e-01
1.650273799654578500e+15,2.921928578850360170e-01
1.650273799656469000e+15,2.910952081198969199e-01
1.650273799658359750e+15,2.899974132013902750e-01
1.650273799660250250e+15,2.888997634362512335e-01
1.650273799662141000e+15,2.878019685177446441e-01
1.650273799664031500e+15,2.867043187526055470e-01
1.650273799665922250e+15,2.856065238340989021e-01
1.650273799667813000e+15,2.845087289155923127e-01
1.650273799669703500e+15,2.834110791504532156e-01
1.650273799671594250e+15,2.823132842319466262e-01
1.650273799673484750e+15,2.822524649709583500e-01
1.650273799675375500e+15,2.822524649709583500e-01
1.650273799677266000e+15,2.822524649709583500e-01
1.650273799679156750e+15,2.822524649709583500e-01
1.650273799681047250e+15,2.822524649709583500e-01
1.650273799682938000e+15,2.822524649709583500e-01
1.650273799684828750e+15,2.822524649709584055e-01
1.650273799686719250e+15,2.822524649709581834e-01
1.650273799688610000e+15,2.822524649709580169e-01
1.650273799690500500e+15,2.822524649709578504e-01
1.650273799692391250e+15,2.822524649709576838e-01
1.650273799694281750e+15,2.822524649709575173e-01
1.650273799696172500e+15,2.822524649709574618e-01
1.650273799698063250e+15,2.822524649709574618e-01
1.650273799699953750e+15,2.822524649709574618e-01
1.650273799701844500e+15,2.822524649709574618e-01
1.650273799703735000e+15,2.822524649709574618e-01
1.650273799705625750e+15,2.822524649709574618e-01
1.650273799707516250e+15,2.821496964343685465e-01
1.650273799709407000e+15,2.811983641917462085e-01
1.650273799711297500e+15,2.802471577368064182e-01
1.650273799713188250e+15,2.792958254941841911e-01
1.650273799715079000e+15,2.783444932515619086e-01
1.650273799716969500e+15,2.773932867966221183e-01
1.650273799718860250e+15,2.764419545539997802e-01
1.650273799720750750e+15,2.761165418194152510e-01
1.650273799722641500e+15,2.761165418194153620e-01
1.650273799724532000e+15,2.761165418194155285e-01
1.650273799726422750e+15,2.761165418194156396e-01
1.650273799728313500e+15,2.761165418194158061e-01
1.650273799730204000e+15,2.761165418194159726e-01
1.650273799732094750e+15,2.761165418194159726e-01
1.650273799733985250e+15,2.761165418194160281e-01
1.650273799735876000e+15,2.761165418194160281e-01
1.650273799737766500e+15,2.761165418194160281e-01
1.650273799739657250e+15,2.761165418194160281e-01
1.650273799741547750e+15,2.761165418194160281e-01
1.650273799743438500e+15,2.761165418194160281e-01
1.650273799745329250e+15,2.761165418194158616e-01
1.650273799747219750e+15,2.761165418194156951e-01
1.650273799749110500e+15,2.761165418194155285e-01
1.650273799751001000e+15,2.761165418194153620e-01
1.650273799752891750e+15,2.761165418194152510e-01
1.650273799754782250e+15,2.761165418194151955e-01
1.650273799756673000e+15,2.761165418194153065e-01
1.650273799758563750e+15,2.761165418194154730e-01
1.650273799760454250e+15,2.761165418194155841e-01
1.650273799762345000e+15,2.761165418194156951e-01
1.650273799764235500e+15,2.761165418194158616e-01
1.650273799766126250e+15,2.761165418194160281e-01
1.650273799768016750e+15,2.761165418194160281e-01
1.650273799769907500e+15,2.761165418194160281e-01
1.650273799771798000e+15,2.761165418194160281e-01
1.650273799773688750e+15,2.761165418194160837e-01
1.650273799775579500e+15,2.761165418194160281e-01
1.650273799777470000e+15,2.761165418194160281e-01
1.650273799779360750e+15,2.761165418194160837e-01
1.650273799781251250e+15,2.761165418194160281e-01
1.650273799783142000e+15,2.761165418194160281e-01
1.650273799785032500e+15,2.761165418194160281e-01
1.650273799786923250e+15,2.761165418194159171e-01
1.650273799788814000e+15,2.761165418194158061e-01
1.650273799790704500e+15,2.761165418194156396e-01
1.650273799792595250e+15,2.761165418194155285e-01
1.650273799794485750e+15,2.761165418194154175e-01
1.650273799796376500e+15,2.761165418194152510e-01
1.650273799798267000e+15,2.761165418194151400e-01
1.650273799800157750e+15,2.761165418194149734e-01
1.650273799802048250e+15,2.761165418194148069e-01
1.650273799803939000e+15,2.761165418194146959e-01
1.650273799805829750e+15,2.761165418194145293e-01
1.650273799807720250e+15,2.761165418194144183e-01
1.650273799809611000e+15,2.761165418194142518e-01
1.650273799811501500e+15,2.761165418194145849e-01
1.650273799813392250e+15,2.761165418194150289e-01
1.650273799815282750e+15,2.761165418194154730e-01
1.650273799817173500e+15,2.761165418194158061e-01
1.650273799819064250e+15,2.761165418194159171e-01
1.650273799820954750e+15,2.761165418194157506e-01
1.650273799822845500e+15,2.761165418194155841e-01
1.650273799824736000e+15,2.761165418194154175e-01
1.650273799826626750e+15,2.761165418194152510e-01
1.650273799828517250e+15,2.761165418194150845e-01
1.650273799830408000e+15,2.761165418194149734e-01
1.650273799832298500e+15,2.761165418194148624e-01
1.650273799834189250e+15,2.761165418194147514e-01
1.650273799836080000e+15,2.761165418194146404e-01
1.650273799837970500e+15,2.761165418194145293e-01
1.650273799839861250e+15,2.761165418194144183e-01
1.650273799841751750e+15,2.761165418194143073e-01
1.650273799843642500e+15,2.761165418194142518e-01
1.650273799845533000e+15,2.761165418194143628e-01
1.650273799847423750e+15,2.761165418194144183e-01
1.650273799849314500e+15,2.761165418194145293e-01
1.650273799851205000e+15,2.761165418194146404e-01
1.650273799853095750e+15,2.761165418194146959e-01
1.650273799854986250e+15,2.761165418194148069e-01
1.650273799856877000e+15,2.761165418194148624e-01
1.650273799858767500e+15,2.761165418194149734e-01
1.650273799860658250e+15,2.761165418194150289e-01
1.650273799862548750e+15,2.761165418194150845e-01
1.650273799864439500e+15,2.740771189390165397e-01
1.650273799866330250e+15,2.716045066843748579e-01
1.650273799868220750e+15,2.691322213651100581e-01
1.650273799870111500e+15,2.666596091104683763e-01
1.650273799872002000e+15,2.641873237912034655e-01
1.650273799873892750e+15,2.646037055287157602e-01
1.650273799875783250e+15,2.654846930519170756e-01
1.650273799877674000e+15,2.663657970770390016e-01
1.650273799879564750e+15,2.672469011021609275e-01
1.650273799881455250e+15,2.681278886253622984e-01
1.650273799883346000e+15,2.690089926504842244e-01
1.650273799885236500e+15,2.698899801736855952e-01
1.650273799887127250e+15,2.699806186678737063e-01
1.650273799889017750e+15,2.699806186678737063e-01
1.650273799890908500e+15,2.699806186678737063e-01
1.650273799892799000e+15,2.699806186678737063e-01
1.650273799894689750e+15,2.699806186678737063e-01
1.650273799896580500e+15,2.699806186678737063e-01
1.650273799898471000e+15,2.699806186678737063e-01
1.650273799900361750e+15,2.697560339634574866e-01
1.650273799902252250e+15,2.687587882002188122e-01
1.650273799904143000e+15,2.677614105610526263e-01
1.650273799906033500e+15,2.667641647978139519e-01
1.650273799907924250e+15,2.657667871586478769e-01
1.650273799909815000e+15,2.647694095194817465e-01
1.650273799911705500e+15,2.638446955163304963e-01
1.650273799913596250e+15,2.638446955163302743e-01
1.650273799915486750e+15,2.638446955163301078e-01
1.650273799917377500e+15,2.638446955163298857e-01
1.650273799919268000e+15,2.638446955163297192e-01
1.650273799921158750e+15,2.638446955163295526e-01
1.650273799923049250e+15,2.638446955163293861e-01
1.650273799924940000e+15,2.638446955163291641e-01
1.650273799926830750e+15,2.638446955163289975e-01
1.650273799928721250e+15,2.638446955163287755e-01
1.650273799930612000e+15,2.644789717491252135e-01
1.650273799932502500e+15,2.653459993833274799e-01
1.650273799934393250e+15,2.662131416733925504e-01
1.650273799936283750e+15,2.670801693075948724e-01
1.650273799938174500e+15,2.679473115976598874e-01
1.650273799940065250e+15,2.688144538877249023e-01
1.650273799941955750e+15,2.696814815219272243e-01
1.650273799943846500e+15,2.686556529590086173e-01
1.650273799945737000e+15,2.666331679589230008e-01
1.650273799947627750e+15,2.646104155051213769e-01
1.650273799949518250e+15,2.625879305050357604e-01
1.650273799951409000e+15,2.605651780512341920e-01
1.650273799953299500e+15,2.585426930511485200e-01
1.650273799955190250e+15,2.565199405973469515e-01
1.650273799957081000e+15,2.544971881435453276e-01
1.650273799958971500e+15,2.524747031434596556e-01
1.650273799960862250e+15,2.504519506896580872e-01
1.650273799962752750e+15,2.484294656895724429e-01
1.650273799964643500e+15,2.464067132357708745e-01
1.650273799966534000e+15,2.458918498396642505e-01
1.650273799968424750e+15,2.467659831050937613e-01
1.650273799970315500e+15,2.476401163705232444e-01
1.650273799972206000e+15,2.485141340557246448e-01
1.650273799974096750e+15,2.493882673211541279e-01
1.650273799975987250e+15,2.502622850063555004e-01
1.650273799977878000e+15,2.511364182717850113e-01
1.650273799979768500e+15,2.515728492132449645e-01
1.650273799981659250e+15,2.515728492132449645e-01
1.650273799983549750e+15,2.515728492132449645e-01
1.650273799985440500e+15,2.515728492132449645e-01
1.650273799987331250e+15,2.515728492132449645e-01
1.650273799989221750e+15,2.515728492132449645e-01
1.650273799991112500e+15,2.515728492132449645e-01
1.650273799993003000e+15,2.515728492132449645e-01
1.650273799994893750e+15,2.515728492132449645e-01
1.650273799996784250e+15,2.515728492132449645e-01
1.650273799998675000e+15,2.515728492132449645e-01
1.650273800000565750e+15,2.515728492132449645e-01
1.650273800002456250e+15,2.510016842365315748e-01
1.650273800004347000e+15,2.496385663069374261e-01
1.650273800006237500e+15,2.482756286124259137e-01
1.650273800008128250e+15,2.469125106828318483e-01
1.650273800010018750e+15,2.455495729883203637e-01
1.650273800011909500e+15,2.454369260617040860e-01
1.650273800013800000e+15,2.454369260617038084e-01
1.650273800015690750e+15,2.454369260617034754e-01
1.650273800017581500e+15,2.454369260617031423e-01
1.650273800019472000e+15,2.454369260617028092e-01
1.650273800021362750e+15,2.454369260617025039e-01
1.650273800023253250e+15,2.454369260617021986e-01
1.650273800025144000e+15,2.454369260617018655e-01
1.650273800027034500e+15,2.454369260617015325e-01
1.650273800028925250e+15,2.454369260617012549e-01
1.650273800030816000e+15,2.454369260617009219e-01
1.650273800032706500e+15,2.454369260617014215e-01
1.650273800034597250e+15,2.454369260617020598e-01
1.650273800036487750e+15,2.454369260617026982e-01
1.650273800038378500e+15,2.454369260617033643e-01
1.650273800040269000e+15,2.454369260617039750e-01
1.650273800042159750e+15,2.451591543126517836e-01
1.650273800044050500e+15,2.442775816151758206e-01
1.650273800045941000e+15,2.433961254815895092e-01
1.650273800047831750e+15,2.425145527841135462e-01
1.650273800049722250e+15,2.416330966505272071e-01
1.650273800051613000e+15,2.407515239530512718e-01
1.650273800053503500e+15,2.398700678194649882e-01
1.650273800055394250e+15,2.393010029101595437e-01
1.650273800057284750e+15,2.393010029101597658e-01
1.650273800059175500e+15,2.393010029101599878e-01
1.650273800061066250e+15,2.393010029101602099e-01
1.650273800062956750e+15,2.393010029101604319e-01
1.650273800064847500e+15,2.393010029101606539e-01
1.650273800066738000e+15,2.393010029101608760e-01
1.650273800068628750e+15,2.393010029101611258e-01
1.650273800070519250e+15,2.393010029101613478e-01
1.650273800072410000e+15,2.393010029101615699e-01
1.650273800074300750e+15,2.393010029101617919e-01
1.650273800076191250e+15,2.393010029101620140e-01
1.650273800078082000e+15,2.399827721492223676e-01
1.650273800079972500e+15,2.410155323627187207e-01
1.650273800081863250e+15,2.420484291485786033e-01
1.650273800083753750e+15,2.430811893620749564e-01
1.650273800085644500e+15,2.441140861479348945e-01
1.650273800087535000e+15,2.451468463614312199e-01
1.650273800089425750e+15,2.450224952299286385e-01
1.650273800091316500e+15,2.444462237865162590e-01
1.650273800093207000e+15,2.438700285392486622e-01
1.650273800095097750e+15,2.432937570958362827e-01
1.650273800096988250e+15,2.427175618485686859e-01
1.650273800098879000e+15,2.421412904051562787e-01
1.650273800100769500e+15,2.415650951578887096e-01
1.650273800102660250e+15,2.409888237144762746e-01
1.650273800104551000e+15,2.404125522710638951e-01
1.650273800106441500e+15,2.398363570237963260e-01
1.650273800108332250e+15,2.393010029101620972e-01
1.650273800110222750e+15,2.393010029101620695e-01
1.650273800112113500e+15,2.393010029101620417e-01
1.650273800114004000e+15,2.393010029101619585e-01
1.650273800115894750e+15,2.393010029101619307e-01
1.650273800117785250e+15,2.393010029101619029e-01
1.650273800119676000e+15,2.393010029101618752e-01
1.650273800121566750e+15,2.393010029101618197e-01
1.650273800123457250e+15,2.393010029101617642e-01
1.650273800125348000e+15,2.393010029101617087e-01
1.650273800127238500e+15,2.393010029101616809e-01
1.650273800129129250e+15,2.393010029101616531e-01
1.650273800131019750e+15,2.393010029101615976e-01
1.650273800132910500e+15,2.393010029101615421e-01
1.650273800134801250e+15,2.393010029101615144e-01
1.650273800136691750e+15,2.393010029101614866e-01
1.650273800138582500e+15,2.393010029101614311e-01
1.650273800140473000e+15,2.393010029101613756e-01
1.650273800142363750e+15,2.393010029101613478e-01
1.650273800144254250e+15,2.393010029101613201e-01
1.650273800146145000e+15,2.393010029101612923e-01
1.650273800148035500e+15,2.393010029101612646e-01
1.650273800149926250e+15,2.393010029101612091e-01
1.650273800151817000e+15,2.393010029101610703e-01
1.650273800153707500e+15,2.393010029101608760e-01
1.650273800155598250e+15,2.393010029101607095e-01
1.650273800157488750e+15,2.393010029101605984e-01
1.650273800159379500e+15,2.393010029101604319e-01
1.650273800161270000e+15,2.393010029101602654e-01
1.650273800163160750e+15,2.393010029101600988e-01
1.650273800165051500e+15,2.393010029101599878e-01
1.650273800166942000e+15,2.393010029101597935e-01
1.650273800168832750e+15,2.393010029101596270e-01
1.650273800170723250e+15,2.393010029101595160e-01
1.650273800172614000e+15,2.393010029101594049e-01
1.650273800174504500e+15,2.393010029101594049e-01
1.650273800176395250e+15,2.393010029101593772e-01
1.650273800178285750e+15,2.393010029101594327e-01
1.650273800180176500e+15,2.393010029101594327e-01
1.650273800182067250e+15,2.393010029101594049e-01
1.650273800183957750e+15,2.393010029101594049e-01
1.650273800185848500e+15,2.408513689734994578e-01
1.650273800187739000e+15,2.430443858404985336e-01
1.650273800189629750e+15,2.452376927123728900e-01
1.650273800191520250e+15,2.474307095793719657e-01
1.650273800193411000e+15,2.496240164512463222e-01
1.650273800195301750e+15,2.513599156047833239e-01
1.650273800197192250e+15,2.494498278857002760e-01
1.650273800199083000e+15,2.475394875763343439e-01
1.650273800200973500e+15,2.456293998572512960e-01
1.650273800202864250e+15,2.437190595478853639e-01
1.650273800204754750e+15,2.418089718288023438e-01
1.650273800206645500e+15,2.398986315194364116e-01
1.650273800208536000e+15,2.379885438003533915e-01
1.650273800210426750e+15,2.360782034909874594e-01
1.650273800212317500e+15,2.341678631816215272e-01
1.650273800214208000e+15,2.331650797586170831e-01
1.650273800216098750e+15,2.331650797586171109e-01
1.650273800217989250e+15,2.331650797586170831e-01
1.650273800219880000e+15,2.331650797586170831e-01
1.650273800221770500e+15,2.331650797586171109e-01
1.650273800223661250e+15,2.331650797586170831e-01
1.650273800225552000e+15,2.331650797586170831e-01
1.650273800227442500e+15,2.331650797586171109e-01
1.650273800229333250e+15,2.340759258813893684e-01
1.650273800231223750e+15,2.352866515590838481e-01
1.650273800233114500e+15,2.364975373433212402e-01
1.650273800235005000e+15,2.377082630210157477e-01
1.650273800236895750e+15,2.389191488052531398e-01
1.650273800238786250e+15,2.377474413042741930e-01
1.650273800240677000e+15,2.354778669513071798e-01
1.650273800242567750e+15,2.332082925983401944e-01
1.650273800244458250e+15,2.309390183345379211e-01
1.650273800246349000e+15,2.286694439815709079e-01
1.650273800248239500e+15,2.264001697177686623e-01
1.650273800250130250e+15,2.241305953648016769e-01
1.650273800252020750e+15,2.218613211009994313e-01
1.650273800253911500e+15,2.195917467480324181e-01
1.650273800255802250e+15,2.173221723950654327e-01
1.650273800257692750e+15,2.150528981312631593e-01
1.650273800259583500e+15,2.125794990185118916e-01
1.650273800261474000e+15,2.100759099426863785e-01
1.650273800263364750e+15,2.075719897918707479e-01
1.650273800265255250e+15,2.050684007160452904e-01
1.650273800267146000e+15,2.025644805652296321e-01
1.650273800269036500e+15,2.000608914894041745e-01
1.650273800270927250e+15,1.975569713385885162e-01
1.650273800272818000e+15,1.985563993230427260e-01
1.650273800274708500e+15,2.028179579997480830e-01
1.650273800276599250e+15,2.070800802256040352e-01
1.650273800278489750e+15,2.113416389023093922e-01
1.650273800280380500e+15,2.156037611281653721e-01
1.650273800282271000e+15,2.198653198048707569e-01
1.650273800284161750e+15,2.184702474715857490e-01
1.650273800286052500e+15,2.152771749856831063e-01
1.650273800287943000e+15,2.120845246963275199e-01
1.650273800289833750e+15,2.088914522104248217e-01
1.650273800291724250e+15,2.056988019210692908e-01
1.650273800293615000e+15,2.025057294351665649e-01
1.650273800295505500e+15,2.034296261601584166e-01
1.650273800297396250e+15,2.043799453523911236e-01
1.650273800299286750e+15,2.053301388908896075e-01
1.650273800301177500e+15,2.062804580831222867e-01
1.650273800303068250e+15,2.072307772753550492e-01
1.650273800304958750e+15,2.081809708138534498e-01
1.650273800306849500e+15,2.072090993121889768e-01
1.650273800308740000e+15,2.045773298079938685e-01
1.650273800310630750e+15,2.019452122782096903e-01
1.650273800312521250e+15,1.993134427740145542e-01
1.650273800314412000e+15,1.966813252442303761e-01
1.650273800316302750e+15,1.940492077144462257e-01
1.650273800318193250e+15,1.914174382102510896e-01
1.650273800320084000e+15,1.938374238014212436e-01
1.650273800321974500e+15,2.005146220849104433e-01
1.650273800323865250e+15,2.071927033620896141e-01
1.650273800325755750e+15,2.138699016455788138e-01
1.650273800327646500e+15,2.134961248207638551e-01
1.650273800329537000e+15,2.120418575709686337e-01
1.650273800331427750e+15,2.105873980086568897e-01
1.650273800333318500e+15,2.091329384463451735e-01
1.650273800335209000e+15,2.076786711965499521e-01
1.650273800337099750e+15,2.062242116342382081e-01
1.650273800338990250e+15,2.047699443844430145e-01
1.650273800340881000e+15,2.033154848221312705e-01
1.650273800342771500e+15,2.015697303664261419e-01
1.650273800344662250e+15,1.994361217781450146e-01
1.650273800346553000e+15,1.973025131898638873e-01
1.650273800348443500e+15,1.951691867129920210e-01
1.650273800350334250e+15,1.930355781247108937e-01
1.650273800352224750e+15,1.909022516478390552e-01
1.650273800354115500e+15,1.919808353306474979e-01
1.650273800356006000e+15,1.945899137647438271e-01
1.650273800357896750e+15,1.971993372237587638e-01
1.650273800359787250e+15,1.998084156578551207e-01
1.650273800361678000e+15,2.024178391168700575e-01
1.650273800363568750e+15,2.024854640009061124e-01
1.650273800365459250e+15,2.024854640009058349e-01
1.650273800367350000e+15,2.024854640009055573e-01
1.650273800369240500e+15,2.024854640009052797e-01
1.650273800371131250e+15,2.024854640009049744e-01
1.650273800373021750e+15,2.024854640009046969e-01
1.650273800374912500e+15,2.006396560035554610e-01
1.650273800376803250e+15,1.981688868205551679e-01
1.650273800378693750e+15,1.956984443292358600e-01
1.650273800380584500e+15,1.932276751462355668e-01
1.650273800382475000e+15,1.907572326549162312e-01
1.650273800384365750e+15,1.905793206022720065e-01
1.650273800386256250e+15,1.910481196128601122e-01
1.650273800388147000e+15,1.915169806174988332e-01
1.650273800390037500e+15,1.919857796280869666e-01
1.650273800391928250e+15,1.924546406327256598e-01
1.650273800393819000e+15,1.929235016373643530e-01
1.650273800395709500e+15,1.933923006479524864e-01
1.650273800397600250e+15,1.938611616525912074e-01
1.650273800399490750e+15,1.943299606631793131e-01
1.650273800401381500e+15,1.947988216678180340e-01
1.650273800403272000e+15,1.952676206784061397e-01
1.650273800405162750e+15,1.957364816830448606e-01
1.650273800407053500e+15,1.962053426876835815e-01
1.650273800408944000e+15,1.956178360661472437e-01
1.650273800410834750e+15,1.945609446842777035e-01
1.650273800412725250e+15,1.935041930474011296e-01
1.650273800414616000e+15,1.924473016655315893e-01
1.650273800416506500e+15,1.913905500286549877e-01
1.650273800418397250e+15,1.903336586467854752e-01
1.650273800420287750e+15,1.902136176978201365e-01
1.650273800422178500e+15,1.902136176978203030e-01
1.650273800424069250e+15,1.902136176978204696e-01
1.650273800425959750e+15,1.902136176978206916e-01
1.650273800427850500e+15,1.902136176978208582e-01
1.650273800429741000e+15,1.894921748815723284e-01
1.650273800431631750e+15,1.887638951139151700e-01
1.650273800433522250e+15,1.880357116413482743e-01
1.650273800435413000e+15,1.873074318736910882e-01
1.650273800437303750e+15,1.865791521060339575e-01
1.650273800439194250e+15,1.858509686334670341e-01
1.650273800441085000e+15,1.851226888658098757e-01
1.650273800442975500e+15,1.843945053932429801e-01
1.650273800444866250e+15,1.834387726331645763e-01
1.650273800446756750e+15,1.823080617726525743e-01
1.650273800448647500e+15,1.811772013867689601e-01
1.650273800450538000e+15,1.800464905262569582e-01
1.650273800452428750e+15,1.789156301403733162e-01
1.650273800454319500e+15,1.781155045224755706e-01
1.650273800456210000e+15,1.793667139624484652e-01
1.650273800458100750e+15,1.806180888625430747e-01
1.650273800459991250e+15,1.818692983025160248e-01
1.650273800461882000e+15,1.831206732026106065e-01
1.650273800463772500e+15,1.840776945462767600e-01
1.650273800465663250e+15,1.840776945462767600e-01
1.650273800467554000e+15,1.840776945462767600e-01
1.650273800469444500e+15,1.840776945462767877e-01
1.650273800471335250e+15,1.840776945462767600e-01
1.650273800473225750e+15,1.840776945462767600e-01
1.650273800475116500e+15,1.840776945462767877e-01
1.650273800477007000e+15,1.840776945462767877e-01
1.650273800478897750e+15,1.840776945462767600e-01
1.650273800480788250e+15,1.840776945462767600e-01
1.650273800482679000e+15,1.840776945462767877e-01
1.650273800484569750e+15,1.840776945462767877e-01
1.650273800486460250e+15,1.840776945462767600e-01
1.650273800488351000e+15,1.840776945462767600e-01
1.650273800490241500e+15,1.840776945462767600e-01
1.650273800492132250e+15,1.840776945462767877e-01
1.650273800494022750e+15,1.840776945462767877e-01
1.650273800495913500e+15,1.840776945462767877e-01
1.650273800497804250e+15,1.840776945462767877e-01
1.650273800499694750e+15,1.834273830734544641e-01
1.650273800501585500e+15,1.814465914226469911e-01
1.650273800503476000e+15,1.794660616773863238e-01
1.650273800505366750e+15,1.774852700265788230e-01
1.650273800507257250e+15,1.755047402813181834e-01
1.650273800509148000e+15,1.735239486305107104e-01
1.650273800511038500e+15,1.716684399873839029e-01
1.650273800512929250e+15,1.706312956374129164e-01
1.650273800514820000e+15,1.695941512874419299e-01
1.650273800516710500e+15,1.685571440714588032e-01
1.650273800518601250e+15,1.675199997214878445e-01
1.650273800520491750e+15,1.664829925055046900e-01
1.650273800522382500e+15,1.663713124456488723e-01
1.650273800524273000e+15,1.696172678746173113e-01
1.650273800526163750e+15,1.728636525492124321e-01
1.650273800528054500e+15,1.761100372238075529e-01
1.650273800529945000e+15,1.793559926527759918e-01
1.650273800531835750e+15,1.826023773273710848e-01
1.650273800533726250e+15,1.827692431918457316e-01
1.650273800535617000e+15,1.803702571085580020e-01
1.650273800537507500e+15,1.779715882255986092e-01
1.650273800539398250e+15,1.755726021423108518e-01
1.650273800541288750e+15,1.731739332593514868e-01
1.650273800543179500e+15,1.707749471760637572e-01
1.650273800545070250e+15,1.683759610927759998e-01
1.650273800546960750e+15,1.659772922098166070e-01
1.650273800548851500e+15,1.635783061265289051e-01
1.650273800550742000e+15,1.611796372435695124e-01
1.650273800552632750e+15,1.595340019401058074e-01
1.650273800554523250e+15,1.595340019401061127e-01
1.650273800556414000e+15,1.595340019401064180e-01
1.650273800558304750e+15,1.595340019401067511e-01
1.650273800560195250e+15,1.595340019401070286e-01
1.650273800562086000e+15,1.595340019401073339e-01
1.650273800563976500e+15,1.606304964219021636e-01
1.650273800565867250e+15,1.625854204591047347e-01
1.650273800567757750e+15,1.645400860110451946e-01
1.650273800569648500e+15,1.664950100482477935e-01
1.650273800571539000e+15,1.684496756001882534e-01
1.650273800573429750e+15,1.704045996373908523e-01
1.650273800575320500e+15,1.715396633073810739e-01
1.650273800577211000e+15,1.705999385246530775e-01
1.650273800579101750e+15,1.696600894725806552e-01
1.650273800580992250e+15,1.687203646898526865e-01
1.650273800582883000e+15,1.677805156377802365e-01
1.650273800584773500e+15,1.668407908550522678e-01
1.650273800586664250e+15,1.659009418029798455e-01
1.650273800588555000e+15,1.668042038593561260e-01
1.650273800590445500e+15,1.683079584248205474e-01
1.650273800592336250e+15,1.698119118470114153e-01
1.650273800594226750e+15,1.713156664124758366e-01
1.650273800596117500e+15,1.707051044812599727e-01
1.650273800598008000e+15,1.690723417649546978e-01
1.650273800599898750e+15,1.674393631318660258e-01
1.650273800601789250e+15,1.658066004155607231e-01
1.650273800603680000e+15,1.641736217824720512e-01
1.650273800605570750e+15,1.625406431493833237e-01
1.650273800607461250e+15,1.609078804330780765e-01
1.650273800609352000e+15,1.595340019401065845e-01
1.650273800611242500e+15,1.595340019401065845e-01
1.650273800613133250e+15,1.595340019401065845e-01
1.650273800615023750e+15,1.595340019401065845e-01
1.650273800616914500e+15,1.595340019401065845e-01
1.650273800618805250e+15,1.595340019401065845e-01
1.650273800620695750e+15,1.595340019401065845e-01
1.650273800622586500e+15,1.588325923070673940e-01
1.650273800624477000e+15,1.577093268168000550e-01
1.650273800626367750e+15,1.565859127857379129e-01
1.650273800628258250e+15,1.554626472954705740e-01
1.650273800630149000e+15,1.543392332644084597e-01
1.650273800632039500e+15,1.533109668127456415e-01
1.650273800633930250e+15,1.527735868183605350e-01
1.650273800635821000e+15,1.522362068239754285e-01
1.650273800637711500e+15,1.516988978834041824e-01
1.650273800639602250e+15,1.511615178890190481e-01
1.650273800641492750e+15,1.506242089484478019e-01
1.650273800643383500e+15,1.500868289540626954e-01
1.650273800645274000e+15,1.495495200134914771e-01
1.650273800647164750e+15,1.490121400191063428e-01
1.650273800649055500e+15,1.484747600247212362e-01
1.650273800650946000e+15,1.479374510841499901e-01
1.650273800652836750e+15,1.474000710897648836e-01
1.650273800654727250e+15,1.496247018080060220e-01
1.650273800656618000e+15,1.528034843540226340e-01
1.650273800658508500e+15,1.559818465929460607e-01
1.650273800660399250e+15,1.591606291389626449e-01
1.650273800662289750e+15,1.623389913778860716e-01
1.650273800664180500e+15,1.655177739239026558e-01
1.650273800666071250e+15,1.638838153570593981e-01
1.650273800667961750e+15,1.620081645012117488e-01
1.650273800669852500e+15,1.601322656090171104e-01
1.650273800671743000e+15,1.582566147531694334e-01
1.650273800673633750e+15,1.563807158609747672e-01
1.650273800675524250e+15,1.545050650051270902e-01
1.650273800677415000e+15,1.533980787885642627e-01
1.650273800679305750e+15,1.533980787885642627e-01
1.650273800681196250e+15,1.533980787885642627e-01
1.650273800683087000e+15,1.533980787885642627e-01
1.650273800684977500e+15,1.533980787885642627e-01
1.650273800686868250e+15,1.533980787885642627e-01
1.650273800688758750e+15,1.528941058748134185e-01
1.650273800690649500e+15,1.520514025481060627e-01
1.650273800692540000e+15,1.512088106458766290e-01
1.650273800694430750e+15,1.503661073191692732e-01
1.650273800696321500e+15,1.495234039924619174e-01
1.650273800698212000e+15,1.486808120902325114e-01
1.650273800700102750e+15,1.478381087635251279e-01
1.650273800701993250e+15,1.460723924481456826e-01
1.650273800703884000e+15,1.423121839243410292e-01
1.650273800705774500e+15,1.385524725853206629e-01
1.650273800707665250e+15,1.347922640615160095e-01
1.650273800709556000e+15,1.310320555377113561e-01
1.650273800711446500e+15,1.284085397385639482e-01
1.650273800713337250e+15,1.273488487722888862e-01
1.650273800715227750e+15,1.262892979211752975e-01
1.650273800717118500e+15,1.252296069549002355e-01
1.650273800719009000e+15,1.241700561037866329e-01
1.650273800720899750e+15,1.231103651375115571e-01
1.650273800722790250e+15,1.220508142863979684e-01
1.650273800724681000e+15,1.209911233201228786e-01
1.650273800726571750e+15,1.199314323538478166e-01
1.650273800728462250e+15,1.188718815027342418e-01
1.650273800730353000e+15,1.178121905364591521e-01
1.650273800732243500e+15,1.167526396853455634e-01
1.650273800734134250e+15,1.191016139112485439e-01
1.650273800736024750e+15,1.221019663808548122e-01
1.650273800737915500e+15,1.251027156175160415e-01
1.650273800739806250e+15,1.281034648541772569e-01
1.650273800741696750e+15,1.311038173237835391e-01
1.650273800743587500e+15,1.341045665604447823e-01
1.650273800745478000e+15,1.371049190300510645e-01
1.650273800747368750e+15,1.401056682667122799e-01
1.650273800749259250e+15,1.431060207363185621e-01
1.650273800751150000e+15,1.461067699729797775e-01
1.650273800753040500e+15,1.447352282373954024e-01
1.650273800754931250e+15,1.406253030925819769e-01
1.650273800756822000e+15,1.365153779477685236e-01
1.650273800758712500e+15,1.324059962282023717e-01
1.650273800760603250e+15,1.282960710833889462e-01
1.650273800762493750e+15,1.241866893638227526e-01
1.650273800764384500e+15,1.200767642190093409e-01
1.650273800766275000e+15,1.166583614779421602e-01
1.650273800768165750e+15,1.171649328122700978e-01
1.650273800770056500e+15,1.176715041465980494e-01
1.650273800771947000e+15,1.181780085007151926e-01
1.650273800773837750e+15,1.186845798350431302e-01
1.650273800775728250e+15,1.191910841891602735e-01
1.650273800777619000e+15,1.196976555234882250e-01
1.650273800779509500e+15,1.202041598776053682e-01
1.650273800781400250e+15,1.207107312119333059e-01
1.650273800783290750e+15,1.212172355660504491e-01
1.650273800785181500e+15,1.217238069003784007e-01
1.650273800787072250e+15,1.222303782347063522e-01
1.650273800788962750e+15,1.225932494016832991e-01
1.650273800790853500e+15,1.191496469384062534e-01
1.650273800792744000e+15,1.157064997974170950e-01
1.650273800794634750e+15,1.122628973341400771e-01
1.650273800796525250e+15,1.088197501931509326e-01
1.650273800798416000e+15,1.053761477298738869e-01
1.650273800800306750e+15,1.080089864377098974e-01
1.650273800802197250e+15,1.133634743983781834e-01
1.650273800804088000e+15,1.187186704373274365e-01
1.650273800805978500e+15,1.240731583979957087e-01
1.650273800807869250e+15,1.294283544369449479e-01
1.650273800809759750e+15,1.347828423976132339e-01
1.650273800811650500e+15,1.314265032053343052e-01
1.650273800813541000e+15,1.277195565829836454e-01
1.650273800815431750e+15,1.240121197534626296e-01
1.650273800817322500e+15,1.203046829239416277e-01
1.650273800819213000e+15,1.165977363015909540e-01
1.650273800821103750e+15,1.128902994720699521e-01
1.650273800822994250e+15,1.100904844313362330e-01
1.650273800824885000e+15,1.090453045485629269e-01
1.650273800826775500e+15,1.080002628622570016e-01
1.650273800828666250e+15,1.069550829794836955e-01
1.650273800830557000e+15,1.059099030967103894e-01
1.650273800832447500e+15,1.048648614104044641e-01
1.650273800834338250e+15,1.043106935762221354e-01
1.650273800836228750e+15,1.043106935762221354e-01
1.650273800838119500e+15,1.043106935762221354e-01
1.650273800840010000e+15,1.043106935762221354e-01
1.650273800841900750e+15,1.043106935762221354e-01
1.650273800843791250e+15,1.043106935762221354e-01
1.650273800845682000e+15,1.043106935762221354e-01
1.650273800847572750e+15,1.043106935762221354e-01
1.650273800849463250e+15,1.043106935762221354e-01
1.650273800851354000e+15,1.043106935762221354e-01
1.650273800853244500e+15,1.043106935762221354e-01
1.650273800855135250e+15,1.039780986992263068e-01
1.650273800857025750e+15,1.031732723120766942e-01
1.650273800858916500e+15,1.023683394945664321e-01
1.650273800860807250e+15,1.015634066770561839e-01
1.650273800862697750e+15,1.007585802899065575e-01
1.650273800864588500e+15,9.995364747239630920e-02
1.650273800866479000e+15,9.914882108524669668e-02
1.650273800868369750e+15,9.834388826773644843e-02
1.650273800870260250e+15,9.748544848320979395e-02
1.650273800872151000e+15,9.661263049503780731e-02
1.650273800874041500e+15,9.573992791318450268e-02
1.650273800875932250e+15,9.486710992501251605e-02
1.650273800877823000e+15,9.399429193684052941e-02
1.650273800879713500e+15,9.312158935498723866e-02
1.650273800881604250e+15,9.224877136681523815e-02
1.650273800883494750e+15,9.203884727313758896e-02
1.650273800885385500e+15,9.203884727313772773e-02
1.650273800887276000e+15,9.203884727313785263e-02
1.650273800889166750e+15,9.203884727313797753e-02
1.650273800891057500e+15,9.203884727313810243e-02
1.650273800892948000e+15,9.203884727313822733e-02
1.650273800894838750e+15,9.203884727313836611e-02
1.650273800896729250e+15,9.203884727313839387e-02
1.650273800898620000e+15,9.203884727313837999e-02
1.650273800900510500e+15,9.203884727313837999e-02
1.650273800902401250e+15,9.203884727313837999e-02
1.650273800904291750e+15,9.203884727313837999e-02
1.650273800906182500e+15,9.203884727313837999e-02
1.650273800908073250e+15,9.203884727313837999e-02
1.650273800909963750e+15,9.203884727313837999e-02
1.650273800911854500e+15,9.203884727313837999e-02
1.650273800913745000e+15,9.203884727313837999e-02
1.650273800915635750e+15,9.203884727313846326e-02
1.650273800917526250e+15,9.203884727313858816e-02
1.650273800919417000e+15,9.203884727313869918e-02
1.650273800921307750e+15,9.203884727313881020e-02
1.650273800923198250e+15,9.203884727313893510e-02
1.650273800925089000e+15,9.203884727313904612e-02
1.650273800926979500e+15,9.203884727313915715e-02
1.650273800928870250e+15,9.214848474331528705e-02
1.650273800930760750e+15,9.333798051013156294e-02
1.650273800932651500e+15,9.452763357604423988e-02
1.650273800934542000e+15,9.571712934286052965e-02
1.650273800936432750e+15,9.690678240877319272e-02
1.650273800938323500e+15,9.809643547468584190e-02
1.650273800940214000e+15,9.634482188366677580e-02
1.650273800942104750e+15,9.438560602640433395e-02
1.650273800943995250e+15,9.242664922187987520e-02
1.650273800945886000e+15,9.046743336461744722e-02
1.650273800947776500e+15,8.850847656009298847e-02
1.650273800949667250e+15,8.654926070283056050e-02
1.650273800951558000e+15,8.556157550982937399e-02
1.650273800953448500e+15,8.505224674065289814e-02
1.650273800955339250e+15,8.454285061776457832e-02
1.650273800957229750e+15,8.403352184858810248e-02
1.650273800959120500e+15,8.352412572569975491e-02
1.650273800961011000e+15,8.301479695652327906e-02
1.650273800962901750e+15,8.250540083363494537e-02
1.650273800964792250e+15,8.199607206445846952e-02
1.650273800966683000e+15,8.148667594157012195e-02
1.650273800968573750e+15,8.097727981868178826e-02
1.650273800970464250e+15,8.046795104950531241e-02
1.650273800972355000e+15,7.995855492661696484e-02
1.650273800974245500e+15,8.038961980670503160e-02
1.650273800976136250e+15,8.138768387232621360e-02
1.650273800978026750e+15,8.238561597125879099e-02
1.650273800979917500e+15,8.338368003687995911e-02
1.650273800981808250e+15,8.438174410250111335e-02
1.650273800983698750e+15,8.537967620143370462e-02
1.650273800985589500e+15,8.538076112492506975e-02
1.650273800987480000e+15,8.428331905132140089e-02
1.650273800989370750e+15,8.318573185181538099e-02
1.650273800991261250e+15,8.208828977821172601e-02
1.650273800993152000e+15,8.099070257870570611e-02
1.650273800995042500e+15,7.989326050510203725e-02
1.650273800996933250e+15,7.879567330559601734e-02
1.650273800998824000e+15,7.769808610608999744e-02
1.650273801000714500e+15,7.660064403248634246e-02
1.650273801002605250e+15,7.550305683298030868e-02
1.650273801004495750e+15,7.440561475937665370e-02
1.650273801006386500e+15,7.378945635440350981e-02
1.650273801008277000e+15,7.432748802035855917e-02
1.650273801010167750e+15,7.486559083570078210e-02
1.650273801012058500e+15,7.540369365104301891e-02
1.650273801013949000e+15,7.594172531699806827e-02
1.650273801015839750e+15,7.647982813234030508e-02
1.650273801017730250e+15,7.701785979829534057e-02
1.650273801019621000e+15,7.755596261363759125e-02
1.650273801021511500e+15,7.809399427959262674e-02
1.650273801023402250e+15,7.863209709493484967e-02
1.650273801025292750e+15,7.917012876088989903e-02
1.650273801027183500e+15,7.970823157623214972e-02
1.650273801029074250e+15,7.976700097005373635e-02
1.650273801030964750e+15,7.976700097005372248e-02
1.650273801032855500e+15,7.976700097005373635e-02
1.650273801034746000e+15,7.976700097005372248e-02
1.650273801036636750e+15,7.976700097005372248e-02
1.650273801038527250e+15,7.970446336498492046e-02
1.650273801040418000e+15,7.922428883997435778e-02
1.650273801042308750e+15,7.874411431496378122e-02
1.650273801044199250e+15,7.826400327990759576e-02
1.650273801046090000e+15,7.778382875489704695e-02
1.650273801047980500e+15,7.730371771984084761e-02
1.650273801049871250e+15,7.682354319483028493e-02
1.650273801051761750e+15,7.634343215977411334e-02
1.650273801053652500e+15,7.586325763476353679e-02
1.650273801055543000e+15,7.538314659970736520e-02
1.650273801057433750e+15,7.490297207469678864e-02
1.650273801059324500e+15,7.442279754968622596e-02
1.650273801061215000e+15,7.394268651463004050e-02
1.650273801063105750e+15,7.422343022805696910e-02
1.650273801064996250e+15,7.591057483106643244e-02
1.650273801066887000e+15,7.759794254232808830e-02
1.650273801068777500e+15,7.928508714533755164e-02
1.650273801070668250e+15,8.097245485659920750e-02
1.650273801072559000e+15,8.265982256786084947e-02
1.650273801074449500e+15,8.434696717087032669e-02
1.650273801076340250e+15,8.590292412159605817e-02
1.650273801078230750e+15,8.590292412159605817e-02
1.650273801080121500e+15,8.590292412159607205e-02
1.650273801082012000e+15,8.590292412159605817e-02
1.650273801083902750e+15,8.590292412159607205e-02
1.650273801085793250e+15,8.590292412159605817e-02
1.650273801087684000e+15,8.509088373425433005e-02
1.650273801089574750e+15,8.401267772135662115e-02
1.650273801091465250e+15,8.293461427172912903e-02
1.650273801093356000e+15,8.185640825883142013e-02
1.650273801095246500e+15,8.077834480920395577e-02
1.650273801097137250e+15,7.970013879630621911e-02
1.650273801099027750e+15,7.862207534667875475e-02
1.650273801100918500e+15,7.754386933378103197e-02
1.650273801102809250e+15,7.646566332088330920e-02
1.650273801104699750e+15,7.538759987125584483e-02
1.650273801106590500e+15,7.430939385835812205e-02
1.650273801108481000e+15,7.383220388833339198e-02
1.650273801110371750e+15,7.437468479634706808e-02
1.650273801112262250e+15,7.491709397609044863e-02
1.650273801114153000e+15,7.545957488410412473e-02
1.650273801116043750e+15,7.600205579211780083e-02
1.650273801117934250e+15,7.654446497186120912e-02
1.650273801119825000e+15,7.708694587987487135e-02
1.650273801121715500e+15,7.762935505961827964e-02
1.650273801123606250e+15,7.817183596763194187e-02
1.650273801125496750e+15,7.871424514737535016e-02
1.650273801127387500e+15,7.925672605538901239e-02
1.650273801129278000e+15,7.968061572833254336e-02
1.650273801131168750e+15,7.822228630168635843e-02
1.650273801133059500e+15,7.676395687504017351e-02
1.650273801134950000e+15,7.530582027259427602e-02
1.650273801136840750e+15,7.384749084594810498e-02
1.650273801138731250e+15,7.238935424350220749e-02
1.650273801140622000e+15,7.093102481685602256e-02
1.650273801142512500e+15,6.947288821441011120e-02
1.650273801144403250e+15,6.801455878776394015e-02
1.650273801146294000e+15,6.655622936111776911e-02
1.650273801148184500e+15,6.509809275867187162e-02
1.650273801150075250e+15,6.363976333202568669e-02
1.650273801151965750e+15,6.218162672957978226e-02
1.650273801153856500e+15,6.135923151542588272e-02
1.650273801155747000e+15,6.135923151542588272e-02
1.650273801157637750e+15,6.135923151542588272e-02
1.650273801159528250e+15,6.135923151542588272e-02
1.650273801161419000e+15,6.135923151542588272e-02
1.650273801163309750e+15,6.135923151542588272e-02
1.650273801165200250e+15,6.135923151542588272e-02
1.650273801167091000e+15,6.135923151542588272e-02
1.650273801168981500e+15,6.135923151542587578e-02
1.650273801170872250e+15,6.135923151542588272e-02
1.650273801172762750e+15,6.135923151542586884e-02
1.650273801174653500e+15,6.135923151542587578e-02
1.650273801176544250e+15,6.135923151542588272e-02
1.650273801178434750e+15,6.135923151542588272e-02
1.650273801180325500e+15,6.135923151542588272e-02
1.650273801182216000e+15,6.135923151542588272e-02
1.650273801184106750e+15,6.135923151542588272e-02
1.650273801185997250e+15,6.135923151542588966e-02
1.650273801187888000e+15,6.135923151542588272e-02
1.650273801189778500e+15,6.135923151542588272e-02
1.650273801191669250e+15,6.135923151542588272e-02
1.650273801193560000e+15,6.135923151542588272e-02
1.650273801195450500e+15,6.135923151542588272e-02
1.650273801197341250e+15,6.135923151542588272e-02
1.650273801199231750e+15,6.135923151542588272e-02
1.650273801201122500e+15,6.087512150716116455e-02
1.650273801203013000e+15,6.021120422705639186e-02
1.650273801204903750e+15,5.954719915043214795e-02
1.650273801206794500e+15,5.888319407380791098e-02
1.650273801208685000e+15,5.821927679370313136e-02
1.650273801210575750e+15,5.755527171707889439e-02
1.650273801212466250e+15,5.689135443697411476e-02
1.650273801214357000e+15,5.622734936034987085e-02
1.650273801216247500e+15,5.556343208024509123e-02
1.650273801218138250e+15,5.481587405424932780e-02
1.650273801220028750e+15,5.398068342007907028e-02
1.650273801221919500e+15,5.314538234017564255e-02
1.650273801223810250e+15,5.231008126027221483e-02
1.650273801225700750e+15,5.147489062610195731e-02
1.650273801227591500e+15,5.063958954619853653e-02
1.650273801229482000e+15,4.980439891202827901e-02
1.650273801231372750e+15,4.908738521234124602e-02
1.650273801233263250e+15,4.908738521234123908e-02
1.650273801235154000e+15,4.908738521234123908e-02
1.650273801237044750e+15,4.908738521234123908e-02
1.650273801238935250e+15,4.908738521234123908e-02
1.650273801240826000e+15,4.908738521234123908e-02
1.650273801242716500e+15,4.908738521234123908e-02
1.650273801244607250e+15,4.908738521234123908e-02
1.650273801246497750e+15,4.908738521234123908e-02
1.650273801248388500e+15,4.908738521234124602e-02
1.650273801250279000e+15,4.908738521234124602e-02
1.650273801252169750e+15,4.908738521234120439e-02
1.650273801254060500e+15,4.908738521234108643e-02
1.650273801255951000e+15,4.908738521234096153e-02
1.650273801257841750e+15,4.908738521234083663e-02
1.650273801259732250e+15,4.908738521234071173e-02
1.650273801261623000e+15,4.908738521234058683e-02
1.650273801263513500e+15,4.908738521234046887e-02
1.650273801265404250e+15,4.917723499224845723e-02
1.650273801267295000e+15,5.094225807132642808e-02
1.650273801269185500e+15,5.270704777435268606e-02
1.650273801271076250e+15,5.447207085343065691e-02
1.650273801272966750e+15,5.623686055645690796e-02
1.650273801274857500e+15,5.800188363553487880e-02
1.650273801276748000e+15,5.976667333856113679e-02
1.650273801278638750e+15,6.125611965420634658e-02
1.650273801280529250e+15,6.020100207025215477e-02
1.650273801282420000e+15,5.914574495739237381e-02
1.650273801284310750e+15,5.809048784453260672e-02
1.650273801286201250e+15,5.703537026057841491e-02
1.650273801288092000e+15,5.598011314771863395e-02
1.650273801289982500e+15,5.436160291866472954e-02
1.650273801291873250e+15,5.131339043869127814e-02
1.650273801293763750e+15,4.826558100148919950e-02
1.650273801295654500e+15,4.521736852151574809e-02
1.650273801297545250e+15,4.216915604154228281e-02
1.650273801299435750e+15,3.912134660434021111e-02
1.650273801301326500e+15,3.607313412436675276e-02
1.650273801303217000e+15,3.302532468716468106e-02
1.650273801305107750e+15,2.997711220719122271e-02
1.650273801306998250e+15,2.692930276998914754e-02
1.650273801308889000e+15,2.454369260617017545e-02
1.650273801310779500e+15,2.454369260617017545e-02
1.650273801312670250e+15,2.454369260617017545e-02
1.650273801314561000e+15,2.454369260617017545e-02
1.650273801316451500e+15,2.454369260617017545e-02
1.650273801318342250e+15,2.454369260617017545e-02
1.650273801320232750e+15,2.329608048635933848e-02
1.650273801322123500e+15,2.168341761469134987e-02
1.650273801324014000e+15,2.007096797360272133e-02
1.650273801325904750e+15,1.845830510193473620e-02
1.650273801327795500e+15,1.684564223026675106e-02
1.650273801329686000e+15,1.523319258917812252e-02
1.650273801331576750e+15,1.362052971751013565e-02
1.650273801333467250e+15,1.260778225680945358e-02
1.650273801335358000e+15,1.466168978956673176e-02
1.650273801337248500e+15,1.671532574920054498e-02
1.650273801339139250e+15,1.876923328195782489e-02
1.650273801341029750e+15,2.082286924159163985e-02
1.650273801342920500e+15,2.287677677434891976e-02
1.650273801344811250e+15,2.454369260617017892e-02
1.650273801346701750e+15,2.454369260617017545e-02
1.650273801348592500e+15,2.454369260617017892e-02
1.650273801350483000e+15,2.454369260617017545e-02
1.650273801352373750e+15,2.454369260617017545e-02
1.650273801354264250e+15,2.454369260617017545e-02
1.650273801356155000e+15,2.454369260617017545e-02
1.650273801358045750e+15,2.431469809712869315e-02
1.650273801359936250e+15,2.402213913828907949e-02
1.650273801361827000e+15,2.372954149140941299e-02
1.650273801363717500e+15,2.343698253256979933e-02
1.650273801365608250e+15,2.314438488569013630e-02
1.650273801367498750e+15,2.285182592685051917e-02
1.650273801369389500e+15,2.255922827997085961e-02
1.650273801371280000e+15,2.226666932113124248e-02
1.650273801373170750e+15,2.197407167425157598e-02
1.650273801375061500e+15,2.168147402737191642e-02
1.650273801376952000e+15,2.138891506853229929e-02
1.650273801378842750e+15,2.109631742165263626e-02
1.650273801380733250e+15,2.080375846281302260e-02
1.650273801382624000e+15,2.051116081593335611e-02
1.650273801384514500e+15,2.021860185709373897e-02
1.650273801386405250e+15,1.992600421021407942e-02
1.650273801388296000e+15,1.963340656333441639e-02
1.650273801390186500e+15,1.934084760449479926e-02
1.650273801392077250e+15,1.904824995761513623e-02
1.650273801393967750e+15,1.875569099877551910e-02
1.650273801395858500e+15,1.846309335189585954e-02
1.650273801397749000e+15,1.909501795256855761e-02
1.650273801399639750e+15,1.994264684851205366e-02
1.650273801401530250e+15,2.079016366870572313e-02
1.650273801403421000e+15,2.163779256464921918e-02
1.650273801405311750e+15,2.248542146059271524e-02
1.650273801407202250e+15,2.333293828078638471e-02
1.650273801409093000e+15,2.418056717672988423e-02
1.650273801410983500e+15,2.379733833787776170e-02
1.650273801412874250e+15,2.249130471198801731e-02
1.650273801414764750e+15,2.118544377334220102e-02
1.650273801416655500e+15,1.987941014745245316e-02
1.650273801418546250e+15,1.857337652156270530e-02
1.650273801420436750e+15,1.840776945462785016e-02
1.650273801422327500e+15,1.840776945462785363e-02
1.650273801424218000e+15,1.840776945462785363e-02
1.650273801426108750e+15,1.840776945462785363e-02
1.650273801427999250e+15,1.840776945462785363e-02
1.650273801429890000e+15,1.840776945462785363e-02
1.650273801431780500e+15,1.840776945462785363e-02
1.650273801433671250e+15,1.840776945462785016e-02
1.650273801435562000e+15,1.759188167673606668e-02
1.650273801437452500e+15,1.663146085226257717e-02
1.650273801439343250e+15,1.567091302159701049e-02
1.650273801441233750e+15,1.471049219712352099e-02
1.650273801443124500e+15,1.374994436645795431e-02
1.650273801445015000e+15,1.278952354198446481e-02
1.650273801446905750e+15,1.342526754456411023e-02
1.650273801448796500e+15,1.592693799174010882e-02
1.650273801450687000e+15,1.842827766138772569e-02
1.650273801452577750e+15,2.092994810856372428e-02
1.650273801454468250e+15,2.343128777821133768e-02
1.650273801456359000e+15,2.389676828554368818e-02
1.650273801458249500e+15,2.273199644921566551e-02
1.650273801460140250e+15,2.156707058328748844e-02
1.650273801462030750e+15,2.040229874695945883e-02
1.650273801463921500e+15,1.923737288103128523e-02
1.650273801465812250e+15,1.870037229132521031e-02
1.650273801467702750e+15,1.971675384902176267e-02
1.650273801469593500e+15,2.073326981316604006e-02
1.650273801471484000e+15,2.174965137086259589e-02
1.650273801473374750e+15,2.276616733500687328e-02
1.650273801475265250e+15,2.378254889270342565e-02
1.650273801477156000e+15,2.454369260617017545e-02
1.650273801479046750e+15,2.454369260617017545e-02
1.650273801480937250e+15,2.454369260617017545e-02
1.650273801482828000e+15,2.454369260617017545e-02
1.650273801484718500e+15,2.454369260617017545e-02
1.650273801486609250e+15,2.454369260617017545e-02
1.650273801488499750e+15,2.454369260617017545e-02
1.650273801490390500e+15,2.454369260617017545e-02
1.650273801492281000e+15,2.413891803689560689e-02
1.650273801494171750e+15,2.359613256394816130e-02
1.650273801496062500e+15,2.305334709100072266e-02
1.650273801497953000e+15,2.251063338659392565e-02
1.650273801499843750e+15,2.196784791364648354e-02
1.650273801501734250e+15,2.142513420923969347e-02
1.650273801503625000e+15,2.088234873629225136e-02
1.650273801505515500e+15,2.033963503188546129e-02
1.650273801507406250e+15,1.979684955893801571e-02
1.650273801509297000e+15,1.925406408599057359e-02
1.650273801511187500e+15,1.871135038158378006e-02
1.650273801513078250e+15,1.862913930074937274e-02
1.650273801514968750e+15,1.913138915864644879e-02
1.650273801516859500e+15,1.963370543413911831e-02
1.650273801518750000e+15,2.013595529203619089e-02
1.650273801520640750e+15,2.063827156752886388e-02
1.650273801522531250e+15,2.114052142542593646e-02
1.650273801524422000e+15,2.164283770091860598e-02
1.650273801526312750e+15,2.214515397641127203e-02
1.650273801528203250e+15,2.264740383430835155e-02
1.650273801530094000e+15,2.314972010980102107e-02
1.650273801531984500e+15,2.365196996769809365e-02
1.650273801533875250e+15,2.415428624319076317e-02
1.650273801535765750e+15,2.507025758417153610e-02
1.650273801537656500e+15,2.741423105599266608e-02
1.650273801539547250e+15,2.975820452781379258e-02
1.650273801541437750e+15,3.210186807322056024e-02
1.650273801543328500e+15,3.444584154504169021e-02
1.650273801545219000e+15,3.678950509044845441e-02
1.650273801547109750e+15,3.681553890925499950e-02
1.650273801549000250e+15,3.681553890925511746e-02
1.650273801550891000e+15,3.681553890925523542e-02
1.650273801552781500e+15,3.681553890925536032e-02
1.650273801554672250e+15,3.681553890925547134e-02
1.650273801556563000e+15,3.681553890925559624e-02
1.650273801558453500e+15,3.739694158925001982e-02
1.650273801560344250e+15,3.853668976675062724e-02
1.650273801562234750e+15,3.967628724371210364e-02
1.650273801564125500e+15,4.081603542121271799e-02
1.650273801566016000e+15,4.195563289817420133e-02
1.650273801567906750e+15,4.280537593670240282e-02
1.650273801569797500e+15,4.164846561572312089e-02
1.650273801571688000e+15,4.049170826450729233e-02
1.650273801573578750e+15,3.933479794352801734e-02
1.650273801575469250e+15,3.817804059231218183e-02
1.650273801577360000e+15,3.702113027133290685e-02
1.650273801579250500e+15,3.681553890925497868e-02
1.650273801581141250e+15,3.681553890925509664e-02
1.650273801583031750e+15,3.681553890925522154e-02
1.650273801584922500e+15,3.681553890925533257e-02
1.650273801586813250e+15,3.681553890925546441e-02
1.650273801588703750e+15,3.681553890925558237e-02
1.650273801590594500e+15,3.681553890925570727e-02
1.650273801592485000e+15,3.789625974369628669e-02
1.650273801594375750e+15,3.900618528292416898e-02
1.650273801596266250e+15,4.011596406484155969e-02
1.650273801598157000e+15,4.122588960406944197e-02
1.650273801600047750e+15,4.233581514329732426e-02
1.650273801601938250e+15,4.344559392521471497e-02
1.650273801603829000e+15,4.455551946444259725e-02
1.650273801605719500e+15,4.566529824635999490e-02
1.650273801607610250e+15,4.677522378558787025e-02
1.650273801609500750e+15,4.788500256750526790e-02
1.650273801611391500e+15,4.899492810673315019e-02
1.650273801613282000e+15,4.908738521234108643e-02
1.650273801615172750e+15,4.908738521234096847e-02
1.650273801617063500e+15,4.908738521234086438e-02
1.650273801618954000e+15,4.908738521234074642e-02
1.650273801620844750e+15,4.908738521234062846e-02
1.650273801622735250e+15,4.908738521234051744e-02
1.650273801624626000e+15,4.908738521234040642e-02
1.650273801626516500e+15,4.796602453619749906e-02
1.650273801628407250e+15,4.589043697044407899e-02
1.650273801630298000e+15,4.381484940469067280e-02
1.650273801632188500e+15,4.173953627865241434e-02
1.650273801634079250e+15,3.966394871289900814e-02
1.650273801635969750e+15,3.758863558686075662e-02
1.650273801637860500e+15,3.863971150241658770e-02
1.650273801639751000e+15,4.154624187525328416e-02
1.650273801641641750e+15,4.445315660809697617e-02
1.650273801643532250e+15,4.735968698093367957e-02
1.650273801645423000e+15,5.026660171377737851e-02
1.650273801647313750e+15,5.317351644662106358e-02
1.650273801649204250e+15,5.522330836388344988e-02
1.650273801651095000e+15,5.522330836388344988e-02
1.650273801652985500e+15,5.522330836388344988e-02
1.650273801654876250e+15,5.522330836388344988e-02
1.650273801656766750e+15,5.522330836388344988e-02
1.650273801658657500e+15,5.522330836388344988e-02
1.650273801660548250e+15,5.522330836388344988e-02
1.650273801662438750e+15,5.522330836388344988e-02
1.650273801664329500e+15,5.522330836388344988e-02
1.650273801666220000e+15,5.522330836388344988e-02
1.650273801668110750e+15,5.573131935305352530e-02
1.650273801670001250e+15,5.674787905141395056e-02
1.650273801671892000e+15,5.776457317977945483e-02
1.650273801673782500e+15,5.878113287813988702e-02
1.650273801675673250e+15,5.979782700650538435e-02
1.650273801677564000e+15,6.081452113487088862e-02
1.650273801679454500e+15,6.009274118326055070e-02
1.650273801681345250e+15,5.736383338207367427e-02
1.650273801683235750e+15,5.463528640434324457e-02
1.650273801685126500e+15,5.190637860315636121e-02
1.650273801687017000e+15,4.917783162542593844e-02
1.650273801688907750e+15,4.644892382423905508e-02
1.650273801690798500e+15,4.372001602305216478e-02
1.650273801692689000e+15,4.561362935785708700e-02
1.650273801694579750e+15,4.932017782392071614e-02
1.650273801696470250e+15,5.302623620027575868e-02
1.650273801698361000e+15,5.673278466633939476e-02
1.650273801700251500e+15,6.043884304269443730e-02
1.650273801702142250e+15,6.068514318125797086e-02
1.650273801704032750e+15,5.978849305232615541e-02
1.650273801705923500e+15,5.889172435024848939e-02
1.650273801707814250e+15,5.799495564817083726e-02
1.650273801709704750e+15,5.709830551923901487e-02
1.650273801711595500e+15,5.620153681716134886e-02
1.650273801713486000e+15,5.530488668822954035e-02
1.650273801715376750e+15,5.600705672273552371e-02
1.650273801717267250e+15,5.686912291759216309e-02
1.650273801719158000e+15,5.773130311221009309e-02
1.650273801721048750e+15,5.859348330682802308e-02
1.650273801722939250e+15,5.945554950168466246e-02
1.650273801724830000e+15,6.031772969630259940e-02
1.650273801726720500e+15,6.117979589115923184e-02
1.650273801728611250e+15,6.135923151542588966e-02
1.650273801730501750e+15,6.135923151542588272e-02
1.650273801732392500e+15,6.135923151542588966e-02
1.650273801734283000e+15,6.135923151542588272e-02
1.650273801736173750e+15,6.135923151542588272e-02
1.650273801738064500e+15,6.135923151542588272e-02
1.650273801739955000e+15,6.163602166158327345e-02
1.650273801741845750e+15,6.221493866252034155e-02
1.650273801743736250e+15,6.279377911750991248e-02
1.650273801745627000e+15,6.337269611844696671e-02
1.650273801747517500e+15,6.395153657343652376e-02
1.650273801749408250e+15,6.453045357437359186e-02
1.650273801751299000e+15,6.510937057531065997e-02
1.650273801753189500e+15,6.568821103030023090e-02
1.650273801755080250e+15,6.626712803123728512e-02
1.650273801756970750e+15,6.684596848622685605e-02
1.650273801758861500e+15,6.742488548716392416e-02
1.650273801760752000e+15,6.749515466696826005e-02
1.650273801762642750e+15,6.749515466696826005e-02
1.650273801764533250e+15,6.749515466696826005e-02
1.650273801766424000e+15,6.749515466696826005e-02
1.650273801768314750e+15,6.749515466696826005e-02
1.650273801770205250e+15,6.778981089246489955e-02
1.650273801772096000e+15,6.959717912720218835e-02
1.650273801773986500e+15,7.140430838689851289e-02
1.650273801775877250e+15,7.321167662163580170e-02
1.650273801777767750e+15,7.501880588133212624e-02
1.650273801779658500e+15,7.682617411606942892e-02
1.650273801781549250e+15,7.863354235080671772e-02
1.650273801783439750e+15,7.893732103124832811e-02
1.650273801785330500e+15,7.671140071298687690e-02
1.650273801787221000e+15,7.448577471183746856e-02
1.650273801789111750e+15,7.225985439357601736e-02
1.650273801791002250e+15,7.003422839242659514e-02
1.650273801792893000e+15,6.780830807416515782e-02
1.650273801794783500e+15,6.667421848185209332e-02
1.650273801796674250e+15,6.571873366067115807e-02
1.650273801798565000e+15,6.476324883949023670e-02
1.650273801800455500e+15,6.380789035505679552e-02
1.650273801802346250e+15,6.285240553387587414e-02
1.650273801804236750e+15,6.189704704944243296e-02
1.650273801806127500e+15,6.210624359183811172e-02
1.650273801808018000e+15,6.381492638730973388e-02
1.650273801809908750e+15,6.552383513924732450e-02
1.650273801811799500e+15,6.723274389118491512e-02
1.650273801813690000e+15,6.894142668665655116e-02
1.650273801815580750e+15,7.065033543859412790e-02
1.650273801817471250e+15,7.235901823406576394e-02
1.650273801819362000e+15,7.406792698600335456e-02
1.650273801821252500e+15,7.577660978147499060e-02
1.650273801823143250e+15,7.748551853341256734e-02
1.650273801825033750e+15,7.919420132888421726e-02
1.650273801826924500e+15,8.090311008082179400e-02
1.650273801828815250e+15,8.261201883275938462e-02
1.650273801830705750e+15,8.432070162823100679e-02
1.650273801832596500e+15,8.602961038016859741e-02
1.650273801834487000e+15,8.773829317564023345e-02
1.650273801836377750e+15,8.944720192757781019e-02
1.650273801838268250e+15,9.115588472304946011e-02
1.650273801840159000e+15,9.286479347498703685e-02
1.650273801842049750e+15,9.457370222692462747e-02
1.650273801843940250e+15,9.628238502239626351e-02
1.650273801845831000e+15,9.799129377433384025e-02
1.650273801847721500e+15,9.665586616793611641e-02
1.650273801849612250e+15,9.495401833182365303e-02
1.650273801851502750e+15,9.325239551856404074e-02
1.650273801853393500e+15,9.155054768245157737e-02
1.650273801855284000e+15,8.984892486919196508e-02
1.650273801857174750e+15,8.814707703307948783e-02
1.650273801859065500e+15,8.644522919696702445e-02
1.650273801860956000e+15,8.872620500725710013e-02
1.650273801862846750e+15,9.287070681980655329e-02
1.650273801864737250e+15,9.701466063528971229e-02
1.650273801866628000e+15,1.011591624478391793e-01
1.650273801868518500e+15,1.053031162633223244e-01
1.650273801870409250e+15,1.094476180758717915e-01
1.650273801872300000e+15,1.104466167277662336e-01
1.650273801874190500e+15,1.104466167277662336e-01
1.650273801876081250e+15,1.104466167277662475e-01
1.650273801877971750e+15,1.104466167277662336e-01
1.650273801879862500e+15,1.104466167277662475e-01
1.650273801881753000e+15,1.104466167277662614e-01
1.650273801883643750e+15,1.104466167277662614e-01
1.650273801885534250e+15,1.104466167277662614e-01
1.650273801887425000e+15,1.104466167277662614e-01
1.650273801889315750e+15,1.104466167277662753e-01
1.650273801891206250e+15,1.104466167277662891e-01
1.650273801893097000e+15,1.096433710503720710e-01
1.650273801894987500e+15,1.083726296670132622e-01
1.650273801896878250e+15,1.071017202406257252e-01
1.650273801898768750e+15,1.058309788572669163e-01
1.650273801900659500e+15,1.045600694308793654e-01
1.650273801902550250e+15,1.032891600044918284e-01
1.650273801904440750e+15,1.020184186211330335e-01
1.650273801906331500e+15,1.007475091947454826e-01
1.650273801908222000e+15,9.947676781138668767e-02
1.650273801910112750e+15,9.820585838499913678e-02
1.650273801912003250e+15,9.710700516027011286e-02
1.650273801913894000e+15,9.601231779484462048e-02
1.650273801915784500e+15,9.491777517189770030e-02
1.650273801917675250e+15,9.382308780647220792e-02
1.650273801919566000e+15,9.272840044104670165e-02
1.650273801921456500e+15,9.163385781809976760e-02
1.650273801923347250e+15,9.053917045267427521e-02
1.650273801925237750e+15,8.944462782972734116e-02
1.650273801927128500e+15,8.834994046430184877e-02
1.650273801929019000e+15,8.725539784135492860e-02
1.650273801930909750e+15,8.616071047592942234e-02
1.650273801932800500e+15,8.962002901574656066e-02
1.650273801934691000e+15,9.448145191605192283e-02
1.650273801936581750e+15,9.934351769164165291e-02
1.650273801938472250e+15,1.042049405919470151e-01
1.650273801940363000e+15,1.090670063675367452e-01
1.650273801942253500e+15,1.139284292678421351e-01
1.650273801944144250e+15,1.187904950434318513e-01
1.650273801946034750e+15,1.236519179437372273e-01
1.650273801947925500e+15,1.285139837193269574e-01
1.650273801949816250e+15,1.333760494949166875e-01
1.650273801951706750e+15,1.346569987876225782e-01
1.650273801953597500e+15,1.341579238199387403e-01
1.650273801955488000e+15,1.336589148412761496e-01
1.650273801957378750e+15,1.331598398735923117e-01
1.650273801959269250e+15,1.326608308949296933e-01
1.650273801961160000e+15,1.321617559272458831e-01
1.650273801963050750e+15,1.316626809595620451e-01
1.650273801964941250e+15,1.311636719808994545e-01
1.650273801966832000e+15,1.306645970132156165e-01
1.650273801968722500e+15,1.301655880345530258e-01
1.650273801970613250e+15,1.296665130668691879e-01
1.650273801972503750e+15,1.291675040882065972e-01
1.650273801974394500e+15,1.288543861823940873e-01
1.650273801976285000e+15,1.288543861823940873e-01
1.650273801978175750e+15,1.288543861823940873e-01
1.650273801980066500e+15,1.288543861823940873e-01
1.650273801981957000e+15,1.288543861823940873e-01
1.650273801983847750e+15,1.288543861823940873e-01
1.650273801985738250e+15,1.288543861823940873e-01
1.650273801987629000e+15,1.288543861823941150e-01
1.650273801989519500e+15,1.288543861823940873e-01
1.650273801991410250e+15,1.288543861823940873e-01
1.650273801993301000e+15,1.288543861823940873e-01
1.650273801995191500e+15,1.288543861823940873e-01
1.650273801997082250e+15,1.288543861823940873e-01
1.650273801998972750e+15,1.288543861823940873e-01
1.650273802000863500e+15,1.288543861823940873e-01
1.650273802002754000e+15,1.288543861823940873e-01
1.650273802004644750e+15,1.288543861823940873e-01
1.650273802006535250e+15,1.288543861823941150e-01
1.650273802008426000e+15,1.284029787234883535e-01
1.650273802010316750e+15,1.278692084589942712e-01
1.650273802012207250e+15,1.273355087710259792e-01
1.650273802014098000e+15,1.268017385065318969e-01
1.650273802015988500e+15,1.262680388185636049e-01
1.650273802017879250e+15,1.257342685540695226e-01
1.650273802019769750e+15,1.252005688661012306e-01
1.650273802021660500e+15,1.246667986016071622e-01
1.650273802023551250e+15,1.241330283371130938e-01
1.650273802025441750e+15,1.235993286491447879e-01
1.650273802027332500e+15,1.230655583846507195e-01
1.650273802029223000e+15,1.231515947270466621e-01
1.650273802031113750e+15,1.243905414056859920e-01
1.650273802033004250e+15,1.256293242674962063e-01
1.650273802034895000e+15,1.268682709461355362e-01
1.650273802036785500e+15,1.281070538079457644e-01
1.650273802038676250e+15,1.293460004865850665e-01
1.650273802040567000e+15,1.305849471652243965e-01
1.650273802042457500e+15,1.318237300270346246e-01
1.650273802044348250e+15,1.330626767056739546e-01
1.650273802046238750e+15,1.343014595674841549e-01
1.650273802048129500e+15,1.349903093339364091e-01
1.650273802050020000e+15,1.349903093339364091e-01
1.650273802051910750e+15,1.349903093339364368e-01
1.650273802053801500e+15,1.349903093339364091e-01
1.650273802055692000e+15,1.349903093339364091e-01
1.650273802057582750e+15,1.349903093339364091e-01
1.650273802059473250e+15,1.349903093339364091e-01
1.650273802061364000e+15,1.349903093339364091e-01
1.650273802063254500e+15,1.349903093339364091e-01
1.650273802065145250e+15,1.349903093339364091e-01
1.650273802067035750e+15,1.349903093339364091e-01
1.650273802068926500e+15,1.349903093339364368e-01
1.650273802070817250e+15,1.352167394859407623e-01
1.650273802072707750e+15,1.382472966708205020e-01
1.650273802074598500e+15,1.412782546170312237e-01
1.650273802076489000e+15,1.443088118019109634e-01
1.650273802078379750e+15,1.473397697481216573e-01
1.650273802080270250e+15,1.503703269330014247e-01
1.650273802082161000e+15,1.533974439284347679e-01
1.650273802084051750e+15,1.527972630335160398e-01
1.650273802085942250e+15,1.521971614961135366e-01
1.650273802087833000e+15,1.515969806011948084e-01
1.650273802089723500e+15,1.509968790637922775e-01
1.650273802091614250e+15,1.503966981688735771e-01
1.650273802093504750e+15,1.497965966314710740e-01
1.650273802095395500e+15,1.491964157365523458e-01
1.650273802097286000e+15,1.485963141991498426e-01
1.650273802099176750e+15,1.479961333042311422e-01
1.650273802101067500e+15,1.473959524093124140e-01
1.650273802102958000e+15,1.480673071430171350e-01
1.650273802104848750e+15,1.491036177011929864e-01
1.650273802106739250e+15,1.501397912356271791e-01
1.650273802108630000e+15,1.511761017938030582e-01
1.650273802110520500e+15,1.522122753282372509e-01
1.650273802112411250e+15,1.532485858864131301e-01
1.650273802114302000e+15,1.524497624585237077e-01
1.650273802116192500e+15,1.513417327787079658e-01
1.650273802118083250e+15,1.502335565728832312e-01
1.650273802119973750e+15,1.491255268930674616e-01
1.650273802121864500e+15,1.480173506872427547e-01
1.650273802123755000e+15,1.475831066959521765e-01
1.650273802125645750e+15,1.485911435974013872e-01
1.650273802127536250e+15,1.495990472135270977e-01
1.650273802129427000e+15,1.506070841149763084e-01
1.650273802131317750e+15,1.516151210164255470e-01
1.650273802133208250e+15,1.526230246325512574e-01
1.650273802135099000e+15,1.532797469961008074e-01
1.650273802136989500e+15,1.527678333721823323e-01
1.650273802138880250e+15,1.522558520527304005e-01
1.650273802140770750e+15,1.517439384288119253e-01
1.650273802142661500e+15,1.512319571093599935e-01
1.650273802144552250e+15,1.507199757899080894e-01
1.650273802146442750e+15,1.502080621659895865e-01
1.650273802148333500e+15,1.496960808465376824e-01
1.650273802150224000e+15,1.491841672226192073e-01
1.650273802152114750e+15,1.486721859031672754e-01
1.650273802154005250e+15,1.481602722792488280e-01
1.650273802155896000e+15,1.476482909597968962e-01
1.650273802157786750e+15,1.477157737527737547e-01
1.650273802159677250e+15,1.495609917147544821e-01
1.650273802161568000e+15,1.514064536886317591e-01
1.650273802163458500e+15,1.532516716506124588e-01
1.650273802165349250e+15,1.550971336244897358e-01
1.650273802167239750e+15,1.569423515864704355e-01
1.650273802169130500e+15,1.587878135603477125e-01
1.650273802171021000e+15,1.595340019401066400e-01
1.650273802172911750e+15,1.595340019401066400e-01
1.650273802174802500e+15,1.595340019401066400e-01
1.650273802176693000e+15,1.595340019401066400e-01
1.650273802178583750e+15,1.595340019401066400e-01
1.650273802180474250e+15,1.595340019401066400e-01
1.650273802182365000e+15,1.603207264471024074e-01
1.650273802184255500e+15,1.613189161655423365e-01
1.650273802186146250e+15,1.623172378847385078e-01
1.650273802188037000e+15,1.633155596039346513e-01
1.650273802189927500e+15,1.643137493223745804e-01
1.650273802191818250e+15,1.653120710415707517e-01
1.650273802193708750e+15,1.662102882317283148e-01
1.650273802195599500e+15,1.670527467822170431e-01
1.650273802197490000e+15,1.678950939405928211e-01
1.650273802199380750e+15,1.687375524910815494e-01
1.650273802201271250e+15,1.695798996494572997e-01
1.650273802203162000e+15,1.704223581999460280e-01
1.650273802205052750e+15,1.712648167504347840e-01
1.650273802206943250e+15,1.718058482431921441e-01
1.650273802208834000e+15,1.718058482431921163e-01
1.650273802210724500e+15,1.718058482431921441e-01
1.650273802212615250e+15,1.718058482431921163e-01
1.650273802214505750e+15,1.718058482431921441e-01
1.650273802216396500e+15,1.718058482431921441e-01
1.650273802218287250e+15,1.718058482431921441e-01
1.650273802220177750e+15,1.718058482431921441e-01
1.650273802222068500e+15,1.718058482431921441e-01
1.650273802223959000e+15,1.718058482431921719e-01
1.650273802225849750e+15,1.718058482431921719e-01
1.650273802227740250e+15,1.717320759570713784e-01
1.650273802229631000e+15,1.705910947711173353e-01
1.650273802231521500e+15,1.694502644487341225e-01
1.650273802233412250e+15,1.683092832627801072e-01
1.650273802235303000e+15,1.671683020768260919e-01
1.650273802237193500e+15,1.660274717544428513e-01
1.650273802239084250e+15,1.668490777385364388e-01
1.650273802240974750e+15,1.685661492416683505e-01
1.650273802242865500e+15,1.702834478105901272e-01
1.650273802244756000e+15,1.720005193137220112e-01
1.650273802246646750e+15,1.737178178826437880e-01
1.650273802248537500e+15,1.754351164515656203e-01
1.650273802250428000e+15,1.771521879546975042e-01
1.650273802252318750e+15,1.788694865236192810e-01
1.650273802254209250e+15,1.805865580267511927e-01
1.650273802256100000e+15,1.823038565956729418e-01
1.650273802257990500e+15,1.840209280988048535e-01
1.650273802259881250e+15,1.830992382443311361e-01
1.650273802261771750e+15,1.820874665288500505e-01
1.650273802263662500e+15,1.810755610165274421e-01
1.650273802265553250e+15,1.800636555042048059e-01
1.650273802267443750e+15,1.790518837887237202e-01
1.650273802269334500e+15,1.780399782764011118e-01
1.650273802271225000e+15,1.770282065609199984e-01
1.650273802273115750e+15,1.760163010485973900e-01
1.650273802275006250e+15,1.750045293331163043e-01
1.650273802276897000e+15,1.739926238207936959e-01
1.650273802278787750e+15,1.729807183084710875e-01
1.650273802280678250e+15,1.719689465929899741e-01
1.650273802282569000e+15,1.725694683089757375e-01
1.650273802284459500e+15,1.734796976496843501e-01
1.650273802286350250e+15,1.743900473592558120e-01
1.650273802288240750e+15,1.753002766999644524e-01
1.650273802290131500e+15,1.762106264095358865e-01
1.650273802292022000e+15,1.771208557502444991e-01
1.650273802293912750e+15,1.780863788456203411e-01
1.650273802295803500e+15,1.795583386720672470e-01
1.650273802297694000e+15,1.810301038720661948e-01
1.650273802299584750e+15,1.825020636985131006e-01
1.650273802301475250e+15,1.839738288985119929e-01
1.650273802303366000e+15,1.854457887249589265e-01
1.650273802305256500e+15,1.869175539249578188e-01
1.650273802307147250e+15,1.883895137514047802e-01
1.650273802309038000e+15,1.898614735778516582e-01
1.650273802310928500e+15,1.913332387778505783e-01
1.650273802312819250e+15,1.928051986042975119e-01
1.650273802314709750e+15,1.942769638042964042e-01
1.650273802316600500e+15,1.957489236307433378e-01
1.650273802318491000e+15,1.940669284801547767e-01
1.650273802320381750e+15,1.902100479286989443e-01
1.650273802322272250e+15,1.863536773442603378e-01
1.650273802324163000e+15,1.824967967928044776e-01
1.650273802326053750e+15,1.786399162413485897e-01
1.650273802327944250e+15,1.787051869379179259e-01
1.650273802329835000e+15,1.796374833617991884e-01
1.650273802331725500e+15,1.805696565149646493e-01
1.650273802333616250e+15,1.815019529388459119e-01
1.650273802335506750e+15,1.824341260920113728e-01
1.650273802337397500e+15,1.833664225158926353e-01
1.650273802339288250e+15,1.851102923660240818e-01
1.650273802341178750e+15,1.894652866286729020e-01
1.650273802343069500e+15,1.938208567964080919e-01
1.650273802344960000e+15,1.981758510590568845e-01
1.650273802346850750e+15,2.025314212267920189e-01
1.650273802348741250e+15,2.068864154894408669e-01
1.650273802350632000e+15,2.112419856571760013e-01
1.650273802352522500e+15,2.146554872223267185e-01
1.650273802354413250e+15,2.141273061752619056e-01
1.650273802356304000e+15,2.135991251281970926e-01
1.650273802358194500e+15,2.130710139186368646e-01
1.650273802360085250e+15,2.125428328715720239e-01
1.650273802361975750e+15,2.120147216620117958e-01
1.650273802363866500e+15,2.114865406149469829e-01
1.650273802365757000e+15,2.109584294053867271e-01
1.650273802367647750e+15,2.104302483583219141e-01
1.650273802369538500e+15,2.099020673112570734e-01
1.650273802371429000e+15,2.093739561016968731e-01
1.650273802373319750e+15,2.088457750546320324e-01
1.650273802375210250e+15,2.102382757725432816e-01
1.650273802377101000e+15,2.130500781716653802e-01
1.650273802378991500e+15,2.158615087867865601e-01
1.650273802380882250e+15,2.186733111859086864e-01
1.650273802382772750e+15,2.205343798408387346e-01
1.650273802384663500e+15,2.188285282456647052e-01
1.650273802386554250e+15,2.171226766504906758e-01
1.650273802388444750e+15,2.154170506075571700e-01
1.650273802390335500e+15,2.137111990123831129e-01
1.650273802392226000e+15,2.120055729694496349e-01
1.650273802394116750e+15,2.102997213742755778e-01
1.650273802396007250e+15,2.086538254039908002e-01
1.650273802397898000e+15,2.106813501678460043e-01
1.650273802399788750e+15,2.127088749317012084e-01
1.650273802401679250e+15,2.147361316108329365e-01
1.650273802403570000e+15,2.167636563746881406e-01
1.650273802405460500e+15,2.187909130538198410e-01
1.650273802407351250e+15,2.208184378176750451e-01
1.650273802409241750e+15,2.203354709953142532e-01
1.650273802411132500e+15,2.197562649694141668e-01
1.650273802413023000e+15,2.191771355276772304e-01
1.650273802414913750e+15,2.185979295017771440e-01
1.650273802416804500e+15,2.180187234758770853e-01
1.650273802418695000e+15,2.174395940341401490e-01
1.650273802420585750e+15,2.168603880082400626e-01
1.650273802422476250e+15,2.162812585665031262e-01
1.650273802424367000e+15,2.157020525406030398e-01
1.650273802426257500e+15,2.151229230988661034e-01
1.650273802428148250e+15,2.153349478409391504e-01
1.650273802430039000e+15,2.169013417785316533e-01
1.650273802431929500e+15,2.184675286033464503e-01
1.650273802433820250e+15,2.200339225409388977e-01
1.650273802435710750e+15,2.216001093657536947e-01
1.650273802437601500e+15,2.231665033033461698e-01
1.650273802439492000e+15,2.247326901281609390e-01
1.650273802441382750e+15,2.262990840657534419e-01
1.650273802443273250e+15,2.270291566070747891e-01
1.650273802445164000e+15,2.270291566070747891e-01
1.650273802447054750e+15,2.270291566070747891e-01
1.650273802448945250e+15,2.270291566070747891e-01
1.650273802450836000e+15,2.270291566070747891e-01
1.650273802452726500e+15,2.270291566070747891e-01
1.650273802454617250e+15,2.270291566070747891e-01
1.650273802456507750e+15,2.270291566070747891e-01
1.650273802458398500e+15,2.270291566070747891e-01
1.650273802460289250e+15,2.270291566070747891e-01
1.650273802462179750e+15,2.270291566070748168e-01
1.650273802464070500e+15,2.278371157412766856e-01
1.650273802465961000e+15,2.295409046349841109e-01
1.650273802467851750e+15,2.312449188379871456e-01
1.650273802469742250e+15,2.329487077316945709e-01
1.650273802471633000e+15,2.346527219346976056e-01
1.650273802473523500e+15,2.363565108284050864e-01
1.650273802475414250e+15,2.380605250314081212e-01
1.650273802477305000e+15,2.397645392344112114e-01
1.650273802479195500e+15,2.414683281281185812e-01
1.650273802481086250e+15,2.431723423311216437e-01
1.650273802482976750e+15,2.448761312248290967e-01
1.650273802484867500e+15,2.441742040439005557e-01
1.650273802486758000e+15,2.422923152187883289e-01
1.650273802488648750e+15,2.404101775324191947e-01
1.650273802490539500e+15,2.385280398460500606e-01
1.650273802492430000e+15,2.366461510209378338e-01
1.650273802494320750e+15,2.347640133345686997e-01
1.650273802496211250e+15,2.331650797586171386e-01
1.650273802498102000e+15,2.331650797586171109e-01
1.650273802499992500e+15,2.331650797586170831e-01
1.650273802501883250e+15,2.331650797586171386e-01
1.650273802503773750e+15,2.331650797586171109e-01
1.650273802505664500e+15,2.331650797586171109e-01
1.650273802507555250e+15,2.331650797586171109e-01
1.650273802509445750e+15,2.331650797586171109e-01
1.650273802511336500e+15,2.331650797586171109e-01
1.650273802513227000e+15,2.331650797586171109e-01
1.650273802515117750e+15,2.331650797586171109e-01
1.650273802517008250e+15,2.331650797586171109e-01
1.650273802518899000e+15,2.331650797586171109e-01
1.650273802520789750e+15,2.331650797586170831e-01
1.650273802522680250e+15,2.331650797586171109e-01
1.650273802524571000e+15,2.331650797586171109e-01
1.650273802526461500e+15,2.331650797586171109e-01
1.650273802528352250e+15,2.331650797586171109e-01
1.650273802530242750e+15,2.331650797586171109e-01
1.650273802532133500e+15,2.377447488649324092e-01
1.650273802534024000e+15,2.431779866719541161e-01
1.650273802535914750e+15,2.486119429711480810e-01
1.650273802537805500e+15,2.540458992703421015e-01
1.650273802539696000e+15,2.594791370773638084e-01
1.650273802541586750e+15,2.649130933765578289e-01
1.650273802543477250e+15,2.699026326290160926e-01
1.650273802545368000e+15,2.687438734701286802e-01
1.650273802547258500e+15,2.675852675254630775e-01
1.650273802549149250e+15,2.664265083665756650e-01
1.650273802551040000e+15,2.652677492076883081e-01
1.650273802552930500e+15,2.641091432630226499e-01
1.650273802554821250e+15,2.631573656737805078e-01
1.650273802556711750e+15,2.622669102567244392e-01
1.650273802558602500e+15,2.613763370857121737e-01
1.650273802560493000e+15,2.604858816686560496e-01
1.650273802562383750e+15,2.595953084976437841e-01
1.650273802564274250e+15,2.587048530805877156e-01
1.650273802566165000e+15,2.578142799095754500e-01
1.650273802568055750e+15,2.587625642156723416e-01
1.650273802569946250e+15,2.599578205493137117e-01
1.650273802571837000e+15,2.611532349438296374e-01
1.650273802573727500e+15,2.623484912774709521e-01
1.650273802575618250e+15,2.635439056719869333e-01
1.650273802577508750e+15,2.617289759748612776e-01
1.650273802579399500e+15,2.589014115832505847e-01
1.650273802581290250e+15,2.560738471916398917e-01
1.650273802583180750e+15,2.532466566681227937e-01
1.650273802585071500e+15,2.504190922765121008e-01
1.650273802586962000e+15,2.475919017529949751e-01
1.650273802588852750e+15,2.461189339958173850e-01
1.650273802590743250e+15,2.489857177633413854e-01
1.650273802592634000e+15,2.518528806347754001e-01
1.650273802594524500e+15,2.547196644022994283e-01
1.650273802596415250e+15,2.575868272737334430e-01
1.650273802598306000e+15,2.604539901451674577e-01
1.650273802600196500e+15,2.633207739126914859e-01
1.650273802602087250e+15,2.638446955163304963e-01
1.650273802603977750e+15,2.638446955163304963e-01
1.650273802605868500e+15,2.638446955163304963e-01
1.650273802607759000e+15,2.638446955163304963e-01
1.650273802609649750e+15,2.641580718774698688e-01
1.650273802611540500e+15,2.659228264711386847e-01
1.650273802613431000e+15,2.676873477242556754e-01
1.650273802615321750e+15,2.694521023179244357e-01
1.650273802617212250e+15,2.712166235710414264e-01
1.650273802619103000e+15,2.729813781647102422e-01
1.650273802620993500e+15,2.747458994178271774e-01
1.650273802622884250e+15,2.753804925152280592e-01
1.650273802624774750e+15,2.720850485612534286e-01
1.650273802626665500e+15,2.687891688172821536e-01
1.650273802628556250e+15,2.654932890733109341e-01
1.650273802630446750e+15,2.646772265227099186e-01
1.650273802632337500e+15,2.663433900583668246e-01
1.650273802634228000e+15,2.680093332894441516e-01
1.650273802636118750e+15,2.696754968251010576e-01
1.650273802638009250e+15,2.713414400561783846e-01
1.650273802639900000e+15,2.730076035918352906e-01
1.650273802641790750e+15,2.746737671274922521e-01
1.650273802643681250e+15,2.763397103585695791e-01
1.650273802645572000e+15,2.780058738942265406e-01
1.650273802647462500e+15,2.796718171253038121e-01
1.650273802649353250e+15,2.813379806609607181e-01
1.650273802651243750e+15,2.837925863777629454e-01
1.650273802653134500e+15,2.872074026192354967e-01
1.650273802655025000e+15,2.906217673446110927e-01
1.650273802656915750e+15,2.940365835860836441e-01
1.650273802658806500e+15,2.974513998275563065e-01
1.650273802660697000e+15,3.008657645529319025e-01
1.650273802662587750e+15,3.042805807944045093e-01
1.650273802664478250e+15,3.076949455197801053e-01
1.650273802666369000e+15,3.111097617612527122e-01
1.650273802668259500e+15,3.113746905017532596e-01
1.650273802670150250e+15,3.080342077206478235e-01
1.650273802672041000e+15,3.046937249395423875e-01
1.650273802673931500e+15,3.013536838459658918e-01
1.650273802675822250e+15,2.980132010648604557e-01
1.650273802677712750e+15,2.946731599712839045e-01
1.650273802679603500e+15,2.924676185987926669e-01
1.650273802681494000e+15,2.903152922757586962e-01
1.650273802683384750e+15,2.881626813287729294e-01
1.650273802685275250e+15,2.860103550057389588e-01
1.650273802687166000e+15,2.838577440587532474e-01
1.650273802689056750e+15,2.829113905431033804e-01
1.650273802690947250e+15,2.855025476812038665e-01
1.650273802692838000e+15,2.880940474743081126e-01
1.650273802694728500e+15,2.906852046124086542e-01
1.650273802696619250e+15,2.932767044055129002e-01
1.650273802698509750e+15,2.958678615436134418e-01
1.650273802700400500e+15,2.984593613367176879e-01
1.650273802702291250e+15,3.010508611298219339e-01
1.650273802704181750e+15,3.036420182679224200e-01
1.650273802706072500e+15,3.062335180610267216e-01
1.650273802707963000e+15,3.067961575771284144e-01
1.650273802709853750e+15,3.067961575771284144e-01
1.650273802711744250e+15,3.067961575771284144e-01
1.650273802713635000e+15,3.067961575771284144e-01
1.650273802715525500e+15,3.067961575771284144e-01
1.650273802717416250e+15,3.067961575771284699e-01
1.650273802719307000e+15,3.067961575771284144e-01
1.650273802721197500e+15,3.067961575771284699e-01
1.650273802723088250e+15,3.067961575771284144e-01
1.650273802724978750e+15,3.067961575771284699e-01
1.650273802726869500e+15,3.067961575771284699e-01
1.650273802728760000e+15,3.067961575771284699e-01
1.650273802730650750e+15,3.067961575771285254e-01
1.650273802732541500e+15,3.067961575771285254e-01
1.650273802734432000e+15,3.067961575771284699e-01
1.650273802736322750e+15,3.067961575771284699e-01
1.650273802738213250e+15,3.067961575771284699e-01
1.650273802740104000e+15,3.067961575771284144e-01
1.650273802741994500e+15,3.067705891620216563e-01
1.650273802743885250e+15,3.058318807957476904e-01
1.650273802745775750e+15,3.048932965479936308e-01
1.650273802747666500e+15,3.039545881817196649e-01
1.650273802749557250e+15,3.030158798154457545e-01
1.650273802751447750e+15,3.020772955676916949e-01
1.650273802753338500e+15,3.011385872014177290e-01
1.650273802755229000e+15,3.010702838623067756e-01
1.650273802757119750e+15,3.019066387409268803e-01
1.650273802759010250e+15,3.027428830344777722e-01
1.650273802760901000e+15,3.035792379130979324e-01
1.650273802762791750e+15,3.044155927917180926e-01
1.650273802764682250e+15,3.052518370852690399e-01
1.650273802766573000e+15,3.060881919638891446e-01
1.650273802768463500e+15,3.069244362574400919e-01
1.650273802770354250e+15,3.077607911360602522e-01
1.650273802772244750e+15,3.085970354296111440e-01
1.650273802774135500e+15,3.094333903082313042e-01
1.650273802776026000e+15,3.102696346017821960e-01
1.650273802777916750e+15,3.111059894804023007e-01
1.650273802779807500e+15,3.119423443590225165e-01
1.650273802781698000e+15,3.127785886525734083e-01
1.650273802783588750e+15,3.129320807286709027e-01
1.650273802785479250e+15,3.129320807286708472e-01
1.650273802787370000e+15,3.129320807286708472e-01
1.650273802789260500e+15,3.129320807286709027e-01
1.650273802791151250e+15,3.129320807286708472e-01
1.650273802793042000e+15,3.129320807286708472e-01
1.650273802794932500e+15,3.129320807286708472e-01
1.650273802796823250e+15,3.129320807286708472e-01
1.650273802798713750e+15,3.129320807286708472e-01
1.650273802800604500e+15,3.129320807286708472e-01
1.650273802802495000e+15,3.129320807286708472e-01
1.650273802804385750e+15,3.129320807286708472e-01
1.650273802806276250e+15,3.132153509308952533e-01
1.650273802808167000e+15,3.137731151952596331e-01
1.650273802810057750e+15,3.143308794596240130e-01
1.650273802811948250e+15,3.148885699749119915e-01
1.650273802813839000e+15,3.154463342392763714e-01
1.650273802815729500e+15,3.160040247545643499e-01
1.650273802817620250e+15,3.165617890189287298e-01
1.650273802819510750e+15,3.171194795342167638e-01
1.650273802821401500e+15,3.176772437985811992e-01
1.650273802823292250e+15,3.182350080629454681e-01
1.650273802825182750e+15,3.187926985782335021e-01
1.650273802827073500e+15,3.190680038802131691e-01
1.650273802828964000e+15,3.190680038802131691e-01
1.650273802830854750e+15,3.190680038802131691e-01
1.650273802832745250e+15,3.190680038802131691e-01
1.650273802834636000e+15,3.190680038802131691e-01
1.650273802836526500e+15,3.190680038802131691e-01
1.650273802838417250e+15,3.190680038802131691e-01
1.650273802840308000e+15,3.190680038802131691e-01
1.650273802842198500e+15,3.195786678744250153e-01
1.650273802844089250e+15,3.207356935749116622e-01
1.650273802845979750e+15,3.218925662903791007e-01
1.650273802847870500e+15,3.230495919908656921e-01
1.650273802849761000e+15,3.242064647063330751e-01
1.650273802851651750e+15,3.253634904068197220e-01
1.650273802853542500e+15,3.265205161073063689e-01
1.650273802855433000e+15,3.276773888227737519e-01
1.650273802857323750e+15,3.288344145232603988e-01
1.650273802859214250e+15,3.299912872387277818e-01
1.650273802861105000e+15,3.311483129392144287e-01
1.650273802862995500e+15,3.313398501832985898e-01
1.650273802864886250e+15,3.313398501832983678e-01
1.650273802866776750e+15,3.313398501832982568e-01
1.650273802868667500e+15,3.313398501832980347e-01
1.650273802870558250e+15,3.313398501832978682e-01
1.650273802872448750e+15,3.331879570923593215e-01
1.650273802874339500e+15,3.355982403400281644e-01
1.650273802876230000e+15,3.380082048936275951e-01
1.650273802878120750e+15,3.404184881412964936e-01
1.650273802880011250e+15,3.428284526948958688e-01
1.650273802881902000e+15,3.452387359425647673e-01
1.650273802883792750e+15,3.476490191902336657e-01
1.650273802885683250e+15,3.497476196379263325e-01
1.650273802887574000e+15,3.497476196379262214e-01
1.650273802889464500e+15,3.497476196379261104e-01
1.650273802891355250e+15,3.497476196379259994e-01
1.650273802893245750e+15,3.497476196379258329e-01
1.650273802895136500e+15,3.497476196379257218e-01
1.650273802897027000e+15,3.479795414777808737e-01
1.650273802898917750e+15,3.445367054517317063e-01
1.650273802900808500e+15,3.410938694256825388e-01
1.650273802902699000e+15,3.376514886205809196e-01
1.650273802904589750e+15,3.342086525945316966e-01
1.650273802906480250e+15,3.307662717894300775e-01
1.650273802908371000e+15,3.273234357633809100e-01
1.650273802910261500e+15,3.249806153310441648e-01
1.650273802912152250e+15,3.243994362558623723e-01
1.650273802914043000e+15,3.238182571806805798e-01
1.650273802915933500e+15,3.232371549505438368e-01
1.650273802917824250e+15,3.226559758753620999e-01
1.650273802919714750e+15,3.220748736452253569e-01
1.650273802921605500e+15,3.214936945700435644e-01
1.650273802923496000e+15,3.209125923399067659e-01
1.650273802925386750e+15,3.203314132647250290e-01
1.650273802927277250e+15,3.197503110345882860e-01
1.650273802929168000e+15,3.191691319594064935e-01
1.650273802931058750e+15,3.219538860809295633e-01
1.650273802932949250e+15,3.254472494876555766e-01
1.650273802934840000e+15,3.289410748572758614e-01
1.650273802936730500e+15,3.324344382640018192e-01
1.650273802938621250e+15,3.359282636336221040e-01
1.650273802940511750e+15,3.394216270403480618e-01
1.650273802942402500e+15,3.429154524099683465e-01
1.650273802944293250e+15,3.464092777795886313e-01
1.650273802946183750e+15,3.499026411863146446e-01
1.650273802948074500e+15,3.533964665559349294e-01
1.650273802949965000e+15,3.568898299626608872e-01
1.650273802951855750e+15,3.603836553322811720e-01
1.650273802953746250e+15,3.634858587014728193e-01
1.650273802955637000e+15,3.662439607774167771e-01
1.650273802957527500e+15,3.690016981697595844e-01
1.650273802959418250e+15,3.717598002457036532e-01
1.650273802961309000e+15,3.745179023216476666e-01
1.650273802963199500e+15,3.772756397139904738e-01
1.650273802965090250e+15,3.800337417899344872e-01
1.650273802966980750e+15,3.766281968595640017e-01
1.650273802968871500e+15,3.721962782341845521e-01
1.650273802970762000e+15,3.677649456088877278e-01
1.650273802972652750e+15,3.633330269835082227e-01
1.650273802974543500e+15,3.589011083581287176e-01
1.650273802976434000e+15,3.544697757328319487e-01
1.650273802978324750e+15,3.500378571074524436e-01
1.650273802980215250e+15,3.456065244821556193e-01
1.650273802982106000e+15,3.411746058567761697e-01
1.650273802983996500e+15,3.386905189698470320e-01
1.650273802985887250e+15,3.460402159598876537e-01
1.650273802987777750e+15,3.533889411534202329e-01
1.650273802989668500e+15,3.607386381434608547e-01
1.650273802991559250e+15,3.680883351335014209e-01
1.650273802993449750e+15,3.754370603270339446e-01
1.650273802995340500e+15,3.827867573170745663e-01
1.650273802997231000e+15,3.854185501281683357e-01
1.650273802999121750e+15,3.830636335141869298e-01
1.650273803001012250e+15,3.807090282735512421e-01
1.650273803002903000e+15,3.783541116595698361e-01
1.650273803004793750e+15,3.759991950455883192e-01
1.650273803006684250e+15,3.738890042579303130e-01
1.650273803008575000e+15,3.724240763333417359e-01
1.650273803010465500e+15,3.709593421054244722e-01
1.650273803012356250e+15,3.694944141808360616e-01
1.650273803014246750e+15,3.680296799529187979e-01
1.650273803016137500e+15,3.665647520283302763e-01
1.650273803018028000e+15,3.651000178004130126e-01
1.650273803019918750e+15,3.636350898758246020e-01
1.650273803021809500e+15,3.621701619512361359e-01
1.650273803023700000e+15,3.661721098616083636e-01
1.650273803025590750e+15,3.708015977701394350e-01
1.650273803027481250e+15,3.754304735554511718e-01
1.650273803029372000e+15,3.800599614639823542e-01
1.650273803031262500e+15,3.846888372492939800e-01
1.650273803033153250e+15,3.872252651377330324e-01
1.650273803035044000e+15,3.883377983846431070e-01
1.650273803036934500e+15,3.894501845294446873e-01
1.650273803038825250e+15,3.905627177763548730e-01
1.650273803040715750e+15,3.916751039211564533e-01
1.650273803042606500e+15,3.926990816987236954e-01
1.650273803044497000e+15,3.926990816987236954e-01
1.650273803046387750e+15,3.926990816987236954e-01
1.650273803048278250e+15,3.926990816987236954e-01
1.650273803050169000e+15,3.926990816987236954e-01
1.650273803052059750e+15,3.926990816987236954e-01
1.650273803053950250e+15,3.926990816987236954e-01
1.650273803055841000e+15,3.926990816987236954e-01
1.650273803057731500e+15,3.926990816987236954e-01
1.650273803059622250e+15,3.926990816987237509e-01
1.650273803061512750e+15,3.926990816987236954e-01
1.650273803063403500e+15,3.932074062348362431e-01
1.650273803065294250e+15,3.937567715487286790e-01
1.650273803067184750e+15,3.943060642240764357e-01
1.650273803069075500e+15,3.948554295379688162e-01
1.650273803070966000e+15,3.954047222133165174e-01
1.650273803072856750e+15,3.959540875272088978e-01
1.650273803074747250e+15,3.965033802025565990e-01
1.650273803076638000e+15,3.970527455164490349e-01
1.650273803078528500e+15,3.976020381917967361e-01
1.650273803080419250e+15,3.981514035056891165e-01
1.650273803082310000e+15,3.987007688195816080e-01
1.650273803084200500e+15,3.988350048502669054e-01
1.650273803086091250e+15,3.988350048502669054e-01
1.650273803087981750e+15,3.988350048502669054e-01
1.650273803089872500e+15,3.988350048502669054e-01
1.650273803091763000e+15,3.988350048502669609e-01
1.650273803093653750e+15,3.988350048502669054e-01
1.650273803095544500e+15,3.984331489979752727e-01
1.650273803097435000e+15,3.974805364728877799e-01
1.650273803099325750e+15,3.965277979741788084e-01
1.650273803101216250e+15,3.955751854490912600e-01
1.650273803103107000e+15,3.946224469503823995e-01
1.650273803104997500e+15,3.936698344252947956e-01
1.650273803106888250e+15,3.927170959265858796e-01
1.650273803108778750e+15,3.926990816987244726e-01
1.650273803110669500e+15,3.926990816987243060e-01
1.650273803112560250e+15,3.926990816987242505e-01
1.650273803114450750e+15,3.926990816987241395e-01
1.650273803116341500e+15,3.926990816987240285e-01
1.650273803118232000e+15,3.926990816987239730e-01
1.650273803120122750e+15,3.933853302566802101e-01
1.650273803122013250e+15,3.945357207677122613e-01
1.650273803123904000e+15,3.956862634065558271e-01
1.650273803125794750e+15,3.968368060453993929e-01
1.650273803127685250e+15,3.979871965564314440e-01
1.650273803129576000e+15,3.991377391952750098e-01
1.650273803131466500e+15,4.002881297063070609e-01
1.650273803133357250e+15,4.014386723451506267e-01
1.650273803135247750e+15,4.025890628561826223e-01
1.650273803137138500e+15,4.037396054950262436e-01
1.650273803139029000e+15,4.048899960060582393e-01
1.650273803140919750e+15,4.042210553104635951e-01
1.650273803142810500e+15,4.034144435675184326e-01
1.650273803144701000e+15,4.026079384769259972e-01
1.650273803146591750e+15,4.018013267339809458e-01
1.650273803148482250e+15,4.009948216433885104e-01
1.650273803150373000e+15,4.001882099004434035e-01
1.650273803152263500e+15,3.993817048098509681e-01
1.650273803154154250e+15,3.988350048502666834e-01
1.650273803156045000e+15,3.988350048502666834e-01
1.650273803157935500e+15,3.988350048502667389e-01
1.650273803159826250e+15,3.988350048502666834e-01
1.650273803161716750e+15,3.988350048502667389e-01
1.650273803163607500e+15,3.988350048502666834e-01
1.650273803165498000e+15,3.988350048502666834e-01
1.650273803167388750e+15,3.988350048502667389e-01
1.650273803169279250e+15,3.988350048502667389e-01
1.650273803171170000e+15,3.988350048502666834e-01
1.650273803173060750e+15,3.988350048502666834e-01
1.650273803174951250e+15,3.988350048502666834e-01
1.650273803176842000e+15,3.988350048502667389e-01
1.650273803178732500e+15,3.988350048502667944e-01
1.650273803180623250e+15,3.988350048502667944e-01
1.650273803182513750e+15,3.988350048502669054e-01
1.650273803184404500e+15,3.988350048502669054e-01
1.650273803186295250e+15,3.988350048502669054e-01
1.650273803188185750e+15,3.988350048502669054e-01
1.650273803190076500e+15,3.988350048502669054e-01
1.650273803191967000e+15,3.988350048502669054e-01
1.650273803193857750e+15,3.988350048502669054e-01
1.650273803195748250e+15,3.987985302528576637e-01
1.650273803197639000e+15,3.978306096205549980e-01
1.650273803199529500e+15,3.968628169692958174e-01
1.650273803201420250e+15,3.958948963369931517e-01
1.650273803203311000e+15,3.949269757046904306e-01
1.650273803205201500e+15,3.939591830534313610e-01
1.650273803207092250e+15,3.929912624211286398e-01
1.650273803208982750e+15,3.935172151175205246e-01
1.650273803210873500e+15,3.946893202598502626e-01
1.650273803212764000e+15,3.958612704233168689e-01
1.650273803214654750e+15,3.970333755656465513e-01
1.650273803216545500e+15,3.982054807079763448e-01
1.650273803218436000e+15,3.991362325977688141e-01
1.650273803220326750e+15,3.997871427275849765e-01
1.650273803222217250e+15,4.004379667923304575e-01
1.650273803224108000e+15,4.010888769221466199e-01
1.650273803225998500e+15,4.017397009868920454e-01
1.650273803227889250e+15,4.023906111167083188e-01
1.650273803229780000e+15,4.030415212465244812e-01
1.650273803231670500e+15,4.036923453112699622e-01
1.650273803233561250e+15,4.043432554410861801e-01
1.650273803235451750e+15,4.049940795058316612e-01
1.650273803237342500e+15,4.056449896356478235e-01
1.650273803239233000e+15,4.062958137003932491e-01
1.650273803241123750e+15,4.069467238302094669e-01
1.650273803243014250e+15,4.075975478949549480e-01
1.650273803244905000e+15,4.082484580247711103e-01
1.650273803246795750e+15,4.088993681545873282e-01
1.650273803248686250e+15,4.095501922193328648e-01
1.650273803250577000e+15,4.102011023491490271e-01
1.650273803252467500e+15,4.108519264138944527e-01
1.650273803254358250e+15,4.120709499064337256e-01
1.650273803256248750e+15,4.136554999544245215e-01
1.650273803258139500e+15,4.152402595435482069e-01
1.650273803260030250e+15,4.168250191326720588e-01
1.650273803261920750e+15,4.184095691806627437e-01
1.650273803263811500e+15,4.199943287697865957e-01
1.650273803265702000e+15,4.215788788177773361e-01
1.650273803267592750e+15,4.231636384069011880e-01
1.650273803269483250e+15,4.247481884548919284e-01
1.650273803271374000e+15,4.263329480440157804e-01
1.650273803273264500e+15,4.279174980920064653e-01
1.650273803275155250e+15,4.295022576811302617e-01
1.650273803277046000e+15,4.295146206079791806e-01
1.650273803278936500e+15,4.295146206079791806e-01
1.650273803280827250e+15,4.295146206079792361e-01
1.650273803282717750e+15,4.295146206079792361e-01
1.650273803284608500e+15,4.295146206079792361e-01
1.650273803286499000e+15,4.295146206079792361e-01
1.650273803288389750e+15,4.295146206079792917e-01
1.650273803290280500e+15,4.295146206079792917e-01
1.650273803292171000e+15,4.295146206079794027e-01
1.650273803294061750e+15,4.295146206079793472e-01
1.650273803295952250e+15,4.295146206079794027e-01
1.650273803297843000e+15,4.298927298363984240e-01
1.650273803299733500e+15,4.306104160776896839e-01
1.650273803301624250e+15,4.313281972259158659e-01
1.650273803303514750e+15,4.320458834672071813e-01
1.650273803305405500e+15,4.327636646154332523e-01
1.650273803307296250e+15,4.334814457636594343e-01
1.650273803309186750e+15,4.341991320049506942e-01
1.650273803311077500e+15,4.349169131531768207e-01
1.650273803312968000e+15,4.356345993944681361e-01
1.650273803314858750e+15,4.339857671339840683e-01
1.650273803316749250e+15,4.322833951471933833e-01
1.650273803318640000e+15,4.305807980384789846e-01
1.650273803320530750e+15,4.293204345213163520e-01
1.650273803322421250e+15,4.288010021947002426e-01
1.650273803324312000e+15,4.282815011782763470e-01
1.650273803326202500e+15,4.277620688516603487e-01
1.650273803328093250e+15,4.272425678352364531e-01
1.650273803329983750e+15,4.267231355086203992e-01
1.650273803331874500e+15,4.262036344921965592e-01
1.650273803333765000e+15,4.256842021655804498e-01
1.650273803335655750e+15,4.251647011491566097e-01
1.650273803337546500e+15,4.246452001327327697e-01
1.650273803339437000e+15,4.241257678061166603e-01
1.650273803341327750e+15,4.236062667896927647e-01
1.650273803343218250e+15,4.236565034562549958e-01
1.650273803345109000e+15,4.241509837520004433e-01
1.650273803346999500e+15,4.246453986662443447e-01
1.650273803348890250e+15,4.251398789619897922e-01
1.650273803350781000e+15,4.256343592577350732e-01
1.650273803352671500e+15,4.261287741719790301e-01
1.650273803354562250e+15,4.266232544677244221e-01
1.650273803356452750e+15,4.271176693819683234e-01
1.650273803358343500e+15,4.276121496777137709e-01
1.650273803360234000e+15,4.281065645919576168e-01
1.650273803362124750e+15,4.286010448877030088e-01
1.650273803364015250e+15,4.290954598019469102e-01
1.650273803365906000e+15,4.295146206079794027e-01
1.650273803367796750e+15,4.295146206079794027e-01
1.650273803369687250e+15,4.295146206079794027e-01
1.650273803371578000e+15,4.295146206079794582e-01
1.650273803373468500e+15,4.295146206079794582e-01
1.650273803375359250e+15,4.295146206079794027e-01
1.650273803377249750e+15,4.295146206079794027e-01
1.650273803379140500e+15,4.295146206079794582e-01
1.650273803381031250e+15,4.295146206079794027e-01
1.650273803382921750e+15,4.295146206079795137e-01
1.650273803384812500e+15,4.295146206079794582e-01
1.650273803386703000e+15,4.295146206079795692e-01
1.650273803388593750e+15,4.295146206079795137e-01
1.650273803390484250e+15,4.295146206079795137e-01
1.650273803392375000e+15,4.295146206079795137e-01
1.650273803394265500e+15,4.295146206079795137e-01
1.650273803396156250e+15,4.295146206079795137e-01
1.650273803398047000e+15,4.295146206079795137e-01
1.650273803399937500e+15,4.295146206079795137e-01
1.650273803401828250e+15,4.295146206079795137e-01
1.650273803403718750e+15,4.295146206079794582e-01
1.650273803405609500e+15,4.295146206079795137e-01
1.650273803407500000e+15,4.295146206079795137e-01
1.650273803409390750e+15,4.295146206079795137e-01
1.650273803411281500e+15,4.295146206079795137e-01
1.650273803413172000e+15,4.295146206079795137e-01
1.650273803415062750e+15,4.295146206079794582e-01
1.650273803416953250e+15,4.295146206079794582e-01
1.650273803418844000e+15,4.295146206079794027e-01
1.650273803420734500e+15,4.295146206079793472e-01
1.650273803422625250e+15,4.295146206079792917e-01
1.650273803424515750e+15,4.295146206079792917e-01
1.650273803426406500e+15,4.295146206079791806e-01
1.650273803428297250e+15,4.295146206079791806e-01
1.650273803430187750e+15,4.295146206079791251e-01
1.650273803432078500e+15,4.295146206079790696e-01
1.650273803433969000e+15,4.295146206079791251e-01
1.650273803435859750e+15,4.295146206079791806e-01
1.650273803437750250e+15,4.295146206079792917e-01
1.650273803439641000e+15,4.295146206079792917e-01
1.650273803441531750e+15,4.295146206079794027e-01
1.650273803443422250e+15,4.295146206079794582e-01
1.650273803445313000e+15,4.295146206079795137e-01
1.650273803447203500e+15,4.320415442184709631e-01
1.650273803449094250e+15,4.354121126957456456e-01
1.650273803450984750e+15,4.387822355074804115e-01
1.650273803452875500e+15,4.421528039847549829e-01
1.650273803454766000e+15,4.455229267964898043e-01
1.650273803456656750e+15,4.473723128575051167e-01
1.650273803458547500e+15,4.454630728840369702e-01
1.650273803460438000e+15,4.435540853553623375e-01
1.650273803462328750e+15,4.416448453818941355e-01
1.650273803464219250e+15,4.397358578532194473e-01
1.650273803466110000e+15,4.378266178797513009e-01
1.650273803468000500e+15,4.359176303510766126e-01
1.650273803469891250e+15,4.380123295643019721e-01
1.650273803471782000e+15,4.407582459427112909e-01
1.650273803473672500e+15,4.435037992487447234e-01
1.650273803475563250e+15,4.462497156271539867e-01
1.650273803477453750e+15,4.489952689331874192e-01
1.650273803479344500e+15,4.517411853115966824e-01
1.650273803481235000e+15,4.540583132141496892e-01
1.650273803483125750e+15,4.540583132141496892e-01
1.650273803485016250e+15,4.540583132141496892e-01
1.650273803486907000e+15,4.540583132141496892e-01
1.650273803488797750e+15,4.540583132141496892e-01
1.650273803490688250e+15,4.540583132141496892e-01
1.650273803492579000e+15,4.550313956834114992e-01
1.650273803494469500e+15,4.583519956981038646e-01
1.650273803496360250e+15,4.616730348294339481e-01
1.650273803498250750e+15,4.649936348441262579e-01
1.650273803500141500e+15,4.683146739754563415e-01
1.650273803502032250e+15,4.716357131067863140e-01
1.650273803503922750e+15,4.712962057123367132e-01
1.650273803505813500e+15,4.697360259518768011e-01
1.650273803507704000e+15,4.681760524825395731e-01
1.650273803509594750e+15,4.666158727220796609e-01
1.650273803511485250e+15,4.650558992527424329e-01
1.650273803513376000e+15,4.634957194922825763e-01
1.650273803515266500e+15,4.619357460229452927e-01
1.650273803517157250e+15,4.603755662624853806e-01
1.650273803519048000e+15,4.588153865020255240e-01
1.650273803520938500e+15,4.572554130326882960e-01
1.650273803522829250e+15,4.556952332722283838e-01
1.650273803524719750e+15,4.541352598028911558e-01
1.650273803526610500e+15,4.540583132141496892e-01
1.650273803528501000e+15,4.540583132141496892e-01
1.650273803530391750e+15,4.540583132141496892e-01
1.650273803532282500e+15,4.540583132141496892e-01
1.650273803534173000e+15,4.540583132141496892e-01
1.650273803536063750e+15,4.540583132141496892e-01
1.650273803537954250e+15,4.540583132141497447e-01
1.650273803539845000e+15,4.540583132141496892e-01
1.650273803541735500e+15,4.540583132141496892e-01
1.650273803543626250e+15,4.540583132141496892e-01
1.650273803545516750e+15,4.540583132141496336e-01
1.650273803547407500e+15,4.540583132141496336e-01
1.650273803549298250e+15,4.540583132141496892e-01
1.650273803551188750e+15,4.540583132141496336e-01
1.650273803553079500e+15,4.540583132141496336e-01
1.650273803554970000e+15,4.540583132141495781e-01
1.650273803556860750e+15,4.541515199530913316e-01
1.650273803558751250e+15,4.558499039527972307e-01
1.650273803560642000e+15,4.575485125470546421e-01
1.650273803562532750e+15,4.592471211413121646e-01
1.650273803564423250e+15,4.609455051410179527e-01
1.650273803566314000e+15,4.626441137352754751e-01
1.650273803568204500e+15,4.643424977349813187e-01
1.650273803570095250e+15,4.660411063292387857e-01
1.650273803571985750e+15,4.667636142587113790e-01
1.650273803573876500e+15,4.672860394714272170e-01
1.650273803575767000e+15,4.678083956076902750e-01
1.650273803577657750e+15,4.683308208204061129e-01
1.650273803579548500e+15,4.688532460331219509e-01
1.650273803581439000e+15,4.693756021693848979e-01
1.650273803583329750e+15,4.698980273821007914e-01
1.650273803585220250e+15,4.704203835183637938e-01
1.650273803587111000e+15,4.709428087310796318e-01
1.650273803589001500e+15,4.714651648673426898e-01
1.650273803590892250e+15,4.719875900800585278e-01
1.650273803592783000e+15,4.720755645936869915e-01
1.650273803594673500e+15,4.674323292417441045e-01
1.650273803596564250e+15,4.627884798676705769e-01
1.650273803598454750e+15,4.581452445157276898e-01
1.650273803600345500e+15,4.535013951416542177e-01
1.650273803602236000e+15,4.488581597897113307e-01
1.650273803604126750e+15,4.545458309263422647e-01
1.650273803606017250e+15,4.628396643112675513e-01
1.650273803607908000e+15,4.711345944739481206e-01
1.650273803609798750e+15,4.794295246366286345e-01
1.650273803611689250e+15,4.877233580215539765e-01
1.650273803613580000e+15,4.960182881842345459e-01
1.650273803615470500e+15,4.946799347869826335e-01
1.650273803617361250e+15,4.920334067589743343e-01
1.650273803619251750e+15,4.893872286619495027e-01
1.650273803621142500e+15,4.867407006339411479e-01
1.650273803623033250e+15,4.840941726059329042e-01
1.650273803624923750e+15,4.814479945089080171e-01
1.650273803626814500e+15,4.788014664808997178e-01
1.650273803628705000e+15,4.808159791238387770e-01
1.650273803630595750e+15,4.832107560252277834e-01
1.650273803632486250e+15,4.856052162828377594e-01
1.650273803634377000e+15,4.879999931842267658e-01
1.650273803636267500e+15,4.903944534418367418e-01
1.650273803638158250e+15,4.915530886204347305e-01
1.650273803640049000e+15,4.924023307475687838e-01
1.650273803641939500e+15,4.932514605856473944e-01
1.650273803643830250e+15,4.941007027127815032e-01
1.650273803645720750e+15,4.949498325508600027e-01
1.650273803647611500e+15,4.957990746779940006e-01
1.650273803649502000e+15,4.966482045160725556e-01
1.650273803651392750e+15,4.972968595877024223e-01
1.650273803653283500e+15,4.977967948069895732e-01
1.650273803655174000e+15,4.982966639235107964e-01
1.650273803657064750e+15,4.987965991427980028e-01
1.650273803658955250e+15,4.992964682593191705e-01
1.650273803660846000e+15,4.997964034786063769e-01
1.650273803662736500e+15,5.002962725951275447e-01
1.650273803664627250e+15,5.007962078144148066e-01
1.650273803666517750e+15,5.012960769309359188e-01
1.650273803668408500e+15,5.017960121502231807e-01
1.650273803670299250e+15,5.022959473695103316e-01
1.650273803672189750e+15,5.027958164860314438e-01
1.650273803674080500e+15,5.028055463908838174e-01
1.650273803675971000e+15,5.016724055568512197e-01
1.650273803677861750e+15,5.005391148761070275e-01
1.650273803679752250e+15,4.994059740420745408e-01
1.650273803681643000e+15,4.982726833613302375e-01
1.650273803683533750e+15,4.971393926805860453e-01
1.650273803685424250e+15,4.960062518465535586e-01
1.650273803687315000e+15,4.948729611658093108e-01
1.650273803689205500e+15,4.937398203317767686e-01
1.650273803691096250e+15,4.926065296510325764e-01
1.650273803692986750e+15,4.914733888170000897e-01
1.650273803694877500e+15,4.908738521234052854e-01
1.650273803696768000e+15,4.908738521234052854e-01
1.650273803698658750e+15,4.908738521234052854e-01
1.650273803700549500e+15,4.908738521234052854e-01
1.650273803702440000e+15,4.908738521234053964e-01
1.650273803704330750e+15,4.908738521234052854e-01
1.650273803706221250e+15,4.908738521234053964e-01
1.650273803708112000e+15,4.908738521234052854e-01
1.650273803710002500e+15,4.908738521234052854e-01
1.650273803711893250e+15,4.908738521234053409e-01
1.650273803713784000e+15,4.908738521234052854e-01
1.650273803715674500e+15,4.912365762665787949e-01
1.650273803717565250e+15,4.917214265131008011e-01
1.650273803719455750e+15,4.922062126514321068e-01
1.650273803721346500e+15,4.926910628979540574e-01
1.650273803723237000e+15,4.931758490362853631e-01
1.650273803725127750e+15,4.936606992828073692e-01
1.650273803727018250e+15,4.941454854211386749e-01
1.650273803728909000e+15,4.946303356676606811e-01
1.650273803730799750e+15,4.951151859141826872e-01
1.650273803732690250e+15,4.955999720525139374e-01
1.650273803734581000e+15,4.960848222990359990e-01
1.650273803736471500e+15,4.965696084373671937e-01
1.650273803738362250e+15,4.970097752749476072e-01
1.650273803740252750e+15,4.970097752749476627e-01
1.650273803742143500e+15,4.970097752749476072e-01
1.650273803744034250e+15,4.970097752749476072e-01
1.650273803745924750e+15,4.970097752749476072e-01
1.650273803747815500e+15,4.970097752749476072e-01
1.650273803749706000e+15,4.970097752749476072e-01
1.650273803751596750e+15,4.970097752749476072e-01
1.650273803753487250e+15,4.970097752749476072e-01
1.650273803755378000e+15,4.970097752749476072e-01
1.650273803757268500e+15,4.970097752749476072e-01
1.650273803759159250e+15,4.970097752749475517e-01
1.650273803761050000e+15,4.970097752749475517e-01
1.650273803762940500e+15,4.970097752749476072e-01
1.650273803764831250e+15,4.970097752749475517e-01
1.650273803766721750e+15,4.970097752749475517e-01
1.650273803768612500e+15,4.970097752749476072e-01
1.650273803770503000e+15,4.970097752749475517e-01
1.650273803772393750e+15,4.970097752749476072e-01
1.650273803774284500e+15,4.970097752749476072e-01
1.650273803776175000e+15,4.970097752749476072e-01
1.650273803778065750e+15,4.970097752749476072e-01
1.650273803779956250e+15,4.970097752749476072e-01
1.650273803781847000e+15,4.970097752749475517e-01
1.650273803783737500e+15,4.970097752749476072e-01
1.650273803785628250e+15,4.971866983629494863e-01
1.650273803787518750e+15,4.976762308881854113e-01
1.650273803789409500e+15,4.981658281492750140e-01
1.650273803791300250e+15,4.986554254103645611e-01
1.650273803793190750e+15,4.991449579356005417e-01
1.650273803795081500e+15,4.996345551966900889e-01
1.650273803796972000e+15,5.001240877219260694e-01
1.650273803798862750e+15,5.006136849830156166e-01
1.650273803800753250e+15,5.011032175082515971e-01
1.650273803802644000e+15,5.015928147693411443e-01
1.650273803804534750e+15,5.020824120304306915e-01
1.650273803806425250e+15,5.025719445556666720e-01
1.650273803808316000e+15,5.030615418167562192e-01
1.650273803810206500e+15,5.020763688379628054e-01
1.650273803812097250e+15,5.007848741592608732e-01
1.650273803813987750e+15,4.994935502454247445e-01
1.650273803815878500e+15,4.982020555667228123e-01
1.650273803817769000e+15,4.970854758498624015e-01
1.650273803819659750e+15,4.980725852431048817e-01
1.650273803821550500e+15,4.990596946363473618e-01
1.650273803823441000e+15,5.000466735113572314e-01
1.650273803825331750e+15,5.010337829045996560e-01
1.650273803827222250e+15,5.020207617796095256e-01
1.650273803829113000e+15,5.030078711728519503e-01
1.650273803831003500e+15,5.022411732072953328e-01
1.650273803832894250e+15,5.011896939215946256e-01
1.650273803834785000e+15,5.001382146358939185e-01
1.650273803836675500e+15,4.990868743795844331e-01
1.650273803838566250e+15,4.980353950938837260e-01
1.650273803840456750e+15,4.969840548375742406e-01
1.650273803842347500e+15,4.959325755518735335e-01
1.650273803844238000e+15,4.948812352955640481e-01
1.650273803846128750e+15,4.938297560098633965e-01
1.650273803848019250e+15,4.927784157535538556e-01
1.650273803849910000e+15,4.917269364678532040e-01
1.650273803851800750e+15,4.912701571083446517e-01
1.650273803853691250e+15,4.933702680376450544e-01
1.650273803855582000e+15,4.954706566859258254e-01
1.650273803857472500e+15,4.975707676152262282e-01
1.650273803859363250e+15,4.996711562635068882e-01
1.650273803861253750e+15,5.017712671928072909e-01
1.650273803863144500e+15,5.040701184171607618e-01
1.650273803865035250e+15,5.067447122922347225e-01
1.650273803866925750e+15,5.094189525253841611e-01
1.650273803868816500e+15,5.120935464004581217e-01
1.650273803870707000e+15,5.147677866336075603e-01
1.650273803872597750e+15,5.174423805086816319e-01
1.650273803874488250e+15,5.201166207418309595e-01
1.650273803876379000e+15,5.207480876984686979e-01
1.650273803878269500e+15,5.190080062866995192e-01
1.650273803880160250e+15,5.172676947663066294e-01
1.650273803882051000e+15,5.155273832459138506e-01
1.650273803883941500e+15,5.137873018341445608e-01
1.650273803885832250e+15,5.120469903137516710e-01
1.650273803887722750e+15,5.103069089019824922e-01
1.650273803889613500e+15,5.085665973815896024e-01
1.650273803891504000e+15,5.068265159698204236e-01
1.650273803893394750e+15,5.050862044494276448e-01
1.650273803895285500e+15,5.033458929290347550e-01
1.650273803897176000e+15,5.092519013520271365e-01
1.650273803899066750e+15,5.161528596194856489e-01
1.650273803900957250e+15,5.230529054238650666e-01
1.650273803902848000e+15,5.299538636913238010e-01
1.650273803904738500e+15,5.368539094957032187e-01
1.650273803906629250e+15,5.437548677631617311e-01
1.650273803908519750e+15,5.456585415603036893e-01
1.650273803910410500e+15,5.449944224522391689e-01
1.650273803912301250e+15,5.443303033441747596e-01
1.650273803914191750e+15,5.436662720477072330e-01
1.650273803916082500e+15,5.430021529396427127e-01
1.650273803917973000e+15,5.423381216431752971e-01
1.650273803919863750e+15,5.416740025351107768e-01
1.650273803921754250e+15,5.410099712386433612e-01
1.650273803923645000e+15,5.403458521305788409e-01
1.650273803925535750e+15,5.399612373357458583e-01
1.650273803927426250e+15,5.399612373357458583e-01
1.650273803929317000e+15,5.399612373357458583e-01
1.650273803931207500e+15,5.399612373357457473e-01
1.650273803933098250e+15,5.399612373357457473e-01
1.650273803934988750e+15,5.399612373357456363e-01
1.650273803936879500e+15,5.399612373357456363e-01
1.650273803938770000e+15,5.399612373357456363e-01
1.650273803940660750e+15,5.399612373357455253e-01
1.650273803942551500e+15,5.399612373357455253e-01
1.650273803944442000e+15,5.399612373357454143e-01
1.650273803946332750e+15,5.399612373357454143e-01
1.650273803948223250e+15,5.399612373357454143e-01
1.650273803950114000e+15,5.399612373357454143e-01
1.650273803952004500e+15,5.399612373357455253e-01
1.650273803953895250e+15,5.399612373357455253e-01
1.650273803955786000e+15,5.399612373357455253e-01
1.650273803957676500e+15,5.399612373357455253e-01
1.650273803959567250e+15,5.399612373357455253e-01
1.650273803961457750e+15,5.399612373357456363e-01
1.650273803963348500e+15,5.399612373357456363e-01
1.650273803965239000e+15,5.399612373357456363e-01
1.650273803967129750e+15,5.399612373357456363e-01
1.650273803969020250e+15,5.399612373357456363e-01
1.650273803970911000e+15,5.399612373357456363e-01
1.650273803972801750e+15,5.399612373357456363e-01
1.650273803974692250e+15,5.410214908335875261e-01
1.650273803976583000e+15,5.420865323004724345e-01
1.650273803978473500e+15,5.431514329447385547e-01
1.650273803980364250e+15,5.442164744116235742e-01
1.650273803982254750e+15,5.452813750558896944e-01
1.650273803984145500e+15,5.459548423200504264e-01
1.650273803986036250e+15,5.453467336766507634e-01
1.650273803987926750e+15,5.447387054389952743e-01
1.650273803989817500e+15,5.441305967955956113e-01
1.650273803991708000e+15,5.435225685579402333e-01
1.650273803993598750e+15,5.429144599145405703e-01
1.650273803995489250e+15,5.423064316768850812e-01
1.650273803997380000e+15,5.416983230334854182e-01
1.650273803999270500e+15,5.410902947958299292e-01
1.650273804001161250e+15,5.404821861524302662e-01
1.650273804003052000e+15,5.401033842988220979e-01
1.650273804004942500e+15,5.410950036113533201e-01
1.650273804006833250e+15,5.420867540557694486e-01
1.650273804008723750e+15,5.430783733683006709e-01
1.650273804010614500e+15,5.440701238127167993e-01
1.650273804012505000e+15,5.450617431252481326e-01
1.650273804014395750e+15,5.460534935696641501e-01
1.650273804016286500e+15,5.460971604872881802e-01
1.650273804018177000e+15,5.460971604872881802e-01
1.650273804020067750e+15,5.460971604872881802e-01
1.650273804021958250e+15,5.460971604872881802e-01
1.650273804023849000e+15,5.460971604872881802e-01
1.650273804025739500e+15,5.460971604872881802e-01
1.650273804027630250e+15,5.470977196905997264e-01
1.650273804029520750e+15,5.491689566726534188e-01
1.650273804031411500e+15,5.512404675553923550e-01
1.650273804033302250e+15,5.533119784381312911e-01
1.650273804035192750e+15,5.553832154201849836e-01
1.650273804037083500e+15,5.574547263029239197e-01
1.650273804038974000e+15,5.590190403826719168e-01
1.650273804040864750e+15,5.601829144495638069e-01
1.650273804042755250e+15,5.613466346259272655e-01
1.650273804044646000e+15,5.625105086928192666e-01
1.650273804046536750e+15,5.636743827597111567e-01
1.650273804048427250e+15,5.648381029360745043e-01
1.650273804050318000e+15,5.660019770029665054e-01
1.650273804052208500e+15,5.671656971793299640e-01
1.650273804054099250e+15,5.683295712462218541e-01
1.650273804055989750e+15,5.694932914225853127e-01
1.650273804057880500e+15,5.706272188520098432e-01
1.650273804059771000e+15,5.696545572120642609e-01
1.650273804061661750e+15,5.686817669471994074e-01
1.650273804063552500e+15,5.677089766823344430e-01
1.650273804065443000e+15,5.667363150423889717e-01
1.650273804067333750e+15,5.657635247775240073e-01
1.650273804069224250e+15,5.647908631375784250e-01
1.650273804071115000e+15,5.638180728727135715e-01
1.650273804073005500e+15,5.628454112327679892e-01
1.650273804074896250e+15,5.618726209679031358e-01
1.650273804076787000e+15,5.608998307030381714e-01
1.650273804078677500e+15,5.599271690630927001e-01
1.650273804080568250e+15,5.589543787982278467e-01
1.650273804082458750e+15,5.594397469539599266e-01
1.650273804084349500e+15,5.621292214996932435e-01
1.650273804086240000e+15,5.648183404359402582e-01
1.650273804088130750e+15,5.675078149816736861e-01
1.650273804090021250e+15,5.701969339179204788e-01
1.650273804091912000e+15,5.728864084636537957e-01
1.650273804093802750e+15,5.755758830093871126e-01
1.650273804095693250e+15,5.756820721699759114e-01
1.650273804097584000e+15,5.737037574938925744e-01
1.650273804099474500e+15,5.717257043958439144e-01
1.650273804101365250e+15,5.697473897197604664e-01
1.650273804103255750e+15,5.677693366217118065e-01
1.650273804105146500e+15,5.657910219456283585e-01
1.650273804107037250e+15,5.638127072695450215e-01
1.650273804108927750e+15,5.618346541714963616e-01
1.650273804110818500e+15,5.598563394954130246e-01
1.650273804112709000e+15,5.587231766244000752e-01
1.650273804114599750e+15,5.601509945640263943e-01
1.650273804116490250e+15,5.615786237137626591e-01
1.650273804118381000e+15,5.630064416533892002e-01
1.650273804120271500e+15,5.644340708031254650e-01
1.650273804122162250e+15,5.658618887427518951e-01
1.650273804124053000e+15,5.672897066823783252e-01
1.650273804125943500e+15,5.687173358321147010e-01
1.650273804127834250e+15,5.701451537717411311e-01
1.650273804129724750e+15,5.715727829214773958e-01
1.650273804131615500e+15,5.730006008611038260e-01
1.650273804133506000e+15,5.744282300108400907e-01
1.650273804135396750e+15,5.758560479504665208e-01
1.650273804137287500e+15,5.765885328058435455e-01
1.650273804139178000e+15,5.760585637489179511e-01
1.650273804141068750e+15,5.755285246088055473e-01
1.650273804142959250e+15,5.749985555518798419e-01
1.650273804144850000e+15,5.744685164117675491e-01
1.650273804146740500e+15,5.739385473548418437e-01
1.650273804148631250e+15,5.734085082147295509e-01
1.650273804150521750e+15,5.728785391578039565e-01
1.650273804152412500e+15,5.723485000176915527e-01
1.650273804154303250e+15,5.718184608775792599e-01
1.650273804156193750e+15,5.712884918206535545e-01
1.650273804158084500e+15,5.707584526805412617e-01
1.650273804159975000e+15,5.706408530934583556e-01
1.650273804161865750e+15,5.706408530934583556e-01
1.650273804163756250e+15,5.706408530934583556e-01
1.650273804165647000e+15,5.706408530934583556e-01
1.650273804167537750e+15,5.706408530934583556e-01
1.650273804169428250e+15,5.706408530934582446e-01
1.650273804171319000e+15,5.706408530934582446e-01
1.650273804173209500e+15,5.706408530934582446e-01
1.650273804175100250e+15,5.706408530934582446e-01
1.650273804176990750e+15,5.706408530934582446e-01
1.650273804178881500e+15,5.706408530934581336e-01
1.650273804180772000e+15,5.706408530934581336e-01
1.650273804182662750e+15,5.711505541819607012e-01
1.650273804184553500e+15,5.717455332423626579e-01
1.650273804186444000e+15,5.723404336330488729e-01
1.650273804188334750e+15,5.729354126934508296e-01
1.650273804190225250e+15,5.735303130841371555e-01
1.650273804192116000e+15,5.741252921445390012e-01
1.650273804194006500e+15,5.747201925352252161e-01
1.650273804195897250e+15,5.753151715956271728e-01
1.650273804197788000e+15,5.759101506560292405e-01
1.650273804199678500e+15,5.765050510467154554e-01
1.650273804201569250e+15,5.772304344469163517e-01
1.650273804203459750e+15,5.780653245230638060e-01
1.650273804205350500e+15,5.789003250051986127e-01
1.650273804207241000e+15,5.797352150813459559e-01
1.650273804209131750e+15,5.805702155634808737e-01
1.650273804211022250e+15,5.814051056396282169e-01
1.650273804212913000e+15,5.822401061217630236e-01
1.650273804214803750e+15,5.829126993965434433e-01
1.650273804216694250e+15,5.829126993965436654e-01
1.650273804218585000e+15,5.829126993965436654e-01
1.650273804220475500e+15,5.829126993965438874e-01
1.650273804222366250e+15,5.829126993965439985e-01
1.650273804224256750e+15,5.826098947975409947e-01
1.650273804226147500e+15,5.818876900727664170e-01
1.650273804228038250e+15,5.811654853479917282e-01
1.650273804229928750e+15,5.804433761150490367e-01
1.650273804231819500e+15,5.797211713902744590e-01
1.650273804233710000e+15,5.789990621573317675e-01
1.650273804235600750e+15,5.782768574325571898e-01
1.650273804237491250e+15,5.775547481996143873e-01
1.650273804239382000e+15,5.768325434748398095e-01
1.650273804241272500e+15,5.767767762450012325e-01
1.650273804243163250e+15,5.767767762450012325e-01
1.650273804245054000e+15,5.767767762450012325e-01
1.650273804246944500e+15,5.767767762450012325e-01
1.650273804248835250e+15,5.771995968683916178e-01
1.650273804250725750e+15,5.777462492113695225e-01
1.650273804252616500e+15,5.782929738437342371e-01
1.650273804254507000e+15,5.788396261867120307e-01
1.650273804256397750e+15,5.793863508190767453e-01
1.650273804258288500e+15,5.799330754514413488e-01
1.650273804260179000e+15,5.804797277944192535e-01
1.650273804262069750e+15,5.810264524267839681e-01
1.650273804263960250e+15,5.815731047697617617e-01
1.650273804265851000e+15,5.821198294021264763e-01
1.650273804267741500e+15,5.826664817451043810e-01
1.650273804269632250e+15,5.831697852752421030e-01
1.650273804271523000e+15,5.836375121216691442e-01
1.650273804273413500e+15,5.841051771240071133e-01
1.650273804275304250e+15,5.845729039704343766e-01
1.650273804277194750e+15,5.850405689727722347e-01
1.650273804279085500e+15,5.855082958191993869e-01
1.650273804280976000e+15,5.859759608215373561e-01
1.650273804282866750e+15,5.864436876679643973e-01
1.650273804284757250e+15,5.869113526703023664e-01
1.650273804286648000e+15,5.873790795167295187e-01
1.650273804288538750e+15,5.878468063631566709e-01
1.650273804290429250e+15,5.883144713654946401e-01
1.650273804292320000e+15,5.887821982119217923e-01
1.650273804294210500e+15,5.888245138297372172e-01
1.650273804296101250e+15,5.883036366825733499e-01
1.650273804297991750e+15,5.877828284071732190e-01
1.650273804299882500e+15,5.872619512600094627e-01
1.650273804301773250e+15,5.867410741128457063e-01
1.650273804303663750e+15,5.862202658374455755e-01
1.650273804305554500e+15,5.856993886902818192e-01
1.650273804307445000e+15,5.851785804148815773e-01
1.650273804309335750e+15,5.846577032677178209e-01
1.650273804311226250e+15,5.841368949923176901e-01
1.650273804313117000e+15,5.836160178451539338e-01
1.650273804315007500e+15,5.830952095697536919e-01
1.650273804316898250e+15,5.825878805183920539e-01
1.650273804318789000e+15,5.820878591108072930e-01
1.650273804320679500e+15,5.815879038173845661e-01
1.650273804322570250e+15,5.810878824097998052e-01
1.650273804324460750e+15,5.805879271163771893e-01
1.650273804326351500e+15,5.800879057087924284e-01
1.650273804328242000e+15,5.795879504153698125e-01
1.650273804330132750e+15,5.790879290077850516e-01
1.650273804332023500e+15,5.785879076002002908e-01
1.650273804333914000e+15,5.780879523067775638e-01
1.650273804335804750e+15,5.775879308991929140e-01
1.650273804337695250e+15,5.770879756057701870e-01
1.650273804339586000e+15,5.779604170402636854e-01
1.650273804341476500e+15,5.810944127313636409e-01
1.650273804343367250e+15,5.842288228625178714e-01
1.650273804345257750e+15,5.873628185536177160e-01
1.650273804347148500e+15,5.904972286847720575e-01
1.650273804349039250e+15,5.936316388159262880e-01
1.650273804350929750e+15,5.949232312675768464e-01
1.650273804352820500e+15,5.944051916739719887e-01
1.650273804354711000e+15,5.938872205769418766e-01
1.650273804356601750e+15,5.933691809833371300e-01
1.650273804358492250e+15,5.928512098863070179e-01
1.650273804360383000e+15,5.923331702927021603e-01
1.650273804362273750e+15,5.918151306990975247e-01
1.650273804364164250e+15,5.912971596020673015e-01
1.650273804366055000e+15,5.907791200084625549e-01
1.650273804367945500e+15,5.902611489114324428e-01
1.650273804369836250e+15,5.897431093178276962e-01
1.650273804371726750e+15,5.892251382207974730e-01
1.650273804373617500e+15,5.898709457615464169e-01
1.650273804375508000e+15,5.911181194759848045e-01
1.650273804377398750e+15,5.923654581168598110e-01
1.650273804379289500e+15,5.936127967577349285e-01
1.650273804381180000e+15,5.948599704721733161e-01
1.650273804383070750e+15,5.951845456996283090e-01
1.650273804384961250e+15,5.951845456996283090e-01
1.650273804386852000e+15,5.951845456996283090e-01
1.650273804388742500e+15,5.951845456996283090e-01
1.650273804390633250e+15,5.951845456996283090e-01
1.650273804392524000e+15,5.951845456996283090e-01
1.650273804394414500e+15,5.951845456996283090e-01
1.650273804396305250e+15,5.951845456996281980e-01
1.650273804398195750e+15,5.957429929477144892e-01
1.650273804400086500e+15,5.963119726779145813e-01
1.650273804401977000e+15,5.968808771760996112e-01
1.650273804403867750e+15,5.974498569062997033e-01
1.650273804405758250e+15,5.980187614044847333e-01
1.650273804407649000e+15,5.985877411346849364e-01
1.650273804409539750e+15,5.991567208648849174e-01
1.650273804411430250e+15,5.997256253630700584e-01
1.650273804413321000e+15,6.002946050932700395e-01
1.650273804415211500e+15,6.008635095914550694e-01
1.650273804417102250e+15,6.013204688511714080e-01
1.650273804418992750e+15,6.013204688511715190e-01
1.650273804420883500e+15,6.013204688511715190e-01
1.650273804422774250e+15,6.013204688511715190e-01
1.650273804424664750e+15,6.013204688511715190e-01
1.650273804426555500e+15,6.013204688511715190e-01
1.650273804428446000e+15,6.013204688511715190e-01
1.650273804430336750e+15,6.013204688511715190e-01
1.650273804432227250e+15,6.013204688511715190e-01
1.650273804434118000e+15,6.013204688511715190e-01
1.650273804436008500e+15,6.013204688511715190e-01
1.650273804437899250e+15,6.014987680886774157e-01
1.650273804439790000e+15,6.025924235089998859e-01
1.650273804441680500e+15,6.036859343232902075e-01
1.650273804443571250e+15,6.047795897436125667e-01
1.650273804445461750e+15,6.058731005579029993e-01
1.650273804447352500e+15,6.069667559782253585e-01
1.650273804449243000e+15,6.073278032926314740e-01
1.650273804451133750e+15,6.070949210094995774e-01
1.650273804453024500e+15,6.068620387263676808e-01
1.650273804454915000e+15,6.066291872355514814e-01
1.650273804456805750e+15,6.063963049524195847e-01
1.650273804458696250e+15,6.061634534616033854e-01
1.650273804460587000e+15,6.059305711784714887e-01
1.650273804462477500e+15,6.056977196876552894e-01
1.650273804464368250e+15,6.054648374045235037e-01
1.650273804466258750e+15,6.052319859137071933e-01
1.650273804468149500e+15,6.049991036305752967e-01
1.650273804470040250e+15,6.047662213474435111e-01
1.650273804471930750e+15,6.045333698566273117e-01
1.650273804473821500e+15,6.043004875734954151e-01
1.650273804475712000e+15,6.040676360826792157e-01
1.650273804477602750e+15,6.038347537995472081e-01
1.650273804479493250e+15,6.036019023087310087e-01
1.650273804481384000e+15,6.033690200255992231e-01
1.650273804483274750e+15,6.031361377424673265e-01
1.650273804485165250e+15,6.029032862516511271e-01
1.650273804487056000e+15,6.026704039685193415e-01
1.650273804488946500e+15,6.024375524777030311e-01
1.650273804490837250e+15,6.022046701945711344e-01
1.650273804492727750e+15,6.019718187037549351e-01
1.650273804494618500e+15,6.017389364206231495e-01
1.650273804496509000e+15,6.015060849298069501e-01
1.650273804498399750e+15,6.014276596605402370e-01
1.650273804500290500e+15,6.019557926190133301e-01
1.650273804502181000e+15,6.024838557463403355e-01
1.650273804504071750e+15,6.030119887048134286e-01
1.650273804505962250e+15,6.035400518321403229e-01
1.650273804507853000e+15,6.040681847906135271e-01
1.650273804509743500e+15,6.045962479179403104e-01
1.650273804511634250e+15,6.051243808764135146e-01
1.650273804513525000e+15,6.056525138348864967e-01
1.650273804515415500e+15,6.061805769622135021e-01
1.650273804517306250e+15,6.067087099206865952e-01
1.650273804519196750e+15,6.072367730480136006e-01
1.650273804521087500e+15,6.074563920027139519e-01
1.650273804522978000e+15,6.074563920027138408e-01
1.650273804524868750e+15,6.074563920027138408e-01
1.650273804526759250e+15,6.074563920027138408e-01
1.650273804528650000e+15,6.074563920027138408e-01
1.650273804530540750e+15,6.074563920027139519e-01
1.650273804532431250e+15,6.074563920027138408e-01
1.650273804534322000e+15,6.074563920027138408e-01
1.650273804536212500e+15,6.074563920027139519e-01
1.650273804538103250e+15,6.074563920027141739e-01
1.650273804539993750e+15,6.074563920027142849e-01
1.650273804541884500e+15,6.074563920027145070e-01
1.650273804543775250e+15,6.074563920027147290e-01
1.650273804545665750e+15,6.074563920027147290e-01
1.650273804547556500e+15,6.074563920027147290e-01
1.650273804549447000e+15,6.074563920027147290e-01
1.650273804551337750e+15,6.074563920027147290e-01
1.650273804553228250e+15,6.074563920027147290e-01
1.650273804555119000e+15,6.074563920027147290e-01
1.650273804557009500e+15,6.074563920027146180e-01
1.650273804558900250e+15,6.074563920027147290e-01
1.650273804560791000e+15,6.074563920027147290e-01
1.650273804562681500e+15,6.074563920027147290e-01
1.650273804564572250e+15,6.074563920027147290e-01
1.650273804566462750e+15,6.074563920027146180e-01
1.650273804568353500e+15,6.074563920027145070e-01
1.650273804570244000e+15,6.074563920027142849e-01
1.650273804572134750e+15,6.074563920027141739e-01
1.650273804574025500e+15,6.074563920027140629e-01
1.650273804575916000e+15,6.074563920027140629e-01
1.650273804577806750e+15,6.074563920027139519e-01
1.650273804579697250e+15,6.074563920027139519e-01
1.650273804581588000e+15,6.074563920027139519e-01
1.650273804583478500e+15,6.074563920027140629e-01
1.650273804585369250e+15,6.074563920027142849e-01
1.650273804587259750e+15,6.074563920027142849e-01
1.650273804589150500e+15,6.074563920027142849e-01
1.650273804591041250e+15,6.074563920027145070e-01
1.650273804592931750e+15,6.074563920027145070e-01
1.650273804594822500e+15,6.074563920027146180e-01
1.650273804596713000e+15,6.074563920027146180e-01
1.650273804598603750e+15,6.074563920027147290e-01
1.650273804600494250e+15,6.074563920027146180e-01
1.650273804602385000e+15,6.074563920027146180e-01
1.650273804604275750e+15,6.074563920027147290e-01
1.650273804606166250e+15,6.074563920027147290e-01
1.650273804608057000e+15,6.074563920027147290e-01
1.650273804609947500e+15,6.074563920027147290e-01
1.650273804611838250e+15,6.074563920027146180e-01
1.650273804613728750e+15,6.074563920027145070e-01
1.650273804615619500e+15,6.074563920027145070e-01
1.650273804617510000e+15,6.074563920027145070e-01
1.650273804619400750e+15,6.074563920027143960e-01
1.650273804621291500e+15,6.074563920027143960e-01
1.650273804623182000e+15,6.074563920027143960e-01
1.650273804625072750e+15,6.074563920027145070e-01
1.650273804626963250e+15,6.074563920027145070e-01
1.650273804628854000e+15,6.074563920027145070e-01
1.650273804630744500e+15,6.074563920027145070e-01
1.650273804632635250e+15,6.074563920027146180e-01
1.650273804634526000e+15,6.074563920027147290e-01
1.650273804636416500e+15,6.074563920027147290e-01
1.650273804638307250e+15,6.074563920027147290e-01
1.650273804640197750e+15,6.074563920027148400e-01
1.650273804642088500e+15,6.074563920027149511e-01
1.650273804643979000e+15,6.074563920027149511e-01
1.650273804645869750e+15,6.074563920027150621e-01
1.650273804647760250e+15,6.074563920027149511e-01
1.650273804649651000e+15,6.074563920027145070e-01
1.650273804651541750e+15,6.074563920027142849e-01
1.650273804653432250e+15,6.074563920027138408e-01
1.650273804655323000e+15,6.074563920027135078e-01
1.650273804657213500e+15,6.074563920027131747e-01
1.650273804659104250e+15,6.090876591581813049e-01
1.650273804660994750e+15,6.108618058904766723e-01
1.650273804662885500e+15,6.126361872361987260e-01
1.650273804664776250e+15,6.144105685819208906e-01
1.650273804666666750e+15,6.161847153142162581e-01
1.650273804668557500e+15,6.179590966599384227e-01
1.650273804670448000e+15,6.197332433922337902e-01
1.650273804672338750e+15,6.215076247379558438e-01
1.650273804674229250e+15,6.232817714702513223e-01
1.650273804676120000e+15,6.250561528159733760e-01
1.650273804678010500e+15,6.274632500282248948e-01
1.650273804679901250e+15,6.304000899654738088e-01
1.650273804681792000e+15,6.333369299027227228e-01
1.650273804683682500e+15,6.362733815231744749e-01
1.650273804685573250e+15,6.392102214604232779e-01
1.650273804687463750e+15,6.421466730808749190e-01
1.650273804689354500e+15,6.437817138100299097e-01
1.650273804691245000e+15,6.420080192048325252e-01
1.650273804693135750e+15,6.402340900459978501e-01
1.650273804695026500e+15,6.384601608871630640e-01
1.650273804696917000e+15,6.366864662819656795e-01
1.650273804698807750e+15,6.349125371231310044e-01
1.650273804700698250e+15,6.331388425179336199e-01
1.650273804702589000e+15,6.328391110628518446e-01
1.650273804704479500e+15,6.351820645506304208e-01
1.650273804706370250e+15,6.375253278709251958e-01
1.650273804708260750e+15,6.398682813587038831e-01
1.650273804710151500e+15,6.422115446789988802e-01
1.650273804712042250e+15,6.440569616933452535e-01
1.650273804713932750e+15,6.422764608924256269e-01
1.650273804715823500e+15,6.404957246378162328e-01
1.650273804717714000e+15,6.387152238368964952e-01
1.650273804719604750e+15,6.369344875822871010e-01
1.650273804721495250e+15,6.351539867813674745e-01
1.650273804723386000e+15,6.333732505267580803e-01
1.650273804725276750e+15,6.320000846088839053e-01
1.650273804727167250e+15,6.320000846088840163e-01
1.650273804729058000e+15,6.320000846088840163e-01
1.650273804730948500e+15,6.320000846088840163e-01
1.650273804732839250e+15,6.320000846088840163e-01
1.650273804734729750e+15,6.320000846088840163e-01
1.650273804736620500e+15,6.320000846088839053e-01
1.650273804738511000e+15,6.324523090468336939e-01
1.650273804740401750e+15,6.330737068346633523e-01
1.650273804742292500e+15,6.336951046224930106e-01
1.650273804744183000e+15,6.343164202474522728e-01
1.650273804746073750e+15,6.349378180352818202e-01
1.650273804747964250e+15,6.355591336602413044e-01
1.650273804749855000e+15,6.361805314480708518e-01
1.650273804751745500e+15,6.368018470730302250e-01
1.650273804753636250e+15,6.374232448608598833e-01
1.650273804755527000e+15,6.380446426486893197e-01
1.650273804757417500e+15,6.373991211824966419e-01
1.650273804759308250e+15,6.365350788276311622e-01
1.650273804761198750e+15,6.356711507187469135e-01
1.650273804763089500e+15,6.348071083638813228e-01
1.650273804764980000e+15,6.339431802549969630e-01
1.650273804766870750e+15,6.330791379001314834e-01
1.650273804768761250e+15,6.322152097912470126e-01
1.650273804770652000e+15,6.320000846088840163e-01
1.650273804772542750e+15,6.320000846088840163e-01
1.650273804774433250e+15,6.320000846088840163e-01
1.650273804776324000e+15,6.320000846088840163e-01
1.650273804778214500e+15,6.320000846088840163e-01
1.650273804780105250e+15,6.320000846088840163e-01
1.650273804781995750e+15,6.320000846088840163e-01
1.650273804783886500e+15,6.320000846088840163e-01
1.650273804785777250e+15,6.320000846088840163e-01
1.650273804787667750e+15,6.320000846088840163e-01
1.650273804789558500e+15,6.320000846088840163e-01
1.650273804791449000e+15,6.320000846088840163e-01
1.650273804793339750e+15,6.320000846088840163e-01
1.650273804795230250e+15,6.320000846088840163e-01
1.650273804797121000e+15,6.320000846088840163e-01
1.650273804799011500e+15,6.320000846088840163e-01
1.650273804800902250e+15,6.320000846088840163e-01
1.650273804802793000e+15,6.320000846088840163e-01
1.650273804804683500e+15,6.320000846088840163e-01
1.650273804806574250e+15,6.320000846088840163e-01
1.650273804808464750e+15,6.320000846088840163e-01
1.650273804810355500e+15,6.320000846088840163e-01
1.650273804812246000e+15,6.320000846088840163e-01
1.650273804814136750e+15,6.320000846088840163e-01
1.650273804816027500e+15,6.320000846088840163e-01
1.650273804817918000e+15,6.320000846088840163e-01
1.650273804819808750e+15,6.320000846088840163e-01
1.650273804821699250e+15,6.320000846088840163e-01
1.650273804823590000e+15,6.320000846088840163e-01
1.650273804825480500e+15,6.320000846088840163e-01
1.650273804827371250e+15,6.320000846088840163e-01
1.650273804829261750e+15,6.320000846088840163e-01
1.650273804831152500e+15,6.320000846088840163e-01
1.650273804833043250e+15,6.320000846088840163e-01
1.650273804834933750e+15,6.320000846088840163e-01
1.650273804836824500e+15,6.320000846088840163e-01
1.650273804838715000e+15,6.320000846088840163e-01
1.650273804840605750e+15,6.320000846088840163e-01
1.650273804842496250e+15,6.320000846088840163e-01
1.650273804844387000e+15,6.320000846088840163e-01
1.650273804846277750e+15,6.320000846088840163e-01
1.650273804848168250e+15,6.320000846088840163e-01
1.650273804850059000e+15,6.320000846088840163e-01
1.650273804851949500e+15,6.320000846088840163e-01
1.650273804853840250e+15,6.320000846088840163e-01
1.650273804855730750e+15,6.320000846088840163e-01
1.650273804857621500e+15,6.320000846088840163e-01
1.650273804859512000e+15,6.323881512717796083e-01
1.650273804861402750e+15,6.329369448715326252e-01
1.650273804863293500e+15,6.334857384712857531e-01
1.650273804865184000e+15,6.340344595080876777e-01
1.650273804867074750e+15,6.345832531078408056e-01
1.650273804868965250e+15,6.351319741446426193e-01
1.650273804870856000e+15,6.356807677443956361e-01
1.650273804872746500e+15,6.362294887811975608e-01
1.650273804874637250e+15,6.367782823809506887e-01
1.650273804876528000e+15,6.373270759807037056e-01
1.650273804878418500e+15,6.378757970175056302e-01
1.650273804880309250e+15,6.381360077604270042e-01
1.650273804882199750e+15,6.381360077604270042e-01
1.650273804884090500e+15,6.381360077604267822e-01
1.650273804885981000e+15,6.381360077604267822e-01
1.650273804887871750e+15,6.381360077604266712e-01
1.650273804889762250e+15,6.381360077604265602e-01
1.650273804891653000e+15,6.381360077604265602e-01
1.650273804893543750e+15,6.377881199083180741e-01
1.650273804895434250e+15,6.369038416099500610e-01
1.650273804897325000e+15,6.360194463744889282e-01
1.650273804899215500e+15,6.351351680761210261e-01
1.650273804901106250e+15,6.342507728406598932e-01
1.650273804902996750e+15,6.333664945422918802e-01
1.650273804904887500e+15,6.324820993068307473e-01
1.650273804906778250e+15,6.317649757989817205e-01
1.650273804908668750e+15,6.312482966881186597e-01
1.650273804910559500e+15,6.307315492515332966e-01
1.650273804912450000e+15,6.302148701406700138e-01
1.650273804914340750e+15,6.296981227040846507e-01
1.650273804916231250e+15,6.291814435932214788e-01
1.650273804918122000e+15,6.286646961566361158e-01
1.650273804920012500e+15,6.281480170457728329e-01
1.650273804921903250e+15,6.276312696091875809e-01
1.650273804923794000e+15,6.271145221726022179e-01
1.650273804925684500e+15,6.265978430617389350e-01
1.650273804927575250e+15,6.260810956251536830e-01
1.650273804929465750e+15,6.264033469165565249e-01
1.650273804931356500e+15,6.273328795420494153e-01
1.650273804933247000e+15,6.282622892622633515e-01
1.650273804935137750e+15,6.291918218877563529e-01
1.650273804937028500e+15,6.301213545132493543e-01
1.650273804938919000e+15,6.310507642334632905e-01
1.650273804940809750e+15,6.319802968589561809e-01
1.650273804942700250e+15,6.330466844531930093e-01
1.650273804944591000e+15,6.341161932523430300e-01
1.650273804946481500e+15,6.351855606381915376e-01
1.650273804948372250e+15,6.362550694373415583e-01
1.650273804950262750e+15,6.373244368231900658e-01
1.650273804952153500e+15,6.383939456223400866e-01
1.650273804954044250e+15,6.394634544214901073e-01
1.650273804955934750e+15,6.405328218073386148e-01
1.650273804957825500e+15,6.416023306064886356e-01
1.650273804959716000e+15,6.426716979923371431e-01
1.650273804961606750e+15,6.437412067914871638e-01
1.650273804963497250e+15,6.435844461701110131e-01
1.650273804965388000e+15,6.422194036123067828e-01
1.650273804967278750e+15,6.408543610545023306e-01
1.650273804969169250e+15,6.394894989862599521e-01
1.650273804971060000e+15,6.381360077604270042e-01
1.650273804972950500e+15,6.381360077604270042e-01
1.650273804974841250e+15,6.381360077604270042e-01
1.650273804976731750e+15,6.381360077604270042e-01
1.650273804978622500e+15,6.381360077604270042e-01
1.650273804980513000e+15,6.381360077604270042e-01
1.650273804982403750e+15,6.381360077604271153e-01
1.650273804984294500e+15,6.381360077604270042e-01
1.650273804986185000e+15,6.381360077604270042e-01
1.650273804988075750e+15,6.381360077604270042e-01
1.650273804989966250e+15,6.381360077604270042e-01
1.650273804991857000e+15,6.381360077604270042e-01
1.650273804993747500e+15,6.381360077604270042e-01
1.650273804995638250e+15,6.383520145871439677e-01
1.650273804997529000e+15,6.393573435905042235e-01
1.650273804999419500e+15,6.403625396665866276e-01
1.650273805001310250e+15,6.413678686699468834e-01
1.650273805003200750e+15,6.423730647460291765e-01
1.650273805005091500e+15,6.433783937493895433e-01
1.650273805006982000e+15,6.442719309119689930e-01
1.650273805008872750e+15,6.442719309119689930e-01
1.650273805010763250e+15,6.442719309119688820e-01
1.650273805012654000e+15,6.442719309119688820e-01
1.650273805014544750e+15,6.442719309119688820e-01
1.650273805016435250e+15,6.442719309119688820e-01
1.650273805018326000e+15,6.442719309119688820e-01
1.650273805020216500e+15,6.442719309119688820e-01
1.650273805022107250e+15,6.442719309119688820e-01
1.650273805023997750e+15,6.442719309119688820e-01
1.650273805025888500e+15,6.442719309119688820e-01
1.650273805027779250e+15,6.442719309119688820e-01
1.650273805029669750e+15,6.442719309119688820e-01
1.650273805031560500e+15,6.442719309119688820e-01
1.650273805033451000e+15,6.442719309119688820e-01
1.650273805035341750e+15,6.442719309119688820e-01
1.650273805037232250e+15,6.442719309119688820e-01
1.650273805039123000e+15,6.442719309119688820e-01
1.650273805041013500e+15,6.442719309119688820e-01
1.650273805042904250e+15,6.442719309119688820e-01
1.650273805044795000e+15,6.442719309119688820e-01
1.650273805046685500e+15,6.442719309119688820e-01
1.650273805048576250e+15,6.442719309119688820e-01
1.650273805050466750e+15,6.442719309119688820e-01
1.650273805052357500e+15,6.442719309119688820e-01
1.650273805054248000e+15,6.442719309119688820e-01
1.650273805056138750e+15,6.442719309119691040e-01
1.650273805058029500e+15,6.442719309119691040e-01
1.650273805059920000e+15,6.442719309119692150e-01
1.650273805061810750e+15,6.442719309119693261e-01
1.650273805063701250e+15,6.442719309119693261e-01
1.650273805065592000e+15,6.442719309119693261e-01
1.650273805067482500e+15,6.442719309119692150e-01
1.650273805069373250e+15,6.442719309119691040e-01
1.650273805071263750e+15,6.442719309119691040e-01
1.650273805073154500e+15,6.442719309119691040e-01
1.650273805075045250e+15,6.442719309119688820e-01
1.650273805076935750e+15,6.442719309119688820e-01
1.650273805078826500e+15,6.442719309119689930e-01
1.650273805080717000e+15,6.442719309119688820e-01
1.650273805082607750e+15,6.442719309119688820e-01
1.650273805084498250e+15,6.442719309119689930e-01
1.650273805086389000e+15,6.442719309119688820e-01
1.650273805088279750e+15,6.442719309119688820e-01
1.650273805090170250e+15,6.442719309119688820e-01
1.650273805092061000e+15,6.442719309119689930e-01
1.650273805093951500e+15,6.442719309119688820e-01
1.650273805095842250e+15,6.442719309119688820e-01
1.650273805097732750e+15,6.442719309119687709e-01
1.650273805099623500e+15,6.442719309119688820e-01
1.650273805101514000e+15,6.442719309119688820e-01
1.650273805103404750e+15,6.442719309119688820e-01
1.650273805105295500e+15,6.442719309119688820e-01
1.650273805107186000e+15,6.442719309119688820e-01
1.650273805109076750e+15,6.442719309119688820e-01
1.650273805110967250e+15,6.442719309119688820e-01
1.650273805112858000e+15,6.442719309119686599e-01
1.650273805114748500e+15,6.442719309119687709e-01
1.650273805116639250e+15,6.442719309119687709e-01
1.650273805118530000e+15,6.442719309119687709e-01
1.650273805120420500e+15,6.442719309119687709e-01
1.650273805122311250e+15,6.442719309119687709e-01
1.650273805124201750e+15,6.442719309119687709e-01
1.650273805126092500e+15,6.442719309119688820e-01
1.650273805127983000e+15,6.442719309119688820e-01
1.650273805129873750e+15,6.442719309119687709e-01
1.650273805131764250e+15,6.442719309119687709e-01
1.650273805133655000e+15,6.442719309119688820e-01
1.650273805135545750e+15,6.442719309119687709e-01
1.650273805137436250e+15,6.442719309119688820e-01
1.650273805139327000e+15,6.442719309119688820e-01
1.650273805141217500e+15,6.442719309119688820e-01
1.650273805143108250e+15,6.442719309119688820e-01
1.650273805144998750e+15,6.442719309119688820e-01
1.650273805146889500e+15,6.442719309119688820e-01
1.650273805148780250e+15,6.442719309119688820e-01
1.650273805150670750e+15,6.442719309119688820e-01
1.650273805152561500e+15,6.442719309119688820e-01
1.650273805154452000e+15,6.442719309119688820e-01
1.650273805156342750e+15,6.442719309119688820e-01
1.650273805158233250e+15,6.442719309119688820e-01
1.650273805160124000e+15,6.442719309119688820e-01
1.650273805162014500e+15,6.442719309119688820e-01
1.650273805163905250e+15,6.442719309119687709e-01
1.650273805165796000e+15,6.442719309119688820e-01
1.650273805167686500e+15,6.442719309119689930e-01
1.650273805169577250e+15,6.442719309119689930e-01
1.650273805171467750e+15,6.442719309119688820e-01
1.650273805173358500e+15,6.442719309119688820e-01
1.650273805175249000e+15,6.442719309119688820e-01
1.650273805177139750e+15,6.442719309119688820e-01
1.650273805179030500e+15,6.442719309119689930e-01
1.650273805180921000e+15,6.442719309119691040e-01
1.650273805182811750e+15,6.442719309119691040e-01
1.650273805184702250e+15,6.442719309119691040e-01
1.650273805186593000e+15,6.442719309119691040e-01
1.650273805188483500e+15,6.442719309119689930e-01
1.650273805190374250e+15,6.442719309119689930e-01
1.650273805192264750e+15,6.442719309119688820e-01
1.650273805194155500e+15,6.442719309119689930e-01
1.650273805196046250e+15,6.442719309119688820e-01
1.650273805197936750e+15,6.442719309119688820e-01
1.650273805199827500e+15,6.442719309119688820e-01
1.650273805201718000e+15,6.442719309119688820e-01
1.650273805203608750e+15,6.442719309119688820e-01
1.650273805205499250e+15,6.442719309119688820e-01
1.650273805207390000e+15,6.442719309119688820e-01
1.650273805209280750e+15,6.442719309119688820e-01
1.650273805211171250e+15,6.442719309119688820e-01
1.650273805213062000e+15,6.442719309119688820e-01
1.650273805214952500e+15,6.442719309119688820e-01
1.650273805216843250e+15,6.442719309119688820e-01
1.650273805218733750e+15,6.442719309119689930e-01
1.650273805220624500e+15,6.442719309119688820e-01
1.650273805222515000e+15,6.442719309119689930e-01
1.650273805224405750e+15,6.442719309119688820e-01
1.650273805226296500e+15,6.442719309119691040e-01
1.650273805228187000e+15,6.442719309119689930e-01
1.650273805230077750e+15,6.442719309119691040e-01
1.650273805231968250e+15,6.442719309119691040e-01
1.650273805233859000e+15,6.442719309119691040e-01
1.650273805235749500e+15,6.442719309119689930e-01
1.650273805237640250e+15,6.442719309119691040e-01
1.650273805239531000e+15,6.442719309119689930e-01
1.650273805241421500e+15,6.442719309119691040e-01
1.650273805243312250e+15,6.437242387656849640e-01
1.650273805245202750e+15,6.427941583681553439e-01
1.650273805247093500e+15,6.418639549766560481e-01
1.650273805248984000e+15,6.409338745791263170e-01
1.650273805250874750e+15,6.400036711876271323e-01
1.650273805252765250e+15,6.390735907900974011e-01
1.650273805254656000e+15,6.381433873985981053e-01
1.650273805256546750e+15,6.381360077604267822e-01
1.650273805258437250e+15,6.381360077604267822e-01
1.650273805260328000e+15,6.381360077604267822e-01
1.650273805262218500e+15,6.381360077604267822e-01
1.650273805264109250e+15,6.381360077604266712e-01
1.650273805265999750e+15,6.387438884449878618e-01
1.650273805267890500e+15,6.398866678676413677e-01
1.650273805269781250e+15,6.410294472902948737e-01
1.650273805271671750e+15,6.421720756116100493e-01
1.650273805273562500e+15,6.433148550342635552e-01
1.650273805275453000e+15,6.444269447703894205e-01
1.650273805277343750e+15,6.453816433137384845e-01
1.650273805279234250e+15,6.463362156243038781e-01
1.650273805281125000e+15,6.472909141676530531e-01
1.650273805283015500e+15,6.482454864782185577e-01
1.650273805284906250e+15,6.492001850215676217e-01
1.650273805286797000e+15,6.501548835649166858e-01
1.650273805288687500e+15,6.495721897440731585e-01
1.650273805290578250e+15,6.484350668135385742e-01
1.650273805292468750e+15,6.472980942364259249e-01
1.650273805294359500e+15,6.461609713058913407e-01
1.650273805296250000e+15,6.450239987287786914e-01
1.650273805298140750e+15,6.438868757982439961e-01
1.650273805300031500e+15,6.427497528677094119e-01
1.650273805301922000e+15,6.416127802905968736e-01
1.650273805303812750e+15,6.404756573600621783e-01
1.650273805305703250e+15,6.393386847829495290e-01
1.650273805307594000e+15,6.382015618524149447e-01
1.650273805309484500e+15,6.386338511404173746e-01
1.650273805311375250e+15,6.391622246294541565e-01
1.650273805313266000e+15,6.396905981184909384e-01
1.650273805315156500e+15,6.402189017445779617e-01
1.650273805317047250e+15,6.407472752336147437e-01
1.650273805318937750e+15,6.412755788597017670e-01
1.650273805320828500e+15,6.418039523487385489e-01
1.650273805322719000e+15,6.423322559748254612e-01
1.650273805324609750e+15,6.428606294638623542e-01
1.650273805326500250e+15,6.433889330899492665e-01
1.650273805328391000e+15,6.439173065789860484e-01
1.650273805330281750e+15,6.442719309119691040e-01
1.650273805332172250e+15,6.442719309119691040e-01
1.650273805334063000e+15,6.442719309119691040e-01
1.650273805335953500e+15,6.442719309119691040e-01
1.650273805337844250e+15,6.442719309119691040e-01
1.650273805339734750e+15,6.442719309119691040e-01
1.650273805341625500e+15,6.442719309119692150e-01
1.650273805343516250e+15,6.442719309119691040e-01
1.650273805345406750e+15,6.442719309119691040e-01
1.650273805347297500e+15,6.442719309119691040e-01
1.650273805349188000e+15,6.442719309119692150e-01
1.650273805351078750e+15,6.442719309119691040e-01
1.650273805352969250e+15,6.442719309119691040e-01
1.650273805354860000e+15,6.442719309119691040e-01
1.650273805356750500e+15,6.442719309119691040e-01
1.650273805358641250e+15,6.442719309119691040e-01
1.650273805360532000e+15,6.442719309119691040e-01
1.650273805362422500e+15,6.442719309119691040e-01
1.650273805364313250e+15,6.442719309119691040e-01
1.650273805366203750e+15,6.442719309119691040e-01
1.650273805368094500e+15,6.442719309119692150e-01
1.650273805369985000e+15,6.442719309119692150e-01
1.650273805371875750e+15,6.442719309119691040e-01
1.650273805373766500e+15,6.442719309119691040e-01
1.650273805375657000e+15,6.442719309119691040e-01
1.650273805377547750e+15,6.442719309119691040e-01
1.650273805379438250e+15,6.442719309119691040e-01
1.650273805381329000e+15,6.442719309119691040e-01
1.650273805383219500e+15,6.442719309119691040e-01
1.650273805385110250e+15,6.442719309119691040e-01
1.650273805387000750e+15,6.442719309119692150e-01
1.650273805388891500e+15,6.442719309119691040e-01
1.650273805390782250e+15,6.442719309119691040e-01
1.650273805392672750e+15,6.442719309119691040e-01
1.650273805394563500e+15,6.442719309119691040e-01
1.650273805396454000e+15,6.442719309119691040e-01
1.650273805398344750e+15,6.442719309119691040e-01
1.650273805400235250e+15,6.442719309119691040e-01
1.650273805402126000e+15,6.442719309119691040e-01
1.650273805404016750e+15,6.442719309119691040e-01
1.650273805405907250e+15,6.442719309119691040e-01
1.650273805407798000e+15,6.442719309119691040e-01
1.650273805409688500e+15,6.442719309119691040e-01
1.650273805411579250e+15,6.442719309119691040e-01
1.650273805413469750e+15,6.442719309119691040e-01
1.650273805415360500e+15,6.442719309119691040e-01
1.650273805417251000e+15,6.442719309119691040e-01
1.650273805419141750e+15,6.442719309119691040e-01
1.650273805421032500e+15,6.442719309119691040e-01
1.650273805422923000e+15,6.442719309119691040e-01
1.650273805424813750e+15,6.442719309119691040e-01
1.650273805426704250e+15,6.442719309119691040e-01
1.650273805428595000e+15,6.442719309119691040e-01
1.650273805430485500e+15,6.442719309119691040e-01
1.650273805432376250e+15,6.442719309119691040e-01
1.650273805434267000e+15,6.442719309119691040e-01
1.650273805436157500e+15,6.442719309119691040e-01
1.650273805438048250e+15,6.442719309119692150e-01
1.650273805439938750e+15,6.442719309119691040e-01
1.650273805441829500e+15,6.442719309119691040e-01
1.650273805443720000e+15,6.442719309119692150e-01
1.650273805445610750e+15,6.442719309119691040e-01
1.650273805447501250e+15,6.442719309119691040e-01
1.650273805449392000e+15,6.442719309119691040e-01
1.650273805451282750e+15,6.442719309119691040e-01
1.650273805453173250e+15,6.442719309119691040e-01
1.650273805455064000e+15,6.442719309119691040e-01
1.650273805456954500e+15,6.442719309119691040e-01
1.650273805458845250e+15,6.442719309119691040e-01
1.650273805460735750e+15,6.442719309119691040e-01
1.650273805462626500e+15,6.442719309119691040e-01
1.650273805464517250e+15,6.442719309119691040e-01
1.650273805466407750e+15,6.442719309119691040e-01
1.650273805468298500e+15,6.442719309119691040e-01
1.650273805470189000e+15,6.442719309119691040e-01
1.650273805472079750e+15,6.442719309119691040e-01
1.650273805473970250e+15,6.442719309119691040e-01
1.650273805475861000e+15,6.442719309119691040e-01
1.650273805477751500e+15,6.442719309119691040e-01
1.650273805479642250e+15,6.442719309119691040e-01
1.650273805481533000e+15,6.442719309119691040e-01
1.650273805483423500e+15,6.442719309119691040e-01
1.650273805485314250e+15,6.442719309119691040e-01
1.650273805487204750e+15,6.442719309119691040e-01
1.650273805489095500e+15,6.442719309119691040e-01
1.650273805490986000e+15,6.442719309119691040e-01
1.650273805492876750e+15,6.442719309119691040e-01
1.650273805494767500e+15,6.442719309119689930e-01
1.650273805496658000e+15,6.442719309119689930e-01
1.650273805498548750e+15,6.442719309119688820e-01
1.650273805500439250e+15,6.442719309119688820e-01
1.650273805502330000e+15,6.442719309119688820e-01
1.650273805504220500e+15,6.442719309119688820e-01
1.650273805506111250e+15,6.442719309119687709e-01
1.650273805508001750e+15,6.442719309119687709e-01
1.650273805509892500e+15,6.442719309119687709e-01
1.650273805511783250e+15,6.443297859222103519e-01
1.650273805513673750e+15,6.447907970786365128e-01
1.650273805515564500e+15,6.452518691992461530e-01
1.650273805517455000e+15,6.457128803556720920e-01
1.650273805519345750e+15,6.461739524762818432e-01
1.650273805521236250e+15,6.466349636327078931e-01
1.650273805523127000e+15,6.470960357533175333e-01
1.650273805525017750e+15,6.475571078739271735e-01
1.650273805526908250e+15,6.480181190303533345e-01
1.650273805528799000e+15,6.484791911509628637e-01
1.650273805530689500e+15,6.489402023073889136e-01
1.650273805532580250e+15,6.494012744279986649e-01
1.650273805534470750e+15,6.498622855844246038e-01
1.650273805536361500e+15,6.503233577050343550e-01
1.650273805538252000e+15,6.495698297073878580e-01
1.650273805540142750e+15,6.485436026663634612e-01
1.650273805542033500e+15,6.475173756253391755e-01
1.650273805543924000e+15,6.464912842747869703e-01
1.650273805545814750e+15,6.454650572337625736e-01
1.650273805547705250e+15,6.444389658832103684e-01
1.650273805549596000e+15,6.434033655584060485e-01
1.650273805551486500e+15,6.423660801503769946e-01
1.650273805553377250e+15,6.413286575715719806e-01
1.650273805555268000e+15,6.402912349927669666e-01
1.650273805557158500e+15,6.392539495847379127e-01
1.650273805559049250e+15,6.382165270059327877e-01
1.650273805560939750e+15,6.393272253061298427e-01
1.650273805562830500e+15,6.406188637718144285e-01
1.650273805564721000e+15,6.419103314536213079e-01
1.650273805566611750e+15,6.432019699193057827e-01
1.650273805568502250e+15,6.436883072446508702e-01
1.650273805570393000e+15,6.402851107944370623e-01
1.650273805572283750e+15,6.368819143442232544e-01
1.650273805574174250e+15,6.334791678737068388e-01
1.650273805576065000e+15,6.300759714234929199e-01
1.650273805577955500e+15,6.266732249529765042e-01
1.650273805579846250e+15,6.232700285027625853e-01
1.650273805581736750e+15,6.198672820322460586e-01
1.650273805583627500e+15,6.216746256829766004e-01
1.650273805585518250e+15,6.237039236887100824e-01
1.650273805587408750e+15,6.257329533752573614e-01
1.650273805589299500e+15,6.277622513809908433e-01
1.650273805591190000e+15,6.297912810675381223e-01
1.650273805593080750e+15,6.318205790732717153e-01
1.650273805594971250e+15,6.309934941409039988e-01
1.650273805596862000e+15,6.298890630210239872e-01
1.650273805598752500e+15,6.287847779319676311e-01
1.650273805600643250e+15,6.276803468120877305e-01
1.650273805602534000e+15,6.265759156922077189e-01
1.650273805604424500e+15,6.254716306031514739e-01
1.650273805606315250e+15,6.243671994832713512e-01
1.650273805608205750e+15,6.232629143942151062e-01
1.650273805610096500e+15,6.221584832743350946e-01
1.650273805611987000e+15,6.210541981852788496e-01
1.650273805613877750e+15,6.199497670653988379e-01
1.650273805615768500e+15,6.205640753500989426e-01
1.650273805617659000e+15,6.216094937637607343e-01
1.650273805619549750e+15,6.226550504237085004e-01
1.650273805621440250e+15,6.237004688373704031e-01
1.650273805623331000e+15,6.247460254973182803e-01
1.650273805625221500e+15,6.257914439109800719e-01
1.650273805627112250e+15,6.268407852521803436e-01
1.650273805629002750e+15,6.278902707057215649e-01
1.650273805630893500e+15,6.289398949433744335e-01
1.650273805632784250e+15,6.299895191810275241e-01
1.650273805634674750e+15,6.310390046345686343e-01
1.650273805636565500e+15,6.320875760931206067e-01
1.650273805638456000e+15,6.331245833091042607e-01
1.650273805640346750e+15,6.341617276590757468e-01
1.650273805642237250e+15,6.351987348750592899e-01
1.650273805644128000e+15,6.362358792250306649e-01
1.650273805646018750e+15,6.372730235750020400e-01
1.650273805647909250e+15,6.380335539909626208e-01
1.650273805649800000e+15,6.374229489015532657e-01
1.650273805651690500e+15,6.368124245479747092e-01
1.650273805653581250e+15,6.362018194585651321e-01
1.650273805655471750e+15,6.355912951049866866e-01
1.650273805657362500e+15,6.349806900155771094e-01
1.650273805659253000e+15,6.343701656619985529e-01
1.650273805661143750e+15,6.337595605725890868e-01
1.650273805663034500e+15,6.331489554831795097e-01
1.650273805664925000e+15,6.325384311296009532e-01
1.650273805666815750e+15,6.320000846088841273e-01
1.650273805668706250e+15,6.320000846088840163e-01
1.650273805670597000e+15,6.320000846088841273e-01
1.650273805672487500e+15,6.320000846088840163e-01
1.650273805674378250e+15,6.320000846088840163e-01
1.650273805676269000e+15,6.320000846088840163e-01
1.650273805678159500e+15,6.320000846088840163e-01
1.650273805680050250e+15,6.320000846088840163e-01
1.650273805681940750e+15,6.320000846088840163e-01
1.650273805683831500e+15,6.320000846088840163e-01
1.650273805685722000e+15,6.320000846088840163e-01
1.650273805687612750e+15,6.320000846088840163e-01
1.650273805689503250e+15,6.320000846088841273e-01
1.650273805691394000e+15,6.320000846088840163e-01
1.650273805693284750e+15,6.320000846088840163e-01
1.650273805695175250e+15,6.320000846088840163e-01
1.650273805697066000e+15,6.320000846088840163e-01
1.650273805698956500e+15,6.320000846088840163e-01
1.650273805700847250e+15,6.320000846088840163e-01
1.650273805702737750e+15,6.320000846088840163e-01
1.650273805704628500e+15,6.320000846088840163e-01
1.650273805706519250e+15,6.320000846088840163e-01
1.650273805708409750e+15,6.320000846088840163e-01
1.650273805710300500e+15,6.320000846088841273e-01
1.650273805712191000e+15,6.320000846088840163e-01
1.650273805714081750e+15,6.320000846088840163e-01
1.650273805715972250e+15,6.320000846088840163e-01
1.650273805717863000e+15,6.320000846088840163e-01
1.650273805719753500e+15,6.320000846088840163e-01
1.650273805721644250e+15,6.320000846088840163e-01
1.650273805723535000e+15,6.320000846088840163e-01
1.650273805725425500e+15,6.320000846088840163e-01
1.650273805727316250e+15,6.320000846088840163e-01
1.650273805729206750e+15,6.320000846088840163e-01
1.650273805731097500e+15,6.320000846088841273e-01
1.650273805732988000e+15,6.320000846088840163e-01
1.650273805734878750e+15,6.320000846088840163e-01
1.650273805736769500e+15,6.320000846088840163e-01
1.650273805738660000e+15,6.320000846088840163e-01
1.650273805740550750e+15,6.320000846088840163e-01
1.650273805742441250e+15,6.320000846088840163e-01
1.650273805744332000e+15,6.320000846088840163e-01
1.650273805746222500e+15,6.320000846088840163e-01
1.650273805748113250e+15,6.320000846088840163e-01
1.650273805750003750e+15,6.320000846088840163e-01
1.650273805751894500e+15,6.320000846088840163e-01
1.650273805753785250e+15,6.320000846088840163e-01
1.650273805755675750e+15,6.320000846088840163e-01
1.650273805757566500e+15,6.320000846088840163e-01
1.650273805759457000e+15,6.320000846088840163e-01
1.650273805761347750e+15,6.320000846088840163e-01
1.650273805763238250e+15,6.320000846088840163e-01
1.650273805765129000e+15,6.320000846088840163e-01
1.650273805767019750e+15,6.320000846088840163e-01
1.650273805768910250e+15,6.320000846088841273e-01
1.650273805770801000e+15,6.320000846088841273e-01
1.650273805772691500e+15,6.320000846088840163e-01
1.650273805774582250e+15,6.320000846088840163e-01
1.650273805776472750e+15,6.320000846088840163e-01
1.650273805778363500e+15,6.320000846088841273e-01
1.650273805780254000e+15,6.320000846088840163e-01
1.650273805782144750e+15,6.320000846088840163e-01
1.650273805784035500e+15,6.320000846088840163e-01
1.650273805785926000e+15,6.320000846088840163e-01
1.650273805787816750e+15,6.320000846088840163e-01
1.650273805789707250e+15,6.320000846088840163e-01
1.650273805791598000e+15,6.320000846088840163e-01
1.650273805793488500e+15,6.320000846088840163e-01
1.650273805795379250e+15,6.320000846088840163e-01
1.650273805797270000e+15,6.320000846088840163e-01
1.650273805799160500e+15,6.320000846088841273e-01
1.650273805801051250e+15,6.320000846088840163e-01
1.650273805802941750e+15,6.320000846088841273e-01
1.650273805804832500e+15,6.320000846088840163e-01
1.650273805806723000e+15,6.320000846088840163e-01
1.650273805808613750e+15,6.320000846088840163e-01
1.650273805810504250e+15,6.320000846088840163e-01
1.650273805812395000e+15,6.320000846088840163e-01
1.650273805814285750e+15,6.320000846088840163e-01
1.650273805816176250e+15,6.320000846088840163e-01
1.650273805818067000e+15,6.320000846088840163e-01
1.650273805819957500e+15,6.320000846088840163e-01
1.650273805821848250e+15,6.320000846088840163e-01
1.650273805823738750e+15,6.320000846088839053e-01
1.650273805825629500e+15,6.320000846088837942e-01
1.650273805827520250e+15,6.320000846088837942e-01
1.650273805829410750e+15,6.320000846088837942e-01
1.650273805831301500e+15,6.320000846088836832e-01
1.650273805833192000e+15,6.315900616987178973e-01
1.650273805835082750e+15,6.306812096267415679e-01
1.650273805836973250e+15,6.297724777256064055e-01
1.650273805838864000e+15,6.288636256536300762e-01
1.650273805840754500e+15,6.279548937524949137e-01
1.650273805842645250e+15,6.270460416805185844e-01
1.650273805844536000e+15,6.261371896085422550e-01
1.650273805846426500e+15,6.258641614573416945e-01
1.650273805848317250e+15,6.258641614573416945e-01
1.650273805850207750e+15,6.258641614573416945e-01
1.650273805852098500e+15,6.258641614573416945e-01
1.650273805853989000e+15,6.258641614573416945e-01
1.650273805855879750e+15,6.258641614573416945e-01
1.650273805857770500e+15,6.258641614573418055e-01
1.650273805859661000e+15,6.258641614573416945e-01
1.650273805861551750e+15,6.258641614573416945e-01
1.650273805863442250e+15,6.258641614573416945e-01
1.650273805865333000e+15,6.258641614573416945e-01
1.650273805867223500e+15,6.258641614573416945e-01
1.650273805869114250e+15,6.258641614573416945e-01
1.650273805871004750e+15,6.258641614573416945e-01
1.650273805872895500e+15,6.258641614573416945e-01
1.650273805874786250e+15,6.258641614573416945e-01
1.650273805876676750e+15,6.258641614573418055e-01
1.650273805878567500e+15,6.258641614573416945e-01
1.650273805880458000e+15,6.250359440198086647e-01
1.650273805882348750e+15,6.241270919478322243e-01
1.650273805884239250e+15,6.232183600466969509e-01
1.650273805886130000e+15,6.223095079747205105e-01
1.650273805888020750e+15,6.214006559027440701e-01
1.650273805889911250e+15,6.204919240016086857e-01
1.650273805891802000e+15,6.193169980058065294e-01
1.650273805893692500e+15,6.167426609623110068e-01
1.650273805895583250e+15,6.141679834881035305e-01
1.650273805897473750e+15,6.115936464446080079e-01
1.650273805899364500e+15,6.090189689704006426e-01
1.650273805901255000e+15,6.080599121114773631e-01
1.650273805903145750e+15,6.095957205174581395e-01
1.650273805905036500e+15,6.111315289234389159e-01
1.650273805906927000e+15,6.126671342607424853e-01
1.650273805908817750e+15,6.142029426667232617e-01
1.650273805910708250e+15,6.157385480040268311e-01
1.650273805912599000e+15,6.172743564100076075e-01
1.650273805914489500e+15,6.188099617473111769e-01
1.650273805916380250e+15,6.203457701532919533e-01
1.650273805918271000e+15,6.218815785592728407e-01
1.650273805920161500e+15,6.234171838965764101e-01
1.650273805922052250e+15,6.249529923025571865e-01
1.650273805923942750e+15,6.258641614573415834e-01
1.650273805925833500e+15,6.258641614573414724e-01
1.650273805927724000e+15,6.258641614573413614e-01
1.650273805929614750e+15,6.258641614573412504e-01
1.650273805931505250e+15,6.258641614573410283e-01
1.650273805933396000e+15,6.258641614573409173e-01
1.650273805935286750e+15,6.258641614573408063e-01
1.650273805937177250e+15,6.225964792649870683e-01
1.650273805939068000e+15,6.169708292716404863e-01
1.650273805940958500e+15,6.113459231167168717e-01
1.650273805942849250e+15,6.057202731233701787e-01
1.650273805944739750e+15,6.014921854526557032e-01
1.650273805946630500e+15,6.022807055844289215e-01
1.650273805948521250e+15,6.030692257162023617e-01
1.650273805950411750e+15,6.038576415877439096e-01
1.650273805952302500e+15,6.046461617195173499e-01
1.650273805954193000e+15,6.054345775910590088e-01
1.650273805956083750e+15,6.062230977228324491e-01
1.650273805957974250e+15,6.070115135943741080e-01
1.650273805959865000e+15,6.078654866444224147e-01
1.650273805961755500e+15,6.088040708921764743e-01
1.650273805963646250e+15,6.097427792584503292e-01
1.650273805965537000e+15,6.106814876247242951e-01
1.650273805967427500e+15,6.116200718724783547e-01
1.650273805969318250e+15,6.125587802387520986e-01
1.650273805971208750e+15,6.134973644865062692e-01
1.650273805973099500e+15,6.125755443473102080e-01
1.650273805974990000e+15,6.114445027406417710e-01
1.650273805976880750e+15,6.103133115648637919e-01
1.650273805978771500e+15,6.091821203890857017e-01
1.650273805980662000e+15,6.080510787824172647e-01
1.650273805982552750e+15,6.069198876066392856e-01
1.650273805984443250e+15,6.057888459999707376e-01
1.650273805986334000e+15,6.046576548241927584e-01
1.650273805988224500e+15,6.035266132175243214e-01
1.650273805990115250e+15,6.023954220417462313e-01
1.650273805992005750e+15,6.011745607229641575e-01
1.650273805993896500e+15,5.982318855932804436e-01
1.650273805995787250e+15,5.952892104635965076e-01
1.650273805997677750e+15,5.923469244222545615e-01
1.650273805999568500e+15,5.894042492925707366e-01
1.650273806001459000e+15,5.882809970849431913e-01
1.650273806003349750e+15,5.874077192002025161e-01
1.650273806005240250e+15,5.865345567825893669e-01
1.650273806007131000e+15,5.856612788978486916e-01
1.650273806009021750e+15,5.847880010131081274e-01
1.650273806010912250e+15,5.839148385954948672e-01
1.650273806012803000e+15,5.830415607107541920e-01
1.650273806014693500e+15,5.836130351256120230e-01
1.650273806016584250e+15,5.844347290627731617e-01
1.650273806018474750e+15,5.852563143533737744e-01
1.650273806020365500e+15,5.860780082905348021e-01
1.650273806022256000e+15,5.868995935811354148e-01
1.650273806024146750e+15,5.877212875182966645e-01
1.650273806026037500e+15,5.885429814554576922e-01
1.650273806027928000e+15,5.890486225480859872e-01
1.650273806029818750e+15,5.890486225480859872e-01
1.650273806031709250e+15,5.890486225480859872e-01
1.650273806033600000e+15,5.890486225480859872e-01
1.650273806035490500e+15,5.890486225480859872e-01
1.650273806037381250e+15,5.890486225480859872e-01
1.650273806039272000e+15,5.890486225480859872e-01
1.650273806041162500e+15,5.890486225480859872e-01
1.650273806043053250e+15,5.890486225480859872e-01
1.650273806044943750e+15,5.890486225480858762e-01
1.650273806046834500e+15,5.890486225480860982e-01
1.650273806048725000e+15,5.878913330101287471e-01
1.650273806050615750e+15,5.867218272945261548e-01
1.650273806052506250e+15,5.855524762140834616e-01
1.650273806054397000e+15,5.843829704984807583e-01
1.650273806056287750e+15,5.832134647828780549e-01
1.650273806058178250e+15,5.829126993965436654e-01
1.650273806060069000e+15,5.829126993965437764e-01
1.650273806061959500e+15,5.829126993965437764e-01
1.650273806063850250e+15,5.829126993965438874e-01
1.650273806065740750e+15,5.829126993965439985e-01
1.650273806067631500e+15,5.829126993965441095e-01
1.650273806069522250e+15,5.829126993965439985e-01
1.650273806071412750e+15,5.824729863902439186e-01
1.650273806073303500e+15,5.819026640670319495e-01
1.650273806075194000e+15,5.813324171533562623e-01
1.650273806077084750e+15,5.807620948301441821e-01
1.650273806078975250e+15,5.801918479164686060e-01
1.650273806080866000e+15,5.796215255932566368e-01
1.650273806082756500e+15,5.790512786795810607e-01
1.650273806084647250e+15,5.784809563563690915e-01
1.650273806086538000e+15,5.779106340331570113e-01
1.650273806088428500e+15,5.773403871194814352e-01
1.650273806090319250e+15,5.767999179163509904e-01
1.650273806092209750e+15,5.787661799246549554e-01
1.650273806094100500e+15,5.807327019517383171e-01
1.650273806095991000e+15,5.826989639600423931e-01
1.650273806097881750e+15,5.846654859871256438e-01
1.650273806099772500e+15,5.866320080142090054e-01
1.650273806101663000e+15,5.885982700225129705e-01
1.650273806103553750e+15,5.886313700419441020e-01
1.650273806105444250e+15,5.880902512884809141e-01
1.650273806107335000e+15,5.875490609773936779e-01
1.650273806109225500e+15,5.870079422239304900e-01
1.650273806111116250e+15,5.864667519128431428e-01
1.650273806113006750e+15,5.859256331593799549e-01
1.650273806114897500e+15,5.853844428482926077e-01
1.650273806116788250e+15,5.848432525372053714e-01
1.650273806118678750e+15,5.843021337837420726e-01
1.650273806120569500e+15,5.837609434726548363e-01
1.650273806122460000e+15,5.832198247191915375e-01
1.650273806124350750e+15,5.825380521063791006e-01
1.650273806126241250e+15,5.816719307953965856e-01
1.650273806128132000e+15,5.808056949484035059e-01
1.650273806130022750e+15,5.799394591014104261e-01
1.650273806131913250e+15,5.790733377904279111e-01
1.650273806133804000e+15,5.782071019434349424e-01
1.650273806135694500e+15,5.773409806324522053e-01
1.650273806137585250e+15,5.771533104847537121e-01
1.650273806139475750e+15,5.782330798897605817e-01
1.650273806141366500e+15,5.793129920836336266e-01
1.650273806143257000e+15,5.803927614886406072e-01
1.650273806145147750e+15,5.814726736825135411e-01
1.650273806147038500e+15,5.825525858763866971e-01
1.650273806148929000e+15,5.829126993965436654e-01
1.650273806150819750e+15,5.829126993965436654e-01
1.650273806152710250e+15,5.829126993965436654e-01
1.650273806154601000e+15,5.829126993965436654e-01
1.650273806156491500e+15,5.829126993965436654e-01
1.650273806158382250e+15,5.829126993965436654e-01
1.650273806160273000e+15,5.829126993965436654e-01
1.650273806162163500e+15,5.829126993965436654e-01
1.650273806164054250e+15,5.829126993965436654e-01
1.650273806165944750e+15,5.829126993965436654e-01
1.650273806167835500e+15,5.829126993965436654e-01
1.650273806169726000e+15,5.829126993965436654e-01
1.650273806171616750e+15,5.829126993965436654e-01
1.650273806173507250e+15,5.829126993965436654e-01
1.650273806175398000e+15,5.829126993965436654e-01
1.650273806177288750e+15,5.829126993965436654e-01
1.650273806179179250e+15,5.829126993965436654e-01
1.650273806181070000e+15,5.829126993965436654e-01
1.650273806182960500e+15,5.829126993965436654e-01
1.650273806184851250e+15,5.829126993965436654e-01
1.650273806186741750e+15,5.829126993965436654e-01
1.650273806188632500e+15,5.829126993965436654e-01
1.650273806190523250e+15,5.829126993965436654e-01
1.650273806192413750e+15,5.829126993965437764e-01
1.650273806194304500e+15,5.829126993965436654e-01
1.650273806196195000e+15,5.829126993965436654e-01
1.650273806198085750e+15,5.829126993965436654e-01
1.650273806199976250e+15,5.829126993965436654e-01
1.650273806201867000e+15,5.829126993965436654e-01
1.650273806203757500e+15,5.829126993965435544e-01
1.650273806205648250e+15,5.829126993965436654e-01
1.650273806207539000e+15,5.829126993965436654e-01
1.650273806209429500e+15,5.829126993965436654e-01
1.650273806211320250e+15,5.829126993965436654e-01
1.650273806213210750e+15,5.829126993965436654e-01
1.650273806215101500e+15,5.829126993965436654e-01
1.650273806216992000e+15,5.829126993965436654e-01
1.650273806218882750e+15,5.829126993965436654e-01
1.650273806220773500e+15,5.829126993965436654e-01
1.650273806222664000e+15,5.829126993965436654e-01
1.650273806224554750e+15,5.829126993965436654e-01
1.650273806226445250e+15,5.829126993965436654e-01
1.650273806228336000e+15,5.829126993965436654e-01
1.650273806230226500e+15,5.829126993965436654e-01
1.650273806232117250e+15,5.829126993965436654e-01
1.650273806234007750e+15,5.829126993965436654e-01
1.650273806235898500e+15,5.829126993965436654e-01
1.650273806237789250e+15,5.829126993965436654e-01
1.650273806239679750e+15,5.829126993965436654e-01
1.650273806241570500e+15,5.829126993965436654e-01
1.650273806243461000e+15,5.829126993965436654e-01
1.650273806245351750e+15,5.829126993965436654e-01
1.650273806247242250e+15,5.829126993965436654e-01
1.650273806249133000e+15,5.829126993965436654e-01
1.650273806251023750e+15,5.829126993965436654e-01
1.650273806252914250e+15,5.829126993965436654e-01
1.650273806254805000e+15,5.829126993965436654e-01
1.650273806256695500e+15,5.829126993965436654e-01
1.650273806258586250e+15,5.829126993965436654e-01
1.650273806260476750e+15,5.829126993965436654e-01
1.650273806262367500e+15,5.829126993965436654e-01
1.650273806264258000e+15,5.829126993965436654e-01
1.650273806266148750e+15,5.829126993965435544e-01
1.650273806268039500e+15,5.829126993965435544e-01
1.650273806269930000e+15,5.829126993965434433e-01
1.650273806271820750e+15,5.829126993965434433e-01
1.650273806273711250e+15,5.829126993965433323e-01
1.650273806275602000e+15,5.829126993965433323e-01
1.650273806277492500e+15,5.829126993965432213e-01
1.650273806279383250e+15,5.839273811529004377e-01
1.650273806281274000e+15,5.853295441573456159e-01
1.650273806283164500e+15,5.867315217640645120e-01
1.650273806285055250e+15,5.881336847685099123e-01
1.650273806286945750e+15,5.887285965371449326e-01
1.650273806288836500e+15,5.878072578539507154e-01
1.650273806290727000e+15,5.868860409926108801e-01
1.650273806292617750e+15,5.859647023094167739e-01
1.650273806294508250e+15,5.850434854480768276e-01
1.650273806296399000e+15,5.841221467648827215e-01
1.650273806298289750e+15,5.832008080816886153e-01
1.650273806300180250e+15,5.829126993965432213e-01
1.650273806302071000e+15,5.829126993965433323e-01
1.650273806303961500e+15,5.829126993965433323e-01
1.650273806305852250e+15,5.829126993965434433e-01
1.650273806307742750e+15,5.829126993965434433e-01
1.650273806309633500e+15,5.829126993965434433e-01
1.650273806311524250e+15,5.829126993965434433e-01
1.650273806313414750e+15,5.829126993965434433e-01
1.650273806315305500e+15,5.829126993965435544e-01
1.650273806317196000e+15,5.829126993965436654e-01
1.650273806319086750e+15,5.829126993965435544e-01
1.650273806320977250e+15,5.829126993965436654e-01
1.650273806322868000e+15,5.829126993965436654e-01
1.650273806324758500e+15,5.829126993965436654e-01
1.650273806326649250e+15,5.829126993965434433e-01
1.650273806328540000e+15,5.829126993965434433e-01
1.650273806330430500e+15,5.829126993965432213e-01
1.650273806332321250e+15,5.829126993965432213e-01
1.650273806334211750e+15,5.829126993965432213e-01
1.650273806336102500e+15,5.829126993965432213e-01
1.650273806337993000e+15,5.829126993965432213e-01
1.650273806339883750e+15,5.829126993965432213e-01
1.650273806341774500e+15,5.829126993965432213e-01
1.650273806343665000e+15,5.829126993965432213e-01
1.650273806345555750e+15,5.829126993965432213e-01
1.650273806347446250e+15,5.829126993965432213e-01
1.650273806349337000e+15,5.829126993965432213e-01
1.650273806351227500e+15,5.829126993965432213e-01
1.650273806353118250e+15,5.829126993965431103e-01
1.650273806355008750e+15,5.829049662211689409e-01
1.650273806356899500e+15,5.818415843056072845e-01
1.650273806358790250e+15,5.807782023900456281e-01
1.650273806360680750e+15,5.797149610776726192e-01
1.650273806362571500e+15,5.786515791621108518e-01
1.650273806364462000e+15,5.775883378497377318e-01
1.650273806366352750e+15,5.767767762450013436e-01
1.650273806368243250e+15,5.767767762450012325e-01
1.650273806370134000e+15,5.767767762450012325e-01
1.650273806372024750e+15,5.767767762450011215e-01
1.650273806373915250e+15,5.767767762450011215e-01
1.650273806375806000e+15,5.767767762450011215e-01
1.650273806377696500e+15,5.767767762450011215e-01
1.650273806379587250e+15,5.767767762450010105e-01
1.650273806381477750e+15,5.767767762450008995e-01
1.650273806383368500e+15,5.767767762450008995e-01
1.650273806385259250e+15,5.767767762450008995e-01
1.650273806387149750e+15,5.767767762450008995e-01
1.650273806389040500e+15,5.767618886819615431e-01
1.650273806390931000e+15,5.756998155526819039e-01
1.650273806392821750e+15,5.746376019746943786e-01
1.650273806394712250e+15,5.735755288454148504e-01
1.650273806396603000e+15,5.725133152674273251e-01
1.650273806398493500e+15,5.714512421381477969e-01
1.650273806400384250e+15,5.708533069442752739e-01
1.650273806402275000e+15,5.717494522168521387e-01
1.650273806404165500e+15,5.726454789987145411e-01
1.650273806406056250e+15,5.735416242712914059e-01
1.650273806407946750e+15,5.744376510531539193e-01
1.650273806409837500e+15,5.753337963257306731e-01
1.650273806411728000e+15,5.762298231075931865e-01
1.650273806413618750e+15,5.767767762450008995e-01
1.650273806415509500e+15,5.767767762450008995e-01
1.650273806417400000e+15,5.767767762450008995e-01
1.650273806419290750e+15,5.767767762450008995e-01
1.650273806421181250e+15,5.767767762450008995e-01
1.650273806423072000e+15,5.767767762450008995e-01
1.650273806424962500e+15,5.767767762450008995e-01
1.650273806426853250e+15,5.767767762450008995e-01
1.650273806428743750e+15,5.767767762450008995e-01
1.650273806430634500e+15,5.767767762450008995e-01
1.650273806432525250e+15,5.767767762450008995e-01
1.650273806434415750e+15,5.767767762450008995e-01
1.650273806436306500e+15,5.767767762450008995e-01
1.650273806438197000e+15,5.767767762450008995e-01
1.650273806440087750e+15,5.767767762450008995e-01
1.650273806441978250e+15,5.767767762450008995e-01
1.650273806443869000e+15,5.767767762450008995e-01
1.650273806445759750e+15,5.767767762450008995e-01
1.650273806447650250e+15,5.767767762450010105e-01
1.650273806449541000e+15,5.767767762450008995e-01
1.650273806451431500e+15,5.767767762450008995e-01
1.650273806453322250e+15,5.767767762450008995e-01
1.650273806455212750e+15,5.767767762450008995e-01
1.650273806457103500e+15,5.767767762450008995e-01
1.650273806458994000e+15,5.767767762450008995e-01
1.650273806460884750e+15,5.767767762450008995e-01
1.650273806462775500e+15,5.767767762450008995e-01
1.650273806464666000e+15,5.767767762450008995e-01
1.650273806466556750e+15,5.767767762450008995e-01
1.650273806468447250e+15,5.767767762450008995e-01
1.650273806470338000e+15,5.767767762450008995e-01
1.650273806472228500e+15,5.767767762450010105e-01
1.650273806474119250e+15,5.767767762450011215e-01
1.650273806476010000e+15,5.767767762450011215e-01
1.650273806477900500e+15,5.767767762450012325e-01
1.650273806479791250e+15,5.767767762450013436e-01
1.650273806481681750e+15,5.767767762450013436e-01
1.650273806483572500e+15,5.767767762450012325e-01
1.650273806485463000e+15,5.767767762450011215e-01
1.650273806487353750e+15,5.767767762450011215e-01
1.650273806489244250e+15,5.767767762450010105e-01
1.650273806491135000e+15,5.767767762450008995e-01
1.650273806493025750e+15,5.767767762450008995e-01
1.650273806494916250e+15,5.767767762450008995e-01
1.650273806496807000e+15,5.767767762450008995e-01
1.650273806498697500e+15,5.767767762450008995e-01
1.650273806500588250e+15,5.767562846481059102e-01
1.650273806502478750e+15,5.762482274162388229e-01
1.650273806504369500e+15,5.757401029988081786e-01
1.650273806506260250e+15,5.752319785813775344e-01
1.650273806508150750e+15,5.747239213495105581e-01
1.650273806510041500e+15,5.742157969320798028e-01
1.650273806511932000e+15,5.737077397002127155e-01
1.650273806513822750e+15,5.731996152827820712e-01
1.650273806515713250e+15,5.726915580509149839e-01
1.650273806517604000e+15,5.721834336334843396e-01
1.650273806519494500e+15,5.716753764016172523e-01
1.650273806521385250e+15,5.711672519841866080e-01
1.650273806523276000e+15,5.706591275667558527e-01
1.650273806525166500e+15,5.706408530934594658e-01
1.650273806527057250e+15,5.706408530934594658e-01
1.650273806528947750e+15,5.706408530934593548e-01
1.650273806530838500e+15,5.706408530934594658e-01
1.650273806532729000e+15,5.706408530934593548e-01
1.650273806534619750e+15,5.706408530934592438e-01
1.650273806536510500e+15,5.706408530934592438e-01
1.650273806538401000e+15,5.706408530934592438e-01
1.650273806540291750e+15,5.706408530934592438e-01
1.650273806542182250e+15,5.706408530934591328e-01
1.650273806544073000e+15,5.706408530934591328e-01
1.650273806545963500e+15,5.706408530934590217e-01
1.650273806547854250e+15,5.706408530934591328e-01
1.650273806549744750e+15,5.706408530934590217e-01
1.650273806551635500e+15,5.706408530934590217e-01
1.650273806553526250e+15,5.706408530934590217e-01
1.650273806555416750e+15,5.706408530934590217e-01
1.650273806557307500e+15,5.706408530934590217e-01
1.650273806559198000e+15,5.706408530934590217e-01
1.650273806561088750e+15,5.708681897484795265e-01
1.650273806562979250e+15,5.714331321688755905e-01
1.650273806564870000e+15,5.719981492973409409e-01
1.650273806566760750e+15,5.725631664258062914e-01
1.650273806568651250e+15,5.731281088462023554e-01
1.650273806570542000e+15,5.736931259746677059e-01
1.650273806572432500e+15,5.742580683950637699e-01
1.650273806574323250e+15,5.748230855235291203e-01
1.650273806576213750e+15,5.753880279439251844e-01
1.650273806578104500e+15,5.759530450723905348e-01
1.650273806579995000e+15,5.765179874927865988e-01
1.650273806581885750e+15,5.767767762450017877e-01
1.650273806583776500e+15,5.767767762450015656e-01
1.650273806585667000e+15,5.767767762450013436e-01
1.650273806587557750e+15,5.767767762450012325e-01
1.650273806589448250e+15,5.767767762450011215e-01
1.650273806591339000e+15,5.767767762450008995e-01
1.650273806593229500e+15,5.764539551556502328e-01
1.650273806595120250e+15,5.759373457822353215e-01
1.650273806597011000e+15,5.754207364088204102e-01
1.650273806598901500e+15,5.749041953428725149e-01
1.650273806600792250e+15,5.743875859694576036e-01
1.650273806602682750e+15,5.738710449035098193e-01
1.650273806604573500e+15,5.733544355300947970e-01
1.650273806606464000e+15,5.728378944641470127e-01
1.650273806608354750e+15,5.723212850907321014e-01
1.650273806610245250e+15,5.718047440247843172e-01
1.650273806612136000e+15,5.712881346513694059e-01
1.650273806614026750e+15,5.707715252779544945e-01
1.650273806615917250e+15,5.722950398779895753e-01
1.650273806617808000e+15,5.745096999331158472e-01
1.650273806619698500e+15,5.767240671599921376e-01
1.650273806621589250e+15,5.789387272151184094e-01
1.650273806623479750e+15,5.811530944419946998e-01
1.650273806625370500e+15,5.825751454253776940e-01
1.650273806627261250e+15,5.809323393224635756e-01
1.650273806629151750e+15,5.792897504357471528e-01
1.650273806631042500e+15,5.776469443328331455e-01
1.650273806632933000e+15,5.760043554461167226e-01
1.650273806634823750e+15,5.743615493432027153e-01
1.650273806636714250e+15,5.727189604564862924e-01
1.650273806638605000e+15,5.710761543535722851e-01
1.650273806640495500e+15,5.714035210618876315e-01
1.650273806642386250e+15,5.724413148447643485e-01
1.650273806644277000e+15,5.734791086276409544e-01
1.650273806646167500e+15,5.745167651906601947e-01
1.650273806648058250e+15,5.755545589735369116e-01
1.650273806649948750e+15,5.765922155365559298e-01
1.650273806651839500e+15,5.767767762450008995e-01
1.650273806653730000e+15,5.767767762450008995e-01
1.650273806655620750e+15,5.767767762450008995e-01
1.650273806657511500e+15,5.767767762450008995e-01
1.650273806659402000e+15,5.767767762450008995e-01
1.650273806661292750e+15,5.765890379269231758e-01
1.650273806663183250e+15,5.757612378328682556e-01
1.650273806665074000e+15,5.749333282704063297e-01
1.650273806666964500e+15,5.741055281763512985e-01
1.650273806668855250e+15,5.732776186138894836e-01
1.650273806670745750e+15,5.724498185198344524e-01
1.650273806672636500e+15,5.716219089573725265e-01
1.650273806674527250e+15,5.707939993949106006e-01
1.650273806676417750e+15,5.722951794342897580e-01
1.650273806678308500e+15,5.743253060148040268e-01
1.650273806680199000e+15,5.763551641665757286e-01
1.650273806682089750e+15,5.783852907470898863e-01
1.650273806683980250e+15,5.804151488988615881e-01
1.650273806685871000e+15,5.824452754793758569e-01
1.650273806687761750e+15,5.844754020598902367e-01
1.650273806689652250e+15,5.865052602116618274e-01
1.650273806691543000e+15,5.885353867921760962e-01
1.650273806693433500e+15,5.879518126959527580e-01
1.650273806695324250e+15,5.864836404991951024e-01
1.650273806697214750e+15,5.850156624280751227e-01
1.650273806699105500e+15,5.835474902313174672e-01
1.650273806700996000e+15,5.820795121601973765e-01
1.650273806702886750e+15,5.806113399634397210e-01
1.650273806704777500e+15,5.791431677666821765e-01
1.650273806706668000e+15,5.776751896955620857e-01
1.650273806708558750e+15,5.770158117434051048e-01
1.650273806710449250e+15,5.776316844653585081e-01
1.650273806712340000e+15,5.782476386304118421e-01
1.650273806714230500e+15,5.788635113523650233e-01
1.650273806716121250e+15,5.794794655174183573e-01
1.650273806718012000e+15,5.800954196824716913e-01
1.650273806719902500e+15,5.807112924044249835e-01
1.650273806721793250e+15,5.813272465694783175e-01
1.650273806723683750e+15,5.819431192914316098e-01
1.650273806725574500e+15,5.825590734564849438e-01
1.650273806727465000e+15,5.829126993965432213e-01
1.650273806729355750e+15,5.829126993965432213e-01
1.650273806731246250e+15,5.829126993965432213e-01
1.650273806733137000e+15,5.829126993965432213e-01
1.650273806735027750e+15,5.829126993965432213e-01
1.650273806736918250e+15,5.829126993965432213e-01
1.650273806738809000e+15,5.829126993965432213e-01
1.650273806740699500e+15,5.829126993965432213e-01
1.650273806742590250e+15,5.829126993965432213e-01
1.650273806744480750e+15,5.829126993965432213e-01
1.650273806746371500e+15,5.829126993965432213e-01
1.650273806748262250e+15,5.829126993965431103e-01
1.650273806750152750e+15,5.829126993965432213e-01
1.650273806752043500e+15,5.829126993965432213e-01
1.650273806753934000e+15,5.829126993965432213e-01
1.650273806755824750e+15,5.829126993965432213e-01
1.650273806757715250e+15,5.829126993965432213e-01
1.650273806759606000e+15,5.829126993965432213e-01
1.650273806761496500e+15,5.829126993965432213e-01
1.650273806763387250e+15,5.829126993965432213e-01
1.650273806765278000e+15,5.829126993965432213e-01
1.650273806767168500e+15,5.829126993965432213e-01
1.650273806769059250e+15,5.829126993965432213e-01
1.650273806770949750e+15,5.829126993965433323e-01
1.650273806772840500e+15,5.829126993965433323e-01
1.650273806774731000e+15,5.829126993965434433e-01
1.650273806776621750e+15,5.829126993965434433e-01
1.650273806778512500e+15,5.829126993965435544e-01
1.650273806780403000e+15,5.829126993965435544e-01
1.650273806782293750e+15,5.829126993965436654e-01
1.650273806784184250e+15,5.829126993965436654e-01
1.650273806786075000e+15,5.829126993965435544e-01
1.650273806787965500e+15,5.829126993965434433e-01
1.650273806789856250e+15,5.829126993965434433e-01
1.650273806791746750e+15,5.829126993965433323e-01
1.650273806793637500e+15,5.829126993965432213e-01
1.650273806795528250e+15,5.829126993965432213e-01
1.650273806797418750e+15,5.829126993965432213e-01
1.650273806799309500e+15,5.829126993965432213e-01
1.650273806801200000e+15,5.829126993965432213e-01
1.650273806803090750e+15,5.829126993965431103e-01
1.650273806804981250e+15,5.829126993965432213e-01
1.650273806806872000e+15,5.829126993965433323e-01
1.650273806808762750e+15,5.829126993965432213e-01
1.650273806810653250e+15,5.829126993965432213e-01
1.650273806812544000e+15,5.829126993965432213e-01
1.650273806814434500e+15,5.829126993965432213e-01
1.650273806816325250e+15,5.829126993965432213e-01
1.650273806818215750e+15,5.829126993965433323e-01
1.650273806820106500e+15,5.829126993965432213e-01
1.650273806821997000e+15,5.829126993965432213e-01
1.650273806823887750e+15,5.829126993965433323e-01
1.650273806825778500e+15,5.829126993965434433e-01
1.650273806827669000e+15,5.829126993965434433e-01
1.650273806829559750e+15,5.829126993965434433e-01
1.650273806831450250e+15,5.829126993965434433e-01
1.650273806833341000e+15,5.829126993965435544e-01
1.650273806835231500e+15,5.829126993965435544e-01
1.650273806837122250e+15,5.829126993965436654e-01
1.650273806839013000e+15,5.802310798575107675e-01
1.650273806840903500e+15,5.770997631567438280e-01
1.650273806842794250e+15,5.739680323701925602e-01
1.650273806844684750e+15,5.708367156694256206e-01
1.650273806846575500e+15,5.677049848828744638e-01
1.650273806848466000e+15,5.645736681821075242e-01
1.650273806850356750e+15,5.614419373955562564e-01
1.650273806852247250e+15,5.583805367914977946e-01
1.650273806854138000e+15,5.589989864262746577e-01
1.650273806856028750e+15,5.596174360610516318e-01
1.650273806857919250e+15,5.602358039227708364e-01
1.650273806859810000e+15,5.608542535575478105e-01
1.650273806861700500e+15,5.614726214192670151e-01
1.650273806863591250e+15,5.620910710540438782e-01
1.650273806865481750e+15,5.627094389157631937e-01
1.650273806867372500e+15,5.633278885505400568e-01
1.650273806869263250e+15,5.639463381853169199e-01
1.650273806871153750e+15,5.645049299419162558e-01
1.650273806873044500e+15,5.645049299419162558e-01
1.650273806874935000e+15,5.645049299419162558e-01
1.650273806876825750e+15,5.645049299419162558e-01
1.650273806878716250e+15,5.645049299419162558e-01
1.650273806880607000e+15,5.645049299419162558e-01
1.650273806882497500e+15,5.645049299419162558e-01
1.650273806884388250e+15,5.645355321727224540e-01
1.650273806886279000e+15,5.654222933665449258e-01
1.650273806888169500e+15,5.663089373104408519e-01
1.650273806890060250e+15,5.671956985042632127e-01
1.650273806891950750e+15,5.680823424481592498e-01
1.650273806893841500e+15,5.689691036419816106e-01
1.650273806895732000e+15,5.698557475858776478e-01
1.650273806897622750e+15,5.703971141869988992e-01
1.650273806899513500e+15,5.682709350064290010e-01
1.650273806901404000e+15,5.661450369549322348e-01
1.650273806903294750e+15,5.640188577743623366e-01
1.650273806905185250e+15,5.618929597228655703e-01
1.650273806907076000e+15,5.597667805422956722e-01
1.650273806908966500e+15,5.587952954428001551e-01
1.650273806910857250e+15,5.600400912259311248e-01
1.650273806912747750e+15,5.612847224188488582e-01
1.650273806914638500e+15,5.625295182019798279e-01
1.650273806916529250e+15,5.637743139851109087e-01
1.650273806918419750e+15,5.637730344411039374e-01
1.650273806920310500e+15,5.620005958651692612e-01
1.650273806922201000e+15,5.602283916457830859e-01
1.650273806924091750e+15,5.584559530698485208e-01
1.650273806925982250e+15,5.566837488504623455e-01
1.650273806927873000e+15,5.549113102745277804e-01
1.650273806929763750e+15,5.531388716985932152e-01
1.650273806931654250e+15,5.527880698865978992e-01
1.650273806933545000e+15,5.539234123242139374e-01
1.650273806935435500e+15,5.550586046438293897e-01
1.650273806937326250e+15,5.561939470814454278e-01
1.650273806939216750e+15,5.573291394010608801e-01
1.650273806941107500e+15,5.584644818386770293e-01
1.650273806942998000e+15,5.595996741582924816e-01
1.650273806944888750e+15,5.607350165959084087e-01
1.650273806946779500e+15,5.618703590335244469e-01
1.650273806948670000e+15,5.630055513531398992e-01
1.650273806950560750e+15,5.641408937907558263e-01
1.650273806952451250e+15,5.638434071659442770e-01
1.650273806954342000e+15,5.628694735948579497e-01
1.650273806956232500e+15,5.618956687998619692e-01
1.650273806958123250e+15,5.609217352287758640e-01
1.650273806960014000e+15,5.599478016576895367e-01
1.650273806961904500e+15,5.589739968626935562e-01
1.650273806963795250e+15,5.583690067903726018e-01
1.650273806965685750e+15,5.583690067903724907e-01
1.650273806967576500e+15,5.583690067903724907e-01
1.650273806969467000e+15,5.583690067903723797e-01
1.650273806971357750e+15,5.583690067903723797e-01
1.650273806973248250e+15,5.583690067903721577e-01
1.650273806975139000e+15,5.583690067903722687e-01
1.650273806977029750e+15,5.583690067903721577e-01
1.650273806978920250e+15,5.583690067903721577e-01
1.650273806980811000e+15,5.583690067903721577e-01
1.650273806982701500e+15,5.583690067903721577e-01
1.650273806984592250e+15,5.583690067903721577e-01
1.650273806986482750e+15,5.583690067903721577e-01
1.650273806988373500e+15,5.583690067903721577e-01
1.650273806990264250e+15,5.583690067903721577e-01
1.650273806992154750e+15,5.583690067903721577e-01
1.650273806994045500e+15,5.583690067903721577e-01
1.650273806995936000e+15,5.583690067903721577e-01
1.650273806997826750e+15,5.583690067903722687e-01
1.650273806999717250e+15,5.583690067903721577e-01
1.650273807001608000e+15,5.583690067903722687e-01
1.650273807003498500e+15,5.583690067903721577e-01
1.650273807005389250e+15,5.583690067903721577e-01
1.650273807007280000e+15,5.583690067903721577e-01
1.650273807009170500e+15,5.583690067903721577e-01
1.650273807011061250e+15,5.583690067903721577e-01
1.650273807012951750e+15,5.583690067903721577e-01
1.650273807014842500e+15,5.583690067903721577e-01
1.650273807016733000e+15,5.583690067903721577e-01
1.650273807018623750e+15,5.583690067903720466e-01
1.650273807020514500e+15,5.578514293091597631e-01
1.650273807022405000e+15,5.572505817634232361e-01
1.650273807024295750e+15,5.566496547615183976e-01
1.650273807026186250e+15,5.560488072157818706e-01
1.650273807028077000e+15,5.554478802138769211e-01
1.650273807029967500e+15,5.548470326681403941e-01
1.650273807031858250e+15,5.542461056662354446e-01
1.650273807033748750e+15,5.536452581204989176e-01
1.650273807035639500e+15,5.530443311185939681e-01
1.650273807037530250e+15,5.524434041166891296e-01
1.650273807039420750e+15,5.529008292390836798e-01
1.650273807041311500e+15,5.539283287252919630e-01
1.650273807043202000e+15,5.549556923527818597e-01
1.650273807045092750e+15,5.559831918389901428e-01
1.650273807046983250e+15,5.570105554664800396e-01
1.650273807048874000e+15,5.580380549526882117e-01
1.650273807050764750e+15,5.578358054683729694e-01
1.650273807052655250e+15,5.570493673180006988e-01
1.650273807054546000e+15,5.562628251689309966e-01
1.650273807056436500e+15,5.554763870185588370e-01
1.650273807058327250e+15,5.546898448694891348e-01
1.650273807060217750e+15,5.539034067191169752e-01
1.650273807062108500e+15,5.531168645700472730e-01
1.650273807063999000e+15,5.523304264196750024e-01
1.650273807065889750e+15,5.531130014680796236e-01
1.650273807067780500e+15,5.541171992261318957e-01
1.650273807069671000e+15,5.551212642064824454e-01
1.650273807071561750e+15,5.561254619645347175e-01
1.650273807073452250e+15,5.571295269448852672e-01
1.650273807075343000e+15,5.581337247029375392e-01
1.650273807077233500e+15,5.583690067903721577e-01
1.650273807079124250e+15,5.583690067903721577e-01
1.650273807081015000e+15,5.583690067903721577e-01
1.650273807082905500e+15,5.583690067903721577e-01
1.650273807084796250e+15,5.583690067903721577e-01
1.650273807086686750e+15,5.583690067903722687e-01
1.650273807088577500e+15,5.579937764257808519e-01
1.650273807090468000e+15,5.569389466796691446e-01
1.650273807092358750e+15,5.558839774427157820e-01
1.650273807094249250e+15,5.548291476966041857e-01
1.650273807096140000e+15,5.537741784596507122e-01
1.650273807098030750e+15,5.527192092226972386e-01
1.650273807099921250e+15,5.518723915763006360e-01
1.650273807101812000e+15,5.512032932027624010e-01
1.650273807103702500e+15,5.505342832991929614e-01
1.650273807105593250e+15,5.498651849256548374e-01
1.650273807107483750e+15,5.491961750220852867e-01
1.650273807109374500e+15,5.485270766485471627e-01
1.650273807111265250e+15,5.478579782750090388e-01
1.650273807113155750e+15,5.471889683714394881e-01
1.650273807115046500e+15,5.465198699979012531e-01
1.650273807116937000e+15,5.464263267053764972e-01
1.650273807118827750e+15,5.473205379508503388e-01
1.650273807120718250e+15,5.482146309613320501e-01
1.650273807122609000e+15,5.491088422068060027e-01
1.650273807124499500e+15,5.500029352172879360e-01
1.650273807126390250e+15,5.508971464627617776e-01
1.650273807128281000e+15,5.517913577082357302e-01
1.650273807130171500e+15,5.522330836388306130e-01
1.650273807132062250e+15,5.522330836388306130e-01
1.650273807133952750e+15,5.522330836388306130e-01
1.650273807135843500e+15,5.522330836388305020e-01
1.650273807137734000e+15,5.522330836388305020e-01
1.650273807139624750e+15,5.522330836388303910e-01
1.650273807141515500e+15,5.522330836388302799e-01
1.650273807143406000e+15,5.522330836388302799e-01
1.650273807145296750e+15,5.512881425887744546e-01
1.650273807147187250e+15,5.493500779778381915e-01
1.650273807149078000e+15,5.474117570769506669e-01
1.650273807150968500e+15,5.454736924660144037e-01
1.650273807152859250e+15,5.435353715651268791e-01
1.650273807154749750e+15,5.415973069541906160e-01
1.650273807156640500e+15,5.396589860533029803e-01
1.650273807158531250e+15,5.377206651524155667e-01
1.650273807160421750e+15,5.357826005414791926e-01
1.650273807162312500e+15,5.338442796405917790e-01
1.650273807164203000e+15,5.342705253524082654e-01
1.650273807166093750e+15,5.347201957670896233e-01
1.650273807167984250e+15,5.351698067251512425e-01
1.650273807169875000e+15,5.356194771398326004e-01
1.650273807171765750e+15,5.360691475545139584e-01
1.650273807173656250e+15,5.365187585125755776e-01
1.650273807175547000e+15,5.369684289272569355e-01
1.650273807177437500e+15,5.374180398853185547e-01
1.650273807179328250e+15,5.378677102999999127e-01
1.650273807181218750e+15,5.383173212580616429e-01
1.650273807183109500e+15,5.387669916727430008e-01
1.650273807185000000e+15,5.392166026308046201e-01
1.650273807186890750e+15,5.396662730454859780e-01
1.650273807188781500e+15,5.397753219223552223e-01
1.650273807190672000e+15,5.392350097178748580e-01
1.650273807192562750e+15,5.386946260624284610e-01
1.650273807194453250e+15,5.381543138579478747e-01
1.650273807196344000e+15,5.376139302025015887e-01
1.650273807198234500e+15,5.370736179980211134e-01
1.650273807200125250e+15,5.365332343425747164e-01
1.650273807202016000e+15,5.359928506871283194e-01
1.650273807203906500e+15,5.354525384826479550e-01
1.650273807205797250e+15,5.349121548272015580e-01
1.650273807207687750e+15,5.343718426227209717e-01
1.650273807209578500e+15,5.338314589672745747e-01
1.650273807211469000e+15,5.327519296493631318e-01
1.650273807213359750e+15,5.316660538819744097e-01
1.650273807215250250e+15,5.305803216919715570e-01
1.650273807217141000e+15,5.294944459245830570e-01
1.650273807219031750e+15,5.284085701571944460e-01
1.650273807220922250e+15,5.276893910326605486e-01
1.650273807222813000e+15,5.276893910326605486e-01
1.650273807224703500e+15,5.276893910326605486e-01
1.650273807226594250e+15,5.276893910326605486e-01
1.650273807228484750e+15,5.276893910326605486e-01
1.650273807230375500e+15,5.276893910326605486e-01
1.650273807232266250e+15,5.276893910326605486e-01
1.650273807234156750e+15,5.276893910326606596e-01
1.650273807236047500e+15,5.276893910326605486e-01
1.650273807237938000e+15,5.276893910326605486e-01
1.650273807239828750e+15,5.276893910326605486e-01
1.650273807241719250e+15,5.276893910326606596e-01
1.650273807243610000e+15,5.276893910326605486e-01
1.650273807245500500e+15,5.276893910326605486e-01
1.650273807247391250e+15,5.276893910326605486e-01
1.650273807249282000e+15,5.276893910326605486e-01
1.650273807251172500e+15,5.276893910326605486e-01
1.650273807253063250e+15,5.276893910326606596e-01
1.650273807254953750e+15,5.274415385356970853e-01
1.650273807256844500e+15,5.256781251447898429e-01
1.650273807258735000e+15,5.239149449170971140e-01
1.650273807260625750e+15,5.221515315261898715e-01
1.650273807262516500e+15,5.203881181352826291e-01
1.650273807264407000e+15,5.186249379075899002e-01
1.650273807266297750e+15,5.168615245166826577e-01
1.650273807268188250e+15,5.155870241661520970e-01
1.650273807270079000e+15,5.165233082996989467e-01
1.650273807271969500e+15,5.174594686352644857e-01
1.650273807273860250e+15,5.183957527688113354e-01
1.650273807275750750e+15,5.193319131043767634e-01
1.650273807277641500e+15,5.202681972379237241e-01
1.650273807279532250e+15,5.212044813714705738e-01
1.650273807281422750e+15,5.203035673697046226e-01
1.650273807283313500e+15,5.183105255042554926e-01
1.650273807285204000e+15,5.163177471641092753e-01
1.650273807287094750e+15,5.143247052986601453e-01
1.650273807288985250e+15,5.123319269585139279e-01
1.650273807290876000e+15,5.103388850930649090e-01
1.650273807292766750e+15,5.098821911235442705e-01
1.650273807294657250e+15,5.111611285786700209e-01
1.650273807296548000e+15,5.124402351606742734e-01
1.650273807298438500e+15,5.137191726158001348e-01
1.650273807300329250e+15,5.149982791978043872e-01
1.650273807302219750e+15,5.148179427344340420e-01
1.650273807304110500e+15,5.139257944186249594e-01
1.650273807306001000e+15,5.130337640650418640e-01
1.650273807307891750e+15,5.121416157492327814e-01
1.650273807309782500e+15,5.112494674334235878e-01
1.650273807311673000e+15,5.103574370798404924e-01
1.650273807313563750e+15,5.094652887640314098e-01
1.650273807315454250e+15,5.097252739708100222e-01
1.650273807317345000e+15,5.102840321800659051e-01
1.650273807319235500e+15,5.108427165088234023e-01
1.650273807321126250e+15,5.114014747180792853e-01
1.650273807323017000e+15,5.119602329273352792e-01
1.650273807324907500e+15,5.125189172560927764e-01
1.650273807326798250e+15,5.130776754653487703e-01
1.650273807328688750e+15,5.136363597941062675e-01
1.650273807330579500e+15,5.141951180033620394e-01
1.650273807332470000e+15,5.147538023321196476e-01
1.650273807334360750e+15,5.153125605413755306e-01
1.650273807336251250e+15,5.147493523605576327e-01
1.650273807338142000e+15,5.139264344503023940e-01
1.650273807340032750e+15,5.131035165400470444e-01
1.650273807341923250e+15,5.122807074381892090e-01
1.650273807343814000e+15,5.114577895279338593e-01
1.650273807345704500e+15,5.106349804260761349e-01
1.650273807347595250e+15,5.098120625158207853e-01
1.650273807349485750e+15,5.092816215780322509e-01
1.650273807351376500e+15,5.092816215780322509e-01
1.650273807353267250e+15,5.092816215780322509e-01
1.650273807355157750e+15,5.093071859099712606e-01
1.650273807357048500e+15,5.097642616604550758e-01
1.650273807358939000e+15,5.102212769751659494e-01
1.650273807360829750e+15,5.106783527256496535e-01
1.650273807362720250e+15,5.111353680403606381e-01
1.650273807364611000e+15,5.115924437908443423e-01
1.650273807366501500e+15,5.120494591055553268e-01
1.650273807368392250e+15,5.125065348560391421e-01
1.650273807370283000e+15,5.129636106065228462e-01
1.650273807372173500e+15,5.134206259212337198e-01
1.650273807374064250e+15,5.138777016717175350e-01
1.650273807375954750e+15,5.143347169864284085e-01
1.650273807377845500e+15,5.147917927369121127e-01
1.650273807379736000e+15,5.152488080516230973e-01
1.650273807381626750e+15,5.148565588075297850e-01
1.650273807383517500e+15,5.139672826540130357e-01
1.650273807385408000e+15,5.130781240829573875e-01
1.650273807387298750e+15,5.121888479294407492e-01
1.650273807389189250e+15,5.112996893583849900e-01
1.650273807391080000e+15,5.104104132048683518e-01
1.650273807392970500e+15,5.095212546338127035e-01
1.650273807394861250e+15,5.092816215780323619e-01
1.650273807396751750e+15,5.092816215780324729e-01
1.650273807398642500e+15,5.092816215780324729e-01
1.650273807400533250e+15,5.092816215780325839e-01
1.650273807402423750e+15,5.092816215780326949e-01
1.650273807404314500e+15,5.097591570010362449e-01
1.650273807406205000e+15,5.103399101159852291e-01
1.650273807408095750e+15,5.109207400298121371e-01
1.650273807409986250e+15,5.115014931447610103e-01
1.650273807411877000e+15,5.120823230585880292e-01
1.650273807413767750e+15,5.126631529724149372e-01
1.650273807415658250e+15,5.132439060873639214e-01
1.650273807417549000e+15,5.138247360011908293e-01
1.650273807419439500e+15,5.144054891161398135e-01
1.650273807421330250e+15,5.149863190299666105e-01
1.650273807423220750e+15,5.152842235710171082e-01
1.650273807425111500e+15,5.147663458503324296e-01
1.650273807427002250e+15,5.142484681296477511e-01
1.650273807428892750e+15,5.137306588841343835e-01
1.650273807430783500e+15,5.132127811634497050e-01
1.650273807432674000e+15,5.126949719179363374e-01
1.650273807434564750e+15,5.121770941972515478e-01
1.650273807436455250e+15,5.116592849517381802e-01
1.650273807438346000e+15,5.111414072310536127e-01
1.650273807440236500e+15,5.106235979855401341e-01
1.650273807442127250e+15,5.101057202648554556e-01
1.650273807444018000e+15,5.095878425441707771e-01
1.650273807445908500e+15,5.088811483916042544e-01
1.650273807447799250e+15,5.079009611071517716e-01
1.650273807449689750e+15,5.069209034256723090e-01
1.650273807451580500e+15,5.059407161412199372e-01
1.650273807453471000e+15,5.049606584597404746e-01
1.650273807455361750e+15,5.039804711752879918e-01
1.650273807457252500e+15,5.030002838908355089e-01
1.650273807459143000e+15,5.020202262093560464e-01
1.650273807461033750e+15,5.010400389249035635e-01
1.650273807462924250e+15,5.000599812434241009e-01
1.650273807464815000e+15,4.990797939589716736e-01
1.650273807466705500e+15,4.980997362774922110e-01
1.650273807468596250e+15,4.971195489930397837e-01
1.650273807470486750e+15,4.970097752749476072e-01
1.650273807472377500e+15,4.970097752749475517e-01
1.650273807474268250e+15,4.970097752749474962e-01
1.650273807476158750e+15,4.970097752749473852e-01
1.650273807478049500e+15,4.970097752749473297e-01
1.650273807479940000e+15,4.970097752749472186e-01
1.650273807481830750e+15,4.968566225057888808e-01
1.650273807483721250e+15,4.958539028171524699e-01
1.650273807485612000e+15,4.948510505287159189e-01
1.650273807487502750e+15,4.938481982402793125e-01
1.650273807489393250e+15,4.928454785516429570e-01
1.650273807491284000e+15,4.918426262632064061e-01
1.650273807493174500e+15,4.908399065745699952e-01
1.650273807495065250e+15,4.898370542861334442e-01
1.650273807496955750e+15,4.888343345974970333e-01
1.650273807498846500e+15,4.878314823090604824e-01
1.650273807500737000e+15,4.868287626204240715e-01
1.650273807502627750e+15,4.858259103319874650e-01
1.650273807504518500e+15,4.848230580435509696e-01
1.650273807506409000e+15,4.847379289718628526e-01
1.650273807508299750e+15,4.847379289718627970e-01
1.650273807510190250e+15,4.847379289718626860e-01
1.650273807512081000e+15,4.847379289718626305e-01
1.650273807513971500e+15,4.847379289718626305e-01
1.650273807515862250e+15,4.847379289718624085e-01
1.650273807517753000e+15,4.847379289718624085e-01
1.650273807519643500e+15,4.847379289718622419e-01
1.650273807521534250e+15,4.847379289718621864e-01
1.650273807523424750e+15,4.847379289718621309e-01
1.650273807525315500e+15,4.850394784391562908e-01
1.650273807527206000e+15,4.860620421484292408e-01
1.650273807529096750e+15,4.870847410816785406e-01
1.650273807530987250e+15,4.881073047909515461e-01
1.650273807532878000e+15,4.891300037242007903e-01
1.650273807534768750e+15,4.901527026574501456e-01
1.650273807536659250e+15,4.910281779573191785e-01
1.650273807538550000e+15,4.915518057194954715e-01
1.650273807540440500e+15,4.920753642462146193e-01
1.650273807542331250e+15,4.925989920083909679e-01
1.650273807544221750e+15,4.931225505351101157e-01
1.650273807546112500e+15,4.936461782972862977e-01
1.650273807548003250e+15,4.941698060594626463e-01
1.650273807549893750e+15,4.946933645861818496e-01
1.650273807551784500e+15,4.952169923483581426e-01
1.650273807553675000e+15,4.957405508750772904e-01
1.650273807555565750e+15,4.962641786372535835e-01
1.650273807557456250e+15,4.967877371639727313e-01
1.650273807559347000e+15,4.967192652835542566e-01
1.650273807561237500e+15,4.962149410055668453e-01
1.650273807563128250e+15,4.957105500356622230e-01
1.650273807565019000e+15,4.952061590657576007e-01
1.650273807566909500e+15,4.947018347877701894e-01
1.650273807568800250e+15,4.941974438178655671e-01
1.650273807570690750e+15,4.936931195398781558e-01
1.650273807572581500e+15,4.931887285699735335e-01
1.650273807574472000e+15,4.926844042919861222e-01
1.650273807576362750e+15,4.921800133220815554e-01
1.650273807578253500e+15,4.916756223521769331e-01
1.650273807580144000e+15,4.911712980741894663e-01
1.650273807582034750e+15,4.908738521234061736e-01
1.650273807583925250e+15,4.908738521234059515e-01
1.650273807585816000e+15,4.908738521234057295e-01
1.650273807587706500e+15,4.908738521234055630e-01
1.650273807589597250e+15,4.908738521234053964e-01
1.650273807591487750e+15,4.908738521234053409e-01
1.650273807593378500e+15,4.908738521234053409e-01
1.650273807595269250e+15,4.908738521234053409e-01
1.650273807597159750e+15,4.908738521234053409e-01
1.650273807599050500e+15,4.908738521234052854e-01
1.650273807600941000e+15,4.908738521234052854e-01
1.650273807602831750e+15,4.908738521234053409e-01
1.650273807604722250e+15,4.898452044018180573e-01
1.650273807606613000e+15,4.885742253594451689e-01
1.650273807608503750e+15,4.873032463170723361e-01
1.650273807610394250e+15,4.860324353269330211e-01
1.650273807612285000e+15,4.847614562845601882e-01
1.650273807614175500e+15,4.847379289718626305e-01
1.650273807616066250e+15,4.847379289718627415e-01
1.650273807617956750e+15,4.847379289718628526e-01
1.650273807619847500e+15,4.847379289718629081e-01
1.650273807621738000e+15,4.847379289718630191e-01
1.650273807623628750e+15,4.847379289718631856e-01
1.650273807625519500e+15,4.847379289718632411e-01
1.650273807627410000e+15,4.847379289718632966e-01
1.650273807629300750e+15,4.852087336912080384e-01
1.650273807631191250e+15,4.862814138019895815e-01
1.650273807633082000e+15,4.873542357641478251e-01
1.650273807634972500e+15,4.884269158749293682e-01
1.650273807636863250e+15,4.894997378370876118e-01
1.650273807638754000e+15,4.905725597992458553e-01
1.650273807640644500e+15,4.908738521234061181e-01
1.650273807642535250e+15,4.908738521234060626e-01
1.650273807644425750e+15,4.908738521234059515e-01
1.650273807646316500e+15,4.908738521234058405e-01
1.650273807648207000e+15,4.908738521234057850e-01
1.650273807650097750e+15,4.908738521234056185e-01
1.650273807651988250e+15,4.908738521234055630e-01
1.650273807653879000e+15,4.908738521234055074e-01
1.650273807655769750e+15,4.908738521234053964e-01
1.650273807657660250e+15,4.908738521234053409e-01
1.650273807659551000e+15,4.916158564337764769e-01
1.650273807661441500e+15,4.924463828688012690e-01
1.650273807663332250e+15,4.932770191327646714e-01
1.650273807665222750e+15,4.941075455677893524e-01
1.650273807667113500e+15,4.949381818317528658e-01
1.650273807669004250e+15,4.957688180957163238e-01
1.650273807670894750e+15,4.965993445307410048e-01
1.650273807672785500e+15,4.965152513033893045e-01
1.650273807674676000e+15,4.955378361771685114e-01
1.650273807676566750e+15,4.945602917974266655e-01
1.650273807678457250e+15,4.935828766712059279e-01
1.650273807680348000e+15,4.926053322914640820e-01
1.650273807682238500e+15,4.916279171652432889e-01
1.650273807684129250e+15,4.908738521234061181e-01
1.650273807686020000e+15,4.908738521234060626e-01
1.650273807687910500e+15,4.908738521234059515e-01
1.650273807689801250e+15,4.908738521234058960e-01
1.650273807691691750e+15,4.908738521234058405e-01
1.650273807693582500e+15,4.908738521234057295e-01
1.650273807695473000e+15,4.908738521234057295e-01
1.650273807697363750e+15,4.908738521234056740e-01
1.650273807699254500e+15,4.908738521234056185e-01
1.650273807701145000e+15,4.908738521234054519e-01
1.650273807703035750e+15,4.908738521234053964e-01
1.650273807704926250e+15,4.908738521234053409e-01
1.650273807706817000e+15,4.908738521234052854e-01
1.650273807708707500e+15,4.908738521234053964e-01
1.650273807710598250e+15,4.908738521234055074e-01
1.650273807712488750e+15,4.908738521234056185e-01
1.650273807714379500e+15,4.908738521234057295e-01
1.650273807716270250e+15,4.908738521234057850e-01
1.650273807718160750e+15,4.908738521234059515e-01
1.650273807720051500e+15,4.908738521234060070e-01
1.650273807721942000e+15,4.908738521234061736e-01
1.650273807723832750e+15,4.908738521234061736e-01
1.650273807725723250e+15,4.908738521234061181e-01
1.650273807727614000e+15,4.908738521234061736e-01
1.650273807729504750e+15,4.908738521234061736e-01
1.650273807731395250e+15,4.908738521234061181e-01
1.650273807733286000e+15,4.908738521234061736e-01
1.650273807735176500e+15,4.908738521234061736e-01
1.650273807737067250e+15,4.908738521234061181e-01
1.650273807738957750e+15,4.908738521234061181e-01
1.650273807740848500e+15,4.908738521234061181e-01
1.650273807742739000e+15,4.908738521234061181e-01
1.650273807744629750e+15,4.908738521234061736e-01
1.650273807746520500e+15,4.908738521234062291e-01
1.650273807748411000e+15,4.908738521234061736e-01
1.650273807750301750e+15,4.908738521234061736e-01
1.650273807752192250e+15,4.908738521234061736e-01
1.650273807754083000e+15,4.908738521234061736e-01
1.650273807755973500e+15,4.908738521234061736e-01
1.650273807757864250e+15,4.908738521234061736e-01
1.650273807759755000e+15,4.908738521234061736e-01
1.650273807761645500e+15,4.908738521234062291e-01
1.650273807763536250e+15,4.908738521234061181e-01
1.650273807765426750e+15,4.908738521234061736e-01
1.650273807767317500e+15,4.908738521234062291e-01
1.650273807769208000e+15,4.908738521234062291e-01
1.650273807771098750e+15,4.908738521234062291e-01
1.650273807772989250e+15,4.908738521234061736e-01
1.650273807774880000e+15,4.908738521234061736e-01
1.650273807776770750e+15,4.908738521234062291e-01
1.650273807778661250e+15,4.908738521234061736e-01
1.650273807780552000e+15,4.908738521234061181e-01
1.650273807782442500e+15,4.908738521234061736e-01
1.650273807784333250e+15,4.908738521234061181e-01
1.650273807786223750e+15,4.908738521234061181e-01
1.650273807788114500e+15,4.908738521234061736e-01
1.650273807790005250e+15,4.908738521234061736e-01
1.650273807791895750e+15,4.908738521234061736e-01
1.650273807793786500e+15,4.908738521234061736e-01
1.650273807795677000e+15,4.908738521234061736e-01
1.650273807797567750e+15,4.908738521234062291e-01
1.650273807799458250e+15,4.908738521234062291e-01
1.650273807801349000e+15,4.908738521234061736e-01
1.650273807803239500e+15,4.908738521234061736e-01
1.650273807805130250e+15,4.908738521234061736e-01
1.650273807807021000e+15,4.908738521234061736e-01
1.650273807808911500e+15,4.908738521234061736e-01
1.650273807810802250e+15,4.908738521234061736e-01
1.650273807812692750e+15,4.908738521234061736e-01
1.650273807814583500e+15,4.908738521234061181e-01
1.650273807816474000e+15,4.908738521234061181e-01
1.650273807818364750e+15,4.908738521234061181e-01
1.650273807820255500e+15,4.908738521234061181e-01
1.650273807822146000e+15,4.908738521234061181e-01
1.650273807824036750e+15,4.908738521234061736e-01
1.650273807825927250e+15,4.908738521234061736e-01
1.650273807827818000e+15,4.908738521234060626e-01
1.650273807829708500e+15,4.908738521234061736e-01
1.650273807831599250e+15,4.908738521234061181e-01
1.650273807833489750e+15,4.908738521234061181e-01
1.650273807835380500e+15,4.908738521234061736e-01
1.650273807837271250e+15,4.908738521234060070e-01
1.650273807839161750e+15,4.908738521234058405e-01
1.650273807841052500e+15,4.908738521234057295e-01
1.650273807842943000e+15,4.908738521234055074e-01
1.650273807844833750e+15,4.908738521234053964e-01
1.650273807846724250e+15,4.906813659056018517e-01
1.650273807848615000e+15,4.894569981467734587e-01
1.650273807850505750e+15,4.882326303879449547e-01
1.650273807852396250e+15,4.870084245182820237e-01
1.650273807854287000e+15,4.857840567594535752e-01
1.650273807856177500e+15,4.845598508897905887e-01
1.650273807858068250e+15,4.833354831309621957e-01
1.650273807859958750e+15,4.821112772612992092e-01
1.650273807861849500e+15,4.808869095024708162e-01
1.650273807863740000e+15,4.796627036328078297e-01
1.650273807865630750e+15,4.787378510633829576e-01
1.650273807867521500e+15,4.797540702258792922e-01
1.650273807869412000e+15,4.807701550211717634e-01
1.650273807871302750e+15,4.817863741836681535e-01
1.650273807873193250e+15,4.828024589789606247e-01
1.650273807875084000e+15,4.838186781414569593e-01
1.650273807876974500e+15,4.848347629367494860e-01
1.650273807878865250e+15,4.858509820992458206e-01
1.650273807880756000e+15,4.868672012617420997e-01
1.650273807882646500e+15,4.878832860570346819e-01
1.650273807884537250e+15,4.888995052195309610e-01
1.650273807886427750e+15,4.899155900148235432e-01
1.650273807888318500e+15,4.909318091773198223e-01
1.650273807890209000e+15,4.919478939726123490e-01
1.650273807892099750e+15,4.929641131351086281e-01
1.650273807893990250e+15,4.939801979304011548e-01
1.650273807895881000e+15,4.949964170928974894e-01
1.650273807897771750e+15,4.960126362553937684e-01
1.650273807899662250e+15,4.970037197485718261e-01
1.650273807901553000e+15,4.966789116210512667e-01
1.650273807903443500e+15,4.963541464405262782e-01
1.650273807905334250e+15,4.960293383130057743e-01
1.650273807907224750e+15,4.957045731324807858e-01
1.650273807909115500e+15,4.953797650049601708e-01
1.650273807911006250e+15,4.950549568774397224e-01
1.650273807912896750e+15,4.947301916969147895e-01
1.650273807914787500e+15,4.944053835693942300e-01
1.650273807916678000e+15,4.940806183888692416e-01
1.650273807918568750e+15,4.937558102613487376e-01
1.650273807920459250e+15,4.934310450808236936e-01
1.650273807922350000e+15,4.931062369533032452e-01
1.650273807924240500e+15,4.927814717727782012e-01
1.650273807926131250e+15,4.924566636452576418e-01
1.650273807928022000e+15,4.921318555177371379e-01
1.650273807929912500e+15,4.918070903372121494e-01
1.650273807931803250e+15,4.914822822096915900e-01
1.650273807933693750e+15,4.911575170291666570e-01
1.650273807935584500e+15,4.906982991912831604e-01
1.650273807937475000e+15,4.893125671738429716e-01
1.650273807939365750e+15,4.879266519069955788e-01
1.650273807941256500e+15,4.865407366401482414e-01
1.650273807943147000e+15,4.851550046227079971e-01
1.650273807945037750e+15,4.847379289718625750e-01
1.650273807946928250e+15,4.847379289718625195e-01
1.650273807948819000e+15,4.847379289718625195e-01
1.650273807950709500e+15,4.847379289718625195e-01
1.650273807952600250e+15,4.847379289718625195e-01
1.650273807954490750e+15,4.847379289718625750e-01
1.650273807956381500e+15,4.847379289718625195e-01
1.650273807958272250e+15,4.847379289718625195e-01
1.650273807960162750e+15,4.847379289718625195e-01
1.650273807962053500e+15,4.847379289718625750e-01
1.650273807963944000e+15,4.847379289718625750e-01
1.650273807965834750e+15,4.849229508261473920e-01
1.650273807967725250e+15,4.856256807418189991e-01
1.650273807969616000e+15,4.863285035865987926e-01
1.650273807971506750e+15,4.870313264313785862e-01
1.650273807973397250e+15,4.877340563470501378e-01
1.650273807975288000e+15,4.884368791918299313e-01
1.650273807977178500e+15,4.891396091075015384e-01
1.650273807979069250e+15,4.898424319522813319e-01
1.650273807980959750e+15,4.905451618679529946e-01
1.650273807982850500e+15,4.905909864314697555e-01
1.650273807984741000e+15,4.900596823176057715e-01
1.650273807986631750e+15,4.895283079440071461e-01
1.650273807988522500e+15,4.889969335704084097e-01
1.650273807990413000e+15,4.884656294565444257e-01
1.650273807992303750e+15,4.879342550829457448e-01
1.650273807994194250e+15,4.874029509690817608e-01
1.650273807996085000e+15,4.868715765954830244e-01
1.650273807997975500e+15,4.863402724816190403e-01
1.650273807999866250e+15,4.858088981080203594e-01
1.650273808001757000e+15,4.852775237344216230e-01
1.650273808003647500e+15,4.847462196205576945e-01
1.650273808005538250e+15,4.847379289718620754e-01
1.650273808007428750e+15,4.847379289718621309e-01
1.650273808009319500e+15,4.847379289718620754e-01
1.650273808011210000e+15,4.847379289718620754e-01
1.650273808013100750e+15,4.847379289718620754e-01
1.650273808014991250e+15,4.847379289718620754e-01
1.650273808016882000e+15,4.847379289718620754e-01
1.650273808018772750e+15,4.847379289718620754e-01
1.650273808020663250e+15,4.847379289718620754e-01
1.650273808022554000e+15,4.847379289718620199e-01
1.650273808024444500e+15,4.847379289718620754e-01
1.650273808026335250e+15,4.840517147883133253e-01
1.650273808028225750e+15,4.832229092211521859e-01
1.650273808030116500e+15,4.823939940526200676e-01
1.650273808032007250e+15,4.815650788840879493e-01
1.650273808033897750e+15,4.807362733169268099e-01
1.650273808035788500e+15,4.799073581483947470e-01
1.650273808037679000e+15,4.790785525812335521e-01
1.650273808039569750e+15,4.794554709467473974e-01
1.650273808041460250e+15,4.814629058724183563e-01
1.650273808043351000e+15,4.834706062615812261e-01
1.650273808045241500e+15,4.854780411872522405e-01
1.650273808047132250e+15,4.874857415764151658e-01
1.650273808049023000e+15,4.894934419655780355e-01
1.650273808050913500e+15,4.905361447302665212e-01
1.650273808052804250e+15,4.894548233863593167e-01
1.650273808054694750e+15,4.883736450176398014e-01
1.650273808056585500e+15,4.872923236737327635e-01
1.650273808058476000e+15,4.862111453050131926e-01
1.650273808060366750e+15,4.851298239611061547e-01
1.650273808062257500e+15,4.847379289718624640e-01
1.650273808064148000e+15,4.847379289718624085e-01
1.650273808066038750e+15,4.847379289718624085e-01
1.650273808067929250e+15,4.847379289718623530e-01
1.650273808069820000e+15,4.847379289718622974e-01
1.650273808071710500e+15,4.847379289718622974e-01
1.650273808073601250e+15,4.847379289718622419e-01
1.650273808075491750e+15,4.847379289718621864e-01
1.650273808077382500e+15,4.847379289718621309e-01
1.650273808079273250e+15,4.847379289718620754e-01
1.650273808081163750e+15,4.847379289718620754e-01
1.650273808083054500e+15,4.847379289718621309e-01
1.650273808084945000e+15,4.847379289718621864e-01
1.650273808086835750e+15,4.847379289718621864e-01
1.650273808088726250e+15,4.847379289718622419e-01
1.650273808090617000e+15,4.847379289718622419e-01
1.650273808092507750e+15,4.847379289718622974e-01
1.650273808094398250e+15,4.847379289718623530e-01
1.650273808096289000e+15,4.847379289718624085e-01
1.650273808098179500e+15,4.847379289718623530e-01
1.650273808100070250e+15,4.847379289718624085e-01
1.650273808101960750e+15,4.847379289718624640e-01
1.650273808103851500e+15,4.847379289718625195e-01
1.650273808105742000e+15,4.847379289718625195e-01
1.650273808107632750e+15,4.847379289718625195e-01
1.650273808109523500e+15,4.847379289718625195e-01
1.650273808111414000e+15,4.847379289718624640e-01
1.650273808113304750e+15,4.847379289718624640e-01
1.650273808115195250e+15,4.847379289718625195e-01
1.650273808117086000e+15,4.847379289718625195e-01
1.650273808118976500e+15,4.847379289718624640e-01
1.650273808120867250e+15,4.847379289718625195e-01
1.650273808122758000e+15,4.847379289718625195e-01
1.650273808124648500e+15,4.847379289718625195e-01
1.650273808126539250e+15,4.847379289718625195e-01
1.650273808128429750e+15,4.847379289718625195e-01
1.650273808130320500e+15,4.847379289718625195e-01
1.650273808132211000e+15,4.847379289718625195e-01
1.650273808134101750e+15,4.847379289718624640e-01
1.650273808135992250e+15,4.847379289718625195e-01
1.650273808137883000e+15,4.847379289718626305e-01
1.650273808139773750e+15,4.847379289718627415e-01
1.650273808141664250e+15,4.847379289718627970e-01
1.650273808143555000e+15,4.847379289718629081e-01
1.650273808145445500e+15,4.847379289718630746e-01
1.650273808147336250e+15,4.847379289718630746e-01
1.650273808149226750e+15,4.847379289718632411e-01
1.650273808151117500e+15,4.847379289718633522e-01
1.650273808153008250e+15,4.847379289718634632e-01
1.650273808154898750e+15,4.847379289718634077e-01
1.650273808156789500e+15,4.847379289718634077e-01
1.650273808158680000e+15,4.847379289718634077e-01
1.650273808160570750e+15,4.847379289718634077e-01
1.650273808162461250e+15,4.847379289718632966e-01
1.650273808164352000e+15,4.847379289718632966e-01
1.650273808166242500e+15,4.847379289718631856e-01
1.650273808168133250e+15,4.847379289718630746e-01
1.650273808170024000e+15,4.847379289718630746e-01
1.650273808171914500e+15,4.847379289718629636e-01
1.650273808173805250e+15,4.847379289718628526e-01
1.650273808175695750e+15,4.847379289718628526e-01
1.650273808177586500e+15,4.847379289718626860e-01
1.650273808179477000e+15,4.847379289718626305e-01
1.650273808181367750e+15,4.847379289718625750e-01
1.650273808183258500e+15,4.847379289718625195e-01
1.650273808185149000e+15,4.847379289718627415e-01
1.650273808187039750e+15,4.847379289718628526e-01
1.650273808188930250e+15,4.847379289718629636e-01
1.650273808190821000e+15,4.847379289718630746e-01
1.650273808192711500e+15,4.847379289718632966e-01
1.650273808194602250e+15,4.847379289718634632e-01
1.650273808196492750e+15,4.847379289718634077e-01
1.650273808198383500e+15,4.847379289718634077e-01
1.650273808200274250e+15,4.847379289718634632e-01
1.650273808202164750e+15,4.847379289718634632e-01
1.650273808204055500e+15,4.847379289718635187e-01
1.650273808205946000e+15,4.847379289718634077e-01
1.650273808207836750e+15,4.847379289718634632e-01
1.650273808209727250e+15,4.847379289718634077e-01
1.650273808211618000e+15,4.847379289718634077e-01
1.650273808213508750e+15,4.847379289718634077e-01
1.650273808215399250e+15,4.847379289718634077e-01
1.650273808217290000e+15,4.848024319402864935e-01
1.650273808219180500e+15,4.859863432199341693e-01
1.650273808221071250e+15,4.871704110601848825e-01
1.650273808222961750e+15,4.883543223398325583e-01
1.650273808224852500e+15,4.895383901800832160e-01
1.650273808226743000e+15,4.907223014597309474e-01
1.650273808228633750e+15,4.908738521234043972e-01
1.650273808230524500e+15,4.908738521234043972e-01
1.650273808232415000e+15,4.908738521234043972e-01
1.650273808234305750e+15,4.908738521234043972e-01
1.650273808236196250e+15,4.908738521234043417e-01
1.650273808238087000e+15,4.908738521234044527e-01
1.650273808239977500e+15,4.908738521234043972e-01
1.650273808241868250e+15,4.908738521234043972e-01
1.650273808243759000e+15,4.908738521234043972e-01
1.650273808245649500e+15,4.908738521234043972e-01
1.650273808247540250e+15,4.908738521234043972e-01
1.650273808249430750e+15,4.908738521234043972e-01
1.650273808251321500e+15,4.912302878699050246e-01
1.650273808253212000e+15,4.917855756974776615e-01
1.650273808255102750e+15,4.923409369563948035e-01
1.650273808256993250e+15,4.928962247839674404e-01
1.650273808258884000e+15,4.934515860428846934e-01
1.650273808260774750e+15,4.940069473018018353e-01
1.650273808262665250e+15,4.945622351293744723e-01
1.650273808264556000e+15,4.951175963882917253e-01
1.650273808266446500e+15,4.956728842158643067e-01
1.650273808268337250e+15,4.962282454747815041e-01
1.650273808270227750e+15,4.967835333023541411e-01
1.650273808272118500e+15,4.962990028267614817e-01
1.650273808274009250e+15,4.950996337893604493e-01
1.650273808275899750e+15,4.939004233357274232e-01
1.650273808277790500e+15,4.927010542983263353e-01
1.650273808279681000e+15,4.915018438446933091e-01
1.650273808281571750e+15,4.908738521234043972e-01
1.650273808283462250e+15,4.908738521234043972e-01
1.650273808285353000e+15,4.908738521234043972e-01
1.650273808287243500e+15,4.908738521234043972e-01
1.650273808289134250e+15,4.908738521234043972e-01
1.650273808291025000e+15,4.908738521234043972e-01
1.650273808292915500e+15,4.908738521234043972e-01
1.650273808294806250e+15,4.908738521234043972e-01
1.650273808296696750e+15,4.908738521234043972e-01
1.650273808298587500e+15,4.908738521234044527e-01
1.650273808300478000e+15,4.908738521234044527e-01
1.650273808302368750e+15,4.908738521234043972e-01
1.650273808304259500e+15,4.908738521234043417e-01
1.650273808306150000e+15,4.908738521234043972e-01
1.650273808308040750e+15,4.908738521234043972e-01
1.650273808309931250e+15,4.908738521234043972e-01
1.650273808311822000e+15,4.908738521234043972e-01
1.650273808313712500e+15,4.908738521234043972e-01
1.650273808315603250e+15,4.908738521234043972e-01
1.650273808317493750e+15,4.908738521234043972e-01
1.650273808319384500e+15,4.908738521234043972e-01
1.650273808321275250e+15,4.908738521234043972e-01
1.650273808323165750e+15,4.908738521234043972e-01
1.650273808325056500e+15,4.908738521234043972e-01
1.650273808326947000e+15,4.908738521234043972e-01
1.650273808328837750e+15,4.908738521234043972e-01
1.650273808330728250e+15,4.908738521234043972e-01
1.650273808332619000e+15,4.908738521234043972e-01
1.650273808334509750e+15,4.908738521234043972e-01
1.650273808336400250e+15,4.908738521234043972e-01
1.650273808338291000e+15,4.908738521234045082e-01
1.650273808340181500e+15,4.908738521234047303e-01
1.650273808342072250e+15,4.908738521234048413e-01
1.650273808343962750e+15,4.908738521234050634e-01
1.650273808345853500e+15,4.908738521234051189e-01
1.650273808347744000e+15,4.907281634059171282e-01
1.650273808349634750e+15,4.898099602639482408e-01
1.650273808351525500e+15,4.888917571219794089e-01
1.650273808353416000e+15,4.879736753872750410e-01
1.650273808355306750e+15,4.870554722453060981e-01
1.650273808357197250e+15,4.861373905106017856e-01
1.650273808359088000e+15,4.852191873686328982e-01
1.650273808360978500e+15,4.847379289718638518e-01
1.650273808362869250e+15,4.847379289718638518e-01
1.650273808364760000e+15,4.847379289718638518e-01
1.650273808366650500e+15,4.847379289718638518e-01
1.650273808368541250e+15,4.847379289718639628e-01
1.650273808370431750e+15,4.847379289718639073e-01
1.650273808372322500e+15,4.847379289718637962e-01
1.650273808374213000e+15,4.847379289718635187e-01
1.650273808376103750e+15,4.847379289718632966e-01
1.650273808377994250e+15,4.847379289718630746e-01
1.650273808379885000e+15,4.847379289718628526e-01
1.650273808381775750e+15,4.847379289718626305e-01
1.650273808383666250e+15,4.840642933757895450e-01
1.650273808385557000e+15,4.831461628994694335e-01
1.650273808387447500e+15,4.822281538208059715e-01
1.650273808389338250e+15,4.813100233444858600e-01
1.650273808391228750e+15,4.803920142658223424e-01
1.650273808393119500e+15,4.794738837895022865e-01
1.650273808395010250e+15,4.786020058203193095e-01
1.650273808396900750e+15,4.786020058203193095e-01
1.650273808398791500e+15,4.786020058203192540e-01
1.650273808400682000e+15,4.786020058203192540e-01
1.650273808402572750e+15,4.786020058203193095e-01
1.650273808404463250e+15,4.786020058203193095e-01
1.650273808406354000e+15,4.786020058203193095e-01
1.650273808408244500e+15,4.786020058203193095e-01
1.650273808410135250e+15,4.786020058203193095e-01
1.650273808412026000e+15,4.786020058203193095e-01
1.650273808413916500e+15,4.786020058203193095e-01
1.650273808415807250e+15,4.786020058203192540e-01
1.650273808417697750e+15,4.786020058203193095e-01
1.650273808419588500e+15,4.786020058203193095e-01
1.650273808421479000e+15,4.786020058203193095e-01
1.650273808423369750e+15,4.786020058203192540e-01
1.650273808425260500e+15,4.786020058203193095e-01
1.650273808427151000e+15,4.786020058203193095e-01
1.650273808429041750e+15,4.786020058203193095e-01
1.650273808430932250e+15,4.786020058203191985e-01
1.650273808432823000e+15,4.786020058203192540e-01
1.650273808434713500e+15,4.786020058203192540e-01
1.650273808436604250e+15,4.786020058203193095e-01
1.650273808438494750e+15,4.786020058203191985e-01
1.650273808440385500e+15,4.786020058203192540e-01
1.650273808442276250e+15,4.792165799338513055e-01
1.650273808444166750e+15,4.804140572455053437e-01
1.650273808446057500e+15,4.816116929117364442e-01
1.650273808447948000e+15,4.828091702233904270e-01
1.650273808449838750e+15,4.840068058896214720e-01
1.650273808451729250e+15,4.845468545134468119e-01
1.650273808453620000e+15,4.840561597328021937e-01
1.650273808455510750e+15,4.835654649521575754e-01
1.650273808457401250e+15,4.830748350524836088e-01
1.650273808459292000e+15,4.825841402718389905e-01
1.650273808461182500e+15,4.820935103721649684e-01
1.650273808463073250e+15,4.816028155915203501e-01
1.650273808464963750e+15,4.811121856918463835e-01
1.650273808466854500e+15,4.806214909112017653e-01
1.650273808468745250e+15,4.801307961305571470e-01
1.650273808470635750e+15,4.796401662308831804e-01
1.650273808472526500e+15,4.791494714502385621e-01
1.650273808474417000e+15,4.786588415505645400e-01
1.650273808476307750e+15,4.781750096279789863e-01
1.650273808478198250e+15,4.776921405975502744e-01
1.650273808480089000e+15,4.772092077124494569e-01
1.650273808481979500e+15,4.767263386820206339e-01
1.650273808483870250e+15,4.762434057969198165e-01
1.650273808485761000e+15,4.757604729118189990e-01
1.650273808487651500e+15,4.752776038813901760e-01
1.650273808489542250e+15,4.747946709962893586e-01
1.650273808491432750e+15,4.743118019658606466e-01
1.650273808493323500e+15,4.738288690807597181e-01
1.650273808495214000e+15,4.733460000503310061e-01
1.650273808497104750e+15,4.728630671652301887e-01
1.650273808498995500e+15,4.726396338279346687e-01
1.650273808500886000e+15,4.736146664174942233e-01
1.650273808502776750e+15,4.745898279455078583e-01
1.650273808504667250e+15,4.755648605350673574e-01
1.650273808506558000e+15,4.765400220630809924e-01
1.650273808508448500e+15,4.775150546526404916e-01
1.650273808510339250e+15,4.784902161806541265e-01
1.650273808512229750e+15,4.776676048217848858e-01
1.650273808514120500e+15,4.766120596758676720e-01
1.650273808516011250e+15,4.755565145299505136e-01
1.650273808517901750e+15,4.745011089510232649e-01
1.650273808519792500e+15,4.734455638051061621e-01
1.650273808521683000e+15,4.725459377452003173e-01
1.650273808523573750e+15,4.736561288168534833e-01
1.650273808525464250e+15,4.747661730960868187e-01
1.650273808527355000e+15,4.758763641677400402e-01
1.650273808529245750e+15,4.769865552393932617e-01
1.650273808531136250e+15,4.780965995186265971e-01
1.650273808533027000e+15,4.783259147432109559e-01
1.650273808534917500e+15,4.778191669944018560e-01
1.650273808536808250e+15,4.773123522331954582e-01
1.650273808538698750e+15,4.768056044843863583e-01
1.650273808540589500e+15,4.762987897231800161e-01
1.650273808542480000e+15,4.757920419743708607e-01
1.650273808544370750e+15,4.752852272131645184e-01
1.650273808546261500e+15,4.747784124519581206e-01
1.650273808548152000e+15,4.742716647031490762e-01
1.650273808550042750e+15,4.737648499419426229e-01
1.650273808551933250e+15,4.732581021931335230e-01
1.650273808553824000e+15,4.727512874319270697e-01
1.650273808555714500e+15,4.724660826687783199e-01
1.650273808557605250e+15,4.724660826687783199e-01
1.650273808559496000e+15,4.724660826687783199e-01
1.650273808561386500e+15,4.724660826687783199e-01
1.650273808563277250e+15,4.724660826687783199e-01
1.650273808565167750e+15,4.724660826687783199e-01
1.650273808567058500e+15,4.724660826687783199e-01
1.650273808568949000e+15,4.724660826687783199e-01
1.650273808570839750e+15,4.724660826687782644e-01
1.650273808572730250e+15,4.724660826687782644e-01
1.650273808574621000e+15,4.728006856656188361e-01
1.650273808576511750e+15,4.737680413479984365e-01
1.650273808578402250e+15,4.747352691240335765e-01
1.650273808580293000e+15,4.757026248064131213e-01
1.650273808582183500e+15,4.766698525824482613e-01
1.650273808584074250e+15,4.776372082648278616e-01
1.650273808585964750e+15,4.786020058203201977e-01
1.650273808587855500e+15,4.786020058203201977e-01
1.650273808589746250e+15,4.786020058203201977e-01
1.650273808591636750e+15,4.786020058203201977e-01
1.650273808593527500e+15,4.786020058203201977e-01
1.650273808595418000e+15,4.786020058203201422e-01
1.650273808597308750e+15,4.786020058203201977e-01
1.650273808599199250e+15,4.786020058203201977e-01
1.650273808601090000e+15,4.786020058203201977e-01
1.650273808602980500e+15,4.786020058203201977e-01
1.650273808604871250e+15,4.786020058203201977e-01
1.650273808606762000e+15,4.786020058203202532e-01
1.650273808608652500e+15,4.786020058203201977e-01
1.650273808610543250e+15,4.786020058203201977e-01
1.650273808612433750e+15,4.786020058203201977e-01
1.650273808614324500e+15,4.786020058203201977e-01
1.650273808616215000e+15,4.786020058203201977e-01
1.650273808618105750e+15,4.786020058203201977e-01
1.650273808619996500e+15,4.786020058203201977e-01
1.650273808621887000e+15,4.786020058203201977e-01
1.650273808623777750e+15,4.786020058203201977e-01
1.650273808625668250e+15,4.786020058203201977e-01
1.650273808627559000e+15,4.786020058203201977e-01
1.650273808629449500e+15,4.786020058203201977e-01
1.650273808631340250e+15,4.786020058203203642e-01
1.650273808633230750e+15,4.786020058203205307e-01
1.650273808635121500e+15,4.786020058203206418e-01
1.650273808637012250e+15,4.786020058203206973e-01
1.650273808638902750e+15,4.786020058203208638e-01
1.650273808640793500e+15,4.786020058203209748e-01
1.650273808642684000e+15,4.786020058203211414e-01
1.650273808644574750e+15,4.786020058203209748e-01
1.650273808646465250e+15,4.786020058203208638e-01
1.650273808648356000e+15,4.786020058203208638e-01
1.650273808650246750e+15,4.786020058203207528e-01
1.650273808652137250e+15,4.786020058203207528e-01
1.650273808654028000e+15,4.786020058203206418e-01
1.650273808655918500e+15,4.786020058203205307e-01
1.650273808657809250e+15,4.786020058203205307e-01
1.650273808659699750e+15,4.786020058203204197e-01
1.650273808661590500e+15,4.786020058203203642e-01
1.650273808663481000e+15,4.786020058203202532e-01
1.650273808665371750e+15,4.786020058203202532e-01
1.650273808667262500e+15,4.786020058203201977e-01
1.650273808669153000e+15,4.786020058203202532e-01
1.650273808671043750e+15,4.786020058203202532e-01
1.650273808672934250e+15,4.786020058203203087e-01
1.650273808674825000e+15,4.786020058203203642e-01
1.650273808676715500e+15,4.786020058203204197e-01
1.650273808678606250e+15,4.786020058203204197e-01
1.650273808680497000e+15,4.786020058203205307e-01
1.650273808682387500e+15,4.786020058203205307e-01
1.650273808684278250e+15,4.786020058203205862e-01
1.650273808686168750e+15,4.786020058203205862e-01
1.650273808688059500e+15,4.786020058203205862e-01
1.650273808689950000e+15,4.786020058203205307e-01
1.650273808691840750e+15,4.786020058203204197e-01
1.650273808693731250e+15,4.786020058203203087e-01
1.650273808695622000e+15,4.786020058203202532e-01
1.650273808697512750e+15,4.786020058203201977e-01
1.650273808699403250e+15,4.786020058203202532e-01
1.650273808701294000e+15,4.786020058203202532e-01
1.650273808703184500e+15,4.786020058203202532e-01
1.650273808705075250e+15,4.786020058203202532e-01
1.650273808706965750e+15,4.786020058203202532e-01
1.650273808708856500e+15,4.786020058203201977e-01
1.650273808710747250e+15,4.786020058203201977e-01
1.650273808712637750e+15,4.786020058203202532e-01
1.650273808714528500e+15,4.786020058203201977e-01
1.650273808716419000e+15,4.786020058203201422e-01
1.650273808718309750e+15,4.786020058203201977e-01
1.650273808720200250e+15,4.786020058203201977e-01
1.650273808722091000e+15,4.786020058203202532e-01
1.650273808723981500e+15,4.786020058203201977e-01
1.650273808725872250e+15,4.786020058203201977e-01
1.650273808727763000e+15,4.786020058203201977e-01
1.650273808729653500e+15,4.786020058203201977e-01
1.650273808731544250e+15,4.786020058203201977e-01
1.650273808733434750e+15,4.786020058203201977e-01
1.650273808735325500e+15,4.786020058203203642e-01
1.650273808737216000e+15,4.786020058203205862e-01
1.650273808739106750e+15,4.786020058203208083e-01
1.650273808740997500e+15,4.786020058203210303e-01
1.650273808742888000e+15,4.786020058203211969e-01
1.650273808744778750e+15,4.786020058203214189e-01
1.650273808746669250e+15,4.773390538404897465e-01
1.650273808748560000e+15,4.753412069834581644e-01
1.650273808750450500e+15,4.733436242870583399e-01
1.650273808752341250e+15,4.713457774300268133e-01
1.650273808754231750e+15,4.693481947336269888e-01
1.650273808756122500e+15,4.673503478765954622e-01
1.650273808758013250e+15,4.660286265399673500e-01
1.650273808759903750e+15,4.654125248447268937e-01
1.650273808761794500e+15,4.647963416761070055e-01
1.650273808763685000e+15,4.641802399808665491e-01
1.650273808765575750e+15,4.635640568122466609e-01
1.650273808767466250e+15,4.629479551170062046e-01
1.650273808769357000e+15,4.623317719483863164e-01
1.650273808771247750e+15,4.617155887797664282e-01
1.650273808773138250e+15,4.610994870845260274e-01
1.650273808775029000e+15,4.604833039159061392e-01
1.650273808776919500e+15,4.599109421912012663e-01
1.650273808778810250e+15,4.593771719267070730e-01
1.650273808780700750e+15,4.588434722387387810e-01
1.650273808782591500e+15,4.583097019742445877e-01
1.650273808784482000e+15,4.577760022862762401e-01
1.650273808786372750e+15,4.572422320217820468e-01
1.650273808788263500e+15,4.567084617572879091e-01
1.650273808790154000e+15,4.561747620693195060e-01
1.650273808792044750e+15,4.556409918048254237e-01
1.650273808793935250e+15,4.551072921168570207e-01
1.650273808795826000e+15,4.545735218523629384e-01
1.650273808797716500e+15,4.540877933701260027e-01
1.650273808799607250e+15,4.549387797046657300e-01
1.650273808801498000e+15,4.557897660392054573e-01
1.650273808803388500e+15,4.566406398540658884e-01
1.650273808805279250e+15,4.574916261886056712e-01
1.650273808807169750e+15,4.583425000034661023e-01
1.650273808809060500e+15,4.591934863380058296e-01
1.650273808810951000e+15,4.600443601528662607e-01
1.650273808812841750e+15,4.601942363656927881e-01
1.650273808814732250e+15,4.601942363656927881e-01
1.650273808816623000e+15,4.601942363656927881e-01
1.650273808818513750e+15,4.601942363656927326e-01
1.650273808820404250e+15,4.601942363656927881e-01
1.650273808822295000e+15,4.601942363656927881e-01
1.650273808824185500e+15,4.601942363656927881e-01
1.650273808826076250e+15,4.601942363656927881e-01
1.650273808827966750e+15,4.601942363656927881e-01
1.650273808829857500e+15,4.601942363656927881e-01
1.650273808831748250e+15,4.601942363656927881e-01
1.650273808833638750e+15,4.601942363656927326e-01
1.650273808835529500e+15,4.601942363656927881e-01
1.650273808837420000e+15,4.601942363656927881e-01
1.650273808839310750e+15,4.601942363656927881e-01
1.650273808841201250e+15,4.601942363656927326e-01
1.650273808843092000e+15,4.601942363656927326e-01
1.650273808844982500e+15,4.601942363656927881e-01
1.650273808846873250e+15,4.584219505235088699e-01
1.650273808848764000e+15,4.560458119267286059e-01
1.650273808850654500e+15,4.536699875093211931e-01
1.650273808852545250e+15,4.512938489125409292e-01
1.650273808854435750e+15,4.489180244951335719e-01
1.650273808856326500e+15,4.483944006775911761e-01
1.650273808858217000e+15,4.492067229967784958e-01
1.650273808860107750e+15,4.500191527375895229e-01
1.650273808861998500e+15,4.508315824784006054e-01
1.650273808863889000e+15,4.516439047975878696e-01
1.650273808865779750e+15,4.524563345383988966e-01
1.650273808867670250e+15,4.532686568575861608e-01
1.650273808869561000e+15,4.540396768859547016e-01
1.650273808871451500e+15,4.533749225754678536e-01
1.650273808873342250e+15,4.527100803577724930e-01
1.650273808875232750e+15,4.520453260472856449e-01
1.650273808877123500e+15,4.513804838295902844e-01
1.650273808879014250e+15,4.507156416118949238e-01
1.650273808880904750e+15,4.500508873014080757e-01
1.650273808882795500e+15,4.493860450837127707e-01
1.650273808884686000e+15,4.487212907732259226e-01
1.650273808886576750e+15,4.480564485555305621e-01
1.650273808888467250e+15,4.479223900626063681e-01
1.650273808890358000e+15,4.479223900626063681e-01
1.650273808892248750e+15,4.479223900626063681e-01
1.650273808894139250e+15,4.479223900626063681e-01
1.650273808896030000e+15,4.479223900626063681e-01
1.650273808897920500e+15,4.479223900626063681e-01
1.650273808899811250e+15,4.486122358358384798e-01
1.650273808901701750e+15,4.494241601529093688e-01
1.650273808903592500e+15,4.502361918389722328e-01
1.650273808905483000e+15,4.510481161560432328e-01
1.650273808907373750e+15,4.518601478421060968e-01
1.650273808909264500e+15,4.526721795281689609e-01
1.650273808911155000e+15,4.534841038452399054e-01
1.650273808913045750e+15,4.540583132141496336e-01
1.650273808914936250e+15,4.540583132141497447e-01
1.650273808916827000e+15,4.540583132141499112e-01
1.650273808918717500e+15,4.540583132141500777e-01
1.650273808920608250e+15,4.540583132141502443e-01
1.650273808922499000e+15,4.540583132141503553e-01
1.650273808924389500e+15,4.540583132141504663e-01
1.650273808926280250e+15,4.540583132141506884e-01
1.650273808928170750e+15,4.540583132141507994e-01
1.650273808930061500e+15,4.540583132141509104e-01
1.650273808931952000e+15,4.540583132141511324e-01
1.650273808933842750e+15,4.540583132141512435e-01
1.650273808935733250e+15,4.540583132141513545e-01
1.650273808937624000e+15,4.540583132141512990e-01
1.650273808939514750e+15,4.540583132141513545e-01
1.650273808941405250e+15,4.540583132141513545e-01
1.650273808943296000e+15,4.540583132141512990e-01
1.650273808945186500e+15,4.540583132141513545e-01
1.650273808947077250e+15,4.540583132141513545e-01
1.650273808948967750e+15,4.540583132141513545e-01
1.650273808950858500e+15,4.540583132141513545e-01
1.650273808952749250e+15,4.540583132141513545e-01
1.650273808954639750e+15,4.540583132141512990e-01
1.650273808956530500e+15,4.540583132141513545e-01
1.650273808958421000e+15,4.540583132141513545e-01
1.650273808960311750e+15,4.540583132141513545e-01
1.650273808962202250e+15,4.540583132141513545e-01
1.650273808964093000e+15,4.540583132141512990e-01
1.650273808965983500e+15,4.534722455476424274e-01
1.650273808967874250e+15,4.527035272400103949e-01
1.650273808969765000e+15,4.519348089323782514e-01
1.650273808971655500e+15,4.511661922667278279e-01
1.650273808973546250e+15,4.503974739590956844e-01
1.650273808975436750e+15,4.496288572934453165e-01
1.650273808977327500e+15,4.488601389858132840e-01
1.650273808979218000e+15,4.480915223201628050e-01
1.650273808981108750e+15,4.486866597135980572e-01
1.650273808982999500e+15,4.496665158536979900e-01
1.650273808984890000e+15,4.506462424346098228e-01
1.650273808986780750e+15,4.516260985747098111e-01
1.650273808988671250e+15,4.526058251556215328e-01
1.650273808990562000e+15,4.535856812957215212e-01
1.650273808992452500e+15,4.545863231344559052e-01
1.650273808994343250e+15,4.556065937086162254e-01
1.650273808996233750e+15,4.566267293798843552e-01
1.650273808998124500e+15,4.576469999540446754e-01
1.650273809000015250e+15,4.586672705282049400e-01
1.650273809001905750e+15,4.596874061994729588e-01
1.650273809003796500e+15,4.598564872693898242e-01
1.650273809005687000e+15,4.591854261379543778e-01
1.650273809007577750e+15,4.585142762652955617e-01
1.650273809009468250e+15,4.578432151338601708e-01
1.650273809011359000e+15,4.571720652612013547e-01
1.650273809013249750e+15,4.565009153885425386e-01
1.650273809015140250e+15,4.558298542571070922e-01
1.650273809017031000e+15,4.551587043844482761e-01
1.650273809018921500e+15,4.544876432530128851e-01
1.650273809020812250e+15,4.540583132141496336e-01
1.650273809022702750e+15,4.540583132141498002e-01
1.650273809024593500e+15,4.540583132141499112e-01
1.650273809026484000e+15,4.540583132141500222e-01
1.650273809028374750e+15,4.540583132141501332e-01
1.650273809030265500e+15,4.540583132141502998e-01
1.650273809032156000e+15,4.540583132141504663e-01
1.650273809034046750e+15,4.546103908923906922e-01
1.650273809035937250e+15,4.555897039120605507e-01
1.650273809037828000e+15,4.565691464362290897e-01
1.650273809039718500e+15,4.575484594558989482e-01
1.650273809041609250e+15,4.585279019800675426e-01
1.650273809043500000e+15,4.595073445042361371e-01
1.650273809045390500e+15,4.598650784621429732e-01
1.650273809047281250e+15,4.587625889915757926e-01
1.650273809049171750e+15,4.576602452951022970e-01
1.650273809051062500e+15,4.565577558245350609e-01
1.650273809052953000e+15,4.554554121280615653e-01
1.650273809054843750e+15,4.543529226574943847e-01
1.650273809056734250e+15,4.540583132141496336e-01
1.650273809058625000e+15,4.540583132141495781e-01
1.650273809060515750e+15,4.540583132141495781e-01
1.650273809062406250e+15,4.540583132141495781e-01
1.650273809064297000e+15,4.540583132141495781e-01
1.650273809066187500e+15,4.540583132141495781e-01
1.650273809068078250e+15,4.540583132141495781e-01
1.650273809069968750e+15,4.540583132141495781e-01
1.650273809071859500e+15,4.540583132141495781e-01
1.650273809073750250e+15,4.540583132141495781e-01
1.650273809075640750e+15,4.540583132141495781e-01
1.650273809077531500e+15,4.540583132141496336e-01
1.650273809079422000e+15,4.531110088170823835e-01
1.650273809081312750e+15,4.520384843926783525e-01
1.650273809083203250e+15,4.509661017803097693e-01
1.650273809085094000e+15,4.498935773559057383e-01
1.650273809086984500e+15,4.488211947435371552e-01
1.650273809088875250e+15,4.477486703191331241e-01
1.650273809090766000e+15,4.466761458947290375e-01
1.650273809092656500e+15,4.456037632823605099e-01
1.650273809094547250e+15,4.445312388579564233e-01
1.650273809096437750e+15,4.434588562455878957e-01
1.650273809098328500e+15,4.423863318211838092e-01
1.650273809100219000e+15,4.417864669110649900e-01
1.650273809102109750e+15,4.417864669110649345e-01
1.650273809104000500e+15,4.417864669110649345e-01
1.650273809105891000e+15,4.417864669110649345e-01
1.650273809107781750e+15,4.417864669110649345e-01
1.650273809109672250e+15,4.417864669110649345e-01
1.650273809111563000e+15,4.417864669110649900e-01
1.650273809113453500e+15,4.417864669110649900e-01
1.650273809115344250e+15,4.417864669110649345e-01
1.650273809117234750e+15,4.417864669110649345e-01
1.650273809119125500e+15,4.417864669110649900e-01
1.650273809121016250e+15,4.417864669110649345e-01
1.650273809122906750e+15,4.417864669110649900e-01
1.650273809124797500e+15,4.417864669110648235e-01
1.650273809126688000e+15,4.417864669110646569e-01
1.650273809128578750e+15,4.417864669110644904e-01
1.650273809130469250e+15,4.417864669110643239e-01
1.650273809132360000e+15,4.417864669110641573e-01
1.650273809134250750e+15,4.417864669110641018e-01
1.650273809136141250e+15,4.417864669110642128e-01
1.650273809138032000e+15,4.417864669110643794e-01
1.650273809139922500e+15,4.417864669110644904e-01
1.650273809141813250e+15,4.417864669110646569e-01
1.650273809143703750e+15,4.417864669110647124e-01
1.650273809145594500e+15,4.417864669110648790e-01
1.650273809147485000e+15,4.417864669110648790e-01
1.650273809149375750e+15,4.417864669110648235e-01
1.650273809151266500e+15,4.417864669110647124e-01
1.650273809153157000e+15,4.417864669110646569e-01
1.650273809155047750e+15,4.417864669110645459e-01
1.650273809156938250e+15,4.417864669110643794e-01
1.650273809158829000e+15,4.417864669110643794e-01
1.650273809160719500e+15,4.417864669110642684e-01
1.650273809162610250e+15,4.417864669110641573e-01
1.650273809164501000e+15,4.417864669110641018e-01
1.650273809166391500e+15,4.417864669110640463e-01
1.650273809168282250e+15,4.417864669110639908e-01
1.650273809170172750e+15,4.417864669110640463e-01
1.650273809172063500e+15,4.417864669110640463e-01
1.650273809173954000e+15,4.417864669110640463e-01
1.650273809175844750e+15,4.417864669110640463e-01
1.650273809177735250e+15,4.417864669110640463e-01
1.650273809179626000e+15,4.417864669110640463e-01
1.650273809181516750e+15,4.417864669110641573e-01
1.650273809183407250e+15,4.417864669110642128e-01
1.650273809185298000e+15,4.417864669110643239e-01
1.650273809187188500e+15,4.417864669110643794e-01
1.650273809189079250e+15,4.417864669110644904e-01
1.650273809190969750e+15,4.417864669110646014e-01
1.650273809192860500e+15,4.417864669110646014e-01
1.650273809194751250e+15,4.417864669110647124e-01
1.650273809196641750e+15,4.417864669110648235e-01
1.650273809198532500e+15,4.417864669110648790e-01
1.650273809200423000e+15,4.412263127400472551e-01
1.650273809202313750e+15,4.404649097933530100e-01
1.650273809204204250e+15,4.397036075213839323e-01
1.650273809206095000e+15,4.389422045746897427e-01
1.650273809207985500e+15,4.381809023027206651e-01
1.650273809209876250e+15,4.374194993560264200e-01
1.650273809211767000e+15,4.366580964093321748e-01
1.650273809213657500e+15,4.358967941373630972e-01
1.650273809215548250e+15,4.366038325245945595e-01
1.650273809217438750e+15,4.380126208070804772e-01
1.650273809219329500e+15,4.394215953879374581e-01
1.650273809221220000e+15,4.408303836704234868e-01
1.650273809223110750e+15,4.419558870780410653e-01
1.650273809225001500e+15,4.424829642984664524e-01
1.650273809226892000e+15,4.430099718273380893e-01
1.650273809228782750e+15,4.435370490477633654e-01
1.650273809230673250e+15,4.440640565766350578e-01
1.650273809232564000e+15,4.445911337970603894e-01
1.650273809234454500e+15,4.451181413259320818e-01
1.650273809236345250e+15,4.456452185463574134e-01
1.650273809238235750e+15,4.461722260752291058e-01
1.650273809240126500e+15,4.466993032956543819e-01
1.650273809242017250e+15,4.472263805160797134e-01
1.650273809243907750e+15,4.477533880449513504e-01
1.650273809245798500e+15,4.485722040034231806e-01
1.650273809247689000e+15,4.495285864519342756e-01
1.650273809249579750e+15,4.504850953726019513e-01
1.650273809251470250e+15,4.514414778211129908e-01
1.650273809253361000e+15,4.523979867417807776e-01
1.650273809255251750e+15,4.533544956624484534e-01
1.650273809257142250e+15,4.540583132141495781e-01
1.650273809259033000e+15,4.540583132141496892e-01
1.650273809260923500e+15,4.540583132141499112e-01
1.650273809262814250e+15,4.540583132141500222e-01
1.650273809264704750e+15,4.540583132141501332e-01
1.650273809266595500e+15,4.540583132141502998e-01
1.650273809268486000e+15,4.540583132141503553e-01
1.650273809270376750e+15,4.540583132141502443e-01
1.650273809272267500e+15,4.540583132141500222e-01
1.650273809274158000e+15,4.540583132141499667e-01
1.650273809276048750e+15,4.540583132141498002e-01
1.650273809277939250e+15,4.540583132141496892e-01
1.650273809279830000e+15,4.541423874003512329e-01
1.650273809281720500e+15,4.550828740809085837e-01
1.650273809283611250e+15,4.560234851315637661e-01
1.650273809285502000e+15,4.569640961822190595e-01
1.650273809287392500e+15,4.579045828627763548e-01
1.650273809289283250e+15,4.588451939134316482e-01
1.650273809291173750e+15,4.597856805939889990e-01
1.650273809293064500e+15,4.601942363656936208e-01
1.650273809294955000e+15,4.601942363656934543e-01
1.650273809296845750e+15,4.601942363656932877e-01
1.650273809298736250e+15,4.601942363656931767e-01
1.650273809300627000e+15,4.601942363656930102e-01
1.650273809302517750e+15,4.601942363656928436e-01
1.650273809304408250e+15,4.597738965116776599e-01
1.650273809306299000e+15,4.591299770634467703e-01
1.650273809308189500e+15,4.584861427559600022e-01
1.650273809310080250e+15,4.578422233077290571e-01
1.650273809311970750e+15,4.571983890002422335e-01
1.650273809313861500e+15,4.565544695520113438e-01
1.650273809315752250e+15,4.559105501037803432e-01
1.650273809317642750e+15,4.552667157962935751e-01
1.650273809319533500e+15,4.546227963480626300e-01
1.650273809321424000e+15,4.541611745778688092e-01
1.650273809323314750e+15,4.549958746785076613e-01
1.650273809325205250e+15,4.558304644128763350e-01
1.650273809327096000e+15,4.566651645135151871e-01
1.650273809328986500e+15,4.574997542478838053e-01
1.650273809330877250e+15,4.583344543485227129e-01
1.650273809332768000e+15,4.591691544491613985e-01
1.650273809334658500e+15,4.600037441835301832e-01
1.650273809336549250e+15,4.595783438179641966e-01
1.650273809338439750e+15,4.587804374540905838e-01
1.650273809340330500e+15,4.579824255749612716e-01
1.650273809342221000e+15,4.571845192110877143e-01
1.650273809344111750e+15,4.563865073319584020e-01
1.650273809346002500e+15,4.555884954528290343e-01
1.650273809347893000e+15,4.547905890889555325e-01
1.650273809349783750e+15,4.540583132141495226e-01
1.650273809351674250e+15,4.540583132141492451e-01
1.650273809353565000e+15,4.540583132141490230e-01
1.650273809355455500e+15,4.540583132141487455e-01
1.650273809357346250e+15,4.540583132141487455e-01
1.650273809359236750e+15,4.540583132141489120e-01
1.650273809361127500e+15,4.540583132141490230e-01
1.650273809363018250e+15,4.540583132141491340e-01
1.650273809364908750e+15,4.540583132141492451e-01
1.650273809366799500e+15,4.540583132141494116e-01
1.650273809368690000e+15,4.540583132141495781e-01
1.650273809370580750e+15,4.531341574823840035e-01
1.650273809372471250e+15,4.518623711960125799e-01
1.650273809374362000e+15,4.505904167284342510e-01
1.650273809376252750e+15,4.493184622608558665e-01
1.650273809378143250e+15,4.480466759744843874e-01
1.650273809380034000e+15,4.479223900626055910e-01
1.650273809381924500e+15,4.479223900626057020e-01
1.650273809383815250e+15,4.479223900626058130e-01
1.650273809385705750e+15,4.479223900626059240e-01
1.650273809387596500e+15,4.479223900626060351e-01
1.650273809389487000e+15,4.479223900626061461e-01
1.650273809391377750e+15,4.479223900626062571e-01
1.650273809393268500e+15,4.479223900626063681e-01
1.650273809395159000e+15,4.487178660213615999e-01
1.650273809397049750e+15,4.497198954477549249e-01
1.650273809398940250e+15,4.507217923831490780e-01
1.650273809400831000e+15,4.517238218095424584e-01
1.650273809402721500e+15,4.527257187449366671e-01
1.650273809404612250e+15,4.537277481713299920e-01
1.650273809406503000e+15,4.540583132141504108e-01
1.650273809408393500e+15,4.540583132141503553e-01
1.650273809410284250e+15,4.540583132141502443e-01
1.650273809412174750e+15,4.540583132141501332e-01
1.650273809414065500e+15,4.540583132141500222e-01
1.650273809415956000e+15,4.540583132141500222e-01
1.650273809417846750e+15,4.540583132141499112e-01
1.650273809419737250e+15,4.540583132141498557e-01
1.650273809421628000e+15,4.540583132141497447e-01
1.650273809423518750e+15,4.540583132141496336e-01
1.650273809425409250e+15,4.538378825237819880e-01
1.650273809427300000e+15,4.522302477009760291e-01
1.650273809429190500e+15,4.506228254439273440e-01
1.650273809431081250e+15,4.490151906211213295e-01
1.650273809432971750e+15,4.474077683640726999e-01
1.650273809434862500e+15,4.458001335412667410e-01
1.650273809436753250e+15,4.441924987184607265e-01
1.650273809438643750e+15,4.425850764614120414e-01
1.650273809440534500e+15,4.424270562108987837e-01
1.650273809442425000e+15,4.436998192916528083e-01
1.650273809444315750e+15,4.449727506827851897e-01
1.650273809446206250e+15,4.462455137635391589e-01
1.650273809448097000e+15,4.475184451546715403e-01
1.650273809449987500e+15,4.487912082354256205e-01
1.650273809451878250e+15,4.500641396265580019e-01
1.650273809453769000e+15,4.513370710176903278e-01
1.650273809455659500e+15,4.526098340984444079e-01
1.650273809457550250e+15,4.538827654895767338e-01
1.650273809459440750e+15,4.530192420632538908e-01
1.650273809461331500e+15,4.518137665126738534e-01
1.650273809463222000e+15,4.506084503532813423e-01
1.650273809465112750e+15,4.494029748027013049e-01
1.650273809467003500e+15,4.481974992521212675e-01
1.650273809468894000e+15,4.479223900626062571e-01
1.650273809470784750e+15,4.479223900626062016e-01
1.650273809472675250e+15,4.479223900626061461e-01
1.650273809474566000e+15,4.479223900626059240e-01
1.650273809476456500e+15,4.479223900626058685e-01
1.650273809478347250e+15,4.479223900626058130e-01
1.650273809480237750e+15,4.479223900626056465e-01
1.650273809482128500e+15,4.479223900626056465e-01
1.650273809484019250e+15,4.479223900626055355e-01
1.650273809485909750e+15,4.479223900626055355e-01
1.650273809487800500e+15,4.479223900626055355e-01
1.650273809489691000e+15,4.479223900626055355e-01
1.650273809491581750e+15,4.479223900626055355e-01
1.650273809493472250e+15,4.479223900626055910e-01
1.650273809495363000e+15,4.479223900626054800e-01
1.650273809497253750e+15,4.479223900626055355e-01
1.650273809499144250e+15,4.471710478143884893e-01
1.650273809501035000e+15,4.454220784628138974e-01
1.650273809502925500e+15,4.436733403646245244e-01
1.650273809504816250e+15,4.419243710130500435e-01
1.650273809506706750e+15,4.401756329148606706e-01
1.650273809508597500e+15,4.384266635632861897e-01
1.650273809510488000e+15,4.366779254650967612e-01
1.650273809512378750e+15,4.349289561135222248e-01
1.650273809514269500e+15,4.331799867619477440e-01
1.650273809516160000e+15,4.314312486637583710e-01
1.650273809518050750e+15,4.296822793121838346e-01
1.650273809519941250e+15,4.304728067709489014e-01
1.650273809521832000e+15,4.315327397752684035e-01
1.650273809523722500e+15,4.325925326324234765e-01
1.650273809525613250e+15,4.336524656367429786e-01
1.650273809527504000e+15,4.347123986410624252e-01
1.650273809529394500e+15,4.357721914982174427e-01
1.650273809531285250e+15,4.368321245025370003e-01
1.650273809533175750e+15,4.378919173596920178e-01
1.650273809535066500e+15,4.389518503640115199e-01
1.650273809536957000e+15,4.400116432211665374e-01
1.650273809538847750e+15,4.410715762254859840e-01
1.650273809540738500e+15,4.417864669110648790e-01
1.650273809542629000e+15,4.417864669110649345e-01
1.650273809544519750e+15,4.417864669110649345e-01
1.650273809546410250e+15,4.417864669110649345e-01
1.650273809548301000e+15,4.417864669110649345e-01
1.650273809550191500e+15,4.417864669110649345e-01
1.650273809552082250e+15,4.417864669110648790e-01
1.650273809553972750e+15,4.417864669110649345e-01
1.650273809555863500e+15,4.411149596700423836e-01
1.650273809557754250e+15,4.400026930769951883e-01
1.650273809559644750e+15,4.388905735507989125e-01
1.650273809561535500e+15,4.377783069577517727e-01
1.650273809563426000e+15,4.366661874315553860e-01
1.650273809565316750e+15,4.355539208385081906e-01
1.650273809567207250e+15,4.344418013123119149e-01
1.650273809569098000e+15,4.333295347192647196e-01
1.650273809570988750e+15,4.322172681262174687e-01
1.650273809572879250e+15,4.311051486000211930e-01
1.650273809574770000e+15,4.299928820069740532e-01
1.650273809576660500e+15,4.304936606192029669e-01
1.650273809578551250e+15,4.322116373256710276e-01
1.650273809580441750e+15,4.339293868766840312e-01
1.650273809582332500e+15,4.356473635831520919e-01
1.650273809584223000e+15,4.373651131341650955e-01
1.650273809586113750e+15,4.390830898406331007e-01
1.650273809588004500e+15,4.408010665471011613e-01
1.650273809589895000e+15,4.425275126589792163e-01
1.650273809591785750e+15,4.442658901377248282e-01
1.650273809593676250e+15,4.460040377635710040e-01
1.650273809595567000e+15,4.477424152423165604e-01
1.650273809597457500e+15,4.494805628681627918e-01
1.650273809599348250e+15,4.512189403469084037e-01
1.650273809601239000e+15,4.529573178256540156e-01
1.650273809603129500e+15,4.546954654515001915e-01
1.650273809605020250e+15,4.564338429302458033e-01
1.650273809606910750e+15,4.581719905560919237e-01
1.650273809608801500e+15,4.599103680348375356e-01
1.650273809610692000e+15,4.616485156606837115e-01
1.650273809612582750e+15,4.633868931394293789e-01
1.650273809614473250e+15,4.651250407652754992e-01
1.650273809616364000e+15,4.645267826535262046e-01
1.650273809618254750e+15,4.586479295413609103e-01
1.650273809620145250e+15,4.527698537468091700e-01
1.650273809622036000e+15,4.468910006346438202e-01
1.650273809623926500e+15,4.410129248400921353e-01
1.650273809625817250e+15,4.351340717279267301e-01
1.650273809627707750e+15,4.292559959333750452e-01
1.650273809629598500e+15,4.233797268257046831e-01
1.650273809631489250e+15,4.272722867112174749e-01
1.650273809633379750e+15,4.311643319120963547e-01
1.650273809635270500e+15,4.350568917976090910e-01
1.650273809637161000e+15,4.389489369984880263e-01
1.650273809639051750e+15,4.428414968840007626e-01
1.650273809640942250e+15,4.467335420848796979e-01
1.650273809642833000e+15,4.506261019703924342e-01
1.650273809644723500e+15,4.545181471712713694e-01
1.650273809646614250e+15,4.584107070567840503e-01
1.650273809648505000e+15,4.623032669422968421e-01
1.650273809650395500e+15,4.661953121431757219e-01
1.650273809652286250e+15,4.653746443109930686e-01
1.650273809654176750e+15,4.643849708430303758e-01
1.650273809656067500e+15,4.633951665005017206e-01
1.650273809657958000e+15,4.624054930325389723e-01
1.650273809659848750e+15,4.614156886900103172e-01
1.650273809661739500e+15,4.604258843474816065e-01
1.650273809663630000e+15,4.601942363656918999e-01
1.650273809665520750e+15,4.601942363656918999e-01
1.650273809667411250e+15,4.601942363656918999e-01
1.650273809669302000e+15,4.601942363656918999e-01
1.650273809671192500e+15,4.601942363656918444e-01
1.650273809673083250e+15,4.601942363656918999e-01
1.650273809674973750e+15,4.601942363656918999e-01
1.650273809676864500e+15,4.601942363656918999e-01
1.650273809678755250e+15,4.601942363656918999e-01
1.650273809680645750e+15,4.601942363656918444e-01
1.650273809682536500e+15,4.601942363656918444e-01
1.650273809684427000e+15,4.601942363656918444e-01
1.650273809686317750e+15,4.615099432074752928e-01
1.650273809688208250e+15,4.635034064688590139e-01
1.650273809690099000e+15,4.654971333461196403e-01
1.650273809691989750e+15,4.674908602233801558e-01
1.650273809693880250e+15,4.694843234847638769e-01
1.650273809695771000e+15,4.714780503620245034e-01
1.650273809697661500e+15,4.708844112102761881e-01
1.650273809699552250e+15,4.677480238897086529e-01
1.650273809701442750e+15,4.646120512706246597e-01
1.650273809703333500e+15,4.614756639500570690e-01
1.650273809705224000e+15,4.601942363656919555e-01
1.650273809707114750e+15,4.601942363656918444e-01
1.650273809709005500e+15,4.601942363656918999e-01
1.650273809710896000e+15,4.601942363656918999e-01
1.650273809712786750e+15,4.601942363656918999e-01
1.650273809714677250e+15,4.601942363656918999e-01
1.650273809716568000e+15,4.601942363656918999e-01
1.650273809718458500e+15,4.601942363656918999e-01
1.650273809720349250e+15,4.601942363656918444e-01
1.650273809722240000e+15,4.601942363656918999e-01
1.650273809724130500e+15,4.601942363656918999e-01
1.650273809726021250e+15,4.601942363656918999e-01
1.650273809727911750e+15,4.601942363656918999e-01
1.650273809729802500e+15,4.601942363656918999e-01
1.650273809731693000e+15,4.601942363656918999e-01
1.650273809733583750e+15,4.601942363656918999e-01
1.650273809735474250e+15,4.601942363656918999e-01
1.650273809737365000e+15,4.601942363656918999e-01
1.650273809739255750e+15,4.610875948124781853e-01
1.650273809741146250e+15,4.621014889404382320e-01
1.650273809743037000e+15,4.631155171459079289e-01
1.650273809744927500e+15,4.641294112738679756e-01
1.650273809746818250e+15,4.651434394793376170e-01
1.650273809748708750e+15,4.661573336072976637e-01
1.650273809750599500e+15,4.663301595172343328e-01
1.650273809752490250e+15,4.663301595172344438e-01
1.650273809754380750e+15,4.663301595172345548e-01
1.650273809756271500e+15,4.663301595172347214e-01
1.650273809758162000e+15,4.663301595172348879e-01
1.650273809760052750e+15,4.663301595172349989e-01
1.650273809761943250e+15,4.663301595172350544e-01
1.650273809763834000e+15,4.663301595172351099e-01
1.650273809765724500e+15,4.663301595172351099e-01
1.650273809767615250e+15,4.663301595172351099e-01
1.650273809769506000e+15,4.663301595172351099e-01
1.650273809771396500e+15,4.663301595172351099e-01
1.650273809773287250e+15,4.667197270472608350e-01
1.650273809775177750e+15,4.675080357606818393e-01
1.650273809777068500e+15,4.682964487201639603e-01
1.650273809778959000e+15,4.690847574335850201e-01
1.650273809780849750e+15,4.698731703930670855e-01
1.650273809782740500e+15,4.706615833525491510e-01
1.650273809784631000e+15,4.714498920659701553e-01
1.650273809786521750e+15,4.722383050254522208e-01
1.650273809788412250e+15,4.724660826687773763e-01
1.650273809790303000e+15,4.724660826687774318e-01
1.650273809792193500e+15,4.724660826687774318e-01
1.650273809794084250e+15,4.724660826687774318e-01
1.650273809795974750e+15,4.724660826687774318e-01
1.650273809797865500e+15,4.724660826687774318e-01
1.650273809799756250e+15,4.724660826687774318e-01
1.650273809801646750e+15,4.724660826687774318e-01
1.650273809803537500e+15,4.724660826687774318e-01
1.650273809805428000e+15,4.724660826687774318e-01
1.650273809807318750e+15,4.724660826687774318e-01
1.650273809809209250e+15,4.724660826687774318e-01
1.650273809811100000e+15,4.724660826687774318e-01
1.650273809812990750e+15,4.724660826687774318e-01
1.650273809814881250e+15,4.724660826687774318e-01
1.650273809816772000e+15,4.718945898263545713e-01
1.650273809818662500e+15,4.709493516648494693e-01
1.650273809820553250e+15,4.700039885049098753e-01
1.650273809822443750e+15,4.690587503434047734e-01
1.650273809824334500e+15,4.681133871834651794e-01
1.650273809826225000e+15,4.671681490219601329e-01
1.650273809828115750e+15,4.663301595172351099e-01
1.650273809830006500e+15,4.663301595172349434e-01
1.650273809831897000e+15,4.663301595172347769e-01
1.650273809833787750e+15,4.663301595172346103e-01
1.650273809835678250e+15,4.663301595172344438e-01
1.650273809837569000e+15,4.663301595172342773e-01
1.650273809839459500e+15,4.673068754119496515e-01
1.650273809841350250e+15,4.703367779188127873e-01
1.650273809843241000e+15,4.733666804256759786e-01
1.650273809845131500e+15,4.763961823107612514e-01
1.650273809847022250e+15,4.794260848176244982e-01
1.650273809848912750e+15,4.824555867027097156e-01
1.650273809850803500e+15,4.845412134093444734e-01
1.650273809852694000e+15,4.837440199025069276e-01
1.650273809854584750e+15,4.829467209746819978e-01
1.650273809856475250e+15,4.821495274678445631e-01
1.650273809858366000e+15,4.813522285400196332e-01
1.650273809860256750e+15,4.805549296121946479e-01
1.650273809862147250e+15,4.797577361053572131e-01
1.650273809864038000e+15,4.789604371775322833e-01
1.650273809865928500e+15,4.786020058203188654e-01
1.650273809867819250e+15,4.786020058203188099e-01
1.650273809869709750e+15,4.786020058203188654e-01
1.650273809871600500e+15,4.786020058203188654e-01
1.650273809873491250e+15,4.786020058203188654e-01
1.650273809875381750e+15,4.786020058203188654e-01
1.650273809877272500e+15,4.786020058203188654e-01
1.650273809879163000e+15,4.786020058203188654e-01
1.650273809881053750e+15,4.786020058203188654e-01
1.650273809882944250e+15,4.789228331927647409e-01
1.650273809884835000e+15,4.797841812289055929e-01
1.650273809886725500e+15,4.806454153753152436e-01
1.650273809888616250e+15,4.815067634114561512e-01
1.650273809890507000e+15,4.823681114475968368e-01
1.650273809892397500e+15,4.832293455940065430e-01
1.650273809894288250e+15,4.840906936301473951e-01
1.650273809896178750e+15,4.847379289718621309e-01
1.650273809898069500e+15,4.847379289718622974e-01
1.650273809899960000e+15,4.847379289718624085e-01
1.650273809901850750e+15,4.847379289718625195e-01
1.650273809903741500e+15,4.847379289718627415e-01
1.650273809905632000e+15,4.847379289718627415e-01
1.650273809907522750e+15,4.847379289718629081e-01
1.650273809909413250e+15,4.843574666133098616e-01
1.650273809911304000e+15,4.834836625386859099e-01
1.650273809913194500e+15,4.826099740007637195e-01
1.650273809915085250e+15,4.817361699261397678e-01
1.650273809916975750e+15,4.808624813882174664e-01
1.650273809918866500e+15,4.799886773135935147e-01
1.650273809920757250e+15,4.791148732389696185e-01
1.650273809922647750e+15,4.786020058203189209e-01
1.650273809924538500e+15,4.786020058203188654e-01
1.650273809926429000e+15,4.786020058203188654e-01
1.650273809928319750e+15,4.786020058203188099e-01
1.650273809930210250e+15,4.786020058203188654e-01
1.650273809932101000e+15,4.778533153227574881e-01
1.650273809933991750e+15,4.770439462214057791e-01
1.650273809935882250e+15,4.762346841369920480e-01
1.650273809937773000e+15,4.754253150356403390e-01
1.650273809939663500e+15,4.746160529512264969e-01
1.650273809941554250e+15,4.738066838498748434e-01
1.650273809943444750e+15,4.729974217654610014e-01
1.650273809945335500e+15,4.726806335213718513e-01
1.650273809947226000e+15,4.733051268036322923e-01
1.650273809949116750e+15,4.739297026689768821e-01
1.650273809951007500e+15,4.745542785343214165e-01
1.650273809952898000e+15,4.751787718165818575e-01
1.650273809954788750e+15,4.758033476819264473e-01
1.650273809956679250e+15,4.764278409641867773e-01
1.650273809958570000e+15,4.770524168295313672e-01
1.650273809960460500e+15,4.776769101117919192e-01
1.650273809962351250e+15,4.783014859771363980e-01
1.650273809964242000e+15,4.791361088027201731e-01
1.650273809966132500e+15,4.801653867723733038e-01
1.650273809968023250e+15,4.811948008538976529e-01
1.650273809969913750e+15,4.822240788235507281e-01
1.650273809971804500e+15,4.832534929050750216e-01
1.650273809973695000e+15,4.842827708747281523e-01
1.650273809975585750e+15,4.834759878693771773e-01
1.650273809977476250e+15,4.812141251964726085e-01
1.650273809979367000e+15,4.789519634145132931e-01
1.650273809981257750e+15,4.766898016325539222e-01
1.650273809983148250e+15,4.744279389596494090e-01
1.650273809985039000e+15,4.724660826687765436e-01
1.650273809986929500e+15,4.724660826687767656e-01
1.650273809988820250e+15,4.724660826687769877e-01
1.650273809990710750e+15,4.724660826687772652e-01
1.650273809992601500e+15,4.724660826687775428e-01
1.650273809994492250e+15,4.724660826687777648e-01
1.650273809996382750e+15,4.724660826687779869e-01
1.650273809998273500e+15,4.724660826687782089e-01
1.650273810000164000e+15,4.724660826687783199e-01
1.650273810002054750e+15,4.724660826687783199e-01
1.650273810003945250e+15,4.724660826687782644e-01
1.650273810005836000e+15,4.724660826687783199e-01
1.650273810007726500e+15,4.724660826687783199e-01
1.650273810009617250e+15,4.724660826687783199e-01
1.650273810011508000e+15,4.724660826687783199e-01
1.650273810013398500e+15,4.724660826687783199e-01
1.650273810015289250e+15,4.724660826687783199e-01
1.650273810017179750e+15,4.724660826687783199e-01
1.650273810019070500e+15,4.724660826687783199e-01
1.650273810020961000e+15,4.724660826687782644e-01
1.650273810022851750e+15,4.724660826687779869e-01
1.650273810024742500e+15,4.724660826687775983e-01
1.650273810026633000e+15,4.724660826687773207e-01
1.650273810028523750e+15,4.724660826687769322e-01
1.650273810030414250e+15,4.724660826687765436e-01
1.650273810032305000e+15,4.724660826687765991e-01
1.650273810034195500e+15,4.724660826687765436e-01
1.650273810036086250e+15,4.724660826687765436e-01
1.650273810037976750e+15,4.724660826687765991e-01
1.650273810039867500e+15,4.724660826687765436e-01
1.650273810041758250e+15,4.724660826687765436e-01
1.650273810043648750e+15,4.724660826687765436e-01
1.650273810045539500e+15,4.724660826687765436e-01
1.650273810047430000e+15,4.724660826687765436e-01
1.650273810049320750e+15,4.724660826687765436e-01
1.650273810051211250e+15,4.724660826687764881e-01
1.650273810053102000e+15,4.724660826687765436e-01
1.650273810054992750e+15,4.724660826687765436e-01
1.650273810056883250e+15,4.724660826687765436e-01
1.650273810058774000e+15,4.724660826687765991e-01
1.650273810060664500e+15,4.724660826687765436e-01
1.650273810062555250e+15,4.724660826687765436e-01
1.650273810064445750e+15,4.724660826687765436e-01
1.650273810066336500e+15,4.724660826687765436e-01
1.650273810068227000e+15,4.724660826687765436e-01
1.650273810070117750e+15,4.724660826687765436e-01
1.650273810072008500e+15,4.724660826687765436e-01
1.650273810073899000e+15,4.724660826687765436e-01
1.650273810075789750e+15,4.724660826687765436e-01
1.650273810077680250e+15,4.724660826687765436e-01
1.650273810079571000e+15,4.724660826687765436e-01
1.650273810081461500e+15,4.724660826687765436e-01
1.650273810083352250e+15,4.724660826687765436e-01
1.650273810085243000e+15,4.724660826687765436e-01
1.650273810087133500e+15,4.724660826687765436e-01
1.650273810089024250e+15,4.724660826687765436e-01
1.650273810090914750e+15,4.724660826687765436e-01
1.650273810092805500e+15,4.724660826687765436e-01
1.650273810094696000e+15,4.724660826687765436e-01
1.650273810096586750e+15,4.724660826687765436e-01
1.650273810098477250e+15,4.724660826687765436e-01
1.650273810100368000e+15,4.724660826687765436e-01
1.650273810102258750e+15,4.724660826687765436e-01
1.650273810104149250e+15,4.724660826687765436e-01
1.650273810106040000e+15,4.724660826687765436e-01
1.650273810107930500e+15,4.724660826687765436e-01
1.650273810109821250e+15,4.724660826687764881e-01
1.650273810111711750e+15,4.724660826687765436e-01
1.650273810113602500e+15,4.724660826687765436e-01
1.650273810115493250e+15,4.724660826687764326e-01
1.650273810117383750e+15,4.724660826687765436e-01
1.650273810119274500e+15,4.724660826687765436e-01
1.650273810121165000e+15,4.724660826687765436e-01
1.650273810123055750e+15,4.724660826687764881e-01
1.650273810124946250e+15,4.724660826687764881e-01
1.650273810126837000e+15,4.724660826687765436e-01
1.650273810128727500e+15,4.724660826687764881e-01
1.650273810130618250e+15,4.724660826687765436e-01
1.650273810132509000e+15,4.724660826687765436e-01
1.650273810134399500e+15,4.724660826687765436e-01
1.650273810136290250e+15,4.724660826687765991e-01
1.650273810138180750e+15,4.724660826687765436e-01
1.650273810140071500e+15,4.724660826687765991e-01
1.650273810141962000e+15,4.724660826687765436e-01
1.650273810143852750e+15,4.724660826687765436e-01
1.650273810145743500e+15,4.724660826687765436e-01
1.650273810147634000e+15,4.724660826687765436e-01
1.650273810149524750e+15,4.724660826687765436e-01
1.650273810151415250e+15,4.724660826687765436e-01
1.650273810153306000e+15,4.724660826687765436e-01
1.650273810155196500e+15,4.724660826687765436e-01
1.650273810157087250e+15,4.724660826687765436e-01
1.650273810158977750e+15,4.724660826687764881e-01
1.650273810160868500e+15,4.724660826687765991e-01
1.650273810162759250e+15,4.724660826687770987e-01
1.650273810164649750e+15,4.724660826687775428e-01
1.650273810166540500e+15,4.724660826687780424e-01
1.650273810168431000e+15,4.724660826687783199e-01
1.650273810170321750e+15,4.724660826687781534e-01
1.650273810172212250e+15,4.724660826687779869e-01
1.650273810174103000e+15,4.724660826687778759e-01
1.650273810175993750e+15,4.724660826687777648e-01
1.650273810177884250e+15,4.724660826687776538e-01
1.650273810179775000e+15,4.724660826687774873e-01
1.650273810181665500e+15,4.724660826687773207e-01
1.650273810183556250e+15,4.724660826687772097e-01
1.650273810185446750e+15,4.724660826687770432e-01
1.650273810187337500e+15,4.724660826687769322e-01
1.650273810189228000e+15,4.724660826687767656e-01
1.650273810191118750e+15,4.724660826687765991e-01
1.650273810193009500e+15,4.719747869351446079e-01
1.650273810194900000e+15,4.710473834559321671e-01
1.650273810196790750e+15,4.701198573367463274e-01
1.650273810198681250e+15,4.691924538575338310e-01
1.650273810200572000e+15,4.682649277383479358e-01
1.650273810202462500e+15,4.673375242591355505e-01
1.650273810204353250e+15,4.664099981399496553e-01
1.650273810206244000e+15,4.663301595172351099e-01
1.650273810208134500e+15,4.663301595172351655e-01
1.650273810210025250e+15,4.663301595172351655e-01
1.650273810211915750e+15,4.663301595172351099e-01
1.650273810213806500e+15,4.663301595172351099e-01
1.650273810215697000e+15,4.663301595172351099e-01
1.650273810217587750e+15,4.663301595172351099e-01
1.650273810219478250e+15,4.663301595172351099e-01
1.650273810221369000e+15,4.663301595172351099e-01
1.650273810223259750e+15,4.663301595172351099e-01
1.650273810225150250e+15,4.663301595172351655e-01
1.650273810227041000e+15,4.663301595172351099e-01
1.650273810228931500e+15,4.663301595172351099e-01
1.650273810230822250e+15,4.663301595172351099e-01
1.650273810232712750e+15,4.663301595172351099e-01
1.650273810234603500e+15,4.663301595172351655e-01
1.650273810236494250e+15,4.663301595172351099e-01
1.650273810238384750e+15,4.663301595172351099e-01
1.650273810240275500e+15,4.663301595172351099e-01
1.650273810242166000e+15,4.663301595172351099e-01
1.650273810244056750e+15,4.663301595172351099e-01
1.650273810245947250e+15,4.663301595172351099e-01
1.650273810247838000e+15,4.663301595172350544e-01
1.650273810249728500e+15,4.663301595172351099e-01
1.650273810251619250e+15,4.663301595172351099e-01
1.650273810253510000e+15,4.663301595172351099e-01
1.650273810255400500e+15,4.663301595172351099e-01
1.650273810257291250e+15,4.663301595172351099e-01
1.650273810259181750e+15,4.663301595172351099e-01
1.650273810261072500e+15,4.663301595172351099e-01
1.650273810262963000e+15,4.663301595172351099e-01
1.650273810264853750e+15,4.663301595172351099e-01
1.650273810266744500e+15,4.663301595172351099e-01
1.650273810268635000e+15,4.663301595172351099e-01
1.650273810270525750e+15,4.663301595172350544e-01
1.650273810272416250e+15,4.663301595172350544e-01
1.650273810274307000e+15,4.663301595172351099e-01
1.650273810276197500e+15,4.663301595172351099e-01
1.650273810278088250e+15,4.663301595172351099e-01
1.650273810279978750e+15,4.663301595172350544e-01
1.650273810281869500e+15,4.663301595172351099e-01
1.650273810283760250e+15,4.663301595172351655e-01
1.650273810285650750e+15,4.663301595172351099e-01
1.650273810287541500e+15,4.663301595172351099e-01
1.650273810289432000e+15,4.663301595172351099e-01
1.650273810291322750e+15,4.663301595172351099e-01
1.650273810293213250e+15,4.663301595172351099e-01
1.650273810295104000e+15,4.663301595172351099e-01
1.650273810296994750e+15,4.663301595172351099e-01
1.650273810298885250e+15,4.663301595172351655e-01
1.650273810300776000e+15,4.663301595172351099e-01
1.650273810302666500e+15,4.663301595172351099e-01
1.650273810304557250e+15,4.663301595172351655e-01
1.650273810306447750e+15,4.663301595172351099e-01
1.650273810308338500e+15,4.663301595172351655e-01
1.650273810310229000e+15,4.663301595172351099e-01
1.650273810312119750e+15,4.663301595172351655e-01
1.650273810314010500e+15,4.663301595172351099e-01
1.650273810315901000e+15,4.663301595172351099e-01
1.650273810317791750e+15,4.663301595172351099e-01
1.650273810319682250e+15,4.663301595172351099e-01
1.650273810321573000e+15,4.663301595172351099e-01
1.650273810323463500e+15,4.663301595172351099e-01
1.650273810325354250e+15,4.663301595172351099e-01
1.650273810327245000e+15,4.663301595172351099e-01
1.650273810329135500e+15,4.663301595172351099e-01
1.650273810331026250e+15,4.663301595172351099e-01
1.650273810332916750e+15,4.663301595172352210e-01
1.650273810334807500e+15,4.663301595172351099e-01
1.650273810336698000e+15,4.663301595172351655e-01
1.650273810338588750e+15,4.663301595172351099e-01
1.650273810340479250e+15,4.663301595172351099e-01
1.650273810342370000e+15,4.663301595172351099e-01
1.650273810344260750e+15,4.663301595172351099e-01
1.650273810346151250e+15,4.663301595172351099e-01
1.650273810348042000e+15,4.663301595172350544e-01
1.650273810349932500e+15,4.663301595172351099e-01
1.650273810351823250e+15,4.663301595172351099e-01
1.650273810353713750e+15,4.663301595172351099e-01
1.650273810355604500e+15,4.663301595172351655e-01
1.650273810357495250e+15,4.663301595172351655e-01
1.650273810359385750e+15,4.663301595172351099e-01
1.650273810361276500e+15,4.663301595172351099e-01
1.650273810363167000e+15,4.663301595172351099e-01
1.650273810365057750e+15,4.663301595172351099e-01
1.650273810366948250e+15,4.663301595172351099e-01
1.650273810368839000e+15,4.663301595172350544e-01
1.650273810370729500e+15,4.663301595172351099e-01
1.650273810372620250e+15,4.663301595172351099e-01
1.650273810374511000e+15,4.663301595172351099e-01
1.650273810376401500e+15,4.663301595172351099e-01
1.650273810378292250e+15,4.663301595172350544e-01
1.650273810380182750e+15,4.663301595172351655e-01
1.650273810382073500e+15,4.663301595172351099e-01
1.650273810383964000e+15,4.663301595172351099e-01
1.650273810385854750e+15,4.663301595172351099e-01
1.650273810387745500e+15,4.663301595172351099e-01
1.650273810389636000e+15,4.663301595172351099e-01
1.650273810391526750e+15,4.663301595172351099e-01
1.650273810393417250e+15,4.663301595172351655e-01
1.650273810395308000e+15,4.663301595172351655e-01
1.650273810397198500e+15,4.663301595172351099e-01
1.650273810399089250e+15,4.663301595172351099e-01
1.650273810400979750e+15,4.663301595172351099e-01
1.650273810402870500e+15,4.663301595172351099e-01
1.650273810404761250e+15,4.663301595172351099e-01
1.650273810406651750e+15,4.663301595172351099e-01
1.650273810408542500e+15,4.663301595172351099e-01
1.650273810410433000e+15,4.663301595172351099e-01
1.650273810412323750e+15,4.663301595172351655e-01
1.650273810414214250e+15,4.663301595172351655e-01
1.650273810416105000e+15,4.663301595172351099e-01
1.650273810417995750e+15,4.663301595172351099e-01
1.650273810419886250e+15,4.663301595172351099e-01
1.650273810421777000e+15,4.663301595172351655e-01
1.650273810423667500e+15,4.663301595172351099e-01
1.650273810425558250e+15,4.663301595172351655e-01
1.650273810427448750e+15,4.660835974218913158e-01
1.650273810429339500e+15,4.655162870698727473e-01
1.650273810431230000e+15,4.649490517291396396e-01
1.650273810433120750e+15,4.643817413771210711e-01
1.650273810435011500e+15,4.638144310251024471e-01
1.650273810436902000e+15,4.632471956843693395e-01
1.650273810438792750e+15,4.626798853323507155e-01
1.650273810440683250e+15,4.621126499916175523e-01
1.650273810442574000e+15,4.615453396395989838e-01
1.650273810444464500e+15,4.609781042988658206e-01
1.650273810446355250e+15,4.604107939468472521e-01
1.650273810448246000e+15,4.601942363656918999e-01
1.650273810450136500e+15,4.601942363656918444e-01
1.650273810452027250e+15,4.601942363656918999e-01
1.650273810453917750e+15,4.601942363656918999e-01
1.650273810455808500e+15,4.601942363656918999e-01
1.650273810457699000e+15,4.601942363656918444e-01
1.650273810459589750e+15,4.601942363656918999e-01
1.650273810461480250e+15,4.603127429868430487e-01
1.650273810463371000e+15,4.609004581184935612e-01
1.650273810465261750e+15,4.614881732501439071e-01
1.650273810467152250e+15,4.620758106725345038e-01
1.650273810469043000e+15,4.626635258041848497e-01
1.650273810470933500e+15,4.632511632265755575e-01
1.650273810472824250e+15,4.638388783582259034e-01
1.650273810474714750e+15,4.644265157806165001e-01
1.650273810476605500e+15,4.650142309122669015e-01
1.650273810478496250e+15,4.656019460439173030e-01
1.650273810480386750e+15,4.661895834663078997e-01
1.650273810482277500e+15,4.648066373883841251e-01
1.650273810484168000e+15,4.628043999295095579e-01
1.650273810486058750e+15,4.608018976944567857e-01
1.650273810487949250e+15,4.587996602355822739e-01
1.650273810489840000e+15,4.567971580005295573e-01
1.650273810491730500e+15,4.547949205416549345e-01
1.650273810493621250e+15,4.540583132141504663e-01
1.650273810495512000e+15,4.540583132141504663e-01
1.650273810497402500e+15,4.540583132141504663e-01
1.650273810499293250e+15,4.540583132141505218e-01
1.650273810501183750e+15,4.540583132141504663e-01
1.650273810503074500e+15,4.540583132141504663e-01
1.650273810504965000e+15,4.540583132141505218e-01
1.650273810506855750e+15,4.540583132141505218e-01
1.650273810508746500e+15,4.540583132141505218e-01
1.650273810510637000e+15,4.540583132141504663e-01
1.650273810512527750e+15,4.540583132141504663e-01
1.650273810514418250e+15,4.540583132141505218e-01
1.650273810516309000e+15,4.540583132141504663e-01
1.650273810518199500e+15,4.540583132141504663e-01
1.650273810520090250e+15,4.540583132141504663e-01
1.650273810521980750e+15,4.540583132141504663e-01
1.650273810523871500e+15,4.540583132141504663e-01
1.650273810525762250e+15,4.540583132141504663e-01
1.650273810527652750e+15,4.540583132141504663e-01
1.650273810529543500e+15,4.537769521011854046e-01
1.650273810531434000e+15,4.532095780381876216e-01
1.650273810533324750e+15,4.526421289455596075e-01
1.650273810535215250e+15,4.520747548825617690e-01
1.650273810537106000e+15,4.515073057899338105e-01
1.650273810538996750e+15,4.509398566973058520e-01
1.650273810540887250e+15,4.503724826343080134e-01
1.650273810542778000e+15,4.498050335416799994e-01
1.650273810544668500e+15,4.492376594786822719e-01
1.650273810546559250e+15,4.486702103860542579e-01
1.650273810548449750e+15,4.481028363230564748e-01
1.650273810550340500e+15,4.485082673601952230e-01
1.650273810552231000e+15,4.493672057325011071e-01
1.650273810554121750e+15,4.502262576909445979e-01
1.650273810556012500e+15,4.510853096493879777e-01
1.650273810557903000e+15,4.519442480216939173e-01
1.650273810559793750e+15,4.528032999801372971e-01
1.650273810561684250e+15,4.536622383524431812e-01
1.650273810563575000e+15,4.540583132141504663e-01
1.650273810565465500e+15,4.540583132141504663e-01
1.650273810567356250e+15,4.540583132141505218e-01
1.650273810569247000e+15,4.540583132141504663e-01
1.650273810571137500e+15,4.540583132141504663e-01
1.650273810573028250e+15,4.540583132141504663e-01
1.650273810574918750e+15,4.540583132141504663e-01
1.650273810576809500e+15,4.540583132141504663e-01
1.650273810578700000e+15,4.540583132141504663e-01
1.650273810580590750e+15,4.540583132141504663e-01
1.650273810582481500e+15,4.540583132141505218e-01
1.650273810584372000e+15,4.540583132141504663e-01
1.650273810586262750e+15,4.540583132141504663e-01
1.650273810588153250e+15,4.540583132141504663e-01
1.650273810590044000e+15,4.540583132141504663e-01
1.650273810591934500e+15,4.540583132141504663e-01
1.650273810593825250e+15,4.540583132141505218e-01
1.650273810595715750e+15,4.540583132141504663e-01
1.650273810597606500e+15,4.540583132141504663e-01
1.650273810599497250e+15,4.540583132141504663e-01
1.650273810601387750e+15,4.540583132141504663e-01
1.650273810603278500e+15,4.540583132141504663e-01
1.650273810605169000e+15,4.540583132141504663e-01
1.650273810607059750e+15,4.540583132141504663e-01
1.650273810608950250e+15,4.540583132141504663e-01
1.650273810610841000e+15,4.540583132141504663e-01
1.650273810612731750e+15,4.540583132141504663e-01
1.650273810614622250e+15,4.540583132141505218e-01
1.650273810616513000e+15,4.540583132141504663e-01
1.650273810618403500e+15,4.540583132141504663e-01
1.650273810620294250e+15,4.540583132141504663e-01
1.650273810622184750e+15,4.540583132141505218e-01
1.650273810624075500e+15,4.540583132141504663e-01
1.650273810625966000e+15,4.540583132141505218e-01
1.650273810627856750e+15,4.540583132141504663e-01
1.650273810629747500e+15,4.540583132141505218e-01
1.650273810631638000e+15,4.540583132141504663e-01
1.650273810633528750e+15,4.540583132141504663e-01
1.650273810635419250e+15,4.540583132141504663e-01
1.650273810637310000e+15,4.540583132141504663e-01
1.650273810639200500e+15,4.540583132141504663e-01
1.650273810641091250e+15,4.540583132141504663e-01
1.650273810642982000e+15,4.540583132141504663e-01
1.650273810644872500e+15,4.540583132141504108e-01
1.650273810646763250e+15,4.540583132141502443e-01
1.650273810648653750e+15,4.540583132141500777e-01
1.650273810650544500e+15,4.540583132141499112e-01
1.650273810652435000e+15,4.540583132141497447e-01
1.650273810654325750e+15,4.540583132141495781e-01
1.650273810656216250e+15,4.540583132141493561e-01
1.650273810658107000e+15,4.540583132141492451e-01
1.650273810659997750e+15,4.540583132141490785e-01
1.650273810661888250e+15,4.540583132141489675e-01
1.650273810663779000e+15,4.540583132141487455e-01
1.650273810665669500e+15,4.540583132141488565e-01
1.650273810667560250e+15,4.540583132141491340e-01
1.650273810669450750e+15,4.540583132141494116e-01
1.650273810671341500e+15,4.540583132141497447e-01
1.650273810673232250e+15,4.540583132141500222e-01
1.650273810675122750e+15,4.540583132141503553e-01
1.650273810677013500e+15,4.540583132141504108e-01
1.650273810678904000e+15,4.540583132141504108e-01
1.650273810680794750e+15,4.540583132141504663e-01
1.650273810682685250e+15,4.540583132141504663e-01
1.650273810684576000e+15,4.540583132141504108e-01
1.650273810686466500e+15,4.540583132141504663e-01
1.650273810688357250e+15,4.540583132141504663e-01
1.650273810690248000e+15,4.540583132141504663e-01
1.650273810692138500e+15,4.540583132141504663e-01
1.650273810694029250e+15,4.540583132141504108e-01
1.650273810695919750e+15,4.540583132141504108e-01
1.650273810697810500e+15,4.540583132141504663e-01
1.650273810699701000e+15,4.540583132141504108e-01
1.650273810701591750e+15,4.540583132141504663e-01
1.650273810703482500e+15,4.540583132141505218e-01
1.650273810705373000e+15,4.540583132141504663e-01
1.650273810707263750e+15,4.540583132141504663e-01
1.650273810709154250e+15,4.540583132141504663e-01
1.650273810711045000e+15,4.540583132141504663e-01
1.650273810712935500e+15,4.540583132141502998e-01
1.650273810714826250e+15,4.540583132141501332e-01
1.650273810716716750e+15,4.540583132141499667e-01
1.650273810718607500e+15,4.540583132141498002e-01
1.650273810720498250e+15,4.540583132141496892e-01
1.650273810722388750e+15,4.542272027599766338e-01
1.650273810724279500e+15,4.548277253904843831e-01
1.650273810726170000e+15,4.554281686182907185e-01
1.650273810728060750e+15,4.560286912487984123e-01
1.650273810729951250e+15,4.566291344766046922e-01
1.650273810731842000e+15,4.572296571071124416e-01
1.650273810733732750e+15,4.578301797376201909e-01
1.650273810735623250e+15,4.584306229654264708e-01
1.650273810737514000e+15,4.590311455959342757e-01
1.650273810739404500e+15,4.596315888237405556e-01
1.650273810741295250e+15,4.601942363656918999e-01
1.650273810743185750e+15,4.601942363656918999e-01
1.650273810745076500e+15,4.601942363656918999e-01
1.650273810746967000e+15,4.601942363656918999e-01
1.650273810748857750e+15,4.601942363656918999e-01
1.650273810750748500e+15,4.601942363656918999e-01
1.650273810752639000e+15,4.601942363656918999e-01
1.650273810754529750e+15,4.601942363656918999e-01
1.650273810756420250e+15,4.601942363656918999e-01
1.650273810758311000e+15,4.601942363656918999e-01
1.650273810760201500e+15,4.601942363656918999e-01
1.650273810762092250e+15,4.601942363656918999e-01
1.650273810763983000e+15,4.601942363656918999e-01
1.650273810765873500e+15,4.601942363656918999e-01
1.650273810767764250e+15,4.601942363656918999e-01
1.650273810769654750e+15,4.601942363656918444e-01
1.650273810771545500e+15,4.601942363656918999e-01
1.650273810773436000e+15,4.601942363656918999e-01
1.650273810775326750e+15,4.601942363656918999e-01
1.650273810777217250e+15,4.601942363656918999e-01
1.650273810779108000e+15,4.601942363656918999e-01
1.650273810780998750e+15,4.601942363656918999e-01
1.650273810782889250e+15,4.601942363656918999e-01
1.650273810784780000e+15,4.601942363656918444e-01
1.650273810786670500e+15,4.601942363656919555e-01
1.650273810788561250e+15,4.601942363656919555e-01
1.650273810790451750e+15,4.601942363656920110e-01
1.650273810792342500e+15,4.601942363656918999e-01
1.650273810794233250e+15,4.601942363656919555e-01
1.650273810796123750e+15,4.601942363656919555e-01
1.650273810798014500e+15,4.601942363656918999e-01
1.650273810799905000e+15,4.601942363656918999e-01
1.650273810801795750e+15,4.601942363656918999e-01
1.650273810803686250e+15,4.601942363656919555e-01
1.650273810805577000e+15,4.601942363656918999e-01
1.650273810807467500e+15,4.601942363656918999e-01
1.650273810809358250e+15,4.601942363656918999e-01
1.650273810811249000e+15,4.601942363656918999e-01
1.650273810813139500e+15,4.601942363656918999e-01
1.650273810815030250e+15,4.601942363656918999e-01
1.650273810816920750e+15,4.601942363656918444e-01
1.650273810818811500e+15,4.601942363656918999e-01
1.650273810820702000e+15,4.601942363656918999e-01
1.650273810822592750e+15,4.601942363656918999e-01
1.650273810824483500e+15,4.601942363656918999e-01
1.650273810826374000e+15,4.601942363656918999e-01
1.650273810828264750e+15,4.601942363656918999e-01
1.650273810830155250e+15,4.601942363656918999e-01
1.650273810832046000e+15,4.601942363656918999e-01
1.650273810833936500e+15,4.601942363656918999e-01
1.650273810835827250e+15,4.601942363656919555e-01
1.650273810837717750e+15,4.601942363656918999e-01
1.650273810839608500e+15,4.601942363656918999e-01
1.650273810841499250e+15,4.601942363656918999e-01
1.650273810843389750e+15,4.601942363656920665e-01
1.650273810845280500e+15,4.601942363656922330e-01
1.650273810847171000e+15,4.601942363656923440e-01
1.650273810849061750e+15,4.601942363656924551e-01
1.650273810850952250e+15,4.601942363656925661e-01
1.650273810852843000e+15,4.601942363656927326e-01
1.650273810854733750e+15,4.601942363656928991e-01
1.650273810856624250e+15,4.601942363656930102e-01
1.650273810858515000e+15,4.601942363656932322e-01
1.650273810860405500e+15,4.601942363656933432e-01
1.650273810862296250e+15,4.601942363656934543e-01
1.650273810864186750e+15,4.601942363656936208e-01
1.650273810866077500e+15,4.601942363656935653e-01
1.650273810867968000e+15,4.601942363656932877e-01
1.650273810869858750e+15,4.601942363656930102e-01
1.650273810871749500e+15,4.601942363656927881e-01
1.650273810873640000e+15,4.601942363656925106e-01
1.650273810875530750e+15,4.601942363656922885e-01
1.650273810877421250e+15,4.601942363656920110e-01
1.650273810879312000e+15,4.601942363656918999e-01
1.650273810881202500e+15,4.601942363656918444e-01
1.650273810883093250e+15,4.601942363656918444e-01
1.650273810884984000e+15,4.601942363656918999e-01
1.650273810886874500e+15,4.601942363656918999e-01
1.650273810888765250e+15,4.601942363656918999e-01
1.650273810890655750e+15,4.601942363656918999e-01
1.650273810892546500e+15,4.601942363656919555e-01
1.650273810894437000e+15,4.601942363656918999e-01
1.650273810896327750e+15,4.601942363656918999e-01
1.650273810898218250e+15,4.601942363656918999e-01
1.650273810900109000e+15,4.601942363656918999e-01
1.650273810901999750e+15,4.601942363656918999e-01
1.650273810903890250e+15,4.601942363656918999e-01
1.650273810905781000e+15,4.601942363656918999e-01
1.650273810907671500e+15,4.601942363656918999e-01
1.650273810909562250e+15,4.597077765958456075e-01
1.650273810911452750e+15,4.589751319474533742e-01
1.650273810913343500e+15,4.582423904140243143e-01
1.650273810915234250e+15,4.575096488805953099e-01
1.650273810917124750e+15,4.567770042322031321e-01
1.650273810919015500e+15,4.560442626987740722e-01
1.650273810920906000e+15,4.553116180503818389e-01
1.650273810922796750e+15,4.545788765169527790e-01
1.650273810924687250e+15,4.542243806693744279e-01
1.650273810926578000e+15,4.547981441065050423e-01
1.650273810928468500e+15,4.553718316791061649e-01
1.650273810930359250e+15,4.559455951162368348e-01
1.650273810932250000e+15,4.565193585533675047e-01
1.650273810934140500e+15,4.570930461259685718e-01
1.650273810936031250e+15,4.576668095630992417e-01
1.650273810937921750e+15,4.582404971357003642e-01
1.650273810939812500e+15,4.588142605728310341e-01
1.650273810941703000e+15,4.593879481454321012e-01
1.650273810943593750e+15,4.599617115825627711e-01
1.650273810945484500e+15,4.596099493317424844e-01
1.650273810947375000e+15,4.586276508544801511e-01
1.650273810949265750e+15,4.576452224779217204e-01
1.650273810951156250e+15,4.566629240006593315e-01
1.650273810953047000e+15,4.556804956241009008e-01
1.650273810954937500e+15,4.546981971468385675e-01
1.650273810956828250e+15,4.540583132141495781e-01
1.650273810958718750e+15,4.540583132141495781e-01
1.650273810960609500e+15,4.540583132141495781e-01
1.650273810962500250e+15,4.540583132141496336e-01
1.650273810964390750e+15,4.540583132141495781e-01
1.650273810966281500e+15,4.540583132141495781e-01
1.650273810968172000e+15,4.540583132141495781e-01
1.650273810970062750e+15,4.540583132141495781e-01
1.650273810971953250e+15,4.540583132141495781e-01
1.650273810973844000e+15,4.540583132141496336e-01
1.650273810975734750e+15,4.540583132141495781e-01
1.650273810977625250e+15,4.540583132141495781e-01
1.650273810979516000e+15,4.540583132141496336e-01
1.650273810981406500e+15,4.540583132141495781e-01
1.650273810983297250e+15,4.540583132141495781e-01
1.650273810985187750e+15,4.540583132141495781e-01
1.650273810987078500e+15,4.540583132141495781e-01
1.650273810988969000e+15,4.540583132141495781e-01
1.650273810990859750e+15,4.540583132141495781e-01
1.650273810992750500e+15,4.540583132141495781e-01
1.650273810994641000e+15,4.540583132141496336e-01
1.650273810996531750e+15,4.540583132141496336e-01
1.650273810998422250e+15,4.540583132141495781e-01
1.650273811000313000e+15,4.540583132141496336e-01
1.650273811002203500e+15,4.540583132141495781e-01
1.650273811004094250e+15,4.540583132141495781e-01
1.650273811005985000e+15,4.540583132141495781e-01
1.650273811007875500e+15,4.540583132141495781e-01
1.650273811009766250e+15,4.540583132141495226e-01
1.650273811011656750e+15,4.540583132141495781e-01
1.650273811013547500e+15,4.540583132141495781e-01
1.650273811015438000e+15,4.540583132141495781e-01
1.650273811017328750e+15,4.540583132141495781e-01
1.650273811019219250e+15,4.540583132141495781e-01
1.650273811021110000e+15,4.540583132141495781e-01
1.650273811023000750e+15,4.540583132141495781e-01
1.650273811024891250e+15,4.540583132141495781e-01
1.650273811026782000e+15,4.540583132141495781e-01
1.650273811028672500e+15,4.540583132141495781e-01
1.650273811030563250e+15,4.540583132141495781e-01
1.650273811032453750e+15,4.540583132141496892e-01
1.650273811034344500e+15,4.540583132141495781e-01
1.650273811036235250e+15,4.540583132141496892e-01
1.650273811038125750e+15,4.540583132141495781e-01
1.650273811040016500e+15,4.540583132141496336e-01
1.650273811041907000e+15,4.540583132141495781e-01
1.650273811043797750e+15,4.540583132141495781e-01
1.650273811045688250e+15,4.540583132141495226e-01
1.650273811047579000e+15,4.540583132141495226e-01
1.650273811049469500e+15,4.540583132141495781e-01
1.650273811051360250e+15,4.540583132141495781e-01
1.650273811053251000e+15,4.540583132141495781e-01
1.650273811055141500e+15,4.540583132141495781e-01
1.650273811057032250e+15,4.540583132141495226e-01
1.650273811058922750e+15,4.540583132141495226e-01
1.650273811060813500e+15,4.540583132141495781e-01
1.650273811062704000e+15,4.540583132141495781e-01
1.650273811064594750e+15,4.540583132141495226e-01
1.650273811066485500e+15,4.540583132141495781e-01
1.650273811068376000e+15,4.540583132141495781e-01
1.650273811070266750e+15,4.540583132141495226e-01
1.650273811072157250e+15,4.540583132141495226e-01
1.650273811074048000e+15,4.540583132141495781e-01
1.650273811075938500e+15,4.540583132141495781e-01
1.650273811077829250e+15,4.540583132141495781e-01
1.650273811079719750e+15,4.540583132141495226e-01
1.650273811081610500e+15,4.540583132141495781e-01
1.650273811083501250e+15,4.540583132141495781e-01
1.650273811085391750e+15,4.540583132141495781e-01
1.650273811087282500e+15,4.540583132141495781e-01
1.650273811089173000e+15,4.540583132141496336e-01
1.650273811091063750e+15,4.540583132141495781e-01
1.650273811092954250e+15,4.540583132141495781e-01
1.650273811094845000e+15,4.540583132141495781e-01
1.650273811096735750e+15,4.540583132141495781e-01
1.650273811098626250e+15,4.540583132141495781e-01
1.650273811100517000e+15,4.540583132141496336e-01
1.650273811102407500e+15,4.540583132141499112e-01
1.650273811104298250e+15,4.540583132141501332e-01
1.650273811106188750e+15,4.540583132141504663e-01
1.650273811108079500e+15,4.540583132141507439e-01
1.650273811109970000e+15,4.540583132141510214e-01
1.650273811111860750e+15,4.540583132141512990e-01
1.650273811113751500e+15,4.540583132141511880e-01
1.650273811115642000e+15,4.540583132141509104e-01
1.650273811117532750e+15,4.540583132141505773e-01
1.650273811119423250e+15,4.540583132141503553e-01
1.650273811121314000e+15,4.540583132141500777e-01
1.650273811123204500e+15,4.540583132141498002e-01
1.650273811125095250e+15,4.540583132141495781e-01
1.650273811126986000e+15,4.540583132141495781e-01
1.650273811128876500e+15,4.540583132141495781e-01
1.650273811130767250e+15,4.540583132141495781e-01
1.650273811132657750e+15,4.540583132141495781e-01
1.650273811134548500e+15,4.540583132141495781e-01
1.650273811136439000e+15,4.540583132141495781e-01
1.650273811138329750e+15,4.540583132141495781e-01
1.650273811140220250e+15,4.540583132141495226e-01
1.650273811142111000e+15,4.540583132141495781e-01
1.650273811144001750e+15,4.540583132141495226e-01
1.650273811145892250e+15,4.548051698124142561e-01
1.650273811147783000e+15,4.557061869527357922e-01
1.650273811149673500e+15,4.566070849581716495e-01
1.650273811151564250e+15,4.575081020984932412e-01
1.650273811153454750e+15,4.584090001039291540e-01
1.650273811155345500e+15,4.593100172442506901e-01
1.650273811157236250e+15,4.601849371141732425e-01
1.650273811159126750e+15,4.596862070433193059e-01
1.650273811161017500e+15,4.591874110203268411e-01
1.650273811162908000e+15,4.586886809494729045e-01
1.650273811164798750e+15,4.581898849264805507e-01
1.650273811166689250e+15,4.576911548556266141e-01
1.650273811168580000e+15,4.571923588326342047e-01
1.650273811170470500e+15,4.566936287617801571e-01
1.650273811172361250e+15,4.561948327387878033e-01
1.650273811174252000e+15,4.556960367157953939e-01
1.650273811176142500e+15,4.551973066449414018e-01
1.650273811178033250e+15,4.546985106219489370e-01
1.650273811179923750e+15,4.541997805510950004e-01
1.650273811181814500e+15,4.540583132141495226e-01
1.650273811183705000e+15,4.540583132141495226e-01
1.650273811185595750e+15,4.540583132141495781e-01
1.650273811187486500e+15,4.540583132141495781e-01
1.650273811189377000e+15,4.540583132141495781e-01
1.650273811191267750e+15,4.540583132141495226e-01
1.650273811193158250e+15,4.540583132141495781e-01
1.650273811195049000e+15,4.540583132141495781e-01
1.650273811196939500e+15,4.540583132141495781e-01
1.650273811198830250e+15,4.540583132141495226e-01
1.650273811200720750e+15,4.540583132141495781e-01
1.650273811202611500e+15,4.540583132141495781e-01
1.650273811204502250e+15,4.526510378878184082e-01
1.650273811206392750e+15,4.500959800204195616e-01
1.650273811208283500e+15,4.475405842717899429e-01
1.650273811210174000e+15,4.449855264043910408e-01
1.650273811212064750e+15,4.424301306557614222e-01
1.650273811213955250e+15,4.398750727883625755e-01
1.650273811215846000e+15,4.373196770397329014e-01
1.650273811217736750e+15,4.356505437595225572e-01
1.650273811219627250e+15,4.356505437595226127e-01
1.650273811221518000e+15,4.356505437595225572e-01
1.650273811223408500e+15,4.356505437595226127e-01
1.650273811225299250e+15,4.356505437595225572e-01
1.650273811227189750e+15,4.356505437595225572e-01
1.650273811229080500e+15,4.356505437595226127e-01
1.650273811230971000e+15,4.349001377640998589e-01
1.650273811232861750e+15,4.337494239475179203e-01
1.650273811234752500e+15,4.325987101309359262e-01
1.650273811236643000e+15,4.314481484647990639e-01
1.650273811238533750e+15,4.302974346482171253e-01
1.650273811240424250e+15,4.291468729820802075e-01
1.650273811242315000e+15,4.279961591654982689e-01
1.650273811244205500e+15,4.268455974993614066e-01
1.650273811246096250e+15,4.256948836827794125e-01
1.650273811247987000e+15,4.245441698661975294e-01
1.650273811249877500e+15,4.233936082000606671e-01
1.650273811251768250e+15,4.257658491307265702e-01
1.650273811253658750e+15,4.281840193867181843e-01
1.650273811255549500e+15,4.306025094219025351e-01
1.650273811257440000e+15,4.330206796778940936e-01
1.650273811259330750e+15,4.354391697130784999e-01
1.650273811261221250e+15,4.372179114552879331e-01
1.650273811263112000e+15,4.389356337974228417e-01
1.650273811265002750e+15,4.406533561395578613e-01
1.650273811266893250e+15,4.423708513598705316e-01
1.650273811268784000e+15,4.440885737020054957e-01
1.650273811270674500e+15,4.458060689223180550e-01
1.650273811272565250e+15,4.475237912644530192e-01
1.650273811274455750e+15,4.449147673951810988e-01
1.650273811276346500e+15,4.409976586929680309e-01
1.650273811278237250e+15,4.370805499907549629e-01
1.650273811280127750e+15,4.331639592190856813e-01
1.650273811282018500e+15,4.292468505168726134e-01
1.650273811283909000e+15,4.253302597452033318e-01
1.650273811285799750e+15,4.233786974564371364e-01
1.650273811287690250e+15,4.233786974564372474e-01
1.650273811289581000e+15,4.233786974564373029e-01
1.650273811291471500e+15,4.233786974564374139e-01
1.650273811293362250e+15,4.233786974564375249e-01
1.650273811295253000e+15,4.233786974564375249e-01
1.650273811297143500e+15,4.233786974564376360e-01
1.650273811299034250e+15,4.233786974564377470e-01
1.650273811300924750e+15,4.233786974564378025e-01
1.650273811302815500e+15,4.233786974564378580e-01
1.650273811304706000e+15,4.233786974564379135e-01
1.650273811306596750e+15,4.233786974564379135e-01
1.650273811308487500e+15,4.233786974564377470e-01
1.650273811310378000e+15,4.233786974564376360e-01
1.650273811312268750e+15,4.233786974564374694e-01
1.650273811314159250e+15,4.233786974564373029e-01
1.650273811316050000e+15,4.233786974564371919e-01
1.650273811317940500e+15,4.233786974564370809e-01
1.650273811319831250e+15,4.233786974564370809e-01
1.650273811321721750e+15,4.233786974564370809e-01
1.650273811323612500e+15,4.233786974564370809e-01
1.650273811325503250e+15,4.233786974564370809e-01
1.650273811327393750e+15,4.233786974564370809e-01
1.650273811329284500e+15,4.233786974564370809e-01
1.650273811331175000e+15,4.233786974564370809e-01
1.650273811333065750e+15,4.233786974564370809e-01
1.650273811334956250e+15,4.233786974564370809e-01
1.650273811336847000e+15,4.233786974564371364e-01
1.650273811338737750e+15,4.233786974564371364e-01
1.650273811340628250e+15,4.233786974564370809e-01
1.650273811342519000e+15,4.233786974564370809e-01
1.650273811344409500e+15,4.233786974564370809e-01
1.650273811346300250e+15,4.233786974564370809e-01
1.650273811348190750e+15,4.233786974564370809e-01
1.650273811350081500e+15,4.233786974564370809e-01
1.650273811351972000e+15,4.233786974564371919e-01
1.650273811353862750e+15,4.233786974564374139e-01
1.650273811355753500e+15,4.233786974564375249e-01
1.650273811357644000e+15,4.233786974564376360e-01
1.650273811359534750e+15,4.233786974564378025e-01
1.650273811361425250e+15,4.233786974564379690e-01
1.650273811363316000e+15,4.233786974564379690e-01
1.650273811365206500e+15,4.233786974564379690e-01
1.650273811367097250e+15,4.233786974564380245e-01
1.650273811368988000e+15,4.233786974564379690e-01
1.650273811370878500e+15,4.233786974564379690e-01
1.650273811372769250e+15,4.233786974564379690e-01
1.650273811374659750e+15,4.233786974564379690e-01
1.650273811376550500e+15,4.233786974564379690e-01
1.650273811378441000e+15,4.233786974564379690e-01
1.650273811380331750e+15,4.233786974564379690e-01
1.650273811382222250e+15,4.233786974564379690e-01
1.650273811384113000e+15,4.233786974564378580e-01
1.650273811386003750e+15,4.233786974564377470e-01
1.650273811387894250e+15,4.233786974564375805e-01
1.650273811389785000e+15,4.233786974564374139e-01
1.650273811391675500e+15,4.233786974564372474e-01
1.650273811393566250e+15,4.233786974564371364e-01
1.650273811395456750e+15,4.233786974564370809e-01
1.650273811397347500e+15,4.233786974564371364e-01
1.650273811399238250e+15,4.233786974564371364e-01
1.650273811401128750e+15,4.233786974564370809e-01
1.650273811403019500e+15,4.233786974564370809e-01
1.650273811404910000e+15,4.233786974564370809e-01
1.650273811406800750e+15,4.233786974564370809e-01
1.650273811408691250e+15,4.233786974564370809e-01
1.650273811410582000e+15,4.233786974564370809e-01
1.650273811412472500e+15,4.233786974564370809e-01
1.650273811414363250e+15,4.233786974564371364e-01
1.650273811416254000e+15,4.233786974564370253e-01
1.650273811418144500e+15,4.233786974564370253e-01
1.650273811420035250e+15,4.233786974564370809e-01
1.650273811421925750e+15,4.233786974564370809e-01
1.650273811423816500e+15,4.233786974564370809e-01
1.650273811425707000e+15,4.233786974564370809e-01
1.650273811427597750e+15,4.233786974564370809e-01
1.650273811429488500e+15,4.233786974564370809e-01
1.650273811431379000e+15,4.233786974564370809e-01
1.650273811433269750e+15,4.233786974564370809e-01
1.650273811435160250e+15,4.233786974564370809e-01
1.650273811437051000e+15,4.233786974564370809e-01
1.650273811438941500e+15,4.233786974564370809e-01
1.650273811440832250e+15,4.233786974564370809e-01
1.650273811442722750e+15,4.233786974564370809e-01
1.650273811444613500e+15,4.233786974564370809e-01
1.650273811446504250e+15,4.233786974564370253e-01
1.650273811448394750e+15,4.233786974564370253e-01
1.650273811450285500e+15,4.233786974564370809e-01
1.650273811452176000e+15,4.233786974564370809e-01
1.650273811454066750e+15,4.233786974564370253e-01
1.650273811455957250e+15,4.233786974564369698e-01
1.650273811457848000e+15,4.233786974564369143e-01
1.650273811459738750e+15,4.233786974564368588e-01
1.650273811461629250e+15,4.233786974564368033e-01
1.650273811463520000e+15,4.233786974564366368e-01
1.650273811465410500e+15,4.233786974564366368e-01
1.650273811467301250e+15,4.233786974564365257e-01
1.650273811469191750e+15,4.233786974564364147e-01
1.650273811471082500e+15,4.233786974564363592e-01
1.650273811472973000e+15,4.233786974564363037e-01
1.650273811474863750e+15,4.233786974564362482e-01
1.650273811476754500e+15,4.233786974564361927e-01
1.650273811478645000e+15,4.233786974564361927e-01
1.650273811480535750e+15,4.233786974564361927e-01
1.650273811482426250e+15,4.233786974564362482e-01
1.650273811484317000e+15,4.233786974564362482e-01
1.650273811486207500e+15,4.233786974564363592e-01
1.650273811488098250e+15,4.233786974564364702e-01
1.650273811489989000e+15,4.233786974564365813e-01
1.650273811491879500e+15,4.233786974564367478e-01
1.650273811493770250e+15,4.233786974564368588e-01
1.650273811495660750e+15,4.233786974564369698e-01
1.650273811497551500e+15,4.233786974564371364e-01
1.650273811499442000e+15,4.233786974564370809e-01
1.650273811501332750e+15,4.233786974564371364e-01
1.650273811503223250e+15,4.233786974564371364e-01
1.650273811505114000e+15,4.233786974564370809e-01
1.650273811507004750e+15,4.233786974564370809e-01
1.650273811508895250e+15,4.233786974564370809e-01
1.650273811510786000e+15,4.233786974564371364e-01
1.650273811512676500e+15,4.233786974564370809e-01
1.650273811514567250e+15,4.233786974564370809e-01
1.650273811516457750e+15,4.233786974564370809e-01
1.650273811518348500e+15,4.233786974564371364e-01
1.650273811520239250e+15,4.233786974564370809e-01
1.650273811522129750e+15,4.233786974564370809e-01
1.650273811524020500e+15,4.233786974564370809e-01
1.650273811525911000e+15,4.233786974564370809e-01
1.650273811527801750e+15,4.233786974564371364e-01
1.650273811529692250e+15,4.233786974564370253e-01
1.650273811531583000e+15,4.233786974564370809e-01
1.650273811533473500e+15,4.233786974564370809e-01
1.650273811535364250e+15,4.233786974564370809e-01
1.650273811537255000e+15,4.233786974564370809e-01
1.650273811539145500e+15,4.233786974564370253e-01
1.650273811541036250e+15,4.233786974564370809e-01
1.650273811542926750e+15,4.233786974564370809e-01
1.650273811544817500e+15,4.233786974564370809e-01
1.650273811546708000e+15,4.233786974564370809e-01
1.650273811548598750e+15,4.233786974564370809e-01
1.650273811550489500e+15,4.233786974564370809e-01
1.650273811552380000e+15,4.233786974564370809e-01
1.650273811554270750e+15,4.233786974564370253e-01
1.650273811556161250e+15,4.233786974564370809e-01
1.650273811558052000e+15,4.233786974564371364e-01
1.650273811559942500e+15,4.233786974564370809e-01
1.650273811561833250e+15,4.233786974564371364e-01
1.650273811563723750e+15,4.233786974564370809e-01
1.650273811565614500e+15,4.233786974564370809e-01
1.650273811567505250e+15,4.233786974564370809e-01
1.650273811569395750e+15,4.233786974564370809e-01
1.650273811571286500e+15,4.233786974564370809e-01
1.650273811573177000e+15,4.233786974564370809e-01
1.650273811575067750e+15,4.233786974564370809e-01
1.650273811576958250e+15,4.233786974564370809e-01
1.650273811578849000e+15,4.233786974564370809e-01
1.650273811580739750e+15,4.233786974564371364e-01
1.650273811582630250e+15,4.233786974564370253e-01
1.650273811584521000e+15,4.233786974564370809e-01
1.650273811586411500e+15,4.233786974564370809e-01
1.650273811588302250e+15,4.233786974564370809e-01
1.650273811590192750e+15,4.233786974564370809e-01
1.650273811592083500e+15,4.233786974564371364e-01
1.650273811593974000e+15,4.233786974564370809e-01
1.650273811595864750e+15,4.233786974564370253e-01
1.650273811597755500e+15,4.233786974564370809e-01
1.650273811599646000e+15,4.233786974564370809e-01
1.650273811601536750e+15,4.233786974564370809e-01
1.650273811603427250e+15,4.233786974564370809e-01
1.650273811605318000e+15,4.233786974564370809e-01
1.650273811607208500e+15,4.233786974564370809e-01
1.650273811609099250e+15,4.233786974564371364e-01
1.650273811610990000e+15,4.233786974564370809e-01
1.650273811612880500e+15,4.233786974564370809e-01
1.650273811614771250e+15,4.233786974564370809e-01
1.650273811616661750e+15,4.233786974564370809e-01
1.650273811618552500e+15,4.233786974564370809e-01
1.650273811620443000e+15,4.233786974564370809e-01
1.650273811622333750e+15,4.233786974564370809e-01
1.650273811624224500e+15,4.233786974564371364e-01
1.650273811626115000e+15,4.233786974564371364e-01
1.650273811628005750e+15,4.233786974564370809e-01
1.650273811629896250e+15,4.233786974564371364e-01
1.650273811631787000e+15,4.233786974564371364e-01
1.650273811633677500e+15,4.233786974564370809e-01
1.650273811635568250e+15,4.233786974564370809e-01
1.650273811637458750e+15,4.233786974564370809e-01
1.650273811639349500e+15,4.233786974564370809e-01
1.650273811641240250e+15,4.233786974564370809e-01
1.650273811643130750e+15,4.233786974564370809e-01
1.650273811645021500e+15,4.233786974564370809e-01
1.650273811646912000e+15,4.233786974564370809e-01
1.650273811648802750e+15,4.233786974564370809e-01
1.650273811650693250e+15,4.233786974564371364e-01
1.650273811652584000e+15,4.233786974564370809e-01
1.650273811654474750e+15,4.233786974564370809e-01
1.650273811656365250e+15,4.233786974564370809e-01
1.650273811658256000e+15,4.233786974564370809e-01
1.650273811660146500e+15,4.233786974564370809e-01
1.650273811662037250e+15,4.233786974564370253e-01
1.650273811663927750e+15,4.233786974564371364e-01
1.650273811665818500e+15,4.233786974564370809e-01
1.650273811667709000e+15,4.233786974564370809e-01
1.650273811669599750e+15,4.233786974564370809e-01
1.650273811671490500e+15,4.233786974564370253e-01
1.650273811673381000e+15,4.233786974564370809e-01
1.650273811675271750e+15,4.233786974564370809e-01
1.650273811677162250e+15,4.233786974564370809e-01
1.650273811679053000e+15,4.233786974564370253e-01
1.650273811680943500e+15,4.233786974564370809e-01
1.650273811682834250e+15,4.233786974564370809e-01
1.650273811684725000e+15,4.233786974564370253e-01
1.650273811686615500e+15,4.233786974564370809e-01
1.650273811688506250e+15,4.233786974564370809e-01
1.650273811690396750e+15,4.233786974564370809e-01
1.650273811692287500e+15,4.233786974564370809e-01
1.650273811694178000e+15,4.233786974564371364e-01
1.650273811696068750e+15,4.233786974564370809e-01
1.650273811697959250e+15,4.233786974564370809e-01
1.650273811699850000e+15,4.233786974564370809e-01
1.650273811701740750e+15,4.233786974564370809e-01
1.650273811703631250e+15,4.233786974564371364e-01
1.650273811705522000e+15,4.233786974564370253e-01
1.650273811707412500e+15,4.233786974564368588e-01
1.650273811709303250e+15,4.233786974564367478e-01
1.650273811711193750e+15,4.233786974564366368e-01
1.650273811713084500e+15,4.233786974564365257e-01
1.650273811714975250e+15,4.233786974564364147e-01
1.650273811716865750e+15,4.233786974564363037e-01
1.650273811718756500e+15,4.233786974564361927e-01
1.650273811720647000e+15,4.233786974564361927e-01
1.650273811722537750e+15,4.233786974564362482e-01
1.650273811724428250e+15,4.233786974564361927e-01
1.650273811726319000e+15,4.233786974564362482e-01
1.650273811728209500e+15,4.233786974564361927e-01
1.650273811730100250e+15,4.233786974564364702e-01
1.650273811731991000e+15,4.233786974564367478e-01
1.650273811733881500e+15,4.233786974564370253e-01
1.650273811735772250e+15,4.233786974564373029e-01
1.650273811737662750e+15,4.233786974564376360e-01
1.650273811739553500e+15,4.233786974564378580e-01
1.650273811741444000e+15,4.233786974564379135e-01
1.650273811743334750e+15,4.233786974564378580e-01
1.650273811745225500e+15,4.233786974564377470e-01
1.650273811747116000e+15,4.233786974564377470e-01
1.650273811749006750e+15,4.233786974564376360e-01
1.650273811750897250e+15,4.233786974564375249e-01
1.650273811752788000e+15,4.233786974564374139e-01
1.650273811754678500e+15,4.233786974564373029e-01
1.650273811756569250e+15,4.233786974564373029e-01
1.650273811758459750e+15,4.233786974564371919e-01
1.650273811760350500e+15,4.233786974564371364e-01
1.650273811762241250e+15,4.233786974564369143e-01
1.650273811764131750e+15,4.233786974564367478e-01
1.650273811766022500e+15,4.233786974564364702e-01
1.650273811767913000e+15,4.233786974564362482e-01
1.650273811769803750e+15,4.233786974564362482e-01
1.650273811771694250e+15,4.233786974564364147e-01
1.650273811773585000e+15,4.233786974564365257e-01
1.650273811775475750e+15,4.233786974564366368e-01
1.650273811777366250e+15,4.233786974564367478e-01
1.650273811779257000e+15,4.233786974564368588e-01
1.650273811781147500e+15,4.233786974564369698e-01
1.650273811783038250e+15,4.233786974564370809e-01
1.650273811784928750e+15,4.233786974564371364e-01
1.650273811786819500e+15,4.233786974564370809e-01
1.650273811788710000e+15,4.233786974564370809e-01
1.650273811790600750e+15,4.233786974564370809e-01
1.650273811792491500e+15,4.233786974564370809e-01
1.650273811794382000e+15,4.233786974564370809e-01
1.650273811796272750e+15,4.233786974564369143e-01
1.650273811798163250e+15,4.233786974564367478e-01
1.650273811800054000e+15,4.233786974564366368e-01
1.650273811801944500e+15,4.233786974564365257e-01
1.650273811803835250e+15,4.233786974564364147e-01
1.650273811805726000e+15,4.233786974564361927e-01
1.650273811807616500e+15,4.233786974564362482e-01
1.650273811809507250e+15,4.233786974564363037e-01
1.650273811811397750e+15,4.233786974564364147e-01
1.650273811813288500e+15,4.233786974564364702e-01
1.650273811815179000e+15,4.233786974564365257e-01
1.650273811817069750e+15,4.233786974564366368e-01
1.650273811818960250e+15,4.233786974564367478e-01
1.650273811820851000e+15,4.233786974564367478e-01
1.650273811822741750e+15,4.233786974564369143e-01
1.650273811824632250e+15,4.233786974564369698e-01
1.650273811826523000e+15,4.233786974564370253e-01
1.650273811828413500e+15,4.233786974564370809e-01
1.650273811830304250e+15,4.233786974564371919e-01
1.650273811832194750e+15,4.233786974564372474e-01
1.650273811834085500e+15,4.233786974564372474e-01
1.650273811835976250e+15,4.233786974564374139e-01
1.650273811837866750e+15,4.233786974564374694e-01
1.650273811839757500e+15,4.233786974564375249e-01
1.650273811841648000e+15,4.233786974564375805e-01
1.650273811843538750e+15,4.233786974564376360e-01
1.650273811845429250e+15,4.233786974564377470e-01
1.650273811847320000e+15,4.233786974564378025e-01
1.650273811849210500e+15,4.233786974564379135e-01
1.650273811851101250e+15,4.233786974564380245e-01
1.650273811852992000e+15,4.233786974564379690e-01
1.650273811854882500e+15,4.233786974564379690e-01
1.650273811856773250e+15,4.233786974564379690e-01
1.650273811858663750e+15,4.233786974564380245e-01
1.650273811860554500e+15,4.233786974564379690e-01
1.650273811862445000e+15,4.233786974564379690e-01
1.650273811864335750e+15,4.233786974564379690e-01
1.650273811866226500e+15,4.233786974564379690e-01
1.650273811868117000e+15,4.233786974564380245e-01
1.650273811870007750e+15,4.233786974564379690e-01
1.650273811871898250e+15,4.236687688855658163e-01
1.650273811873789000e+15,4.241334607344313667e-01
1.650273811875679500e+15,4.245980911405031755e-01
1.650273811877570250e+15,4.250627829893687259e-01
1.650273811879460750e+15,4.255274133954405347e-01
1.650273811881351500e+15,4.259921052443060852e-01
1.650273811883242250e+15,4.264567970931716356e-01
1.650273811885132750e+15,4.269214274992434444e-01
1.650273811887023500e+15,4.273861193481089948e-01
1.650273811888914000e+15,4.278507497541808036e-01
1.650273811890804750e+15,4.283154416030463540e-01
1.650273811892695250e+15,4.287800720091181628e-01
1.650273811894586000e+15,4.292447638579836577e-01
1.650273811896476750e+15,4.290879691670193563e-01
1.650273811898367250e+15,4.280705178278393364e-01
1.650273811900258000e+15,4.270529319407436186e-01
1.650273811902148500e+15,4.260354806015637097e-01
1.650273811904039250e+15,4.250178947144679364e-01
1.650273811905929750e+15,4.240004433752879720e-01
1.650273811907820500e+15,4.233786974564370253e-01
1.650273811909711000e+15,4.233786974564368588e-01
1.650273811911601750e+15,4.233786974564366923e-01
1.650273811913492500e+15,4.233786974564365257e-01
1.650273811915383000e+15,4.233786974564364702e-01
1.650273811917273750e+15,4.233786974564362482e-01
1.650273811919164250e+15,4.240146250561133145e-01
1.650273811921055000e+15,4.260796832082634489e-01
1.650273811922945500e+15,4.281444683129255191e-01
1.650273811924836250e+15,4.302095264650755979e-01
1.650273811926727000e+15,4.322745846172257878e-01
1.650273811928617500e+15,4.343393697218879135e-01
1.650273811930508250e+15,4.356505437595217245e-01
1.650273811932398750e+15,4.356505437595217245e-01
1.650273811934289500e+15,4.356505437595217245e-01
1.650273811936180000e+15,4.356505437595217245e-01
1.650273811938070750e+15,4.356505437595217245e-01
1.650273811939961250e+15,4.356505437595217245e-01
1.650273811941852000e+15,4.356505437595217245e-01
1.650273811943742750e+15,4.356505437595217245e-01
1.650273811945633250e+15,4.356505437595217800e-01
1.650273811947524000e+15,4.356505437595217245e-01
1.650273811949414500e+15,4.356505437595217245e-01
1.650273811951305250e+15,4.356505437595217800e-01
1.650273811953195750e+15,4.356505437595218355e-01
1.650273811955086500e+15,4.356505437595218355e-01
1.650273811956977250e+15,4.356505437595219465e-01
1.650273811958867750e+15,4.356505437595220576e-01
1.650273811960758500e+15,4.356505437595221686e-01
1.650273811962649000e+15,4.356505437595222241e-01
1.650273811964539750e+15,4.356505437595222796e-01
1.650273811966430250e+15,4.356505437595223351e-01
1.650273811968321000e+15,4.356505437595224461e-01
1.650273811970211500e+15,4.356505437595226127e-01
1.650273811972102250e+15,4.356505437595226127e-01
1.650273811973993000e+15,4.352383072897298422e-01
1.650273811975883500e+15,4.347619423470994171e-01
1.650273811977774250e+15,4.342855144098984876e-01
1.650273811979664750e+15,4.338091494672680626e-01
1.650273811981555500e+15,4.333327215300670776e-01
1.650273811983446000e+15,4.328563565874367636e-01
1.650273811985336750e+15,4.323799286502357786e-01
1.650273811987227500e+15,4.319035007130348491e-01
1.650273811989118000e+15,4.314271357704044796e-01
1.650273811991008750e+15,4.309507078332035501e-01
1.650273811992899250e+15,4.304743428905731251e-01
1.650273811994790000e+15,4.299979149533721956e-01
1.650273811996680500e+15,4.295215500107418261e-01
1.650273811998571250e+15,4.303490067422744425e-01
1.650273812000461750e+15,4.311955957597894962e-01
1.650273812002352500e+15,4.320422967303615414e-01
1.650273812004243250e+15,4.328889977009335865e-01
1.650273812006133750e+15,4.337355867184486402e-01
1.650273812008024500e+15,4.345822876890206854e-01
1.650273812009915000e+15,4.354288767065357391e-01
1.650273812011805750e+15,4.351933467309734849e-01
1.650273812013696250e+15,4.345740875638802181e-01
1.650273812015587000e+15,4.339547465058629649e-01
1.650273812017477750e+15,4.333354054478457673e-01
1.650273812019368250e+15,4.327161462807525005e-01
1.650273812021259000e+15,4.320968052227353584e-01
1.650273812023149500e+15,4.314775460556420361e-01
1.650273812025040250e+15,4.308582049976248940e-01
1.650273812026930750e+15,4.302389458305316272e-01
1.650273812028821500e+15,4.296196047725143741e-01
1.650273812030712000e+15,4.302727381296542197e-01
1.650273812032602750e+15,4.311857385781297514e-01
1.650273812034493500e+15,4.320987390266052830e-01
1.650273812036384000e+15,4.330116187557302432e-01
1.650273812038274750e+15,4.339246192042057193e-01
1.650273812040165250e+15,4.348374989333307350e-01
1.650273812042056000e+15,4.356505437595217800e-01
1.650273812043946500e+15,4.356505437595217245e-01
1.650273812045837250e+15,4.356505437595217245e-01
1.650273812047728000e+15,4.356505437595217245e-01
1.650273812049618500e+15,4.356505437595217245e-01
1.650273812051509250e+15,4.356505437595217800e-01
1.650273812053399750e+15,4.356505437595217245e-01
1.650273812055290500e+15,4.356505437595217245e-01
1.650273812057181000e+15,4.356505437595217245e-01
1.650273812059071750e+15,4.356505437595217245e-01
1.650273812060962250e+15,4.356505437595217245e-01
1.650273812062853000e+15,4.356505437595217245e-01
1.650273812064743750e+15,4.363605214360492535e-01
1.650273812066634250e+15,4.374276753199493606e-01
1.650273812068525000e+15,4.384949703244371277e-01
1.650273812070415500e+15,4.395621242083371794e-01
1.650273812072306250e+15,4.406294192128250020e-01
1.650273812074196750e+15,4.416965730967251647e-01
1.650273812076087500e+15,4.417864669110656006e-01
1.650273812077978250e+15,4.417864669110654896e-01
1.650273812079868750e+15,4.417864669110653231e-01
1.650273812081759500e+15,4.417864669110652120e-01
1.650273812083650000e+15,4.417864669110650455e-01
1.650273812085540750e+15,4.417864669110649900e-01
1.650273812087431250e+15,4.417864669110649345e-01
1.650273812089322000e+15,4.417864669110649900e-01
1.650273812091212500e+15,4.417864669110649900e-01
1.650273812093103250e+15,4.417864669110648790e-01
1.650273812094994000e+15,4.417864669110649345e-01
1.650273812096884500e+15,4.417864669110649345e-01
1.650273812098775250e+15,4.417864669110649345e-01
1.650273812100665750e+15,4.417864669110649345e-01
1.650273812102556500e+15,4.417864669110649345e-01
1.650273812104447000e+15,4.417864669110649900e-01
1.650273812106337750e+15,4.417864669110649345e-01
1.650273812108228500e+15,4.417864669110649345e-01
1.650273812110119000e+15,4.417864669110649345e-01
1.650273812112009750e+15,4.417864669110649345e-01
1.650273812113900250e+15,4.417864669110649345e-01
1.650273812115791000e+15,4.417864669110649345e-01
1.650273812117681500e+15,4.417864669110649345e-01
1.650273812119572250e+15,4.417864669110649345e-01
1.650273812121462750e+15,4.417864669110649345e-01
1.650273812123353500e+15,4.413961945049347801e-01
1.650273812125244250e+15,4.407984565123138632e-01
1.650273812127134750e+15,4.402007975542020501e-01
1.650273812129025500e+15,4.396030595615810221e-01
1.650273812130916000e+15,4.390054006034692646e-01
1.650273812132806750e+15,4.384076626108482366e-01
1.650273812134697250e+15,4.378100036527363681e-01
1.650273812136588000e+15,4.372122656601154511e-01
1.650273812138478750e+15,4.366145276674944786e-01
1.650273812140369250e+15,4.360168687093826656e-01
1.650273812142260000e+15,4.356505437595217245e-01
1.650273812144150500e+15,4.356505437595217245e-01
1.650273812146041250e+15,4.356505437595217245e-01
1.650273812147931750e+15,4.356505437595217245e-01
1.650273812149822500e+15,4.356505437595217245e-01
1.650273812151713000e+15,4.356505437595217800e-01
1.650273812153603750e+15,4.356505437595217245e-01
1.650273812155494500e+15,4.356505437595217245e-01
1.650273812157385000e+15,4.356505437595217800e-01
1.650273812159275750e+15,4.356505437595217245e-01
1.650273812161166250e+15,4.356505437595217245e-01
1.650273812163057000e+15,4.356505437595217800e-01
1.650273812164947500e+15,4.356505437595217245e-01
1.650273812166838250e+15,4.356505437595217800e-01
1.650273812168729000e+15,4.356505437595217245e-01
1.650273812170619500e+15,4.356505437595216690e-01
1.650273812172510250e+15,4.356505437595217245e-01
1.650273812174400750e+15,4.356505437595217245e-01
1.650273812176291500e+15,4.356505437595217245e-01
1.650273812178182000e+15,4.356505437595217245e-01
1.650273812180072750e+15,4.358065193683411387e-01
1.650273812181963250e+15,4.363953798545581186e-01
1.650273812183854000e+15,4.369843182117730818e-01
1.650273812185744750e+15,4.375732565689880449e-01
1.650273812187635250e+15,4.381621170552050804e-01
1.650273812189526000e+15,4.387510554124199880e-01
1.650273812191416500e+15,4.393399158986369679e-01
1.650273812193307250e+15,4.399288542558519310e-01
1.650273812195197750e+15,4.405177147420689665e-01
1.650273812197088500e+15,4.411066530992838741e-01
1.650273812198979250e+15,4.416955914564988372e-01
1.650273812200869750e+15,4.417864669110634912e-01
1.650273812202760500e+15,4.417864669110637688e-01
1.650273812204651000e+15,4.417864669110640463e-01
1.650273812206541750e+15,4.417864669110643794e-01
1.650273812208432250e+15,4.417864669110647124e-01
1.650273812210323000e+15,4.416416965602539824e-01
1.650273812212213500e+15,4.407201869703276653e-01
1.650273812214104250e+15,4.397985555198367091e-01
1.650273812215995000e+15,4.388769240693457530e-01
1.650273812217885500e+15,4.379554144794194359e-01
1.650273812219776250e+15,4.370337830289284797e-01
1.650273812221666750e+15,4.361122734390021627e-01
1.650273812223557500e+15,4.356505437595216690e-01
1.650273812225448000e+15,4.356505437595216690e-01
1.650273812227338750e+15,4.356505437595216690e-01
1.650273812229229500e+15,4.356505437595217245e-01
1.650273812231120000e+15,4.356505437595217245e-01
1.650273812233010750e+15,4.356505437595217245e-01
1.650273812234901250e+15,4.356505437595217245e-01
1.650273812236792000e+15,4.356505437595216690e-01
1.650273812238682500e+15,4.356505437595217245e-01
1.650273812240573250e+15,4.356505437595216690e-01
1.650273812242463750e+15,4.356505437595216690e-01
1.650273812244354500e+15,4.356505437595216690e-01
1.650273812246245250e+15,4.356505437595215580e-01
1.650273812248135750e+15,4.356505437595213914e-01
1.650273812250026500e+15,4.356505437595211694e-01
1.650273812251917000e+15,4.356505437595210029e-01
1.650273812253807750e+15,4.354398295941164232e-01
1.650273812255698250e+15,4.342843397327766364e-01
1.650273812257589000e+15,4.331286970692863614e-01
1.650273812259479750e+15,4.319730544057960864e-01
1.650273812261370250e+15,4.308175645444562996e-01
1.650273812263261000e+15,4.296619218809660246e-01
1.650273812265151500e+15,4.302748132802385328e-01
1.650273812267042250e+15,4.311461890274803643e-01
1.650273812268932750e+15,4.320174495591004860e-01
1.650273812270823500e+15,4.328888253063424285e-01
1.650273812272714000e+15,4.337600858379626612e-01
1.650273812274604750e+15,4.346314615852044927e-01
1.650273812276495500e+15,4.355028373324463797e-01
1.650273812278386000e+15,4.356505437595208363e-01
1.650273812280276750e+15,4.356505437595208363e-01
1.650273812282167250e+15,4.356505437595207808e-01
1.650273812284058000e+15,4.356505437595208363e-01
1.650273812285948500e+15,4.356505437595208363e-01
1.650273812287839250e+15,4.356505437595208363e-01
1.650273812289730000e+15,4.357495509470636907e-01
1.650273812291620500e+15,4.363456435841649994e-01
1.650273812293511250e+15,4.369418150486448216e-01
1.650273812295401750e+15,4.375379076857461857e-01
1.650273812297292500e+15,4.381340791502260079e-01
1.650273812299183000e+15,4.387301717873273166e-01
1.650273812301073750e+15,4.393263432518071943e-01
1.650273812302964250e+15,4.399224358889084474e-01
1.650273812304855000e+15,4.405186073533883806e-01
1.650273812306745750e+15,4.411147788178682583e-01
1.650273812308636250e+15,4.417108714549694559e-01
1.650273812310527000e+15,4.408589436439694920e-01
1.650273812312417500e+15,4.397968705146900747e-01
1.650273812314308250e+15,4.387346569367025495e-01
1.650273812316198750e+15,4.376725838074230768e-01
1.650273812318089500e+15,4.366103702294357181e-01
1.650273812319980250e+15,4.356505437595208363e-01
1.650273812321870750e+15,4.356505437595208363e-01
1.650273812323761500e+15,4.356505437595208363e-01
1.650273812325652000e+15,4.356505437595208363e-01
1.650273812327542750e+15,4.356505437595208363e-01
1.650273812329433250e+15,4.356505437595208363e-01
1.650273812331324000e+15,4.356505437595208363e-01
1.650273812333214500e+15,4.356177578243295989e-01
1.650273812335105250e+15,4.347258152781025564e-01
1.650273812336996000e+15,4.338338727318755694e-01
1.650273812338886500e+15,4.329420481206671667e-01
1.650273812340777250e+15,4.320501055744400687e-01
1.650273812342667750e+15,4.311582809632317215e-01
1.650273812344558500e+15,4.302663384170046790e-01
1.650273812346449000e+15,4.295146206079802909e-01
1.650273812348339750e+15,4.295146206079802909e-01
1.650273812350230500e+15,4.295146206079803464e-01
1.650273812352121000e+15,4.295146206079802909e-01
1.650273812354011750e+15,4.295146206079802909e-01
1.650273812355902250e+15,4.295146206079802909e-01
1.650273812357793000e+15,4.295146206079802909e-01
1.650273812359683500e+15,4.295146206079802909e-01
1.650273812361574250e+15,4.295146206079802909e-01
1.650273812363464750e+15,4.295146206079803464e-01
1.650273812365355500e+15,4.297105515633850570e-01
1.650273812367246250e+15,4.301827713899389338e-01
1.650273812369136750e+15,4.306549287783297819e-01
1.650273812371027500e+15,4.311271486048836588e-01
1.650273812372918000e+15,4.315993059932745624e-01
1.650273812374808750e+15,4.320715258198283837e-01
1.650273812376699250e+15,4.325436832082193428e-01
1.650273812378590000e+15,4.330159030347731086e-01
1.650273812380480750e+15,4.334881228613270965e-01
1.650273812382371250e+15,4.339602802497179446e-01
1.650273812384262000e+15,4.344325000762717659e-01
1.650273812386152500e+15,4.349046574646626695e-01
1.650273812388043250e+15,4.353768772912165463e-01
1.650273812389933750e+15,4.352408550319154523e-01
1.650273812391824500e+15,4.342661850580621929e-01
1.650273812393715000e+15,4.332916439576683931e-01
1.650273812395605750e+15,4.323169739838151893e-01
1.650273812397496500e+15,4.313423040099619299e-01
1.650273812399387000e+15,4.303677629095681301e-01
1.650273812401277750e+15,4.296498432191488415e-01
1.650273812403168250e+15,4.307342052399940058e-01
1.650273812405059000e+15,4.318187106570333667e-01
1.650273812406949500e+15,4.329030726778784754e-01
1.650273812408840250e+15,4.339875780949178363e-01
1.650273812410731000e+15,4.350720835119572527e-01
1.650273812412621500e+15,4.361564455328023615e-01
1.650273812414512250e+15,4.372409509498417224e-01
1.650273812416402750e+15,4.383253129706868312e-01
1.650273812418293500e+15,4.394098183877261921e-01
1.650273812420184000e+15,4.404941804085713564e-01
1.650273812422074750e+15,4.415786858256107172e-01
1.650273812423965250e+15,4.410703749250897143e-01
1.650273812425856000e+15,4.401844263417542535e-01
1.650273812427746750e+15,4.392984777584186817e-01
1.650273812429637250e+15,4.384126463175641586e-01
1.650273812431528000e+15,4.375266977342285868e-01
1.650273812433418500e+15,4.366408662933740081e-01
1.650273812435309250e+15,4.357549177100384918e-01
1.650273812437199750e+15,4.340448343862313152e-01
1.650273812439090500e+15,4.322244206566252522e-01
1.650273812440981250e+15,4.304040069270191893e-01
1.650273812442871750e+15,4.285838338973642081e-01
1.650273812444762500e+15,4.267634201677580896e-01
1.650273812446653000e+15,4.249432471381030529e-01
1.650273812448543750e+15,4.236656524194855056e-01
1.650273812450434250e+15,4.257070008960348595e-01
1.650273812452325000e+15,4.277486193208090426e-01
1.650273812454215500e+15,4.297899677973583410e-01
1.650273812456106250e+15,4.318315862221325796e-01
1.650273812457997000e+15,4.338732046469068182e-01
1.650273812459887500e+15,4.356505437595226127e-01
1.650273812461778250e+15,4.356505437595224461e-01
1.650273812463668750e+15,4.356505437595222241e-01
1.650273812465559500e+15,4.356505437595220576e-01
1.650273812467450000e+15,4.356505437595218355e-01
1.650273812469340750e+15,4.356505437595216690e-01
1.650273812471231500e+15,4.356505437595215025e-01
1.650273812473122000e+15,4.356505437595212804e-01
1.650273812475012750e+15,4.356505437595211694e-01
1.650273812476903250e+15,4.356505437595209473e-01
1.650273812478794000e+15,4.356505437595208918e-01
1.650273812480684500e+15,4.356505437595210584e-01
1.650273812482575250e+15,4.356505437595212804e-01
1.650273812484465750e+15,4.356505437595213914e-01
1.650273812486356500e+15,4.356505437595215025e-01
1.650273812488247250e+15,4.356505437595216135e-01
1.650273812490137750e+15,4.356505437595217800e-01
1.650273812492028500e+15,4.356505437595219465e-01
1.650273812493919000e+15,4.356505437595220576e-01
1.650273812495809750e+15,4.356505437595222241e-01
1.650273812497700250e+15,4.356505437595223906e-01
1.650273812499591000e+15,4.356505437595225017e-01
1.650273812501481750e+15,4.360670438902681800e-01
1.650273812503372250e+15,4.370515934334686659e-01
1.650273812505263000e+15,4.380362731736464621e-01
1.650273812507153500e+15,4.390208227168468369e-01
1.650273812509044250e+15,4.400055024570247442e-01
1.650273812510934750e+15,4.409900520002251190e-01
1.650273812512825500e+15,4.415872003055488770e-01
1.650273812514716000e+15,4.405451158858400551e-01
1.650273812516606750e+15,4.395028936607331960e-01
1.650273812518497500e+15,4.384606714356263368e-01
1.650273812520388000e+15,4.374185870159174594e-01
1.650273812522278750e+15,4.363763647908106558e-01
1.650273812524169250e+15,4.353342803711017783e-01
1.650273812526060000e+15,4.342920581459949192e-01
1.650273812527950500e+15,4.332499737262860973e-01
1.650273812529841250e+15,4.322077515011792381e-01
1.650273812531732000e+15,4.311655292760723235e-01
1.650273812533622500e+15,4.301234448563635571e-01
1.650273812535513250e+15,4.297096786105639166e-01
1.650273812537403750e+15,4.301786861194787370e-01
1.650273812539294500e+15,4.306477556500160064e-01
1.650273812541185000e+15,4.311167631589308824e-01
1.650273812543075750e+15,4.315858326894681518e-01
1.650273812544966250e+15,4.320548401983830278e-01
1.650273812546857000e+15,4.325239097289202972e-01
1.650273812548747750e+15,4.329929792594575666e-01
1.650273812550638250e+15,4.334619867683724426e-01
1.650273812552529000e+15,4.339310562989097120e-01
1.650273812554419500e+15,4.344000638078245879e-01
1.650273812556310250e+15,4.348691333383618574e-01
1.650273812558200750e+15,4.353381408472766223e-01
1.650273812560091500e+15,4.351992468261194902e-01
1.650273812561982250e+15,4.338480359364411121e-01
1.650273812563872750e+15,4.324970037074647999e-01
1.650273812565763500e+15,4.311457928177864773e-01
1.650273812567654000e+15,4.297947605888101097e-01
1.650273812569544750e+15,4.295146206079802353e-01
1.650273812571435250e+15,4.295146206079800688e-01
1.650273812573326000e+15,4.295146206079799578e-01
1.650273812575216500e+15,4.295146206079798468e-01
1.650273812577107250e+15,4.295146206079797357e-01
1.650273812578998000e+15,4.295146206079795692e-01
1.650273812580888500e+15,4.295146206079794582e-01
1.650273812582779250e+15,4.295146206079795137e-01
1.650273812584669750e+15,4.295146206079795692e-01
1.650273812586560500e+15,4.295146206079797357e-01
1.650273812588451000e+15,4.295146206079798468e-01
1.650273812590341750e+15,4.295146206079799578e-01
1.650273812592232500e+15,4.295146206079800688e-01
1.650273812594123000e+15,4.295146206079802353e-01
1.650273812596013750e+15,4.296060626445463160e-01
1.650273812597904250e+15,4.307231622899616030e-01
1.650273812599795000e+15,4.318404096607994513e-01
1.650273812601685500e+15,4.329575093062147384e-01
1.650273812603576250e+15,4.340747566770525867e-01
1.650273812605466750e+15,4.351918563224678738e-01
1.650273812607357500e+15,4.344566739354322471e-01
1.650273812609248250e+15,4.324312729754496432e-01
1.650273812611138750e+15,4.304061398193755328e-01
1.650273812613029500e+15,4.283807388593928733e-01
1.650273812614920000e+15,4.263556057033188185e-01
1.650273812616810750e+15,4.243302047433362700e-01
1.650273812618701250e+15,4.237038219068010592e-01
1.650273812620592000e+15,4.243171709260332713e-01
1.650273812622482750e+15,4.249305199452655391e-01
1.650273812624373250e+15,4.255437878658572259e-01
1.650273812626264000e+15,4.261571368850894936e-01
1.650273812628154500e+15,4.267704048056811250e-01
1.650273812630045250e+15,4.273837538249133372e-01
1.650273812631935750e+15,4.279970217455050241e-01
1.650273812633826500e+15,4.286103707647373473e-01
1.650273812635717000e+15,4.292236386853289787e-01
1.650273812637607750e+15,4.295146206079794582e-01
1.650273812639498500e+15,4.295146206079795137e-01
1.650273812641389000e+15,4.295146206079796247e-01
1.650273812643279750e+15,4.295146206079797357e-01
1.650273812645170250e+15,4.295146206079798468e-01
1.650273812647061000e+15,4.295146206079799578e-01
1.650273812648951500e+15,4.295146206079800688e-01
1.650273812650842250e+15,4.295146206079801798e-01
1.650273812652733000e+15,4.304325050799128194e-01
1.650273812654623500e+15,4.332586623994378883e-01
1.650273812656514250e+15,4.360851934504255123e-01
1.650273812658404750e+15,4.389113507699506367e-01
1.650273812660295500e+15,4.417378818209382607e-01
1.650273812662186000e+15,4.379773973435520662e-01
1.650273812664076750e+15,4.341011872871607391e-01
1.650273812665967250e+15,4.302254897535853773e-01
1.650273812667858000e+15,4.263492796971941612e-01
1.650273812669748750e+15,4.224730696408028341e-01
1.650273812671639250e+15,4.185973721072274722e-01
1.650273812673530000e+15,4.174436148359607079e-01
1.650273812675420500e+15,4.177523050993592890e-01
1.650273812677311250e+15,4.180610361840039757e-01
1.650273812679201750e+15,4.183697264474025013e-01
1.650273812681092500e+15,4.186784575320472990e-01
1.650273812682983250e+15,4.189871886166919301e-01
1.650273812684873750e+15,4.192958788800904557e-01
1.650273812686764500e+15,4.196046099647351979e-01
1.650273812688655000e+15,4.199133002281337790e-01
1.650273812690545750e+15,4.202220313127784657e-01
1.650273812692436250e+15,4.205307215761769912e-01
1.650273812694327000e+15,4.208394526608216779e-01
1.650273812696217750e+15,4.211481837454664201e-01
1.650273812698108250e+15,4.214568740088650012e-01
1.650273812699999000e+15,4.217656050935096324e-01
1.650273812701889500e+15,4.220742953569082134e-01
1.650273812703780250e+15,4.223830264415529001e-01
1.650273812705670750e+15,4.226917167049515367e-01
1.650273812707561500e+15,4.230004477895961679e-01
1.650273812709452000e+15,4.233091380529947489e-01
1.650273812711342750e+15,4.224979062533578689e-01
1.650273812713233500e+15,4.213609504812315665e-01
1.650273812715124000e+15,4.202241450404250456e-01
1.650273812717014750e+15,4.190871892682987987e-01
1.650273812718905250e+15,4.179503838274923333e-01
1.650273812720796000e+15,4.172427743048955917e-01
1.650273812722686500e+15,4.172427743048956472e-01
1.650273812724577250e+15,4.172427743048955917e-01
1.650273812726468000e+15,4.172427743048955917e-01
1.650273812728358500e+15,4.172427743048956472e-01
1.650273812730249250e+15,4.172427743048956472e-01
1.650273812732139750e+15,4.172427743048955917e-01
1.650273812734030500e+15,4.172427743048956472e-01
1.650273812735921000e+15,4.172427743048956472e-01
1.650273812737811750e+15,4.172427743048955917e-01
1.650273812739702250e+15,4.172427743048955917e-01
1.650273812741593000e+15,4.172427743048956472e-01
1.650273812743483750e+15,4.172427743048955917e-01
1.650273812745374250e+15,4.172427743048955362e-01
1.650273812747265000e+15,4.172427743048954807e-01
1.650273812749155500e+15,4.172427743048954807e-01
1.650273812751046250e+15,4.172427743048953697e-01
1.650273812752936750e+15,4.172427743048953142e-01
1.650273812754827500e+15,4.172427743048952031e-01
1.650273812756718250e+15,4.172427743048951476e-01
1.650273812758608750e+15,4.172427743048950921e-01
1.650273812760499500e+15,4.172427743048949811e-01
1.650273812762390000e+15,4.172427743048948701e-01
1.650273812764280750e+15,4.172427743048948146e-01
1.650273812766171250e+15,4.172427743048947590e-01
1.650273812768062000e+15,4.172427743048947590e-01
1.650273812769952500e+15,4.172427743048947590e-01
1.650273812771843250e+15,4.172427743048947590e-01
1.650273812773734000e+15,4.172427743048947590e-01
1.650273812775624500e+15,4.172427743048947590e-01
1.650273812777515250e+15,4.172427743048948146e-01
1.650273812779405750e+15,4.172427743048947590e-01
1.650273812781296500e+15,4.172427743048947590e-01
1.650273812783187000e+15,4.172427743048947590e-01
1.650273812785077750e+15,4.172427743048947590e-01
1.650273812786968500e+15,4.172427743048947590e-01
1.650273812788859000e+15,4.172427743048947590e-01
1.650273812790749750e+15,4.172427743048947590e-01
1.650273812792640250e+15,4.172427743048947590e-01
1.650273812794531000e+15,4.172427743048948146e-01
1.650273812796421500e+15,4.172427743048948146e-01
1.650273812798312250e+15,4.172427743048947590e-01
1.650273812800202750e+15,4.172427743048947590e-01
1.650273812802093500e+15,4.172427743048945925e-01
1.650273812803984250e+15,4.172427743048944260e-01
1.650273812805874750e+15,4.172427743048943150e-01
1.650273812807765500e+15,4.172427743048942039e-01
1.650273812809656000e+15,4.172427743048939819e-01
1.650273812811546750e+15,4.172427743048938154e-01
1.650273812813437250e+15,4.172427743048937043e-01
1.650273812815328000e+15,4.172427743048935378e-01
1.650273812817218750e+15,4.172427743048933713e-01
1.650273812819109250e+15,4.172427743048932047e-01
1.650273812821000000e+15,4.172427743048930937e-01
1.650273812822890500e+15,4.166908341689741224e-01
1.650273812824781250e+15,4.158516055304630754e-01
1.650273812826671750e+15,4.150124878569975140e-01
1.650273812828562500e+15,4.141732592184863559e-01
1.650273812830453000e+15,4.133341415450207945e-01
1.650273812832343750e+15,4.124949129065096920e-01
1.650273812834234500e+15,4.116556842679985895e-01
1.650273812836125000e+15,4.111068511533516601e-01
1.650273812838015750e+15,4.111068511533519376e-01
1.650273812839906250e+15,4.111068511533522707e-01
1.650273812841797000e+15,4.111068511533525482e-01
1.650273812843687500e+15,4.111068511533528813e-01
1.650273812845578250e+15,4.111068511533532144e-01
1.650273812847469000e+15,4.105155442733740001e-01
1.650273812849359500e+15,4.093920612014133598e-01
1.650273812851250250e+15,4.082684295598847934e-01
1.650273812853140750e+15,4.071449464879240976e-01
1.650273812855031500e+15,4.060213148463955313e-01
1.650273812856922000e+15,4.050968088370422993e-01
1.650273812858812750e+15,4.070318428957158674e-01
1.650273812860703250e+15,4.089666210990333672e-01
1.650273812862594000e+15,4.109016551577069909e-01
1.650273812864484750e+15,4.128366892163806701e-01
1.650273812866375250e+15,4.147714674196981144e-01
1.650273812868266000e+15,4.167065014783717380e-01
1.650273812870156500e+15,4.168471931109610784e-01
1.650273812872047250e+15,4.162998494282485473e-01
1.650273812873937750e+15,4.157525781167752954e-01
1.650273812875828500e+15,4.152052344340627643e-01
1.650273812877719250e+15,4.146578907513501777e-01
1.650273812879609750e+15,4.141106194398769258e-01
1.650273812881500500e+15,4.135632757571643392e-01
1.650273812883391000e+15,4.130160044456910873e-01
1.650273812885281750e+15,4.124686607629785007e-01
1.650273812887172250e+15,4.119213894515052488e-01
1.650273812889063000e+15,4.113740457687926622e-01
1.650273812890953500e+15,4.111068511533524927e-01
1.650273812892844250e+15,4.111068511533526593e-01
1.650273812894735000e+15,4.111068511533527703e-01
1.650273812896625500e+15,4.111068511533528813e-01
1.650273812898516250e+15,4.111068511533529923e-01
1.650273812900406750e+15,4.111068511533531034e-01
1.650273812902297500e+15,4.111068511533531589e-01
1.650273812904188000e+15,4.111068511533533254e-01
1.650273812906078750e+15,4.111068511533533254e-01
1.650273812907969500e+15,4.111068511533533809e-01
1.650273812909860000e+15,4.111068511533533254e-01
1.650273812911750750e+15,4.111068511533533254e-01
1.650273812913641250e+15,4.111068511533533809e-01
1.650273812915532000e+15,4.111068511533532699e-01
1.650273812917422500e+15,4.111068511533531034e-01
1.650273812919313250e+15,4.111068511533528813e-01
1.650273812921203750e+15,4.111068511533527148e-01
1.650273812923094500e+15,4.111068511533525482e-01
1.650273812924985250e+15,4.111068511533523817e-01
1.650273812926875750e+15,4.111068511533521597e-01
1.650273812928766500e+15,4.111068511533519931e-01
1.650273812930657000e+15,4.111068511533518266e-01
1.650273812932547750e+15,4.111068511533516601e-01
1.650273812934438250e+15,4.109357084437106900e-01
1.650273812936329000e+15,4.101411398046601597e-01
1.650273812938219750e+15,4.093465711656096850e-01
1.650273812940110250e+15,4.085521075865404805e-01
1.650273812942001000e+15,4.077575389474898948e-01
1.650273812943891500e+15,4.069630753684206903e-01
1.650273812945782250e+15,4.061685067293702156e-01
1.650273812947672750e+15,4.053740431503010666e-01
1.650273812949563500e+15,4.049709280018100599e-01
1.650273812951454000e+15,4.049709280018101154e-01
1.650273812953344750e+15,4.049709280018101154e-01
1.650273812955235500e+15,4.049709280018101154e-01
1.650273812957126000e+15,4.049709280018101154e-01
1.650273812959016750e+15,4.049709280018098934e-01
1.650273812960907250e+15,4.049709280018093382e-01
1.650273812962798000e+15,4.049709280018087831e-01
1.650273812964688500e+15,4.049709280018082280e-01
1.650273812966579250e+15,4.049709280018077284e-01
1.650273812968470000e+15,4.049709280018075064e-01
1.650273812970360500e+15,4.049709280018076729e-01
1.650273812972251250e+15,4.049709280018077839e-01
1.650273812974141750e+15,4.049709280018079505e-01
1.650273812976032500e+15,4.049709280018080060e-01
1.650273812977923000e+15,4.049709280018082280e-01
1.650273812979813750e+15,4.049709280018083390e-01
1.650273812981704250e+15,4.049709280018084501e-01
1.650273812983595000e+15,4.049709280018086721e-01
1.650273812985485750e+15,4.049709280018087831e-01
1.650273812987376250e+15,4.049709280018088942e-01
1.650273812989267000e+15,4.049709280018090607e-01
1.650273812991157500e+15,4.049709280018091717e-01
1.650273812993048250e+15,4.049709280018093382e-01
1.650273812994938750e+15,4.049709280018095603e-01
1.650273812996829500e+15,4.049709280018096713e-01
1.650273812998720250e+15,4.049709280018098378e-01
1.650273813000610750e+15,4.049709280018100044e-01
1.650273813002501500e+15,4.049709280018101154e-01
1.650273813004392000e+15,4.049709280018100044e-01
1.650273813006282750e+15,4.049709280018098934e-01
1.650273813008173250e+15,4.049709280018097268e-01
1.650273813010064000e+15,4.049709280018096158e-01
1.650273813011954500e+15,4.049709280018095048e-01
1.650273813013845250e+15,4.049709280018094493e-01
1.650273813015736000e+15,4.049709280018093382e-01
1.650273813017626500e+15,4.049709280018092272e-01
1.650273813019517250e+15,4.049709280018092272e-01
1.650273813021407750e+15,4.049709280018092272e-01
1.650273813023298500e+15,4.049709280018092272e-01
1.650273813025189000e+15,4.049709280018091717e-01
1.650273813027079750e+15,4.049709280018088942e-01
1.650273813028970500e+15,4.049709280018086721e-01
1.650273813030861000e+15,4.049709280018084501e-01
1.650273813032751750e+15,4.049709280018082280e-01
1.650273813034642250e+15,4.049709280018080060e-01
1.650273813036533000e+15,4.049709280018077839e-01
1.650273813038423500e+15,4.049709280018075064e-01
1.650273813040314250e+15,4.049709280018075619e-01
1.650273813042204750e+15,4.049709280018078950e-01
1.650273813044095500e+15,4.049709280018082280e-01
1.650273813045986250e+15,4.049709280018085056e-01
1.650273813047876750e+15,4.049709280018088386e-01
1.650273813049767500e+15,4.049709280018091717e-01
1.650273813051658000e+15,4.049709280018090607e-01
1.650273813053548750e+15,4.049709280018089497e-01
1.650273813055439250e+15,4.049709280018087831e-01
1.650273813057330000e+15,4.049709280018085611e-01
1.650273813059220750e+15,4.049709280018084501e-01
1.650273813061111250e+15,4.049709280018082280e-01
1.650273813063002000e+15,4.049709280018081170e-01
1.650273813064892500e+15,4.049709280018079505e-01
1.650273813066783250e+15,4.049709280018077839e-01
1.650273813068673750e+15,4.049709280018075619e-01
1.650273813070564500e+15,4.049709280018074509e-01
1.650273813072455000e+15,4.049709280018075064e-01
1.650273813074345750e+15,4.049709280018075064e-01
1.650273813076236500e+15,4.049709280018075064e-01
1.650273813078127000e+15,4.049709280018075064e-01
1.650273813080017750e+15,4.049709280018075064e-01
1.650273813081908250e+15,4.049709280018074509e-01
1.650273813083799000e+15,4.049709280018074509e-01
1.650273813085689500e+15,4.049709280018074509e-01
1.650273813087580250e+15,4.049709280018074509e-01
1.650273813089471000e+15,4.049709280018075064e-01
1.650273813091361500e+15,4.049709280018074509e-01
1.650273813093252250e+15,4.049709280018075064e-01
1.650273813095142750e+15,4.041705285337915954e-01
1.650273813097033500e+15,4.029786755752163274e-01
1.650273813098924000e+15,4.017869802066130758e-01
1.650273813100814750e+15,4.005951272480378078e-01
1.650273813102705250e+15,3.994034318794345007e-01
1.650273813104596000e+15,3.988350048502685707e-01
1.650273813106486750e+15,3.988350048502684042e-01
1.650273813108377250e+15,3.988350048502682377e-01
1.650273813110268000e+15,3.988350048502681267e-01
1.650273813112158500e+15,3.988350048502679601e-01
1.650273813114049250e+15,3.988350048502677936e-01
1.650273813115939750e+15,3.988350048502677936e-01
1.650273813117830500e+15,3.988350048502677381e-01
1.650273813119721250e+15,3.988350048502677936e-01
1.650273813121611750e+15,3.988350048502677936e-01
1.650273813123502500e+15,3.988350048502677936e-01
1.650273813125393000e+15,3.988350048502677936e-01
1.650273813127283750e+15,3.988350048502675715e-01
1.650273813129174250e+15,3.988350048502672940e-01
1.650273813131065000e+15,3.988350048502670164e-01
1.650273813132955500e+15,3.988350048502667944e-01
1.650273813134846250e+15,3.988350048502664613e-01
1.650273813136737000e+15,3.988350048502662393e-01
1.650273813138627500e+15,3.988350048502659617e-01
1.650273813140518250e+15,3.988350048502660172e-01
1.650273813142408750e+15,3.988350048502660172e-01
1.650273813144299500e+15,3.988350048502660172e-01
1.650273813146190000e+15,3.988350048502660172e-01
1.650273813148080750e+15,3.988350048502660172e-01
1.650273813149971500e+15,3.988350048502660172e-01
1.650273813151862000e+15,3.988350048502660172e-01
1.650273813153752750e+15,3.988350048502659617e-01
1.650273813155643250e+15,3.988350048502660172e-01
1.650273813157534000e+15,3.988350048502660172e-01
1.650273813159424500e+15,3.988350048502660172e-01
1.650273813161315250e+15,3.988350048502660172e-01
1.650273813163205750e+15,3.988350048502660172e-01
1.650273813165096500e+15,3.988350048502660172e-01
1.650273813166987250e+15,3.988350048502660172e-01
1.650273813168877750e+15,3.988350048502660172e-01
1.650273813170768500e+15,3.988350048502660172e-01
1.650273813172659000e+15,3.988350048502660172e-01
1.650273813174549750e+15,3.977143470793955693e-01
1.650273813176440250e+15,3.954502770651496246e-01
1.650273813178331000e+15,3.931859076499496508e-01
1.650273813180221750e+15,3.909215382347497325e-01
1.650273813182112250e+15,3.886574682205037878e-01
1.650273813184003000e+15,3.865631585471831499e-01
1.650273813185893500e+15,3.865631585471829279e-01
1.650273813187784250e+15,3.865631585471827614e-01
1.650273813189674750e+15,3.865631585471824838e-01
1.650273813191565500e+15,3.865631585471822618e-01
1.650273813193456000e+15,3.865631585471821507e-01
1.650273813195346750e+15,3.865631585471818177e-01
1.650273813197237500e+15,3.865631585471816511e-01
1.650273813199128000e+15,3.865631585471814846e-01
1.650273813201018750e+15,3.865631585471812626e-01
1.650273813202909250e+15,3.865631585471809850e-01
1.650273813204800000e+15,3.865631585471807630e-01
1.650273813206690500e+15,3.865631585471805964e-01
1.650273813208581250e+15,3.873964751585450283e-01
1.650273813210472000e+15,3.886536811293709315e-01
1.650273813212362500e+15,3.899107208690754112e-01
1.650273813214253250e+15,3.911679268399013143e-01
1.650273813216143750e+15,3.924249665796057940e-01
1.650273813218034500e+15,3.936821725504316971e-01
1.650273813219925000e+15,3.949392122901361768e-01
1.650273813221815750e+15,3.961964182609621354e-01
1.650273813223706250e+15,3.974534580006665596e-01
1.650273813225597000e+15,3.987106639714924627e-01
1.650273813227487750e+15,3.974747707640739480e-01
1.650273813229378250e+15,3.959654398528784647e-01
1.650273813231269000e+15,3.944559093475396572e-01
1.650273813233159500e+15,3.929465784363440628e-01
1.650273813235050250e+15,3.914370479310053108e-01
1.650273813236940750e+15,3.899277170198098275e-01
1.650273813238831500e+15,3.884181865144710200e-01
1.650273813240722250e+15,3.869086560091322680e-01
1.650273813242612750e+15,3.870109728044229813e-01
1.650273813244503500e+15,3.875918027182498338e-01
1.650273813246394000e+15,3.881725558331988180e-01
1.650273813248284750e+15,3.887533857470257259e-01
1.650273813250175250e+15,3.893341388619747101e-01
1.650273813252066000e+15,3.899149687758015626e-01
1.650273813253956500e+15,3.904957218907505467e-01
1.650273813255847250e+15,3.910765518045775102e-01
1.650273813257738000e+15,3.916573817184043627e-01
1.650273813259628500e+15,3.922381348333533468e-01
1.650273813261519250e+15,3.926990816987229183e-01
1.650273813263409750e+15,3.926990816987231958e-01
1.650273813265300500e+15,3.926990816987234734e-01
1.650273813267191000e+15,3.926990816987237509e-01
1.650273813269081750e+15,3.926990816987240840e-01
1.650273813270972500e+15,3.926990816987243615e-01
1.650273813272863000e+15,3.925407817899508323e-01
1.650273813274753750e+15,3.920709143605723979e-01
1.650273813276644250e+15,3.916011090583167431e-01
1.650273813278535000e+15,3.911312416289383642e-01
1.650273813280425500e+15,3.906614363266827095e-01
1.650273813282316250e+15,3.901915688973043306e-01
1.650273813284206750e+15,3.897217635950486758e-01
1.650273813286097500e+15,3.892518961656702414e-01
1.650273813287988250e+15,3.887820287362919180e-01
1.650273813289878750e+15,3.883122234340362633e-01
1.650273813291769500e+15,3.878423560046578844e-01
1.650273813293660000e+15,3.873725507024021741e-01
1.650273813295550750e+15,3.869026832730237953e-01
1.650273813297441250e+15,3.865631585471805409e-01
1.650273813299332000e+15,3.865631585471804854e-01
1.650273813301222750e+15,3.865631585471804854e-01
1.650273813303113250e+15,3.865631585471804854e-01
1.650273813305004000e+15,3.865631585471804854e-01
1.650273813306894500e+15,3.865631585471805409e-01
1.650273813308785250e+15,3.865408625167113255e-01
1.650273813310675750e+15,3.860156208269675537e-01
1.650273813312566500e+15,3.854903096791849615e-01
1.650273813314457000e+15,3.849650679894412453e-01
1.650273813316347750e+15,3.844397568416586530e-01
1.650273813318238500e+15,3.839144456938760053e-01
1.650273813320129000e+15,3.833892040041322891e-01
1.650273813322019750e+15,3.828638928563496968e-01
1.650273813323910250e+15,3.823386511666059251e-01
1.650273813325801000e+15,3.818133400188232773e-01
1.650273813327691500e+15,3.812880983290795611e-01
1.650273813329582250e+15,3.807627871812969689e-01
1.650273813331473000e+15,3.804272353956381081e-01
1.650273813333363500e+15,3.804272353956381081e-01
1.650273813335254250e+15,3.804272353956381081e-01
1.650273813337144750e+15,3.804272353956381081e-01
1.650273813339035500e+15,3.804272353956381636e-01
1.650273813340926000e+15,3.804272353956381636e-01
1.650273813342816750e+15,3.804272353956381636e-01
1.650273813344707250e+15,3.804272353956381636e-01
1.650273813346598000e+15,3.804272353956381636e-01
1.650273813348488750e+15,3.804272353956381081e-01
1.650273813350379250e+15,3.804272353956381081e-01
1.650273813352270000e+15,3.804272353956381081e-01
1.650273813354160500e+15,3.812513210003276032e-01
1.650273813356051250e+15,3.822855990335612963e-01
1.650273813357941750e+15,3.833197403117991064e-01
1.650273813359832500e+15,3.843540183450327996e-01
1.650273813361723250e+15,3.853882963782664373e-01
1.650273813363613750e+15,3.864224376565043029e-01
1.650273813365504500e+15,3.850298817431367371e-01
1.650273813367395000e+15,3.832553731431684874e-01
1.650273813369285750e+15,3.814806298819201635e-01
1.650273813371176250e+15,3.797061212819519138e-01
1.650273813373067000e+15,3.779313780207035900e-01
1.650273813374957500e+15,3.761568694207352848e-01
1.650273813376848250e+15,3.743821261594870164e-01
1.650273813378739000e+15,3.717079172349743166e-01
1.650273813380629500e+15,3.689855603426976938e-01
1.650273813382520250e+15,3.662628434455423854e-01
1.650273813384410750e+15,3.635404865532657070e-01
1.650273813386301500e+15,3.629032888235455001e-01
1.650273813388192000e+15,3.649055262824204005e-01
1.650273813390082750e+15,3.669080285174733391e-01
1.650273813391973500e+15,3.689105307525263333e-01
1.650273813393864000e+15,3.709127682114012337e-01
1.650273813395754750e+15,3.729152704464541723e-01
1.650273813397645250e+15,3.741649322342259776e-01
1.650273813399536000e+15,3.737607833908210830e-01
1.650273813401426500e+15,3.733566879850525599e-01
1.650273813403317250e+15,3.729525391416476099e-01
1.650273813405207750e+15,3.725484437358791423e-01
1.650273813407098500e+15,3.721442948924742478e-01
1.650273813408989250e+15,3.717401460490693532e-01
1.650273813410879750e+15,3.713360506433007746e-01
1.650273813412770500e+15,3.709319017998958801e-01
1.650273813414661000e+15,3.705278063941273570e-01
1.650273813416551750e+15,3.701236575507224624e-01
1.650273813418442250e+15,3.697195621449539393e-01
1.650273813420333000e+15,3.693154133015490448e-01
1.650273813422223750e+15,3.689112644581442058e-01
1.650273813424114250e+15,3.685071690523755716e-01
1.650273813426005000e+15,3.682220927874608751e-01
1.650273813427895500e+15,3.687368002781646337e-01
1.650273813429786250e+15,3.692515758338631993e-01
1.650273813431676750e+15,3.697662833245669578e-01
1.650273813433567500e+15,3.702810588802655789e-01
1.650273813435458000e+15,3.707957663709693374e-01
1.650273813437348750e+15,3.713105419266679030e-01
1.650273813439239500e+15,3.718253174823664686e-01
1.650273813441130000e+15,3.723400249730702827e-01
1.650273813443020750e+15,3.728548005287687372e-01
1.650273813444911250e+15,3.733695080194726068e-01
1.650273813446802000e+15,3.738842835751711169e-01
1.650273813448692500e+15,3.738961070317458613e-01
1.650273813450583250e+15,3.720067663105053324e-01
1.650273813452474000e+15,3.701174255892647480e-01
1.650273813454364500e+15,3.682283346816855873e-01
1.650273813456255250e+15,3.663389939604450030e-01
1.650273813458145750e+15,3.644499030528658423e-01
1.650273813460036500e+15,3.625605623316252024e-01
1.650273813461927000e+15,3.626473949602375679e-01
1.650273813463817750e+15,3.635274963635738432e-01
1.650273813465708250e+15,3.644074813975588523e-01
1.650273813467599000e+15,3.652875828008951276e-01
1.650273813469489750e+15,3.661676842042314028e-01
1.650273813471380250e+15,3.670476692382164119e-01
1.650273813473271000e+15,3.679277706415527427e-01
1.650273813475161500e+15,3.677431211843667502e-01
1.650273813477052250e+15,3.671869345647407745e-01
1.650273813478942750e+15,3.666308214855906744e-01
1.650273813480833500e+15,3.660746348659646987e-01
1.650273813482724250e+15,3.655184482463387230e-01
1.650273813484614750e+15,3.649623351671886784e-01
1.650273813486505500e+15,3.644061485475626472e-01
1.650273813488396000e+15,3.638500354684126026e-01
1.650273813490286750e+15,3.632938488487866269e-01
1.650273813492177250e+15,3.627377357696365823e-01
1.650273813494068000e+15,3.621815491500106066e-01
1.650273813495958500e+15,3.603753233001855127e-01
1.650273813497849250e+15,3.580545598077309322e-01
1.650273813499740000e+15,3.557337963152764071e-01
1.650273813501630500e+15,3.534133396803508798e-01
1.650273813503521250e+15,3.510925761878963547e-01
1.650273813505411750e+15,3.493333014625060740e-01
1.650273813507302500e+15,3.483476178007576807e-01
1.650273813509193000e+15,3.473620644687279158e-01
1.650273813511083750e+15,3.463763808069795225e-01
1.650273813512974500e+15,3.453906971452310737e-01
1.650273813514865000e+15,3.444051438132013088e-01
1.650273813516755750e+15,3.438301595222172380e-01
1.650273813518646250e+15,3.449501713710142470e-01
1.650273813520537000e+15,3.460703313303440387e-01
1.650273813522427500e+15,3.471903431791410477e-01
1.650273813524318250e+15,3.483105031384707839e-01
1.650273813526208750e+15,3.494305149872678484e-01
1.650273813528099500e+15,3.501032549837124752e-01
1.650273813529990250e+15,3.505993210331750376e-01
1.650273813531880750e+15,3.510953214914635523e-01
1.650273813533771500e+15,3.515913875409260037e-01
1.650273813535662000e+15,3.520873879992144628e-01
1.650273813537552750e+15,3.525834540486770807e-01
1.650273813539443250e+15,3.530794545069655399e-01
1.650273813541334000e+15,3.535755205564280468e-01
1.650273813543224750e+15,3.540715866058905537e-01
1.650273813545115250e+15,3.545675870641790683e-01
1.650273813547006000e+15,3.550636531136415752e-01
1.650273813548896500e+15,3.555596535719300344e-01
1.650273813550787250e+15,3.555416015897235882e-01
1.650273813552677750e+15,3.545565504078288521e-01
1.650273813554568500e+15,3.535713689626199252e-01
1.650273813556459000e+15,3.525863177807252447e-01
1.650273813558349750e+15,3.516011363355162622e-01
1.650273813560240500e+15,3.506159548903073353e-01
1.650273813562131000e+15,3.494749389939527662e-01
1.650273813564021750e+15,3.471732830672037418e-01
1.650273813565912250e+15,3.448719314715305018e-01
1.650273813567803000e+15,3.425702755447813663e-01
1.650273813569693500e+15,3.402689239491082374e-01
1.650273813571584250e+15,3.379672680223591574e-01
1.650273813573475000e+15,3.374757733348410227e-01
1.650273813575365500e+15,3.374757733348410227e-01
1.650273813577256250e+15,3.374757733348410227e-01
1.650273813579146750e+15,3.374757733348410227e-01
1.650273813581037500e+15,3.374757733348410227e-01
1.650273813582928000e+15,3.374757733348410227e-01
1.650273813584818750e+15,3.374757733348410227e-01
1.650273813586709250e+15,3.374757733348410227e-01
1.650273813588600000e+15,3.387757153920122333e-01
1.650273813590490750e+15,3.401035735468455612e-01
1.650273813592381250e+15,3.414312561287375924e-01
1.650273813594272000e+15,3.427591142835708649e-01
1.650273813596162500e+15,3.440867968654629516e-01
1.650273813598053250e+15,3.454146550202962240e-01
1.650273813599943750e+15,3.467423376021882553e-01
1.650273813601834500e+15,3.480701957570215832e-01
1.650273813603725250e+15,3.493980539118549111e-01
1.650273813605615750e+15,3.475475491918662008e-01
1.650273813607506500e+15,3.445608084301450269e-01
1.650273813609397000e+15,3.415744625832410897e-01
1.650273813611287750e+15,3.385877218215199713e-01
1.650273813613178250e+15,3.356013759746159786e-01
1.650273813615069000e+15,3.326146352128948602e-01
1.650273813616959500e+15,3.326314457152303450e-01
1.650273813618850250e+15,3.348853305809430525e-01
1.650273813620741000e+15,3.371392154466558155e-01
1.650273813622631500e+15,3.393928022977096282e-01
1.650273813624522250e+15,3.416466871634222802e-01
1.650273813626412750e+15,3.439002740144760928e-01
1.650273813628303500e+15,3.461541588801888003e-01
1.650273813630194000e+15,3.484077457312425574e-01
1.650273813632084750e+15,3.497476196379256663e-01
1.650273813633975500e+15,3.497476196379256663e-01
1.650273813635866000e+15,3.497476196379256663e-01
1.650273813637756750e+15,3.497476196379256663e-01
1.650273813639647250e+15,3.497476196379256663e-01
1.650273813641538000e+15,3.497476196379256663e-01
1.650273813643428500e+15,3.497476196379256663e-01
1.650273813645319250e+15,3.497476196379256663e-01
1.650273813647209750e+15,3.497476196379256663e-01
1.650273813649100500e+15,3.497476196379256663e-01
1.650273813650991250e+15,3.496827185389983494e-01
1.650273813652881750e+15,3.486087970727212992e-01
1.650273813654772500e+15,3.475347335909105828e-01
1.650273813656663000e+15,3.464608121246335881e-01
1.650273813658553750e+15,3.453867486428228717e-01
1.650273813660444250e+15,3.443128271765458770e-01
1.650273813662335000e+15,3.432387636947351606e-01
1.650273813664225750e+15,3.421647002129244441e-01
1.650273813666116250e+15,3.410907787466474494e-01
1.650273813668007000e+15,3.400167152648367330e-01
1.650273813669897500e+15,3.389427937985597383e-01
1.650273813671788250e+15,3.378687303167490219e-01
1.650273813673678750e+15,3.361395142962522731e-01
1.650273813675569500e+15,3.340318756916960674e-01
1.650273813677460000e+15,3.319245157647288114e-01
1.650273813679350750e+15,3.298168771601726057e-01
1.650273813681241500e+15,3.277092385556164000e-01
1.650273813683132000e+15,3.256018786286490885e-01
1.650273813685022750e+15,3.244617368003928082e-01
1.650273813686913250e+15,3.235469132421914806e-01
1.650273813688804000e+15,3.226319687075873688e-01
1.650273813690694500e+15,3.217171451493860967e-01
1.650273813692585250e+15,3.208022006147819294e-01
1.650273813694476000e+15,3.198872560801777620e-01
1.650273813696366500e+15,3.189557440541419542e-01
1.650273813698257250e+15,3.178810338458252227e-01
1.650273813700147750e+15,3.168064657385541993e-01
1.650273813702038500e+15,3.157317555302375234e-01
1.650273813703929000e+15,3.146571874229664445e-01
1.650273813705819750e+15,3.135824772146498240e-01
1.650273813707710250e+15,3.136754742917576277e-01
1.650273813709601000e+15,3.155589870279827402e-01
1.650273813711491750e+15,3.174424997642079083e-01
1.650273813713382250e+15,3.193257634573632986e-01
1.650273813715273000e+15,3.212092761935884111e-01
1.650273813717163500e+15,3.230925398867438014e-01
1.650273813719054250e+15,3.249760526229689694e-01
1.650273813720944750e+15,3.241659172285299984e-01
1.650273813722835500e+15,3.229848628969837487e-01
1.650273813724726250e+15,3.218038085654375546e-01
1.650273813726616750e+15,3.206229103960401283e-01
1.650273813728507500e+15,3.194418560644938787e-01
1.650273813730398000e+15,3.194218519748290297e-01
1.650273813732288750e+15,3.199396834646870968e-01
1.650273813734179250e+15,3.204574464854865745e-01
1.650273813736070000e+15,3.209752779753446417e-01
1.650273813737960750e+15,3.214931094652027643e-01
1.650273813739851250e+15,3.220108724860022420e-01
1.650273813741742000e+15,3.225287039758604202e-01
1.650273813743632500e+15,3.230464669966598423e-01
1.650273813745523250e+15,3.235642984865179095e-01
1.650273813747413750e+15,3.240820615073174427e-01
1.650273813749304500e+15,3.245998929971755653e-01
1.650273813751195000e+15,3.251176560179750985e-01
1.650273813753085750e+15,3.242397586127243048e-01
1.650273813754976500e+15,3.230828482917450506e-01
1.650273813756867000e+15,3.219260909405292082e-01
1.650273813758757750e+15,3.207691806195498985e-01
1.650273813760648250e+15,3.196124232683341115e-01
1.650273813762539000e+15,3.196039601694526389e-01
1.650273813764429500e+15,3.206161733211099207e-01
1.650273813766320250e+15,3.216285203279843352e-01
1.650273813768211000e+15,3.226408673348587497e-01
1.650273813770101500e+15,3.236530804865159761e-01
1.650273813771992250e+15,3.246654274933903350e-01
1.650273813773882750e+15,3.247663004289078059e-01
1.650273813775773500e+15,3.238310729642746022e-01
1.650273813777664000e+15,3.228959691579071922e-01
1.650273813779554750e+15,3.219607416932739330e-01
1.650273813781445250e+15,3.210256378869065785e-01
1.650273813783336000e+15,3.200904104222733748e-01
1.650273813785226750e+15,3.191551829576401156e-01
1.650273813787117250e+15,3.181808902542948569e-01
1.650273813789008000e+15,3.172024389851051396e-01
1.650273813790898500e+15,3.162241170893478892e-01
1.650273813792789250e+15,3.152456658201582274e-01
1.650273813794679750e+15,3.142673439244009215e-01
1.650273813796570500e+15,3.132888926552112596e-01
1.650273813798461250e+15,3.116683383050464773e-01
1.650273813800351750e+15,3.096794891463685584e-01
1.650273813802242500e+15,3.076903769819833157e-01
1.650273813804133000e+15,3.057015278233053412e-01
1.650273813806023750e+15,3.037124156589201540e-01
1.650273813807914250e+15,3.017235665002421796e-01
1.650273813809805000e+15,3.006602344255879244e-01
1.650273813811695500e+15,3.006602344255879244e-01
1.650273813813586250e+15,3.006602344255879800e-01
1.650273813815477000e+15,3.006602344255879800e-01
1.650273813817367500e+15,3.006602344255879800e-01
1.650273813819258250e+15,3.006602344255879800e-01
1.650273813821148750e+15,3.006602344255880355e-01
1.650273813823039500e+15,3.006602344255879800e-01
1.650273813824930000e+15,3.006602344255879800e-01
1.650273813826820750e+15,3.006602344255879800e-01
1.650273813828711500e+15,3.006602344255879800e-01
1.650273813830602000e+15,3.006602344255879244e-01
1.650273813832492750e+15,3.003686066682706435e-01
1.650273813834383250e+15,2.991848766087784606e-01
1.650273813836274000e+15,2.980009900126480149e-01
1.650273813838164500e+15,2.968172599531558320e-01
1.650273813840055250e+15,2.956333733570252753e-01
1.650273813841945750e+15,2.944496432975330924e-01
1.650273813843836500e+15,2.932657567014026467e-01
1.650273813845727250e+15,2.920818701052720900e-01
1.650273813847617750e+15,2.908981400457799071e-01
1.650273813849508500e+15,2.897142534496494060e-01
1.650273813851399000e+15,2.885305233901572231e-01
1.650273813853289750e+15,2.900679936084135657e-01
1.650273813855180250e+15,2.919765100147956871e-01
1.650273813857071000e+15,2.938852788036701025e-01
1.650273813858961750e+15,2.957940475925445734e-01
1.650273813860852250e+15,2.977025639989266947e-01
1.650273813862743000e+15,2.996113327878010546e-01
1.650273813864633500e+15,3.002592260163798876e-01
1.650273813866524250e+15,2.993687895516644604e-01
1.650273813868414750e+15,2.984784708228296335e-01
1.650273813870305500e+15,2.975880343581142062e-01
1.650273813872196000e+15,2.966977156292793794e-01
1.650273813874086750e+15,2.958072791645640076e-01
1.650273813875977500e+15,2.949168426998485804e-01
1.650273813877868000e+15,2.945243112740438818e-01
1.650273813879758750e+15,2.945243112740438818e-01
1.650273813881649250e+15,2.945243112740438818e-01
1.650273813883540000e+15,2.945243112740438818e-01
1.650273813885430500e+15,2.945243112740438818e-01
1.650273813887321250e+15,2.945243112740438263e-01
1.650273813889212000e+15,2.945243112740436597e-01
1.650273813891102500e+15,2.945243112740435487e-01
1.650273813892993250e+15,2.945243112740434377e-01
1.650273813894883750e+15,2.945243112740433267e-01
1.650273813896774500e+15,2.945243112740432156e-01
1.650273813898665000e+15,2.945243112740431046e-01
1.650273813900555750e+15,2.945243112740429936e-01
1.650273813902446250e+15,2.945243112740428826e-01
1.650273813904337000e+15,2.945243112740427716e-01
1.650273813906227750e+15,2.945243112740426605e-01
1.650273813908118250e+15,2.945243112740425495e-01
1.650273813910009000e+15,2.945243112740424385e-01
1.650273813911899500e+15,2.945243112740423275e-01
1.650273813913790250e+15,2.945243112740422164e-01
1.650273813915680750e+15,2.946147398782841265e-01
1.650273813917571500e+15,2.964004096795434529e-01
1.650273813919462250e+15,2.981860794808028348e-01
1.650273813921352750e+15,2.999715131760458675e-01
1.650273813923243500e+15,2.993619604952615920e-01
1.650273813925134000e+15,2.972488422298473210e-01
1.650273813927024750e+15,2.951354445253606684e-01
1.650273813928915250e+15,2.930223262599464529e-01
1.650273813930806000e+15,2.909089285554598003e-01
1.650273813932696500e+15,2.887958102900455293e-01
1.650273813934587250e+15,2.868779118789456239e-01
1.650273813936478000e+15,2.850067027339813208e-01
1.650273813938368500e+15,2.831357410052731116e-01
1.650273813940259250e+15,2.812645318603087530e-01
1.650273813942149750e+15,2.793935701316005993e-01
1.650273813944040500e+15,2.775223609866363517e-01
1.650273813945931000e+15,2.763690489449938670e-01
1.650273813947821750e+15,2.773848528762414833e-01
1.650273813949712500e+15,2.784006568074890442e-01
1.650273813951603000e+15,2.794163264264358237e-01
1.650273813953493750e+15,2.804321303576833846e-01
1.650273813955384250e+15,2.814477999766301086e-01
1.650273813957275000e+15,2.824636039078777250e-01
1.650273813959165500e+15,2.834792735268244490e-01
1.650273813961056250e+15,2.844950774580720654e-01
1.650273813962946750e+15,2.855107470770187894e-01
1.650273813964837500e+15,2.865265510082664058e-01
1.650273813966728250e+15,2.875423549395139666e-01
1.650273813968618750e+15,2.886441022035538539e-01
1.650273813970509500e+15,2.901753497055375441e-01
1.650273813972400000e+15,2.917063947418989112e-01
1.650273813974290750e+15,2.932376422438825458e-01
1.650273813976181250e+15,2.947686872802439129e-01
1.650273813978072000e+15,2.962999347822276031e-01
1.650273813979962750e+15,2.978311822842112933e-01
1.650273813981853250e+15,2.993622273205726603e-01
1.650273813983744000e+15,3.005757022147445556e-01
1.650273813985634500e+15,3.000208128237858984e-01
1.650273813987525250e+15,2.994658500541719781e-01
1.650273813989415750e+15,2.989109606632133209e-01
1.650273813991306500e+15,2.983559978935994561e-01
1.650273813993197000e+15,2.978011085026407989e-01
1.650273813995087750e+15,2.972461457330268786e-01
1.650273813996978500e+15,2.966911829634130138e-01
1.650273813998869000e+15,2.961362935724543011e-01
1.650273814000759750e+15,2.955813308028404363e-01
1.650273814002650250e+15,2.950264414118817236e-01
1.650273814004541000e+15,2.940687673815804426e-01
1.650273814006431500e+15,2.892842911110128368e-01
1.650273814008322250e+15,2.844991821405946086e-01
1.650273814010213000e+15,2.797140731701762695e-01
1.650273814012103500e+15,2.749295968996086637e-01
1.650273814013994250e+15,2.701444879291904355e-01
1.650273814015884750e+15,2.699806186678734843e-01
1.650273814017775500e+15,2.699806186678732622e-01
1.650273814019666000e+15,2.699806186678730402e-01
1.650273814021556750e+15,2.699806186678728182e-01
1.650273814023447250e+15,2.699806186678725406e-01
1.650273814025338000e+15,2.699806186678723186e-01
1.650273814027228750e+15,2.699806186678720965e-01
1.650273814029119250e+15,2.701332500461953723e-01
1.650273814031010000e+15,2.706205236275630033e-01
1.650273814032900500e+15,2.711077327803201320e-01
1.650273814034791250e+15,2.715950063616877630e-01
1.650273814036681750e+15,2.720822155144448917e-01
1.650273814038572500e+15,2.725694890958124672e-01
1.650273814040463250e+15,2.730567626771801537e-01
1.650273814042353750e+15,2.735439718299372824e-01
1.650273814044244500e+15,2.740312454113048579e-01
1.650273814046135000e+15,2.745184545640619866e-01
1.650273814048025750e+15,2.750057281454296176e-01
1.650273814049916250e+15,2.754929372981867464e-01
1.650273814051807000e+15,2.759802108795543774e-01
1.650273814053697500e+15,2.748071281249290232e-01
1.650273814055588250e+15,2.729887117144615960e-01
1.650273814057479000e+15,2.711702953039942243e-01
1.650273814059369500e+15,2.699806186678720410e-01
1.650273814061260250e+15,2.699806186678722075e-01
1.650273814063150750e+15,2.699806186678724296e-01
1.650273814065041500e+15,2.699806186678726516e-01
1.650273814066932000e+15,2.699806186678728737e-01
1.650273814068822750e+15,2.699806186678730957e-01
1.650273814070713500e+15,2.699806186678733178e-01
1.650273814072604000e+15,2.699806186678735398e-01
1.650273814074494750e+15,2.699806186678737063e-01
1.650273814076385250e+15,2.699806186678737063e-01
1.650273814078276000e+15,2.699806186678737063e-01
1.650273814080166500e+15,2.699806186678737618e-01
1.650273814082057250e+15,2.699806186678737063e-01
1.650273814083947750e+15,2.699806186678737063e-01
1.650273814085838500e+15,2.699806186678737063e-01
1.650273814087729250e+15,2.699806186678737063e-01
1.650273814089619750e+15,2.699806186678737063e-01
1.650273814091510500e+15,2.699806186678737063e-01
1.650273814093401000e+15,2.699806186678737063e-01
1.650273814095291750e+15,2.699806186678736508e-01
1.650273814097182250e+15,2.699806186678735398e-01
1.650273814099073000e+15,2.699806186678734288e-01
1.650273814100963750e+15,2.699806186678733733e-01
1.650273814102854250e+15,2.699806186678732067e-01
1.650273814104745000e+15,2.699806186678730957e-01
1.650273814106635500e+15,2.699806186678729847e-01
1.650273814108526250e+15,2.699806186678729292e-01
1.650273814110416750e+15,2.699806186678728182e-01
1.650273814112307500e+15,2.699806186678728737e-01
1.650273814114198000e+15,2.699806186678728182e-01
1.650273814116088750e+15,2.699806186678728182e-01
1.650273814117979500e+15,2.699806186678728182e-01
1.650273814119870000e+15,2.699806186678728182e-01
1.650273814121760750e+15,2.699806186678728737e-01
1.650273814123651250e+15,2.699806186678728182e-01
1.650273814125542000e+15,2.699806186678728182e-01
1.650273814127432500e+15,2.699806186678726516e-01
1.650273814129323250e+15,2.699806186678724851e-01
1.650273814131214000e+15,2.699806186678722630e-01
1.650273814133104500e+15,2.699806186678720410e-01
1.650273814134995250e+15,2.699806186678718745e-01
1.650273814136885750e+15,2.699806186678716524e-01
1.650273814138776500e+15,2.699806186678714304e-01
1.650273814140667000e+15,2.699806186678712638e-01
1.650273814142557750e+15,2.699806186678710418e-01
1.650273814144448250e+15,2.699806186678711528e-01
1.650273814146339000e+15,2.699806186678713193e-01
1.650273814148229750e+15,2.699806186678714859e-01
1.650273814150120250e+15,2.699806186678715969e-01
1.650273814152011000e+15,2.699806186678717634e-01
1.650273814153901500e+15,2.699806186678719300e-01
1.650273814155792250e+15,2.699806186678720410e-01
1.650273814157682750e+15,2.699806186678722075e-01
1.650273814159573500e+15,2.699806186678723741e-01
1.650273814161464250e+15,2.699806186678724851e-01
1.650273814163354750e+15,2.699806186678726516e-01
1.650273814165245500e+15,2.699806186678727626e-01
1.650273814167136000e+15,2.699806186678727071e-01
1.650273814169026750e+15,2.699806186678725406e-01
1.650273814170917250e+15,2.699806186678723741e-01
1.650273814172808000e+15,2.699806186678722630e-01
1.650273814174698500e+15,2.699806186678720965e-01
1.650273814176589250e+15,2.699806186678719300e-01
1.650273814178480000e+15,2.699806186678720410e-01
1.650273814180370500e+15,2.699806186678720965e-01
1.650273814182261250e+15,2.699806186678722075e-01
1.650273814184151750e+15,2.699806186678722630e-01
1.650273814186042500e+15,2.699806186678723741e-01
1.650273814187933000e+15,2.699806186678724851e-01
1.650273814189823750e+15,2.699806186678725406e-01
1.650273814191714500e+15,2.699806186678726516e-01
1.650273814193605000e+15,2.699806186678727626e-01
1.650273814195495750e+15,2.699806186678727626e-01
1.650273814197386250e+15,2.699806186678726516e-01
1.650273814199277000e+15,2.699806186678724851e-01
1.650273814201167500e+15,2.699806186678723741e-01
1.650273814203058250e+15,2.699806186678722075e-01
1.650273814204948750e+15,2.699806186678720965e-01
1.650273814206839500e+15,2.699806186678719855e-01
1.650273814208730250e+15,2.699806186678719300e-01
1.650273814210620750e+15,2.699806186678719300e-01
1.650273814212511500e+15,2.699806186678719300e-01
1.650273814214402000e+15,2.699806186678719300e-01
1.650273814216292750e+15,2.699806186678719300e-01
1.650273814218183250e+15,2.699806186678719300e-01
1.650273814220074000e+15,2.699806186678719300e-01
1.650273814221964750e+15,2.697462296057624442e-01
1.650273814223855250e+15,2.690735730260007119e-01
1.650273814225746000e+15,2.684008274940332672e-01
1.650273814227636500e+15,2.677281709142715349e-01
1.650273814229527250e+15,2.670554253823040902e-01
1.650273814231417750e+15,2.663827688025423579e-01
1.650273814233308500e+15,2.657100232705749132e-01
1.650273814235199000e+15,2.650373666908132364e-01
1.650273814237089750e+15,2.643646211588457917e-01
1.650273814238980500e+15,2.638446955163296082e-01
1.650273814240871000e+15,2.638446955163296082e-01
1.650273814242761750e+15,2.638446955163296082e-01
1.650273814244652250e+15,2.638446955163296082e-01
1.650273814246543000e+15,2.638446955163296082e-01
1.650273814248433500e+15,2.638446955163296082e-01
1.650273814250324250e+15,2.638446955163296082e-01
1.650273814252215000e+15,2.638446955163296082e-01
1.650273814254105500e+15,2.638446955163296082e-01
1.650273814255996250e+15,2.638446955163296082e-01
1.650273814257886750e+15,2.638446955163296082e-01
1.650273814259777500e+15,2.638446955163296082e-01
1.650273814261668000e+15,2.638446955163296082e-01
1.650273814263558750e+15,2.638446955163296082e-01
1.650273814265449250e+15,2.638446955163296082e-01
1.650273814267340000e+15,2.624162033786138215e-01
1.650273814269230750e+15,2.603385714483167357e-01
1.650273814271121250e+15,2.582612142280462098e-01
1.650273814273012000e+15,2.561835822977491794e-01
1.650273814274902500e+15,2.541062250774786535e-01
1.650273814276793250e+15,2.520285931471815677e-01
1.650273814278683750e+15,2.498672382524445845e-01
1.650273814280574500e+15,2.476819874144752243e-01
1.650273814282465250e+15,2.454967365765058362e-01
1.650273814284355750e+15,2.433117746782214597e-01
1.650273814286246500e+15,2.411265238402520716e-01
1.650273814288137000e+15,2.393010029101594049e-01
1.650273814290027750e+15,2.393010029101594049e-01
1.650273814291918250e+15,2.393010029101594327e-01
1.650273814293809000e+15,2.393010029101594327e-01
1.650273814295699500e+15,2.393010029101594049e-01
1.650273814297590250e+15,2.393010029101594327e-01
1.650273814299481000e+15,2.393010029101594049e-01
1.650273814301371500e+15,2.393010029101594327e-01
1.650273814303262250e+15,2.393010029101594327e-01
1.650273814305152750e+15,2.393010029101594327e-01
1.650273814307043500e+15,2.393010029101594605e-01
1.650273814308934000e+15,2.393010029101595437e-01
1.650273814310824750e+15,2.393010029101595992e-01
1.650273814312715500e+15,2.393010029101597103e-01
1.650273814314606000e+15,2.393010029101597658e-01
1.650273814316496750e+15,2.393010029101598768e-01
1.650273814318387250e+15,2.393010029101599323e-01
1.650273814320278000e+15,2.393010029101599878e-01
1.650273814322168500e+15,2.393010029101600988e-01
1.650273814324059250e+15,2.393010029101601543e-01
1.650273814325949750e+15,2.393010029101602654e-01
1.650273814327840500e+15,2.393010029101603209e-01
1.650273814329731250e+15,2.393010029101602931e-01
1.650273814331621750e+15,2.393010029101603209e-01
1.650273814333512500e+15,2.393010029101603209e-01
1.650273814335403000e+15,2.393010029101603209e-01
1.650273814337293750e+15,2.393010029101603209e-01
1.650273814339184250e+15,2.393010029101603209e-01
1.650273814341075000e+15,2.393010029101603209e-01
1.650273814342965750e+15,2.393010029101602099e-01
1.650273814344856250e+15,2.393010029101600433e-01
1.650273814346747000e+15,2.393010029101599323e-01
1.650273814348637500e+15,2.393010029101597103e-01
1.650273814350528250e+15,2.393010029101595992e-01
1.650273814352418750e+15,2.393010029101593772e-01
1.650273814354309500e+15,2.393010029101592384e-01
1.650273814356200000e+15,2.393010029101590719e-01
1.650273814358090750e+15,2.393010029101589331e-01
1.650273814359981500e+15,2.393010029101587388e-01
1.650273814361872000e+15,2.393010029101586000e-01
1.650273814363762750e+15,2.388871751648852515e-01
1.650273814365653250e+15,2.383449181193547095e-01
1.650273814367544000e+15,2.378025893656721679e-01
1.650273814369434500e+15,2.372603323201416536e-01
1.650273814371325250e+15,2.367180035664591120e-01
1.650273814373216000e+15,2.361756748127765704e-01
1.650273814375106500e+15,2.356334177672460284e-01
1.650273814376997250e+15,2.350910890135634868e-01
1.650273814378887750e+15,2.345488319680329448e-01
1.650273814380778500e+15,2.340065032143504031e-01
1.650273814382669000e+15,2.334642461688198889e-01
1.650273814384559750e+15,2.335313471048866274e-01
1.650273814386450250e+15,2.343481308478799208e-01
1.650273814388341000e+15,2.351650226024763757e-01
1.650273814390231750e+15,2.359819143570728306e-01
1.650273814392122250e+15,2.367986981000660962e-01
1.650273814394013000e+15,2.376155898546625234e-01
1.650273814395903500e+15,2.384323735976558445e-01
1.650273814397794250e+15,2.392492653522522716e-01
1.650273814399684750e+15,2.393010029101593494e-01
1.650273814401575500e+15,2.393010029101592662e-01
1.650273814403466250e+15,2.393010029101591551e-01
1.650273814405356750e+15,2.393010029101590719e-01
1.650273814407247500e+15,2.393010029101590164e-01
1.650273814409138000e+15,2.393010029101589331e-01
1.650273814411028750e+15,2.393010029101588221e-01
1.650273814412919250e+15,2.393010029101587388e-01
1.650273814414810000e+15,2.393010029101586555e-01
1.650273814416700500e+15,2.393010029101585445e-01
1.650273814418591250e+15,2.386663311574011570e-01
1.650273814420482000e+15,2.377553380911448522e-01
1.650273814422372500e+15,2.368444654788177672e-01
1.650273814424263250e+15,2.359334724125615179e-01
1.650273814426153750e+15,2.350225998002343775e-01
1.650273814428044500e+15,2.341116067339781281e-01
1.650273814429935000e+15,2.332007341216510155e-01
1.650273814431825750e+15,2.323725702757831468e-01
1.650273814433716500e+15,2.315477802360574322e-01
1.650273814435607000e+15,2.307230992522671387e-01
1.650273814437497750e+15,2.298983092125414240e-01
1.650273814439388250e+15,2.290736282287511305e-01
1.650273814441279000e+15,2.282488381890254159e-01
1.650273814443169500e+15,2.274241572052351223e-01
1.650273814445060250e+15,2.281865067142936077e-01
1.650273814446950750e+15,2.304072328017812421e-01
1.650273814448841500e+15,2.326282525584155714e-01
1.650273814450732250e+15,2.348492723150499284e-01
1.650273814452622750e+15,2.370699984025375628e-01
1.650273814454513500e+15,2.392910181591718921e-01
1.650273814456404000e+15,2.383288425051258708e-01
1.650273814458294750e+15,2.373521622257321884e-01
1.650273814460185250e+15,2.363756110856058967e-01
1.650273814462076000e+15,2.353989308062122421e-01
1.650273814463966750e+15,2.344222505268185319e-01
1.650273814465857250e+15,2.334456993866922958e-01
1.650273814467748000e+15,2.324690191072986134e-01
1.650273814469638500e+15,2.314924679671723495e-01
1.650273814471529250e+15,2.305157876877786394e-01
1.650273814473419750e+15,2.295392365476524033e-01
1.650273814475310500e+15,2.285625562682586931e-01
1.650273814477201000e+15,2.275860051281324292e-01
1.650273814479091750e+15,2.274338775567126547e-01
1.650273814480982500e+15,2.283754046382561187e-01
1.650273814482873000e+15,2.293168072285816095e-01
1.650273814484763750e+15,2.302583343101251012e-01
1.650273814486654250e+15,2.311997369004505920e-01
1.650273814488545000e+15,2.321412639819940837e-01
1.650273814490435500e+15,2.330826665723195468e-01
1.650273814492326250e+15,2.321390061502832947e-01
1.650273814494217000e+15,2.310145032231941398e-01
1.650273814496107500e+15,2.298901489808765353e-01
1.650273814497998250e+15,2.287656460537874081e-01
1.650273814499888750e+15,2.276412918114698036e-01
1.650273814501779500e+15,2.265167888843806487e-01
1.650273814503670000e+15,2.253924346420630720e-01
1.650273814505560750e+15,2.242679317149738893e-01
1.650273814507451250e+15,2.231435774726563126e-01
1.650273814509342000e+15,2.220190745455671577e-01
1.650273814511232750e+15,2.208945716184780306e-01
1.650273814513123250e+15,2.208932334555342158e-01
1.650273814515014000e+15,2.208932334555342436e-01
1.650273814516904500e+15,2.208932334555342436e-01
1.650273814518795250e+15,2.208932334555342436e-01
1.650273814520685750e+15,2.208932334555342436e-01
1.650273814522576500e+15,2.208932334555342436e-01
1.650273814524467250e+15,2.208932334555342158e-01
1.650273814526357750e+15,2.208932334555342436e-01
1.650273814528248500e+15,2.208932334555342158e-01
1.650273814530139000e+15,2.208932334555342158e-01
1.650273814532029750e+15,2.209908030556692882e-01
1.650273814533920250e+15,2.218115164218775748e-01
1.650273814535811000e+15,2.226323383193428984e-01
1.650273814537701500e+15,2.234530516855511850e-01
1.650273814539592250e+15,2.242738735830165364e-01
1.650273814541483000e+15,2.250946954804818601e-01
1.650273814543373500e+15,2.259154088466901467e-01
1.650273814545264250e+15,2.267362307441554703e-01
1.650273814547154750e+15,2.273915794109171995e-01
1.650273814549045500e+15,2.279552240059121160e-01
1.650273814550936000e+15,2.285187940743177437e-01
1.650273814552826750e+15,2.290824386693126324e-01
1.650273814554717500e+15,2.296460832643075489e-01
1.650273814556608000e+15,2.302096533327131489e-01
1.650273814558498750e+15,2.307732979277080654e-01
1.650273814560389250e+15,2.313368679961136376e-01
1.650273814562280000e+15,2.319005125911086096e-01
1.650273814564170500e+15,2.324640826595141818e-01
1.650273814566061250e+15,2.330277272545090983e-01
1.650273814567951750e+15,2.316505633795210850e-01
1.650273814569842500e+15,2.296477154384282682e-01
1.650273814571733250e+15,2.276448674973353681e-01
1.650273814573623750e+15,2.256422843781308307e-01
1.650273814575514500e+15,2.236394364370379861e-01
1.650273814577405000e+15,2.216368533178333933e-01
1.650273814579295750e+15,2.205078742709164208e-01
1.650273814581186250e+15,2.198950275508196883e-01
1.650273814583077000e+15,2.192820997877819034e-01
1.650273814584967750e+15,2.186691720247441739e-01
1.650273814586858250e+15,2.180563253046474415e-01
1.650273814588749000e+15,2.174433975416096843e-01
1.650273814590639500e+15,2.168305508215129795e-01
1.650273814592530250e+15,2.162176230584751946e-01
1.650273814594420750e+15,2.156047763383784899e-01
1.650273814596311500e+15,2.149918485753407327e-01
1.650273814598202000e+15,2.154375252102161131e-01
1.650273814600092750e+15,2.165395957620142031e-01
1.650273814601983500e+15,2.176416663138123209e-01
1.650273814603874000e+15,2.187435911469072791e-01
1.650273814605764750e+15,2.198456616987053691e-01
1.650273814607655250e+15,2.208932334555315791e-01
1.650273814609546000e+15,2.208932334555315791e-01
1.650273814611436500e+15,2.208932334555315791e-01
1.650273814613327250e+15,2.208932334555315791e-01
1.650273814615218000e+15,2.208932334555316068e-01
1.650273814617108500e+15,2.208932334555315791e-01
1.650273814618999250e+15,2.208932334555316068e-01
1.650273814620889750e+15,2.208932334555315791e-01
1.650273814622780500e+15,2.195624760529398256e-01
1.650273814624671000e+15,2.169377531842912599e-01
1.650273814626561750e+15,2.143126832219017786e-01
1.650273814628452250e+15,2.116879603532531573e-01
1.650273814630343000e+15,2.090628903908636760e-01
1.650273814632233750e+15,2.081976091295844045e-01
1.650273814634124250e+15,2.076882132610622378e-01
1.650273814636015000e+15,2.071787500299548945e-01
1.650273814637905500e+15,2.066693541614327279e-01
1.650273814639796250e+15,2.061598909303254401e-01
1.650273814641686750e+15,2.056504950618032457e-01
1.650273814643577500e+15,2.051410318306959302e-01
1.650273814645468250e+15,2.046315685995886424e-01
1.650273814647358750e+15,2.041221727310664480e-01
1.650273814649249500e+15,2.036127094999591602e-01
1.650273814651140000e+15,2.031033136314369658e-01
1.650273814653030750e+15,2.025938504003296781e-01
1.650273814654921250e+15,2.024854640009045859e-01
1.650273814656812000e+15,2.024854640009046136e-01
1.650273814658702500e+15,2.024854640009046136e-01
1.650273814660593250e+15,2.024854640009046136e-01
1.650273814662484000e+15,2.024854640009046136e-01
1.650273814664374500e+15,2.024854640009046136e-01
1.650273814666265250e+15,2.024854640009046414e-01
1.650273814668155750e+15,2.004385715166802640e-01
1.650273814670046500e+15,1.979299589971228734e-01
1.650273814671937000e+15,1.954216781729931629e-01
1.650273814673827750e+15,1.929130656534357724e-01
1.650273814675718500e+15,1.904044531338783819e-01
1.650273814677609000e+15,1.878961723097486713e-01
1.650273814679499750e+15,1.853875597901912808e-01
1.650273814681390250e+15,1.845870711913410456e-01
1.650273814683281000e+15,1.856533362250049612e-01
1.650273814685171500e+15,1.867194602742667242e-01
1.650273814687062250e+15,1.877857253079306399e-01
1.650273814688952750e+15,1.888518493571923473e-01
1.650273814690843500e+15,1.899181143908563185e-01
1.650273814692734250e+15,1.909843794245202064e-01
1.650273814694624750e+15,1.920505034737819972e-01
1.650273814696515500e+15,1.931167685074459128e-01
1.650273814698406000e+15,1.941828925567076480e-01
1.650273814700296750e+15,1.952491575903715360e-01
1.650273814702187250e+15,1.963152816396333267e-01
1.650273814704078000e+15,1.963495408493622918e-01
1.650273814705968750e+15,1.963495408493622918e-01
1.650273814707859250e+15,1.963495408493623196e-01
1.650273814709750000e+15,1.963495408493622918e-01
1.650273814711640500e+15,1.963495408493622918e-01
1.650273814713531250e+15,1.963495408493622918e-01
1.650273814715421750e+15,1.963495408493622363e-01
1.650273814717312500e+15,1.963495408493621530e-01
1.650273814719203000e+15,1.963495408493620697e-01
1.650273814721093750e+15,1.963495408493619587e-01
1.650273814722984500e+15,1.963495408493618755e-01
1.650273814724875000e+15,1.963495408493617922e-01
1.650273814726765750e+15,1.963495408493616812e-01
1.650273814728656250e+15,1.963495408493616257e-01
1.650273814730547000e+15,1.963495408493615146e-01
1.650273814732437500e+15,1.963495408493614314e-01
1.650273814734328250e+15,1.951367519585110177e-01
1.650273814736219000e+15,1.935588537335838355e-01
1.650273814738109500e+15,1.919811641425618887e-01
1.650273814740000250e+15,1.904032659176347342e-01
1.650273814741890750e+15,1.888255763266127318e-01
1.650273814743781500e+15,1.872476781016855774e-01
1.650273814745672000e+15,1.856699885106636028e-01
1.650273814747562750e+15,1.840920902857364205e-01
1.650273814749453250e+15,1.846421277638992109e-01
1.650273814751344000e+15,1.852118339463180996e-01
1.650273814753234750e+15,1.857815401287369605e-01
1.650273814755125250e+15,1.863511709830873442e-01
1.650273814757016000e+15,1.869208771655062606e-01
1.650273814758906500e+15,1.874905080198566165e-01
1.650273814760797250e+15,1.880602142022755330e-01
1.650273814762687750e+15,1.886298450566258889e-01
1.650273814764578500e+15,1.891995512390448331e-01
1.650273814766469250e+15,1.897692574214637218e-01
1.650273814768359750e+15,1.900837358155208212e-01
1.650273814770250500e+15,1.894930583195285623e-01
1.650273814772141000e+15,1.889024589244878150e-01
1.650273814774031750e+15,1.883117814284955560e-01
1.650273814775922250e+15,1.877211820334547809e-01
1.650273814777813000e+15,1.871305045374625498e-01
1.650273814779703750e+15,1.865398270414703186e-01
1.650273814781594250e+15,1.859492276464295435e-01
1.650273814783485000e+15,1.853585501504372846e-01
1.650273814785375500e+15,1.847679507553965372e-01
1.650273814787266250e+15,1.841772732594042783e-01
1.650273814789156750e+15,1.834088453047586498e-01
1.650273814791047500e+15,1.826042474339785171e-01
1.650273814792938000e+15,1.817997559492714743e-01
1.650273814794828750e+15,1.809951580784913694e-01
1.650273814796719500e+15,1.801905602077112367e-01
1.650273814798610000e+15,1.793860687230041662e-01
1.650273814800500750e+15,1.785814708522240613e-01
1.650273814802391250e+15,1.777605667702819303e-01
1.650273814804282000e+15,1.768758343140342804e-01
1.650273814806172500e+15,1.759912188394680277e-01
1.650273814808063250e+15,1.751064863832204055e-01
1.650273814809954000e+15,1.742217539269727555e-01
1.650273814811844500e+15,1.733371384524065029e-01
1.650273814813735250e+15,1.724524059961588529e-01
1.650273814815625750e+15,1.714015416892042676e-01
1.650273814817516500e+15,1.698989517787291015e-01
1.650273814819407000e+15,1.683965605446932634e-01
1.650273814821297750e+15,1.668939706342181251e-01
1.650273814823188250e+15,1.658436745527087364e-01
1.650273814825079000e+15,1.667816239988058613e-01
1.650273814826969750e+15,1.677195734449029862e-01
1.650273814828860250e+15,1.686573988728266027e-01
1.650273814830751000e+15,1.695953483189237276e-01
1.650273814832641500e+15,1.705331737468473718e-01
1.650273814834532250e+15,1.714711231929444968e-01
1.650273814836422750e+15,1.724084127481581019e-01
1.650273814838313500e+15,1.733455287981404969e-01
1.650273814840204250e+15,1.742826448481228918e-01
1.650273814842094750e+15,1.752196369901256601e-01
1.650273814843985500e+15,1.761567530401080273e-01
1.650273814845876000e+15,1.770937451821107955e-01
1.650273814847766750e+15,1.778262992504135165e-01
1.650273814849657250e+15,1.766118342220942272e-01
1.650273814851548000e+15,1.753972085927397451e-01
1.650273814853438500e+15,1.741827435644204558e-01
1.650273814855329250e+15,1.729681179350659459e-01
1.650273814857220000e+15,1.717534923057114638e-01
1.650273814859110500e+15,1.705390272773921745e-01
1.650273814861001250e+15,1.693244016480376646e-01
1.650273814862891750e+15,1.681099366197184031e-01
1.650273814864782500e+15,1.668953109903638932e-01
1.650273814866673000e+15,1.656808459620446317e-01
1.650273814868563750e+15,1.634892062256730338e-01
1.650273814870454500e+15,1.612887023186173607e-01
1.650273814872345000e+15,1.590884893680481194e-01
1.650273814874235750e+15,1.568879854609924462e-01
1.650273814876126250e+15,1.546877725104232049e-01
1.650273814878017000e+15,1.524872686033675317e-01
1.650273814879907500e+15,1.502870556527982904e-01
1.650273814881798250e+15,1.480865517457425895e-01
1.650273814883688750e+15,1.458863387951733759e-01
1.650273814885579500e+15,1.436858348881176750e-01
1.650273814887470250e+15,1.414853309810620019e-01
1.650273814889360750e+15,1.392851180304927605e-01
1.650273814891251500e+15,1.370846141234370874e-01
1.650273814893142000e+15,1.351574606606220363e-01
1.650273814895032750e+15,1.386304427587448096e-01
1.650273814896923250e+15,1.421029656499261107e-01
1.650273814898814000e+15,1.455759477480488839e-01
1.650273814900704750e+15,1.490489298461716294e-01
1.650273814902595250e+15,1.525214527373529305e-01
1.650273814904486000e+15,1.559944348354757038e-01
1.650273814906376500e+15,1.594669577266570326e-01
1.650273814908267250e+15,1.575513923611551181e-01
1.650273814910157750e+15,1.555300233931036502e-01
1.650273814912048500e+15,1.535083871189204807e-01
1.650273814913939000e+15,1.514870181508690128e-01
1.650273814915829750e+15,1.494653818766858433e-01
1.650273814917720500e+15,1.474437456025026738e-01
1.650273814919611000e+15,1.454223766344511781e-01
1.650273814921501750e+15,1.434007403602680086e-01
1.650273814923392250e+15,1.413793713922165407e-01
1.650273814925283000e+15,1.431814809449068193e-01
1.650273814927173500e+15,1.455306025969909101e-01
1.650273814929064250e+15,1.478800348972702239e-01
1.650273814930955000e+15,1.502294671975495377e-01
1.650273814932845500e+15,1.525785888496336284e-01
1.650273814934736250e+15,1.549280211499129145e-01
1.650273814936626750e+15,1.572771428019970330e-01
1.650273814938517500e+15,1.594152061306506329e-01
1.650273814940408000e+15,1.564006628047693026e-01
1.650273814942298750e+15,1.533857208352321089e-01
1.650273814944189250e+15,1.503711775093507508e-01
1.650273814946080000e+15,1.473562355398135570e-01
1.650273814947970750e+15,1.443412935702763356e-01
1.650273814949861250e+15,1.413267502443950052e-01
1.650273814951752000e+15,1.411262324854794525e-01
1.650273814953642500e+15,1.411262324854792860e-01
1.650273814955533250e+15,1.411262324854791195e-01
1.650273814957423750e+15,1.411262324854789252e-01
1.650273814959314500e+15,1.411262324854787586e-01
1.650273814961205250e+15,1.388975467598988767e-01
1.650273814963095750e+15,1.362695533937933190e-01
1.650273814964986500e+15,1.336412125014557750e-01
1.650273814966877000e+15,1.310132191353502451e-01
1.650273814968767750e+15,1.291106027917086341e-01
1.650273814970658250e+15,1.305447330653057847e-01
1.650273814972549000e+15,1.319790529885027375e-01
1.650273814974439500e+15,1.334131832620999436e-01
1.650273814976330250e+15,1.348475031852968964e-01
1.650273814978221000e+15,1.362818231084938492e-01
1.650273814980111500e+15,1.377159533820910275e-01
1.650273814982002250e+15,1.391502733052880081e-01
1.650273814983892750e+15,1.405844035788851865e-01
1.650273814985783500e+15,1.407189135446800521e-01
1.650273814987674000e+15,1.400643989186013683e-01
1.650273814989564750e+15,1.394097977394115895e-01
1.650273814991455500e+15,1.387551965602218385e-01
1.650273814993346000e+15,1.381006819341431546e-01
1.650273814995236750e+15,1.374460807549533758e-01
1.650273814997127250e+15,1.367915661288746920e-01
1.650273814999018000e+15,1.361369649496849132e-01
1.650273815000908500e+15,1.354824503236062572e-01
1.650273815002799250e+15,1.349903093339364368e-01
1.650273815004689750e+15,1.349903093339364091e-01
1.650273815006580500e+15,1.349903093339364091e-01
1.650273815008471250e+15,1.349903093339364091e-01
1.650273815010361750e+15,1.349903093339364091e-01
1.650273815012252500e+15,1.349903093339364091e-01
1.650273815014143000e+15,1.349903093339364091e-01
1.650273815016033750e+15,1.349903093339364091e-01
1.650273815017924250e+15,1.349903093339364091e-01
1.650273815019815000e+15,1.349903093339364091e-01
1.650273815021705750e+15,1.349903093339364091e-01
1.650273815023596250e+15,1.349903093339364091e-01
1.650273815025487000e+15,1.349903093339364091e-01
1.650273815027377500e+15,1.349903093339364091e-01
1.650273815029268250e+15,1.349903093339364091e-01
1.650273815031158750e+15,1.349903093339364091e-01
1.650273815033049500e+15,1.349903093339364091e-01
1.650273815034940000e+15,1.349903093339364091e-01
1.650273815036830750e+15,1.349903093339364091e-01
1.650273815038721500e+15,1.349903093339364091e-01
1.650273815040612000e+15,1.349903093339364091e-01
1.650273815042502750e+15,1.349903093339364091e-01
1.650273815044393250e+15,1.349903093339364091e-01
1.650273815046284000e+15,1.349903093339364091e-01
1.650273815048174500e+15,1.349903093339364091e-01
1.650273815050065250e+15,1.349903093339364091e-01
1.650273815051956000e+15,1.341932385540584860e-01
1.650273815053846500e+15,1.329944618560797986e-01
1.650273815055737250e+15,1.317955266316930274e-01
1.650273815057627750e+15,1.305967499337143400e-01
1.650273815059518500e+15,1.293978147093275688e-01
1.650273815061409000e+15,1.281990380113488537e-01
1.650273815063299750e+15,1.270001027869621102e-01
1.650273815065190250e+15,1.258013260889834228e-01
1.650273815067081000e+15,1.246023908645966516e-01
1.650273815068971750e+15,1.234034556402098665e-01
1.650273815070862250e+15,1.227184630308516960e-01
1.650273815072753000e+15,1.227184630308515711e-01
1.650273815074643500e+15,1.227184630308514324e-01
1.650273815076534250e+15,1.227184630308513213e-01
1.650273815078424750e+15,1.227184630308511964e-01
1.650273815080315500e+15,1.227184630308510715e-01
1.650273815082206250e+15,1.227184630308509328e-01
1.650273815084096750e+15,1.221090886078776139e-01
1.650273815085987500e+15,1.209098435490832124e-01
1.650273815087878000e+15,1.197107570576640412e-01
1.650273815089768750e+15,1.185115119988696397e-01
1.650273815091659250e+15,1.173124255074504685e-01
1.650273815093550000e+15,1.161001662330605061e-01
1.650273815095440500e+15,1.148678319381502000e-01
1.650273815097331250e+15,1.136353346791701968e-01
1.650273815099222000e+15,1.124028374201901936e-01
1.650273815101112500e+15,1.111705031252799014e-01
1.650273815103003250e+15,1.104466167277671218e-01
1.650273815104893750e+15,1.104466167277671218e-01
1.650273815106784500e+15,1.104466167277671079e-01
1.650273815108675000e+15,1.104466167277671218e-01
1.650273815110565750e+15,1.104466167277671079e-01
1.650273815112456500e+15,1.104466167277671079e-01
1.650273815114347000e+15,1.104466167277670663e-01
1.650273815116237750e+15,1.104466167277669553e-01
1.650273815118128250e+15,1.104466167277668581e-01
1.650273815120019000e+15,1.104466167277667610e-01
1.650273815121909500e+15,1.104466167277666500e-01
1.650273815123800250e+15,1.104466167277665389e-01
1.650273815125690750e+15,1.104466167277664279e-01
1.650273815127581500e+15,1.104466167277663169e-01
1.650273815129472250e+15,1.092738710656662726e-01
1.650273815131362750e+15,1.030852439220515671e-01
1.650273815133253500e+15,9.689579839346676438e-02
1.650273815135144000e+15,9.070717124985205881e-02
1.650273815137034750e+15,8.451772572126727001e-02
1.650273815138925250e+15,8.001409739401023347e-02
1.650273815140816000e+15,8.107772303680459147e-02
1.650273815142706750e+15,8.214134867959896336e-02
1.650273815144597250e+15,8.320483368697842441e-02
1.650273815146488000e+15,8.426845932977278242e-02
1.650273815148378500e+15,8.533194433715227123e-02
1.650273815150269250e+15,8.639556997994661536e-02
1.650273815152159750e+15,8.745905498732609029e-02
1.650273815154050500e+15,8.852268063012044830e-02
1.650273815155941000e+15,8.958616563749993711e-02
1.650273815157831750e+15,9.064979128029429511e-02
1.650273815159722500e+15,9.171341692308863924e-02
1.650273815161613000e+15,9.203884727313837999e-02
1.650273815163503750e+15,9.203884727313837999e-02
1.650273815165394250e+15,9.203884727313837999e-02
1.650273815167285000e+15,9.203884727313837999e-02
1.650273815169175500e+15,9.203884727313837999e-02
1.650273815171066250e+15,9.203884727313837999e-02
1.650273815172957000e+15,9.244754062436624786e-02
1.650273815174847500e+15,9.331762483663677554e-02
1.650273815176738250e+15,9.418782410897240387e-02
1.650273815178628750e+15,9.505790832124294543e-02
1.650273815180519500e+15,9.592810759357857375e-02
1.650273815182410000e+15,9.679819180584910143e-02
1.650273815184300750e+15,9.766839107818474364e-02
1.650273815186191250e+15,9.863820474280231287e-02
1.650273815188082000e+15,9.974701643149376518e-02
1.650273815189972750e+15,1.008558281201852036e-01
1.650273815191863250e+15,1.019644931988424458e-01
1.650273815193754000e+15,1.030733048875338981e-01
1.650273815195644500e+15,1.041819699661911541e-01
1.650273815197535250e+15,1.033024680755824654e-01
1.650273815199425750e+15,1.021619742482311050e-01
1.650273815201316500e+15,1.010213296018070972e-01
1.650273815203207250e+15,9.988068495538307556e-02
1.650273815205097750e+15,9.874019112803171516e-02
1.650273815206988500e+15,9.759954648160770740e-02
1.650273815208879000e+15,9.645905265425633313e-02
1.650273815210769750e+15,9.531840800783232537e-02
1.650273815212660250e+15,9.417791418048096497e-02
1.650273815214551000e+15,9.303726953405694333e-02
1.650273815216441500e+15,9.190490123103714493e-02
1.650273815218332250e+15,9.082949367645995475e-02
1.650273815220223000e+15,8.975408612188277846e-02
1.650273815222113500e+15,8.867882076055622065e-02
1.650273815224004250e+15,8.760341320597904435e-02
1.650273815225894750e+15,8.652814784465250042e-02
1.650273815227785500e+15,8.548797340607604267e-02
1.650273815229676000e+15,8.449686244247447964e-02
1.650273815231566750e+15,8.350562041421231985e-02
1.650273815233457500e+15,8.251437838595017393e-02
1.650273815235348000e+15,8.152326742234862478e-02
1.650273815237238750e+15,8.053202539408646499e-02
1.650273815239129250e+15,7.987990436464698085e-02
1.650273815241020000e+15,8.037491211729358431e-02
1.650273815242910500e+15,8.086985441869695701e-02
1.650273815244801250e+15,8.136486217134357435e-02
1.650273815246691750e+15,8.185980447274693317e-02
1.650273815248582500e+15,8.235481222539355051e-02
1.650273815250473250e+15,8.284981997804016784e-02
1.650273815252363750e+15,8.334476227944354054e-02
1.650273815254254500e+15,8.383977003209014400e-02
1.650273815256145000e+15,8.433471233349351670e-02
1.650273815258035750e+15,8.482972008614013404e-02
1.650273815259926250e+15,8.532466238754349286e-02
1.650273815261817000e+15,8.581967014019009632e-02
1.650273815263707750e+15,8.638151334677815485e-02
1.650273815265598250e+15,8.695679417984661375e-02
1.650273815267489000e+15,8.753215108813765244e-02
1.650273815269379500e+15,8.810743192120609746e-02
1.650273815271270250e+15,8.868278882949713615e-02
1.650273815273160750e+15,8.925806966256558117e-02
1.650273815275051500e+15,8.983342657085660599e-02
1.650273815276942000e+15,9.040870740392506488e-02
1.650273815278832750e+15,9.098406431221611745e-02
1.650273815280723500e+15,9.155942122050714227e-02
1.650273815282614000e+15,9.203884727313837999e-02
1.650273815284504750e+15,9.203884727313836611e-02
1.650273815286395250e+15,9.203884727313836611e-02
1.650273815288286000e+15,9.203884727313837999e-02
1.650273815290176500e+15,9.203884727313837999e-02
1.650273815292067250e+15,9.203884727313836611e-02
1.650273815293958000e+15,9.203884727313837999e-02
1.650273815295848500e+15,9.145443460855784412e-02
1.650273815297739250e+15,8.835491638820530680e-02
1.650273815299629750e+15,8.525580799440579671e-02
1.650273815301520500e+15,8.215628977405328714e-02
1.650273815303411000e+15,7.976700097005286205e-02
1.650273815305301750e+15,7.976700097005286205e-02
1.650273815307192250e+15,7.976700097005286205e-02
1.650273815309083000e+15,7.976700097005284817e-02
1.650273815310973750e+15,7.976700097005284817e-02
1.650273815312864250e+15,7.976700097005284817e-02
1.650273815314755000e+15,7.976700097005286205e-02
1.650273815316645500e+15,7.976700097005284817e-02
1.650273815318536250e+15,7.976700097005284817e-02
1.650273815320426750e+15,7.976700097005284817e-02
1.650273815322317500e+15,7.976700097005286205e-02
1.650273815324208250e+15,7.976700097005286205e-02
1.650273815326098750e+15,7.976700097005286205e-02
1.650273815327989500e+15,7.976700097005284817e-02
1.650273815329880000e+15,7.976700097005284817e-02
1.650273815331770750e+15,7.976700097005286205e-02
1.650273815333661250e+15,7.976700097005286205e-02
1.650273815335552000e+15,7.976700097005295920e-02
1.650273815337442500e+15,7.976700097005309797e-02
1.650273815339333250e+15,7.976700097005326451e-02
1.650273815341224000e+15,7.976700097005341716e-02
1.650273815343114500e+15,7.976700097005358370e-02
1.650273815345005250e+15,7.976700097005372248e-02
1.650273815346895750e+15,7.976700097005366696e-02
1.650273815348786500e+15,7.976700097005359757e-02
1.650273815350677000e+15,7.976700097005351431e-02
1.650273815352567750e+15,7.976700097005343104e-02
1.650273815354458500e+15,7.976700097005337553e-02
1.650273815356349000e+15,7.976700097005329226e-02
1.650273815358239750e+15,7.976700097005320900e-02
1.650273815360130250e+15,7.976700097005315349e-02
1.650273815362021000e+15,7.976700097005307022e-02
1.650273815363911500e+15,7.976700097005300083e-02
1.650273815365802250e+15,7.976700097005293144e-02
1.650273815367692750e+15,7.976700097005284817e-02
1.650273815369583500e+15,7.976700097005284817e-02
1.650273815371474250e+15,7.976700097005283430e-02
1.650273815373364750e+15,7.976700097005284817e-02
1.650273815375255500e+15,7.976700097005284817e-02
1.650273815377146000e+15,7.976700097005284817e-02
1.650273815379036750e+15,7.976700097005284817e-02
1.650273815380927250e+15,7.976700097005284817e-02
1.650273815382818000e+15,7.976700097005284817e-02
1.650273815384708750e+15,7.976700097005283430e-02
1.650273815386599250e+15,7.976700097005284817e-02
1.650273815388490000e+15,7.976700097005284817e-02
1.650273815390380500e+15,7.976700097005283430e-02
1.650273815392271250e+15,7.742723858652783564e-02
1.650273815394161750e+15,7.355477565279697205e-02
1.650273815396052500e+15,6.968180062399420560e-02
1.650273815397943000e+15,6.580933769026336977e-02
1.650273815399833750e+15,6.193636266146061720e-02
1.650273815401724500e+15,5.806338763265786462e-02
1.650273815403615000e+15,5.546097400086306278e-02
1.650273815405505750e+15,5.635257380863886723e-02
1.650273815407396250e+15,5.724405572671377451e-02
1.650273815409287000e+15,5.813565553448957202e-02
1.650273815411177500e+15,5.902713745256449318e-02
1.650273815413068250e+15,5.991873726034029068e-02
1.650273815414959000e+15,6.081033706811609513e-02
1.650273815416849500e+15,6.100451295335094365e-02
1.650273815418740250e+15,6.008134141688397517e-02
1.650273815420630750e+15,5.915829194461592888e-02
1.650273815422521500e+15,5.823512040814896040e-02
1.650273815424412000e+15,5.731207093588092105e-02
1.650273815426302750e+15,5.638889939941395257e-02
1.650273815428193250e+15,5.546584992714591322e-02
1.650273815430084000e+15,5.384267613426091392e-02
1.650273815431974750e+15,5.197005749139337744e-02
1.650273815433865250e+15,5.009768645114953678e-02
1.650273815435756000e+15,4.822506780828200029e-02
1.650273815437646500e+15,4.635269676803814576e-02
1.650273815439537250e+15,4.448007812517061621e-02
1.650273815441427750e+15,4.260770708492675474e-02
1.650273815443318500e+15,4.073508844205922519e-02
1.650273815445209250e+15,3.886246979919169564e-02
1.650273815447099750e+15,3.699009875894784805e-02
1.650273815448990500e+15,3.856975605838361409e-02
1.650273815450881000e+15,4.050405032518226978e-02
1.650273815452771750e+15,4.243860038334126838e-02
1.650273815454662250e+15,4.437289465013992407e-02
1.650273815456553000e+15,4.630744470829890880e-02
1.650273815458443500e+15,4.824173897509757836e-02
1.650273815460334250e+15,4.908738521234121133e-02
1.650273815462225000e+15,4.908738521234121133e-02
1.650273815464115500e+15,4.908738521234121133e-02
1.650273815466006250e+15,4.908738521234121133e-02
1.650273815467896750e+15,4.908738521234120439e-02
1.650273815469787500e+15,4.875992863285626838e-02
1.650273815471678000e+15,4.707999196117030466e-02
1.650273815473568750e+15,4.539983313441006002e-02
1.650273815475459500e+15,4.371967430764981538e-02
1.650273815477350000e+15,4.203973763596384472e-02
1.650273815479240750e+15,4.035957880920360702e-02
1.650273815481131250e+15,3.867964213751763636e-02
1.650273815483022000e+15,3.699948331075739172e-02
1.650273815484912500e+15,3.771429269405765505e-02
1.650273815486803250e+15,3.872368902231090176e-02
1.650273815488693750e+15,3.973295188549363921e-02
1.650273815490584500e+15,4.074234821374688592e-02
1.650273815492475250e+15,4.175174454200012569e-02
1.650273815494365750e+15,4.276100740518286314e-02
1.650273815496256500e+15,4.377040373343610291e-02
1.650273815498147000e+15,4.477966659661884730e-02
1.650273815500037750e+15,4.578906292487208707e-02
1.650273815501928250e+15,4.679832578805483145e-02
1.650273815503819000e+15,4.780772211630807123e-02
1.650273815505709750e+15,4.881711844456131794e-02
1.650273815507600250e+15,4.508396721529910750e-02
1.650273815509491000e+15,3.961569011368758914e-02
1.650273815511381500e+15,3.414813604223627952e-02
1.650273815513272250e+15,2.867985894062476115e-02
1.650273815515162750e+15,2.321230486917344460e-02
1.650273815517053500e+15,1.859413715754987262e-02
1.650273815518944000e+15,2.012933603499703766e-02
1.650273815520834750e+15,2.166473792737113463e-02
1.650273815522725500e+15,2.320013981974523160e-02
1.650273815524616000e+15,2.473533869719239664e-02
1.650273815526506750e+15,2.627074058956649708e-02
1.650273815528397250e+15,2.780593946701366559e-02
1.650273815530288000e+15,2.934134135938776256e-02
1.650273815532178500e+15,3.087654023683493107e-02
1.650273815534069250e+15,3.241194212920903150e-02
1.650273815535960000e+15,3.394734402158312847e-02
1.650273815537850500e+15,3.548254289903029352e-02
1.650273815539741250e+15,3.667863886489895059e-02
1.650273815541631750e+15,3.564028566989463354e-02
1.650273815543522500e+15,3.460179516291000956e-02
1.650273815545413000e+15,3.356344196790568557e-02
1.650273815547303750e+15,3.252495146092106854e-02
1.650273815549194250e+15,3.148659826591674454e-02
1.650273815551085000e+15,3.044810775893212751e-02
1.650273815552975750e+15,2.940961725194750354e-02
1.650273815554866250e+15,2.837126405694317954e-02
1.650273815556757000e+15,2.733277354995856598e-02
1.650273815558647500e+15,2.629442035495424199e-02
1.650273815560538250e+15,2.525592984796962495e-02
1.650273815562428750e+15,2.541935763951430616e-02
1.650273815564319500e+15,2.820784380674869196e-02
1.650273815566210250e+15,3.099632997398308470e-02
1.650273815568100750e+15,3.378444744015079992e-02
1.650273815569991500e+15,3.657293360738519267e-02
1.650273815571882000e+15,3.378683987170214009e-02
1.650273815573772750e+15,3.046904572033900041e-02
1.650273815575663250e+15,2.715169025655372187e-02
1.650273815577554000e+15,2.383389610519057525e-02
1.650273815579444500e+15,2.051654064140529671e-02
1.650273815581335250e+15,1.719874649004215356e-02
1.650273815583226000e+15,1.388095233867901214e-02
1.650273815585116500e+15,1.276481660827797834e-02
1.650273815587007250e+15,1.372227280195465263e-02
1.650273815588897750e+15,1.467960239822372823e-02
1.650273815590788500e+15,1.563705859190040598e-02
1.650273815592679000e+15,1.659438818816947811e-02
1.650273815594569750e+15,1.755184438184615239e-02
1.650273815596460500e+15,1.821064518097230411e-02
1.650273815598351000e+15,1.635197466054427728e-02
1.650273815600241750e+15,1.449305834925134102e-02
1.650273815602132250e+15,1.263438782882331246e-02
1.650273815604023000e+15,1.077547151753037967e-02
1.650273815605913500e+15,8.916800997102351106e-03
1.650273815607804250e+15,7.057884685809416581e-03
1.650273815609694750e+15,5.199214165381389752e-03
1.650273815611585500e+15,3.340297854088454359e-03
1.650273815613476250e+15,1.481381542795520050e-03
1.650273815615366750e+15,4.141154606761116800e-04
1.650273815617257500e+15,2.454477173440563174e-03
1.650273815619148000e+15,4.494569104145942212e-03
1.650273815621038750e+15,6.534930816910393923e-03
1.650273815622929250e+15,8.575022747615772961e-03
1.650273815624820000e+15,1.061538446038022381e-02
1.650273815626710750e+15,1.227184630308467313e-02
1.650273815628601250e+15,1.227184630308467139e-02
1.650273815630492000e+15,1.227184630308467139e-02
1.650273815632382500e+15,1.227184630308467139e-02
1.650273815634273250e+15,1.227184630308467313e-02
1.650273815636163750e+15,1.227184630308467313e-02
1.650273815638054500e+15,1.227184630308467139e-02
1.650273815639945000e+15,1.227184630308467139e-02
1.650273815641835750e+15,1.227184630308467139e-02
1.650273815643726500e+15,1.227184630308467139e-02
1.650273815645617000e+15,1.227184630308467313e-02
1.650273815647507750e+15,1.227184630308467313e-02
1.650273815649398250e+15,1.144236409138853217e-02
1.650273815651289000e+15,9.555635078739537283e-03
1.650273815653179500e+15,7.669155534424885838e-03
1.650273815655070250e+15,5.782426521775890955e-03
1.650273815656961000e+15,3.895697509126895639e-03
1.650273815658851500e+15,2.009217964812244628e-03
1.650273815660742250e+15,1.224889521632495826e-04
1.650273815662632750e+15,8.211657317844279786e-04
1.650273815664523500e+15,1.699468154282748888e-03
1.650273815666414000e+15,2.577654445295879133e-03
1.650273815668304750e+15,3.455956867794200693e-03
1.650273815670195250e+15,4.334143158807330504e-03
1.650273815672086000e+15,5.212445581305651630e-03
1.650273815673976750e+15,6.090748003803972757e-03
1.650273815675867250e+15,5.159852523360396181e-03
1.650273815677758000e+15,4.130712392181444363e-03
1.650273815679648500e+15,3.101708336651200302e-03
1.650273815681539250e+15,2.072568205472248484e-03
1.650273815683429750e+15,1.043564149942004639e-03
1.650273815685320500e+15,1.442401876305287505e-05
1.650273815687211250e+15,5.810970147453783496e-04
1.650273815689101750e+15,1.170376299377878272e-03
1.650273815690992500e+15,1.759733510390255320e-03
1.650273815692883000e+15,2.349012795022755243e-03
1.650273815694773750e+15,2.938370006035132508e-03
1.650273815696664250e+15,3.527649290667632213e-03
1.650273815698555000e+15,4.117006501680009478e-03
1.650273815700445500e+15,4.706285786312509184e-03
1.650273815702336250e+15,5.295642997324886449e-03
1.650273815704227000e+15,5.885000208337263713e-03
1.650273815706117500e+15,6.135923151542380799e-03
1.650273815708008250e+15,6.135923151542484882e-03
1.650273815709898750e+15,6.135923151542587231e-03
1.650273815711789500e+15,6.135923151542689580e-03
1.650273815713680000e+15,6.135923151542793663e-03
1.650273815715570750e+15,6.135923151542896012e-03
1.650273815717461500e+15,6.135923151543000095e-03
1.650273815719352000e+15,6.135923151543103311e-03
1.650273815721242750e+15,6.135923151543204793e-03
1.650273815723133250e+15,9.201485677324115764e-03
1.650273815725024000e+15,1.240337069078648394e-02
1.650273815726914500e+15,1.560483234248586336e-02
1.650273815728805250e+15,1.880671735594823327e-02
1.650273815730695750e+15,2.200817900764761442e-02
1.650273815732586500e+15,2.429990365623761403e-02
1.650273815734477250e+15,2.312850859375987708e-02
1.650273815736367750e+15,2.195726841625668044e-02
1.650273815738258500e+15,2.078587335377893655e-02
1.650273815740149000e+15,1.961463317627574338e-02
1.650273815742039750e+15,1.844323811379800296e-02
1.650273815743930250e+15,1.727199793629480978e-02
1.650273815745821000e+15,1.610060287381706590e-02
1.650273815747711750e+15,1.492920781133932895e-02
1.650273815749602250e+15,1.375796763383613057e-02
1.650273815751493000e+15,1.258657257135839189e-02
1.650273815753383500e+15,1.364005819937618227e-02
1.650273815755274250e+15,1.551126734434061377e-02
1.650273815757164750e+15,1.738222907304893747e-02
1.650273815759055500e+15,1.925343821801336897e-02
1.650273815760946000e+15,2.112439994672168919e-02
1.650273815762836750e+15,2.299560909168612763e-02
1.650273815764727500e+15,2.517185876090199254e-02
1.650273815766618000e+15,2.880906585284873783e-02
1.650273815768508750e+15,3.244675392960002375e-02
1.650273815770399250e+15,3.608396102154676904e-02
1.650273815772290000e+15,3.972164909829805496e-02
1.650273815774180500e+15,4.335885619024479332e-02
1.650273815776071250e+15,4.699654426699607923e-02
1.650273815777962000e+15,4.908738521234023294e-02
1.650273815779852500e+15,4.908738521234023294e-02
1.650273815781743250e+15,4.908738521234023988e-02
1.650273815783633750e+15,4.908738521234023988e-02
1.650273815785524500e+15,4.908738521234023988e-02
1.650273815787415000e+15,4.908738521234022600e-02
1.650273815789305750e+15,4.908738521234023294e-02
1.650273815791196250e+15,4.908738521234023294e-02
1.650273815793087000e+15,4.908738521234023294e-02
1.650273815794977750e+15,4.908738521234023294e-02
1.650273815796868250e+15,4.908738521234023988e-02
1.650273815798759000e+15,4.908738521234022600e-02
1.650273815800649500e+15,4.908738521234023988e-02
1.650273815802540250e+15,4.908738521234023294e-02
1.650273815804430750e+15,4.908738521234023988e-02
1.650273815806321500e+15,4.908738521234023294e-02
1.650273815808212250e+15,4.908738521234023294e-02
1.650273815810102750e+15,4.809254196516003083e-02
1.650273815811993500e+15,4.679686442453252770e-02
1.650273815813884000e+15,4.550135820183980051e-02
1.650273815815774750e+15,4.420568066121229045e-02
1.650273815817665250e+15,4.298189417883219871e-02
1.650273815819556000e+15,4.393690707797434647e-02
1.650273815821446500e+15,4.489179370276780850e-02
1.650273815823337250e+15,4.584680660190995627e-02
1.650273815825228000e+15,4.680181950105211097e-02
1.650273815827118500e+15,4.775670612584557301e-02
1.650273815829009250e+15,4.871171902498772077e-02
1.650273815830899750e+15,4.908738521234033703e-02
1.650273815832790500e+15,4.908738521234030927e-02
1.650273815834681000e+15,4.908738521234028845e-02
1.650273815836571750e+15,4.908738521234026764e-02
1.650273815838462500e+15,4.908738521234024682e-02
1.650273815840353000e+15,4.908738521234023988e-02
1.650273815842243750e+15,4.908738521234023988e-02
1.650273815844134250e+15,4.908738521234023988e-02
1.650273815846025000e+15,4.908738521234023988e-02
1.650273815847915500e+15,4.908738521234023988e-02
1.650273815849806250e+15,4.908738521234023988e-02
1.650273815851697000e+15,4.908738521234023988e-02
1.650273815853587500e+15,4.908738521234023988e-02
1.650273815855478250e+15,4.908738521234024682e-02
1.650273815857368750e+15,4.908738521234023988e-02
1.650273815859259500e+15,4.908738521234023988e-02
1.650273815861150000e+15,4.908738521234023988e-02
1.650273815863040750e+15,4.908738521234023988e-02
1.650273815864931250e+15,4.908738521234023988e-02
1.650273815866822000e+15,4.908738521234023988e-02
1.650273815868712750e+15,4.908738521234023988e-02
1.650273815870603250e+15,4.908738521234023988e-02
1.650273815872494000e+15,4.908738521234023988e-02
1.650273815874384500e+15,4.908738521234023988e-02
1.650273815876275250e+15,4.965374875272569877e-02
1.650273815878165750e+15,5.171578105527496055e-02
1.650273815880056500e+15,5.377808604128131442e-02
1.650273815881947250e+15,5.584039102728766829e-02
1.650273815883837750e+15,5.790242332983693008e-02
1.650273815885728500e+15,5.996472831584329088e-02
1.650273815887619000e+15,6.102405188684965204e-02
1.650273815889509750e+15,5.998852756866527441e-02
1.650273815891400250e+15,5.895314017026380415e-02
1.650273815893291000e+15,5.791761585207944041e-02
1.650273815895181500e+15,5.688222845367797709e-02
1.650273815897072250e+15,5.584670413549359946e-02
1.650273815898963000e+15,5.481117981730922878e-02
1.650273815900853500e+15,5.377579241890777240e-02
1.650273815902744250e+15,5.274026810072339477e-02
1.650273815904634750e+15,5.170488070232193145e-02
1.650273815906525500e+15,5.066935638413755383e-02
1.650273815908416000e+15,4.963396898573609745e-02
1.650273815910306750e+15,5.040702997108277572e-02
1.650273815912197500e+15,5.320189788213541132e-02
1.650273815914088000e+15,5.599639624831020956e-02
1.650273815915978750e+15,5.879126415936283823e-02
1.650273815917869250e+15,6.128091308599399600e-02
1.650273815919760000e+15,6.031464508959376303e-02
1.650273815921650500e+15,5.934850485572114309e-02
1.650273815923541250e+15,5.838223685932090318e-02
1.650273815925431750e+15,5.741609662544828324e-02
1.650273815927322500e+15,5.644982862904804333e-02
1.650273815929213250e+15,5.548356063264779647e-02
1.650273815931103750e+15,5.451742039877519042e-02
1.650273815932994500e+15,5.355115240237494356e-02
1.650273815934885000e+15,5.258501216850232363e-02
1.650273815936775750e+15,5.161874417210208371e-02
1.650273815938666250e+15,5.065260393822947071e-02
1.650273815940557000e+15,4.968633594182923080e-02
1.650273815942447750e+15,4.986667482936932294e-02
1.650273815944338250e+15,5.191640981509909603e-02
1.650273815946229000e+15,5.396641585808696628e-02
1.650273815948119500e+15,5.601615084381674631e-02
1.650273815950010250e+15,5.806615688680461657e-02
1.650273815951900750e+15,6.011589187253438965e-02
1.650273815953791500e+15,6.216589791552225991e-02
1.650273815955682000e+15,6.421563290125203993e-02
1.650273815957572750e+15,6.626563894423991019e-02
1.650273815959463500e+15,6.831564498722779433e-02
1.650273815961354000e+15,7.036537997295755353e-02
1.650273815963244750e+15,7.241538601594542379e-02
1.650273815965135250e+15,7.274675765282928586e-02
1.650273815967026000e+15,7.057317513315161661e-02
1.650273815968916500e+15,6.839988001034288945e-02
1.650273815970807250e+15,6.622629749066523408e-02
1.650273815972698000e+15,6.405271497098757871e-02
1.650273815974588500e+15,6.187941984817885155e-02
1.650273815976479250e+15,6.206636224240482530e-02
1.650273815978369750e+15,6.299584643455163890e-02
1.650273815980260500e+15,6.392545354182568862e-02
1.650273815982151000e+15,6.485493773397249528e-02
1.650273815984041750e+15,6.578454484124654500e-02
1.650273815985932250e+15,6.671402903339335166e-02
1.650273815987823000e+15,6.757544622170480464e-02
1.650273815989713750e+15,6.807813250355317092e-02
1.650273815991604250e+15,6.858075231888273449e-02
1.650273815993495000e+15,6.908343860073111464e-02
1.650273815995385500e+15,6.958605841606066433e-02
1.650273815997276250e+15,7.008874469790904449e-02
1.650273815999166750e+15,7.059136451323860806e-02
1.650273816001057500e+15,7.109405079508698821e-02
1.650273816002948250e+15,7.159673707693536837e-02
1.650273816004838750e+15,7.209935689226491806e-02
1.650273816006729500e+15,7.260204317411329822e-02
1.650273816008620000e+15,7.310466298944286179e-02
1.650273816010510750e+15,7.360734927129124194e-02
1.650273816012401250e+15,7.363107781851058187e-02
1.650273816014292000e+15,7.363107781851058187e-02
1.650273816016182500e+15,7.363107781851058187e-02
1.650273816018073250e+15,7.363107781851058187e-02
1.650273816019964000e+15,7.363107781851056799e-02
1.650273816021854500e+15,7.593527229396980494e-02
1.650273816023745250e+15,7.825696464913872719e-02
1.650273816025635750e+15,8.057835002396188107e-02
1.650273816027526500e+15,8.290004237913081719e-02
1.650273816029417000e+15,8.522142775395397107e-02
1.650273816031307750e+15,8.754312010912290720e-02
1.650273816033198500e+15,8.986481246429184333e-02
1.650273816035089000e+15,9.189969754656084067e-02
1.650273816036979750e+15,8.970721966717332130e-02
1.650273816038870250e+15,8.751503168304949898e-02
1.650273816040761000e+15,8.532255380366197961e-02
1.650273816042651500e+15,8.313036581953815729e-02
1.650273816044542250e+15,8.093788794015065180e-02
1.650273816046432750e+15,7.874569995602682948e-02
1.650273816048323500e+15,7.655322207663931011e-02
1.650273816050214250e+15,7.436074419725177687e-02
1.650273816052104750e+15,7.216855621312796842e-02
1.650273816053995500e+15,6.997607833374043518e-02
1.650273816055886000e+15,6.778389034961662674e-02
1.650273816057776750e+15,7.347642282635837019e-02
1.650273816059667250e+15,8.036394373717126172e-02
1.650273816061558000e+15,8.725237545476952072e-02
1.650273816063448750e+15,9.414080717236777973e-02
1.650273816065339250e+15,9.704890087717663039e-02
1.650273816067230000e+15,9.433107406971624753e-02
1.650273816069120500e+15,9.161360662055384463e-02
1.650273816071011250e+15,8.889577981309347565e-02
1.650273816072901750e+15,8.617831236393105887e-02
1.650273816074792500e+15,8.346048555647068989e-02
1.650273816076683000e+15,8.074301810730827311e-02
1.650273816078573750e+15,8.135724904595534324e-02
1.650273816080464500e+15,8.383858723412335179e-02
1.650273816082355000e+15,8.631959733314836791e-02
1.650273816084245750e+15,8.880093552131636259e-02
1.650273816086136250e+15,9.128194562034139259e-02
1.650273816088027000e+15,9.486114639666240467e-02
1.650273816089917500e+15,9.892169167293494991e-02
1.650273816091808250e+15,1.029827739163162448e-01
1.650273816093699000e+15,1.070438561596975535e-01
1.650273816095589500e+15,1.111044014359700849e-01
1.650273816097480250e+15,1.151654836793513936e-01
1.650273816099370750e+15,1.165825398793094436e-01
1.650273816101261500e+15,1.165825398793093881e-01
1.650273816103152000e+15,1.165825398793093187e-01
1.650273816105042750e+15,1.165825398793092355e-01
1.650273816106933250e+15,1.165825398793091661e-01
1.650273816108824000e+15,1.165825398793091106e-01
1.650273816110714750e+15,1.165825398793090273e-01
1.650273816112605250e+15,1.165825398793089579e-01
1.650273816114496000e+15,1.165825398793088885e-01
1.650273816116386500e+15,1.165825398793088052e-01
1.650273816118277250e+15,1.165825398793087497e-01
1.650273816120167750e+15,1.165825398793086803e-01
1.650273816122058500e+15,1.163864394617365045e-01
1.650273816123949250e+15,1.132038054314836867e-01
1.650273816125839750e+15,1.100215922175775962e-01
1.650273816127730500e+15,1.068389581873247646e-01
1.650273816129621000e+15,1.036567449734186741e-01
1.650273816131511750e+15,1.004741109431658563e-01
1.650273816133402250e+15,9.729189772925975199e-02
1.650273816135293000e+15,9.410926369900693422e-02
1.650273816137183500e+15,9.282237114778194020e-02
1.650273816139074250e+15,9.506528979423513326e-02
1.650273816140965000e+15,9.730820844068831244e-02
1.650273816142855500e+15,9.955083052246524455e-02
1.650273816144746250e+15,1.017937491689184237e-01
1.650273816146636750e+15,1.040363712506953420e-01
1.650273816148527500e+15,1.062792898971485211e-01
1.650273816150418000e+15,1.085219119789254671e-01
1.650273816152308750e+15,1.107648306253786324e-01
1.650273816154199500e+15,1.130077492718318116e-01
1.650273816156090000e+15,1.152503713536087437e-01
1.650273816157980750e+15,1.165825398793085554e-01
1.650273816159871250e+15,1.165825398793085554e-01
1.650273816161762000e+15,1.165825398793085554e-01
1.650273816163652500e+15,1.165825398793085554e-01
1.650273816165543250e+15,1.165825398793085554e-01
1.650273816167433750e+15,1.175676154316386418e-01
1.650273816169324500e+15,1.196171687747672602e-01
1.650273816171215250e+15,1.216667221178958647e-01
1.650273816173105750e+15,1.237160044636235467e-01
1.650273816174996500e+15,1.257655578067521651e-01
1.650273816176887000e+15,1.278148401524798750e-01
1.650273816178777750e+15,1.288543861823940317e-01
1.650273816180668250e+15,1.288543861823939207e-01
1.650273816182559000e+15,1.288543861823937819e-01
1.650273816184449750e+15,1.288543861823936709e-01
1.650273816186340250e+15,1.288543861823935599e-01
1.650273816188231000e+15,1.288543861823934489e-01
1.650273816190121500e+15,1.288543861823933379e-01
1.650273816192012250e+15,1.288543861823932268e-01
1.650273816193902750e+15,1.257944845544659573e-01
1.650273816195793500e+15,1.214403855870127558e-01
1.650273816197684000e+15,1.170868623301198341e-01
1.650273816199574750e+15,1.127327633626666187e-01
1.650273816201465500e+15,1.083786643952134171e-01
1.650273816203356000e+15,1.045820396785023809e-01
1.650273816205246750e+15,1.087195206695079075e-01
1.650273816207137250e+15,1.128564545917588313e-01
1.650273816209028000e+15,1.169939355827643579e-01
1.650273816210918500e+15,1.211308695050152817e-01
1.650273816212809250e+15,1.252683504960208083e-01
1.650273816214700000e+15,1.291499520113510990e-01
1.650273816216590500e+15,1.313672821686656111e-01
1.650273816218481250e+15,1.335849055460485157e-01
1.650273816220371750e+15,1.358022357033630001e-01
1.650273816222262500e+15,1.380198590807459047e-01
1.650273816224153000e+15,1.402371892380603891e-01
1.650273816226043750e+15,1.398164299885580331e-01
1.650273816227934250e+15,1.376304387103160221e-01
1.650273816229825000e+15,1.354441583562636109e-01
1.650273816231715750e+15,1.332578780022112275e-01
1.650273816233606250e+15,1.310718867239692165e-01
1.650273816235497000e+15,1.288856063699168053e-01
1.650273816237387500e+15,1.266996150916748221e-01
1.650273816239278250e+15,1.245133347376224109e-01
1.650273816241168750e+15,1.223273434593804138e-01
1.650273816243059500e+15,1.201410631053280026e-01
1.650273816244950250e+15,1.179547827512756053e-01
1.650273816246840750e+15,1.165825398793085693e-01
1.650273816248731500e+15,1.165825398793086665e-01
1.650273816250622000e+15,1.165825398793087359e-01
1.650273816252512750e+15,1.165825398793088191e-01
1.650273816254403250e+15,1.165825398793089024e-01
1.650273816256294000e+15,1.165825398793089857e-01
1.650273816258184500e+15,1.165825398793090828e-01
1.650273816260075250e+15,1.165825398793091383e-01
1.650273816261966000e+15,1.165825398793092216e-01
1.650273816263856500e+15,1.165825398793093048e-01
1.650273816265747250e+15,1.165825398793093881e-01
1.650273816267637750e+15,1.171302057128237456e-01
1.650273816269528500e+15,1.188284413417161761e-01
1.650273816271419000e+15,1.205264524253714109e-01
1.650273816273309750e+15,1.222246880542638553e-01
1.650273816275200500e+15,1.239229236831562719e-01
1.650273816277091000e+15,1.256209347668115206e-01
1.650273816278981750e+15,1.273191703957039511e-01
1.650273816280872250e+15,1.291285476691972911e-01
1.650273816282763000e+15,1.319885246687731439e-01
1.650273816284653500e+15,1.348481235145740920e-01
1.650273816286544250e+15,1.377081005141499725e-01
1.650273816288434750e+15,1.405676993599509206e-01
1.650273816290325500e+15,1.411262324854795080e-01
1.650273816292216250e+15,1.411262324854793693e-01
1.650273816294106750e+15,1.411262324854792582e-01
1.650273816295997500e+15,1.411262324854791472e-01
1.650273816297888000e+15,1.411262324854790084e-01
1.650273816299778750e+15,1.411262324854788974e-01
1.650273816301669250e+15,1.411262324854787586e-01
1.650273816303560000e+15,1.394670012908562073e-01
1.650273816305450750e+15,1.369205797151804849e-01
1.650273816307341250e+15,1.343744948341465129e-01
1.650273816309232000e+15,1.318280732584707904e-01
1.650273816311122500e+15,1.292819883774368184e-01
1.650273816313013250e+15,1.288543861823939762e-01
1.650273816314903750e+15,1.288543861823938652e-01
1.650273816316794500e+15,1.288543861823937542e-01
1.650273816318685000e+15,1.288543861823936432e-01
1.650273816320575750e+15,1.288543861823935321e-01
1.650273816322466500e+15,1.288543861823934211e-01
1.650273816324357000e+15,1.288543861823932823e-01
1.650273816326247750e+15,1.304006527249836345e-01
1.650273816328138250e+15,1.330300360384687186e-01
1.650273816330029000e+15,1.356597670619926754e-01
1.650273816331919500e+15,1.382891503754777873e-01
1.650273816333810250e+15,1.409188813990017164e-01
1.650273816335701000e+15,1.435486124225256455e-01
1.650273816337591500e+15,1.461779957360107574e-01
1.650273816339482250e+15,1.472621556370219409e-01
1.650273816341372750e+15,1.472621556370219409e-01
1.650273816343263500e+15,1.472621556370219409e-01
1.650273816345154000e+15,1.472621556370219131e-01
1.650273816347044750e+15,1.472621556370219131e-01
1.650273816348935250e+15,1.472621556370218854e-01
1.650273816350826000e+15,1.477595347720166430e-01
1.650273816352716750e+15,1.486560262872609894e-01
1.650273816354607250e+15,1.495523992660098278e-01
1.650273816356498000e+15,1.504488907812542020e-01
1.650273816358388500e+15,1.513452637600030681e-01
1.650273816360279250e+15,1.522417552752474146e-01
1.650273816362169750e+15,1.531381282539963085e-01
1.650273816364060500e+15,1.541570134514477219e-01
1.650273816365951250e+15,1.552258817671636204e-01
1.650273816367841750e+15,1.562946087542644580e-01
1.650273816369732500e+15,1.573634770699803564e-01
1.650273816371623000e+15,1.584322040570811940e-01
1.650273816373513750e+15,1.595010723727970647e-01
1.650273816375404250e+15,1.583489544862840548e-01
1.650273816377295000e+15,1.571260708878040868e-01
1.650273816379185500e+15,1.559033489822500007e-01
1.650273816381076250e+15,1.546804653837700327e-01
1.650273816382967000e+15,1.534575817852900648e-01
1.650273816384857500e+15,1.522348598797359787e-01
1.650273816386748250e+15,1.510119762812560107e-01
1.650273816388638750e+15,1.497892543757019523e-01
1.650273816390529500e+15,1.485663707772219566e-01
1.650273816392420000e+15,1.473436488716678705e-01
1.650273816394310750e+15,1.512180859984001979e-01
1.650273816396201500e+15,1.554564627264226617e-01
1.650273816398092000e+15,1.596942790449874805e-01
1.650273816399982750e+15,1.639326557730099720e-01
1.650273816401873250e+15,1.681704720915747908e-01
1.650273816403764000e+15,1.716900598652359722e-01
1.650273816405654500e+15,1.708763129190421781e-01
1.650273816407545250e+15,1.700624583628316810e-01
1.650273816409435750e+15,1.692487114166379147e-01
1.650273816411326500e+15,1.684348568604274454e-01
1.650273816413217250e+15,1.676210023042169484e-01
1.650273816415107750e+15,1.668072553580231543e-01
1.650273816416998500e+15,1.659934008018126850e-01
1.650273816418889000e+15,1.663375613611949300e-01
1.650273816420779750e+15,1.674458434302415755e-01
1.650273816422670250e+15,1.685539789592817306e-01
1.650273816424561000e+15,1.696622610283283761e-01
1.650273816426451750e+15,1.707705430973750493e-01
1.650273816428342250e+15,1.718609102431617186e-01
1.650273816430233000e+15,1.726988054257977689e-01
1.650273816432123500e+15,1.735365898197014922e-01
1.650273816434014250e+15,1.743744850023375426e-01
1.650273816435904750e+15,1.752122693962412658e-01
1.650273816437795500e+15,1.760501645788773162e-01
1.650273816439686000e+15,1.768879489727810117e-01
1.650273816441576750e+15,1.777258441554170620e-01
1.650273816443467500e+15,1.775307869457896648e-01
1.650273816445358000e+15,1.769771951390706477e-01
1.650273816447248750e+15,1.764235301252890797e-01
1.650273816449139250e+15,1.758699383185700349e-01
1.650273816451030000e+15,1.753162733047884669e-01
1.650273816452920500e+15,1.747626814980694221e-01
1.650273816454811250e+15,1.742090164842878541e-01
1.650273816456702000e+15,1.736553514705063139e-01
1.650273816458592500e+15,1.731017596637872413e-01
1.650273816460483250e+15,1.725480946500057011e-01
1.650273816462373750e+15,1.719945028432866285e-01
1.650273816464264500e+15,1.724993316241330565e-01
1.650273816466155000e+15,1.735511008432817082e-01
1.650273816468045750e+15,1.746030091485477054e-01
1.650273816469936250e+15,1.756547783676963848e-01
1.650273816471827000e+15,1.767066866729624097e-01
1.650273816473717750e+15,1.777585949782283792e-01
1.650273816475608250e+15,1.775263099488004759e-01
1.650273816477499000e+15,1.770231658470232672e-01
1.650273816479389500e+15,1.765200882722990361e-01
1.650273816481280250e+15,1.760169441705218552e-01
1.650273816483170750e+15,1.755138665957976518e-01
1.650273816485061500e+15,1.750107224940204431e-01
1.650273816486952250e+15,1.745075783922432344e-01
1.650273816488842750e+15,1.740045008175190588e-01
1.650273816490733500e+15,1.735013567157418501e-01
1.650273816492624000e+15,1.729982791410176191e-01
1.650273816494514750e+15,1.724951350392404381e-01
1.650273816496405250e+15,1.719920574645162348e-01
1.650273816498296000e+15,1.723959551935705936e-01
1.650273816500186500e+15,1.733326446895323836e-01
1.650273816502077250e+15,1.742694580534518700e-01
1.650273816503968000e+15,1.752062714173713287e-01
1.650273816505858500e+15,1.761429609133331464e-01
1.650273816507749250e+15,1.770797742772526051e-01
1.650273816509639750e+15,1.780314283119677210e-01
1.650273816511530500e+15,1.791559312390568204e-01
1.650273816513421000e+15,1.802802854813744526e-01
1.650273816515311750e+15,1.814047884084635520e-01
1.650273816517202500e+15,1.825292913355527347e-01
1.650273816519093000e+15,1.836536455778702837e-01
1.650273816520983750e+15,1.847781485049594385e-01
1.650273816522874250e+15,1.859025027472770430e-01
1.650273816524765000e+15,1.870270056743661702e-01
1.650273816526655500e+15,1.881513599166837747e-01
1.650273816528546250e+15,1.892758628437729296e-01
1.650273816530436750e+15,1.892793076328851409e-01
1.650273816532327500e+15,1.836488797276297769e-01
1.650273816534218250e+15,1.780184518223744128e-01
1.650273816536108750e+15,1.723887683872903365e-01
1.650273816537999500e+15,1.667583404820350002e-01
1.650273816539890000e+15,1.669489413308654635e-01
1.650273816541780750e+15,1.685347117926996319e-01
1.650273816543671250e+15,1.701202725797404669e-01
1.650273816545562000e+15,1.717060430415746075e-01
1.650273816547452750e+15,1.732918135034087759e-01
1.650273816549343250e+15,1.748773742904496109e-01
1.650273816551234000e+15,1.764631447522837515e-01
1.650273816553124500e+15,1.782101522529923043e-01
1.650273816555015250e+15,1.821900825098632937e-01
1.650273816556905750e+15,1.861694865297573720e-01
1.650273816558796500e+15,1.901494167866284168e-01
1.650273816560687000e+15,1.941288208065224674e-01
1.650273816562577750e+15,1.981087510633935123e-01
1.650273816564468500e+15,2.020886813202645571e-01
1.650273816566359000e+15,2.041344994033876536e-01
1.650273816568249750e+15,2.059664110880203292e-01
1.650273816570140250e+15,2.077980805524117236e-01
1.650273816572031000e+15,2.096299922370443714e-01
1.650273816573921500e+15,2.114616617014357658e-01
1.650273816575812250e+15,2.132935733860684413e-01
1.650273816577703000e+15,2.145585844199369152e-01
1.650273816579593500e+15,2.135699231467765580e-01
1.650273816581484250e+15,2.125811311329029729e-01
1.650273816583374750e+15,2.115924698597425879e-01
1.650273816585265500e+15,2.106036778458690306e-01
1.650273816587156000e+15,2.096150165727086456e-01
1.650273816589046750e+15,2.086262245588350606e-01
1.650273816590937250e+15,2.093018401958824937e-01
1.650273816592828000e+15,2.099857294141553310e-01
1.650273816594718750e+15,2.106696186324281406e-01
1.650273816596609250e+15,2.113534174250473741e-01
1.650273816598500000e+15,2.120373066433202114e-01
1.650273816600390500e+15,2.127211054359394171e-01
1.650273816602281250e+15,2.134049946542122544e-01
1.650273816604171750e+15,2.140887934468315157e-01
1.650273816606062500e+15,2.147879430696356950e-01
1.650273816607953250e+15,2.161507407553844573e-01
1.650273816609843750e+15,2.175133582483941286e-01
1.650273816611734500e+15,2.188761559341428908e-01
1.650273816613625000e+15,2.202387734271525899e-01
1.650273816615515750e+15,2.216015711129012966e-01
1.650273816617406250e+15,2.229641886059109956e-01
1.650273816619297000e+15,2.243269862916597579e-01
1.650273816621187500e+15,2.256896037846694292e-01
1.650273816623078250e+15,2.270524014704181637e-01
1.650273816624969000e+15,2.284151991561669814e-01
1.650273816626859500e+15,2.297778166491765972e-01
1.650273816628750250e+15,2.311406143349253872e-01
1.650273816630640750e+15,2.325032318279350585e-01
1.650273816632531500e+15,2.318614893129870014e-01
1.650273816634422000e+15,2.293273631047964556e-01
1.650273816636312750e+15,2.267929017833807404e-01
1.650273816638203500e+15,2.242584404619650251e-01
1.650273816640094000e+15,2.217243142537744793e-01
1.650273816641984750e+15,2.225501022070878188e-01
1.650273816643875250e+15,2.250150326613997998e-01
1.650273816645766000e+15,2.274802890784802245e-01
1.650273816647656500e+15,2.299452195327922610e-01
1.650273816649547250e+15,2.324104759498726303e-01
1.650273816651437750e+15,2.344127618534924962e-01
1.650273816653328500e+15,2.362111646900726392e-01
1.650273816655219250e+15,2.380095675266528099e-01
1.650273816657109750e+15,2.398077325736208132e-01
1.650273816659000500e+15,2.416061354102009284e-01
1.650273816660891000e+15,2.434043004571689872e-01
1.650273816662781750e+15,2.452027032937491580e-01
1.650273816664672250e+15,2.440491693021532293e-01
1.650273816666563000e+15,2.424533650794876982e-01
1.650273816668453750e+15,2.408575608568221393e-01
1.650273816670344250e+15,2.392619676356404768e-01
1.650273816672235000e+15,2.376661634129749179e-01
1.650273816674125500e+15,2.360705701917932553e-01
1.650273816676016250e+15,2.344747659691277519e-01
1.650273816677906750e+15,2.333924293859174215e-01
1.650273816679797500e+15,2.346613926562240715e-01
1.650273816681688000e+15,2.359301881408279455e-01
1.650273816683578750e+15,2.371991514111345678e-01
1.650273816685469500e+15,2.384681146814412456e-01
1.650273816687360000e+15,2.397369101660450919e-01
1.650273816689250750e+15,2.410058734363517696e-01
1.650273816691141250e+15,2.422746689209556437e-01
1.650273816693032000e+15,2.435436321912622937e-01
1.650273816694922500e+15,2.448124276758661677e-01
1.650273816696813250e+15,2.454369260617026427e-01
1.650273816698704000e+15,2.454369260617026427e-01
1.650273816700594500e+15,2.454369260617026149e-01
1.650273816702485250e+15,2.454369260617026149e-01
1.650273816704375750e+15,2.454369260617026149e-01
1.650273816706266500e+15,2.454369260617026427e-01
1.650273816708157000e+15,2.454369260617026149e-01
1.650273816710047750e+15,2.459831584428752160e-01
1.650273816711938250e+15,2.468438813573213542e-01
1.650273816713829000e+15,2.477047180938931892e-01
1.650273816715719750e+15,2.485655548304650519e-01
1.650273816717610250e+15,2.494262777449111623e-01
1.650273816719501000e+15,2.502871144814830529e-01
1.650273816721391500e+15,2.511478373959291632e-01
1.650273816723282250e+15,2.507082350174431040e-01
1.650273816725172750e+15,2.490006840776015085e-01
1.650273816727063500e+15,2.472929073309707015e-01
1.650273816728954250e+15,2.455851305843398946e-01
1.650273816730844750e+15,2.438775796444982435e-01
1.650273816732735500e+15,2.421698028978674366e-01
1.650273816734626000e+15,2.404622519580258133e-01
1.650273816736516750e+15,2.387544752113950064e-01
1.650273816738407250e+15,2.370469242715533831e-01
1.650273816740298000e+15,2.353391475249225762e-01
1.650273816742188500e+15,2.336315965850809528e-01
1.650273816744079250e+15,2.344784186560570083e-01
1.650273816745970000e+15,2.362853646413819175e-01
1.650273816747860500e+15,2.380920717074968274e-01
1.650273816749751250e+15,2.398990176928217366e-01
1.650273816751641750e+15,2.417057247589366464e-01
1.650273816753532500e+15,2.435126707442615834e-01
1.650273816755423000e+15,2.453193778103764655e-01
1.650273816757313750e+15,2.454369260617026705e-01
1.650273816759204500e+15,2.454369260617026982e-01
1.650273816761095000e+15,2.454369260617027260e-01
1.650273816762985750e+15,2.454369260617027260e-01
1.650273816764876250e+15,2.454369260617027537e-01
1.650273816766767000e+15,2.454369260617026982e-01
1.650273816768657500e+15,2.454369260617025594e-01
1.650273816770548250e+15,2.454369260617024207e-01
1.650273816772438750e+15,2.454369260617022819e-01
1.650273816774329500e+15,2.454369260617021431e-01
1.650273816776220250e+15,2.454369260617020321e-01
1.650273816778110750e+15,2.454369260617018655e-01
1.650273816780001500e+15,2.456117907367988962e-01
1.650273816781892000e+15,2.475854126369250729e-01
1.650273816783782750e+15,2.495592955291036641e-01
1.650273816785673250e+15,2.515329174292297854e-01
1.650273816787564000e+15,2.535068003214083765e-01
1.650273816789454750e+15,2.554806832135869121e-01
1.650273816791345250e+15,2.574543051137130889e-01
1.650273816793236000e+15,2.577087723647872863e-01
1.650273816795126500e+15,2.577087723647872863e-01
1.650273816797017250e+15,2.577087723647872308e-01
1.650273816798907750e+15,2.577087723647872308e-01
1.650273816800798500e+15,2.577087723647872863e-01
1.650273816802689000e+15,2.577087723647872863e-01
1.650273816804579750e+15,2.577087723647872863e-01
1.650273816806470500e+15,2.577087723647872863e-01
1.650273816808361000e+15,2.577087723647872863e-01
1.650273816810251750e+15,2.577087723647872863e-01
1.650273816812142250e+15,2.579766411132353721e-01
1.650273816814033000e+15,2.584663417041255795e-01
1.650273816815923500e+15,2.589559775454996493e-01
1.650273816817814250e+15,2.594456781363898568e-01
1.650273816819705000e+15,2.599353787272801197e-01
1.650273816821595500e+15,2.604250145686541340e-01
1.650273816823486250e+15,2.609147151595443970e-01
1.650273816825376750e+15,2.614043510009184113e-01
1.650273816827267500e+15,2.618940515918086187e-01
1.650273816829158000e+15,2.623836874331826885e-01
1.650273816831048750e+15,2.628733880240728960e-01
1.650273816832939250e+15,2.633630238654469102e-01
1.650273816834830000e+15,2.638446955163304963e-01
1.650273816836720750e+15,2.638446955163304963e-01
1.650273816838611250e+15,2.638446955163304963e-01
1.650273816840502000e+15,2.638446955163304963e-01
1.650273816842392500e+15,2.638446955163304963e-01
1.650273816844283250e+15,2.638446955163304963e-01
1.650273816846173750e+15,2.638446955163304963e-01
1.650273816848064500e+15,2.638446955163304963e-01
1.650273816849955250e+15,2.638446955163304963e-01
1.650273816851845750e+15,2.638446955163304963e-01
1.650273816853736500e+15,2.638446955163304963e-01
1.650273816855627000e+15,2.649579220171515703e-01
1.650273816857517750e+15,2.689443481656882962e-01
1.650273816859408250e+15,2.729302472183439687e-01
1.650273816861299000e+15,2.769166733668807501e-01
1.650273816863189500e+15,2.809025724195364226e-01
1.650273816865080250e+15,2.848889985680731485e-01
1.650273816866971000e+15,2.888754247166098743e-01
1.650273816868861500e+15,2.928613237692655469e-01
1.650273816870752250e+15,2.968477499178022727e-01
1.650273816872642750e+15,3.008336489704579453e-01
1.650273816874533500e+15,3.048200751189947266e-01
1.650273816876424000e+15,3.088059741716503992e-01
1.650273816878314750e+15,3.127924003201871250e-01
1.650273816880205500e+15,3.119986591428126621e-01
1.650273816882096000e+15,3.110314716897762954e-01
1.650273816883986750e+15,3.100641563357279251e-01
1.650273816885877250e+15,3.090969688826915585e-01
1.650273816887768000e+15,3.081296535286430771e-01
1.650273816889658500e+15,3.071624660756067660e-01
1.650273816891549250e+15,3.061951507215583401e-01
1.650273816893440000e+15,3.052278353675099698e-01
1.650273816895330500e+15,3.042606479144736031e-01
1.650273816897221250e+15,3.032933325604251218e-01
1.650273816899111750e+15,3.023261451073887551e-01
1.650273816901002500e+15,3.013588297533403848e-01
1.650273816902893000e+15,3.015220982411278561e-01
1.650273816904783750e+15,3.046260392111035387e-01
1.650273816906674250e+15,3.077295697697385313e-01
1.650273816908565000e+15,3.108335107397142694e-01
1.650273816910455750e+15,3.139374517096900075e-01
1.650273816912346250e+15,3.170409822683250001e-01
1.650273816914237000e+15,3.185213292112722971e-01
1.650273816916127500e+15,3.169458894831734819e-01
1.650273816918018250e+15,3.153702414186916325e-01
1.650273816919908750e+15,3.137948016905928172e-01
1.650273816921799500e+15,3.122191536261109679e-01
1.650273816923690250e+15,3.106435055616292296e-01
1.650273816925580750e+15,3.090680658335303588e-01
1.650273816927471500e+15,3.074924177690485649e-01
1.650273816929362000e+15,3.074132006545157170e-01
1.650273816931252750e+15,3.085190529754365252e-01
1.650273816933143250e+15,3.096247590776186054e-01
1.650273816935034000e+15,3.107306113985394136e-01
1.650273816936924500e+15,3.118363175007214938e-01
1.650273816938815250e+15,3.129320807286708472e-01
1.650273816940706000e+15,3.129320807286708472e-01
1.650273816942596500e+15,3.129320807286708472e-01
1.650273816944487250e+15,3.129320807286708472e-01
1.650273816946377750e+15,3.129320807286708472e-01
1.650273816948268500e+15,3.129320807286708472e-01
1.650273816950159000e+15,3.129320807286708472e-01
1.650273816952049750e+15,3.129320807286708472e-01
1.650273816953940500e+15,3.129320807286708472e-01
1.650273816955831000e+15,3.129320807286708472e-01
1.650273816957721750e+15,3.129320807286708472e-01
1.650273816959612250e+15,3.129320807286708472e-01
1.650273816961503000e+15,3.132414755582353938e-01
1.650273816963393500e+15,3.138194507808557687e-01
1.650273816965284250e+15,3.143975024350051939e-01
1.650273816967174750e+15,3.149754776576255133e-01
1.650273816969065500e+15,3.155535293117749385e-01
1.650273816970956250e+15,3.161315809659243081e-01
1.650273816972846750e+15,3.167095561885446831e-01
1.650273816974737500e+15,3.172876078426941082e-01
1.650273816976628000e+15,3.178655830653144831e-01
1.650273816978518750e+15,3.184436347194639083e-01
1.650273816980409250e+15,3.190216099420842832e-01
1.650273816982300000e+15,3.190680038802131691e-01
1.650273816984190750e+15,3.190680038802131691e-01
1.650273816986081250e+15,3.190680038802131691e-01
1.650273816987972000e+15,3.190680038802131691e-01
1.650273816989862500e+15,3.190680038802131691e-01
1.650273816991753250e+15,3.190680038802131691e-01
1.650273816993643750e+15,3.190680038802131691e-01
1.650273816995534500e+15,3.190680038802132801e-01
1.650273816997425000e+15,3.190680038802133911e-01
1.650273816999315750e+15,3.190680038802135021e-01
1.650273817001206500e+15,3.190680038802136131e-01
1.650273817003097000e+15,3.190680038802137242e-01
1.650273817004987750e+15,3.190680038802138352e-01
1.650273817006878250e+15,3.190680038802140017e-01
1.650273817008769000e+15,3.190680038802140017e-01
1.650273817010659500e+15,3.190680038802139462e-01
1.650273817012550250e+15,3.190680038802138352e-01
1.650273817014441000e+15,3.190680038802137797e-01
1.650273817016331500e+15,3.190680038802136131e-01
1.650273817018222250e+15,3.190680038802135576e-01
1.650273817020112750e+15,3.190680038802135021e-01
1.650273817022003500e+15,3.190680038802133911e-01
1.650273817023894000e+15,3.190680038802133356e-01
1.650273817025784750e+15,3.190680038802132246e-01
1.650273817027675250e+15,3.190680038802131135e-01
1.650273817029566000e+15,3.190680038802130580e-01
1.650273817031456750e+15,3.190680038802131691e-01
1.650273817033347250e+15,3.190680038802133911e-01
1.650273817035238000e+15,3.190680038802135021e-01
1.650273817037128500e+15,3.190680038802136687e-01
1.650273817039019250e+15,3.190680038802138352e-01
1.650273817040909750e+15,3.190680038802140017e-01
1.650273817042800500e+15,3.190680038802140572e-01
1.650273817044691250e+15,3.190680038802139462e-01
1.650273817046581750e+15,3.190680038802138352e-01
1.650273817048472500e+15,3.190680038802137797e-01
1.650273817050363000e+15,3.190680038802137242e-01
1.650273817052253750e+15,3.190680038802136131e-01
1.650273817054144250e+15,3.190680038802135021e-01
1.650273817056035000e+15,3.190680038802134466e-01
1.650273817057925500e+15,3.190680038802133356e-01
1.650273817059816250e+15,3.190680038802132801e-01
1.650273817061707000e+15,3.190680038802131691e-01
1.650273817063597500e+15,3.211731091010041061e-01
1.650273817065488250e+15,3.242242610337066067e-01
1.650273817067378750e+15,3.272750095349754584e-01
1.650273817069269500e+15,3.303261614676780145e-01
1.650273817071160000e+15,3.333769099689468662e-01
1.650273817073050750e+15,3.364280619016493667e-01
1.650273817074941500e+15,3.374757733348410227e-01
1.650273817076832000e+15,3.374757733348410227e-01
1.650273817078722750e+15,3.374757733348410227e-01
1.650273817080613250e+15,3.374757733348410227e-01
1.650273817082504000e+15,3.374757733348410782e-01
1.650273817084394500e+15,3.373252684566240278e-01
1.650273817086285250e+15,3.362201535110364015e-01
1.650273817088175750e+15,3.351151846866896600e-01
1.650273817090066500e+15,3.340100697411019226e-01
1.650273817091957250e+15,3.329049547955142963e-01
1.650273817093847750e+15,3.317999859711675548e-01
1.650273817095738500e+15,3.306948710255799284e-01
1.650273817097629000e+15,3.295899022012331869e-01
1.650273817099519750e+15,3.284847872556455606e-01
1.650273817101410250e+15,3.273798184312988191e-01
1.650273817103301000e+15,3.262747034857111372e-01
1.650273817105191750e+15,3.253169602329197829e-01
1.650273817107082250e+15,3.289542243486828221e-01
1.650273817108973000e+15,3.325919694567912033e-01
1.650273817110863500e+15,3.362292335725542425e-01
1.650273817112754250e+15,3.398669786806626236e-01
1.650273817114644750e+15,3.435042427964257183e-01
1.650273817116535500e+15,3.471419879045340995e-01
1.650273817118426000e+15,3.507792520202971387e-01
1.650273817120316750e+15,3.544169971284055198e-01
1.650273817122207500e+15,3.527961568092138900e-01
1.650273817124098000e+15,3.476240671364871915e-01
1.650273817125988750e+15,3.424512935058560137e-01
1.650273817127879250e+15,3.372792038331293707e-01
1.650273817129770000e+15,3.321064302024983039e-01
1.650273817131660500e+15,3.269343405297715499e-01
1.650273817133551250e+15,3.276297309609849662e-01
1.650273817135442000e+15,3.312749435810454779e-01
1.650273817137332500e+15,3.349196742213863542e-01
1.650273817139223250e+15,3.385648868414468105e-01
1.650273817141113750e+15,3.422096174817875758e-01
1.650273817143004500e+15,3.458548301018480875e-01
1.650273817144895000e+15,3.494995607421889083e-01
1.650273817146785750e+15,3.531447733622493645e-01
1.650273817148676250e+15,3.567895040025901854e-01
1.650273817150567000e+15,3.604347166226506971e-01
1.650273817152457750e+15,3.606192806376670723e-01
1.650273817154348250e+15,3.581425084121965252e-01
1.650273817156239000e+15,3.556654086580000040e-01
1.650273817158129500e+15,3.531886364325294014e-01
1.650273817160020250e+15,3.507115366783328803e-01
1.650273817161910750e+15,3.492062491260641832e-01
1.650273817163801500e+15,3.483198267010352844e-01
1.650273817165692250e+15,3.474334042760063301e-01
1.650273817167582750e+15,3.465470990561110298e-01
1.650273817169473500e+15,3.456606766310821310e-01
1.650273817171364000e+15,3.447743714111868307e-01
1.650273817173254750e+15,3.438879489861578764e-01
1.650273817175145250e+15,3.463963751858150086e-01
1.650273817177036000e+15,3.504425855611847385e-01
1.650273817178926500e+15,3.544882609358437908e-01
1.650273817180817250e+15,3.585344713112135207e-01
1.650273817182708000e+15,3.625806816865833060e-01
1.650273817184598500e+15,3.666263570612423583e-01
1.650273817186489250e+15,3.667720426306952941e-01
1.650273817188379750e+15,3.645486917391815851e-01
1.650273817190270500e+15,3.623250468314166972e-01
1.650273817192161000e+15,3.601016959399030437e-01
1.650273817194051750e+15,3.578780510321381558e-01
1.650273817195942500e+15,3.556544061243732680e-01
1.650273817197833000e+15,3.534310552328595589e-01
1.650273817199723750e+15,3.512074103250947266e-01
1.650273817201614250e+15,3.502624155423187391e-01
1.650273817203505000e+15,3.517616074656603198e-01
1.650273817205395500e+15,3.532606011618536490e-01
1.650273817207286250e+15,3.547597930851952297e-01
1.650273817209176750e+15,3.562587867813884479e-01
1.650273817211067500e+15,3.577579787047300286e-01
1.650273817212958250e+15,3.592571706280716648e-01
1.650273817214848750e+15,3.607561643242649385e-01
1.650273817216739500e+15,3.622553562476065192e-01
1.650273817218630000e+15,3.637543499437997374e-01
1.650273817220520750e+15,3.652535418671414291e-01
1.650273817222411250e+15,3.667525355633345918e-01
1.650273817224302000e+15,3.682517274866762280e-01
1.650273817226192750e+15,3.697509194100178642e-01
1.650273817228083250e+15,3.712499131062110824e-01
1.650273817229974000e+15,3.727491050295527186e-01
1.650273817231864500e+15,3.742480987257459368e-01
1.650273817233755250e+15,3.721511111068530053e-01
1.650273817235645750e+15,3.699476800653501707e-01
1.650273817237536500e+15,3.677439576418000122e-01
1.650273817239427000e+15,3.655405266002971776e-01
1.650273817241317750e+15,3.633368041767470746e-01
1.650273817243208500e+15,3.622445681868746159e-01
1.650273817245099000e+15,3.628041418828703568e-01
1.650273817246989750e+15,3.633637895769745718e-01
1.650273817248880250e+15,3.639233632729703682e-01
1.650273817250771000e+15,3.644830109670745832e-01
1.650273817252661500e+15,3.650425846630703797e-01
1.650273817254552250e+15,3.656022323571745947e-01
1.650273817256443000e+15,3.661618800512788097e-01
1.650273817258333500e+15,3.667214537472746061e-01
1.650273817260224250e+15,3.672811014413787656e-01
1.650273817262114750e+15,3.678406751373745620e-01
1.650273817264005500e+15,3.672138079320720339e-01
1.650273817265896000e+15,3.650626790089396279e-01
1.650273817267786750e+15,3.629112656201998188e-01
1.650273817269677250e+15,3.607601366970674683e-01
1.650273817271568000e+15,3.586087233083276038e-01
1.650273817273458750e+15,3.564573099195878503e-01
1.650273817275349250e+15,3.564969802241169106e-01
1.650273817277240000e+15,3.573336668459817234e-01
1.650273817279130500e+15,3.581702428389134107e-01
1.650273817281021250e+15,3.590069294607782791e-01
1.650273817282911750e+15,3.598435054537099109e-01
1.650273817284802500e+15,3.606801920755748347e-01
1.650273817286693250e+15,3.615168786974397030e-01
1.650273817288583750e+15,3.627916142206689676e-01
1.650273817290474500e+15,3.647259492451972451e-01
1.650273817292365000e+15,3.666600285067975751e-01
1.650273817294255750e+15,3.685943635313257971e-01
1.650273817296146250e+15,3.705284427929260715e-01
1.650273817298037000e+15,3.724627778174544046e-01
1.650273817299927500e+15,3.743968570790546790e-01
1.650273817301818250e+15,3.763311921035829566e-01
1.650273817303709000e+15,3.782655271281112341e-01
1.650273817305599500e+15,3.801996063897115086e-01
1.650273817307490250e+15,3.787448861808208056e-01
1.650273817309380750e+15,3.768384086201351790e-01
1.650273817311271500e+15,3.749316789465745314e-01
1.650273817313162000e+15,3.730252013858889049e-01
1.650273817315052750e+15,3.711184717123282573e-01
1.650273817316943500e+15,3.692117420387676652e-01
1.650273817318834000e+15,3.695482085383292037e-01
1.650273817320724750e+15,3.726721389856612054e-01
1.650273817322615250e+15,3.757956563785905812e-01
1.650273817324506000e+15,3.789195868259226385e-01
1.650273817326396500e+15,3.820431042188519033e-01
1.650273817328287250e+15,3.851670346661839051e-01
1.650273817330177750e+15,3.882905520591132809e-01
1.650273817332068500e+15,3.914144825064452826e-01
1.650273817333959250e+15,3.933186287894185340e-01
1.650273817335849750e+15,3.943707318884155377e-01
1.650273817337740500e+15,3.954229741176822355e-01
1.650273817339631000e+15,3.964750772166791837e-01
1.650273817341521750e+15,3.975273194459458259e-01
1.650273817343412250e+15,3.985794225449428296e-01
1.650273817345303000e+15,3.996316647742094719e-01
1.650273817347193750e+15,4.006839070034761141e-01
1.650273817349084250e+15,4.017360101024731733e-01
1.650273817350975000e+15,4.027882523317398156e-01
1.650273817352865500e+15,4.038403554307368193e-01
1.650273817354756250e+15,4.048925976600034615e-01
1.650273817356646750e+15,4.028667963929094542e-01
1.650273817358537500e+15,4.005931076719336792e-01
1.650273817360428000e+15,3.983197195841354787e-01
1.650273817362318750e+15,3.960460308631597037e-01
1.650273817364209500e+15,3.937723421421839842e-01
1.650273817366100000e+15,3.926990816987245836e-01
1.650273817367990750e+15,3.926990816987245836e-01
1.650273817369881250e+15,3.926990816987245836e-01
1.650273817371772000e+15,3.926990816987245836e-01
1.650273817373662500e+15,3.926990816987245836e-01
1.650273817375553250e+15,3.934253525898445680e-01
1.650273817377444000e+15,3.941683238801921840e-01
1.650273817379334500e+15,3.949111969328973348e-01
1.650273817381225250e+15,3.956541682232449508e-01
1.650273817383115750e+15,3.963970412759501571e-01
1.650273817385006500e+15,3.971400125662977731e-01
1.650273817386897000e+15,3.978828856190029239e-01
1.650273817388787750e+15,3.986258569093505399e-01
1.650273817390678250e+15,3.988350048502669054e-01
1.650273817392569000e+15,3.988350048502669054e-01
1.650273817394459750e+15,3.988350048502669054e-01
1.650273817396350250e+15,3.988350048502669054e-01
1.650273817398241000e+15,3.988350048502669054e-01
1.650273817400131500e+15,3.988350048502669054e-01
1.650273817402022250e+15,3.988350048502669054e-01
1.650273817403912750e+15,3.988350048502669054e-01
1.650273817405803500e+15,3.988350048502669054e-01
1.650273817407694250e+15,3.988350048502669054e-01
1.650273817409584750e+15,3.988350048502669054e-01
1.650273817411475500e+15,3.988350048502669054e-01
1.650273817413366000e+15,3.988350048502669609e-01
1.650273817415256750e+15,3.988350048502669054e-01
1.650273817417147250e+15,3.988350048502669609e-01
1.650273817419038000e+15,3.989032437662000108e-01
1.650273817420928500e+15,3.997146001848885799e-01
1.650273817422819250e+15,4.005260638974700860e-01
1.650273817424710000e+15,4.013375276100515920e-01
1.650273817426600500e+15,4.021488840287401612e-01
1.650273817428491250e+15,4.029603477413217227e-01
1.650273817430381750e+15,4.037717041600102919e-01
1.650273817432272500e+15,4.045831678725917979e-01
1.650273817434163000e+15,4.049709280018090607e-01
1.650273817436053750e+15,4.049709280018091162e-01
1.650273817437944500e+15,4.049709280018091162e-01
1.650273817439835000e+15,4.049709280018091162e-01
1.650273817441725750e+15,4.049709280018091162e-01
1.650273817443616250e+15,4.049709280018092272e-01
1.650273817445507000e+15,4.049709280018092272e-01
1.650273817447397500e+15,4.049709280018092272e-01
1.650273817449288250e+15,4.049709280018092272e-01
1.650273817451178750e+15,4.049709280018092272e-01
1.650273817453069500e+15,4.049709280018092272e-01
1.650273817454960250e+15,4.049709280018092272e-01
1.650273817456850750e+15,4.049709280018092272e-01
1.650273817458741500e+15,4.049709280018092827e-01
1.650273817460632000e+15,4.049709280018092272e-01
1.650273817462522750e+15,4.049709280018092272e-01
1.650273817464413250e+15,4.049709280018091717e-01
1.650273817466304000e+15,4.049709280018092272e-01
1.650273817468194750e+15,4.049709280018092272e-01
1.650273817470085250e+15,4.049709280018091717e-01
1.650273817471976000e+15,4.049709280018092272e-01
1.650273817473866500e+15,4.049709280018091717e-01
1.650273817475757250e+15,4.049709280018092272e-01
1.650273817477647750e+15,4.049075523315216474e-01
1.650273817479538500e+15,4.044098262729700632e-01
1.650273817481429000e+15,4.039121660250833967e-01
1.650273817483319750e+15,4.034144399665318681e-01
1.650273817485210500e+15,4.029167139079802284e-01
1.650273817487101000e+15,4.024190536600935619e-01
1.650273817488991750e+15,4.019213276015419778e-01
1.650273817490882250e+15,4.014236673536553113e-01
1.650273817492773000e+15,4.009259412951037271e-01
1.650273817494663500e+15,4.004282810472170051e-01
1.650273817496554250e+15,3.999305549886654765e-01
1.650273817498445000e+15,3.994328289301138368e-01
1.650273817500335500e+15,3.989351686822272258e-01
1.650273817502226250e+15,3.992429095047090315e-01
1.650273817504116750e+15,3.997535161918290281e-01
1.650273817506007500e+15,4.002641904016528418e-01
1.650273817507898000e+15,4.007747970887728384e-01
1.650273817509788750e+15,4.012854712985967076e-01
1.650273817511679250e+15,4.017960779857165932e-01
1.650273817513570000e+15,4.023067521955404624e-01
1.650273817515460750e+15,4.028174264053643316e-01
1.650273817517351250e+15,4.033280330924842727e-01
1.650273817519242000e+15,4.038387073023081975e-01
1.650273817521132500e+15,4.043493139894281385e-01
1.650273817523023250e+15,4.048599881992519522e-01
1.650273817524913750e+15,4.049709280018092272e-01
1.650273817526804500e+15,4.049709280018092272e-01
1.650273817528695250e+15,4.049709280018091717e-01
1.650273817530585750e+15,4.049709280018091162e-01
1.650273817532476500e+15,4.049709280018091162e-01
1.650273817534367000e+15,4.049709280018091162e-01
1.650273817536257750e+15,4.049709280018091162e-01
1.650273817538148250e+15,4.049709280018090607e-01
1.650273817540039000e+15,4.049709280018090607e-01
1.650273817541929500e+15,4.049709280018090607e-01
1.650273817543820250e+15,4.049709280018090052e-01
1.650273817545711000e+15,4.049709280018090052e-01
1.650273817547601500e+15,4.065920544324292951e-01
1.650273817549492250e+15,4.089417246499035818e-01
1.650273817551382750e+15,4.112910841877246426e-01
1.650273817553273500e+15,4.136407544051989849e-01
1.650273817555164000e+15,4.159901139430200456e-01
1.650273817557054750e+15,4.162787294242280556e-01
1.650273817558945500e+15,4.142138550451625600e-01
1.650273817560836000e+15,4.121492536892862324e-01
1.650273817562726750e+15,4.100843793102207924e-01
1.650273817564617250e+15,4.080197779543444092e-01
1.650273817566508000e+15,4.059549035752790247e-01
1.650273817568398500e+15,4.071769397952332836e-01
1.650273817570289250e+15,4.113922170043455839e-01
1.650273817572179750e+15,4.156069368582800960e-01
1.650273817574070500e+15,4.198222140673922853e-01
1.650273817575961250e+15,4.240374912765045856e-01
1.650273817577851750e+15,4.282522111304390977e-01
1.650273817579742500e+15,4.304456585520989309e-01
1.650273817581633000e+15,4.317745579355324326e-01
1.650273817583523750e+15,4.331036330528172384e-01
1.650273817585414250e+15,4.344325324362506846e-01
1.650273817587305000e+15,4.355641992762708248e-01
1.650273817589195750e+15,4.345309345186310623e-01
1.650273817591086250e+15,4.334978063820091876e-01
1.650273817592977000e+15,4.324645416243694251e-01
1.650273817594867500e+15,4.314314134877476059e-01
1.650273817596758250e+15,4.303981487301078435e-01
1.650273817598648750e+15,4.295146206079795692e-01
1.650273817600539500e+15,4.295146206079797357e-01
1.650273817602430000e+15,4.295146206079798468e-01
1.650273817604320750e+15,4.295146206079799023e-01
1.650273817606211500e+15,4.295146206079799578e-01
1.650273817608102000e+15,4.295146206079800688e-01
1.650273817609992750e+15,4.295146206079802353e-01
1.650273817611883250e+15,4.302503303607453367e-01
1.650273817613774000e+15,4.323164918387112921e-01
1.650273817615664500e+15,4.343823801233044346e-01
1.650273817617555250e+15,4.364485416012703345e-01
1.650273817619446000e+15,4.385147030792362344e-01
1.650273817621336500e+15,4.405805913638294324e-01
1.650273817623227250e+15,4.417864669110647680e-01
1.650273817625117750e+15,4.417864669110647124e-01
1.650273817627008500e+15,4.417864669110646014e-01
1.650273817628899000e+15,4.417864669110644904e-01
1.650273817630789750e+15,4.417864669110644349e-01
1.650273817632680250e+15,4.417864669110643794e-01
1.650273817634571000e+15,4.417864669110642684e-01
1.650273817636461750e+15,4.417864669110642684e-01
1.650273817638352250e+15,4.417864669110642128e-01
1.650273817640243000e+15,4.417864669110642128e-01
1.650273817642133500e+15,4.417864669110642128e-01
1.650273817644024250e+15,4.417864669110641573e-01
1.650273817645914750e+15,4.417864669110641573e-01
1.650273817647805500e+15,4.417864669110641573e-01
1.650273817649696250e+15,4.417864669110641573e-01
1.650273817651586750e+15,4.417864669110641018e-01
1.650273817653477500e+15,4.417864669110641573e-01
1.650273817655368000e+15,4.417864669110641018e-01
1.650273817657258750e+15,4.417864669110640463e-01
1.650273817659149250e+15,4.417864669110639908e-01
1.650273817661040000e+15,4.417864669110640463e-01
1.650273817662930500e+15,4.417864669110640463e-01
1.650273817664821250e+15,4.417864669110640463e-01
1.650273817666712000e+15,4.417864669110640463e-01
1.650273817668602500e+15,4.417864669110641018e-01
1.650273817670493250e+15,4.417864669110640463e-01
1.650273817672383750e+15,4.416468782462272813e-01
1.650273817674274500e+15,4.393862592480239915e-01
1.650273817676165000e+15,4.371259391548846795e-01
1.650273817678055750e+15,4.348653201566814452e-01
1.650273817679946500e+15,4.326047011584782109e-01
1.650273817681837000e+15,4.303443810653388990e-01
1.650273817683727750e+15,4.320636672213987173e-01
1.650273817685618250e+15,4.360903834300219328e-01
1.650273817687509000e+15,4.401176321321930152e-01
1.650273817689399500e+15,4.441443483408161752e-01
1.650273817691290250e+15,4.481715970429872575e-01
1.650273817693180750e+15,4.521983132516105286e-01
1.650273817695071500e+15,4.537429312275515492e-01
1.650273817696962250e+15,4.531568786563867079e-01
1.650273817698852750e+15,4.525709035746535713e-01
1.650273817700743500e+15,4.519848510034887301e-01
1.650273817702634000e+15,4.513988759217554270e-01
1.650273817704524750e+15,4.508128233505906968e-01
1.650273817706415250e+15,4.502268482688574491e-01
1.650273817708306000e+15,4.496407956976926634e-01
1.650273817710196750e+15,4.490547431265278222e-01
1.650273817712087250e+15,4.484687680447946301e-01
1.650273817713978000e+15,4.480611652482945906e-01
1.650273817715868500e+15,4.501108096900282018e-01
1.650273817717759250e+15,4.521607251770464742e-01
1.650273817719649750e+15,4.542103696187800854e-01
1.650273817721540500e+15,4.562602851057983022e-01
1.650273817723431000e+15,4.583099295475319690e-01
1.650273817725321750e+15,4.601541481594739191e-01
1.650273817727212500e+15,4.596579335872421068e-01
1.650273817729103000e+15,4.591617846258225222e-01
1.650273817730993750e+15,4.586655700535907654e-01
1.650273817732884250e+15,4.581694210921711252e-01
1.650273817734775000e+15,4.576732065199393684e-01
1.650273817736665500e+15,4.571770575585197838e-01
1.650273817738556250e+15,4.566808429862879715e-01
1.650273817740447000e+15,4.561846284140562702e-01
1.650273817742337500e+15,4.556884794526366300e-01
1.650273817744228250e+15,4.551922648804048177e-01
1.650273817746118750e+15,4.546961159189851776e-01
1.650273817748009500e+15,4.541999013467534763e-01
1.650273817749900000e+15,4.550911604827442836e-01
1.650273817751790750e+15,4.565366497300379356e-01
1.650273817753681250e+15,4.579819478508940778e-01
1.650273817755572000e+15,4.594274370981876743e-01
1.650273817757462750e+15,4.597765729875467056e-01
1.650273817759353250e+15,4.588871417102891592e-01
1.650273817761244000e+15,4.579975928145078035e-01
1.650273817763134500e+15,4.571081615372503126e-01
1.650273817765025250e+15,4.562186126414689014e-01
1.650273817766915750e+15,4.553291813642114105e-01
1.650273817768806500e+15,4.544396324684299993e-01
1.650273817770697250e+15,4.540583132141496336e-01
1.650273817772587750e+15,4.540583132141496336e-01
1.650273817774478500e+15,4.540583132141496336e-01
1.650273817776369000e+15,4.540583132141496892e-01
1.650273817778259750e+15,4.540583132141496892e-01
1.650273817780150250e+15,4.540583132141496892e-01
1.650273817782041000e+15,4.540583132141497447e-01
1.650273817783931500e+15,4.540583132141497447e-01
1.650273817785822250e+15,4.540583132141498002e-01
1.650273817787713000e+15,4.540583132141497447e-01
1.650273817789603500e+15,4.540583132141498002e-01
1.650273817791494250e+15,4.545322804161551766e-01
1.650273817793384750e+15,4.553112719357301774e-01
1.650273817795275500e+15,4.560903664692591564e-01
1.650273817797166000e+15,4.568693579888342682e-01
1.650273817799056750e+15,4.576484525223631916e-01
1.650273817800947500e+15,4.584275470558921706e-01
1.650273817802838000e+15,4.592065385754672269e-01
1.650273817804728750e+15,4.599856331089962058e-01
1.650273817806619250e+15,4.594113391749356512e-01
1.650273817808510000e+15,4.583419782477736737e-01
1.650273817810400500e+15,4.572727587143611272e-01
1.650273817812291250e+15,4.562033977871992052e-01
1.650273817814181750e+15,4.551341782537866587e-01
1.650273817816072500e+15,4.540648173266246812e-01
1.650273817817963250e+15,4.569374476916867600e-01
1.650273817819853750e+15,4.598338179084136557e-01
1.650273817821744500e+15,4.627305711415669598e-01
1.650273817823635000e+15,4.656269413582938554e-01
1.650273817825525750e+15,4.685236945914471596e-01
1.650273817827416250e+15,4.714200648081740552e-01
1.650273817829307000e+15,4.724660826687772097e-01
1.650273817831197750e+15,4.724660826687772652e-01
1.650273817833088250e+15,4.724660826687772097e-01
1.650273817834979000e+15,4.724660826687772652e-01
1.650273817836869500e+15,4.724660826687772097e-01
1.650273817838760250e+15,4.724660826687772097e-01
1.650273817840650750e+15,4.724660826687772097e-01
1.650273817842541500e+15,4.724660826687772652e-01
1.650273817844432000e+15,4.724660826687772097e-01
1.650273817846322750e+15,4.724660826687772097e-01
1.650273817848213500e+15,4.724660826687772097e-01
1.650273817850104000e+15,4.736638554360452780e-01
1.650273817851994750e+15,4.755814581961740339e-01
1.650273817853885250e+15,4.774988074057592846e-01
1.650273817855776000e+15,4.794164101658879851e-01
1.650273817857666500e+15,4.813337593754732913e-01
1.650273817859557250e+15,4.832513621356020472e-01
1.650273817861448000e+15,4.842738308513058199e-01
1.650273817863338500e+15,4.822094132115138931e-01
1.650273817865229250e+15,4.801447225728275314e-01
1.650273817867119750e+15,4.780803049330356602e-01
1.650273817869010500e+15,4.760156142943492430e-01
1.650273817870901000e+15,4.739511966545573718e-01
1.650273817872791750e+15,4.726285329712008321e-01
1.650273817874682250e+15,4.732071713070112873e-01
1.650273817876573000e+15,4.737858861620409812e-01
1.650273817878463750e+15,4.743646010170706750e-01
1.650273817880354250e+15,4.749432393528811303e-01
1.650273817882245000e+15,4.755219542079108797e-01
1.650273817884135500e+15,4.761005925437212793e-01
1.650273817886026250e+15,4.766793073987509732e-01
1.650273817887916750e+15,4.772579457345614840e-01
1.650273817889807500e+15,4.778366605895911778e-01
1.650273817891698250e+15,4.784153754446208162e-01
1.650273817893588750e+15,4.793047945500950591e-01
1.650273817895479500e+15,4.803423099050207479e-01
1.650273817897370000e+15,4.813796880769033448e-01
1.650273817899260750e+15,4.824172034318290336e-01
1.650273817901151250e+15,4.834545816037116306e-01
1.650273817903042000e+15,4.844920969586373194e-01
1.650273817904932500e+15,4.847379289718630191e-01
1.650273817906823250e+15,4.847379289718628526e-01
1.650273817908714000e+15,4.847379289718626305e-01
1.650273817910604500e+15,4.847379289718624085e-01
1.650273817912495250e+15,4.847379289718621864e-01
1.650273817914385750e+15,4.847379289718619644e-01
1.650273817916276500e+15,4.847379289718618534e-01
1.650273817918167000e+15,4.847379289718617978e-01
1.650273817920057750e+15,4.847379289718618534e-01
1.650273817921948500e+15,4.847379289718618534e-01
1.650273817923839000e+15,4.847379289718618534e-01
1.650273817925729750e+15,4.847379289718619089e-01
1.650273817927620250e+15,4.847379289718619089e-01
1.650273817929511000e+15,4.847379289718619644e-01
1.650273817931401500e+15,4.847379289718619644e-01
1.650273817933292250e+15,4.847379289718620199e-01
1.650273817935183000e+15,4.847379289718620754e-01
1.650273817937073500e+15,4.847379289718621864e-01
1.650273817938964250e+15,4.847379289718622419e-01
1.650273817940854750e+15,4.847379289718623530e-01
1.650273817942745500e+15,4.847379289718624640e-01
1.650273817944636000e+15,4.847379289718625195e-01
1.650273817946526750e+15,4.847379289718626305e-01
1.650273817948417250e+15,4.847379289718627415e-01
1.650273817950308000e+15,4.847379289718627970e-01
1.650273817952198750e+15,4.847379289718627415e-01
1.650273817954089250e+15,4.847379289718627415e-01
1.650273817955980000e+15,4.847379289718627415e-01
1.650273817957870500e+15,4.847379289718627415e-01
1.650273817959761250e+15,4.847379289718627970e-01
1.650273817961651750e+15,4.847379289718628526e-01
1.650273817963542500e+15,4.847379289718629081e-01
1.650273817965433250e+15,4.847379289718630191e-01
1.650273817967323750e+15,4.847379289718630746e-01
1.650273817969214500e+15,4.847379289718631301e-01
1.650273817971105000e+15,4.847379289718631856e-01
1.650273817972995750e+15,4.847379289718630746e-01
1.650273817974886250e+15,4.847379289718629081e-01
1.650273817976777000e+15,4.847379289718628526e-01
1.650273817978667500e+15,4.847379289718626305e-01
1.650273817980558250e+15,4.847379289718625195e-01
1.650273817982449000e+15,4.847379289718624085e-01
1.650273817984339500e+15,4.847379289718623530e-01
1.650273817986230250e+15,4.847379289718621309e-01
1.650273817988120750e+15,4.847379289718620199e-01
1.650273817990011500e+15,4.847379289718619644e-01
1.650273817991902000e+15,4.847379289718619089e-01
1.650273817993792750e+15,4.847379289718620754e-01
1.650273817995683500e+15,4.847379289718622974e-01
1.650273817997574000e+15,4.847379289718624640e-01
1.650273817999464750e+15,4.847379289718626305e-01
1.650273818001355250e+15,4.847379289718627970e-01
1.650273818003246000e+15,4.847379289718629636e-01
1.650273818005136500e+15,4.847379289718631856e-01
1.650273818007027250e+15,4.853803465549039742e-01
1.650273818008917750e+15,4.863595769042192707e-01
1.650273818010808500e+15,4.873389367471011591e-01
1.650273818012699250e+15,4.883182965899829364e-01
1.650273818014589750e+15,4.892975269392983995e-01
1.650273818016480500e+15,4.902768867821802323e-01
1.650273818018371000e+15,4.908738521234052854e-01
1.650273818020261750e+15,4.908738521234052854e-01
1.650273818022152250e+15,4.908738521234053409e-01
1.650273818024043000e+15,4.908738521234052854e-01
1.650273818025933750e+15,4.908738521234052854e-01
1.650273818027824250e+15,4.908738521234053409e-01
1.650273818029715000e+15,4.912874756228297612e-01
1.650273818031605500e+15,4.918112232622550151e-01
1.650273818033496250e+15,4.923350401621456873e-01
1.650273818035386750e+15,4.928587878015708856e-01
1.650273818037277500e+15,4.933826047014616134e-01
1.650273818039168000e+15,4.939063523408868672e-01
1.650273818041058750e+15,4.944301692407775950e-01
1.650273818042949500e+15,4.949539861406682117e-01
1.650273818044840000e+15,4.954777337800935211e-01
1.650273818046730750e+15,4.960015506799841933e-01
1.650273818048621250e+15,4.965252983194094472e-01
1.650273818050512000e+15,4.971023683767031298e-01
1.650273818052402500e+15,4.983350955518350833e-01
1.650273818054293250e+15,4.995679857429913273e-01
1.650273818056184000e+15,5.008008759341474603e-01
1.650273818058074500e+15,5.020336031092794693e-01
1.650273818059965250e+15,5.032605029678322017e-01
1.650273818061855750e+15,5.044320980307542834e-01
1.650273818063746500e+15,5.056038480255810041e-01
1.650273818065637000e+15,5.067754430885029748e-01
1.650273818067527750e+15,5.079471930833296955e-01
1.650273818069418250e+15,5.091187881462517772e-01
1.650273818071309000e+15,5.066363882236210037e-01
1.650273818073199750e+15,5.035642291543001026e-01
1.650273818075090250e+15,5.004924762940322625e-01
1.650273818076981000e+15,4.974203172247112503e-01
1.650273818078871500e+15,4.943485643644434657e-01
1.650273818080762250e+15,4.912764052951224536e-01
1.650273818082652750e+15,4.946618219682743511e-01
1.650273818084543500e+15,4.990216478603372030e-01
1.650273818086434250e+15,5.033814737524001659e-01
1.650273818088324750e+15,5.077407231766735141e-01
1.650273818090215500e+15,5.121005490687363659e-01
1.650273818092106000e+15,5.164597984930097141e-01
1.650273818093996750e+15,5.208196243850726770e-01
1.650273818095887250e+15,5.205465578325836340e-01
1.650273818097778000e+15,5.193356720483460753e-01
1.650273818099668500e+15,5.181249463706514291e-01
1.650273818101559250e+15,5.169140605864138704e-01
1.650273818103450000e+15,5.157031748021763118e-01
1.650273818105340500e+15,5.162022931462741937e-01
1.650273818107231250e+15,5.172294742254525124e-01
1.650273818109121750e+15,5.182565194880132120e-01
1.650273818111012500e+15,5.192837005671915307e-01
1.650273818112903000e+15,5.203107458297522303e-01
1.650273818114793750e+15,5.213379269089304380e-01
1.650273818116684500e+15,5.223651079881087567e-01
1.650273818118575000e+15,5.233921532506694563e-01
1.650273818120465750e+15,5.244193343298477750e-01
1.650273818122356250e+15,5.254463795924084746e-01
1.650273818124247000e+15,5.264735606715866822e-01
1.650273818126137500e+15,5.275006059341474929e-01
1.650273818128028250e+15,5.276893910326608816e-01
1.650273818129918750e+15,5.276893910326607706e-01
1.650273818131809500e+15,5.276893910326605486e-01
1.650273818133700250e+15,5.276893910326604376e-01
1.650273818135590750e+15,5.276893910326602155e-01
1.650273818137481500e+15,5.276893910326599935e-01
1.650273818139372000e+15,5.276893910326602155e-01
1.650273818141262750e+15,5.276893910326603265e-01
1.650273818143153250e+15,5.276893910326604376e-01
1.650273818145044000e+15,5.276893910326606596e-01
1.650273818146934750e+15,5.276893910326607706e-01
1.650273818148825250e+15,5.276893910326608816e-01
1.650273818150716000e+15,5.278827928226802468e-01
1.650273818152606500e+15,5.290009154038157746e-01
1.650273818154497250e+15,5.301191858456469896e-01
1.650273818156387750e+15,5.312373084267825174e-01
1.650273818158278500e+15,5.323555788686138435e-01
1.650273818160169000e+15,5.334737014497493712e-01
1.650273818162059750e+15,5.345919718915805863e-01
1.650273818163950500e+15,5.357102423334119123e-01
1.650273818165841000e+15,5.368283649145473291e-01
1.650273818167731750e+15,5.379466353563786551e-01
1.650273818169622250e+15,5.390647579375142939e-01
1.650273818171513000e+15,5.396833310776237846e-01
1.650273818173403500e+15,5.382823129950128349e-01
1.650273818175294250e+15,5.368811096415633255e-01
1.650273818177185000e+15,5.354799062881137051e-01
1.650273818179075500e+15,5.340788882055027553e-01
1.650273818180966250e+15,5.326776848520531349e-01
1.650273818182856750e+15,5.312766667694422962e-01
1.650273818184747500e+15,5.298754634159926757e-01
1.650273818186638000e+15,5.284744453333818370e-01
1.650273818188528750e+15,5.270732419799321056e-01
1.650273818190419250e+15,5.256722238973212669e-01
1.650273818192310000e+15,5.242710205438716464e-01
1.650273818194200750e+15,5.228698171904220260e-01
1.650273818196091250e+15,5.216364135589020012e-01
1.650273818197982000e+15,5.230091010010765595e-01
1.650273818199872500e+15,5.243816069428619553e-01
1.650273818201763250e+15,5.257542943850366246e-01
1.650273818203653750e+15,5.271268003268220204e-01
1.650273818205544500e+15,5.284994877689965787e-01
1.650273818207435250e+15,5.298721752111710259e-01
1.650273818209325750e+15,5.312446811529565327e-01
1.650273818211216500e+15,5.326173685951310910e-01
1.650273818213107000e+15,5.339898745369164867e-01
1.650273818214997750e+15,5.353625619790910450e-01
1.650273818216888250e+15,5.367350679208764408e-01
1.650273818218779000e+15,5.381077553630511101e-01
1.650273818220669500e+15,5.394802613048365059e-01
1.650273818222560250e+15,5.399612373357451922e-01
1.650273818224451000e+15,5.399612373357451922e-01
1.650273818226341500e+15,5.399612373357453032e-01
1.650273818228232250e+15,5.399612373357453032e-01
1.650273818230122750e+15,5.399612373357454143e-01
1.650273818232013500e+15,5.392569874369317340e-01
1.650273818233904000e+15,5.376223840806305665e-01
1.650273818235794750e+15,5.359875645641394293e-01
1.650273818237685500e+15,5.343527450476482921e-01
1.650273818239576000e+15,5.327181416913471246e-01
1.650273818241466750e+15,5.310833221748559874e-01
1.650273818243357250e+15,5.294487188185548199e-01
1.650273818245248000e+15,5.278138993020636827e-01
1.650273818247138500e+15,5.295943576639230432e-01
1.650273818249029250e+15,5.316566626499296122e-01
1.650273818250919750e+15,5.337186949524790336e-01
1.650273818252810500e+15,5.357809999384854915e-01
1.650273818254701250e+15,5.378433049244920605e-01
1.650273818256591750e+15,5.399053372270414819e-01
1.650273818258482500e+15,5.399612373357457473e-01
1.650273818260373000e+15,5.399612373357457473e-01
1.650273818262263750e+15,5.399612373357456363e-01
1.650273818264154250e+15,5.399612373357455253e-01
1.650273818266045000e+15,5.399612373357455253e-01
1.650273818267935750e+15,5.399612373357454143e-01
1.650273818269826250e+15,5.399612373357454143e-01
1.650273818271717000e+15,5.399612373357454143e-01
1.650273818273607500e+15,5.399612373357454143e-01
1.650273818275498250e+15,5.399612373357454143e-01
1.650273818277388750e+15,5.399612373357454143e-01
1.650273818279279500e+15,5.399612373357454143e-01
1.650273818281170000e+15,5.399612373357454143e-01
1.650273818283060750e+15,5.399612373357454143e-01
1.650273818284951500e+15,5.399612373357454143e-01
1.650273818286842000e+15,5.399612373357454143e-01
1.650273818288732750e+15,5.399612373357453032e-01
1.650273818290623250e+15,5.399612373357453032e-01
1.650273818292514000e+15,5.399612373357451922e-01
1.650273818294404500e+15,5.399612373357451922e-01
1.650273818296295250e+15,5.399612373357451922e-01
1.650273818298186000e+15,5.399612373357451922e-01
1.650273818300076500e+15,5.399612373357451922e-01
1.650273818301967250e+15,5.399612373357451922e-01
1.650273818303857750e+15,5.399612373357451922e-01
1.650273818305748500e+15,5.399612373357451922e-01
1.650273818307639000e+15,5.399612373357453032e-01
1.650273818309529750e+15,5.399612373357453032e-01
1.650273818311420250e+15,5.399612373357454143e-01
1.650273818313311000e+15,5.399612373357453032e-01
1.650273818315201750e+15,5.399612373357454143e-01
1.650273818317092250e+15,5.399612373357455253e-01
1.650273818318983000e+15,5.399612373357456363e-01
1.650273818320873500e+15,5.399612373357457473e-01
1.650273818322764250e+15,5.399612373357458583e-01
1.650273818324654750e+15,5.399612373357458583e-01
1.650273818326545500e+15,5.409111169304920974e-01
1.650273818328436250e+15,5.420649780572293075e-01
1.650273818330326750e+15,5.432186866173756012e-01
1.650273818332217500e+15,5.443725477441128113e-01
1.650273818334108000e+15,5.455262563042591051e-01
1.650273818335998750e+15,5.466801174309962041e-01
1.650273818337889250e+15,5.478338259911426089e-01
1.650273818339780000e+15,5.489876871178798190e-01
1.650273818341670500e+15,5.501413956780261127e-01
1.650273818343561250e+15,5.512952568047633228e-01
1.650273818345452000e+15,5.518193471063269628e-01
1.650273818347342500e+15,5.496098303981381550e-01
1.650273818349233250e+15,5.474000215031326055e-01
1.650273818351123750e+15,5.451905047949437977e-01
1.650273818353014500e+15,5.429806958999382482e-01
1.650273818354905000e+15,5.407711791917495514e-01
1.650273818356795750e+15,5.399612373357457473e-01
1.650273818358686500e+15,5.399612373357458583e-01
1.650273818360577000e+15,5.399612373357458583e-01
1.650273818362467750e+15,5.399612373357457473e-01
1.650273818364358250e+15,5.399612373357456363e-01
1.650273818366249000e+15,5.399612373357456363e-01
1.650273818368139500e+15,5.399612373357456363e-01
1.650273818370030250e+15,5.399612373357456363e-01
1.650273818371920750e+15,5.399612373357455253e-01
1.650273818373811500e+15,5.399612373357454143e-01
1.650273818375702250e+15,5.399612373357454143e-01
1.650273818377592750e+15,5.399612373357454143e-01
1.650273818379483500e+15,5.427613960305620600e-01
1.650273818381374000e+15,5.483249273101741261e-01
1.650273818383264750e+15,5.538891943119865768e-01
1.650273818385155250e+15,5.594527255915985320e-01
1.650273818387046000e+15,5.645899441258043217e-01
1.650273818388936750e+15,5.655137404947003787e-01
1.650273818390827250e+15,5.664374147167803297e-01
1.650273818392718000e+15,5.673612110856762758e-01
1.650273818394608500e+15,5.682848853077562268e-01
1.650273818396499250e+15,5.692086816766522839e-01
1.650273818398389750e+15,5.701323558987323459e-01
1.650273818400280500e+15,5.710561522676282920e-01
1.650273818402171000e+15,5.719798264897084650e-01
1.650273818404061750e+15,5.729036228586044111e-01
1.650273818405952500e+15,5.738274192275003571e-01
1.650273818407843000e+15,5.747510934495803081e-01
1.650273818409733750e+15,5.756748898184763652e-01
1.650273818411624250e+15,5.765985640405564272e-01
1.650273818413515000e+15,5.753082350390330557e-01
1.650273818415405500e+15,5.734889184270518525e-01
1.650273818417296250e+15,5.716693612283724191e-01
1.650273818419187000e+15,5.698498040296929856e-01
1.650273818421077500e+15,5.680304874177117824e-01
1.650273818422968250e+15,5.662109302190323490e-01
1.650273818424858750e+15,5.645049299419153677e-01
1.650273818426749500e+15,5.645049299419155897e-01
1.650273818428640000e+15,5.645049299419157007e-01
1.650273818430530750e+15,5.645049299419158118e-01
1.650273818432421250e+15,5.645049299419160338e-01
1.650273818434312000e+15,5.645049299419160338e-01
1.650273818436202750e+15,5.645049299419162558e-01
1.650273818438093250e+15,5.645049299419162558e-01
1.650273818439984000e+15,5.645049299419162558e-01
1.650273818441874500e+15,5.645049299419162558e-01
1.650273818443765250e+15,5.645049299419162558e-01
1.650273818445655750e+15,5.645049299419162558e-01
1.650273818447546500e+15,5.648995260607297952e-01
1.650273818449437250e+15,5.660716904152414131e-01
1.650273818451327750e+15,5.672436997830606620e-01
1.650273818453218500e+15,5.684158641375722798e-01
1.650273818455109000e+15,5.695878735053915287e-01
1.650273818456999750e+15,5.707600378599031465e-01
1.650273818458890250e+15,5.719320472277223955e-01
1.650273818460781000e+15,5.731042115822341243e-01
1.650273818462671500e+15,5.742762209500533732e-01
1.650273818464562250e+15,5.754483853045649910e-01
1.650273818466453000e+15,5.766205496590764978e-01
1.650273818468343500e+15,5.776482837071892362e-01
1.650273818470234250e+15,5.786539612989696213e-01
1.650273818472124750e+15,5.796595059173808018e-01
1.650273818474015500e+15,5.806651835091612979e-01
1.650273818475906000e+15,5.816707281275724783e-01
1.650273818477796750e+15,5.826764057193529744e-01
1.650273818479687500e+15,5.823182176256992415e-01
1.650273818481578000e+15,5.815412609801540178e-01
1.650273818483468750e+15,5.807642015897468424e-01
1.650273818485359250e+15,5.799872449442015077e-01
1.650273818487250000e+15,5.792101855537943322e-01
1.650273818489140500e+15,5.784332289082489975e-01
1.650273818491031250e+15,5.776561695178418221e-01
1.650273818492921750e+15,5.768792128722965984e-01
1.650273818494812500e+15,5.767767762450011215e-01
1.650273818496703250e+15,5.767767762450012325e-01
1.650273818498593750e+15,5.767767762450012325e-01
1.650273818500484500e+15,5.767767762450013436e-01
1.650273818502375000e+15,5.767767762450013436e-01
1.650273818504265750e+15,5.767767762450013436e-01
1.650273818506156250e+15,5.767767762450013436e-01
1.650273818508047000e+15,5.767767762450014546e-01
1.650273818509937750e+15,5.767767762450015656e-01
1.650273818511828250e+15,5.767767762450015656e-01
1.650273818513719000e+15,5.766125205889484073e-01
1.650273818515609500e+15,5.761340532272097859e-01
1.650273818517500250e+15,5.756555225928763342e-01
1.650273818519390750e+15,5.751770552311377127e-01
1.650273818521281500e+15,5.746985245968043721e-01
1.650273818523172000e+15,5.742200572350657506e-01
1.650273818525062750e+15,5.737415266007321879e-01
1.650273818526953500e+15,5.732629959663988473e-01
1.650273818528844000e+15,5.727845286046602258e-01
1.650273818530734750e+15,5.723059979703267741e-01
1.650273818532625250e+15,5.718275306085881526e-01
1.650273818534516000e+15,5.713489999742548120e-01
1.650273818536406500e+15,5.708705326125160795e-01
1.650273818538297250e+15,5.719720857586738649e-01
1.650273818540188000e+15,5.745319923559329967e-01
1.650273818542078500e+15,5.770915604755250117e-01
1.650273818543969250e+15,5.796514670727842544e-01
1.650273818545859750e+15,5.822110351923762694e-01
1.650273818547750500e+15,5.829126993965435544e-01
1.650273818549641000e+15,5.829126993965436654e-01
1.650273818551531750e+15,5.829126993965435544e-01
1.650273818553422250e+15,5.829126993965436654e-01
1.650273818555313000e+15,5.829126993965436654e-01
1.650273818557203750e+15,5.825314660408992262e-01
1.650273818559094250e+15,5.816762638352082071e-01
1.650273818560985000e+15,5.808209485374510317e-01
1.650273818562875500e+15,5.799657463317601236e-01
1.650273818564766250e+15,5.791104310340029482e-01
1.650273818566656750e+15,5.782552288283120401e-01
1.650273818568547500e+15,5.773999135305547536e-01
1.650273818570438250e+15,5.770470296181693381e-01
1.650273818572328750e+15,5.780424782338040579e-01
1.650273818574219500e+15,5.790380584877110604e-01
1.650273818576110000e+15,5.800335071033458911e-01
1.650273818578000750e+15,5.810290873572528936e-01
1.650273818579891250e+15,5.820245359728876133e-01
1.650273818581782000e+15,5.829126993965437764e-01
1.650273818583672500e+15,5.829126993965437764e-01
1.650273818585563250e+15,5.829126993965437764e-01
1.650273818587454000e+15,5.829126993965437764e-01
1.650273818589344500e+15,5.829126993965436654e-01
1.650273818591235250e+15,5.829126993965436654e-01
1.650273818593125750e+15,5.829126993965437764e-01
1.650273818595016500e+15,5.829126993965436654e-01
1.650273818596907000e+15,5.829126993965436654e-01
1.650273818598797750e+15,5.829126993965436654e-01
1.650273818600688500e+15,5.829126993965436654e-01
1.650273818602579000e+15,5.829126993965436654e-01
1.650273818604469750e+15,5.829126993965436654e-01
1.650273818606360250e+15,5.829126993965436654e-01
1.650273818608251000e+15,5.829126993965435544e-01
1.650273818610141500e+15,5.829126993965436654e-01
1.650273818612032250e+15,5.829126993965435544e-01
1.650273818613922750e+15,5.829126993965436654e-01
1.650273818615813500e+15,5.829126993965436654e-01
1.650273818617704250e+15,5.829126993965436654e-01
1.650273818619594750e+15,5.829126993965436654e-01
1.650273818621485500e+15,5.829126993965436654e-01
1.650273818623376000e+15,5.829126993965436654e-01
1.650273818625266750e+15,5.829126993965436654e-01
1.650273818627157250e+15,5.829126993965436654e-01
1.650273818629048000e+15,5.829126993965437764e-01
1.650273818630938750e+15,5.829126993965436654e-01
1.650273818632829250e+15,5.829126993965436654e-01
1.650273818634720000e+15,5.829126993965436654e-01
1.650273818636610500e+15,5.829126993965436654e-01
1.650273818638501250e+15,5.829126993965436654e-01
1.650273818640391750e+15,5.829126993965436654e-01
1.650273818642282500e+15,5.829126993965436654e-01
1.650273818644173000e+15,5.829126993965436654e-01
1.650273818646063750e+15,5.829126993965436654e-01
1.650273818647954500e+15,5.829126993965437764e-01
1.650273818649845000e+15,5.829126993965436654e-01
1.650273818651735750e+15,5.829126993965437764e-01
1.650273818653626250e+15,5.829126993965437764e-01
1.650273818655517000e+15,5.829126993965437764e-01
1.650273818657407500e+15,5.829126993965438874e-01
1.650273818659298250e+15,5.829126993965438874e-01
1.650273818661189000e+15,5.829126993965438874e-01
1.650273818663079500e+15,5.834970062414127634e-01
1.650273818664970250e+15,5.845577630027531946e-01
1.650273818666860750e+15,5.856183795080096566e-01
1.650273818668751500e+15,5.866791362693498657e-01
1.650273818670642000e+15,5.877397527746064387e-01
1.650273818672532750e+15,5.888005095359467589e-01
1.650273818674423250e+15,5.899667288301629897e-01
1.650273818676314000e+15,5.911653543801969057e-01
1.650273818678204750e+15,5.923639799302307107e-01
1.650273818680095250e+15,5.935624469948025395e-01
1.650273818681986000e+15,5.947610725448364555e-01
1.650273818683876500e+15,5.951845456996283090e-01
1.650273818685767250e+15,5.951845456996283090e-01
1.650273818687657750e+15,5.951845456996283090e-01
1.650273818689548500e+15,5.951845456996283090e-01
1.650273818691439250e+15,5.951845456996283090e-01
1.650273818693329750e+15,5.951845456996283090e-01
1.650273818695220500e+15,5.951845456996281980e-01
1.650273818697111000e+15,5.951845456996283090e-01
1.650273818699001750e+15,5.951845456996283090e-01
1.650273818700892250e+15,5.951845456996283090e-01
1.650273818702783000e+15,5.951845456996283090e-01
1.650273818704673500e+15,5.951845456996283090e-01
1.650273818706564250e+15,5.951845456996283090e-01
1.650273818708455000e+15,5.951845456996283090e-01
1.650273818710345500e+15,5.951845456996283090e-01
1.650273818712236250e+15,5.951845456996283090e-01
1.650273818714126750e+15,5.951845456996283090e-01
1.650273818716017500e+15,5.951845456996283090e-01
1.650273818717908000e+15,5.950204014890693172e-01
1.650273818719798750e+15,5.946482723930089920e-01
1.650273818721689500e+15,5.942761432969485558e-01
1.650273818723580000e+15,5.939040634047882961e-01
1.650273818725470750e+15,5.935319343087278599e-01
1.650273818727361250e+15,5.931598544165674891e-01
1.650273818729252000e+15,5.927877253205072750e-01
1.650273818731142500e+15,5.924156454283469042e-01
1.650273818733033250e+15,5.920435163322865790e-01
1.650273818734923750e+15,5.916714364401260973e-01
1.650273818736814500e+15,5.912993073440657721e-01
1.650273818738705250e+15,5.909271782480054469e-01
1.650273818740595750e+15,5.905550983558450762e-01
1.650273818742486500e+15,5.901829692597847510e-01
1.650273818744377000e+15,5.898108893676243802e-01
1.650273818746267750e+15,5.894387602715640551e-01
1.650273818748158250e+15,5.890666803794036843e-01
1.650273818750049000e+15,5.899424303010922799e-01
1.650273818751939750e+15,5.908818227463373818e-01
1.650273818753830250e+15,5.918210909826119304e-01
1.650273818755721000e+15,5.927604834278571433e-01
1.650273818757611500e+15,5.936997516641315809e-01
1.650273818759502250e+15,5.946391441093769048e-01
1.650273818761392750e+15,5.955545071445922378e-01
1.650273818763283500e+15,5.964368844414268400e-01
1.650273818765174000e+15,5.973191450679854464e-01
1.650273818767064750e+15,5.982015223648200486e-01
1.650273818768955500e+15,5.990838996616545398e-01
1.650273818770846000e+15,5.999661602882131461e-01
1.650273818772736750e+15,6.008485375850477483e-01
1.650273818774627250e+15,6.010802742725245285e-01
1.650273818776518000e+15,6.005637569002445497e-01
1.650273818778408500e+15,6.000473078232670954e-01
1.650273818780299250e+15,5.995307904509870056e-01
1.650273818782190000e+15,5.990142730787070269e-01
1.650273818784080500e+15,5.984978240017295725e-01
1.650273818785971250e+15,5.979813066294494828e-01
1.650273818787861750e+15,5.974648575524719174e-01
1.650273818789752500e+15,5.969483401801919387e-01
1.650273818791643000e+15,5.964318911032144843e-01
1.650273818793533750e+15,5.959153737309343946e-01
1.650273818795424250e+15,5.953989246539568292e-01
1.650273818797315000e+15,5.955285754575927459e-01
1.650273818799205750e+15,5.961167077043117990e-01
1.650273818801096250e+15,5.967047621866190532e-01
1.650273818802987000e+15,5.972928944333381063e-01
1.650273818804877500e+15,5.978809489156453605e-01
1.650273818806768250e+15,5.984690811623645246e-01
1.650273818808658750e+15,5.990571356446716678e-01
1.650273818810549500e+15,5.996452678913907208e-01
1.650273818812440250e+15,6.002334001381097739e-01
1.650273818814330750e+15,6.008214546204171391e-01
1.650273818816221500e+15,6.013993888055111370e-01
1.650273818818112000e+15,6.019201503192257441e-01
1.650273818820002750e+15,6.024409806985199234e-01
1.650273818821893250e+15,6.029617422122344195e-01
1.650273818823784000e+15,6.034825725915287098e-01
1.650273818825674500e+15,6.040033341052432059e-01
1.650273818827565250e+15,6.045241644845373852e-01
1.650273818829456000e+15,6.050449948638316755e-01
1.650273818831346500e+15,6.055657563775460606e-01
1.650273818833237250e+15,6.060865867568403509e-01
1.650273818835127750e+15,6.066073482705547359e-01
1.650273818837018500e+15,6.071281786498490263e-01
1.650273818838909000e+15,6.074563920027138408e-01
1.650273818840799750e+15,6.074563920027138408e-01
1.650273818842690500e+15,6.074563920027139519e-01
1.650273818844581000e+15,6.074563920027140629e-01
1.650273818846471750e+15,6.074563920027140629e-01
1.650273818848362250e+15,6.074563920027140629e-01
1.650273818850253000e+15,6.074563920027140629e-01
1.650273818852143500e+15,6.074563920027139519e-01
1.650273818854034250e+15,6.074563920027140629e-01
1.650273818855924750e+15,6.074563920027139519e-01
1.650273818857815500e+15,6.074563920027140629e-01
1.650273818859706250e+15,6.074563920027138408e-01
1.650273818861596750e+15,6.074563920027138408e-01
1.650273818863487500e+15,6.074563920027139519e-01
1.650273818865378000e+15,6.074563920027138408e-01
1.650273818867268750e+15,6.074563920027138408e-01
1.650273818869159250e+15,6.074563920027137298e-01
1.650273818871050000e+15,6.074563920027138408e-01
1.650273818872940750e+15,6.074563920027138408e-01
1.650273818874831250e+15,6.074563920027138408e-01
1.650273818876722000e+15,6.074563920027140629e-01
1.650273818878612500e+15,6.074563920027140629e-01
1.650273818880503250e+15,6.074563920027140629e-01
1.650273818882393750e+15,6.074563920027141739e-01
1.650273818884284500e+15,6.065963071188055222e-01
1.650273818886175000e+15,6.055984608634943367e-01
1.650273818888065750e+15,6.046004826528463827e-01
1.650273818889956500e+15,6.036025044421987618e-01
1.650273818891847000e+15,6.026046581868875762e-01
1.650273818893737750e+15,6.016066799762398443e-01
1.650273818895628250e+15,6.019226057162317955e-01
1.650273818897519000e+15,6.027670264672893019e-01
1.650273818899409500e+15,6.036113355667865887e-01
1.650273818901300250e+15,6.044557563178440951e-01
1.650273818903191000e+15,6.053001770689017125e-01
1.650273818905081500e+15,6.061444861683988883e-01
1.650273818906972250e+15,6.069889069194566167e-01
1.650273818908862750e+15,6.074563920027142849e-01
1.650273818910753500e+15,6.074563920027142849e-01
1.650273818912644000e+15,6.074563920027142849e-01
1.650273818914534750e+15,6.074563920027142849e-01
1.650273818916425250e+15,6.074563920027142849e-01
1.650273818918316000e+15,6.074563920027142849e-01
1.650273818920206750e+15,6.074563920027142849e-01
1.650273818922097250e+15,6.074563920027142849e-01
1.650273818923988000e+15,6.074563920027142849e-01
1.650273818925878500e+15,6.074563920027143960e-01
1.650273818927769250e+15,6.074563920027142849e-01
1.650273818929659750e+15,6.077504142079099836e-01
1.650273818931550500e+15,6.082153295200355414e-01
1.650273818933441250e+15,6.086802448321609882e-01
1.650273818935331750e+15,6.091450986719458838e-01
1.650273818937222500e+15,6.096100139840712195e-01
1.650273818939113000e+15,6.100748678238561151e-01
1.650273818941003750e+15,6.105397831359815619e-01
1.650273818942894250e+15,6.110046369757664575e-01
1.650273818944785000e+15,6.114695522878919043e-01
1.650273818946675500e+15,6.119344061276766888e-01
1.650273818948566250e+15,6.123993214398021356e-01
1.650273818950457000e+15,6.128642367519275824e-01
1.650273818952347500e+15,6.133290905917124780e-01
1.650273818954238250e+15,6.135923151542566067e-01
1.650273818956128750e+15,6.135923151542566067e-01
1.650273818958019500e+15,6.135923151542566067e-01
1.650273818959910000e+15,6.135923151542566067e-01
1.650273818961800750e+15,6.135923151542564957e-01
1.650273818963691500e+15,6.135923151542566067e-01
1.650273818965582000e+15,6.135923151542566067e-01
1.650273818967472750e+15,6.135923151542566067e-01
1.650273818969363250e+15,6.135923151542566067e-01
1.650273818971254000e+15,6.135923151542566067e-01
1.650273818973144500e+15,6.135923151542566067e-01
1.650273818975035250e+15,6.135923151542566067e-01
1.650273818976925750e+15,6.135923151542566067e-01
1.650273818978816500e+15,6.135923151542564957e-01
1.650273818980707250e+15,6.135923151542566067e-01
1.650273818982597750e+15,6.135923151542564957e-01
1.650273818984488500e+15,6.135923151542566067e-01
1.650273818986379000e+15,6.135923151542564957e-01
1.650273818988269750e+15,6.135923151542564957e-01
1.650273818990160250e+15,6.135923151542566067e-01
1.650273818992051000e+15,6.135923151542566067e-01
1.650273818993941750e+15,6.135923151542564957e-01
1.650273818995832250e+15,6.135923151542566067e-01
1.650273818997723000e+15,6.135923151542566067e-01
1.650273818999613500e+15,6.135923151542566067e-01
1.650273819001504250e+15,6.135923151542566067e-01
1.650273819003394750e+15,6.135923151542566067e-01
1.650273819005285500e+15,6.135923151542566067e-01
1.650273819007176250e+15,6.135923151542566067e-01
1.650273819009066750e+15,6.135923151542566067e-01
1.650273819010957500e+15,6.135923151542566067e-01
1.650273819012848000e+15,6.135923151542566067e-01
1.650273819014738750e+15,6.135923151542566067e-01
1.650273819016629250e+15,6.135923151542566067e-01
1.650273819018520000e+15,6.135923151542567178e-01
1.650273819020410500e+15,6.135923151542566067e-01
1.650273819022301250e+15,6.128552486511422703e-01
1.650273819024192000e+15,6.119677412537447569e-01
1.650273819026082500e+15,6.110803512049388653e-01
1.650273819027973250e+15,6.101928438075414629e-01
1.650273819029863750e+15,6.093054537587354602e-01
1.650273819031754500e+15,6.084179463613380578e-01
1.650273819033645000e+15,6.075305563125319441e-01
1.650273819035535750e+15,6.083212761514843470e-01
1.650273819037426500e+15,6.092650243576813729e-01
1.650273819039317000e+15,6.102086477789774310e-01
1.650273819041207750e+15,6.111523959851742349e-01
1.650273819043098250e+15,6.120960194064702931e-01
1.650273819044989000e+15,6.130397676126673190e-01
1.650273819046879500e+15,6.135923151542566067e-01
1.650273819048770250e+15,6.135923151542566067e-01
1.650273819050660750e+15,6.135923151542566067e-01
1.650273819052551500e+15,6.135923151542566067e-01
1.650273819054442250e+15,6.135923151542566067e-01
1.650273819056332750e+15,6.135923151542566067e-01
1.650273819058223500e+15,6.135923151542566067e-01
1.650273819060114000e+15,6.135923151542566067e-01
1.650273819062004750e+15,6.135923151542564957e-01
1.650273819063895250e+15,6.135923151542566067e-01
1.650273819065786000e+15,6.135923151542564957e-01
1.650273819067676750e+15,6.135923151542564957e-01
1.650273819069567250e+15,6.135923151542564957e-01
1.650273819071458000e+15,6.135923151542564957e-01
1.650273819073348500e+15,6.135923151542566067e-01
1.650273819075239250e+15,6.135923151542566067e-01
1.650273819077129750e+15,6.135923151542564957e-01
1.650273819079020500e+15,6.135923151542564957e-01
1.650273819080911000e+15,6.135923151542564957e-01
1.650273819082801750e+15,6.135923151542563847e-01
1.650273819084692500e+15,6.135923151542562737e-01
1.650273819086583000e+15,6.135923151542561627e-01
1.650273819088473750e+15,6.135923151542561627e-01
1.650273819090364250e+15,6.135923151542560516e-01
1.650273819092255000e+15,6.135923151542559406e-01
1.650273819094145500e+15,6.135923151542560516e-01
1.650273819096036250e+15,6.135923151542561627e-01
1.650273819097927000e+15,6.135923151542563847e-01
1.650273819099817500e+15,6.135923151542563847e-01
1.650273819101708250e+15,6.135923151542566067e-01
1.650273819103598750e+15,6.135923151542567178e-01
1.650273819105489500e+15,6.135923151542566067e-01
1.650273819107380000e+15,6.135923151542566067e-01
1.650273819109270750e+15,6.135923151542566067e-01
1.650273819111161250e+15,6.135923151542566067e-01
1.650273819113052000e+15,6.135923151542566067e-01
1.650273819114942750e+15,6.135923151542566067e-01
1.650273819116833250e+15,6.135923151542566067e-01
1.650273819118724000e+15,6.135923151542566067e-01
1.650273819120614500e+15,6.135923151542566067e-01
1.650273819122505250e+15,6.135923151542567178e-01
1.650273819124395750e+15,6.135923151542566067e-01
1.650273819126286500e+15,6.135923151542566067e-01
1.650273819128177250e+15,6.135923151542566067e-01
1.650273819130067750e+15,6.135923151542566067e-01
1.650273819131958500e+15,6.135923151542566067e-01
1.650273819133849000e+15,6.135923151542567178e-01
1.650273819135739750e+15,6.135923151542566067e-01
1.650273819137630250e+15,6.135923151542566067e-01
1.650273819139521000e+15,6.135923151542566067e-01
1.650273819141411500e+15,6.135923151542566067e-01
1.650273819143302250e+15,6.135923151542566067e-01
1.650273819145193000e+15,6.135923151542566067e-01
1.650273819147083500e+15,6.135923151542566067e-01
1.650273819148974250e+15,6.135923151542566067e-01
1.650273819150864750e+15,6.135923151542566067e-01
1.650273819152755500e+15,6.135923151542566067e-01
1.650273819154646000e+15,6.135923151542566067e-01
1.650273819156536750e+15,6.135923151542566067e-01
1.650273819158427500e+15,6.135923151542566067e-01
1.650273819160318000e+15,6.135923151542566067e-01
1.650273819162208750e+15,6.135923151542566067e-01
1.650273819164099250e+15,6.135923151542566067e-01
1.650273819165990000e+15,6.144396546470273224e-01
1.650273819167880500e+15,6.153431489003173827e-01
1.650273819169771250e+15,6.162467626318212099e-01
1.650273819171661750e+15,6.171502568851110482e-01
1.650273819173552500e+15,6.180538706166149865e-01
1.650273819175443250e+15,6.189574843481188138e-01
1.650273819177333750e+15,6.195902309646906803e-01
1.650273819179224500e+15,6.186507624491202062e-01
1.650273819181115000e+15,6.177114181525786840e-01
1.650273819183005750e+15,6.167719496370083210e-01
1.650273819184896250e+15,6.158326053404667988e-01
1.650273819186787000e+15,6.148931368248964358e-01
1.650273819188677750e+15,6.139536683093259617e-01
1.650273819190568250e+15,6.152095379040083412e-01
1.650273819192459000e+15,6.178381765578611073e-01
1.650273819194349500e+15,6.204664676461111306e-01
1.650273819196240250e+15,6.230951062999638967e-01
1.650273819198130750e+15,6.257233973882139200e-01
1.650273819200021500e+15,6.258641614573413614e-01
1.650273819201912000e+15,6.258641614573413614e-01
1.650273819203802750e+15,6.258641614573414724e-01
1.650273819205693500e+15,6.258641614573414724e-01
1.650273819207584000e+15,6.258641614573414724e-01
1.650273819209474750e+15,6.258641614573414724e-01
1.650273819211365250e+15,6.258641614573414724e-01
1.650273819213256000e+15,6.258641614573414724e-01
1.650273819215146500e+15,6.258641614573416945e-01
1.650273819217037250e+15,6.258641614573415834e-01
1.650273819218928000e+15,6.258641614573416945e-01
1.650273819220818500e+15,6.258827105396523871e-01
1.650273819222709250e+15,6.264181559958197365e-01
1.650273819224599750e+15,6.269535306539630870e-01
1.650273819226490500e+15,6.274889761101304364e-01
1.650273819228381000e+15,6.280243507682736759e-01
1.650273819230271750e+15,6.285597962244411363e-01
1.650273819232162250e+15,6.290951708825843758e-01
1.650273819234053000e+15,6.296306163387518362e-01
1.650273819235943750e+15,6.301660617949191856e-01
1.650273819237834250e+15,6.307014364530624251e-01
1.650273819239725000e+15,6.312368819092297745e-01
1.650273819241615500e+15,6.317722565673731250e-01
1.650273819243506250e+15,6.315584501983774190e-01
1.650273819245396750e+15,6.307898335327273287e-01
1.650273819247287500e+15,6.300211152250956292e-01
1.650273819249178250e+15,6.292523969174637077e-01
1.650273819251068750e+15,6.284837802518136174e-01
1.650273819252959500e+15,6.277150619441818069e-01
1.650273819254850000e+15,6.269464452785317166e-01
1.650273819256740750e+15,6.261777269708999061e-01
1.650273819258631250e+15,6.258641614573413614e-01
1.650273819260522000e+15,6.258641614573413614e-01
1.650273819262412500e+15,6.258641614573413614e-01
1.650273819264303250e+15,6.258641614573414724e-01
1.650273819266194000e+15,6.265314818977717470e-01
1.650273819268084500e+15,6.275431653722171044e-01
1.650273819269975250e+15,6.285549826318350686e-01
1.650273819271865750e+15,6.295666661062805369e-01
1.650273819273756500e+15,6.305784833658983901e-01
1.650273819275647000e+15,6.315901668403437474e-01
1.650273819277537750e+15,6.314234800834684913e-01
1.650273819279428500e+15,6.304541846787747872e-01
1.650273819281319000e+15,6.294850174369006623e-01
1.650273819283209750e+15,6.285157220322069582e-01
1.650273819285100250e+15,6.275465547903327224e-01
1.650273819286991000e+15,6.265772593856391293e-01
1.650273819288881500e+15,6.258641614573412504e-01
1.650273819290772250e+15,6.258641614573412504e-01
1.650273819292662750e+15,6.258641614573412504e-01
1.650273819294553500e+15,6.258641614573413614e-01
1.650273819296444250e+15,6.258641614573413614e-01
1.650273819298334750e+15,6.258641614573413614e-01
1.650273819300225500e+15,6.258641614573413614e-01
1.650273819302116000e+15,6.258641614573413614e-01
1.650273819304006750e+15,6.258641614573414724e-01
1.650273819305897250e+15,6.258641614573413614e-01
1.650273819307788000e+15,6.258641614573414724e-01
1.650273819309678750e+15,6.258641614573414724e-01
1.650273819311569250e+15,6.258641614573414724e-01
1.650273819313460000e+15,6.258641614573414724e-01
1.650273819315350500e+15,6.258641614573413614e-01
1.650273819317241250e+15,6.258641614573413614e-01
1.650273819319131750e+15,6.258641614573414724e-01
1.650273819321022500e+15,6.258641614573413614e-01
1.650273819322913000e+15,6.258641614573414724e-01
1.650273819324803750e+15,6.258641614573414724e-01
1.650273819326694500e+15,6.258641614573414724e-01
1.650273819328585000e+15,6.258641614573414724e-01
1.650273819330475750e+15,6.258641614573415834e-01
1.650273819332366250e+15,6.258641614573414724e-01
1.650273819334257000e+15,6.258641614573414724e-01
1.650273819336147500e+15,6.258641614573415834e-01
1.650273819338038250e+15,6.258641614573414724e-01
1.650273819339929000e+15,6.258641614573415834e-01
1.650273819341819500e+15,6.258641614573414724e-01
1.650273819343710250e+15,6.258641614573413614e-01
1.650273819345600750e+15,6.258641614573413614e-01
1.650273819347491500e+15,6.258641614573413614e-01
1.650273819349382000e+15,6.258641614573412504e-01
1.650273819351272750e+15,6.258641614573412504e-01
1.650273819353163250e+15,6.258641614573413614e-01
1.650273819355054000e+15,6.258641614573413614e-01
1.650273819356944750e+15,6.258641614573414724e-01
1.650273819358835250e+15,6.258641614573414724e-01
1.650273819360726000e+15,6.258641614573414724e-01
1.650273819362616500e+15,6.258641614573416945e-01
1.650273819364507250e+15,6.258641614573415834e-01
1.650273819366397750e+15,6.258641614573416945e-01
1.650273819368288500e+15,6.258641614573416945e-01
1.650273819370179250e+15,6.258641614573416945e-01
1.650273819372069750e+15,6.258641614573416945e-01
1.650273819373960500e+15,6.258641614573416945e-01
1.650273819375851000e+15,6.258641614573416945e-01
1.650273819377741750e+15,6.258641614573416945e-01
1.650273819379632250e+15,6.258641614573416945e-01
1.650273819381523000e+15,6.258641614573416945e-01
1.650273819383413500e+15,6.258641614573416945e-01
1.650273819385304250e+15,6.258641614573416945e-01
1.650273819387195000e+15,6.258641614573416945e-01
1.650273819389085500e+15,6.258641614573416945e-01
1.650273819390976250e+15,6.258641614573416945e-01
1.650273819392866750e+15,6.258641614573416945e-01
1.650273819394757500e+15,6.258641614573416945e-01
1.650273819396648000e+15,6.258641614573416945e-01
1.650273819398538750e+15,6.258641614573416945e-01
1.650273819400429500e+15,6.258641614573416945e-01
1.650273819402320000e+15,6.258641614573415834e-01
1.650273819404210750e+15,6.258641614573414724e-01
1.650273819406101250e+15,6.258641614573413614e-01
1.650273819407992000e+15,6.258641614573412504e-01
1.650273819409882500e+15,6.258641614573411394e-01
1.650273819411773250e+15,6.258641614573410283e-01
1.650273819413663750e+15,6.258641614573410283e-01
1.650273819415554500e+15,6.258641614573412504e-01
1.650273819417445250e+15,6.258641614573412504e-01
1.650273819419335750e+15,6.258641614573412504e-01
1.650273819421226500e+15,6.258641614573412504e-01
1.650273819423117000e+15,6.258641614573413614e-01
1.650273819425007750e+15,6.258641614573414724e-01
1.650273819426898250e+15,6.258641614573414724e-01
1.650273819428789000e+15,6.258641614573415834e-01
1.650273819430679750e+15,6.258641614573415834e-01
1.650273819432570250e+15,6.258641614573416945e-01
1.650273819434461000e+15,6.258641614573416945e-01
1.650273819436351500e+15,6.258641614573416945e-01
1.650273819438242250e+15,6.258641614573416945e-01
1.650273819440132750e+15,6.258641614573416945e-01
1.650273819442023500e+15,6.258641614573416945e-01
1.650273819443914000e+15,6.258641614573415834e-01
1.650273819445804750e+15,6.258641614573415834e-01
1.650273819447695500e+15,6.258641614573414724e-01
1.650273819449586000e+15,6.258641614573413614e-01
1.650273819451476750e+15,6.258641614573412504e-01
1.650273819453367250e+15,6.258641614573413614e-01
1.650273819455258000e+15,6.258641614573413614e-01
1.650273819457148500e+15,6.258641614573413614e-01
1.650273819459039250e+15,6.258641614573413614e-01
1.650273819460930000e+15,6.258641614573413614e-01
1.650273819462820500e+15,6.258641614573414724e-01
1.650273819464711250e+15,6.258641614573414724e-01
1.650273819466601750e+15,6.258641614573414724e-01
1.650273819468492500e+15,6.258641614573415834e-01
1.650273819470383000e+15,6.258641614573415834e-01
1.650273819472273750e+15,6.258641614573416945e-01
1.650273819474164250e+15,6.258641614573415834e-01
1.650273819476055000e+15,6.258641614573416945e-01
1.650273819477945750e+15,6.258641614573419165e-01
1.650273819479836250e+15,6.258641614573420275e-01
1.650273819481727000e+15,6.258641614573422496e-01
1.650273819483617500e+15,6.258641614573424716e-01
1.650273819485508250e+15,6.258641614573425827e-01
1.650273819487398750e+15,6.258641614573424716e-01
1.650273819489289500e+15,6.258641614573425827e-01
1.650273819491180250e+15,6.258641614573425827e-01
1.650273819493070750e+15,6.258641614573425827e-01
1.650273819494961500e+15,6.258641614573425827e-01
1.650273819496852000e+15,6.258641614573424716e-01
1.650273819498742750e+15,6.258641614573425827e-01
1.650273819500633250e+15,6.258641614573424716e-01
1.650273819502524000e+15,6.258641614573425827e-01
1.650273819504414500e+15,6.258641614573425827e-01
1.650273819506305250e+15,6.258641614573425827e-01
1.650273819508196000e+15,6.258641614573425827e-01
1.650273819510086500e+15,6.258641614573425827e-01
1.650273819511977250e+15,6.258641614573425827e-01
1.650273819513867750e+15,6.258641614573425827e-01
1.650273819515758500e+15,6.258641614573425827e-01
1.650273819517649000e+15,6.258641614573424716e-01
1.650273819519539750e+15,6.258641614573424716e-01
1.650273819521430500e+15,6.258641614573424716e-01
1.650273819523321000e+15,6.258641614573425827e-01
1.650273819525211750e+15,6.258641614573425827e-01
1.650273819527102250e+15,6.258641614573425827e-01
1.650273819528993000e+15,6.258641614573425827e-01
1.650273819530883500e+15,6.258641614573425827e-01
1.650273819532774250e+15,6.258641614573425827e-01
1.650273819534664750e+15,6.258641614573425827e-01
1.650273819536555500e+15,6.258641614573425827e-01
1.650273819538446250e+15,6.258641614573425827e-01
1.650273819540336750e+15,6.258641614573425827e-01
1.650273819542227500e+15,6.258641614573425827e-01
1.650273819544118000e+15,6.258641614573426937e-01
1.650273819546008750e+15,6.258641614573425827e-01
1.650273819547899250e+15,6.258641614573426937e-01
1.650273819549790000e+15,6.258641614573425827e-01
1.650273819551680750e+15,6.258641614573425827e-01
1.650273819553571250e+15,6.258641614573425827e-01
1.650273819555462000e+15,6.258641614573425827e-01
1.650273819557352500e+15,6.258641614573425827e-01
1.650273819559243250e+15,6.258641614573425827e-01
1.650273819561133750e+15,6.258641614573425827e-01
1.650273819563024500e+15,6.258641614573425827e-01
1.650273819564915000e+15,6.258641614573425827e-01
1.650273819566805750e+15,6.258641614573425827e-01
1.650273819568696500e+15,6.258641614573425827e-01
1.650273819570587000e+15,6.258641614573425827e-01
1.650273819572477750e+15,6.258641614573425827e-01
1.650273819574368250e+15,6.258641614573425827e-01
1.650273819576259000e+15,6.258641614573425827e-01
1.650273819578149500e+15,6.258641614573425827e-01
1.650273819580040250e+15,6.258641614573423606e-01
1.650273819581931000e+15,6.258641614573421386e-01
1.650273819583821500e+15,6.258641614573420275e-01
1.650273819585712250e+15,6.258641614573419165e-01
1.650273819587602750e+15,6.258641614573419165e-01
1.650273819589493500e+15,6.258641614573416945e-01
1.650273819591384000e+15,6.258641614573416945e-01
1.650273819593274750e+15,6.258641614573414724e-01
1.650273819595165250e+15,6.258641614573413614e-01
1.650273819597056000e+15,6.259276598562291127e-01
1.650273819598946750e+15,6.269117549193200523e-01
1.650273819600837250e+15,6.278957198627411751e-01
1.650273819602728000e+15,6.288798149258321146e-01
1.650273819604618500e+15,6.298637798692532375e-01
1.650273819606509250e+15,6.308478749323441770e-01
1.650273819608399750e+15,6.318318398757654109e-01
1.650273819610290500e+15,6.320000846088840163e-01
1.650273819612181250e+15,6.320000846088839053e-01
1.650273819614071750e+15,6.320000846088840163e-01
1.650273819615962500e+15,6.320000846088840163e-01
1.650273819617853000e+15,6.320000846088840163e-01
1.650273819619743750e+15,6.320000846088840163e-01
1.650273819621634250e+15,6.320000846088840163e-01
1.650273819623525000e+15,6.313466832084044800e-01
1.650273819625415500e+15,6.302029282569165947e-01
1.650273819627306250e+15,6.290590220551046663e-01
1.650273819629197000e+15,6.279151158532927379e-01
1.650273819631087500e+15,6.267713609018048526e-01
1.650273819632978250e+15,6.260890389743712925e-01
1.650273819634868750e+15,6.271756356413180633e-01
1.650273819636759500e+15,6.282623759999690360e-01
1.650273819638650000e+15,6.293489726669158069e-01
1.650273819640540750e+15,6.304357130255666686e-01
1.650273819642431500e+15,6.315224533842176413e-01
1.650273819644322000e+15,6.326090500511643011e-01
1.650273819646212750e+15,6.336957904098152738e-01
1.650273819648103250e+15,6.347823870767619336e-01
1.650273819649994000e+15,6.358691274354129064e-01
1.650273819651884500e+15,6.369557241023596772e-01
1.650273819653775250e+15,6.380424644610105389e-01
1.650273819655665750e+15,6.371786463819031354e-01
1.650273819657556500e+15,6.361309652784777890e-01
1.650273819659447250e+15,6.350832841750526647e-01
1.650273819661337750e+15,6.340357415988128187e-01
1.650273819663228500e+15,6.329880604953876944e-01
1.650273819665119000e+15,6.319405179191478483e-01
1.650273819667009750e+15,6.308928368157227240e-01
1.650273819668900250e+15,6.298452942394828780e-01
1.650273819670791000e+15,6.287976131360577536e-01
1.650273819672681750e+15,6.277499320326324073e-01
1.650273819674572250e+15,6.267023894563926723e-01
1.650273819676463000e+15,6.262104666385704954e-01
1.650273819678353500e+15,6.279424506203534762e-01
1.650273819680244250e+15,6.296746636399548347e-01
1.650273819682134750e+15,6.314066476217377044e-01
1.650273819684025500e+15,6.331388606413390630e-01
1.650273819685916000e+15,6.348708446231220437e-01
1.650273819687806750e+15,6.366030576427232912e-01
1.650273819689697500e+15,6.380415655209914494e-01
1.650273819691588000e+15,6.372206779179916403e-01
1.650273819693478750e+15,6.363996817606935030e-01
1.650273819695369250e+15,6.355787941576936939e-01
1.650273819697260000e+15,6.347577980003956677e-01
1.650273819699150500e+15,6.339369103973957476e-01
1.650273819701041250e+15,6.331159142400977213e-01
1.650273819702932000e+15,6.322949180827996951e-01
1.650273819704822500e+15,6.312614815090689113e-01
1.650273819706713250e+15,6.301087668487500570e-01
1.650273819708603750e+15,6.289562046034332665e-01
1.650273819710494500e+15,6.278034899431144122e-01
1.650273819712385000e+15,6.266509276977975107e-01
1.650273819714275750e+15,6.254982130374786564e-01
1.650273819716166250e+15,6.243456507921618659e-01
1.650273819718057000e+15,6.231929361318430116e-01
1.650273819719947750e+15,6.220402214715241573e-01
1.650273819721838250e+15,6.208876592262073668e-01
1.650273819723729000e+15,6.197349445658885125e-01
1.650273819725619500e+15,6.222592308578291931e-01
1.650273819727510250e+15,6.248053730061401412e-01
1.650273819729400750e+15,6.273511784967558125e-01
1.650273819731291500e+15,6.298973206450667606e-01
1.650273819733182250e+15,6.321470762195973148e-01
1.650273819735072750e+15,6.329910781635721406e-01
1.650273819736963500e+15,6.338351917184890105e-01
1.650273819738854000e+15,6.346791936624637254e-01
1.650273819740744750e+15,6.355233072173804842e-01
1.650273819742635250e+15,6.363673091613553101e-01
1.650273819744526000e+15,6.372114227162721800e-01
1.650273819746416500e+15,6.380554246602470059e-01
1.650273819748307250e+15,6.364306429160401235e-01
1.650273819750198000e+15,6.345452936515925124e-01
1.650273819752088500e+15,6.326601936730453790e-01
1.650273819753979250e+15,6.307748444085976569e-01
1.650273819755869750e+15,6.288897444300505235e-01
1.650273819757760500e+15,6.270043951656029124e-01
1.650273819759651000e+15,6.250262975337140814e-01
1.650273819761541750e+15,6.229055596306378728e-01
1.650273819763432500e+15,6.207848217275616642e-01
1.650273819765323000e+15,6.186643642340983185e-01
1.650273819767213750e+15,6.165436263310219989e-01
1.650273819769104250e+15,6.144231688375588751e-01
1.650273819770995000e+15,6.135923151542566067e-01
1.650273819772885500e+15,6.135923151542566067e-01
1.650273819774776250e+15,6.135923151542566067e-01
1.650273819776666750e+15,6.135923151542566067e-01
1.650273819778557500e+15,6.135923151542564957e-01
1.650273819780448250e+15,6.135923151542566067e-01
1.650273819782338750e+15,6.135923151542566067e-01
1.650273819784229500e+15,6.135923151542564957e-01
1.650273819786120000e+15,6.135923151542564957e-01
1.650273819788010750e+15,6.135923151542566067e-01
1.650273819789901250e+15,6.135923151542566067e-01
1.650273819791792000e+15,6.135923151542566067e-01
1.650273819793682750e+15,6.135923151542566067e-01
1.650273819795573250e+15,6.135923151542566067e-01
1.650273819797464000e+15,6.135923151542566067e-01
1.650273819799354500e+15,6.135923151542566067e-01
1.650273819801245250e+15,6.135923151542566067e-01
1.650273819803135750e+15,6.135923151542566067e-01
1.650273819805026500e+15,6.135923151542566067e-01
1.650273819806917000e+15,6.135923151542566067e-01
1.650273819808807750e+15,6.135923151542566067e-01
1.650273819810698500e+15,6.135923151542566067e-01
1.650273819812589000e+15,6.135923151542564957e-01
1.650273819814479750e+15,6.135923151542566067e-01
1.650273819816370250e+15,6.135923151542566067e-01
1.650273819818261000e+15,6.135923151542566067e-01
1.650273819820151500e+15,6.135923151542566067e-01
1.650273819822042250e+15,6.135923151542567178e-01
1.650273819823933000e+15,6.135923151542566067e-01
1.650273819825823500e+15,6.135923151542566067e-01
1.650273819827714250e+15,6.135923151542566067e-01
1.650273819829604750e+15,6.135923151542566067e-01
1.650273819831495500e+15,6.135923151542566067e-01
1.650273819833386000e+15,6.135923151542566067e-01
1.650273819835276750e+15,6.135923151542566067e-01
1.650273819837167250e+15,6.135923151542564957e-01
1.650273819839058000e+15,6.135923151542566067e-01
1.650273819840948750e+15,6.135923151542566067e-01
1.650273819842839250e+15,6.135923151542566067e-01
1.650273819844730000e+15,6.135923151542566067e-01
1.650273819846620500e+15,6.135923151542566067e-01
1.650273819848511250e+15,6.135923151542564957e-01
1.650273819850401750e+15,6.135923151542566067e-01
1.650273819852292500e+15,6.135923151542566067e-01
1.650273819854183250e+15,6.135923151542566067e-01
1.650273819856073750e+15,6.135923151542566067e-01
1.650273819857964500e+15,6.135923151542566067e-01
1.650273819859855000e+15,6.135923151542566067e-01
1.650273819861745750e+15,6.135923151542566067e-01
1.650273819863636250e+15,6.135923151542564957e-01
1.650273819865527000e+15,6.135923151542566067e-01
1.650273819867417500e+15,6.135923151542566067e-01
1.650273819869308250e+15,6.135923151542564957e-01
1.650273819871199000e+15,6.135923151542563847e-01
1.650273819873089500e+15,6.135923151542564957e-01
1.650273819874980250e+15,6.135923151542563847e-01
1.650273819876870750e+15,6.135923151542563847e-01
1.650273819878761500e+15,6.135923151542562737e-01
1.650273819880652000e+15,6.135923151542562737e-01
1.650273819882542750e+15,6.135923151542561627e-01
1.650273819884433500e+15,6.130936108851271493e-01
1.650273819886324000e+15,6.121027539005887697e-01
1.650273819888214750e+15,6.111117658849758438e-01
1.650273819890105250e+15,6.101209089004373531e-01
1.650273819891996000e+15,6.091299208848245383e-01
1.650273819893886500e+15,6.081390639002860476e-01
1.650273819895777250e+15,6.070362235848221211e-01
1.650273819897667750e+15,6.056858990730951131e-01
1.650273819899558500e+15,6.043353959942546760e-01
1.650273819901449250e+15,6.029848929154142390e-01
1.650273819903339750e+15,6.016345684036872310e-01
1.650273819905230500e+15,6.002840653248469049e-01
1.650273819907121000e+15,5.989337408131198970e-01
1.650273819909011750e+15,5.975832377342794599e-01
1.650273819910902250e+15,5.962329132225524519e-01
1.650273819912793000e+15,5.957980654947125920e-01
1.650273819914683750e+15,5.985404119546532398e-01
1.650273819916574250e+15,6.012823958142421432e-01
1.650273819918465000e+15,6.040247422741826799e-01
1.650273819920355500e+15,6.067667261337715834e-01
1.650273819922246250e+15,6.067606252179831294e-01
1.650273819924136750e+15,6.058312154977690822e-01
1.650273819926027500e+15,6.049016828722759698e-01
1.650273819927918000e+15,6.039722731520620336e-01
1.650273819929808750e+15,6.030427405265689211e-01
1.650273819931699500e+15,6.021132079010759197e-01
1.650273819933590000e+15,6.011781776736494498e-01
1.650273819935480750e+15,6.002104185229338862e-01
1.650273819937371250e+15,5.992427873319102760e-01
1.650273819939262000e+15,5.982750281811947124e-01
1.650273819941152500e+15,5.973073969901711022e-01
1.650273819943043250e+15,5.963396378394555386e-01
1.650273819944934000e+15,5.953718786887399750e-01
1.650273819946824500e+15,5.957142894330372807e-01
1.650273819948715250e+15,5.963713002326056500e-01
1.650273819950605750e+15,5.970282241604565332e-01
1.650273819952496500e+15,5.976852349600250136e-01
1.650273819954387000e+15,5.983421588878758968e-01
1.650273819956277750e+15,5.989991696874443772e-01
1.650273819958168250e+15,5.996560936152952603e-01
1.650273819960059000e+15,6.003131044148638518e-01
1.650273819961949750e+15,6.009701152144321101e-01
1.650273819963840250e+15,6.013204688511715190e-01
1.650273819965731000e+15,6.013204688511715190e-01
1.650273819967621500e+15,6.013204688511712970e-01
1.650273819969512250e+15,6.013204688511712970e-01
1.650273819971402750e+15,6.013204688511711860e-01
1.650273819973293500e+15,6.013204688511711860e-01
1.650273819975184250e+15,6.013204688511710749e-01
1.650273819977074750e+15,6.013204688511710749e-01
1.650273819978965500e+15,6.013204688511710749e-01
1.650273819980856000e+15,6.013204688511710749e-01
1.650273819982746750e+15,6.013204688511710749e-01
1.650273819984637250e+15,6.013204688511710749e-01
1.650273819986528000e+15,6.013204688511710749e-01
1.650273819988418500e+15,6.013204688511710749e-01
1.650273819990309250e+15,6.013204688511710749e-01
1.650273819992200000e+15,6.013204688511710749e-01
1.650273819994090500e+15,6.013204688511710749e-01
1.650273819995981250e+15,6.013204688511710749e-01
1.650273819997871750e+15,6.013204688511710749e-01
1.650273819999762500e+15,6.013204688511710749e-01
1.650273820001653000e+15,6.013204688511711860e-01
1.650273820003543750e+15,6.013204688511711860e-01
1.650273820005434500e+15,6.013204688511711860e-01
1.650273820007325000e+15,6.013204688511712970e-01
1.650273820009215750e+15,6.013204688511712970e-01
1.650273820011106250e+15,6.013204688511712970e-01
1.650273820012997000e+15,6.013204688511714080e-01
1.650273820014887500e+15,6.013204688511712970e-01
1.650273820016778250e+15,6.013204688511714080e-01
1.650273820018668750e+15,6.013204688511715190e-01
1.650273820020559500e+15,6.013204688511714080e-01
1.650273820022450250e+15,6.013204688511715190e-01
1.650273820024340750e+15,6.013204688511715190e-01
1.650273820026231500e+15,6.013204688511715190e-01
1.650273820028122000e+15,6.013204688511715190e-01
1.650273820030012750e+15,6.013204688511715190e-01
1.650273820031903250e+15,6.013204688511715190e-01
1.650273820033794000e+15,6.013204688511715190e-01
1.650273820035684750e+15,6.013204688511715190e-01
1.650273820037575250e+15,6.013204688511715190e-01
1.650273820039466000e+15,6.013204688511715190e-01
1.650273820041356500e+15,6.013204688511715190e-01
1.650273820043247250e+15,6.013204688511715190e-01
1.650273820045137750e+15,6.013204688511715190e-01
1.650273820047028500e+15,6.013204688511715190e-01
1.650273820048919250e+15,6.013204688511715190e-01
1.650273820050809750e+15,6.013204688511715190e-01
1.650273820052700500e+15,6.013204688511715190e-01
1.650273820054591000e+15,6.013204688511715190e-01
1.650273820056481750e+15,6.013204688511715190e-01
1.650273820058372250e+15,6.013204688511715190e-01
1.650273820060263000e+15,6.013204688511715190e-01
1.650273820062153500e+15,6.013204688511715190e-01
1.650273820064044250e+15,6.013204688511715190e-01
1.650273820065935000e+15,6.013204688511715190e-01
1.650273820067825500e+15,6.013204688511715190e-01
1.650273820069716250e+15,6.013204688511715190e-01
1.650273820071606750e+15,6.013204688511715190e-01
1.650273820073497500e+15,6.013204688511715190e-01
1.650273820075388000e+15,6.013204688511715190e-01
1.650273820077278750e+15,6.013204688511715190e-01
1.650273820079169500e+15,6.013204688511715190e-01
1.650273820081060000e+15,6.013204688511715190e-01
1.650273820082950750e+15,6.013204688511715190e-01
1.650273820084841250e+15,6.013204688511715190e-01
1.650273820086732000e+15,6.013204688511714080e-01
1.650273820088622500e+15,6.013204688511714080e-01
1.650273820090513250e+15,6.013204688511715190e-01
1.650273820092403750e+15,6.013204688511714080e-01
1.650273820094294500e+15,6.013204688511715190e-01
1.650273820096185250e+15,6.013204688511715190e-01
1.650273820098075750e+15,6.013204688511715190e-01
1.650273820099966500e+15,6.013204688511716300e-01
1.650273820101857000e+15,6.013204688511715190e-01
1.650273820103747750e+15,6.013204688511715190e-01
1.650273820105638250e+15,6.013204688511715190e-01
1.650273820107529000e+15,6.013204688511714080e-01
1.650273820109419750e+15,6.013204688511715190e-01
1.650273820111310250e+15,6.013204688511715190e-01
1.650273820113201000e+15,6.013204688511715190e-01
1.650273820115091500e+15,6.013204688511715190e-01
1.650273820116982250e+15,6.013204688511715190e-01
1.650273820118872750e+15,6.013204688511715190e-01
1.650273820120763500e+15,6.013204688511715190e-01
1.650273820122654000e+15,6.005323397654329654e-01
1.650273820124544750e+15,5.995408859604695051e-01
1.650273820126435500e+15,5.985494321555060449e-01
1.650273820128326000e+15,5.975581094432048657e-01
1.650273820130216750e+15,5.965666556382414054e-01
1.650273820132107250e+15,5.955753329259403372e-01
1.650273820133998000e+15,5.945838791209767660e-01
1.650273820135888500e+15,5.935925564086756978e-01
1.650273820137779250e+15,5.926011026037122376e-01
1.650273820139670000e+15,5.916096487987487773e-01
1.650273820141560500e+15,5.906183260864474871e-01
1.650273820143451250e+15,5.896268722814842489e-01
1.650273820145341750e+15,5.890486225480855431e-01
1.650273820147232500e+15,5.890486225480855431e-01
1.650273820149123000e+15,5.890486225480855431e-01
1.650273820151013750e+15,5.890486225480855431e-01
1.650273820152904250e+15,5.890486225480855431e-01
1.650273820154795000e+15,5.890486225480856541e-01
1.650273820156685750e+15,5.890486225480855431e-01
1.650273820158576250e+15,5.890486225480856541e-01
1.650273820160467000e+15,5.890486225480855431e-01
1.650273820162357500e+15,5.890486225480855431e-01
1.650273820164248250e+15,5.890486225480855431e-01
1.650273820166138750e+15,5.890486225480855431e-01
1.650273820168029500e+15,5.890486225480855431e-01
1.650273820169920250e+15,5.890486225480855431e-01
1.650273820171810750e+15,5.890486225480855431e-01
1.650273820173701500e+15,5.890486225480855431e-01
1.650273820175592000e+15,5.890486225480855431e-01
1.650273820177482750e+15,5.890486225480855431e-01
1.650273820179373250e+15,5.890263623082475641e-01
1.650273820181264000e+15,5.880301836461508946e-01
1.650273820183154500e+15,5.870341367014497713e-01
1.650273820185045250e+15,5.860379580393531018e-01
1.650273820186936000e+15,5.850417793772564323e-01
1.650273820188826500e+15,5.840457324325553090e-01
1.650273820190717250e+15,5.830495537704585285e-01
1.650273820192607750e+15,5.819974742360773945e-01
1.650273820194498500e+15,5.809363293811629081e-01
1.650273820196389000e+15,5.798753248336470101e-01
1.650273820198279750e+15,5.788141799787325237e-01
1.650273820200170500e+15,5.777530351238180373e-01
1.650273820202061000e+15,5.769377429572808413e-01
1.650273820203951750e+15,5.789532913761096244e-01
1.650273820205842250e+15,5.809685732937591718e-01
1.650273820207733000e+15,5.829841217125879549e-01
1.650273820209623500e+15,5.849994036302373912e-01
1.650273820211514250e+15,5.870149520490662853e-01
1.650273820213404750e+15,5.890302339667157216e-01
1.650273820215295500e+15,5.879398063412454301e-01
1.650273820217186250e+15,5.868207808578812523e-01
1.650273820219076750e+15,5.857019033350463477e-01
1.650273820220967500e+15,5.845828778516820590e-01
1.650273820222858000e+15,5.834640003288471544e-01
1.650273820224748750e+15,5.823449748454829766e-01
1.650273820226639250e+15,5.812260973226480720e-01
1.650273820228530000e+15,5.801070718392838943e-01
1.650273820230420750e+15,5.789880463559196055e-01
1.650273820232311250e+15,5.778691688330847009e-01
1.650273820234202000e+15,5.767970714704193647e-01
1.650273820236092500e+15,5.776496964405033463e-01
1.650273820237983250e+15,5.785024341618395516e-01
1.650273820239873750e+15,5.793550591319235332e-01
1.650273820241764500e+15,5.802077968532597385e-01
1.650273820243655000e+15,5.810604218233436091e-01
1.650273820245545750e+15,5.819131595446798144e-01
1.650273820247436500e+15,5.827658972660161307e-01
1.650273820249327000e+15,5.819530991435044598e-01
1.650273820251217750e+15,5.807937610103197645e-01
1.650273820253108250e+15,5.796345761679104758e-01
1.650273820254999000e+15,5.784752380347257805e-01
1.650273820256889500e+15,5.773160531923164918e-01
1.650273820258780250e+15,5.761567150591317965e-01
1.650273820260671000e+15,5.749973769259471013e-01
1.650273820262561500e+15,5.738381920835378125e-01
1.650273820264452250e+15,5.726788539503531172e-01
1.650273820266342750e+15,5.715196691079437175e-01
1.650273820268233500e+15,5.706408530934589107e-01
1.650273820270124000e+15,5.706408530934590217e-01
1.650273820272014750e+15,5.706408530934589107e-01
1.650273820273905250e+15,5.706408530934587997e-01
1.650273820275796000e+15,5.706408530934587997e-01
1.650273820277686750e+15,5.706408530934587997e-01
1.650273820279577250e+15,5.706408530934586887e-01
1.650273820281468000e+15,5.706408530934585777e-01
1.650273820283358500e+15,5.706408530934586887e-01
1.650273820285249250e+15,5.706408530934586887e-01
1.650273820287139750e+15,5.702197797662725831e-01
1.650273820289030500e+15,5.683453962621481947e-01
1.650273820290921250e+15,5.664710127580236954e-01
1.650273820292811750e+15,5.645968770898776024e-01
1.650273820294702500e+15,5.627224935857531030e-01
1.650273820296593000e+15,5.608483579176070100e-01
1.650273820298483750e+15,5.589739744134826216e-01
1.650273820300374250e+15,5.596454961655387139e-01
1.650273820302265000e+15,5.615306922491880570e-01
1.650273820304155500e+15,5.634156390671910541e-01
1.650273820306046250e+15,5.653008351508402862e-01
1.650273820307937000e+15,5.671860312344896293e-01
1.650273820309827500e+15,5.690709780524925154e-01
1.650273820311718250e+15,5.703064595562057360e-01
1.650273820313608750e+15,5.683074999287733853e-01
1.650273820315499500e+15,5.663082759586238746e-01
1.650273820317390000e+15,5.643093163311915239e-01
1.650273820319280750e+15,5.623100923610420132e-01
1.650273820321171500e+15,5.603108683908925025e-01
1.650273820323062000e+15,5.583690067903743781e-01
1.650273820324952750e+15,5.583690067903741561e-01
1.650273820326843250e+15,5.583690067903740450e-01
1.650273820328734000e+15,5.583690067903739340e-01
1.650273820330624500e+15,5.583690067903737120e-01
1.650273820332515250e+15,5.583690067903736010e-01
1.650273820334405750e+15,5.583690067903734899e-01
1.650273820336296500e+15,5.583690067903734899e-01
1.650273820338187250e+15,5.583690067903734899e-01
1.650273820340077750e+15,5.583690067903734899e-01
1.650273820341968500e+15,5.583690067903734899e-01
1.650273820343859000e+15,5.583690067903734899e-01
1.650273820345749750e+15,5.583690067903734899e-01
1.650273820347640250e+15,5.583690067903733789e-01
1.650273820349531000e+15,5.583690067903732679e-01
1.650273820351421750e+15,5.583690067903732679e-01
1.650273820353312250e+15,5.583690067903732679e-01
1.650273820355203000e+15,5.583690067903731569e-01
1.650273820357093500e+15,5.583690067903730458e-01
1.650273820358984250e+15,5.583690067903729348e-01
1.650273820360874750e+15,5.583690067903730458e-01
1.650273820362765500e+15,5.583690067903730458e-01
1.650273820364656000e+15,5.583690067903730458e-01
1.650273820366546750e+15,5.583690067903729348e-01
1.650273820368437500e+15,5.583690067903730458e-01
1.650273820370328000e+15,5.583690067903730458e-01
1.650273820372218750e+15,5.583690067903730458e-01
1.650273820374109250e+15,5.583690067903730458e-01
1.650273820376000000e+15,5.583690067903730458e-01
1.650273820377890500e+15,5.583690067903730458e-01
1.650273820379781250e+15,5.583690067903730458e-01
1.650273820381672000e+15,5.583690067903728238e-01
1.650273820383562500e+15,5.583690067903728238e-01
1.650273820385453250e+15,5.583690067903728238e-01
1.650273820387343750e+15,5.583690067903727128e-01
1.650273820389234500e+15,5.583690067903727128e-01
1.650273820391125000e+15,5.583690067903728238e-01
1.650273820393015750e+15,5.583690067903728238e-01
1.650273820394906250e+15,5.583690067903730458e-01
1.650273820396797000e+15,5.583690067903730458e-01
1.650273820398687750e+15,5.583690067903732679e-01
1.650273820400578250e+15,5.583690067903733789e-01
1.650273820402469000e+15,5.583690067903734899e-01
1.650273820404359500e+15,5.580708088725854221e-01
1.650273820406250250e+15,5.574231147737254144e-01
1.650273820408140750e+15,5.567755063147040717e-01
1.650273820410031500e+15,5.561278122158439530e-01
1.650273820411922250e+15,5.554801181169839452e-01
1.650273820413812750e+15,5.548325096579624915e-01
1.650273820415703500e+15,5.541848155591025948e-01
1.650273820417594000e+15,5.535372071000811411e-01
1.650273820419484750e+15,5.528895130012211334e-01
1.650273820421375250e+15,5.522419045421996797e-01
1.650273820423266000e+15,5.522330836388303910e-01
1.650273820425156500e+15,5.522330836388303910e-01
1.650273820427047250e+15,5.522330836388305020e-01
1.650273820428938000e+15,5.522330836388305020e-01
1.650273820430828500e+15,5.522330836388306130e-01
1.650273820432719250e+15,5.522330836388305020e-01
1.650273820434609750e+15,5.522330836388307240e-01
1.650273820436500500e+15,5.522330836388307240e-01
1.650273820438391000e+15,5.525106596638110767e-01
1.650273820440281750e+15,5.530867594104980078e-01
1.650273820442172500e+15,5.536628591571848279e-01
1.650273820444063000e+15,5.542388827304289833e-01
1.650273820445953750e+15,5.548149824771158034e-01
1.650273820447844250e+15,5.553910060503600699e-01
1.650273820449735000e+15,5.559671057970467789e-01
1.650273820451625500e+15,5.565431293702910454e-01
1.650273820453516250e+15,5.571192291169778654e-01
1.650273820455406750e+15,5.576952526902220209e-01
1.650273820457297500e+15,5.582713524369088409e-01
1.650273820459188250e+15,5.567218688591469844e-01
1.650273820461078750e+15,5.547387997561481487e-01
1.650273820462969500e+15,5.527554684117973460e-01
1.650273820464860000e+15,5.507723993087985104e-01
1.650273820466750750e+15,5.487890679644478187e-01
1.650273820468641250e+15,5.468059988614490941e-01
1.650273820470532000e+15,5.467534811694892971e-01
1.650273820472422750e+15,5.477748295891370356e-01
1.650273820474313250e+15,5.487960429633770287e-01
1.650273820476204000e+15,5.498173913830248782e-01
1.650273820478094500e+15,5.508386047572647604e-01
1.650273820479985250e+15,5.518599531769126099e-01
1.650273820481875750e+15,5.522330836388307240e-01
1.650273820483766500e+15,5.522330836388307240e-01
1.650273820485657000e+15,5.522330836388307240e-01
1.650273820487547750e+15,5.522330836388307240e-01
1.650273820489438500e+15,5.522330836388307240e-01
1.650273820491329000e+15,5.522330836388307240e-01
1.650273820493219750e+15,5.522330836388307240e-01
1.650273820495110250e+15,5.522330836388307240e-01
1.650273820497001000e+15,5.522330836388307240e-01
1.650273820498891500e+15,5.522330836388307240e-01
1.650273820500782250e+15,5.522330836388308350e-01
1.650273820502673000e+15,5.522330836388307240e-01
1.650273820504563500e+15,5.522330836388307240e-01
1.650273820506454250e+15,5.522330836388307240e-01
1.650273820508344750e+15,5.522330836388307240e-01
1.650273820510235500e+15,5.522330836388307240e-01
1.650273820512126000e+15,5.522330836388306130e-01
1.650273820514016750e+15,5.522330836388307240e-01
1.650273820515907250e+15,5.522330836388307240e-01
1.650273820517798000e+15,5.522330836388307240e-01
1.650273820519688750e+15,5.522330836388307240e-01
1.650273820521579250e+15,5.522330836388306130e-01
1.650273820523470000e+15,5.522330836388307240e-01
1.650273820525360500e+15,5.522330836388308350e-01
1.650273820527251250e+15,5.522330836388307240e-01
1.650273820529141750e+15,5.522330836388306130e-01
1.650273820531032500e+15,5.522330836388305020e-01
1.650273820532923250e+15,5.522330836388305020e-01
1.650273820534813750e+15,5.522330836388303910e-01
1.650273820536704500e+15,5.522330836388303910e-01
1.650273820538595000e+15,5.522330836388302799e-01
1.650273820540485750e+15,5.528273896821014333e-01
1.650273820542376250e+15,5.534698689243053860e-01
1.650273820544267000e+15,5.541124331280595783e-01
1.650273820546157500e+15,5.547549123702635310e-01
1.650273820548048250e+15,5.553974765740175012e-01
1.650273820549939000e+15,5.560400407777716936e-01
1.650273820551829500e+15,5.566825200199756463e-01
1.650273820553720250e+15,5.573250842237297276e-01
1.650273820555610750e+15,5.579675634659336803e-01
1.650273820557501500e+15,5.579950322627540427e-01
1.650273820559392000e+15,5.569985574995900413e-01
1.650273820561282750e+15,5.560019509624558598e-01
1.650273820563173500e+15,5.550053444253217894e-01
1.650273820565064000e+15,5.540088696621578990e-01
1.650273820566954750e+15,5.530122631250237175e-01
1.650273820568845250e+15,5.520157883618598271e-01
1.650273820570736000e+15,5.510191818247256457e-01
1.650273820572626500e+15,5.500227070615617553e-01
1.650273820574517250e+15,5.490261005244275738e-01
1.650273820576407750e+15,5.480296257612637945e-01
1.650273820578298500e+15,5.470330192241296130e-01
1.650273820580189250e+15,5.460971604872888463e-01
1.650273820582079750e+15,5.460971604872886243e-01
1.650273820583970500e+15,5.460971604872885132e-01
1.650273820585861000e+15,5.460971604872884022e-01
1.650273820587751750e+15,5.460971604872881802e-01
1.650273820589642250e+15,5.460971604872879581e-01
1.650273820591533000e+15,5.460971604872879581e-01
1.650273820593423750e+15,5.460971604872880691e-01
1.650273820595314250e+15,5.460971604872880691e-01
1.650273820597205000e+15,5.460971604872881802e-01
1.650273820599095500e+15,5.460971604872881802e-01
1.650273820600986250e+15,5.460971604872882912e-01
1.650273820602876750e+15,5.460971604872882912e-01
1.650273820604767500e+15,5.460971604872884022e-01
1.650273820606658000e+15,5.460971604872884022e-01
1.650273820608548750e+15,5.460971604872884022e-01
1.650273820610439500e+15,5.460971604872884022e-01
1.650273820612330000e+15,5.460971604872884022e-01
1.650273820614220750e+15,5.460971604872884022e-01
1.650273820616111250e+15,5.460971604872884022e-01
1.650273820618002000e+15,5.460971604872884022e-01
1.650273820619892500e+15,5.460971604872884022e-01
1.650273820621783250e+15,5.460971604872884022e-01
1.650273820623674000e+15,5.460971604872884022e-01
1.650273820625564500e+15,5.460971604872884022e-01
1.650273820627455250e+15,5.460971604872884022e-01
1.650273820629345750e+15,5.460971604872884022e-01
1.650273820631236500e+15,5.460971604872884022e-01
1.650273820633127000e+15,5.460971604872884022e-01
1.650273820635017750e+15,5.460971604872884022e-01
1.650273820636908250e+15,5.460971604872884022e-01
1.650273820638799000e+15,5.460971604872884022e-01
1.650273820640689750e+15,5.460971604872885132e-01
1.650273820642580250e+15,5.460971604872885132e-01
1.650273820644471000e+15,5.460971604872885132e-01
1.650273820646361500e+15,5.460971604872886243e-01
1.650273820648252250e+15,5.460971604872886243e-01
1.650273820650142750e+15,5.460971604872886243e-01
1.650273820652033500e+15,5.460971604872887353e-01
1.650273820653924250e+15,5.460971604872888463e-01
1.650273820655814750e+15,5.460971604872887353e-01
1.650273820657705500e+15,5.460971604872888463e-01
1.650273820659596000e+15,5.460971604872888463e-01
1.650273820661486750e+15,5.451345934337538113e-01
1.650273820663377250e+15,5.438618303529998421e-01
1.650273820665268000e+15,5.425888989618676828e-01
1.650273820667158500e+15,5.413161358811136026e-01
1.650273820669049250e+15,5.400432044899814432e-01
1.650273820670940000e+15,5.399612373357460804e-01
1.650273820672830500e+15,5.399612373357458583e-01
1.650273820674721250e+15,5.399612373357458583e-01
1.650273820676611750e+15,5.399612373357457473e-01
1.650273820678502500e+15,5.399612373357457473e-01
1.650273820680393000e+15,5.399612373357456363e-01
1.650273820682283750e+15,5.399612373357456363e-01
1.650273820684174500e+15,5.399612373357456363e-01
1.650273820686065000e+15,5.399612373357456363e-01
1.650273820687955750e+15,5.399612373357456363e-01
1.650273820689846250e+15,5.399612373357456363e-01
1.650273820691737000e+15,5.399612373357456363e-01
1.650273820693627500e+15,5.399612373357456363e-01
1.650273820695518250e+15,5.399612373357456363e-01
1.650273820697408750e+15,5.399612373357456363e-01
1.650273820699299500e+15,5.399612373357456363e-01
1.650273820701190250e+15,5.399612373357456363e-01
1.650273820703080750e+15,5.399612373357456363e-01
1.650273820704971500e+15,5.402799623840184307e-01
1.650273820706862000e+15,5.408220673806531931e-01
1.650273820708752750e+15,5.413642440653330112e-01
1.650273820710643250e+15,5.419063490619678847e-01
1.650273820712534000e+15,5.424485257466477028e-01
1.650273820714424750e+15,5.429907024313276320e-01
1.650273820716315250e+15,5.435328074279622834e-01
1.650273820718206000e+15,5.440749841126422126e-01
1.650273820720096500e+15,5.446170891092769750e-01
1.650273820721987250e+15,5.451592657939567932e-01
1.650273820723877750e+15,5.457013707905916666e-01
1.650273820725768500e+15,5.459503549959418001e-01
1.650273820727659000e+15,5.454067001842067830e-01
1.650273820729549750e+15,5.448629734794788737e-01
1.650273820731440500e+15,5.443192467747509644e-01
1.650273820733331000e+15,5.437755919630159473e-01
1.650273820735221750e+15,5.432318652582881491e-01
1.650273820737112250e+15,5.426882104465530210e-01
1.650273820739003000e+15,5.421444837418251117e-01
1.650273820740893500e+15,5.416008289300900946e-01
1.650273820742784250e+15,5.410571022253621853e-01
1.650273820744675000e+15,5.405133755206342761e-01
1.650273820746565500e+15,5.399697207088992590e-01
1.650273820748456250e+15,5.399612373357460804e-01
1.650273820750346750e+15,5.399612373357461914e-01
1.650273820752237500e+15,5.399612373357460804e-01
1.650273820754128000e+15,5.399612373357460804e-01
1.650273820756018750e+15,5.399612373357460804e-01
1.650273820757909250e+15,5.399612373357460804e-01
1.650273820759800000e+15,5.399612373357460804e-01
1.650273820761690750e+15,5.399612373357460804e-01
1.650273820763581250e+15,5.399612373357460804e-01
1.650273820765472000e+15,5.399612373357460804e-01
1.650273820767362500e+15,5.399612373357460804e-01
1.650273820769253250e+15,5.399612373357460804e-01
1.650273820771143750e+15,5.399612373357460804e-01
1.650273820773034500e+15,5.399612373357460804e-01
1.650273820774925250e+15,5.399612373357460804e-01
1.650273820776815750e+15,5.399612373357460804e-01
1.650273820778706500e+15,5.399612373357460804e-01
1.650273820780597000e+15,5.399612373357460804e-01
1.650273820782487750e+15,5.399612373357460804e-01
1.650273820784378250e+15,5.399612373357460804e-01
1.650273820786269000e+15,5.399612373357460804e-01
1.650273820788159500e+15,5.399612373357460804e-01
1.650273820790050250e+15,5.399612373357459694e-01
1.650273820791941000e+15,5.399612373357459694e-01
1.650273820793831500e+15,5.399612373357459694e-01
1.650273820795722250e+15,5.399612373357458583e-01
1.650273820797612750e+15,5.399612373357458583e-01
1.650273820799503500e+15,5.399612373357458583e-01
1.650273820801394000e+15,5.399612373357457473e-01
1.650273820803284750e+15,5.399612373357456363e-01
1.650273820805175500e+15,5.399612373357456363e-01
1.650273820807066000e+15,5.399612373357456363e-01
1.650273820808956750e+15,5.399612373357456363e-01
1.650273820810847250e+15,5.399612373357456363e-01
1.650273820812738000e+15,5.399612373357456363e-01
1.650273820814628500e+15,5.399612373357456363e-01
1.650273820816519250e+15,5.399612373357456363e-01
1.650273820818409750e+15,5.399612373357456363e-01
1.650273820820300500e+15,5.399612373357456363e-01
1.650273820822191250e+15,5.399612373357456363e-01
1.650273820824081750e+15,5.399612373357456363e-01
1.650273820825972500e+15,5.394508141794049916e-01
1.650273820827863000e+15,5.389250964038332370e-01
1.650273820829753750e+15,5.383993091072649673e-01
1.650273820831644250e+15,5.378735913316932127e-01
1.650273820833535000e+15,5.373478040351249430e-01
1.650273820835425750e+15,5.368220167385566732e-01
1.650273820837316250e+15,5.362962989629849186e-01
1.650273820839207000e+15,5.357705116664166489e-01
1.650273820841097500e+15,5.352447938908448943e-01
1.650273820842988250e+15,5.347190065942767356e-01
1.650273820844878750e+15,5.341932888187048700e-01
1.650273820846769500e+15,5.338253141842033145e-01
1.650273820848660000e+15,5.338253141842033145e-01
1.650273820850550750e+15,5.338253141842033145e-01
1.650273820852441500e+15,5.338253141842033145e-01
1.650273820854332000e+15,5.338253141842033145e-01
1.650273820856222750e+15,5.338253141842032035e-01
1.650273820858113250e+15,5.338253141842033145e-01
1.650273820860004000e+15,5.339074405357947528e-01
1.650273820861894500e+15,5.344933268289403516e-01
1.650273820863785250e+15,5.350792905997761029e-01
1.650273820865676000e+15,5.356652543706119651e-01
1.650273820867566500e+15,5.362511406637574529e-01
1.650273820869457250e+15,5.368371044345934262e-01
1.650273820871347750e+15,5.374229907277389140e-01
1.650273820873238500e+15,5.380089544985746652e-01
1.650273820875129000e+15,5.385948407917202641e-01
1.650273820877019750e+15,5.391808045625561263e-01
1.650273820878910250e+15,5.397666908557018361e-01
1.650273820880801000e+15,5.394590554448432940e-01
1.650273820882691750e+15,5.387072736473590417e-01
1.650273820884582250e+15,5.379555912524659478e-01
1.650273820886473000e+15,5.372038094549815845e-01
1.650273820888363500e+15,5.364521270600886016e-01
1.650273820890254250e+15,5.357003452626043494e-01
1.650273820892144750e+15,5.349486628677111444e-01
1.650273820894035500e+15,5.341968810702268922e-01
1.650273820895926250e+15,5.343099092051531995e-01
1.650273820897816750e+15,5.352679503942836536e-01
1.650273820899707500e+15,5.362261182749228361e-01
1.650273820901598000e+15,5.371841594640531792e-01
1.650273820903488750e+15,5.381423273446923616e-01
1.650273820905379250e+15,5.391003685338227047e-01
1.650273820907270000e+15,5.398446402212269124e-01
1.650273820909160500e+15,5.386965837368651311e-01
1.650273820911051250e+15,5.375483754333436615e-01
1.650273820912942000e+15,5.364001671298223028e-01
1.650273820914832500e+15,5.352521106454604105e-01
1.650273820916723250e+15,5.341039023419390519e-01
1.650273820918613750e+15,5.338253141842024263e-01
1.650273820920504500e+15,5.338253141842024263e-01
1.650273820922395000e+15,5.338253141842024263e-01
1.650273820924285750e+15,5.338253141842024263e-01
1.650273820926176500e+15,5.338253141842024263e-01
1.650273820928067000e+15,5.338253141842024263e-01
1.650273820929957750e+15,5.338253141842024263e-01
1.650273820931848250e+15,5.338253141842024263e-01
1.650273820933739000e+15,5.338253141842024263e-01
1.650273820935629500e+15,5.338253141842024263e-01
1.650273820937520250e+15,5.335972973626030846e-01
1.650273820939410750e+15,5.325691141754032021e-01
1.650273820941301500e+15,5.315407950211062937e-01
1.650273820943192250e+15,5.305124758668094964e-01
1.650273820945082750e+15,5.294842926796096139e-01
1.650273820946973500e+15,5.284559735253128165e-01
1.650273820948864000e+15,5.279092985683060402e-01
1.650273820950754750e+15,5.287737272024448654e-01
1.650273820952645250e+15,5.296380415395276486e-01
1.650273820954536000e+15,5.305024701736664738e-01
1.650273820956426750e+15,5.313668988078052990e-01
1.650273820958317250e+15,5.322312131448881933e-01
1.650273820960208000e+15,5.330956417790270185e-01
1.650273820962098500e+15,5.339133846281116647e-01
1.650273820963989250e+15,5.344788148210534162e-01
1.650273820965879750e+15,5.350441702513093478e-01
1.650273820967770500e+15,5.356096004442512104e-01
1.650273820969661000e+15,5.361749558745070310e-01
1.650273820971551750e+15,5.367403860674488936e-01
1.650273820973442500e+15,5.373058162603906451e-01
1.650273820975333000e+15,5.378711716906465767e-01
1.650273820977223750e+15,5.384366018835884393e-01
1.650273820979114250e+15,5.390019573138443709e-01
1.650273820981005000e+15,5.395673875067860115e-01
1.650273820982895500e+15,5.395766103899138910e-01
1.650273820984786250e+15,5.383085486674547004e-01
1.650273820986677000e+15,5.370404869449955099e-01
1.650273820988567500e+15,5.357725928890340050e-01
1.650273820990458250e+15,5.345045311665748144e-01
1.650273820992348750e+15,5.336625321450841897e-01
1.650273820994239500e+15,5.333118854456107005e-01
1.650273820996130000e+15,5.329612851095776316e-01
1.650273820998020750e+15,5.326106384101041424e-01
1.650273820999911250e+15,5.322600380740710735e-01
1.650273821001802000e+15,5.319093913745975843e-01
1.650273821003692750e+15,5.315587446751242062e-01
1.650273821005583250e+15,5.312081443390910263e-01
1.650273821007474000e+15,5.308574976396176481e-01
1.650273821009364500e+15,5.305068973035844682e-01
1.650273821011255250e+15,5.301562506041110900e-01
1.650273821013145750e+15,5.298056502680780211e-01
1.650273821015036500e+15,5.294550035686045319e-01
1.650273821016927250e+15,5.291043568691311538e-01
1.650273821018817750e+15,5.287537565330979739e-01
1.650273821020708500e+15,5.284031098336244847e-01
1.650273821022599000e+15,5.280525094975915268e-01
1.650273821024489750e+15,5.277018627981180376e-01
1.650273821026380250e+15,5.276893910326602155e-01
1.650273821028271000e+15,5.276893910326602155e-01
1.650273821030161500e+15,5.276893910326603265e-01
1.650273821032052250e+15,5.276893910326604376e-01
1.650273821033943000e+15,5.276893910326605486e-01
1.650273821035833500e+15,5.276893910326605486e-01
1.650273821037724250e+15,5.276893910326606596e-01
1.650273821039614750e+15,5.276893910326607706e-01
1.650273821041505500e+15,5.276893910326607706e-01
1.650273821043396000e+15,5.276893910326607706e-01
1.650273821045286750e+15,5.276893910326609927e-01
1.650273821047177500e+15,5.274199059654808286e-01
1.650273821049068000e+15,5.263254666110143143e-01
1.650273821050958750e+15,5.252308825277254289e-01
1.650273821052849250e+15,5.241364431732589146e-01
1.650273821054740000e+15,5.230418590899700293e-01
1.650273821056630500e+15,5.219474197355035150e-01
1.650273821058521250e+15,5.221517117378940975e-01
1.650273821060411750e+15,5.230862128833054792e-01
1.650273821062302500e+15,5.240208376072866825e-01
1.650273821064193250e+15,5.249554623312678858e-01
1.650273821066083750e+15,5.258899634766791564e-01
1.650273821067974500e+15,5.268245882006603598e-01
1.650273821069865000e+15,5.275009224204471048e-01
1.650273821071755750e+15,5.249736385300690644e-01
1.650273821073646250e+15,5.224466888038971080e-01
1.650273821075537000e+15,5.199194049135190676e-01
1.650273821077427750e+15,5.173921210231411383e-01
1.650273821079318250e+15,5.157159290838196908e-01
1.650273821081209000e+15,5.170811322726617254e-01
1.650273821083099500e+15,5.184461549507025646e-01
1.650273821084990250e+15,5.198113581395444882e-01
1.650273821086880750e+15,5.211763808175854384e-01
1.650273821088771500e+15,5.225415840064273620e-01
1.650273821090662250e+15,5.239067871952693967e-01
1.650273821092552750e+15,5.252718098733102359e-01
1.650273821094443500e+15,5.266370130621522705e-01
1.650273821096334000e+15,5.280020357401932207e-01
1.650273821098224750e+15,5.293672389290351443e-01
1.650273821100115250e+15,5.307322616070759835e-01
1.650273821102006000e+15,5.320974647959180182e-01
1.650273821103896500e+15,5.334624874739587463e-01
1.650273821105787250e+15,5.305506595700252293e-01
1.650273821107678000e+15,5.260906896714078185e-01
1.650273821109568500e+15,5.216313094818871843e-01
1.650273821111459250e+15,5.171713395832698845e-01
1.650273821113349750e+15,5.127119593937491393e-01
1.650273821115240500e+15,5.082914809289953428e-01
1.650273821117131000e+15,5.040031398132868157e-01
1.650273821119021750e+15,4.997142316067139656e-01
1.650273821120912500e+15,4.954253234001411155e-01
1.650273821122803000e+15,4.911369822844325883e-01
1.650273821124693750e+15,4.868480740778597937e-01
1.650273821126584250e+15,4.851584871593193071e-01
1.650273821128475000e+15,4.859865740043428084e-01
1.650273821130365500e+15,4.868145513575184991e-01
1.650273821132256250e+15,4.876426382025420003e-01
1.650273821134146750e+15,4.884706155557177465e-01
1.650273821136037500e+15,4.892987024007412478e-01
1.650273821137928250e+15,4.901267892457648045e-01
1.650273821139818750e+15,4.909976426560012097e-01
1.650273821141709500e+15,4.922645273623925677e-01
1.650273821143600000e+15,4.935312445579143059e-01
1.650273821145490750e+15,4.947981292643056639e-01
1.650273821147381250e+15,4.960648464598275131e-01
1.650273821149272000e+15,4.973317311662188156e-01
1.650273821151162750e+15,4.985986158726101181e-01
1.650273821153053250e+15,4.998653330681319673e-01
1.650273821154944000e+15,5.011322177745233253e-01
1.650273821156834500e+15,5.023989349700450635e-01
1.650273821158725250e+15,5.019297141664990081e-01
1.650273821160615750e+15,4.989682735951456172e-01
1.650273821162506500e+15,4.960064414024525359e-01
1.650273821164397000e+15,4.930450008310992560e-01
1.650273821166287750e+15,4.900831686384060637e-01
1.650273821168178500e+15,4.871213364457130379e-01
1.650273821170069000e+15,4.841598958743596470e-01
1.650273821171959750e+15,4.811980636816666212e-01
1.650273821173850250e+15,4.788927827555288785e-01
1.650273821175741000e+15,4.812498523814491835e-01
1.650273821177631500e+15,4.836066103493467105e-01
1.650273821179522250e+15,4.859636799752669045e-01
1.650273821181413000e+15,4.883207496011871540e-01
1.650273821183303500e+15,4.906775075690847365e-01
1.650273821185194250e+15,4.898255953787985506e-01
1.650273821187084750e+15,4.886822350005034510e-01
1.650273821188975500e+15,4.875387234240625700e-01
1.650273821190866000e+15,4.863953630457674704e-01
1.650273821192756750e+15,4.852518514693266449e-01
1.650273821194647250e+15,4.841084910910314898e-01
1.650273821196538000e+15,4.829649795145906643e-01
1.650273821198428750e+15,4.818214679381498389e-01
1.650273821200319250e+15,4.806781075598546837e-01
1.650273821202210000e+15,4.795345959834138583e-01
1.650273821204100500e+15,4.787907243110357536e-01
1.650273821205991250e+15,4.798145965816897895e-01
1.650273821207881750e+15,4.808383334732255765e-01
1.650273821209772500e+15,4.818622057438795014e-01
1.650273821211663250e+15,4.828860780145335374e-01
1.650273821213553750e+15,4.839098149060693799e-01
1.650273821215444500e+15,4.849336871767233603e-01
1.650273821217335000e+15,4.859574240682592028e-01
1.650273821219225750e+15,4.869812963389131832e-01
1.650273821221116250e+15,4.880050332304489702e-01
1.650273821223007000e+15,4.890289055011030062e-01
1.650273821224897500e+15,4.900526423926387931e-01
1.650273821226788250e+15,4.906801474216368475e-01
1.650273821228679000e+15,4.897015310826424161e-01
1.650273821230569500e+15,4.887230441389062152e-01
1.650273821232460250e+15,4.877444277999117839e-01
1.650273821234350750e+15,4.867659408561756385e-01
1.650273821236241500e+15,4.857873245171812071e-01
1.650273821238132000e+15,4.848088375734451172e-01
1.650273821240022750e+15,4.847379289718625195e-01
1.650273821241913500e+15,4.847379289718625195e-01
1.650273821243804000e+15,4.847379289718625195e-01
1.650273821245694750e+15,4.847379289718625750e-01
1.650273821247585250e+15,4.847379289718625750e-01
1.650273821249476000e+15,4.847379289718625195e-01
1.650273821251366500e+15,4.847379289718625750e-01
1.650273821253257250e+15,4.847379289718625750e-01
1.650273821255147750e+15,4.847379289718625195e-01
1.650273821257038500e+15,4.847379289718625195e-01
1.650273821258929250e+15,4.847379289718625195e-01
1.650273821260819750e+15,4.847379289718625750e-01
1.650273821262710500e+15,4.847379289718625195e-01
1.650273821264601000e+15,4.847379289718625195e-01
1.650273821266491750e+15,4.847379289718625195e-01
1.650273821268382250e+15,4.847379289718625195e-01
1.650273821270273000e+15,4.847379289718625195e-01
1.650273821272163750e+15,4.847379289718625195e-01
1.650273821274054250e+15,4.843688218157276015e-01
1.650273821275945000e+15,4.821193798964298338e-01
1.650273821277835500e+15,4.798702354043328233e-01
1.650273821279726250e+15,4.776207934850350556e-01
1.650273821281616750e+15,4.753716489929380451e-01
1.650273821283507500e+15,4.731222070736403329e-01
1.650273821285398000e+15,4.727728788263553805e-01
1.650273821287288750e+15,4.732060937889683849e-01
1.650273821289179500e+15,4.736393087515814448e-01
1.650273821291070000e+15,4.740724664333584304e-01
1.650273821292960750e+15,4.745056813959714348e-01
1.650273821294851250e+15,4.749388390777484203e-01
1.650273821296742000e+15,4.753720540403614248e-01
1.650273821298632500e+15,4.758052117221384103e-01
1.650273821300523250e+15,4.762384266847514147e-01
1.650273821302414000e+15,4.766716416473644191e-01
1.650273821304304500e+15,4.771047993291414047e-01
1.650273821306195250e+15,4.775380142917544091e-01
1.650273821308085750e+15,4.779711719735314501e-01
1.650273821309976500e+15,4.784043869361443990e-01
1.650273821311867000e+15,4.786020058203192540e-01
1.650273821313757750e+15,4.786020058203191985e-01
1.650273821315648250e+15,4.786020058203190874e-01
1.650273821317539000e+15,4.786020058203190319e-01
1.650273821319429750e+15,4.786020058203189209e-01
1.650273821321320250e+15,4.781538778649107035e-01
1.650273821323211000e+15,4.773033906060019094e-01
1.650273821325101500e+15,4.764530158007832528e-01
1.650273821326992250e+15,4.756025285418744031e-01
1.650273821328882750e+15,4.747521537366558020e-01
1.650273821330773500e+15,4.739016664777469523e-01
1.650273821332664250e+15,4.730511792188381026e-01
1.650273821334554750e+15,4.724660826687782644e-01
1.650273821336445500e+15,4.724660826687781534e-01
1.650273821338336000e+15,4.724660826687780979e-01
1.650273821340226750e+15,4.724660826687779869e-01
1.650273821342117250e+15,4.724660826687779314e-01
1.650273821344008000e+15,4.724660826687777648e-01
1.650273821345898500e+15,4.724660826687776538e-01
1.650273821347789250e+15,4.724660826687775428e-01
1.650273821349680000e+15,4.724660826687775428e-01
1.650273821351570500e+15,4.724660826687774318e-01
1.650273821353461250e+15,4.724660826687775428e-01
1.650273821355351750e+15,4.724660826687777093e-01
1.650273821357242500e+15,4.724660826687777648e-01
1.650273821359133000e+15,4.724660826687778759e-01
1.650273821361023750e+15,4.724660826687779869e-01
1.650273821362914500e+15,4.724660826687781534e-01
1.650273821364805000e+15,4.724660826687783199e-01
1.650273821366695750e+15,4.727324056637876581e-01
1.650273821368586250e+15,4.733572689862390881e-01
1.650273821370477000e+15,4.739822149407088570e-01
1.650273821372367500e+15,4.746070782631602869e-01
1.650273821374258250e+15,4.752320242176300003e-01
1.650273821376148750e+15,4.758568875400814302e-01
1.650273821378039500e+15,4.764818334945511991e-01
1.650273821379930250e+15,4.771067794490209124e-01
1.650273821381820750e+15,4.777316427714722868e-01
1.650273821383711500e+15,4.783565887259420002e-01
1.650273821385602000e+15,4.783207504887971862e-01
1.650273821387492750e+15,4.778575244277559753e-01
1.650273821389383250e+15,4.773943596156980385e-01
1.650273821391274000e+15,4.769311335546568831e-01
1.650273821393164750e+15,4.764679074936156167e-01
1.650273821395055250e+15,4.760047426815576799e-01
1.650273821396946000e+15,4.755415166205164690e-01
1.650273821398836500e+15,4.750783518084585877e-01
1.650273821400727250e+15,4.746151257474173768e-01
1.650273821402617750e+15,4.741519609353594400e-01
1.650273821404508500e+15,4.736887348743182291e-01
1.650273821406399000e+15,4.732255700622602923e-01
1.650273821408289750e+15,4.727623440012190814e-01
1.650273821410180500e+15,4.724660826687774318e-01
1.650273821412071000e+15,4.724660826687774318e-01
1.650273821413961750e+15,4.724660826687774318e-01
1.650273821415852250e+15,4.724660826687774318e-01
1.650273821417743000e+15,4.724660826687774318e-01
1.650273821419633500e+15,4.724660826687774318e-01
1.650273821421524250e+15,4.724660826687774318e-01
1.650273821423415000e+15,4.724660826687774318e-01
1.650273821425305500e+15,4.724660826687774318e-01
1.650273821427196250e+15,4.724660826687774318e-01
1.650273821429086750e+15,4.724660826687774873e-01
1.650273821430977500e+15,4.724660826687774873e-01
1.650273821432868000e+15,4.724660826687773763e-01
1.650273821434758750e+15,4.724660826687773207e-01
1.650273821436649250e+15,4.724660826687772097e-01
1.650273821438540000e+15,4.724660826687772097e-01
1.650273821440430750e+15,4.724660826687770987e-01
1.650273821442321250e+15,4.724660826687769877e-01
1.650273821444212000e+15,4.724660826687768767e-01
1.650273821446102500e+15,4.724660826687768211e-01
1.650273821447993250e+15,4.724660826687767656e-01
1.650273821449883750e+15,4.724660826687766546e-01
1.650273821451774500e+15,4.724660826687765991e-01
1.650273821453665250e+15,4.717292711810187056e-01
1.650273821455555750e+15,4.707920519261110659e-01
1.650273821457446500e+15,4.698547087331904626e-01
1.650273821459337000e+15,4.689174894782829339e-01
1.650273821461227750e+15,4.679801462853622196e-01
1.650273821463118250e+15,4.670429270304546909e-01
1.650273821465009000e+15,4.658482640270038555e-01
1.650273821466899500e+15,4.638371747901814390e-01
1.650273821468790250e+15,4.618258196066205024e-01
1.650273821470681000e+15,4.598144644230595657e-01
1.650273821472571500e+15,4.578033751862371492e-01
1.650273821474462250e+15,4.557920200026762125e-01
1.650273821476352750e+15,4.540583132141486900e-01
1.650273821478243500e+15,4.540583132141487455e-01
1.650273821480134000e+15,4.540583132141487455e-01
1.650273821482024750e+15,4.540583132141486900e-01
1.650273821483915500e+15,4.540583132141487455e-01
1.650273821485806000e+15,4.540583132141486900e-01
1.650273821487696750e+15,4.540583132141486900e-01
1.650273821489587250e+15,4.540583132141486900e-01
1.650273821491478000e+15,4.540583132141488010e-01
1.650273821493368500e+15,4.540583132141486900e-01
1.650273821495259250e+15,4.540583132141486900e-01
1.650273821497149750e+15,4.540583132141487455e-01
1.650273821499040500e+15,4.540583132141486900e-01
1.650273821500931250e+15,4.540583132141486900e-01
1.650273821502821750e+15,4.540583132141486900e-01
1.650273821504712500e+15,4.540583132141486900e-01
1.650273821506603000e+15,4.540583132141486344e-01
1.650273821508493750e+15,4.531336238607037714e-01
1.650273821510384250e+15,4.521480705286740065e-01
1.650273821512275000e+15,4.511623868669257242e-01
1.650273821514165750e+15,4.501767032051774420e-01
1.650273821516056250e+15,4.491911498731477881e-01
1.650273821517947000e+15,4.482054662113995058e-01
1.650273821519837500e+15,4.472199128793697964e-01
1.650273821521728250e+15,4.462342292176214587e-01
1.650273821523618750e+15,4.452486758855917492e-01
1.650273821525509500e+15,4.442629922238435225e-01
1.650273821527400000e+15,4.432774388918138131e-01
1.650273821529290750e+15,4.422917552300655308e-01
1.650273821531181500e+15,4.417864669110653231e-01
1.650273821533072000e+15,4.417864669110651565e-01
1.650273821534962750e+15,4.417864669110650455e-01
1.650273821536853250e+15,4.417864669110649345e-01
1.650273821538744000e+15,4.417864669110647124e-01
1.650273821540634500e+15,4.417864669110646014e-01
1.650273821542525250e+15,4.417864669110644904e-01
1.650273821544416000e+15,4.417864669110643794e-01
1.650273821546306500e+15,4.417864669110641573e-01
1.650273821548197250e+15,4.417864669110640463e-01
1.650273821550087750e+15,4.417864669110639353e-01
1.650273821551978500e+15,4.417864669110637688e-01
1.650273821553869000e+15,4.417864669110636577e-01
1.650273821555759750e+15,4.417864669110636577e-01
1.650273821557650250e+15,4.417864669110639353e-01
1.650273821559541000e+15,4.417864669110641018e-01
1.650273821561431750e+15,4.417864669110643239e-01
1.650273821563322250e+15,4.417864669110644904e-01
1.650273821565213000e+15,4.417864669110647124e-01
1.650273821567103500e+15,4.417864669110649345e-01
1.650273821568994250e+15,4.417864669110649900e-01
1.650273821570884750e+15,4.417864669110649900e-01
1.650273821572775500e+15,4.417864669110649345e-01
1.650273821574666250e+15,4.417864669110649900e-01
1.650273821576556750e+15,4.417864669110649345e-01
1.650273821578447500e+15,4.417864669110649900e-01
1.650273821580338000e+15,4.417864669110649345e-01
1.650273821582228750e+15,4.417864669110649345e-01
1.650273821584119250e+15,4.417864669110649345e-01
1.650273821586010000e+15,4.417864669110649345e-01
1.650273821587900500e+15,4.417864669110649900e-01
1.650273821589791250e+15,4.417864669110649345e-01
1.650273821591682000e+15,4.417864669110649900e-01
1.650273821593572500e+15,4.417864669110649345e-01
1.650273821595463250e+15,4.417864669110649345e-01
1.650273821597353750e+15,4.417864669110649345e-01
1.650273821599244500e+15,4.417864669110649900e-01
1.650273821601135000e+15,4.417864669110649345e-01
1.650273821603025750e+15,4.417864669110647680e-01
1.650273821604916500e+15,4.417864669110647124e-01
1.650273821606807000e+15,4.417864669110647124e-01
1.650273821608697750e+15,4.417864669110644904e-01
1.650273821610588250e+15,4.417864669110644904e-01
1.650273821612479000e+15,4.417864669110643794e-01
1.650273821614369500e+15,4.417864669110643794e-01
1.650273821616260250e+15,4.417864669110642684e-01
1.650273821618150750e+15,4.417864669110641018e-01
1.650273821620041500e+15,4.417864669110640463e-01
1.650273821621932250e+15,4.417864669110642684e-01
1.650273821623822750e+15,4.417864669110644904e-01
1.650273821625713500e+15,4.417864669110647680e-01
1.650273821627604000e+15,4.417864669110650455e-01
1.650273821629494750e+15,4.417864669110653231e-01
1.650273821631385250e+15,4.417864669110652676e-01
1.650273821633276000e+15,4.417864669110651010e-01
1.650273821635166750e+15,4.417864669110649345e-01
1.650273821637057250e+15,4.417864669110647124e-01
1.650273821638948000e+15,4.417864669110645459e-01
1.650273821640838500e+15,4.417864669110643794e-01
1.650273821642729250e+15,4.417864669110642128e-01
1.650273821644619750e+15,4.417564331344132622e-01
1.650273821646510500e+15,4.411871462852657300e-01
1.650273821648401000e+15,4.406179347087413323e-01
1.650273821650291750e+15,4.400486478595938000e-01
1.650273821652182500e+15,4.394793610104462678e-01
1.650273821654073000e+15,4.389101494339218146e-01
1.650273821655963750e+15,4.383408625847743378e-01
1.650273821657854250e+15,4.377716510082499957e-01
1.650273821659745000e+15,4.372023641591024634e-01
1.650273821661635500e+15,4.366331525825780657e-01
1.650273821663526250e+15,4.360638657334305890e-01
1.650273821665417000e+15,4.356505437595221686e-01
1.650273821667307500e+15,4.356505437595221131e-01
1.650273821669198250e+15,4.356505437595221686e-01
1.650273821671088750e+15,4.356505437595221686e-01
1.650273821672979500e+15,4.356505437595221686e-01
1.650273821674870000e+15,4.356505437595221686e-01
1.650273821676760750e+15,4.356505437595221686e-01
1.650273821678651250e+15,4.356505437595221686e-01
1.650273821680542000e+15,4.356505437595221686e-01
1.650273821682432750e+15,4.356505437595221686e-01
1.650273821684323250e+15,4.356505437595221686e-01
1.650273821686214000e+15,4.356505437595221686e-01
1.650273821688104500e+15,4.352516042558804976e-01
1.650273821689995250e+15,4.329271208459869458e-01
1.650273821691885750e+15,4.306029447854797243e-01
1.650273821693776500e+15,4.282784613755861169e-01
1.650273821695667250e+15,4.259539779656924541e-01
1.650273821697557750e+15,4.236298019051853436e-01
1.650273821699448500e+15,4.233786974564370253e-01
1.650273821701339000e+15,4.233786974564369143e-01
1.650273821703229750e+15,4.233786974564369143e-01
1.650273821705120250e+15,4.233786974564368588e-01
1.650273821707011000e+15,4.233786974564367478e-01
1.650273821708901500e+15,4.233786974564366923e-01
1.650273821710792250e+15,4.233786974564366368e-01
1.650273821712683000e+15,4.233786974564366368e-01
1.650273821714573500e+15,4.233786974564366368e-01
1.650273821716464250e+15,4.233786974564366368e-01
1.650273821718354750e+15,4.233786974564366368e-01
1.650273821720245500e+15,4.233786974564366923e-01
1.650273821722136000e+15,4.233786974564366923e-01
1.650273821724026750e+15,4.233786974564366368e-01
1.650273821725917500e+15,4.221610768563692218e-01
1.650273821727808000e+15,4.199009769600242636e-01
1.650273821729698750e+15,4.176405781877341461e-01
1.650273821731589250e+15,4.153804782913891880e-01
1.650273821733480000e+15,4.131200795190991260e-01
1.650273821735370500e+15,4.112372213695052459e-01
1.650273821737261250e+15,4.124309137965840311e-01
1.650273821739151750e+15,4.136244483904714109e-01
1.650273821741042500e+15,4.148181408175502516e-01
1.650273821742933250e+15,4.160118332446290923e-01
1.650273821744823750e+15,4.172053678385164166e-01
1.650273821746714500e+15,4.183990602655952573e-01
1.650273821748605000e+15,4.195925948594826371e-01
1.650273821750495750e+15,4.207862872865614223e-01
1.650273821752386250e+15,4.219798218804488021e-01
1.650273821754277000e+15,4.231735143075275873e-01
1.650273821756167750e+15,4.226127465934435001e-01
1.650273821758058250e+15,4.216879309418457011e-01
1.650273821759949000e+15,4.207629929924892598e-01
1.650273821761839500e+15,4.198381773408914608e-01
1.650273821763730250e+15,4.189132393915349084e-01
1.650273821765620750e+15,4.179884237399370539e-01
1.650273821767511500e+15,4.170634857905805015e-01
1.650273821769402000e+15,4.161386701389827580e-01
1.650273821771292750e+15,4.152137321896262057e-01
1.650273821773183500e+15,4.142887942402696533e-01
1.650273821775074000e+15,4.133639785886718543e-01
1.650273821776964750e+15,4.124390406393153574e-01
1.650273821778855250e+15,4.115142249877175584e-01
1.650273821780746000e+15,4.111068511533519376e-01
1.650273821782636500e+15,4.111068511533519376e-01
1.650273821784527250e+15,4.111068511533519931e-01
1.650273821786418000e+15,4.111068511533519376e-01
1.650273821788308500e+15,4.111068511533519931e-01
1.650273821790199250e+15,4.111068511533519931e-01
1.650273821792089750e+15,4.111068511533519931e-01
1.650273821793980500e+15,4.111068511533519376e-01
1.650273821795871000e+15,4.111068511533519931e-01
1.650273821797761750e+15,4.111068511533519376e-01
1.650273821799652250e+15,4.113908235662759316e-01
1.650273821801543000e+15,4.122255236669146727e-01
1.650273821803433750e+15,4.130602237675533583e-01
1.650273821805324250e+15,4.138948135019220320e-01
1.650273821807215000e+15,4.147295136025607176e-01
1.650273821809105500e+15,4.155641033369293913e-01
1.650273821810996250e+15,4.163988034375681879e-01
1.650273821812886750e+15,4.172333931719368061e-01
1.650273821814777500e+15,4.172427743048939819e-01
1.650273821816668250e+15,4.172427743048940929e-01
1.650273821818558750e+15,4.172427743048943150e-01
1.650273821820449500e+15,4.172427743048944260e-01
1.650273821822340000e+15,4.172427743048945370e-01
1.650273821824230750e+15,4.172427743048947035e-01
1.650273821826121250e+15,4.163849332843224116e-01
1.650273821828012000e+15,4.152445128873126778e-01
1.650273821829902500e+15,4.141042432797246153e-01
1.650273821831793250e+15,4.129638228827148261e-01
1.650273821833684000e+15,4.118234024857050923e-01
1.650273821835574500e+15,4.111068511533516046e-01
1.650273821837465250e+15,4.111068511533516601e-01
1.650273821839355750e+15,4.111068511533517711e-01
1.650273821841246500e+15,4.111068511533518821e-01
1.650273821843137000e+15,4.111068511533519376e-01
1.650273821845027750e+15,4.111897491424560958e-01
1.650273821846918500e+15,4.116957681025808502e-01
1.650273821848809000e+15,4.122017201555311927e-01
1.650273821850699750e+15,4.127077391156558361e-01
1.650273821852590250e+15,4.132136911686061786e-01
1.650273821854481000e+15,4.137197101287308776e-01
1.650273821856371500e+15,4.142256621816812201e-01
1.650273821858262250e+15,4.147316811418059190e-01
1.650273821860152750e+15,4.152376331947562060e-01
1.650273821862043500e+15,4.157436521548809605e-01
1.650273821863934250e+15,4.162496711150056594e-01
1.650273821865824750e+15,4.167556231679560019e-01
1.650273821867715500e+15,4.171693369766231729e-01
1.650273821869606000e+15,4.152000707482908504e-01
1.650273821871496750e+15,4.132305441039008098e-01
1.650273821873387250e+15,4.112612778755684873e-01
1.650273821875278000e+15,4.092917512311784467e-01
1.650273821877168750e+15,4.073222245867884617e-01
1.650273821879059250e+15,4.053529583584561391e-01
1.650273821880950000e+15,4.049709280018092272e-01
1.650273821882840500e+15,4.049709280018092272e-01
1.650273821884731250e+15,4.049709280018091717e-01
1.650273821886621750e+15,4.049709280018092272e-01
1.650273821888512500e+15,4.049709280018092272e-01
1.650273821890403000e+15,4.049709280018092272e-01
1.650273821892293750e+15,4.049709280018092272e-01
1.650273821894184500e+15,4.049709280018091717e-01
1.650273821896075000e+15,4.054241245660153425e-01
1.650273821897965750e+15,4.059794592411759551e-01
1.650273821899856250e+15,4.065347204885069177e-01
1.650273821901747000e+15,4.070900551636674747e-01
1.650273821903637500e+15,4.076453164109984373e-01
1.650273821905528250e+15,4.082006510861589943e-01
1.650273821907419000e+15,4.087559857613196068e-01
1.650273821909309500e+15,4.093112470086506249e-01
1.650273821911200250e+15,4.098665816838111819e-01
1.650273821913090750e+15,4.104218429311420890e-01
1.650273821914981500e+15,4.109771776063027571e-01
1.650273821916872000e+15,4.118941488286007035e-01
1.650273821918762750e+15,4.129214663437674182e-01
1.650273821920653250e+15,4.139486480242766664e-01
1.650273821922544000e+15,4.149759655394433810e-01
1.650273821924434750e+15,4.160032830546100957e-01
1.650273821926325250e+15,4.170304647351192329e-01
1.650273821928216000e+15,4.172427743048939264e-01
1.650273821930106500e+15,4.172427743048939819e-01
1.650273821931997250e+15,4.172427743048940929e-01
1.650273821933887750e+15,4.172427743048942039e-01
1.650273821935778500e+15,4.172427743048942039e-01
1.650273821937669250e+15,4.172427743048943150e-01
1.650273821939559750e+15,4.172427743048944260e-01
1.650273821941450500e+15,4.172427743048944260e-01
1.650273821943341000e+15,4.172427743048945925e-01
1.650273821945231750e+15,4.172427743048945925e-01
1.650273821947122250e+15,4.172427743048947035e-01
1.650273821949013000e+15,4.176730938397406057e-01
1.650273821950903500e+15,4.186485363824575812e-01
1.650273821952794250e+15,4.196241079178408828e-01
1.650273821954685000e+15,4.205996794532242400e-01
1.650273821956575500e+15,4.215751219959412710e-01
1.650273821958466250e+15,4.225506935313246282e-01
1.650273821960356750e+15,4.231319219405252907e-01
1.650273821962247500e+15,4.214990582250038864e-01
1.650273821964138000e+15,4.198664104110712003e-01
1.650273821966028750e+15,4.182335466955497960e-01
1.650273821967919500e+15,4.166006829800283917e-01
1.650273821969810000e+15,4.149680351660957611e-01
1.650273821971700750e+15,4.133351714505743013e-01
1.650273821973591250e+15,4.117025236366416707e-01
1.650273821975482000e+15,4.117987989190795561e-01
1.650273821977372500e+15,4.128879972963558909e-01
1.650273821979263250e+15,4.139773397093868823e-01
1.650273821981153750e+15,4.150665380866631615e-01
1.650273821983044500e+15,4.161558804996940975e-01
1.650273821984935250e+15,4.172466348042869200e-01
1.650273821986825750e+15,4.189638757692003002e-01
1.650273821988716500e+15,4.206813438223133139e-01
1.650273821990607000e+15,4.223985847872266941e-01
1.650273821992497750e+15,4.241160528403395968e-01
1.650273821994388250e+15,4.258332938052531436e-01
1.650273821996279000e+15,4.275507618583660463e-01
1.650273821998169750e+15,4.292682299114790601e-01
1.650273822000060250e+15,4.309854708763924958e-01
1.650273822001951000e+15,4.327029389295053985e-01
1.650273822003841500e+15,4.344201798944188897e-01
1.650273822005732250e+15,4.356505437595209473e-01
1.650273822007622750e+15,4.356505437595213359e-01
1.650273822009513500e+15,4.356505437595217800e-01
1.650273822011404000e+15,4.356505437595221686e-01
1.650273822013294750e+15,4.356505437595225572e-01
1.650273822015185500e+15,4.356505437595230568e-01
1.650273822017076000e+15,4.356505437595235009e-01
1.650273822018966750e+15,4.337294812245039433e-01
1.650273822020857250e+15,4.317204817929153338e-01
1.650273822022748000e+15,4.297112166909443642e-01
1.650273822024638500e+15,4.277022172593556437e-01
1.650273822026529250e+15,4.256929521573846187e-01
1.650273822028420000e+15,4.236836870554135936e-01
1.650273822030310500e+15,4.233786974564366923e-01
1.650273822032201250e+15,4.233786974564368033e-01
1.650273822034091750e+15,4.233786974564368588e-01
1.650273822035982500e+15,4.233786974564369143e-01
1.650273822037873000e+15,4.233786974564369698e-01
1.650273822039763750e+15,4.233786974564370809e-01
1.650273822041654250e+15,4.233786974564370253e-01
1.650273822043545000e+15,4.233786974564370809e-01
1.650273822045435750e+15,4.233786974564370809e-01
1.650273822047326250e+15,4.233786974564370253e-01
1.650273822049217000e+15,4.233786974564370809e-01
1.650273822051107500e+15,4.233786974564370809e-01
1.650273822052998250e+15,4.233786974564370253e-01
1.650273822054888750e+15,4.233786974564370809e-01
1.650273822056779500e+15,4.233786974564370253e-01
1.650273822058670250e+15,4.233786974564370809e-01
1.650273822060560750e+15,4.233786974564370809e-01
1.650273822062451500e+15,4.233786974564370809e-01
1.650273822064342000e+15,4.233786974564370809e-01
1.650273822066232750e+15,4.233786974564370809e-01
1.650273822068123250e+15,4.233786974564370809e-01
1.650273822070014000e+15,4.233786974564370809e-01
1.650273822071904500e+15,4.248234267174607059e-01
1.650273822073795250e+15,4.266282644117324607e-01
1.650273822075686000e+15,4.284331021060042710e-01
1.650273822077576500e+15,4.302377011598298440e-01
1.650273822079467250e+15,4.320425388541017098e-01
1.650273822081357750e+15,4.338471379079273382e-01
1.650273822083248500e+15,4.356505437595221686e-01
1.650273822085139000e+15,4.356505437595221131e-01
1.650273822087029750e+15,4.356505437595220576e-01
1.650273822088920500e+15,4.356505437595220021e-01
1.650273822090811000e+15,4.356505437595219465e-01
1.650273822092701750e+15,4.356505437595218910e-01
1.650273822094592250e+15,4.356505437595218355e-01
1.650273822096483000e+15,4.356505437595217800e-01
1.650273822098373500e+15,4.356505437595217245e-01
1.650273822100264250e+15,4.356505437595217245e-01
1.650273822102154750e+15,4.356505437595217245e-01
1.650273822104045500e+15,4.356505437595217245e-01
1.650273822105936250e+15,4.356505437595217245e-01
1.650273822107826750e+15,4.356505437595217245e-01
1.650273822109717500e+15,4.356505437595217245e-01
1.650273822111608000e+15,4.356505437595217245e-01
1.650273822113498750e+15,4.356505437595217245e-01
1.650273822115389250e+15,4.356505437595217245e-01
1.650273822117280000e+15,4.356505437595217245e-01
1.650273822119170750e+15,4.356505437595217800e-01
1.650273822121061250e+15,4.356505437595219465e-01
1.650273822122952000e+15,4.356505437595219465e-01
1.650273822124842500e+15,4.356505437595220576e-01
1.650273822126733250e+15,4.356505437595220576e-01
1.650273822128623750e+15,4.356505437595221686e-01
1.650273822130514500e+15,4.356505437595221131e-01
1.650273822132405000e+15,4.356505437595221131e-01
1.650273822134295750e+15,4.356505437595220576e-01
1.650273822136186500e+15,4.356505437595220576e-01
1.650273822138077000e+15,4.356505437595220576e-01
1.650273822139967750e+15,4.356505437595220021e-01
1.650273822141858250e+15,4.356505437595219465e-01
1.650273822143749000e+15,4.356505437595219465e-01
1.650273822145639500e+15,4.356505437595218910e-01
1.650273822147530250e+15,4.356505437595218355e-01
1.650273822149421000e+15,4.356505437595217800e-01
1.650273822151311500e+15,4.356505437595217800e-01
1.650273822153202250e+15,4.354367446963048893e-01
1.650273822155092750e+15,4.342488324876011552e-01
1.650273822156983500e+15,4.330607631892110509e-01
1.650273822158874000e+15,4.318728509805073723e-01
1.650273822160764750e+15,4.306847816821172126e-01
1.650273822162655500e+15,4.295284195356061097e-01
1.650273822164546000e+15,4.304437484015408710e-01
1.650273822166436750e+15,4.313591983107004646e-01
1.650273822168327250e+15,4.322745271766352815e-01
1.650273822170218000e+15,4.331899770857948195e-01
1.650273822172108500e+15,4.341053059517296364e-01
1.650273822173999250e+15,4.350207558608892300e-01
1.650273822175889750e+15,4.356505437595217245e-01
1.650273822177780500e+15,4.356505437595216690e-01
1.650273822179671250e+15,4.356505437595217245e-01
1.650273822181561750e+15,4.356505437595217245e-01
1.650273822183452500e+15,4.356505437595217245e-01
1.650273822185343000e+15,4.356505437595217245e-01
1.650273822187233750e+15,4.356505437595217245e-01
1.650273822189124250e+15,4.356505437595217245e-01
1.650273822191015000e+15,4.356505437595217245e-01
1.650273822192905750e+15,4.356505437595216690e-01
1.650273822194796250e+15,4.356505437595217245e-01
1.650273822196687000e+15,4.356505437595217245e-01
1.650273822198577500e+15,4.356505437595217245e-01
1.650273822200468250e+15,4.356505437595217245e-01
1.650273822202358750e+15,4.356505437595217800e-01
1.650273822204249500e+15,4.356505437595217245e-01
1.650273822206140000e+15,4.356505437595216690e-01
1.650273822208030750e+15,4.356505437595217800e-01
1.650273822209921500e+15,4.356505437595217245e-01
1.650273822211812000e+15,4.356505437595217800e-01
1.650273822213702750e+15,4.356505437595217245e-01
1.650273822215593250e+15,4.356505437595217245e-01
1.650273822217484000e+15,4.356505437595217800e-01
1.650273822219374500e+15,4.356505437595217245e-01
1.650273822221265250e+15,4.356505437595217800e-01
1.650273822223156000e+15,4.356505437595217245e-01
1.650273822225046500e+15,4.356505437595217245e-01
1.650273822226937250e+15,4.356505437595217800e-01
1.650273822228827750e+15,4.356505437595217245e-01
1.650273822230718500e+15,4.356505437595217800e-01
1.650273822232609000e+15,4.360869880252438713e-01
1.650273822234499750e+15,4.370589632848601025e-01
1.650273822236390250e+15,4.380308100273191951e-01
1.650273822238281000e+15,4.390027852869354819e-01
1.650273822240171750e+15,4.399747605465517131e-01
1.650273822242062250e+15,4.409466072890108057e-01
1.650273822243953000e+15,4.416994349418638666e-01
1.650273822245843500e+15,4.410592250672575321e-01
1.650273822247734250e+15,4.404189305312026792e-01
1.650273822249624750e+15,4.397787206565964002e-01
1.650273822251515500e+15,4.391384261205415473e-01
1.650273822253406250e+15,4.384981315844865835e-01
1.650273822255296750e+15,4.378579217098804155e-01
1.650273822257187500e+15,4.372176271738255071e-01
1.650273822259078000e+15,4.365774172992191726e-01
1.650273822260968750e+15,4.359371227631643197e-01
1.650273822262859250e+15,4.356505437595222241e-01
1.650273822264750000e+15,4.356505437595221686e-01
1.650273822266640500e+15,4.356505437595221686e-01
1.650273822268531250e+15,4.356505437595221686e-01
1.650273822270422000e+15,4.356505437595221686e-01
1.650273822272312500e+15,4.356505437595221686e-01
1.650273822274203250e+15,4.356505437595221686e-01
1.650273822276093750e+15,4.358324044852218693e-01
1.650273822277984500e+15,4.367056823699623780e-01
1.650273822279875000e+15,4.375788447875755827e-01
1.650273822281765750e+15,4.384521226723161469e-01
1.650273822283656500e+15,4.393254005570567111e-01
1.650273822285547000e+15,4.401985629746698603e-01
1.650273822287437750e+15,4.410718408594104800e-01
1.650273822289328250e+15,4.417864669110644349e-01
1.650273822291219000e+15,4.417864669110644349e-01
1.650273822293109500e+15,4.417864669110643794e-01
1.650273822295000250e+15,4.417864669110643794e-01
1.650273822296890750e+15,4.417864669110642684e-01
1.650273822298781500e+15,4.417864669110642684e-01
1.650273822300672250e+15,4.417864669110641573e-01
1.650273822302562750e+15,4.417864669110642128e-01
1.650273822304453500e+15,4.417864669110641018e-01
1.650273822306344000e+15,4.417864669110640463e-01
1.650273822308234750e+15,4.417864669110640463e-01
1.650273822310125250e+15,4.417864669110640463e-01
1.650273822312016000e+15,4.417864669110640463e-01
1.650273822313906750e+15,4.417864669110640463e-01
1.650273822315797250e+15,4.417864669110640463e-01
1.650273822317688000e+15,4.417864669110640463e-01
1.650273822319578500e+15,4.415998891983206609e-01
1.650273822321469250e+15,4.408237135979474752e-01
1.650273822323359750e+15,4.400476406255791062e-01
1.650273822325250500e+15,4.392714650252059760e-01
1.650273822327141000e+15,4.384953920528376070e-01
1.650273822329031750e+15,4.377192164524643658e-01
1.650273822330922500e+15,4.369430408520912357e-01
1.650273822332813000e+15,4.361669678797229222e-01
1.650273822334703750e+15,4.356505437595221686e-01
1.650273822336594250e+15,4.356505437595221686e-01
1.650273822338485000e+15,4.356505437595221686e-01
1.650273822340375500e+15,4.356505437595221686e-01
1.650273822342266250e+15,4.356505437595221686e-01
1.650273822344157000e+15,4.356505437595221686e-01
1.650273822346047500e+15,4.356505437595221686e-01
1.650273822347938250e+15,4.356505437595221686e-01
1.650273822349828750e+15,4.356505437595221131e-01
1.650273822351719500e+15,4.356505437595221686e-01
1.650273822353610000e+15,4.361974945555224248e-01
1.650273822355500750e+15,4.370403203236865597e-01
1.650273822357391250e+15,4.378830346511833893e-01
1.650273822359282000e+15,4.387258604193475242e-01
1.650273822361172750e+15,4.395686861875117701e-01
1.650273822363063250e+15,4.404114005150084332e-01
1.650273822364954000e+15,4.412542262831726791e-01
1.650273822366844500e+15,4.421167095874465880e-01
1.650273822368735250e+15,4.430132011026909344e-01
1.650273822370625750e+15,4.439095740814398838e-01
1.650273822372516500e+15,4.448060655966842858e-01
1.650273822374407250e+15,4.457025571119286877e-01
1.650273822376297750e+15,4.465989300906776371e-01
1.650273822378188500e+15,4.474954216059219836e-01
1.650273822380079000e+15,4.466205118114227046e-01
1.650273822381969750e+15,4.441341216059406793e-01
1.650273822383860250e+15,4.416480601575927811e-01
1.650273822385751000e+15,4.391616699521108114e-01
1.650273822387641500e+15,4.366756085037629687e-01
1.650273822389532250e+15,4.356505437595221686e-01
1.650273822391423000e+15,4.356505437595221686e-01
1.650273822393313500e+15,4.356505437595221686e-01
1.650273822395204250e+15,4.356505437595221686e-01
1.650273822397094750e+15,4.356505437595221686e-01
1.650273822398985500e+15,4.356505437595221686e-01
1.650273822400876000e+15,4.339987804021981921e-01
1.650273822402766750e+15,4.320685754776862342e-01
1.650273822404657500e+15,4.301383705531742763e-01
1.650273822406548000e+15,4.282084208454974839e-01
1.650273822408438750e+15,4.262782159209855815e-01
1.650273822410329250e+15,4.243482662133088446e-01
1.650273822412220000e+15,4.233786974564370809e-01
1.650273822414110500e+15,4.233786974564371364e-01
1.650273822416001250e+15,4.233786974564371364e-01
1.650273822417891750e+15,4.233786974564371364e-01
1.650273822419782500e+15,4.233786974564370809e-01
1.650273822421673250e+15,4.233786974564371364e-01
1.650273822423563750e+15,4.233786974564370809e-01
1.650273822425454500e+15,4.233786974564370809e-01
1.650273822427345000e+15,4.233786974564370809e-01
1.650273822429235750e+15,4.233786974564370809e-01
1.650273822431126250e+15,4.233786974564370809e-01
1.650273822433017000e+15,4.226916089189181047e-01
1.650273822434907750e+15,4.214167191717994032e-01
1.650273822436798250e+15,4.201419979939979843e-01
1.650273822438689000e+15,4.188671082468792828e-01
1.650273822440579500e+15,4.175923870690779749e-01
1.650273822442470250e+15,4.179170232274359020e-01
1.650273822444360750e+15,4.188459119780759132e-01
1.650273822446251500e+15,4.197749235651018762e-01
1.650273822448142000e+15,4.207038123157418319e-01
1.650273822450032750e+15,4.216328239027678504e-01
1.650273822451923500e+15,4.225618354897938689e-01
1.650273822453814000e+15,4.233185465200473563e-01
1.650273822455704750e+15,4.228197290508420303e-01
1.650273822457595250e+15,4.223209775366109087e-01
1.650273822459486000e+15,4.218221600674055827e-01
1.650273822461376500e+15,4.213234085531743500e-01
1.650273822463267250e+15,4.208245910839690795e-01
1.650273822465158000e+15,4.203257736147637535e-01
1.650273822467048500e+15,4.198270221005325764e-01
1.650273822468939250e+15,4.193282046313272504e-01
1.650273822470829750e+15,4.188294531170961288e-01
1.650273822472720500e+15,4.183306356478907473e-01
1.650273822474611000e+15,4.178318841336595701e-01
1.650273822476501750e+15,4.173330666644542997e-01
1.650273822478392250e+15,4.172427743048955917e-01
1.650273822480283000e+15,4.172427743048955362e-01
1.650273822482173750e+15,4.172427743048954252e-01
1.650273822484064250e+15,4.172427743048954252e-01
1.650273822485955000e+15,4.172427743048953142e-01
1.650273822487845500e+15,4.172427743048952031e-01
1.650273822489736250e+15,4.177197985866378804e-01
1.650273822491626750e+15,4.188411096275261869e-01
1.650273822493517500e+15,4.199625689507526793e-01
1.650273822495408250e+15,4.210840282739790608e-01
1.650273822497298750e+15,4.222053393148674227e-01
1.650273822499189500e+15,4.233267986380939152e-01
1.650273822501080000e+15,4.228311833793199082e-01
1.650273822502970750e+15,4.222570224024428387e-01
1.650273822504861250e+15,4.216829373426591587e-01
1.650273822506752000e+15,4.211087763657820338e-01
1.650273822508642500e+15,4.205346913059982983e-01
1.650273822510533250e+15,4.199605303291212843e-01
1.650273822512424000e+15,4.193863693522442149e-01
1.650273822514314500e+15,4.188122842924605349e-01
1.650273822516205250e+15,4.182381233155834099e-01
1.650273822518095750e+15,4.176640382557996745e-01
1.650273822519986500e+15,4.172427743048952031e-01
1.650273822521877000e+15,4.172427743048952031e-01
1.650273822523767750e+15,4.172427743048952031e-01
1.650273822525658500e+15,4.172427743048952031e-01
1.650273822527549000e+15,4.172427743048952031e-01
1.650273822529439750e+15,4.172427743048952031e-01
1.650273822531330250e+15,4.172427743048952031e-01
1.650273822533221000e+15,4.172427743048952031e-01
1.650273822535111500e+15,4.179957564013022653e-01
1.650273822537002250e+15,4.190879703627765629e-01
1.650273822538892750e+15,4.201800399088122528e-01
1.650273822540783500e+15,4.212722538702864949e-01
1.650273822542674250e+15,4.223644678317607926e-01
1.650273822544564750e+15,4.234623578474801531e-01
1.650273822546455500e+15,4.246362419614919115e-01
1.650273822548346000e+15,4.258099708614200840e-01
1.650273822550236750e+15,4.269838549754317869e-01
1.650273822552127250e+15,4.281575838753599594e-01
1.650273822554018000e+15,4.293314679893716623e-01
1.650273822555908750e+15,4.286665132568257541e-01
1.650273822557799250e+15,4.276617525190179459e-01
1.650273822559690000e+15,4.266568589115013466e-01
1.650273822561580500e+15,4.256520981736934828e-01
1.650273822563471250e+15,4.246472045661769390e-01
1.650273822565361750e+15,4.236424438283691307e-01
1.650273822567252500e+15,4.226375502208524759e-01
1.650273822569143000e+15,4.216327894830447232e-01
1.650273822571033750e+15,4.206278958755281239e-01
1.650273822572924500e+15,4.196230022680115246e-01
1.650273822574815000e+15,4.186182415302037163e-01
1.650273822576705750e+15,4.176133479226870615e-01
1.650273822578596250e+15,4.178592857818717032e-01
1.650273822580487000e+15,4.188361716608529628e-01
1.650273822582377500e+15,4.198129283733817441e-01
1.650273822584268250e+15,4.207898142523629481e-01
1.650273822586159000e+15,4.217667001313440966e-01
1.650273822588049500e+15,4.227434568438729334e-01
1.650273822589940250e+15,4.233786974564379690e-01
1.650273822591830750e+15,4.233786974564379690e-01
1.650273822593721500e+15,4.233786974564380245e-01
1.650273822595612000e+15,4.233786974564379690e-01
1.650273822597502750e+15,4.233786974564379690e-01
1.650273822599393250e+15,4.233786974564379690e-01
1.650273822601284000e+15,4.233786974564379690e-01
1.650273822603174750e+15,4.233786974564379690e-01
1.650273822605065250e+15,4.233786974564379690e-01
1.650273822606956000e+15,4.233786974564379690e-01
1.650273822608846500e+15,4.233786974564380245e-01
1.650273822610737250e+15,4.233786974564379690e-01
1.650273822612627750e+15,4.233786974564379690e-01
1.650273822614518500e+15,4.233786974564379690e-01
1.650273822616409250e+15,4.233786974564379690e-01
1.650273822618299750e+15,4.233786974564379135e-01
1.650273822620190500e+15,4.233786974564379690e-01
1.650273822622081000e+15,4.233786974564379690e-01
1.650273822623971750e+15,4.233786974564379690e-01
1.650273822625862250e+15,4.233786974564379690e-01
1.650273822627753000e+15,4.233786974564379135e-01
1.650273822629643500e+15,4.233786974564379690e-01
1.650273822631534250e+15,4.233786974564379135e-01
1.650273822633425000e+15,4.233786974564379690e-01
1.650273822635315500e+15,4.233786974564379690e-01
1.650273822637206250e+15,4.233786974564379135e-01
1.650273822639096750e+15,4.233786974564379690e-01
1.650273822640987500e+15,4.233786974564379690e-01
1.650273822642878000e+15,4.233786974564379690e-01
1.650273822644768750e+15,4.233786974564380245e-01
1.650273822646659500e+15,4.233786974564379690e-01
1.650273822648550000e+15,4.233786974564379690e-01
1.650273822650440750e+15,4.233786974564380245e-01
1.650273822652331250e+15,4.233786974564379690e-01
1.650273822654222000e+15,4.233786974564379690e-01
1.650273822656112500e+15,4.233786974564379690e-01
1.650273822658003250e+15,4.233786974564380245e-01
1.650273822659893750e+15,4.233786974564379690e-01
1.650273822661784500e+15,4.233786974564380245e-01
1.650273822663675250e+15,4.233786974564379690e-01
1.650273822665565750e+15,4.233786974564379135e-01
1.650273822667456500e+15,4.233786974564379135e-01
1.650273822669347000e+15,4.233786974564379135e-01
1.650273822671237750e+15,4.233786974564379690e-01
1.650273822673128250e+15,4.233786974564379690e-01
1.650273822675019000e+15,4.233786974564379690e-01
1.650273822676909750e+15,4.233786974564379135e-01
1.650273822678800250e+15,4.233786974564379135e-01
1.650273822680691000e+15,4.233786974564379690e-01
1.650273822682581500e+15,4.233786974564379690e-01
1.650273822684472250e+15,4.233786974564379690e-01
1.650273822686362750e+15,4.233786974564379690e-01
1.650273822688253500e+15,4.233786974564379690e-01
1.650273822690144000e+15,4.233786974564379690e-01
1.650273822692034750e+15,4.236370291021566148e-01
1.650273822693925500e+15,4.241704067261178324e-01
1.650273822695816000e+15,4.247037138254691757e-01
1.650273822697706750e+15,4.252370914494304488e-01
1.650273822699597250e+15,4.257703985487817921e-01
1.650273822701488000e+15,4.263037761727430652e-01
1.650273822703378500e+15,4.268370832720944641e-01
1.650273822705269250e+15,4.273704608960556262e-01
1.650273822707160000e+15,4.279038385200168992e-01
1.650273822709050500e+15,4.284371456193682426e-01
1.650273822710941250e+15,4.289705232433295157e-01
1.650273822712831750e+15,4.295038303426809145e-01
1.650273822714722500e+15,4.289853415225726163e-01
1.650273822716613000e+15,4.284452054302839707e-01
1.650273822718503750e+15,4.279049979103183854e-01
1.650273822720394250e+15,4.273648618180296843e-01
1.650273822722285000e+15,4.268246542980641545e-01
1.650273822724175750e+15,4.262844467780985136e-01
1.650273822726066250e+15,4.257443106858098125e-01
1.650273822727957000e+15,4.252041031658442272e-01
1.650273822729847500e+15,4.246639670735555816e-01
1.650273822731738250e+15,4.241237595535899962e-01
1.650273822733628750e+15,4.235836234613012397e-01
1.650273822735519500e+15,4.240338249078376420e-01
1.650273822737410250e+15,4.250893700537548558e-01
1.650273822739300750e+15,4.261447756326820491e-01
1.650273822741191500e+15,4.272003207785992074e-01
1.650273822743082000e+15,4.282557263575262896e-01
1.650273822744972750e+15,4.293112715034435589e-01
1.650273822746863250e+15,4.295146206079789586e-01
1.650273822748754000e+15,4.295146206079789031e-01
1.650273822750644500e+15,4.295146206079789586e-01
1.650273822752535250e+15,4.295146206079789586e-01
1.650273822754426000e+15,4.295146206079789586e-01
1.650273822756316500e+15,4.290698683167850080e-01
1.650273822758207250e+15,4.283050521325424964e-01
1.650273822760097750e+15,4.275403370743323661e-01
1.650273822761988500e+15,4.267755208900897990e-01
1.650273822763879000e+15,4.260108058318797797e-01
1.650273822765769750e+15,4.252459896476371570e-01
1.650273822767660500e+15,4.244811734633945899e-01
1.650273822769551000e+15,4.237164584051844596e-01
1.650273822771441750e+15,4.233786974564379690e-01
1.650273822773332250e+15,4.233786974564379690e-01
1.650273822775223000e+15,4.233786974564379690e-01
1.650273822777113500e+15,4.233786974564379690e-01
1.650273822779004250e+15,4.233786974564379690e-01
1.650273822780894750e+15,4.233786974564379690e-01
1.650273822782785500e+15,4.242749103295633817e-01
1.650273822784676250e+15,4.254545236187119439e-01
1.650273822786566750e+15,4.266339809362501567e-01
1.650273822788457500e+15,4.278135942253987190e-01
1.650273822790348000e+15,4.289930515429369873e-01
1.650273822792238750e+15,4.292160477650149297e-01
1.650273822794129250e+15,4.286808953975123071e-01
1.650273822796020000e+15,4.281456722613812271e-01
1.650273822797910750e+15,4.276104491252502027e-01
1.650273822799801250e+15,4.270752967577475245e-01
1.650273822801692000e+15,4.265400736216165001e-01
1.650273822803582500e+15,4.260049212541137664e-01
1.650273822805473250e+15,4.254696981179827975e-01
1.650273822807363750e+15,4.249345457504801193e-01
1.650273822809254500e+15,4.243993226143490394e-01
1.650273822811145000e+15,4.238641702468464167e-01
1.650273822813035750e+15,4.233786974564379690e-01
1.650273822814926500e+15,4.233786974564379135e-01
1.650273822816817000e+15,4.233786974564378580e-01
1.650273822818707750e+15,4.233786974564378025e-01
1.650273822820598250e+15,4.233786974564376360e-01
1.650273822822489000e+15,4.233786974564376360e-01
1.650273822824379500e+15,4.233786974564375249e-01
1.650273822826270250e+15,4.233786974564374694e-01
1.650273822828161000e+15,4.233786974564374139e-01
1.650273822830051500e+15,4.233786974564373584e-01
1.650273822831942250e+15,4.233786974564372474e-01
1.650273822833832750e+15,4.233786974564371919e-01
1.650273822835723500e+15,4.233786974564371364e-01
1.650273822837614000e+15,4.229792604429450931e-01
1.650273822839504750e+15,4.219003525382881703e-01
1.650273822841395250e+15,4.208215872897074772e-01
1.650273822843286000e+15,4.197426793850505544e-01
1.650273822845176750e+15,4.186637714803935761e-01
1.650273822847067250e+15,4.175850062318128830e-01
1.650273822848958000e+15,4.178422050115657704e-01
1.650273822850848500e+15,4.187199925800856870e-01
1.650273822852739250e+15,4.195978962273635426e-01
1.650273822854629750e+15,4.204756837958834037e-01
1.650273822856520500e+15,4.213535874431613704e-01
1.650273822858411250e+15,4.222314910904392815e-01
1.650273822860301750e+15,4.231092786589591426e-01
1.650273822862192500e+15,4.222692704020646892e-01
1.650273822864083000e+15,4.206688340447257701e-01
1.650273822865973750e+15,4.190681860454459340e-01
1.650273822867864250e+15,4.174677496881070149e-01
1.650273822869755000e+15,4.178590593114622775e-01
1.650273822871645500e+15,4.185760358067951437e-01
1.650273822873536250e+15,4.192931071152060096e-01
1.650273822875427000e+15,4.200101784236167646e-01
1.650273822877317500e+15,4.207271549189496307e-01
1.650273822879208250e+15,4.214442262273605522e-01
1.650273822881098750e+15,4.221612027226934183e-01
1.650273822882989500e+15,4.228782740311042287e-01
1.650273822884880000e+15,4.233786974564370809e-01
1.650273822886770750e+15,4.233786974564370809e-01
1.650273822888661500e+15,4.233786974564370809e-01
1.650273822890552000e+15,4.233786974564370809e-01
1.650273822892442750e+15,4.233786974564370809e-01
1.650273822894333250e+15,4.233786974564371364e-01
1.650273822896224000e+15,4.233786974564371364e-01
1.650273822898114500e+15,4.233786974564370809e-01
1.650273822900005250e+15,4.233786974564370809e-01
1.650273822901895750e+15,4.235443395005335510e-01
1.650273822903786500e+15,4.240416601752067804e-01
1.650273822905677250e+15,4.245389808498799544e-01
1.650273822907567750e+15,4.250362357674892788e-01
1.650273822909458500e+15,4.255335564421625083e-01
1.650273822911349000e+15,4.260308113597717217e-01
1.650273822913239750e+15,4.265281320344449512e-01
1.650273822915130250e+15,4.270253869520542755e-01
1.650273822917021000e+15,4.275227076267275050e-01
1.650273822918911750e+15,4.280200283014006790e-01
1.650273822920802250e+15,4.285172832190099479e-01
1.650273822922693000e+15,4.290146038936832329e-01
1.650273822924583500e+15,4.295118588112924463e-01
1.650273822926474250e+15,4.289072146110486372e-01
1.650273822928364750e+15,4.282964973994034530e-01
1.650273822930255500e+15,4.276856994264237599e-01
1.650273822932146000e+15,4.270749822147785202e-01
1.650273822934036750e+15,4.264641842417987716e-01
1.650273822935927500e+15,4.258533862688190785e-01
1.650273822937818000e+15,4.252426690571738943e-01
1.650273822939708750e+15,4.246318710841941457e-01
1.650273822941599250e+15,4.240211538725489615e-01
1.650273822943490000e+15,4.234103558995692129e-01
1.650273822945380500e+15,4.223457671174870587e-01
1.650273822947271250e+15,4.212562200946867175e-01
1.650273822949162000e+15,4.201666730718863207e-01
1.650273822951052500e+15,4.190772701118947174e-01
1.650273822952943250e+15,4.179877230890942652e-01
1.650273822954833750e+15,4.168961062459312084e-01
1.650273822956724500e+15,4.157995564634377472e-01
1.650273822958615000e+15,4.147031516696766396e-01
1.650273822960505750e+15,4.136066018871832339e-01
1.650273822962396250e+15,4.125101970934221263e-01
1.650273822964287000e+15,4.114136473109287206e-01
1.650273822966177750e+15,4.098282599748339639e-01
1.650273822968068250e+15,4.080532082964881679e-01
1.650273822969959000e+15,4.062779218850455232e-01
1.650273822971849500e+15,4.045028702066996718e-01
1.650273822973740250e+15,4.027275837952570270e-01
1.650273822975630750e+15,4.009525321169111756e-01
1.650273822977521500e+15,3.991772457054685308e-01
1.650273822979412250e+15,4.001884195059569049e-01
1.650273822981302750e+15,4.018648358247646768e-01
1.650273822983193500e+15,4.035414738331146722e-01
1.650273822985084000e+15,4.052178901519223331e-01
1.650273822986974750e+15,4.068945281602723285e-01
1.650273822988865250e+15,4.085709444790799894e-01
1.650273822990756000e+15,4.102475824874300403e-01
1.650273822992646500e+15,4.108032833887136359e-01
1.650273822994537250e+15,4.101804176795555423e-01
1.650273822996428000e+15,4.095575519703973377e-01
1.650273822998318500e+15,4.089347686182021047e-01
1.650273823000209250e+15,4.083119029090439556e-01
1.650273823002099750e+15,4.076891195568486115e-01
1.650273823003990500e+15,4.070662538476904624e-01
1.650273823005881000e+15,4.064434704954951183e-01
1.650273823007771750e+15,4.058206047863370247e-01
1.650273823009662500e+15,4.051977390771789311e-01
1.650273823011553000e+15,4.049709280018092272e-01
1.650273823013443750e+15,4.049709280018091717e-01
1.650273823015334250e+15,4.049709280018092272e-01
1.650273823017225000e+15,4.049709280018092272e-01
1.650273823019115500e+15,4.049709280018092272e-01
1.650273823021006250e+15,4.049709280018092272e-01
1.650273823022896750e+15,4.049709280018091717e-01
1.650273823024787500e+15,4.049709280018092272e-01
1.650273823026678250e+15,4.049709280018092272e-01
1.650273823028568750e+15,4.049709280018092272e-01
1.650273823030459500e+15,4.049709280018092272e-01
1.650273823032350000e+15,4.049709280018092272e-01
1.650273823034240750e+15,4.049709280018092272e-01
1.650273823036131250e+15,4.049709280018092827e-01
1.650273823038022000e+15,4.049709280018092272e-01
1.650273823039912750e+15,4.049709280018092827e-01
1.650273823041803250e+15,4.049709280018092272e-01
1.650273823043694000e+15,4.049709280018092272e-01
1.650273823045584500e+15,4.049709280018092272e-01
1.650273823047475250e+15,4.049709280018092272e-01
1.650273823049365750e+15,4.049709280018092272e-01
1.650273823051256500e+15,4.049709280018092272e-01
1.650273823053147000e+15,4.049709280018092272e-01
1.650273823055037750e+15,4.049709280018092272e-01
1.650273823056928500e+15,4.049709280018092272e-01
1.650273823058819000e+15,4.049709280018092272e-01
1.650273823060709750e+15,4.049709280018092272e-01
1.650273823062600250e+15,4.049709280018092272e-01
1.650273823064491000e+15,4.049709280018092272e-01
1.650273823066381500e+15,4.049709280018092272e-01
1.650273823068272250e+15,4.049709280018091717e-01
1.650273823070163000e+15,4.049709280018092272e-01
1.650273823072053500e+15,4.049709280018092272e-01
1.650273823073944250e+15,4.049709280018092272e-01
1.650273823075834750e+15,4.049709280018092272e-01
1.650273823077725500e+15,4.041162857860110535e-01
1.650273823079616000e+15,4.029985402938170980e-01
1.650273823081506750e+15,4.018806469907937329e-01
1.650273823083397250e+15,4.007629014985997218e-01
1.650273823085288000e+15,3.996450081955762457e-01
1.650273823087178750e+15,3.990574865367435553e-01
1.650273823089069250e+15,3.998651708925426984e-01
1.650273823090960000e+15,4.006729620566407135e-01
1.650273823092850500e+15,4.014806464124398566e-01
1.650273823094741250e+15,4.022884375765378717e-01
1.650273823096631750e+15,4.030961219323370148e-01
1.650273823098522500e+15,4.039039130964349744e-01
1.650273823100413250e+15,4.047117042605329895e-01
1.650273823102303750e+15,4.049709280018082835e-01
1.650273823104194500e+15,4.049709280018082835e-01
1.650273823106085000e+15,4.049709280018083390e-01
1.650273823107975750e+15,4.049709280018083390e-01
1.650273823109866250e+15,4.049709280018083390e-01
1.650273823111757000e+15,4.049709280018082835e-01
1.650273823113647500e+15,4.049709280018083390e-01
1.650273823115538250e+15,4.049709280018083390e-01
1.650273823117429000e+15,4.049709280018083390e-01
1.650273823119319500e+15,4.049709280018083390e-01
1.650273823121210250e+15,4.049709280018083390e-01
1.650273823123100750e+15,4.049709280018083390e-01
1.650273823124991500e+15,4.049709280018083390e-01
1.650273823126882000e+15,4.049709280018083390e-01
1.650273823128772750e+15,4.049709280018083390e-01
1.650273823130663500e+15,4.049709280018083390e-01
1.650273823132554000e+15,4.049709280018083390e-01
1.650273823134444750e+15,4.049709280018083390e-01
1.650273823136335250e+15,4.041776540236983184e-01
1.650273823138226000e+15,4.031476916037076696e-01
1.650273823140116500e+15,4.021178653680909099e-01
1.650273823142007250e+15,4.010879029481001501e-01
1.650273823143897750e+15,4.000580767124833903e-01
1.650273823145788500e+15,3.990281142924926860e-01
1.650273823147679250e+15,3.988350048502676826e-01
1.650273823149569750e+15,3.988350048502674605e-01
1.650273823151460500e+15,3.988350048502672940e-01
1.650273823153351000e+15,3.988350048502671275e-01
1.650273823155241750e+15,3.988350048502669054e-01
1.650273823157132250e+15,3.988350048502667944e-01
1.650273823159023000e+15,3.988350048502665723e-01
1.650273823160913750e+15,3.988350048502663503e-01
1.650273823162804250e+15,3.988350048502661283e-01
1.650273823164695000e+15,3.985069979552222086e-01
1.650273823166585500e+15,3.974433666772112517e-01
1.650273823168476250e+15,3.963795947444425094e-01
1.650273823170366750e+15,3.953159634664316080e-01
1.650273823172257500e+15,3.942521915336628657e-01
1.650273823174148000e+15,3.931885602556519643e-01
1.650273823176038750e+15,3.934851313419153174e-01
1.650273823177929500e+15,3.949411424737901410e-01
1.650273823179820000e+15,3.963969610879958250e-01
1.650273823181710750e+15,3.978529722198706486e-01
1.650273823183601250e+15,3.993087908340762771e-01
1.650273823185492000e+15,4.007648019659511007e-01
1.650273823187382500e+15,4.022206205801567291e-01
1.650273823189273250e+15,4.036766317120316083e-01
1.650273823191164000e+15,4.049709280018101154e-01
1.650273823193054500e+15,4.049709280018098934e-01
1.650273823194945250e+15,4.049709280018095603e-01
1.650273823196835750e+15,4.049709280018092827e-01
1.650273823198726500e+15,4.049709280018090052e-01
1.650273823200617000e+15,4.049709280018086721e-01
1.650273823202507750e+15,4.049709280018084501e-01
1.650273823204398500e+15,4.029409159290262554e-01
1.650273823206289000e+15,4.004972751626496019e-01
1.650273823208179750e+15,3.980533112488561232e-01
1.650273823210070250e+15,3.956096704824794696e-01
1.650273823211961000e+15,3.931657065686859909e-01
1.650273823213851500e+15,3.917178087522288354e-01
1.650273823215742250e+15,3.905047706197758428e-01
1.650273823217632750e+15,3.892918928784550037e-01
1.650273823219523500e+15,3.880788547460020665e-01
1.650273823221414250e+15,3.868658166135490184e-01
1.650273823223304750e+15,3.869767728851512545e-01
1.650273823225195500e+15,3.875279914293038308e-01
1.650273823227086000e+15,3.880791370898727388e-01
1.650273823228976750e+15,3.886303556340253706e-01
1.650273823230867250e+15,3.891815012945942232e-01
1.650273823232758000e+15,3.897327198387467995e-01
1.650273823234648750e+15,3.902839383828994313e-01
1.650273823236539250e+15,3.908350840434683393e-01
1.650273823238430000e+15,3.913863025876209156e-01
1.650273823240320500e+15,3.919374482481897681e-01
1.650273823242211250e+15,3.924886667923423444e-01
1.650273823244101750e+15,3.932822613509457943e-01
1.650273823245992500e+15,3.942257025722823993e-01
1.650273823247883000e+15,3.951690190493085120e-01
1.650273823249773750e+15,3.961124602706451725e-01
1.650273823251664500e+15,3.970559014919817775e-01
1.650273823253555000e+15,3.979992179690078347e-01
1.650273823255445750e+15,3.987158164627676582e-01
1.650273823257336250e+15,3.976714333964141979e-01
1.650273823259227000e+15,3.966269122206893538e-01
1.650273823261117500e+15,3.955825291543359490e-01
1.650273823263008250e+15,3.945380079786112160e-01
1.650273823264899000e+15,3.934934868028863719e-01
1.650273823266789500e+15,3.924737343059754857e-01
1.650273823268680250e+15,3.915321308079818818e-01
1.650273823270570750e+15,3.905906518113103076e-01
1.650273823272461500e+15,3.896490483133167593e-01
1.650273823274352000e+15,3.887075693166451296e-01
1.650273823276242750e+15,3.877659658186515257e-01
1.650273823278133250e+15,3.868244868219800070e-01
1.650273823280024000e+15,3.869356938165287585e-01
1.650273823281914750e+15,3.874513388095852662e-01
1.650273823283805250e+15,3.879669156226876470e-01
1.650273823285696000e+15,3.884825606157442102e-01
1.650273823287586500e+15,3.889981374288465910e-01
1.650273823289477250e+15,3.895137824219031542e-01
1.650273823291367750e+15,3.900293592350054794e-01
1.650273823293258500e+15,3.905450042280620426e-01
1.650273823295149250e+15,3.910606492211184948e-01
1.650273823297039750e+15,3.915762260342209311e-01
1.650273823298930500e+15,3.920918710272774388e-01
1.650273823300821000e+15,3.926074478403798751e-01
1.650273823302711750e+15,3.926990816987254718e-01
1.650273823304602250e+15,3.926990816987255273e-01
1.650273823306493000e+15,3.926990816987254718e-01
1.650273823308383500e+15,3.926990816987254718e-01
1.650273823310274250e+15,3.926990816987254718e-01
1.650273823312165000e+15,3.926990816987254718e-01
1.650273823314055500e+15,3.926990816987254163e-01
1.650273823315946250e+15,3.926990816987254718e-01
1.650273823317836750e+15,3.926990816987254718e-01
1.650273823319727500e+15,3.926990816987254718e-01
1.650273823321618000e+15,3.926990816987254718e-01
1.650273823323508750e+15,3.926990816987254718e-01
1.650273823325399500e+15,3.926990816987254718e-01
1.650273823327290000e+15,3.926990816987254718e-01
1.650273823329180750e+15,3.926990816987254718e-01
1.650273823331071250e+15,3.926990816987254718e-01
1.650273823332962000e+15,3.926990816987254163e-01
1.650273823334852500e+15,3.926990816987254718e-01
1.650273823336743250e+15,3.926990816987254718e-01
1.650273823338633750e+15,3.926990816987254718e-01
1.650273823340524500e+15,3.926990816987254718e-01
1.650273823342415250e+15,3.926990816987254718e-01
1.650273823344305750e+15,3.926990816987254718e-01
1.650273823346196500e+15,3.926990816987254718e-01
1.650273823348087000e+15,3.935764759096782028e-01
1.650273823349977750e+15,3.944960618877041414e-01
1.650273823351868250e+15,3.954155262756232081e-01
1.650273823353759000e+15,3.963351122536491467e-01
1.650273823355649750e+15,3.972546982316750297e-01
1.650273823357540250e+15,3.981741626195942074e-01
1.650273823359431000e+15,3.985358286870711031e-01
1.650273823361321500e+15,3.974726848214320540e-01
1.650273823363212250e+15,3.964094003654908271e-01
1.650273823365102750e+15,3.953462564998517781e-01
1.650273823366993500e+15,3.942829720439104957e-01
1.650273823368884000e+15,3.932198281782714466e-01
1.650273823370774750e+15,3.926990816987253607e-01
1.650273823372665500e+15,3.926990816987252497e-01
1.650273823374556000e+15,3.926990816987250277e-01
1.650273823376446750e+15,3.926990816987249722e-01
1.650273823378337250e+15,3.926990816987248056e-01
1.650273823380228000e+15,3.926990816987246391e-01
1.650273823382118500e+15,3.926990816987244726e-01
1.650273823384009250e+15,3.926990816987242505e-01
1.650273823385900000e+15,3.926990816987240840e-01
1.650273823387790500e+15,3.926990816987239175e-01
1.650273823389681250e+15,3.926990816987238064e-01
1.650273823391571750e+15,3.925332878155886052e-01
1.650273823393462500e+15,3.912312118673531014e-01
1.650273823395353000e+15,3.899293080830667502e-01
1.650273823397243750e+15,3.886272321348312464e-01
1.650273823399134250e+15,3.873253283505449507e-01
1.650273823401025000e+15,3.869463177467679094e-01
1.650273823402915750e+15,3.878703716455157435e-01
1.650273823404806250e+15,3.887943033633963763e-01
1.650273823406697000e+15,3.897183572621440995e-01
1.650273823408587500e+15,3.906422889800247322e-01
1.650273823410478250e+15,3.915663428787725664e-01
1.650273823412368750e+15,3.924902745966530881e-01
1.650273823414259500e+15,3.918175735479157429e-01
1.650273823416150250e+15,3.906787204313183492e-01
1.650273823418040750e+15,3.895400178969128380e-01
1.650273823419931500e+15,3.884011647803156109e-01
1.650273823421822000e+15,3.872624622459099886e-01
1.650273823423712750e+15,3.873326532919560417e-01
1.650273823425603250e+15,3.893261165533397072e-01
1.650273823427494000e+15,3.913198434306002782e-01
1.650273823429384500e+15,3.933133066919839438e-01
1.650273823431275250e+15,3.953070335692445703e-01
1.650273823433166000e+15,3.973007604465051967e-01
1.650273823435056500e+15,3.984325052972482184e-01
1.650273823436947250e+15,3.966850287648217566e-01
1.650273823438837750e+15,3.949377832883957939e-01
1.650273823440728500e+15,3.931903067559693321e-01
1.650273823442619000e+15,3.914430612795434250e-01
1.650273823444509750e+15,3.896955847471169632e-01
1.650273823446400500e+15,3.879481082146904458e-01
1.650273823448291000e+15,3.865631585471822063e-01
1.650273823450181750e+15,3.865631585471821507e-01
1.650273823452072250e+15,3.865631585471819287e-01
1.650273823453963000e+15,3.865631585471817622e-01
1.650273823455853500e+15,3.865631585471815956e-01
1.650273823457744250e+15,3.865631585471814846e-01
1.650273823459634750e+15,3.865631585471813736e-01
1.650273823461525500e+15,3.865631585471813736e-01
1.650273823463416250e+15,3.865631585471813736e-01
1.650273823465306750e+15,3.865631585471813736e-01
1.650273823467197500e+15,3.865631585471813736e-01
1.650273823469088000e+15,3.865631585471814291e-01
1.650273823470978750e+15,3.865631585471813736e-01
1.650273823472869250e+15,3.865631585471814291e-01
1.650273823474760000e+15,3.865631585471814291e-01
1.650273823476650750e+15,3.865631585471814291e-01
1.650273823478541250e+15,3.865631585471813736e-01
1.650273823480432000e+15,3.865631585471813736e-01
1.650273823482322500e+15,3.865631585471813736e-01
1.650273823484213250e+15,3.865631585471813736e-01
1.650273823486103750e+15,3.865631585471813736e-01
1.650273823487994500e+15,3.865631585471813736e-01
1.650273823489885000e+15,3.865631585471813736e-01
1.650273823491775750e+15,3.865631585471814291e-01
1.650273823493666500e+15,3.865631585471813736e-01
1.650273823495557000e+15,3.865631585471813736e-01
1.650273823497447750e+15,3.865631585471813736e-01
1.650273823499338250e+15,3.865631585471813736e-01
1.650273823501229000e+15,3.865631585471813736e-01
1.650273823503119500e+15,3.865631585471813736e-01
1.650273823505010250e+15,3.865631585471813736e-01
1.650273823506901000e+15,3.865631585471813736e-01
1.650273823508791500e+15,3.865631585471813736e-01
1.650273823510682250e+15,3.865631585471813181e-01
1.650273823512572750e+15,3.865631585471813736e-01
1.650273823514463500e+15,3.865631585471814846e-01
1.650273823516354000e+15,3.865631585471815956e-01
1.650273823518244750e+15,3.865631585471817067e-01
1.650273823520135250e+15,3.865631585471818732e-01
1.650273823522026000e+15,3.865631585471819287e-01
1.650273823523916750e+15,3.865631585471820952e-01
1.650273823525807250e+15,3.865631585471822063e-01
1.650273823527698000e+15,3.865631585471822063e-01
1.650273823529588500e+15,3.865631585471821507e-01
1.650273823531479250e+15,3.865631585471820952e-01
1.650273823533369750e+15,3.865631585471819842e-01
1.650273823535260500e+15,3.865631585471819287e-01
1.650273823537151250e+15,3.865631585471818177e-01
1.650273823539041750e+15,3.865631585471817067e-01
1.650273823540932500e+15,3.865631585471815956e-01
1.650273823542823000e+15,3.865631585471815401e-01
1.650273823544713750e+15,3.865631585471814846e-01
1.650273823546604250e+15,3.865631585471813736e-01
1.650273823548495000e+15,3.865631585471813736e-01
1.650273823550385500e+15,3.865631585471813736e-01
1.650273823552276250e+15,3.865631585471813736e-01
1.650273823554167000e+15,3.865631585471813736e-01
1.650273823556057500e+15,3.865631585471814291e-01
1.650273823557948250e+15,3.865631585471813736e-01
1.650273823559838750e+15,3.865631585471813736e-01
1.650273823561729500e+15,3.865631585471813736e-01
1.650273823563620000e+15,3.865631585471813736e-01
1.650273823565510750e+15,3.865631585471813736e-01
1.650273823567401500e+15,3.865631585471813736e-01
1.650273823569292000e+15,3.865631585471813736e-01
1.650273823571182750e+15,3.865631585471813736e-01
1.650273823573073250e+15,3.865631585471813736e-01
1.650273823574964000e+15,3.865631585471813736e-01
1.650273823576854500e+15,3.865631585471814291e-01
1.650273823578745250e+15,3.865631585471813736e-01
1.650273823580635750e+15,3.865631585471813736e-01
1.650273823582526500e+15,3.865631585471813736e-01
1.650273823584417250e+15,3.865631585471813181e-01
1.650273823586307750e+15,3.865631585471813736e-01
1.650273823588198500e+15,3.865631585471813736e-01
1.650273823590089000e+15,3.865631585471813736e-01
1.650273823591979750e+15,3.865631585471813736e-01
1.650273823593870250e+15,3.865631585471813736e-01
1.650273823595761000e+15,3.865631585471813736e-01
1.650273823597651750e+15,3.865631585471813736e-01
1.650273823599542250e+15,3.865631585471813736e-01
1.650273823601433000e+15,3.865631585471813736e-01
1.650273823603323500e+15,3.865631585471813736e-01
1.650273823605214250e+15,3.865631585471813736e-01
1.650273823607104750e+15,3.865631585471815956e-01
1.650273823608995500e+15,3.865631585471818177e-01
1.650273823610886000e+15,3.865631585471819842e-01
1.650273823612776750e+15,3.865631585471821507e-01
1.650273823614667500e+15,3.865631585471822063e-01
1.650273823616558000e+15,3.865631585471820397e-01
1.650273823618448750e+15,3.865631585471818732e-01
1.650273823620339250e+15,3.865631585471817067e-01
1.650273823622230000e+15,3.865631585471815401e-01
1.650273823624120500e+15,3.865631585471813736e-01
1.650273823626011250e+15,3.865631585471812071e-01
1.650273823627902000e+15,3.865631585471810405e-01
1.650273823629792500e+15,3.865631585471808740e-01
1.650273823631683250e+15,3.865631585471807075e-01
1.650273823633573750e+15,3.865631585471805409e-01
1.650273823635464500e+15,3.865631585471805964e-01
1.650273823637355000e+15,3.865631585471807075e-01
1.650273823639245750e+15,3.865631585471808185e-01
1.650273823641136250e+15,3.865631585471809850e-01
1.650273823643027000e+15,3.865631585471810960e-01
1.650273823644917750e+15,3.865631585471812071e-01
1.650273823646808250e+15,3.865631585471813736e-01
1.650273823648699000e+15,3.865631585471813736e-01
1.650273823650589500e+15,3.865631585471813736e-01
1.650273823652480250e+15,3.865631585471813736e-01
1.650273823654370750e+15,3.865631585471813736e-01
1.650273823656261500e+15,3.865631585471814291e-01
1.650273823658152250e+15,3.865631585471813736e-01
1.650273823660042750e+15,3.865631585471813736e-01
1.650273823661933500e+15,3.865631585471814291e-01
1.650273823663824000e+15,3.865631585471813736e-01
1.650273823665714750e+15,3.865631585471813736e-01
1.650273823667605250e+15,3.865631585471814291e-01
1.650273823669496000e+15,3.865631585471813736e-01
1.650273823671386500e+15,3.865631585471813736e-01
1.650273823673277250e+15,3.865631585471813736e-01
1.650273823675168000e+15,3.865631585471813736e-01
1.650273823677058500e+15,3.865631585471813736e-01
1.650273823678949250e+15,3.865631585471813736e-01
1.650273823680839750e+15,3.865631585471813736e-01
1.650273823682730500e+15,3.865631585471813736e-01
1.650273823684621000e+15,3.865631585471813736e-01
1.650273823686511750e+15,3.865631585471813736e-01
1.650273823688402500e+15,3.865631585471813736e-01
1.650273823690293000e+15,3.865631585471813181e-01
1.650273823692183750e+15,3.865631585471813736e-01
1.650273823694074250e+15,3.865631585471813181e-01
1.650273823695965000e+15,3.865631585471813736e-01
1.650273823697855500e+15,3.865631585471813736e-01
1.650273823699746250e+15,3.865631585471813736e-01
1.650273823701636750e+15,3.865631585471813181e-01
1.650273823703527500e+15,3.865631585471813736e-01
1.650273823705418250e+15,3.865631585471813736e-01
1.650273823707308750e+15,3.865631585471813736e-01
1.650273823709199500e+15,3.865631585471813736e-01
1.650273823711090000e+15,3.865631585471813736e-01
1.650273823712980750e+15,3.865631585471813736e-01
1.650273823714871250e+15,3.865631585471813736e-01
1.650273823716762000e+15,3.865631585471813736e-01
1.650273823718652750e+15,3.865631585471814846e-01
1.650273823720543250e+15,3.865631585471815956e-01
1.650273823722434000e+15,3.865631585471818177e-01
1.650273823724324500e+15,3.865631585471819287e-01
1.650273823726215250e+15,3.865631585471820952e-01
1.650273823728105750e+15,3.865631585471822063e-01
1.650273823729996500e+15,3.865631585471820397e-01
1.650273823731887000e+15,3.865631585471818732e-01
1.650273823733777750e+15,3.865631585471817067e-01
1.650273823735668500e+15,3.865631585471814846e-01
1.650273823737559000e+15,3.865631585471813181e-01
1.650273823739449750e+15,3.865631585471813181e-01
1.650273823741340250e+15,3.865631585471813736e-01
1.650273823743231000e+15,3.865631585471813736e-01
1.650273823745121500e+15,3.865631585471813736e-01
1.650273823747012250e+15,3.865631585471813736e-01
1.650273823748903000e+15,3.865631585471813736e-01
1.650273823750793500e+15,3.865631585471813736e-01
1.650273823752684250e+15,3.865631585471813736e-01
1.650273823754574750e+15,3.865631585471813181e-01
1.650273823756465500e+15,3.865631585471813736e-01
1.650273823758356000e+15,3.865631585471813736e-01
1.650273823760246750e+15,3.865631585471812626e-01
1.650273823762137250e+15,3.865631585471811515e-01
1.650273823764028000e+15,3.865631585471809295e-01
1.650273823765918750e+15,3.865631585471808185e-01
1.650273823767809250e+15,3.865631585471806519e-01
1.650273823769700000e+15,3.865631585471805409e-01
1.650273823771590500e+15,3.865631585471804854e-01
1.650273823773481250e+15,3.865631585471804854e-01
1.650273823775371750e+15,3.865631585471805409e-01
1.650273823777262500e+15,3.865631585471804854e-01
1.650273823779153250e+15,3.865631585471804854e-01
1.650273823781043750e+15,3.865631585471805409e-01
1.650273823782934500e+15,3.858128246147402574e-01
1.650273823784825000e+15,3.846132421206360785e-01
1.650273823786715750e+15,3.834135009935651928e-01
1.650273823788606250e+15,3.822139184994610694e-01
1.650273823790497000e+15,3.810141773723902392e-01
1.650273823792387500e+15,3.800141089100879666e-01
1.650273823794278250e+15,3.792050784568954946e-01
1.650273823796169000e+15,3.783960480037030782e-01
1.650273823798059500e+15,3.775871245226715134e-01
1.650273823799950250e+15,3.767780940694789305e-01
1.650273823801840750e+15,3.759691705884474211e-01
1.650273823803731500e+15,3.751601401352549492e-01
1.650273823805622000e+15,3.743512166542233843e-01
1.650273823807512750e+15,3.752529510819415104e-01
1.650273823809403500e+15,3.762914880704636422e-01
1.650273823811294000e+15,3.773298877408595153e-01
1.650273823813184750e+15,3.783684247293815917e-01
1.650273823815075250e+15,3.794068243997774648e-01
1.650273823816966000e+15,3.804168658834772287e-01
1.650273823818856500e+15,3.798228185276114055e-01
1.650273823820747250e+15,3.792286926148351611e-01
1.650273823822637750e+15,3.786346452589693934e-01
1.650273823824528500e+15,3.780405193461932045e-01
1.650273823826419250e+15,3.774463934334170157e-01
1.650273823828309750e+15,3.768523460775511924e-01
1.650273823830200500e+15,3.762582201647749480e-01
1.650273823832091000e+15,3.756641728089091803e-01
1.650273823833981750e+15,3.750700468961329914e-01
1.650273823835872250e+15,3.744759995402671127e-01
1.650273823837763000e+15,3.742913122440967300e-01
1.650273823839653750e+15,3.742913122440967300e-01
1.650273823841544250e+15,3.742913122440967300e-01
1.650273823843435000e+15,3.742913122440967300e-01
1.650273823845325500e+15,3.742913122440967300e-01
1.650273823847216250e+15,3.742913122440967300e-01
1.650273823849106750e+15,3.745954738530583583e-01
1.650273823850997500e+15,3.753445374312336935e-01
1.650273823852888000e+15,3.760935019662280943e-01
1.650273823854778750e+15,3.768425655444034295e-01
1.650273823856669500e+15,3.775916291225788202e-01
1.650273823858560000e+15,3.783405936575731654e-01
1.650273823860450750e+15,3.790896572357485561e-01
1.650273823862341250e+15,3.798386217707429013e-01
1.650273823864232000e+15,3.802891847942080905e-01
1.650273823866122500e+15,3.796447782213514532e-01
1.650273823868013250e+15,3.790002864320741738e-01
1.650273823869904000e+15,3.783557946427968943e-01
1.650273823871794500e+15,3.777113880699402015e-01
1.650273823873685250e+15,3.770668962806629776e-01
1.650273823875575750e+15,3.764224897078063403e-01
1.650273823877466500e+15,3.757779979185290609e-01
1.650273823879357000e+15,3.751335913456723681e-01
1.650273823881247750e+15,3.744890995563950886e-01
1.650273823883138250e+15,3.736655655668466025e-01
1.650273823885029000e+15,3.727625848150735166e-01
1.650273823886919750e+15,3.718596040633004307e-01
1.650273823888810250e+15,3.709567427060470046e-01
1.650273823890701000e+15,3.700537619542739742e-01
1.650273823892591500e+15,3.691509005970204926e-01
1.650273823894482250e+15,3.682479198452474067e-01
1.650273823896372750e+15,3.694007392848239757e-01
1.650273823898263500e+15,3.707884781243910299e-01
1.650273823900154250e+15,3.721762169639580287e-01
1.650273823902044750e+15,3.735637723130001975e-01
1.650273823903935500e+15,3.742913122440967300e-01
1.650273823905826000e+15,3.742913122440967300e-01
1.650273823907716750e+15,3.742913122440967300e-01
1.650273823909607250e+15,3.742913122440966744e-01
1.650273823911498000e+15,3.742913122440967300e-01
1.650273823913388500e+15,3.742913122440967300e-01
1.650273823915279250e+15,3.742913122440967300e-01
1.650273823917170000e+15,3.742913122440967300e-01
1.650273823919060500e+15,3.742913122440967300e-01
1.650273823920951250e+15,3.742913122440967300e-01
1.650273823922841750e+15,3.742913122440966744e-01
1.650273823924732500e+15,3.742913122440967300e-01
1.650273823926623000e+15,3.748661963890550508e-01
1.650273823928513750e+15,3.758525504698898012e-01
1.650273823930404500e+15,3.768389045507246071e-01
1.650273823932295000e+15,3.778251282131961375e-01
1.650273823934185750e+15,3.788114822940309434e-01
1.650273823936076250e+15,3.797977059565025293e-01
1.650273823937967000e+15,3.804272353956390518e-01
1.650273823939857500e+15,3.804272353956391073e-01
1.650273823941748250e+15,3.804272353956390518e-01
1.650273823943638750e+15,3.804272353956390518e-01
1.650273823945529500e+15,3.804272353956390518e-01
1.650273823947420250e+15,3.804272353956390518e-01
1.650273823949310750e+15,3.804272353956390518e-01
1.650273823951201500e+15,3.804272353956390518e-01
1.650273823953092000e+15,3.804272353956391073e-01
1.650273823954982750e+15,3.804272353956390518e-01
1.650273823956873250e+15,3.804272353956390518e-01
1.650273823958764000e+15,3.804272353956391073e-01
1.650273823960654750e+15,3.806361081117212719e-01
1.650273823962545250e+15,3.811964115806867337e-01
1.650273823964436000e+15,3.817567891442659178e-01
1.650273823966326500e+15,3.823170926132313796e-01
1.650273823968217250e+15,3.828774701768106192e-01
1.650273823970107750e+15,3.834377736457761365e-01
1.650273823971998500e+15,3.839981512093553206e-01
1.650273823973889000e+15,3.845584546783208379e-01
1.650273823975779750e+15,3.851188322419000221e-01
1.650273823977670500e+15,3.856792098054791507e-01
1.650273823979561000e+15,3.862395132744447235e-01
1.650273823981451750e+15,3.862287059323812333e-01
1.650273823983342250e+15,3.854371157373496226e-01
1.650273823985233000e+15,3.846454208623134585e-01
1.650273823987123500e+15,3.838538306672818479e-01
1.650273823989014250e+15,3.830621357922456838e-01
1.650273823990905000e+15,3.822704409172095197e-01
1.650273823992795500e+15,3.814788507221779090e-01
1.650273823994686250e+15,3.806871558471417449e-01
1.650273823996576750e+15,3.810998086364603132e-01
1.650273823998467500e+15,3.821013190558993911e-01
1.650273824000358000e+15,3.831026970529637365e-01
1.650273824002248750e+15,3.841042074724028144e-01
1.650273824004139250e+15,3.851055854694671599e-01
1.650273824006030000e+15,3.861070958889062377e-01
1.650273824007920750e+15,3.865631585471831499e-01
1.650273824009811250e+15,3.865631585471831499e-01
1.650273824011702000e+15,3.865631585471831499e-01
1.650273824013592500e+15,3.865631585471830944e-01
1.650273824015483250e+15,3.865631585471831499e-01
1.650273824017373750e+15,3.869820327861476228e-01
1.650273824019264500e+15,3.878403221032128423e-01
1.650273824021155250e+15,3.886986114202781728e-01
1.650273824023045750e+15,3.895567872520444563e-01
1.650273824024936500e+15,3.904150765691097869e-01
1.650273824026827000e+15,3.912732524008759594e-01
1.650273824028717750e+15,3.921315417179412899e-01
1.650273824030608250e+15,3.926990816987219746e-01
1.650273824032499000e+15,3.926990816987219191e-01
1.650273824034389500e+15,3.926990816987219191e-01
1.650273824036280250e+15,3.926990816987219746e-01
1.650273824038171000e+15,3.926990816987219191e-01
1.650273824040061500e+15,3.926990816987219191e-01
1.650273824041952250e+15,3.934438872535028220e-01
1.650273824043842750e+15,3.949689941057239473e-01
1.650273824045733500e+15,3.964943026383010993e-01
1.650273824047624000e+15,3.980194094905222801e-01
1.650273824049514750e+15,3.992559404703978632e-01
1.650273824051405500e+15,4.001606111424800827e-01
1.650273824053296000e+15,4.010651621965968250e-01
1.650273824055186750e+15,4.019698328686791000e-01
1.650273824057077250e+15,4.028743839227959533e-01
1.650273824058968000e+15,4.037790545948780618e-01
1.650273824060858500e+15,4.046836056489949152e-01
1.650273824062749250e+15,4.041520538968991771e-01
1.650273824064639750e+15,4.029522232475412635e-01
1.650273824066530500e+15,4.017522339324005598e-01
1.650273824068421250e+15,4.005522446172598561e-01
1.650273824070311750e+15,3.993524139679018869e-01
1.650273824072202500e+15,3.993291407805913407e-01
1.650273824074093000e+15,4.001977265325936672e-01
1.650273824075983750e+15,4.010664271465044228e-01
1.650273824077874250e+15,4.019350128985067494e-01
1.650273824079765000e+15,4.028037135124175050e-01
1.650273824081655750e+15,4.036724141263283716e-01
1.650273824083546250e+15,4.045409998783306982e-01
1.650273824085437000e+15,4.049709280018092272e-01
1.650273824087327500e+15,4.049709280018092272e-01
1.650273824089218250e+15,4.049709280018091717e-01
1.650273824091108750e+15,4.049709280018091717e-01
1.650273824092999500e+15,4.049709280018091717e-01
1.650273824094890000e+15,4.049709280018092272e-01
1.650273824096780750e+15,4.049709280018092272e-01
1.650273824098671500e+15,4.049709280018092272e-01
1.650273824100562000e+15,4.049709280018092272e-01
1.650273824102452750e+15,4.049709280018091717e-01
1.650273824104343250e+15,4.049709280018092272e-01
1.650273824106234000e+15,4.049709280018092272e-01
1.650273824108124500e+15,4.057223874376191253e-01
1.650273824110015250e+15,4.072282930319566785e-01
1.650273824111906000e+15,4.087341986262942872e-01
1.650273824113796500e+15,4.102399051057840640e-01
1.650273824115687250e+15,4.106723812196945156e-01
1.650273824117577750e+15,4.096485539718580648e-01
1.650273824119468500e+15,4.086245913329547008e-01
1.650273824121359000e+15,4.076007640851181946e-01
1.650273824123249750e+15,4.065768014462147750e-01
1.650273824125140250e+15,4.055529741983783243e-01
1.650273824127031000e+15,4.049709280018101154e-01
1.650273824128921750e+15,4.049709280018101154e-01
1.650273824130812250e+15,4.049709280018100599e-01
1.650273824132703000e+15,4.049709280018101154e-01
1.650273824134593500e+15,4.049709280018100599e-01
1.650273824136484250e+15,4.049709280018101154e-01
1.650273824138374750e+15,4.049709280018101154e-01
1.650273824140265500e+15,4.049709280018101154e-01
1.650273824142156250e+15,4.049709280018101154e-01
1.650273824144046750e+15,4.049709280018100599e-01
1.650273824145937500e+15,4.049709280018101154e-01
1.650273824147828000e+15,4.049709280018101154e-01
1.650273824149718750e+15,4.049709280018100599e-01
1.650273824151609250e+15,4.049709280018098378e-01
1.650273824153500000e+15,4.049709280018096713e-01
1.650273824155390500e+15,4.049709280018095603e-01
1.650273824157281250e+15,4.049709280018093382e-01
1.650273824159172000e+15,4.049709280018091717e-01
1.650273824161062500e+15,4.049709280018092272e-01
1.650273824162953250e+15,4.049709280018092272e-01
1.650273824164843750e+15,4.049709280018092272e-01
1.650273824166734500e+15,4.049709280018092272e-01
1.650273824168625000e+15,4.049709280018091717e-01
1.650273824170515750e+15,4.049709280018092272e-01
1.650273824172406500e+15,4.049709280018091717e-01
1.650273824174297000e+15,4.049709280018093938e-01
1.650273824176187750e+15,4.049709280018095048e-01
1.650273824178078250e+15,4.049709280018096713e-01
1.650273824179969000e+15,4.049709280018098934e-01
1.650273824181859500e+15,4.049709280018100599e-01
1.650273824183750250e+15,4.055883501700170979e-01
1.650273824185640750e+15,4.064451948086629240e-01
1.650273824187531500e+15,4.073021527565706679e-01
1.650273824189422250e+15,4.081591107044784117e-01
1.650273824191312750e+15,4.090159553431242934e-01
1.650273824193203500e+15,4.098729132910320372e-01
1.650273824195094000e+15,4.107297579296779189e-01
1.650273824196984750e+15,4.107769167380792563e-01
1.650273824198875250e+15,4.101877870926760594e-01
1.650273824200766000e+15,4.095985795406812957e-01
1.650273824202656750e+15,4.090093719886864765e-01
1.650273824204547250e+15,4.084202423432833351e-01
1.650273824206438000e+15,4.078310347912885714e-01
1.650273824208328500e+15,4.072419051458853190e-01
1.650273824210219250e+15,4.066526975938905553e-01
1.650273824212109750e+15,4.060635679484873584e-01
1.650273824214000500e+15,4.054743603964926502e-01
1.650273824215891000e+15,4.049709280018092272e-01
1.650273824217781750e+15,4.049709280018092827e-01
1.650273824219672500e+15,4.049709280018093938e-01
1.650273824221563000e+15,4.049709280018094493e-01
1.650273824223453750e+15,4.049709280018095603e-01
1.650273824225344250e+15,4.049709280018096158e-01
1.650273824227235000e+15,4.049709280018096713e-01
1.650273824229125500e+15,4.049709280018097823e-01
1.650273824231016250e+15,4.049709280018097823e-01
1.650273824232907000e+15,4.049709280018098934e-01
1.650273824234797500e+15,4.049709280018100044e-01
1.650273824236688250e+15,4.049709280018100599e-01
1.650273824238578750e+15,4.057335363522971972e-01
1.650273824240469500e+15,4.067378210388257753e-01
1.650273824242360000e+15,4.077419729361587697e-01
1.650273824244250750e+15,4.087462576226874589e-01
1.650273824246141250e+15,4.097504095200204532e-01
1.650273824248032000e+15,4.107546942065490314e-01
1.650273824249922750e+15,4.105173848271155279e-01
1.650273824251813250e+15,4.096097195127186286e-01
1.650273824253704000e+15,4.087019341685261264e-01
1.650273824255594500e+15,4.077942688541291716e-01
1.650273824257485250e+15,4.068864835099367250e-01
1.650273824259375750e+15,4.059788181955398256e-01
1.650273824261266500e+15,4.050710328513472680e-01
1.650273824263157250e+15,4.049709280018092272e-01
1.650273824265047750e+15,4.049709280018092272e-01
1.650273824266938500e+15,4.049709280018092272e-01
1.650273824268829000e+15,4.049709280018092272e-01
1.650273824270719750e+15,4.049709280018092272e-01
1.650273824272610250e+15,4.049709280018090607e-01
1.650273824274501000e+15,4.049709280018089497e-01
1.650273824276391750e+15,4.049709280018087831e-01
1.650273824278282250e+15,4.049709280018086721e-01
1.650273824280173000e+15,4.049709280018085611e-01
1.650273824282063500e+15,4.049709280018083390e-01
1.650273824283954250e+15,4.043912851571541123e-01
1.650273824285844750e+15,4.032913455859432061e-01
1.650273824287735500e+15,4.021912605585605816e-01
1.650273824289626000e+15,4.010913209873496754e-01
1.650273824291516750e+15,3.999912359599669953e-01
1.650273824293407500e+15,3.988911509325843152e-01
1.650273824295298000e+15,3.977912113613734091e-01
1.650273824297188750e+15,3.966911263339907290e-01
1.650273824299079250e+15,3.955911867627798784e-01
1.650273824300970000e+15,3.944911017353971983e-01
1.650273824302860500e+15,3.933911621641862921e-01
1.650273824304751250e+15,3.931079003315054443e-01
1.650273824306642000e+15,3.942101803028857376e-01
1.650273824308532500e+15,3.953123145278729100e-01
1.650273824310423250e+15,3.964145944992532034e-01
1.650273824312313750e+15,3.975167287242403757e-01
1.650273824314204500e+15,3.986190086956207246e-01
1.650273824316095000e+15,3.997211429206078415e-01
1.650273824317985750e+15,4.008234228919881903e-01
1.650273824319876250e+15,4.019255571169753627e-01
1.650273824321767000e+15,4.030278370883556560e-01
1.650273824323657750e+15,4.041301170597359493e-01
1.650273824325548250e+15,4.047654421928670865e-01
1.650273824327439000e+15,4.038986886105903062e-01
1.650273824329329500e+15,4.030320496327802759e-01
1.650273824331220250e+15,4.021652960505034402e-01
1.650273824333110750e+15,4.012986570726934099e-01
1.650273824335001500e+15,4.004319034904165742e-01
1.650273824336892250e+15,3.995651499081396829e-01
1.650273824338782750e+15,3.988350048502677936e-01
1.650273824340673500e+15,3.988350048502677936e-01
1.650273824342564000e+15,3.988350048502678491e-01
1.650273824344454750e+15,3.988350048502677936e-01
1.650273824346345250e+15,3.988350048502677936e-01
1.650273824348236000e+15,3.988350048502677936e-01
1.650273824350126500e+15,3.988350048502677936e-01
1.650273824352017250e+15,3.988350048502677936e-01
1.650273824353908000e+15,3.988350048502677381e-01
1.650273824355798500e+15,3.988350048502677936e-01
1.650273824357689250e+15,3.988350048502677936e-01
1.650273824359579750e+15,3.988350048502677936e-01
1.650273824361470500e+15,3.988350048502677936e-01
1.650273824363361000e+15,3.988350048502677381e-01
1.650273824365251750e+15,3.988350048502676271e-01
1.650273824367142500e+15,3.988350048502675715e-01
1.650273824369033000e+15,3.988350048502674605e-01
1.650273824370923750e+15,3.988350048502674050e-01
1.650273824372814250e+15,3.988350048502673495e-01
1.650273824374705000e+15,3.988350048502672940e-01
1.650273824376595500e+15,3.988350048502671830e-01
1.650273824378486250e+15,3.988350048502671275e-01
1.650273824380376750e+15,3.988350048502670164e-01
1.650273824382267500e+15,3.988350048502669609e-01
1.650273824384158250e+15,3.988350048502669054e-01
1.650273824386048750e+15,3.988350048502669609e-01
1.650273824387939500e+15,3.988350048502669054e-01
1.650273824389830000e+15,3.988350048502669054e-01
1.650273824391720750e+15,3.988350048502669054e-01
1.650273824393611250e+15,3.988350048502669054e-01
1.650273824395502000e+15,3.988350048502669054e-01
1.650273824397392750e+15,3.988350048502669054e-01
1.650273824399283250e+15,3.988350048502669054e-01
1.650273824401174000e+15,3.988350048502669054e-01
1.650273824403064500e+15,3.988350048502669054e-01
1.650273824404955250e+15,3.988350048502669609e-01
1.650273824406845750e+15,3.988350048502669054e-01
1.650273824408736500e+15,3.988350048502669054e-01
1.650273824410627000e+15,3.988350048502669054e-01
1.650273824412517750e+15,3.988350048502669054e-01
1.650273824414408500e+15,3.988350048502669054e-01
1.650273824416299000e+15,3.988350048502669609e-01
1.650273824418189750e+15,3.988350048502670719e-01
1.650273824420080250e+15,3.988350048502672385e-01
1.650273824421971000e+15,3.988350048502673495e-01
1.650273824423861500e+15,3.988350048502674605e-01
1.650273824425752250e+15,3.988350048502675715e-01
1.650273824427643000e+15,3.988350048502677381e-01
1.650273824429533500e+15,3.988350048502677936e-01
1.650273824431424250e+15,3.988350048502677936e-01
1.650273824433314750e+15,3.988350048502677936e-01
1.650273824435205500e+15,3.988350048502677936e-01
1.650273824437096000e+15,3.988350048502677936e-01
1.650273824438986750e+15,3.988350048502677936e-01
1.650273824440877250e+15,3.988350048502677936e-01
1.650273824442768000e+15,3.988350048502677936e-01
1.650273824444658750e+15,3.988350048502677936e-01
1.650273824446549250e+15,3.988350048502677936e-01
1.650273824448440000e+15,3.988350048502678491e-01
1.650273824450330500e+15,3.988350048502677936e-01
1.650273824452221250e+15,3.988350048502677936e-01
1.650273824454111750e+15,3.988350048502677936e-01
1.650273824456002500e+15,3.988350048502677936e-01
1.650273824457893250e+15,3.988350048502677381e-01
1.650273824459783750e+15,3.988350048502677936e-01
1.650273824461674500e+15,3.988350048502677936e-01
1.650273824463565000e+15,3.988350048502677936e-01
1.650273824465455750e+15,3.988350048502677936e-01
1.650273824467346250e+15,3.988350048502677936e-01
1.650273824469237000e+15,3.988350048502677936e-01
1.650273824471127500e+15,3.988350048502677936e-01
1.650273824473018250e+15,3.988350048502677936e-01
1.650273824474909000e+15,3.988350048502677936e-01
1.650273824476799500e+15,3.988350048502677936e-01
1.650273824478690250e+15,3.988350048502677936e-01
1.650273824480580750e+15,3.988350048502677936e-01
1.650273824482471500e+15,3.988350048502677936e-01
1.650273824484362000e+15,3.988350048502677936e-01
1.650273824486252750e+15,3.988350048502676826e-01
1.650273824488143500e+15,3.988350048502675715e-01
1.650273824490034000e+15,3.988350048502674605e-01
1.650273824491924750e+15,3.988350048502673495e-01
1.650273824493815250e+15,3.988350048502671830e-01
1.650273824495706000e+15,3.988350048502670164e-01
1.650273824497596500e+15,3.988350048502669054e-01
1.650273824499487250e+15,3.988350048502669609e-01
1.650273824501377750e+15,3.988350048502669054e-01
1.650273824503268500e+15,3.988350048502669054e-01
1.650273824505159250e+15,3.988350048502669054e-01
1.650273824507049750e+15,3.988350048502669054e-01
1.650273824508940500e+15,3.988350048502670164e-01
1.650273824510831000e+15,3.988350048502670719e-01
1.650273824512721750e+15,3.988350048502671275e-01
1.650273824514612250e+15,3.988350048502672385e-01
1.650273824516503000e+15,3.988350048502672940e-01
1.650273824518393750e+15,3.988350048502674050e-01
1.650273824520284250e+15,3.988350048502674605e-01
1.650273824522175000e+15,3.988350048502675715e-01
1.650273824524065500e+15,3.988350048502676271e-01
1.650273824525956250e+15,3.988350048502676826e-01
1.650273824527846750e+15,3.988350048502677936e-01
1.650273824529737500e+15,3.988350048502677381e-01
1.650273824531628000e+15,3.988350048502677936e-01
1.650273824533518750e+15,3.988350048502677936e-01
1.650273824535409500e+15,3.988350048502677936e-01
1.650273824537300000e+15,3.988350048502677936e-01
1.650273824539190750e+15,3.988350048502678491e-01
1.650273824541081250e+15,3.988350048502677936e-01
1.650273824542972000e+15,3.988350048502678491e-01
1.650273824544862500e+15,3.988350048502677936e-01
1.650273824546753250e+15,3.988350048502677936e-01
1.650273824548644000e+15,3.988350048502677936e-01
1.650273824550534500e+15,3.988350048502677936e-01
1.650273824552425250e+15,3.988350048502677936e-01
1.650273824554315750e+15,3.988350048502677381e-01
1.650273824556206500e+15,3.988350048502677381e-01
1.650273824558097000e+15,3.988350048502677936e-01
1.650273824559987750e+15,3.988350048502677936e-01
1.650273824561878250e+15,3.988350048502677936e-01
1.650273824563769000e+15,3.988350048502677936e-01
1.650273824565659750e+15,3.988350048502677936e-01
1.650273824567550250e+15,3.988350048502677936e-01
1.650273824569441000e+15,3.988350048502677936e-01
1.650273824571331500e+15,3.988350048502677381e-01
1.650273824573222250e+15,3.988350048502677381e-01
1.650273824575112750e+15,3.988350048502677381e-01
1.650273824577003500e+15,3.988350048502677936e-01
1.650273824578894250e+15,3.988350048502677381e-01
1.650273824580784750e+15,3.988350048502677936e-01
1.650273824582675500e+15,3.988350048502677936e-01
1.650273824584566000e+15,3.988350048502677936e-01
1.650273824586456750e+15,3.988350048502677936e-01
1.650273824588347250e+15,3.988350048502677936e-01
1.650273824590238000e+15,3.988350048502677381e-01
1.650273824592128500e+15,3.988350048502677936e-01
1.650273824594019250e+15,3.988350048502677936e-01
1.650273824595910000e+15,3.988350048502677936e-01
1.650273824597800500e+15,3.988350048502677936e-01
1.650273824599691250e+15,3.988350048502677381e-01
1.650273824601581750e+15,3.988350048502677936e-01
1.650273824603472500e+15,3.988350048502677936e-01
1.650273824605363000e+15,3.988350048502677936e-01
1.650273824607253750e+15,3.988350048502677936e-01
1.650273824609144500e+15,3.988350048502677936e-01
1.650273824611035000e+15,3.988350048502678491e-01
1.650273824612925750e+15,3.988350048502677936e-01
1.650273824614816250e+15,3.988350048502677936e-01
1.650273824616707000e+15,3.988350048502677936e-01
1.650273824618597500e+15,3.988350048502677936e-01
1.650273824620488250e+15,3.988350048502677936e-01
1.650273824622378750e+15,3.988350048502677936e-01
1.650273824624269500e+15,3.988350048502677936e-01
1.650273824626160250e+15,3.988350048502677936e-01
1.650273824628050750e+15,3.988350048502677936e-01
1.650273824629941500e+15,3.988350048502677381e-01
1.650273824631832000e+15,3.988350048502677936e-01
1.650273824633722750e+15,3.988350048502677936e-01
1.650273824635613250e+15,3.988350048502677936e-01
1.650273824637504000e+15,3.988350048502677936e-01
1.650273824639394750e+15,3.988350048502678491e-01
1.650273824641285250e+15,3.988350048502677936e-01
1.650273824643176000e+15,3.988350048502677936e-01
1.650273824645066500e+15,3.988350048502677936e-01
1.650273824646957250e+15,3.988350048502677936e-01
1.650273824648847750e+15,3.988350048502677936e-01
1.650273824650738500e+15,3.988350048502677936e-01
1.650273824652629000e+15,3.988350048502677381e-01
1.650273824654519750e+15,3.988350048502677936e-01
1.650273824656410500e+15,3.988350048502677936e-01
1.650273824658301000e+15,3.988350048502677936e-01
1.650273824660191750e+15,3.988350048502677936e-01
1.650273824662082250e+15,3.988350048502677936e-01
1.650273824663973000e+15,3.988350048502677381e-01
1.650273824665863500e+15,3.988350048502677381e-01
1.650273824667754250e+15,3.988350048502677936e-01
1.650273824669645000e+15,3.988350048502677936e-01
1.650273824671535500e+15,3.988350048502677936e-01
1.650273824673426250e+15,3.988350048502677936e-01
1.650273824675316750e+15,3.988350048502677936e-01
1.650273824677207500e+15,3.988350048502677936e-01
1.650273824679098000e+15,3.988350048502677936e-01
1.650273824680988750e+15,3.988350048502677936e-01
1.650273824682879250e+15,3.988350048502677936e-01
1.650273824684770000e+15,3.988350048502677936e-01
1.650273824686660750e+15,3.988350048502677936e-01
1.650273824688551250e+15,3.988350048502677936e-01
1.650273824690442000e+15,3.988350048502676826e-01
1.650273824692332500e+15,3.988350048502675160e-01
1.650273824694223250e+15,3.988350048502673495e-01
1.650273824696113750e+15,3.988350048502671275e-01
1.650273824698004500e+15,3.988350048502670164e-01
1.650273824699895250e+15,3.988350048502668499e-01
1.650273824701785750e+15,3.988350048502666834e-01
1.650273824703676500e+15,3.988350048502665168e-01
1.650273824705567000e+15,3.988350048502663503e-01
1.650273824707457750e+15,3.988350048502662393e-01
1.650273824709348250e+15,3.988350048502660727e-01
1.650273824711239000e+15,3.988350048502660172e-01
1.650273824713129500e+15,3.988350048502660727e-01
1.650273824715020250e+15,3.988350048502660172e-01
1.650273824716911000e+15,3.988350048502660727e-01
1.650273824718801500e+15,3.988350048502660172e-01
1.650273824720692250e+15,3.988350048502660172e-01
1.650273824722582750e+15,3.988350048502660172e-01
1.650273824724473500e+15,3.988350048502660172e-01
1.650273824726364000e+15,3.988350048502660172e-01
1.650273824728254750e+15,3.988350048502660727e-01
1.650273824730145500e+15,3.988350048502660172e-01
1.650273824732036000e+15,3.988350048502660727e-01
1.650273824733926750e+15,3.988350048502660172e-01
1.650273824735817250e+15,3.988350048502660727e-01
1.650273824737708000e+15,3.988350048502662393e-01
1.650273824739598500e+15,3.988350048502663503e-01
1.650273824741489250e+15,3.988350048502664613e-01
1.650273824743379750e+15,3.988350048502665723e-01
1.650273824745270500e+15,3.988350048502667944e-01
1.650273824747161250e+15,3.988350048502669054e-01
1.650273824749051750e+15,3.988350048502667944e-01
1.650273824750942500e+15,3.988350048502666279e-01
1.650273824752833000e+15,3.988350048502664613e-01
1.650273824754723750e+15,3.988350048502662948e-01
1.650273824756614250e+15,3.988350048502661283e-01
1.650273824758505000e+15,3.988350048502659617e-01
1.650273824760395750e+15,3.988350048502660172e-01
1.650273824762286250e+15,3.988350048502660172e-01
1.650273824764177000e+15,3.988350048502660172e-01
1.650273824766067500e+15,3.988350048502660172e-01
1.650273824767958250e+15,3.988350048502660172e-01
1.650273824769848750e+15,3.988350048502660172e-01
1.650273824771739500e+15,3.988350048502660172e-01
1.650273824773630000e+15,3.988350048502660172e-01
1.650273824775520750e+15,3.988350048502660172e-01
1.650273824777411500e+15,3.988350048502660172e-01
1.650273824779302000e+15,3.988350048502659617e-01
1.650273824781192750e+15,3.988350048502660727e-01
1.650273824783083250e+15,3.988350048502660727e-01
1.650273824784974000e+15,3.988350048502660172e-01
1.650273824786864500e+15,3.988350048502660727e-01
1.650273824788755250e+15,3.988350048502660172e-01
1.650273824790646000e+15,3.988350048502660172e-01
1.650273824792536500e+15,3.988350048502660727e-01
1.650273824794427250e+15,3.988350048502660172e-01
1.650273824796317750e+15,3.988350048502660172e-01
1.650273824798208500e+15,3.988350048502660727e-01
1.650273824800099000e+15,3.988350048502660727e-01
1.650273824801989750e+15,3.988350048502660172e-01
1.650273824803880250e+15,3.988350048502660172e-01
1.650273824805771000e+15,3.988350048502660172e-01
1.650273824807661750e+15,3.988350048502660172e-01
1.650273824809552250e+15,3.988350048502660172e-01
1.650273824811443000e+15,3.988350048502660172e-01
1.650273824813333500e+15,3.988350048502660172e-01
1.650273824815224250e+15,3.988350048502660727e-01
1.650273824817114750e+15,3.988350048502660172e-01
1.650273824819005500e+15,3.988350048502660172e-01
1.650273824820896250e+15,3.988350048502660172e-01
1.650273824822786750e+15,3.988350048502660172e-01
1.650273824824677500e+15,3.988350048502660172e-01
1.650273824826568000e+15,3.988350048502660172e-01
1.650273824828458750e+15,3.988350048502659617e-01
1.650273824830349250e+15,3.988350048502660172e-01
1.650273824832240000e+15,3.988350048502660172e-01
1.650273824834130500e+15,3.988350048502660172e-01
1.650273824836021250e+15,3.988350048502660172e-01
1.650273824837912000e+15,3.988350048502660172e-01
1.650273824839802500e+15,3.988350048502660172e-01
1.650273824841693250e+15,3.988350048502659617e-01
1.650273824843583750e+15,3.988350048502659617e-01
1.650273824845474500e+15,3.988350048502660172e-01
1.650273824847365000e+15,3.988350048502660172e-01
1.650273824849255750e+15,3.988350048502660172e-01
1.650273824851146500e+15,3.988350048502660172e-01
1.650273824853037000e+15,3.988350048502660172e-01
1.650273824854927750e+15,3.988350048502660172e-01
1.650273824856818250e+15,3.988350048502660172e-01
1.650273824858709000e+15,3.988350048502659617e-01
1.650273824860599500e+15,3.988350048502660172e-01
1.650273824862490250e+15,3.988350048502660172e-01
1.650273824864380750e+15,3.988350048502660172e-01
1.650273824866271500e+15,3.988350048502659617e-01
1.650273824868162250e+15,3.988350048502659617e-01
1.650273824870052750e+15,3.988350048502659617e-01
1.650273824871943500e+15,3.988350048502660172e-01
1.650273824873834000e+15,3.988350048502659617e-01
1.650273824875724750e+15,3.988350048502659617e-01
1.650273824877615250e+15,3.988350048502660172e-01
1.650273824879506000e+15,3.988350048502660172e-01
1.650273824881396750e+15,3.988350048502660172e-01
1.650273824883287250e+15,3.988350048502660172e-01
1.650273824885178000e+15,3.988350048502659617e-01
1.650273824887068500e+15,3.988350048502660172e-01
1.650273824888959250e+15,3.988350048502660172e-01
1.650273824890849750e+15,3.988350048502660172e-01
1.650273824892740500e+15,3.988350048502660172e-01
1.650273824894631000e+15,3.988350048502660172e-01
1.650273824896521750e+15,3.988350048502660172e-01
1.650273824898412500e+15,3.988350048502660172e-01
1.650273824900303000e+15,3.988350048502660172e-01
1.650273824902193750e+15,3.988350048502660172e-01
1.650273824904084250e+15,3.988350048502660172e-01
1.650273824905975000e+15,3.988350048502660727e-01
1.650273824907865500e+15,3.988350048502660172e-01
1.650273824909756250e+15,3.988350048502660172e-01
1.650273824911647000e+15,3.988350048502660172e-01
1.650273824913537500e+15,3.988350048502660172e-01
1.650273824915428250e+15,3.988350048502660172e-01
1.650273824917318750e+15,3.988350048502660172e-01
1.650273824919209500e+15,3.988350048502660172e-01
1.650273824921100000e+15,3.988350048502660172e-01
1.650273824922990750e+15,3.988350048502660172e-01
1.650273824924881250e+15,3.988350048502660172e-01
1.650273824926772000e+15,3.988350048502660172e-01
1.650273824928662750e+15,3.988350048502660172e-01
1.650273824930553250e+15,3.988350048502660172e-01
1.650273824932444000e+15,3.988350048502660172e-01
1.650273824934334500e+15,3.988350048502660172e-01
1.650273824936225250e+15,3.988350048502660172e-01
1.650273824938115750e+15,3.988350048502660172e-01
1.650273824940006500e+15,3.988350048502660172e-01
1.650273824941897250e+15,3.988350048502660172e-01
1.650273824943787750e+15,3.988350048502659617e-01
1.650273824945678500e+15,3.988350048502660727e-01
1.650273824947569000e+15,3.988350048502660172e-01
1.650273824949459750e+15,3.988350048502660172e-01
1.650273824951350250e+15,3.988350048502660172e-01
1.650273824953241000e+15,3.988350048502660172e-01
1.650273824955131500e+15,3.988350048502660172e-01
1.650273824957022250e+15,3.988350048502660172e-01
1.650273824958913000e+15,3.988350048502660172e-01
1.650273824960803500e+15,3.988350048502660172e-01
1.650273824962694250e+15,3.988350048502660172e-01
1.650273824964584750e+15,3.988350048502659617e-01
1.650273824966475500e+15,3.988350048502660172e-01
1.650273824968366000e+15,3.988350048502660172e-01
1.650273824970256750e+15,3.988350048502660172e-01
1.650273824972147500e+15,3.988350048502660172e-01
1.650273824974038000e+15,3.988350048502660172e-01
1.650273824975928750e+15,3.988350048502660727e-01
1.650273824977819250e+15,3.988350048502660172e-01
1.650273824979710000e+15,3.988350048502660172e-01
1.650273824981600500e+15,3.986549025625830689e-01
1.650273824983491250e+15,3.979825858786020243e-01
1.650273824985381750e+15,3.973103580901231058e-01
1.650273824987272500e+15,3.966380414061420057e-01
1.650273824989163250e+15,3.959657247221608500e-01
1.650273824991053750e+15,3.952934969336819870e-01
1.650273824992944500e+15,3.946211802497008314e-01
1.650273824994835000e+15,3.939489524612219684e-01
1.650273824996725750e+15,3.932766357772409238e-01
1.650273824998616250e+15,3.927659923122188701e-01
1.650273825000507000e+15,3.932411519083353069e-01
1.650273825002397750e+15,3.937163115044517436e-01
1.650273825004288250e+15,3.941914082737010272e-01
1.650273825006179000e+15,3.946665678698174640e-01
1.650273825008069500e+15,3.951416646390667475e-01
1.650273825009960250e+15,3.956168242351831843e-01
1.650273825011850750e+15,3.960919210044324679e-01
1.650273825013741500e+15,3.965670806005489046e-01
1.650273825015632000e+15,3.970421773697981882e-01
1.650273825017522750e+15,3.975173369659146250e-01
1.650273825019413500e+15,3.979924965620310617e-01
1.650273825021304000e+15,3.984675933312803453e-01
1.650273825023194750e+15,3.988350048502660172e-01
1.650273825025085250e+15,3.988350048502660172e-01
1.650273825026976000e+15,3.988350048502660172e-01
1.650273825028866500e+15,3.988350048502660172e-01
1.650273825030757250e+15,3.988350048502660172e-01
1.650273825032648000e+15,3.988350048502660172e-01
1.650273825034538500e+15,3.988350048502660172e-01
1.650273825036429250e+15,3.988350048502660172e-01
1.650273825038319750e+15,3.988350048502660727e-01
1.650273825040210500e+15,3.988350048502660172e-01
1.650273825042101000e+15,3.988350048502660172e-01
1.650273825043991750e+15,3.988350048502660172e-01
1.650273825045882250e+15,3.988350048502659617e-01
1.650273825047773000e+15,3.958861931118550226e-01
1.650273825049663750e+15,3.929268163632347322e-01
1.650273825051554250e+15,3.899678309112888375e-01
1.650273825053445000e+15,3.870084541626686025e-01
1.650273825055335500e+15,3.840494687107227634e-01
1.650273825057226250e+15,3.810900919621024174e-01
1.650273825059116750e+15,3.781311065101565783e-01
1.650273825061007500e+15,3.751717297615363433e-01
1.650273825062898250e+15,3.742913122440967855e-01
1.650273825064788750e+15,3.742913122440968410e-01
1.650273825066679500e+15,3.742913122440969520e-01
1.650273825068570000e+15,3.742913122440970630e-01
1.650273825070460750e+15,3.742913122440971740e-01
1.650273825072351250e+15,3.742913122440972296e-01
1.650273825074242000e+15,3.742913122440973406e-01
1.650273825076132500e+15,3.742913122440973961e-01
1.650273825078023250e+15,3.742913122440975626e-01
1.650273825079914000e+15,3.742913122440976181e-01
1.650273825081804500e+15,3.742913122440976181e-01
1.650273825083695250e+15,3.742913122440976181e-01
1.650273825085585750e+15,3.742913122440976181e-01
1.650273825087476500e+15,3.742913122440976181e-01
1.650273825089367000e+15,3.742913122440976181e-01
1.650273825091257750e+15,3.742913122440976181e-01
1.650273825093148500e+15,3.742913122440976181e-01
1.650273825095039000e+15,3.742913122440976181e-01
1.650273825096929750e+15,3.742913122440976181e-01
1.650273825098820250e+15,3.742913122440976181e-01
1.650273825100711000e+15,3.742913122440976181e-01
1.650273825102601500e+15,3.737052476499885811e-01
1.650273825104492250e+15,3.725954813692557988e-01
1.650273825106382750e+15,3.714858618247759425e-01
1.650273825108273500e+15,3.703760955440432157e-01
1.650273825110164250e+15,3.692663292633104888e-01
1.650273825112054750e+15,3.681567097188306326e-01
1.650273825113945500e+15,3.681553890925542971e-01
1.650273825115836000e+15,3.681553890925541306e-01
1.650273825117726750e+15,3.681553890925539640e-01
1.650273825119617250e+15,3.681553890925537975e-01
1.650273825121508000e+15,3.681553890925536310e-01
1.650273825123398750e+15,3.681553890925535200e-01
1.650273825125289250e+15,3.681553890925532979e-01
1.650273825127180000e+15,3.681553890925531314e-01
1.650273825129070500e+15,3.681553890925530204e-01
1.650273825130961250e+15,3.681553890925528538e-01
1.650273825132851750e+15,3.681553890925526318e-01
1.650273825134742500e+15,3.678760842927998875e-01
1.650273825136633000e+15,3.674391577525163988e-01
1.650273825138523750e+15,3.670021734330025653e-01
1.650273825140414500e+15,3.665651891134886764e-01
1.650273825142305000e+15,3.661282625732051876e-01
1.650273825144195750e+15,3.656912782536913542e-01
1.650273825146086250e+15,3.652543517134079210e-01
1.650273825147977000e+15,3.648173673938940320e-01
1.650273825149867500e+15,3.643804408536105433e-01
1.650273825151758250e+15,3.639434565340967098e-01
1.650273825153649000e+15,3.635064722145828764e-01
1.650273825155539500e+15,3.630695456742993876e-01
1.650273825157430250e+15,3.626325613547854987e-01
1.650273825159320750e+15,3.621956348145020099e-01
1.650273825161211500e+15,3.628916651193118681e-01
1.650273825163102000e+15,3.643528016249156787e-01
1.650273825164992750e+15,3.658141313514274851e-01
1.650273825166883250e+15,3.672752678570312956e-01
1.650273825168774000e+15,3.681553890925544081e-01
1.650273825170664750e+15,3.681553890925544081e-01
1.650273825172555250e+15,3.681553890925544081e-01
1.650273825174446000e+15,3.681553890925544081e-01
1.650273825176336500e+15,3.681553890925544081e-01
1.650273825178227250e+15,3.681553890925544081e-01
1.650273825180117750e+15,3.681553890925544081e-01
1.650273825182008500e+15,3.681553890925544636e-01
1.650273825183899250e+15,3.677060878961408985e-01
1.650273825185789750e+15,3.671510126392746320e-01
1.650273825187680500e+15,3.665958639791740969e-01
1.650273825189571000e+15,3.660407887223077750e-01
1.650273825191461750e+15,3.654856400622072954e-01
1.650273825193352250e+15,3.649305648053409734e-01
1.650273825195243000e+15,3.643754161452404383e-01
1.650273825197133500e+15,3.638203408883741163e-01
1.650273825199024250e+15,3.632651922282736368e-01
1.650273825200915000e+15,3.627100435681731017e-01
1.650273825202805500e+15,3.621549683113067797e-01
1.650273825204696250e+15,3.627008776087923270e-01
1.650273825206586750e+15,3.636021956132983179e-01
1.650273825208477500e+15,3.645036328082307264e-01
1.650273825210368000e+15,3.654049508127367729e-01
1.650273825212258750e+15,3.663063880076691814e-01
1.650273825214149500e+15,3.672078252026016454e-01
1.650273825216040000e+15,3.681091432071076364e-01
1.650273825217930750e+15,3.681553890925540751e-01
1.650273825219821250e+15,3.681553890925537420e-01
1.650273825221712000e+15,3.681553890925534089e-01
1.650273825223602500e+15,3.681553890925530759e-01
1.650273825225493250e+15,3.681553890925527428e-01
1.650273825227383750e+15,3.681553890925525763e-01
1.650273825229274500e+15,3.681553890925526318e-01
1.650273825231165250e+15,3.681553890925526318e-01
1.650273825233055750e+15,3.681553890925526318e-01
1.650273825234946500e+15,3.681553890925525763e-01
1.650273825236837000e+15,3.681553890925526318e-01
1.650273825238727750e+15,3.681553890925526318e-01
1.650273825240618250e+15,3.681553890925528538e-01
1.650273825242509000e+15,3.681553890925530759e-01
1.650273825244399750e+15,3.681553890925534089e-01
1.650273825246290250e+15,3.681553890925536310e-01
1.650273825248181000e+15,3.681553890925539640e-01
1.650273825250071500e+15,3.681553890925542971e-01
1.650273825251962250e+15,3.681553890925544636e-01
1.650273825253852750e+15,3.681553890925544081e-01
1.650273825255743500e+15,3.681553890925544081e-01
1.650273825257634000e+15,3.681553890925544081e-01
1.650273825259524750e+15,3.681553890925544081e-01
1.650273825261415500e+15,3.681553890925544081e-01
1.650273825263306000e+15,3.681553890925544636e-01
1.650273825265196750e+15,3.681553890925544081e-01
1.650273825267087250e+15,3.681553890925544081e-01
1.650273825268978000e+15,3.681553890925544081e-01
1.650273825270868500e+15,3.681553890925544081e-01
1.650273825272759250e+15,3.681553890925544081e-01
1.650273825274650000e+15,3.681553890925544081e-01
1.650273825276540500e+15,3.681553890925544081e-01
1.650273825278431250e+15,3.681553890925544081e-01
1.650273825280321750e+15,3.681553890925544081e-01
1.650273825282212500e+15,3.681553890925544081e-01
1.650273825284103000e+15,3.683030795505194965e-01
1.650273825285993750e+15,3.694666034396759668e-01
1.650273825287884250e+15,3.706299734846052463e-01
1.650273825289775000e+15,3.717934973737617166e-01
1.650273825291665750e+15,3.729570212629181314e-01
1.650273825293556250e+15,3.741203913078475218e-01
1.650273825295447000e+15,3.742913122440967300e-01
1.650273825297337500e+15,3.742913122440967300e-01
1.650273825299228250e+15,3.742913122440966744e-01
1.650273825301118750e+15,3.742913122440967300e-01
1.650273825303009500e+15,3.742913122440967300e-01
1.650273825304900250e+15,3.742913122440967300e-01
1.650273825306790750e+15,3.742913122440967300e-01
1.650273825308681500e+15,3.742913122440967300e-01
1.650273825310572000e+15,3.742913122440967300e-01
1.650273825312462750e+15,3.742913122440966744e-01
1.650273825314353250e+15,3.742913122440967300e-01
1.650273825316244000e+15,3.742913122440967300e-01
1.650273825318134750e+15,3.742913122440966744e-01
1.650273825320025250e+15,3.742913122440967300e-01
1.650273825321916000e+15,3.742913122440967300e-01
1.650273825323806500e+15,3.742913122440967300e-01
1.650273825325697250e+15,3.742913122440967300e-01
1.650273825327587750e+15,3.742913122440967300e-01
1.650273825329478500e+15,3.742913122440967300e-01
1.650273825331369000e+15,3.742913122440967855e-01
1.650273825333259750e+15,3.742913122440967300e-01
1.650273825335150500e+15,3.742913122440967855e-01
1.650273825337041000e+15,3.742913122440967855e-01
1.650273825338931750e+15,3.742913122440967855e-01
1.650273825340822250e+15,3.742913122440967300e-01
1.650273825342713000e+15,3.742913122440968410e-01
1.650273825344603500e+15,3.742913122440969520e-01
1.650273825346494250e+15,3.742913122440970075e-01
1.650273825348385000e+15,3.742913122440970630e-01
1.650273825350275500e+15,3.742913122440971740e-01
1.650273825352166250e+15,3.742913122440972296e-01
1.650273825354056750e+15,3.742913122440972851e-01
1.650273825355947500e+15,3.742913122440973961e-01
1.650273825357838000e+15,3.742913122440974516e-01
1.650273825359728750e+15,3.742913122440975626e-01
1.650273825361619250e+15,3.742913122440976181e-01
1.650273825363510000e+15,3.742913122440974516e-01
1.650273825365400750e+15,3.742913122440973961e-01
1.650273825367291250e+15,3.742913122440972851e-01
1.650273825369182000e+15,3.742913122440971740e-01
1.650273825371072500e+15,3.742913122440970630e-01
1.650273825372963250e+15,3.742913122440969520e-01
1.650273825374853750e+15,3.742913122440968410e-01
1.650273825376744500e+15,3.742913122440967300e-01
1.650273825378635250e+15,3.742913122440967300e-01
1.650273825380525750e+15,3.742913122440967300e-01
1.650273825382416500e+15,3.742913122440967300e-01
1.650273825384307000e+15,3.742913122440967300e-01
1.650273825386197750e+15,3.742913122440967300e-01
1.650273825388088250e+15,3.742913122440966744e-01
1.650273825389979000e+15,3.742913122440966744e-01
1.650273825391869500e+15,3.742913122440967300e-01
1.650273825393760250e+15,3.742913122440967300e-01
1.650273825395651000e+15,3.742913122440967300e-01
1.650273825397541500e+15,3.742913122440967300e-01
1.650273825399432250e+15,3.742913122440967300e-01
1.650273825401322750e+15,3.742913122440967300e-01
1.650273825403213500e+15,3.742913122440967300e-01
1.650273825405104000e+15,3.742913122440967300e-01
1.650273825406994750e+15,3.742913122440966744e-01
1.650273825408885500e+15,3.742913122440967300e-01
1.650273825410776000e+15,3.742913122440967300e-01
1.650273825412666750e+15,3.742913122440967300e-01
1.650273825414557250e+15,3.742913122440967300e-01
1.650273825416448000e+15,3.742913122440966744e-01
1.650273825418338500e+15,3.742913122440967300e-01
1.650273825420229250e+15,3.742913122440967300e-01
1.650273825422119750e+15,3.742913122440967300e-01
1.650273825424010500e+15,3.742913122440967300e-01
1.650273825425901250e+15,3.742913122440967300e-01
1.650273825427791750e+15,3.742913122440967300e-01
1.650273825429682500e+15,3.742913122440967300e-01
1.650273825431573000e+15,3.742913122440967300e-01
1.650273825433463750e+15,3.742913122440967300e-01
1.650273825435354250e+15,3.742913122440967300e-01
1.650273825437245000e+15,3.742913122440967300e-01
1.650273825439135750e+15,3.742913122440967300e-01
1.650273825441026250e+15,3.742913122440967300e-01
1.650273825442917000e+15,3.742913122440966744e-01
1.650273825444807500e+15,3.742913122440967300e-01
1.650273825446698250e+15,3.742913122440967300e-01
1.650273825448588750e+15,3.742913122440967300e-01
1.650273825450479500e+15,3.742913122440966744e-01
1.650273825452370000e+15,3.742913122440967300e-01
1.650273825454260750e+15,3.742913122440967300e-01
1.650273825456151500e+15,3.742913122440967300e-01
1.650273825458042000e+15,3.742913122440967300e-01
1.650273825459932750e+15,3.742913122440967300e-01
1.650273825461823250e+15,3.742913122440967300e-01
1.650273825463714000e+15,3.742913122440967300e-01
1.650273825465604500e+15,3.742913122440967300e-01
1.650273825467495250e+15,3.742913122440967300e-01
1.650273825469386000e+15,3.742913122440967300e-01
1.650273825471276500e+15,3.742913122440967300e-01
1.650273825473167250e+15,3.742913122440967300e-01
1.650273825475057750e+15,3.742913122440966744e-01
1.650273825476948500e+15,3.742913122440967300e-01
1.650273825478839000e+15,3.742913122440967300e-01
1.650273825480729750e+15,3.742913122440967300e-01
1.650273825482620250e+15,3.742913122440967300e-01
1.650273825484511000e+15,3.742913122440967300e-01
1.650273825486401750e+15,3.742913122440967300e-01
1.650273825488292250e+15,3.742913122440966744e-01
1.650273825490183000e+15,3.742913122440967300e-01
1.650273825492073500e+15,3.742913122440967300e-01
1.650273825493964250e+15,3.742913122440967300e-01
1.650273825495854750e+15,3.742913122440967300e-01
1.650273825497745500e+15,3.742913122440967300e-01
1.650273825499636250e+15,3.742913122440967300e-01
1.650273825501526750e+15,3.742913122440967300e-01
1.650273825503417500e+15,3.742913122440965634e-01
1.650273825505308000e+15,3.742913122440963969e-01
1.650273825507198750e+15,3.742913122440962859e-01
1.650273825509089250e+15,3.742913122440961193e-01
1.650273825510980000e+15,3.742913122440959528e-01
1.650273825512870500e+15,3.742913122440958418e-01
1.650273825514761250e+15,3.742913122440958418e-01
1.650273825516652000e+15,3.742913122440958418e-01
1.650273825518542500e+15,3.742913122440958418e-01
1.650273825520433250e+15,3.742913122440958973e-01
1.650273825522323750e+15,3.742913122440958418e-01
1.650273825524214500e+15,3.742913122440958418e-01
1.650273825526105000e+15,3.742913122440958418e-01
1.650273825527995750e+15,3.742913122440958973e-01
1.650273825529886500e+15,3.742913122440958418e-01
1.650273825531777000e+15,3.742913122440958418e-01
1.650273825533667750e+15,3.742913122440958418e-01
1.650273825535558250e+15,3.742913122440958418e-01
1.650273825537449000e+15,3.742913122440958418e-01
1.650273825539339500e+15,3.742913122440958418e-01
1.650273825541230250e+15,3.742913122440958973e-01
1.650273825543120750e+15,3.742913122440958418e-01
1.650273825545011500e+15,3.742913122440958418e-01
1.650273825546902250e+15,3.742913122440958418e-01
1.650273825548792750e+15,3.742913122440958418e-01
1.650273825550683500e+15,3.742913122440958418e-01
1.650273825552574000e+15,3.742913122440958418e-01
1.650273825554464750e+15,3.742913122440958973e-01
1.650273825556355250e+15,3.742913122440958418e-01
1.650273825558246000e+15,3.742913122440958418e-01
1.650273825560136750e+15,3.742913122440958973e-01
1.650273825562027250e+15,3.742913122440958418e-01
1.650273825563918000e+15,3.742913122440958418e-01
1.650273825565808500e+15,3.742913122440958418e-01
1.650273825567699250e+15,3.742913122440958418e-01
1.650273825569589750e+15,3.742913122440958418e-01
1.650273825571480500e+15,3.742913122440958418e-01
1.650273825573371000e+15,3.742913122440958418e-01
1.650273825575261750e+15,3.742913122440958418e-01
1.650273825577152500e+15,3.742913122440958418e-01
1.650273825579043000e+15,3.742913122440957863e-01
1.650273825580933750e+15,3.742913122440959528e-01
1.650273825582824250e+15,3.742913122440961748e-01
1.650273825584715000e+15,3.742913122440962859e-01
1.650273825586605500e+15,3.742913122440963969e-01
1.650273825588496250e+15,3.742913122440965634e-01
1.650273825590387000e+15,3.742913122440967855e-01
1.650273825592277500e+15,3.742913122440967300e-01
1.650273825594168250e+15,3.742913122440967300e-01
1.650273825596058750e+15,3.742913122440967855e-01
1.650273825597949500e+15,3.742913122440967300e-01
1.650273825599840000e+15,3.742913122440967300e-01
1.650273825601730750e+15,3.742913122440967300e-01
1.650273825603621250e+15,3.742913122440967300e-01
1.650273825605512000e+15,3.742913122440967300e-01
1.650273825607402750e+15,3.742913122440967300e-01
1.650273825609293250e+15,3.742913122440966744e-01
1.650273825611184000e+15,3.742913122440966189e-01
1.650273825613074500e+15,3.742913122440964524e-01
1.650273825614965250e+15,3.742913122440962859e-01
1.650273825616855750e+15,3.742913122440961748e-01
1.650273825618746500e+15,3.742913122440960638e-01
1.650273825620637250e+15,3.742913122440958973e-01
1.650273825622527750e+15,3.742913122440957863e-01
1.650273825624418500e+15,3.742913122440958418e-01
1.650273825626309000e+15,3.742913122440957863e-01
1.650273825628199750e+15,3.742913122440958418e-01
1.650273825630090250e+15,3.742913122440958418e-01
1.650273825631981000e+15,3.742913122440958418e-01
1.650273825633871500e+15,3.742913122440957863e-01
1.650273825635762250e+15,3.742913122440959528e-01
1.650273825637653000e+15,3.742913122440961193e-01
1.650273825639543500e+15,3.742913122440962859e-01
1.650273825641434250e+15,3.742913122440964524e-01
1.650273825643324750e+15,3.742913122440966189e-01
1.650273825645215500e+15,3.742913122440966744e-01
1.650273825647106000e+15,3.742913122440965634e-01
1.650273825648996750e+15,3.742913122440963414e-01
1.650273825650887500e+15,3.742913122440961748e-01
1.650273825652778000e+15,3.742913122440959528e-01
1.650273825654668750e+15,3.742913122440958418e-01
1.650273825656559250e+15,3.742913122440958973e-01
1.650273825658450000e+15,3.742913122440959528e-01
1.650273825660340500e+15,3.742913122440960638e-01
1.650273825662231250e+15,3.742913122440961748e-01
1.650273825664121750e+15,3.742913122440962304e-01
1.650273825666012500e+15,3.742913122440962859e-01
1.650273825667903250e+15,3.742913122440963969e-01
1.650273825669793750e+15,3.742913122440963969e-01
1.650273825671684500e+15,3.742913122440965079e-01
1.650273825673575000e+15,3.742913122440966189e-01
1.650273825675465750e+15,3.742913122440966744e-01
1.650273825677356250e+15,3.742913122440967300e-01
1.650273825679247000e+15,3.742913122440967855e-01
1.650273825681137750e+15,3.742913122440967300e-01
1.650273825683028250e+15,3.742913122440967300e-01
1.650273825684919000e+15,3.742913122440967855e-01
1.650273825686809500e+15,3.742913122440967300e-01
1.650273825688700250e+15,3.742913122440967300e-01
1.650273825690590750e+15,3.742913122440967300e-01
1.650273825692481500e+15,3.742913122440967300e-01
1.650273825694372000e+15,3.742913122440967300e-01
1.650273825696262750e+15,3.742913122440967855e-01
1.650273825698153500e+15,3.742913122440967300e-01
1.650273825700044000e+15,3.742913122440967300e-01
1.650273825701934750e+15,3.742913122440967300e-01
1.650273825703825250e+15,3.742913122440967300e-01
1.650273825705716000e+15,3.742913122440967300e-01
1.650273825707606500e+15,3.742913122440967300e-01
1.650273825709497250e+15,3.742913122440967300e-01
1.650273825711388000e+15,3.742913122440967300e-01
1.650273825713278500e+15,3.742913122440967855e-01
1.650273825715169250e+15,3.742913122440967300e-01
1.650273825717059750e+15,3.742913122440967300e-01
1.650273825718950500e+15,3.742913122440967300e-01
1.650273825720841000e+15,3.742913122440967300e-01
1.650273825722731750e+15,3.742913122440967300e-01
1.650273825724622250e+15,3.742913122440967300e-01
1.650273825726513000e+15,3.742913122440967855e-01
1.650273825728403750e+15,3.742913122440967300e-01
1.650273825730294250e+15,3.742913122440967300e-01
1.650273825732185000e+15,3.747633451671421034e-01
1.650273825734075500e+15,3.757177603981765035e-01
1.650273825735966250e+15,3.766723018412224677e-01
1.650273825737856750e+15,3.776267170722568678e-01
1.650273825739747500e+15,3.785812585153028320e-01
1.650273825741638250e+15,3.795357999583487407e-01
1.650273825743528750e+15,3.803631160780696074e-01
1.650273825745419500e+15,3.793913036556554319e-01
1.650273825747310000e+15,3.784196197288676178e-01
1.650273825749200750e+15,3.774478073064534978e-01
1.650273825751091250e+15,3.764761233796656836e-01
1.650273825752982000e+15,3.755043109572515636e-01
1.650273825754872500e+15,3.745326270304638050e-01
1.650273825756763250e+15,3.742913122440967300e-01
1.650273825758654000e+15,3.742913122440966744e-01
1.650273825760544500e+15,3.742913122440967300e-01
1.650273825762435250e+15,3.742913122440967300e-01
1.650273825764325750e+15,3.742913122440967300e-01
1.650273825766216500e+15,3.742913122440967300e-01
1.650273825768107000e+15,3.746293491032017253e-01
1.650273825769997750e+15,3.759390687576131818e-01
1.650273825771888500e+15,3.772487884120246937e-01
1.650273825773779000e+15,3.785583348918157287e-01
1.650273825775669750e+15,3.798680545462272407e-01
1.650273825777560250e+15,3.804272353956383301e-01
1.650273825779451000e+15,3.804272353956386632e-01
1.650273825781341500e+15,3.804272353956389408e-01
1.650273825783232250e+15,3.804272353956392738e-01
1.650273825785122750e+15,3.804272353956396069e-01
1.650273825787013500e+15,3.804272353956398844e-01
1.650273825788904250e+15,3.804272353956397179e-01
1.650273825790794750e+15,3.804272353956395514e-01
1.650273825792685500e+15,3.804272353956392738e-01
1.650273825794576000e+15,3.804272353956390518e-01
1.650273825796466750e+15,3.804272353956388297e-01
1.650273825798357250e+15,3.804272353956386077e-01
1.650273825800248000e+15,3.804272353956383301e-01
1.650273825802138750e+15,3.804272353956382746e-01
1.650273825804029250e+15,3.804272353956384412e-01
1.650273825805920000e+15,3.804272353956386077e-01
1.650273825807810500e+15,3.804272353956388297e-01
1.650273825809701250e+15,3.804272353956389963e-01
1.650273825811591750e+15,3.804272353956389408e-01
1.650273825813482500e+15,3.804272353956388297e-01
1.650273825815373000e+15,3.804272353956387187e-01
1.650273825817263750e+15,3.804272353956385522e-01
1.650273825819154500e+15,3.804272353956384412e-01
1.650273825821045000e+15,3.804272353956382746e-01
1.650273825822935750e+15,3.804272353956382191e-01
1.650273825824826250e+15,3.804272353956381636e-01
1.650273825826717000e+15,3.804272353956381636e-01
1.650273825828607500e+15,3.804272353956381636e-01
1.650273825830498250e+15,3.804272353956381636e-01
1.650273825832389000e+15,3.804272353956381081e-01
1.650273825834279500e+15,3.804272353956381636e-01
1.650273825836170250e+15,3.804272353956381636e-01
1.650273825838060750e+15,3.804272353956382191e-01
1.650273825839951500e+15,3.804272353956381636e-01
1.650273825841842000e+15,3.804272353956381636e-01
1.650273825843732750e+15,3.804272353956381081e-01
1.650273825845623250e+15,3.804272353956381636e-01
1.650273825847514000e+15,3.804272353956381081e-01
1.650273825849404750e+15,3.804272353956381081e-01
1.650273825851295250e+15,3.804272353956381636e-01
1.650273825853186000e+15,3.804272353956381081e-01
1.650273825855076500e+15,3.804272353956381081e-01
1.650273825856967250e+15,3.804272353956382191e-01
1.650273825858857750e+15,3.804272353956382191e-01
1.650273825860748500e+15,3.804272353956382191e-01
1.650273825862639250e+15,3.804272353956382191e-01
1.650273825864529750e+15,3.804272353956381636e-01
1.650273825866420500e+15,3.804272353956382191e-01
1.650273825868311000e+15,3.804272353956381636e-01
1.650273825870201750e+15,3.804272353956381636e-01
1.650273825872092250e+15,3.804272353956381081e-01
1.650273825873983000e+15,3.804272353956381636e-01
1.650273825875873500e+15,3.804272353956381636e-01
1.650273825877764250e+15,3.804272353956381636e-01
1.650273825879655000e+15,3.804272353956381636e-01
1.650273825881545500e+15,3.804272353956381636e-01
1.650273825883436250e+15,3.804272353956381636e-01
1.650273825885326750e+15,3.804272353956381636e-01
1.650273825887217500e+15,3.804272353956381636e-01
1.650273825889108000e+15,3.804272353956381636e-01
1.650273825890998750e+15,3.804272353956381636e-01
1.650273825892889500e+15,3.804272353956381636e-01
1.650273825894780000e+15,3.804272353956381081e-01
1.650273825896670750e+15,3.804272353956378860e-01
1.650273825898561250e+15,3.804272353956377195e-01
1.650273825900452000e+15,3.804272353956376085e-01
1.650273825902342500e+15,3.804272353956374420e-01
1.650273825904233250e+15,3.804272353956372754e-01
1.650273825906123750e+15,3.804272353956373309e-01
1.650273825908014500e+15,3.804272353956373864e-01
1.650273825909905250e+15,3.804272353956374975e-01
1.650273825911795750e+15,3.804272353956376085e-01
1.650273825913686500e+15,3.804272353956376640e-01
1.650273825915577000e+15,3.804272353956377750e-01
1.650273825917467750e+15,3.804272353956378305e-01
1.650273825919358250e+15,3.804272353956379416e-01
1.650273825921249000e+15,3.804272353956380526e-01
1.650273825923139750e+15,3.804272353956381636e-01
1.650273825925030250e+15,3.804272353956381636e-01
1.650273825926921000e+15,3.804272353956381636e-01
1.650273825928811500e+15,3.804272353956381636e-01
1.650273825930702250e+15,3.804272353956381636e-01
1.650273825932592750e+15,3.804272353956381636e-01
1.650273825934483500e+15,3.804272353956381636e-01
1.650273825936374000e+15,3.804272353956381081e-01
1.650273825938264750e+15,3.804272353956379416e-01
1.650273825940155500e+15,3.804272353956377750e-01
1.650273825942046000e+15,3.804272353956376085e-01
1.650273825943936750e+15,3.804272353956374975e-01
1.650273825945827250e+15,3.804272353956372754e-01
1.650273825947718000e+15,3.804272353956374975e-01
1.650273825949608500e+15,3.804272353956378305e-01
1.650273825951499250e+15,3.804272353956380526e-01
1.650273825953390000e+15,3.804272353956382746e-01
1.650273825955280500e+15,3.804272353956386077e-01
1.650273825957171250e+15,3.804272353956388297e-01
1.650273825959061750e+15,3.803530482329564588e-01
1.650273825960952500e+15,3.798171575821744916e-01
1.650273825962843000e+15,3.792813377882814363e-01
1.650273825964733750e+15,3.787454471374994691e-01
1.650273825966624250e+15,3.782096273436064138e-01
1.650273825968515000e+15,3.776737366928244466e-01
1.650273825970405750e+15,3.771378460420425349e-01
1.650273825972296250e+15,3.766020262481494241e-01
1.650273825974187000e+15,3.760661355973674569e-01
1.650273825976077500e+15,3.755303158034744015e-01
1.650273825977968250e+15,3.749944251526924344e-01
1.650273825979858750e+15,3.744586053587994345e-01
1.650273825981749500e+15,3.742913122440966744e-01
1.650273825983640250e+15,3.742913122440965079e-01
1.650273825985530750e+15,3.742913122440963414e-01
1.650273825987421500e+15,3.742913122440962304e-01
1.650273825989312000e+15,3.742913122440960638e-01
1.650273825991202750e+15,3.742913122440959528e-01
1.650273825993093250e+15,3.742913122440958418e-01
1.650273825994984000e+15,3.742913122440956752e-01
1.650273825996874500e+15,3.742913122440955087e-01
1.650273825998765250e+15,3.742913122440953977e-01
1.650273826000656000e+15,3.742913122440952312e-01
1.650273826002546500e+15,3.742913122440950646e-01
1.650273826004437250e+15,3.742913122440950091e-01
1.650273826006327750e+15,3.742913122440951201e-01
1.650273826008218500e+15,3.742913122440952867e-01
1.650273826010109000e+15,3.742913122440955087e-01
1.650273826011999750e+15,3.742913122440956197e-01
1.650273826013890500e+15,3.742913122440957863e-01
1.650273826015781000e+15,3.742913122440959528e-01
1.650273826017671750e+15,3.742913122440960638e-01
1.650273826019562250e+15,3.742913122440962859e-01
1.650273826021453000e+15,3.742913122440964524e-01
1.650273826023343500e+15,3.742913122440966189e-01
1.650273826025234250e+15,3.742913122440967855e-01
1.650273826027124750e+15,3.742913122440967300e-01
1.650273826029015500e+15,3.742913122440967300e-01
1.650273826030906250e+15,3.742913122440967300e-01
1.650273826032796750e+15,3.742913122440967300e-01
1.650273826034687500e+15,3.742913122440967300e-01
1.650273826036578000e+15,3.742913122440967300e-01
1.650273826038468750e+15,3.742913122440967300e-01
1.650273826040359250e+15,3.742913122440967855e-01
1.650273826042250000e+15,3.742913122440967855e-01
1.650273826044140750e+15,3.742913122440967855e-01
1.650273826046031250e+15,3.742913122440967300e-01
1.650273826047922000e+15,3.742913122440967300e-01
1.650273826049812500e+15,3.742913122440965079e-01
1.650273826051703250e+15,3.742913122440961748e-01
1.650273826053593750e+15,3.742913122440958973e-01
1.650273826055484500e+15,3.742913122440956197e-01
1.650273826057375000e+15,3.742913122440952867e-01
1.650273826059265750e+15,3.742913122440950646e-01
1.650273826061156500e+15,3.742913122440951756e-01
1.650273826063047000e+15,3.742913122440956197e-01
1.650273826064937750e+15,3.742913122440959528e-01
1.650273826066828250e+15,3.742913122440963414e-01
1.650273826068719000e+15,3.742913122440967300e-01
1.650273826070609500e+15,3.742913122440967300e-01
1.650273826072500250e+15,3.742913122440966744e-01
1.650273826074391000e+15,3.742913122440967300e-01
1.650273826076281500e+15,3.742913122440967300e-01
1.650273826078172250e+15,3.742913122440966744e-01
1.650273826080062750e+15,3.742913122440967300e-01
1.650273826081953500e+15,3.742913122440966744e-01
1.650273826083844000e+15,3.742913122440966744e-01
1.650273826085734750e+15,3.742913122440967300e-01
1.650273826087625250e+15,3.742913122440966744e-01
1.650273826089516000e+15,3.742913122440966744e-01
1.650273826091406750e+15,3.742913122440967300e-01
1.650273826093297250e+15,3.742913122440966744e-01
1.650273826095188000e+15,3.742913122440967300e-01
1.650273826097078500e+15,3.742913122440967300e-01
1.650273826098969250e+15,3.742913122440967300e-01
1.650273826100859750e+15,3.742913122440966744e-01
1.650273826102750500e+15,3.742913122440966744e-01
1.650273826104641250e+15,3.742913122440967300e-01
1.650273826106531750e+15,3.742913122440967300e-01
1.650273826108422500e+15,3.742913122440967300e-01
1.650273826110313000e+15,3.742913122440967300e-01
1.650273826112203750e+15,3.742913122440967300e-01
1.650273826114094250e+15,3.742913122440967300e-01
1.650273826115985000e+15,3.742913122440967300e-01
1.650273826117875500e+15,3.742913122440967300e-01
1.650273826119766250e+15,3.742913122440967300e-01
1.650273826121657000e+15,3.742913122440967300e-01
1.650273826123547500e+15,3.742913122440967300e-01
1.650273826125438250e+15,3.742913122440967300e-01
1.650273826127328750e+15,3.742913122440966744e-01
1.650273826129219500e+15,3.742913122440967300e-01
1.650273826131110000e+15,3.742913122440967300e-01
1.650273826133000750e+15,3.742913122440967300e-01
1.650273826134891500e+15,3.742913122440967300e-01
1.650273826136782000e+15,3.742913122440966744e-01
1.650273826138672750e+15,3.742913122440967300e-01
1.650273826140563250e+15,3.742913122440968965e-01
1.650273826142454000e+15,3.742913122440969520e-01
1.650273826144344500e+15,3.742913122440970630e-01
1.650273826146235250e+15,3.742913122440972296e-01
1.650273826148125750e+15,3.742913122440973406e-01
1.650273826150016500e+15,3.742913122440975071e-01
1.650273826151907250e+15,3.742913122440975626e-01
1.650273826153797750e+15,3.742913122440975071e-01
1.650273826155688500e+15,3.742913122440974516e-01
1.650273826157579000e+15,3.742913122440973406e-01
1.650273826159469750e+15,3.742913122440972851e-01
1.650273826161360250e+15,3.742913122440971740e-01
1.650273826163251000e+15,3.742913122440971185e-01
1.650273826165141750e+15,3.742913122440970630e-01
1.650273826167032250e+15,3.742913122440969520e-01
1.650273826168923000e+15,3.742913122440968410e-01
1.650273826170813500e+15,3.742913122440967855e-01
1.650273826172704250e+15,3.742913122440967300e-01
1.650273826174594750e+15,3.742913122440967300e-01
1.650273826176485500e+15,3.742913122440967855e-01
1.650273826178376000e+15,3.742913122440967300e-01
1.650273826180266750e+15,3.742913122440967300e-01
1.650273826182157500e+15,3.742913122440967300e-01
1.650273826184048000e+15,3.742913122440967300e-01
1.650273826185938750e+15,3.742913122440967300e-01
1.650273826187829250e+15,3.742913122440967855e-01
1.650273826189720000e+15,3.742913122440967300e-01
1.650273826191610500e+15,3.742913122440967300e-01
1.650273826193501250e+15,3.742913122440967300e-01
1.650273826195392000e+15,3.742913122440967300e-01
1.650273826197282500e+15,3.742913122440969520e-01
1.650273826199173250e+15,3.742913122440970630e-01
1.650273826201063750e+15,3.742913122440971740e-01
1.650273826202954500e+15,3.742913122440973961e-01
1.650273826204845000e+15,3.742913122440975071e-01
1.650273826206735750e+15,3.743931281117770515e-01
1.650273826208626250e+15,3.754129050540180312e-01
1.650273826210517000e+15,3.764328168517129813e-01
1.650273826212407750e+15,3.774527286494078759e-01
1.650273826214298250e+15,3.784725055916489111e-01
1.650273826216189000e+15,3.794924173893438057e-01
1.650273826218079500e+15,3.805121943315847854e-01
1.650273826219970250e+15,3.815321061292797356e-01
1.650273826221860750e+15,3.825518830715207708e-01
1.650273826223751500e+15,3.835717948692156098e-01
1.650273826225642250e+15,3.845917066669105044e-01
1.650273826227532750e+15,3.856114836091515397e-01
1.650273826229423500e+15,3.865631585471830944e-01
1.650273826231314000e+15,3.865631585471828169e-01
1.650273826233204750e+15,3.865631585471823728e-01
1.650273826235095250e+15,3.865631585471820397e-01
1.650273826236986000e+15,3.865631585471817067e-01
1.650273826238876500e+15,3.866550731854838663e-01
1.650273826240767250e+15,3.885338580759745697e-01
1.650273826242658000e+15,3.904126429664653286e-01
1.650273826244548500e+15,3.922911794390147033e-01
1.650273826246439250e+15,3.941699643295054623e-01
1.650273826248329750e+15,3.960485008020547815e-01
1.650273826250220500e+15,3.979272856925455959e-01
1.650273826252111000e+15,3.965964697796713345e-01
1.650273826254001750e+15,3.922643201535399027e-01
1.650273826255892500e+15,3.879321705274085819e-01
1.650273826257783000e+15,3.836005937096371721e-01
1.650273826259673750e+15,3.805606278962362365e-01
1.650273826261564250e+15,3.810592507778554627e-01
1.650273826263455000e+15,3.815579395974385002e-01
1.650273826265345500e+15,3.820565624790577819e-01
1.650273826267236250e+15,3.825552512986407638e-01
1.650273826269126750e+15,3.830538741802600455e-01
1.650273826271017500e+15,3.835525629998429720e-01
1.650273826272908250e+15,3.840512518194260094e-01
1.650273826274798750e+15,3.845498747010452911e-01
1.650273826276689500e+15,3.850485635206282731e-01
1.650273826278580000e+15,3.855471864022474993e-01
1.650273826280470750e+15,3.860458752218305367e-01
1.650273826282361250e+15,3.865444981034497629e-01
1.650273826284252000e+15,3.870796169542389253e-01
1.650273826286142750e+15,3.876161519724499183e-01
1.650273826288033250e+15,3.881526160485720967e-01
1.650273826289924000e+15,3.886891510667831451e-01
1.650273826291814500e+15,3.892256151429052680e-01
1.650273826293705250e+15,3.897621501611163164e-01
1.650273826295595750e+15,3.902986142372384393e-01
1.650273826297486500e+15,3.908351492554494322e-01
1.650273826299377000e+15,3.913716133315715551e-01
1.650273826301267750e+15,3.919081483497825480e-01
1.650273826303158500e+15,3.924446833679936519e-01
1.650273826305049000e+15,3.926990816987228072e-01
1.650273826306939750e+15,3.926990816987228072e-01
1.650273826308830250e+15,3.926990816987228072e-01
1.650273826310721000e+15,3.926990816987228072e-01
1.650273826312611500e+15,3.926990816987228072e-01
1.650273826314502250e+15,3.926990816987228072e-01
1.650273826316393000e+15,3.926990816987228072e-01
1.650273826318283500e+15,3.926990816987228072e-01
1.650273826320174250e+15,3.926990816987228072e-01
1.650273826322064750e+15,3.926990816987228072e-01
1.650273826323955500e+15,3.926990816987228072e-01
1.650273826325846000e+15,3.926990816987227517e-01
1.650273826327736750e+15,3.926990816987229738e-01
1.650273826329627250e+15,3.926990816987233068e-01
1.650273826331518000e+15,3.926990816987236954e-01
1.650273826333408750e+15,3.926990816987240285e-01
1.650273826335299250e+15,3.926990816987243615e-01
1.650273826337190000e+15,3.929957011562154601e-01
1.650273826339080500e+15,3.939075045454616952e-01
1.650273826340971250e+15,3.948194285117231361e-01
1.650273826342861750e+15,3.957312319009694268e-01
1.650273826344752500e+15,3.966431558672309232e-01
1.650273826346643250e+15,3.975550798334924196e-01
1.650273826348533750e+15,3.984668832227386548e-01
1.650273826350424500e+15,3.983025857835156280e-01
1.650273826352315000e+15,3.974098689358941394e-01
1.650273826354205750e+15,3.965170340352643930e-01
1.650273826356096250e+15,3.956243171876429043e-01
1.650273826357987000e+15,3.947314822870132134e-01
1.650273826359877750e+15,3.938386473863835779e-01
1.650273826361768250e+15,3.929459305387620338e-01
1.650273826363659000e+15,3.933352756407654249e-01
1.650273826365549500e+15,3.942144603245605894e-01
1.650273826367440250e+15,3.950937612718684599e-01
1.650273826369330750e+15,3.959729459556635689e-01
1.650273826371221500e+15,3.968522469029714950e-01
1.650273826373112000e+15,3.977314315867665484e-01
1.650273826375002750e+15,3.986107325340744190e-01
1.650273826376893500e+15,3.988350048502661283e-01
1.650273826378784000e+15,3.988350048502663503e-01
1.650273826380674750e+15,3.988350048502665168e-01
1.650273826382565250e+15,3.988350048502667389e-01
1.650273826384456000e+15,3.988350048502669054e-01
1.650273826386346500e+15,3.988350048502671275e-01
1.650273826388237250e+15,3.988350048502672940e-01
1.650273826390128000e+15,3.988350048502674605e-01
1.650273826392018500e+15,3.988350048502677381e-01
1.650273826393909250e+15,3.985794089856901090e-01
1.650273826395799750e+15,3.980682172565346288e-01
1.650273826397690500e+15,3.975569579273091625e-01
1.650273826399581000e+15,3.970457661981536823e-01
1.650273826401471750e+15,3.965345068689283270e-01
1.650273826403362250e+15,3.960233151397727913e-01
1.650273826405253000e+15,3.955120558105473250e-01
1.650273826407143750e+15,3.950007964813219141e-01
1.650273826409034250e+15,3.944896047521664340e-01
1.650273826410925000e+15,3.939783454229410231e-01
1.650273826412815500e+15,3.934671536937855429e-01
1.650273826414706250e+15,3.929558943645601321e-01
1.650273826416596750e+15,3.923285830013665265e-01
1.650273826418487500e+15,3.915839426484283847e-01
1.650273826420378250e+15,3.908393022954903540e-01
1.650273826422268750e+15,3.900947604008826453e-01
1.650273826424159500e+15,3.893501200479445590e-01
1.650273826426050000e+15,3.886055781533368503e-01
1.650273826427940750e+15,3.878609378003988195e-01
1.650273826429831250e+15,3.871163959057911663e-01
1.650273826431722000e+15,3.867203654980836958e-01
1.650273826433612500e+15,3.873318875982466047e-01
1.650273826435503250e+15,3.879434905661826583e-01
1.650273826437394000e+15,3.885550935341186563e-01
1.650273826439284500e+15,3.891666156342816763e-01
1.650273826441175250e+15,3.897782186022177298e-01
1.650273826443065750e+15,3.903897407023806387e-01
1.650273826444956500e+15,3.910013436703166922e-01
1.650273826446847000e+15,3.916128657704796567e-01
1.650273826448737750e+15,3.922244687384156547e-01
1.650273826450628500e+15,3.924496994094080482e-01
1.650273826452519000e+15,3.913364592253398833e-01
1.650273826454409750e+15,3.902230718262248432e-01
1.650273826456300250e+15,3.891098316421566228e-01
1.650273826458191000e+15,3.879964442430415827e-01
1.650273826460081500e+15,3.868832040589733623e-01
1.650273826461972250e+15,3.865631585471821507e-01
1.650273826463862750e+15,3.865631585471819842e-01
1.650273826465753500e+15,3.865631585471819287e-01
1.650273826467644250e+15,3.865631585471818177e-01
1.650273826469534750e+15,3.865631585471816511e-01
1.650273826471425500e+15,3.865631585471815401e-01
1.650273826473316000e+15,3.865631585471814291e-01
1.650273826475206750e+15,3.864476523642010330e-01
1.650273826477097250e+15,3.859653454864000466e-01
1.650273826478988000e+15,3.854829748282661006e-01
1.650273826480878750e+15,3.850006041701322657e-01
1.650273826482769250e+15,3.845182972923312237e-01
1.650273826484660000e+15,3.840359266341973887e-01
1.650273826486550500e+15,3.835536197563964023e-01
1.650273826488441250e+15,3.830712490982625118e-01
1.650273826490331750e+15,3.825889422204615253e-01
1.650273826492222500e+15,3.821065715623276349e-01
1.650273826494113000e+15,3.816242646845267039e-01
1.650273826496003750e+15,3.811418940263927579e-01
1.650273826497894500e+15,3.806595233682588675e-01
1.650273826499785000e+15,3.811511073937745575e-01
1.650273826501675750e+15,3.825477002309936037e-01
1.650273826503566250e+15,3.839441084069886156e-01
1.650273826505457000e+15,3.853407012442076618e-01
1.650273826507347500e+15,3.864608642032631991e-01
1.650273826509238250e+15,3.856395774484296934e-01
1.650273826511129000e+15,3.848182906935961323e-01
1.650273826513019500e+15,3.839971125314843303e-01
1.650273826514910250e+15,3.831758257766508247e-01
1.650273826516800750e+15,3.823546476145390227e-01
1.650273826518691500e+15,3.815333608597054615e-01
1.650273826520582000e+15,3.807121826975937151e-01
1.650273826522472750e+15,3.804272353956390518e-01
1.650273826524363250e+15,3.804272353956390518e-01
1.650273826526254000e+15,3.804272353956390518e-01
1.650273826528144750e+15,3.804272353956390518e-01
1.650273826530035250e+15,3.804272353956390518e-01
1.650273826531926000e+15,3.804272353956390518e-01
1.650273826533816500e+15,3.804272353956390518e-01
1.650273826535707250e+15,3.804272353956390518e-01
1.650273826537597750e+15,3.804272353956390518e-01
1.650273826539488500e+15,3.804272353956390518e-01
1.650273826541379250e+15,3.807117543791051495e-01
1.650273826543269750e+15,3.812176402368455674e-01
1.650273826545160500e+15,3.817235929930068439e-01
1.650273826547051000e+15,3.822294788507472618e-01
1.650273826548941750e+15,3.827354316069084827e-01
1.650273826550832250e+15,3.832413174646489562e-01
1.650273826552723000e+15,3.837472702208102326e-01
1.650273826554613500e+15,3.842531560785507061e-01
1.650273826556504250e+15,3.847591088347119270e-01
1.650273826558395000e+15,3.852650615908731480e-01
1.650273826560285500e+15,3.857709474486136214e-01
1.650273826562176250e+15,3.862769002047748979e-01
1.650273826564066750e+15,3.865631585471804854e-01
1.650273826565957500e+15,3.865631585471805409e-01
1.650273826567848000e+15,3.865631585471805964e-01
1.650273826569738750e+15,3.865631585471807075e-01
1.650273826571629500e+15,3.865631585471807630e-01
1.650273826573520000e+15,3.865631585471808185e-01
1.650273826575410750e+15,3.865631585471808185e-01
1.650273826577301250e+15,3.865631585471809295e-01
1.650273826579192000e+15,3.865631585471809850e-01
1.650273826581082500e+15,3.865631585471810405e-01
1.650273826582973250e+15,3.865631585471810960e-01
1.650273826584863750e+15,3.865631585471811515e-01
1.650273826586754500e+15,3.865631585471812071e-01
1.650273826588645250e+15,3.865631585471812626e-01
1.650273826590535750e+15,3.865631585471813181e-01
1.650273826592426500e+15,3.865631585471813736e-01
1.650273826594317000e+15,3.865631585471813181e-01
1.650273826596207750e+15,3.865631585471813736e-01
1.650273826598098250e+15,3.865631585471813736e-01
1.650273826599989000e+15,3.865631585471813736e-01
1.650273826601879750e+15,3.865631585471813736e-01
1.650273826603770250e+15,3.865446757646777698e-01
1.650273826605661000e+15,3.858627963301662911e-01
1.650273826607551500e+15,3.851810070555694576e-01
1.650273826609442250e+15,3.844991276210578679e-01
1.650273826611332750e+15,3.838173383464610344e-01
1.650273826613223500e+15,3.831354589119495557e-01
1.650273826615114000e+15,3.824536696373527223e-01
1.650273826617004750e+15,3.817717902028412436e-01
1.650273826618895500e+15,3.810899107683297649e-01
1.650273826620786000e+15,3.804272353956390518e-01
1.650273826622676750e+15,3.804272353956390518e-01
1.650273826624567250e+15,3.804272353956390518e-01
1.650273826626458000e+15,3.804272353956390518e-01
1.650273826628348500e+15,3.804272353956390518e-01
1.650273826630239250e+15,3.804272353956390518e-01
1.650273826632130000e+15,3.804272353956391073e-01
1.650273826634020500e+15,3.804272353956390518e-01
1.650273826635911250e+15,3.804272353956390518e-01
1.650273826637801750e+15,3.800904162317423896e-01
1.650273826639692500e+15,3.795102833835186096e-01
1.650273826641583000e+15,3.789302272420049800e-01
1.650273826643473750e+15,3.783500943937812000e-01
1.650273826645364250e+15,3.777700382522675149e-01
1.650273826647255000e+15,3.771899054040437349e-01
1.650273826649145750e+15,3.766097725558200104e-01
1.650273826651036250e+15,3.760297164143063253e-01
1.650273826652927000e+15,3.754495835660826009e-01
1.650273826654817500e+15,3.748695274245688602e-01
1.650273826656708250e+15,3.742944628783143601e-01
1.650273826658598750e+15,3.752474667164667488e-01
1.650273826660489500e+15,3.762005965799878338e-01
1.650273826662380250e+15,3.771537264435089742e-01
1.650273826664270750e+15,3.781067302816613074e-01
1.650273826666161500e+15,3.790598601451824479e-01
1.650273826668052000e+15,3.800128639833347810e-01
1.650273826669942750e+15,3.807713848508061938e-01
1.650273826671833250e+15,3.813801469981685233e-01
1.650273826673724000e+15,3.819889896483273928e-01
1.650273826675614500e+15,3.825977517956896667e-01
1.650273826677505250e+15,3.832065944458485918e-01
1.650273826679396000e+15,3.838154370960074058e-01
1.650273826681286500e+15,3.844241992433697352e-01
1.650273826683177250e+15,3.850330418935286048e-01
1.650273826685067750e+15,3.856418040408909342e-01
1.650273826686958500e+15,3.862506466910497482e-01
1.650273826688849000e+15,3.857712043805953672e-01
1.650273826690739750e+15,3.841436094453007932e-01
1.650273826692630500e+15,3.825160145100062192e-01
1.650273826694521000e+15,3.808886347796482386e-01
1.650273826696411750e+15,3.792610398443537201e-01
1.650273826698302250e+15,3.776336601139957394e-01
1.650273826700193000e+15,3.760060651787011654e-01
1.650273826702083500e+15,3.743786854483432402e-01
1.650273826703974250e+15,3.742913122440949536e-01
1.650273826705864750e+15,3.742913122440949536e-01
1.650273826707755500e+15,3.742913122440949536e-01
1.650273826709646250e+15,3.742913122440949536e-01
1.650273826711536750e+15,3.742913122440949536e-01
1.650273826713427500e+15,3.742913122440949536e-01
1.650273826715318000e+15,3.742913122440949536e-01
1.650273826717208750e+15,3.742913122440949536e-01
1.650273826719099250e+15,3.742913122440949536e-01
1.650273826720990000e+15,3.742913122440950091e-01
1.650273826722880750e+15,3.742913122440951756e-01
1.650273826724771250e+15,3.742913122440953977e-01
1.650273826726662000e+15,3.742913122440957308e-01
1.650273826728552500e+15,3.742913122440960638e-01
1.650273826730443250e+15,3.742913122440963969e-01
1.650273826732333750e+15,3.742913122440966744e-01
1.650273826734224500e+15,3.742913122440967300e-01
1.650273826736115000e+15,3.742913122440967300e-01
1.650273826738005750e+15,3.742913122440967300e-01
1.650273826739896500e+15,3.742913122440967300e-01
1.650273826741787000e+15,3.742913122440967300e-01
1.650273826743677750e+15,3.742913122440967300e-01
1.650273826745568250e+15,3.742913122440967300e-01
1.650273826747459000e+15,3.742913122440967855e-01
1.650273826749349500e+15,3.742913122440967300e-01
1.650273826751240250e+15,3.742913122440967300e-01
1.650273826753131000e+15,3.739217470128879395e-01
1.650273826755021500e+15,3.729418549096616409e-01
1.650273826756912250e+15,3.719618332253584736e-01
1.650273826758802750e+15,3.709819411221322305e-01
1.650273826760693500e+15,3.700019194378291187e-01
1.650273826762584000e+15,3.690220273346028756e-01
1.650273826764474750e+15,3.682927862866777757e-01
1.650273826766365250e+15,3.694802120946408253e-01
1.650273826768256000e+15,3.706677949279685857e-01
1.650273826770146750e+15,3.718553777612962907e-01
1.650273826772037250e+15,3.730428035692593403e-01
1.650273826773928000e+15,3.742303864025870452e-01
1.650273826775818500e+15,3.742913122440958973e-01
1.650273826777709250e+15,3.742913122440958418e-01
1.650273826779599750e+15,3.742913122440958973e-01
1.650273826781490500e+15,3.742913122440958418e-01
1.650273826783381250e+15,3.742913122440958973e-01
1.650273826785271750e+15,3.742913122440958418e-01
1.650273826787162500e+15,3.742913122440958418e-01
1.650273826789053000e+15,3.742913122440958418e-01
1.650273826790943750e+15,3.742913122440958418e-01
1.650273826792834250e+15,3.742913122440958418e-01
1.650273826794725000e+15,3.742913122440958973e-01
1.650273826796615500e+15,3.742913122440958418e-01
1.650273826798506250e+15,3.742913122440958418e-01
1.650273826800397000e+15,3.742913122440958418e-01
1.650273826802287500e+15,3.742913122440958418e-01
1.650273826804178250e+15,3.742913122440958418e-01
1.650273826806068750e+15,3.742913122440958418e-01
1.650273826807959500e+15,3.742913122440958973e-01
1.650273826809850000e+15,3.742913122440958973e-01
1.650273826811740750e+15,3.742913122440958418e-01
1.650273826813631500e+15,3.742913122440957863e-01
1.650273826815522000e+15,3.742913122440958418e-01
1.650273826817412750e+15,3.742913122440958418e-01
1.650273826819303250e+15,3.742913122440958418e-01
1.650273826821194000e+15,3.742913122440958418e-01
1.650273826823084500e+15,3.742913122440958973e-01
1.650273826824975250e+15,3.736801932147618688e-01
1.650273826826865750e+15,3.726525565459106182e-01
1.650273826828756500e+15,3.716247839822340859e-01
1.650273826830647250e+15,3.705970114185576092e-01
1.650273826832537750e+15,3.695693747497064141e-01
1.650273826834428500e+15,3.685416021860298819e-01
1.650273826836319000e+15,3.694808608213986378e-01
1.650273826838209750e+15,3.716047046106492613e-01
1.650273826840100250e+15,3.737282675796181897e-01
1.650273826841991000e+15,3.758521113688688131e-01
1.650273826843881750e+15,3.779759551581193810e-01
1.650273826845772250e+15,3.800995181270883649e-01
1.650273826847663000e+15,3.795994138364668924e-01
1.650273826849553500e+15,3.786206792163189228e-01
1.650273826851444250e+15,3.776418151681597557e-01
1.650273826853334750e+15,3.766630805480117861e-01
1.650273826855225500e+15,3.756842164998526190e-01
1.650273826857116000e+15,3.747054818797045939e-01
1.650273826859006750e+15,3.739422219990747864e-01
1.650273826860897500e+15,3.733370949023308016e-01
1.650273826862788000e+15,3.727320478171028406e-01
1.650273826864678750e+15,3.721269207203588003e-01
1.650273826866569250e+15,3.715218736351308948e-01
1.650273826868460000e+15,3.709167465383868545e-01
1.650273826870350500e+15,3.703116994531590045e-01
1.650273826872241250e+15,3.697065723564149087e-01
1.650273826874132000e+15,3.691014452596708684e-01
1.650273826876022500e+15,3.684963981744429629e-01
1.650273826877913250e+15,3.684957352802685215e-01
1.650273826879803750e+15,3.692754074618782023e-01
1.650273826881694500e+15,3.700551827474526378e-01
1.650273826883585000e+15,3.708348549290623186e-01
1.650273826885475750e+15,3.716146302146368097e-01
1.650273826887366250e+15,3.723943023962464904e-01
1.650273826889257000e+15,3.731740776818209815e-01
1.650273826891147750e+15,3.739538529673954725e-01
1.650273826893038250e+15,3.739554823426492480e-01
1.650273826894929000e+15,3.733632973240806896e-01
1.650273826896819500e+15,3.727711906057922242e-01
1.650273826898710250e+15,3.721790055872236658e-01
1.650273826900600750e+15,3.715868988689351449e-01
1.650273826902491500e+15,3.709947138503665864e-01
1.650273826904382250e+15,3.704025288317980280e-01
1.650273826906272750e+15,3.698104221135095626e-01
1.650273826908163500e+15,3.692182370949410042e-01
1.650273826910054000e+15,3.686261303766525388e-01
1.650273826911944750e+15,3.683769164856651734e-01
1.650273826913835250e+15,3.694569875022377103e-01
1.650273826915726000e+15,3.705372013475615178e-01
1.650273826917616500e+15,3.716172723641340547e-01
1.650273826919507250e+15,3.726974862094577512e-01
1.650273826921398000e+15,3.737777000547815032e-01
1.650273826923288500e+15,3.740439241583462526e-01
1.650273826925179250e+15,3.735721651839326030e-01
1.650273826927069750e+15,3.731004685867468362e-01
1.650273826928960500e+15,3.726287096123331866e-01
1.650273826930851000e+15,3.721570130151474198e-01
1.650273826932741750e+15,3.716852540407337702e-01
1.650273826934632500e+15,3.712134950663201205e-01
1.650273826936523000e+15,3.707417984691343538e-01
1.650273826938413750e+15,3.702700394947207041e-01
1.650273826940304250e+15,3.697983428975349374e-01
1.650273826942195000e+15,3.693265839231212877e-01
1.650273826944085500e+15,3.688548873259355210e-01
1.650273826945976250e+15,3.683831283515218713e-01
1.650273826947866750e+15,3.675508242856376784e-01
1.650273826949757500e+15,3.663817310525265269e-01
1.650273826951648250e+15,3.652126378194153755e-01
1.650273826953538750e+15,3.640436991669246947e-01
1.650273826955429500e+15,3.628746059338135432e-01
1.650273826957320000e+15,3.617056672813229179e-01
1.650273826959210750e+15,3.605365740482117665e-01
1.650273826961101250e+15,3.593676353957211411e-01
1.650273826962992000e+15,3.581985421626099342e-01
1.650273826964882750e+15,3.570294489294987827e-01
1.650273826966773250e+15,3.558835427894679881e-01
1.650273826968664000e+15,3.558835427894679881e-01
1.650273826970554500e+15,3.558835427894679881e-01
1.650273826972445250e+15,3.558835427894679881e-01
1.650273826974335750e+15,3.558835427894679881e-01
1.650273826976226500e+15,3.558835427894679881e-01
1.650273826978117000e+15,3.558835427894679326e-01
1.650273826980007750e+15,3.561840638811276105e-01
1.650273826981898500e+15,3.572157665666572113e-01
1.650273826983789000e+15,3.582473328377103750e-01
1.650273826985679750e+15,3.592790355232399757e-01
1.650273826987570250e+15,3.603106017942930839e-01
1.650273826989461000e+15,3.613423044798226846e-01
1.650273826991351500e+15,3.618530311075626726e-01
1.650273826993242250e+15,3.613685250854796194e-01
1.650273826995133000e+15,3.608840190633966771e-01
1.650273826997023500e+15,3.603995771039901763e-01
1.650273826998914250e+15,3.599150710819071786e-01
1.650273827000804750e+15,3.594306291225006778e-01
1.650273827002695500e+15,3.589461231004176245e-01
1.650273827004586000e+15,3.584616811410111237e-01
1.650273827006476750e+15,3.579771751189281259e-01
1.650273827008367250e+15,3.574927331595215696e-01
1.650273827010258000e+15,3.570082271374386274e-01
1.650273827012148750e+15,3.565237211153556851e-01
1.650273827014039250e+15,3.560392791559491843e-01
1.650273827015930000e+15,3.558835427894697645e-01
1.650273827017820500e+15,3.558835427894698200e-01
1.650273827019711250e+15,3.558835427894697645e-01
1.650273827021601750e+15,3.558835427894697645e-01
1.650273827023492500e+15,3.558835427894697645e-01
1.650273827025383250e+15,3.558835427894697645e-01
1.650273827027273750e+15,3.558835427894697645e-01
1.650273827029164500e+15,3.558835427894697645e-01
1.650273827031055000e+15,3.564261515225686794e-01
1.650273827032945750e+15,3.570307110170333753e-01
1.650273827034836250e+15,3.576351905750318472e-01
1.650273827036727000e+15,3.582397500694965986e-01
1.650273827038617500e+15,3.588442296274950705e-01
1.650273827040508250e+15,3.594487891219598774e-01
1.650273827042399000e+15,3.600533486164246288e-01
1.650273827044289500e+15,3.606578281744231007e-01
1.650273827046180250e+15,3.612623876688878521e-01
1.650273827048070750e+15,3.618668672268862685e-01
1.650273827049961500e+15,3.620194659410121418e-01
1.650273827051852000e+15,3.620194659410120863e-01
1.650273827053742750e+15,3.620194659410120863e-01
1.650273827055633500e+15,3.620194659410120863e-01
1.650273827057524000e+15,3.620194659410120863e-01
1.650273827059414750e+15,3.620194659410120863e-01
1.650273827061305250e+15,3.620194659410120863e-01
1.650273827063196000e+15,3.620194659410120863e-01
1.650273827065086500e+15,3.620194659410120863e-01
1.650273827066977250e+15,3.620194659410120863e-01
1.650273827068867750e+15,3.620194659410121418e-01
1.650273827070758500e+15,3.612328502053963608e-01
1.650273827072649250e+15,3.603673898026524269e-01
1.650273827074539750e+15,3.595020438333876855e-01
1.650273827076430500e+15,3.586365834306438072e-01
1.650273827078321000e+15,3.577712374613790658e-01
1.650273827080211750e+15,3.569057770586351319e-01
1.650273827082102250e+15,3.560404310893703350e-01
1.650273827083993000e+15,3.558835427894679326e-01
1.650273827085883750e+15,3.558835427894679881e-01
1.650273827087774250e+15,3.558835427894679881e-01
1.650273827089665000e+15,3.558835427894679881e-01
1.650273827091555500e+15,3.558835427894679326e-01
1.650273827093446250e+15,3.558835427894679326e-01
1.650273827095336750e+15,3.558835427894679881e-01
1.650273827097227500e+15,3.558835427894679881e-01
1.650273827099118000e+15,3.558835427894679881e-01
1.650273827101008750e+15,3.558835427894679881e-01
1.650273827102899500e+15,3.558835427894679326e-01
1.650273827104790000e+15,3.558835427894679326e-01
1.650273827106680750e+15,3.558835427894680437e-01
1.650273827108571250e+15,3.558835427894682657e-01
1.650273827110462000e+15,3.558835427894684322e-01
1.650273827112352500e+15,3.558835427894686543e-01
1.650273827114243250e+15,3.558835427894687653e-01
1.650273827116134000e+15,3.558835427894689318e-01
1.650273827118024500e+15,3.558835427894691539e-01
1.650273827119915250e+15,3.558835427894693204e-01
1.650273827121805750e+15,3.558835427894695425e-01
1.650273827123696500e+15,3.558835427894697090e-01
1.650273827125587000e+15,3.546990917119147158e-01
1.650273827127477750e+15,3.526941670253548322e-01
1.650273827129368250e+15,3.506895074352760489e-01
1.650273827131259000e+15,3.486845827487161653e-01
1.650273827133149750e+15,3.466796580621563373e-01
1.650273827135040250e+15,3.446749984720774984e-01
1.650273827136931000e+15,3.436116964863848433e-01
1.650273827138821500e+15,3.436116964863843437e-01
1.650273827140712250e+15,3.436116964863838996e-01
1.650273827142602750e+15,3.436116964863832890e-01
1.650273827144493500e+15,3.436116964863827894e-01
1.650273827146384250e+15,3.436116964863822343e-01
1.650273827148274750e+15,3.436116964863817347e-01
1.650273827150165500e+15,3.436116964863815681e-01
1.650273827152056000e+15,3.436116964863815681e-01
1.650273827153946750e+15,3.436116964863815681e-01
1.650273827155837250e+15,3.436116964863815681e-01
1.650273827157728000e+15,3.436116964863815681e-01
1.650273827159618500e+15,3.436116964863815681e-01
1.650273827161509250e+15,3.436116964863820122e-01
1.650273827163400000e+15,3.436116964863827339e-01
1.650273827165290500e+15,3.436116964863834555e-01
1.650273827167181250e+15,3.436116964863842327e-01
1.650273827169071750e+15,3.436116964863850098e-01
1.650273827170962500e+15,3.436116964863846768e-01
1.650273827172853000e+15,3.436116964863841217e-01
1.650273827174743750e+15,3.436116964863835666e-01
1.650273827176634500e+15,3.436116964863830114e-01
1.650273827178525000e+15,3.436116964863824563e-01
1.650273827180415750e+15,3.436116964863819567e-01
1.650273827182306250e+15,3.436116964863815126e-01
1.650273827184197000e+15,3.436116964863815681e-01
1.650273827186087500e+15,3.436116964863815681e-01
1.650273827187978250e+15,3.436116964863815681e-01
1.650273827189868750e+15,3.436116964863815681e-01
1.650273827191759500e+15,3.436116964863815681e-01
1.650273827193650250e+15,3.436116964863815681e-01
1.650273827195540750e+15,3.436116964863815126e-01
1.650273827197431500e+15,3.436116964863815681e-01
1.650273827199322000e+15,3.436116964863815681e-01
1.650273827201212750e+15,3.436116964863815681e-01
1.650273827203103250e+15,3.436116964863815126e-01
1.650273827204994000e+15,3.436116964863815681e-01
1.650273827206884750e+15,3.435259515242937711e-01
1.650273827208775250e+15,3.430092954260403060e-01
1.650273827210666000e+15,3.424925710051079375e-01
1.650273827212556500e+15,3.419759149068545279e-01
1.650273827214447250e+15,3.414591904859222149e-01
1.650273827216337750e+15,3.409425343876687498e-01
1.650273827218228500e+15,3.404258099667364368e-01
1.650273827220119000e+15,3.399091538684829716e-01
1.650273827222009750e+15,3.393924294475506032e-01
1.650273827223900500e+15,3.388757050266182347e-01
1.650273827225791000e+15,3.383590489283648806e-01
1.650273827227681750e+15,3.378423245074324566e-01
1.650273827229572250e+15,3.377254699926907078e-01
1.650273827231463000e+15,3.385850311321128570e-01
1.650273827233353500e+15,3.394444786180721430e-01
1.650273827235244250e+15,3.403040397574942366e-01
1.650273827237135000e+15,3.411636008969163303e-01
1.650273827239025500e+15,3.420230483828756163e-01
1.650273827240916250e+15,3.428826095222977655e-01
1.650273827242806750e+15,3.432129032035870497e-01
1.650273827244697500e+15,3.405833708602551968e-01
1.650273827246588000e+15,3.379541862006920638e-01
1.650273827248478750e+15,3.353246538573601554e-01
1.650273827250369250e+15,3.326954691977970779e-01
1.650273827252260000e+15,3.317339950365114087e-01
1.650273827254150750e+15,3.325475642299743351e-01
1.650273827256041250e+15,3.333610258511519042e-01
1.650273827257932000e+15,3.341745950446147195e-01
1.650273827259822500e+15,3.349880566657923442e-01
1.650273827261713250e+15,3.358016258592552150e-01
1.650273827263603750e+15,3.366150874804327842e-01
1.650273827265494500e+15,3.374286566738956550e-01
1.650273827267385250e+15,3.381057585278607891e-01
1.650273827269275750e+15,3.387743828127181556e-01
1.650273827271166500e+15,3.394430955165500530e-01
1.650273827273057000e+15,3.401117198014074194e-01
1.650273827274947750e+15,3.407804325052392613e-01
1.650273827276838250e+15,3.414490567900966278e-01
1.650273827278729000e+15,3.421177694939284697e-01
1.650273827280619500e+15,3.427863937787858917e-01
1.650273827282510250e+15,3.434551064826176781e-01
1.650273827284401000e+15,3.423940979221203329e-01
1.650273827286291500e+15,3.408044086363877789e-01
1.650273827288182250e+15,3.392145091299085258e-01
1.650273827290072750e+15,3.376248198441759718e-01
1.650273827291963500e+15,3.360349203376967742e-01
1.650273827293854000e+15,3.344452310519641647e-01
1.650273827295744750e+15,3.328553315454849670e-01
1.650273827297635500e+15,3.312654320390058249e-01
1.650273827299526000e+15,3.296757427532732154e-01
1.650273827301416750e+15,3.280858432467940178e-01
1.650273827303307250e+15,3.264961539610614083e-01
1.650273827305198000e+15,3.249062544545822107e-01
1.650273827307088500e+15,3.233165651688496012e-01
1.650273827308979250e+15,3.217266656623704590e-01
1.650273827310869750e+15,3.201369763766378496e-01
1.650273827312760500e+15,3.200836897566025074e-01
1.650273827314651250e+15,3.231836220742453913e-01
1.650273827316541750e+15,3.262831445105822681e-01
1.650273827318432500e+15,3.293830768282252630e-01
1.650273827320323000e+15,3.313398501832995890e-01
1.650273827322213750e+15,3.313398501832995335e-01
1.650273827324104250e+15,3.313398501832994225e-01
1.650273827325995000e+15,3.313398501832993670e-01
1.650273827327885750e+15,3.313398501832992560e-01
1.650273827329776250e+15,3.313398501832992560e-01
1.650273827331667000e+15,3.313398501832991450e-01
1.650273827333557500e+15,3.313398501832990894e-01
1.650273827335448250e+15,3.313398501832990339e-01
1.650273827337338750e+15,3.313398501832989229e-01
1.650273827339229500e+15,3.313398501832988674e-01
1.650273827341120000e+15,3.313398501832988119e-01
1.650273827343010750e+15,3.313287343804879326e-01
1.650273827344901500e+15,3.302645721443128735e-01
1.650273827346792000e+15,3.292005506145024851e-01
1.650273827348682750e+15,3.281363883783274815e-01
1.650273827350573250e+15,3.270723668485171487e-01
1.650273827352464000e+15,3.260082046123420896e-01
1.650273827354354500e+15,3.250762624298693670e-01
1.650273827356245250e+15,3.245532248437019707e-01
1.650273827358136000e+15,3.240301872575346298e-01
1.650273827360026500e+15,3.235072188287897443e-01
1.650273827361917250e+15,3.229841812426223480e-01
1.650273827363807750e+15,3.224612128138774070e-01
1.650273827365698500e+15,3.219381752277100661e-01
1.650273827367589000e+15,3.214152067989651251e-01
1.650273827369479750e+15,3.208921692127977288e-01
1.650273827371370250e+15,3.203692007840528433e-01
1.650273827373261000e+15,3.198461631978854469e-01
1.650273827375151750e+15,3.193231256117181061e-01
1.650273827377042250e+15,3.181420929332045011e-01
1.650273827378933000e+15,3.163340205107345593e-01
1.650273827380823500e+15,3.145261871564151157e-01
1.650273827382714250e+15,3.127181147339450629e-01
1.650273827384604750e+15,3.109102813796256748e-01
1.650273827386495500e+15,3.091022089571556775e-01
1.650273827388386250e+15,3.072941365346856801e-01
1.650273827390276750e+15,3.075078155565379445e-01
1.650273827392167500e+15,3.084901607469510698e-01
1.650273827394058000e+15,3.094723760490670772e-01
1.650273827395948750e+15,3.104547212394802025e-01
1.650273827397839250e+15,3.114369365415962654e-01
1.650273827399730000e+15,3.124192817320093907e-01
1.650273827401620500e+15,3.138698017312789301e-01
1.650273827403511250e+15,3.158321658548884359e-01
1.650273827405402000e+15,3.177945299784979971e-01
1.650273827407292500e+15,3.197566346330973919e-01
1.650273827409183250e+15,3.217189987567068421e-01
1.650273827411073750e+15,3.236811034113062924e-01
1.650273827412964500e+15,3.244463283569230527e-01
1.650273827414855000e+15,3.210644150280624887e-01
1.650273827416745750e+15,3.176820544744825003e-01
1.650273827418636500e+15,3.142996939209024565e-01
1.650273827420527000e+15,3.138029693171545120e-01
1.650273827422417750e+15,3.152653428506140831e-01
1.650273827424308250e+15,3.167275230251507812e-01
1.650273827426199000e+15,3.181898965586103523e-01
1.650273827428089500e+15,3.196520767331471058e-01
1.650273827429980250e+15,3.211144502666066769e-01
1.650273827431871000e+15,3.225768238000662480e-01
1.650273827433761500e+15,3.240390039746029460e-01
1.650273827435652250e+15,3.255013775080625171e-01
1.650273827437542750e+15,3.269635576825991596e-01
1.650273827439433500e+15,3.284259312160587307e-01
1.650273827441324000e+15,3.298881113905954843e-01
1.650273827443214750e+15,3.313015876239636670e-01
1.650273827445105250e+15,3.260408335568475424e-01
1.650273827446996000e+15,3.207793838068344061e-01
1.650273827448886750e+15,3.155179340568212698e-01
1.650273827450777250e+15,3.102571799897051452e-01
1.650273827452668000e+15,3.049957302396919534e-01
1.650273827454558500e+15,3.005732510767101240e-01
1.650273827456449250e+15,3.000786232063720194e-01
1.650273827458339750e+15,2.995840607370481301e-01
1.650273827460230500e+15,2.990894328667099700e-01
1.650273827462121250e+15,2.985948049963718653e-01
1.650273827464011750e+15,2.981002425270479206e-01
1.650273827465902500e+15,2.976056146567098715e-01
1.650273827467793000e+15,2.971110521873859267e-01
1.650273827469683750e+15,2.966164243170478221e-01
1.650273827471574250e+15,2.961218618477239328e-01
1.650273827473465000e+15,2.956272339773858282e-01
1.650273827475355500e+15,2.951326715080618834e-01
1.650273827477246250e+15,2.946380436377237788e-01
1.650273827479137000e+15,2.940901207555434160e-01
1.650273827481027500e+15,2.935263589593735123e-01
1.650273827482918250e+15,2.929625226112601566e-01
1.650273827484808750e+15,2.923987608150901973e-01
1.650273827486699500e+15,2.918349244669768972e-01
1.650273827488590000e+15,2.912711626708069934e-01
1.650273827490480750e+15,2.907073263226935822e-01
1.650273827492371500e+15,2.901434899745802820e-01
1.650273827494262000e+15,2.895797281784103228e-01
1.650273827496152750e+15,2.890158918302969671e-01
1.650273827498043250e+15,2.884521300341270078e-01
1.650273827499934000e+15,2.879574859815812182e-01
1.650273827501824500e+15,2.874717253987508769e-01
1.650273827503715250e+15,2.869859005788690798e-01
1.650273827505605750e+15,2.865001399960387385e-01
1.650273827507496500e+15,2.860143151761569413e-01
1.650273827509387250e+15,2.855284903562751442e-01
1.650273827511277750e+15,2.850427297734448029e-01
1.650273827513168500e+15,2.845569049535630057e-01
1.650273827515059000e+15,2.840711443707326644e-01
1.650273827516949750e+15,2.835853195508508673e-01
1.650273827518840250e+15,2.830995589680205260e-01
1.650273827520731000e+15,2.826137341481387288e-01
1.650273827522621750e+15,2.820015463993613691e-01
1.650273827524512250e+15,2.810229769107505660e-01
1.650273827526403000e+15,2.800442780159656531e-01
1.650273827528293500e+15,2.790657085273548499e-01
1.650273827530184250e+15,2.780870096325699370e-01
1.650273827532074750e+15,2.771084401439591338e-01
1.650273827533965500e+15,2.761297412491742209e-01
1.650273827535856000e+15,2.773080762506549002e-01
1.650273827537746750e+15,2.785160621626476818e-01
1.650273827539637500e+15,2.797240480746404634e-01
1.650273827541528000e+15,2.809318742635191213e-01
1.650273827543418750e+15,2.821398601755119029e-01
1.650273827545309250e+15,2.822524649709575728e-01
1.650273827547200000e+15,2.822524649709576838e-01
1.650273827549090500e+15,2.822524649709577949e-01
1.650273827550981250e+15,2.822524649709579614e-01
1.650273827552872000e+15,2.822524649709580724e-01
1.650273827554762500e+15,2.822524649709582389e-01
1.650273827556653250e+15,2.820264182411183485e-01
1.650273827558543750e+15,2.806310179382202064e-01
1.650273827560434500e+15,2.792354331073793050e-01
1.650273827562325000e+15,2.778400328044811074e-01
1.650273827564215750e+15,2.764444479736402061e-01
1.650273827566106250e+15,2.764966042999461027e-01
1.650273827567997000e+15,2.769934776863343662e-01
1.650273827569887750e+15,2.774903510727225742e-01
1.650273827571778250e+15,2.779871587611885131e-01
1.650273827573669000e+15,2.784840321475767766e-01
1.650273827575559500e+15,2.789808398360426600e-01
1.650273827577450250e+15,2.794777132224308680e-01
1.650273827579340750e+15,2.799745209108968069e-01
1.650273827581231500e+15,2.804713942972850149e-01
1.650273827583122250e+15,2.809682676836732229e-01
1.650273827585012750e+15,2.814650753721391618e-01
1.650273827586903500e+15,2.819619487585273698e-01
1.650273827588794000e+15,2.826741317549863464e-01
1.650273827590684750e+15,2.836897578338432035e-01
1.650273827592575250e+15,2.847052496239154129e-01
1.650273827594466000e+15,2.857208757027722146e-01
1.650273827596356500e+15,2.867363674928443684e-01
1.650273827598247250e+15,2.877519935717012811e-01
1.650273827600138000e+15,2.880430605490638674e-01
1.650273827602028500e+15,2.871183554816644223e-01
1.650273827603919250e+15,2.861935281311298596e-01
1.650273827605809750e+15,2.852688230637304145e-01
1.650273827607700500e+15,2.843439957131959073e-01
1.650273827609591000e+15,2.834192906457964622e-01
1.650273827611481750e+15,2.824944632952619550e-01
1.650273827613372500e+15,2.815696359447273922e-01
1.650273827615263000e+15,2.806449308773279472e-01
1.650273827617153750e+15,2.797201035267934399e-01
1.650273827619044250e+15,2.787953984593939949e-01
1.650273827620935000e+15,2.778705711088594876e-01
1.650273827622825500e+15,2.769458660414599871e-01
1.650273827624716250e+15,2.761789039554486402e-01
1.650273827626606750e+15,2.767827227424972114e-01
1.650273827628497500e+15,2.773866213786316259e-01
1.650273827630388250e+15,2.779905200147660960e-01
1.650273827632278750e+15,2.785943388018146671e-01
1.650273827634169500e+15,2.791982374379491372e-01
1.650273827636060000e+15,2.798020562249977639e-01
1.650273827637950750e+15,2.804059548611321784e-01
1.650273827639841250e+15,2.810097736481808051e-01
1.650273827641732000e+15,2.816136722843152196e-01
1.650273827643622750e+15,2.822175709204496341e-01
1.650273827645513250e+15,2.814934113482278066e-01
1.650273827647404000e+15,2.806876959027955754e-01
1.650273827649294500e+15,2.798820869912050924e-01
1.650273827651185250e+15,2.790763715457729166e-01
1.650273827653075750e+15,2.782707626341824336e-01
1.650273827654966500e+15,2.774650471887502023e-01
1.650273827656857000e+15,2.766594382771597749e-01
1.650273827658747750e+15,2.763069867192045059e-01
1.650273827660638500e+15,2.768908273260575204e-01
1.650273827662529000e+15,2.774745907359507657e-01
1.650273827664419750e+15,2.780584313428038357e-01
1.650273827666310250e+15,2.786421947526971366e-01
1.650273827668201000e+15,2.792260353595501510e-01
1.650273827670091500e+15,2.798097987694433963e-01
1.650273827671982250e+15,2.803936393762964663e-01
1.650273827673873000e+15,2.809774799831494807e-01
1.650273827675763500e+15,2.815612433930427816e-01
1.650273827677654250e+15,2.821450839998958515e-01
1.650273827679544750e+15,2.813904912464945118e-01
1.650273827681435500e+15,2.803340810572049202e-01
1.650273827683326000e+15,2.792778105492836893e-01
1.650273827685216750e+15,2.782214003599940977e-01
1.650273827687107250e+15,2.771651298520728668e-01
1.650273827688998000e+15,2.761084864064246025e-01
1.650273827690888750e+15,2.750205741128408654e-01
1.650273827692779250e+15,2.739328056659177113e-01
1.650273827694670000e+15,2.728448933723339742e-01
1.650273827696560500e+15,2.717571249254107091e-01
1.650273827698451250e+15,2.706692126318270275e-01
1.650273827700341750e+15,2.701740127293140725e-01
1.650273827702232500e+15,2.707010899497391820e-01
1.650273827704123250e+15,2.712281671701644026e-01
1.650273827706013750e+15,2.717551746990358730e-01
1.650273827707904500e+15,2.722822519194610935e-01
1.650273827709795000e+15,2.728092594483325639e-01
1.650273827711685750e+15,2.733363366687577845e-01
1.650273827713576250e+15,2.738633441976292549e-01
1.650273827715467000e+15,2.743904214180544754e-01
1.650273827717357500e+15,2.749174289469259458e-01
1.650273827719248250e+15,2.754445061673511663e-01
1.650273827721139000e+15,2.759715833877762758e-01
1.650273827723029500e+15,2.753333358327161307e-01
1.650273827724920250e+15,2.742528201673741228e-01
1.650273827726810750e+15,2.731724473706907963e-01
1.650273827728701500e+15,2.720919317053487885e-01
1.650273827730592000e+15,2.710115589086654619e-01
1.650273827732482750e+15,2.698924909636690184e-01
1.650273827734373500e+15,2.679717133645331817e-01
1.650273827736264000e+15,2.660511897357265010e-01
1.650273827738154750e+15,2.641304121365907198e-01
1.650273827740045250e+15,2.622098885077840391e-01
1.650273827741936000e+15,2.602891109086481469e-01
1.650273827743826500e+15,2.583685872798414662e-01
1.650273827745717250e+15,2.584158104832287028e-01
1.650273827747607750e+15,2.594926729709736701e-01
1.650273827749498500e+15,2.605696778631735322e-01
1.650273827751389250e+15,2.616466827553733943e-01
1.650273827753279750e+15,2.627235452431184171e-01
1.650273827755170500e+15,2.638005501353182791e-01
1.650273827757061000e+15,2.633235473539683458e-01
1.650273827758951750e+15,2.627800498978277721e-01
1.650273827760842250e+15,2.622366243043681711e-01
1.650273827762733000e+15,2.616931268482275419e-01
1.650273827764623750e+15,2.611496293920869682e-01
1.650273827766514250e+15,2.606062037986273672e-01
1.650273827768405000e+15,2.600627063424867380e-01
1.650273827770295500e+15,2.595192807490271369e-01
1.650273827772186250e+15,2.589757832928865633e-01
1.650273827774076750e+15,2.584323576994269067e-01
1.650273827775967500e+15,2.578888602432863331e-01
1.650273827777858000e+15,2.562673065412485740e-01
1.650273827779748750e+15,2.541110949068689506e-01
1.650273827781639500e+15,2.519548832724893828e-01
1.650273827783530000e+15,2.497989567381539433e-01
1.650273827785420750e+15,2.476427451037743754e-01
1.650273827787311250e+15,2.454868185694389637e-01
1.650273827789202000e+15,2.470548930915967556e-01
1.650273827791092500e+15,2.487109660044373172e-01
1.650273827792983250e+15,2.503672579166051348e-01
1.650273827794874000e+15,2.520235498287729525e-01
1.650273827796764500e+15,2.536796227416134863e-01
1.650273827798655250e+15,2.553359146537813040e-01
1.650273827800545750e+15,2.569919875666218378e-01
1.650273827802436500e+15,2.566734077360852684e-01
1.650273827804327000e+15,2.548483664022286876e-01
1.650273827806217750e+15,2.530230837246358333e-01
1.650273827808108250e+15,2.511980423907792526e-01
1.650273827809999000e+15,2.493727597131863427e-01
1.650273827811889750e+15,2.475474770355934606e-01
1.650273827813780250e+15,2.457224357017369076e-01
1.650273827815671000e+15,2.454369260617011161e-01
1.650273827817561500e+15,2.454369260617014770e-01
1.650273827819452250e+15,2.454369260617017545e-01
1.650273827821342750e+15,2.454369260617020876e-01
1.650273827823233500e+15,2.454369260617024207e-01
1.650273827825124250e+15,2.454369260617026705e-01
1.650273827827014750e+15,2.454369260617026427e-01
1.650273827828905500e+15,2.454369260617026427e-01
1.650273827830796000e+15,2.454369260617026705e-01
1.650273827832686750e+15,2.454369260617026427e-01
1.650273827834577250e+15,2.454369260617026705e-01
1.650273827836468000e+15,2.454369260617026427e-01
1.650273827838358500e+15,2.454369260617026427e-01
1.650273827840249250e+15,2.454369260617026427e-01
1.650273827842140000e+15,2.454369260617026427e-01
1.650273827844030500e+15,2.454369260617026149e-01
1.650273827845921250e+15,2.454369260617026705e-01
1.650273827847811750e+15,2.454369260617024762e-01
1.650273827849702500e+15,2.454369260617022541e-01
1.650273827851593000e+15,2.454369260617020321e-01
1.650273827853483750e+15,2.454369260617018100e-01
1.650273827855374500e+15,2.447007866780180896e-01
1.650273827857265000e+15,2.436207156614454417e-01
1.650273827859155750e+15,2.425405018161215231e-01
1.650273827861046250e+15,2.414604307995488197e-01
1.650273827862937000e+15,2.403802169542249012e-01
1.650273827864827500e+15,2.393001459376521978e-01
1.650273827866718250e+15,2.382199320923283348e-01
1.650273827868608750e+15,2.371398610757556313e-01
1.650273827870499500e+15,2.360596472304317406e-01
1.650273827872390250e+15,2.349794333851078498e-01
1.650273827874280750e+15,2.338993623685351464e-01
1.650273827876171500e+15,2.334788191158422288e-01
1.650273827878062000e+15,2.344583802303494280e-01
1.650273827879952750e+15,2.354380708821634527e-01
1.650273827881843250e+15,2.364176319966706796e-01
1.650273827883734000e+15,2.373973226484847321e-01
1.650273827885624750e+15,2.383770133002987845e-01
1.650273827887515250e+15,2.392749960433416534e-01
1.650273827889406000e+15,2.388165113492702607e-01
1.650273827891296500e+15,2.383580872772660675e-01
1.650273827893187250e+15,2.378996025831946748e-01
1.650273827895077750e+15,2.374411785111904816e-01
1.650273827896968500e+15,2.369826938171191166e-01
1.650273827898859000e+15,2.365242697451149234e-01
1.650273827900749750e+15,2.360657850510435585e-01
1.650273827902640500e+15,2.356073003569721935e-01
1.650273827904531000e+15,2.351488762849680003e-01
1.650273827906421750e+15,2.346903915908966631e-01
1.650273827908312250e+15,2.342319675188924144e-01
1.650273827910203000e+15,2.337734828248210495e-01
1.650273827912093500e+15,2.333150587528168840e-01
1.650273827913984250e+15,2.331650797586171664e-01
1.650273827915875000e+15,2.331650797586172497e-01
1.650273827917765500e+15,2.331650797586173329e-01
1.650273827919656250e+15,2.331650797586174162e-01
1.650273827921546750e+15,2.331650797586174717e-01
1.650273827923437500e+15,2.331650797586175550e-01
1.650273827925328000e+15,2.331650797586176105e-01
1.650273827927218750e+15,2.331650797586176938e-01
1.650273827929109250e+15,2.331650797586177770e-01
1.650273827931000000e+15,2.331650797586178325e-01
1.650273827932890750e+15,2.331650797586179436e-01
1.650273827934781250e+15,2.331650797586180268e-01
1.650273827936672000e+15,2.326174085753458798e-01
1.650273827938562500e+15,2.320428401114302541e-01
1.650273827940453250e+15,2.314681956664958740e-01
1.650273827942343750e+15,2.308936272025802761e-01
1.650273827944234500e+15,2.303189827576458959e-01
1.650273827946125250e+15,2.297443383127114602e-01
1.650273827948015750e+15,2.291697698487958623e-01
1.650273827949906500e+15,2.285951254038614822e-01
1.650273827951797000e+15,2.280205569399458843e-01
1.650273827953687750e+15,2.274459124950114763e-01
1.650273827955578250e+15,2.270291566070748446e-01
1.650273827957469000e+15,2.270291566070749278e-01
1.650273827959359500e+15,2.270291566070750389e-01
1.650273827961250250e+15,2.270291566070751776e-01
1.650273827963141000e+15,2.270291566070752887e-01
1.650273827965031500e+15,2.270291566070753997e-01
1.650273827966922250e+15,2.270291566070754830e-01
1.650273827968812750e+15,2.270291566070755940e-01
1.650273827970703500e+15,2.270291566070756495e-01
1.650273827972594000e+15,2.270291566070756772e-01
1.650273827974484750e+15,2.270291566070756772e-01
1.650273827976375500e+15,2.270291566070756772e-01
1.650273827978266000e+15,2.270291566070756772e-01
1.650273827980156750e+15,2.270291566070756772e-01
1.650273827982047250e+15,2.270291566070756495e-01
1.650273827983938000e+15,2.270291566070756772e-01
1.650273827985828500e+15,2.270291566070756772e-01
1.650273827987719250e+15,2.270291566070756772e-01
1.650273827989609750e+15,2.270291566070756772e-01
1.650273827991500500e+15,2.276951185307402592e-01
1.650273827993391250e+15,2.286274898799951216e-01
1.650273827995281750e+15,2.295597379486273570e-01
1.650273827997172500e+15,2.304921092978822195e-01
1.650273827999063000e+15,2.314243573665144549e-01
1.650273828000953750e+15,2.323567287157693728e-01
1.650273828002844250e+15,2.330487989702769713e-01
1.650273828004735000e+15,2.321737426496569556e-01
1.650273828006625750e+15,2.312986863290369122e-01
1.650273828008516250e+15,2.304237457106938225e-01
1.650273828010407000e+15,2.295486893900737790e-01
1.650273828012297500e+15,2.286737487717307449e-01
1.650273828014188250e+15,2.277986924511107014e-01
1.650273828016078750e+15,2.270291566070747891e-01
1.650273828017969500e+15,2.270291566070747891e-01
1.650273828019860000e+15,2.270291566070747891e-01
1.650273828021750750e+15,2.270291566070748168e-01
1.650273828023641500e+15,2.270291566070747891e-01
1.650273828025532000e+15,2.270291566070747891e-01
1.650273828027422750e+15,2.270291566070747891e-01
1.650273828029313250e+15,2.270291566070747891e-01
1.650273828031204000e+15,2.270291566070747891e-01
1.650273828033094500e+15,2.270291566070747891e-01
1.650273828034985250e+15,2.270291566070747891e-01
1.650273828036876000e+15,2.270291566070747891e-01
1.650273828038766500e+15,2.270291566070747891e-01
1.650273828040657250e+15,2.270291566070747613e-01
1.650273828042547750e+15,2.270291566070747891e-01
1.650273828044438500e+15,2.265745183081918357e-01
1.650273828046329000e+15,2.257205752341350791e-01
1.650273828048219750e+15,2.248665192345196684e-01
1.650273828050110250e+15,2.240125761604628840e-01
1.650273828052001000e+15,2.231585201608475288e-01
1.650273828053891750e+15,2.223044641612321459e-01
1.650273828055782250e+15,2.214505210871753615e-01
1.650273828057673000e+15,2.208932334555342436e-01
1.650273828059563500e+15,2.208932334555342436e-01
1.650273828061454250e+15,2.208932334555342158e-01
1.650273828063344750e+15,2.208932334555342436e-01
1.650273828065235500e+15,2.208932334555342436e-01
1.650273828067126250e+15,2.208932334555342158e-01
1.650273828069016750e+15,2.208932334555342436e-01
1.650273828070907500e+15,2.208932334555340216e-01
1.650273828072798000e+15,2.208932334555336052e-01
1.650273828074688750e+15,2.208932334555331889e-01
1.650273828076579250e+15,2.208932334555328003e-01
1.650273828078470000e+15,2.208932334555324117e-01
1.650273828080360500e+15,2.208932334555319676e-01
1.650273828082251250e+15,2.208619337942268890e-01
1.650273828084142000e+15,2.202996550805751408e-01
1.650273828086032500e+15,2.197374507129122023e-01
1.650273828087923250e+15,2.191751719992603986e-01
1.650273828089813750e+15,2.186129676315975157e-01
1.650273828091704500e+15,2.180506889179457397e-01
1.650273828093595000e+15,2.174884845502828012e-01
1.650273828095485750e+15,2.169262058366310253e-01
1.650273828097376500e+15,2.163639271229792771e-01
1.650273828099267000e+15,2.158017227553163386e-01
1.650273828101157750e+15,2.152394440416645904e-01
1.650273828103048250e+15,2.147573103039901177e-01
1.650273828104939000e+15,2.147573103039901177e-01
1.650273828106829500e+15,2.147573103039901454e-01
1.650273828108720250e+15,2.147573103039901454e-01
1.650273828110610750e+15,2.147573103039901177e-01
1.650273828112501500e+15,2.147573103039901454e-01
1.650273828114392250e+15,2.147573103039901177e-01
1.650273828116282750e+15,2.147573103039901177e-01
1.650273828118173500e+15,2.147573103039901454e-01
1.650273828120064000e+15,2.147573103039901454e-01
1.650273828121954750e+15,2.147573103039901454e-01
1.650273828123845250e+15,2.147573103039901177e-01
1.650273828125736000e+15,2.147573103039901177e-01
1.650273828127626750e+15,2.155964612828061289e-01
1.650273828129517250e+15,2.168699229929820504e-01
1.650273828131408000e+15,2.181435531059231492e-01
1.650273828133298500e+15,2.194170148160990708e-01
1.650273828135189250e+15,2.206906449290401417e-01
1.650273828137079750e+15,2.191212031489499501e-01
1.650273828138970500e+15,2.170136602634820111e-01
1.650273828140861000e+15,2.149063960429467568e-01
1.650273828142751750e+15,2.127988531574788178e-01
1.650273828144642500e+15,2.106913102720109066e-01
1.650273828146533000e+15,2.085840460514756245e-01
1.650273828148423750e+15,2.064765031660077410e-01
1.650273828150314250e+15,2.043692389454724312e-01
1.650273828152205000e+15,2.022616960600045477e-01
1.650273828154095500e+15,2.001544318394692379e-01
1.650273828155986250e+15,1.980468889540013544e-01
1.650273828157877000e+15,1.966690116642700326e-01
1.650273828159767500e+15,1.983102061631369650e-01
1.650273828161658250e+15,1.999516176938075096e-01
1.650273828163548750e+15,2.015928121926744976e-01
1.650273828165439500e+15,2.032342237233450422e-01
1.650273828167330000e+15,2.048754182222119746e-01
1.650273828169220750e+15,2.065168297528825470e-01
1.650273828171111250e+15,2.081580242517494794e-01
1.650273828173002000e+15,2.086213871524478514e-01
1.650273828174892750e+15,2.086213871524478236e-01
1.650273828176783250e+15,2.086213871524478236e-01
1.650273828178674000e+15,2.086213871524477959e-01
1.650273828180564500e+15,2.086213871524478514e-01
1.650273828182455250e+15,2.086213871524478236e-01
1.650273828184345750e+15,2.086213871524478514e-01
1.650273828186236500e+15,2.086213871524478514e-01
1.650273828188127250e+15,2.086213871524478236e-01
1.650273828190017750e+15,2.086213871524478236e-01
1.650273828191908500e+15,2.086213871524478514e-01
1.650273828193799000e+15,2.086213871524478236e-01
1.650273828195689750e+15,2.086213871524478236e-01
1.650273828197580250e+15,2.086213871524478236e-01
1.650273828199471000e+15,2.086213871524478514e-01
1.650273828201361500e+15,2.086213871524478236e-01
1.650273828203252250e+15,2.086213871524479069e-01
1.650273828205143000e+15,2.086213871524480734e-01
1.650273828207033500e+15,2.086213871524482677e-01
1.650273828208924250e+15,2.086213871524484897e-01
1.650273828210814750e+15,2.086213871524486840e-01
1.650273828212705500e+15,2.073575549187153810e-01
1.650273828214596000e+15,2.058739940134853841e-01
1.650273828216486750e+15,2.043902369219415538e-01
1.650273828218377500e+15,2.029064798303977235e-01
1.650273828220268000e+15,2.014229189251677543e-01
1.650273828222158750e+15,1.999391618336239518e-01
1.650273828224049250e+15,1.984556009283939271e-01
1.650273828225940000e+15,1.969718438368500968e-01
1.650273828227830500e+15,1.970835509489655968e-01
1.650273828229721250e+15,1.983480881661197071e-01
1.650273828231611750e+15,1.996124581827955491e-01
1.650273828233502500e+15,2.008769953999496594e-01
1.650273828235393250e+15,2.021415326171037141e-01
1.650273828237283750e+15,2.034059026337795839e-01
1.650273828239174500e+15,2.046704398509336942e-01
1.650273828241065000e+15,2.059348098676095362e-01
1.650273828242955750e+15,2.071993470847636187e-01
1.650273828244846250e+15,2.084637171014394608e-01
1.650273828246737000e+15,2.068641708839233373e-01
1.650273828248627750e+15,2.048566442013175226e-01
1.650273828250518250e+15,2.028493829592356024e-01
1.650273828252409000e+15,2.008418562766298154e-01
1.650273828254299500e+15,1.988345950345479507e-01
1.650273828256190250e+15,1.968270683519420805e-01
1.650273828258080750e+15,1.948198071098602158e-01
1.650273828259971500e+15,1.928122804272544011e-01
1.650273828261862000e+15,1.908050191851725363e-01
1.650273828263752750e+15,1.887974925025667217e-01
1.650273828265643500e+15,1.867899658199608792e-01
1.650273828267534000e+15,1.847827045778789867e-01
1.650273828269424750e+15,1.843660173610842112e-01
1.650273828271315250e+15,1.848103412097835130e-01
1.650273828273206000e+15,1.852547238159343856e-01
1.650273828275096500e+15,1.856990476646336596e-01
1.650273828276987250e+15,1.861434302707845323e-01
1.650273828278878000e+15,1.865878128769353772e-01
1.650273828280768500e+15,1.870321367256346790e-01
1.650273828282659250e+15,1.874765193317854961e-01
1.650273828284549750e+15,1.879208431804847979e-01
1.650273828286440500e+15,1.883652257866356705e-01
1.650273828288331000e+15,1.888095496353349723e-01
1.650273828290221750e+15,1.892539322414857894e-01
1.650273828292112250e+15,1.896982560901851189e-01
1.650273828294003000e+15,1.901426386963359638e-01
1.650273828295893750e+15,1.914740841973051333e-01
1.650273828297784250e+15,1.929739500775726757e-01
1.650273828299675000e+15,1.944740143003263477e-01
1.650273828301565500e+15,1.959738801805938901e-01
1.650273828303456250e+15,1.950864853538614441e-01
1.650273828305346750e+15,1.934016686918439143e-01
1.650273828307237500e+15,1.917166292294214536e-01
1.650273828309128250e+15,1.900315897669989651e-01
1.650273828311018750e+15,1.883467731049814353e-01
1.650273828312909500e+15,1.866617336425589746e-01
1.650273828314800000e+15,1.849769169805414448e-01
1.650273828316690750e+15,1.831483206325315582e-01
1.650273828318581250e+15,1.811557134491610377e-01
1.650273828320472000e+15,1.791628427631214437e-01
1.650273828322362500e+15,1.771702355797508954e-01
1.650273828324253250e+15,1.751773648937113292e-01
1.650273828326144000e+15,1.731844942076717075e-01
1.650273828328034500e+15,1.718058482431920886e-01
1.650273828329925250e+15,1.718058482431919498e-01
1.650273828331815750e+15,1.718058482431918388e-01
1.650273828333706500e+15,1.718058482431917278e-01
1.650273828335597000e+15,1.718058482431915612e-01
1.650273828337487750e+15,1.718058482431914502e-01
1.650273828339378500e+15,1.718058482431913392e-01
1.650273828341269000e+15,1.718058482431912559e-01
1.650273828343159750e+15,1.718058482431913669e-01
1.650273828345050250e+15,1.718058482431914780e-01
1.650273828346941000e+15,1.718058482431915612e-01
1.650273828348831500e+15,1.718058482431916723e-01
1.650273828350722250e+15,1.718058482431917833e-01
1.650273828352612750e+15,1.718058482431918943e-01
1.650273828354503500e+15,1.718058482431920053e-01
1.650273828356394250e+15,1.718058482431920886e-01
1.650273828358284750e+15,1.707538617245916157e-01
1.650273828360175500e+15,1.689791184633434307e-01
1.650273828362066000e+15,1.672046098633752920e-01
1.650273828363956750e+15,1.654298666021271069e-01
1.650273828365847250e+15,1.636553580021589682e-01
1.650273828367738000e+15,1.618806147409107554e-01
1.650273828369628750e+15,1.601058714796625704e-01
1.650273828371519250e+15,1.610042939801129003e-01
1.650273828373410000e+15,1.631740147017846088e-01
1.650273828375300500e+15,1.653434485372045626e-01
1.650273828377191250e+15,1.675131692588763266e-01
1.650273828379081750e+15,1.696826030942963082e-01
1.650273828380972500e+15,1.718058482431912282e-01
1.650273828382863000e+15,1.718058482431912282e-01
1.650273828384753750e+15,1.718058482431912282e-01
1.650273828386644500e+15,1.718058482431912282e-01
1.650273828388535000e+15,1.718058482431912282e-01
1.650273828390425750e+15,1.718058482431912282e-01
1.650273828392316250e+15,1.718058482431912282e-01
1.650273828394207000e+15,1.718058482431912282e-01
1.650273828396097500e+15,1.718058482431912282e-01
1.650273828397988250e+15,1.718058482431912004e-01
1.650273828399879000e+15,1.718058482431912004e-01
1.650273828401769500e+15,1.718058482431912282e-01
1.650273828403660250e+15,1.718058482431912004e-01
1.650273828405550750e+15,1.713580599562074813e-01
1.650273828407441500e+15,1.708231329597680315e-01
1.650273828409332000e+15,1.702882766928005553e-01
1.650273828411222750e+15,1.697533496963611055e-01
1.650273828413113250e+15,1.692184934293936571e-01
1.650273828415004000e+15,1.686835664329541795e-01
1.650273828416894750e+15,1.681486394365147574e-01
1.650273828418785250e+15,1.676137831695472813e-01
1.650273828420676000e+15,1.670788561731078037e-01
1.650273828422566500e+15,1.665439999061403276e-01
1.650273828424457250e+15,1.660090729097008777e-01
1.650273828426347750e+15,1.659974347243710624e-01
1.650273828428238500e+15,1.668926119387830198e-01
1.650273828430129250e+15,1.677877891531949495e-01
1.650273828432019750e+15,1.686828480048917500e-01
1.650273828433910500e+15,1.695780252193036797e-01
1.650273828435801000e+15,1.704730840710005080e-01
1.650273828437691750e+15,1.713682612854124376e-01
1.650273828439582250e+15,1.712933278641129431e-01
1.650273828441473000e+15,1.702904322297095208e-01
1.650273828443363500e+15,1.692876692008375983e-01
1.650273828445254250e+15,1.682847735664341760e-01
1.650273828447145000e+15,1.672818779320307536e-01
1.650273828449035500e+15,1.662791149031588034e-01
1.650273828450926250e+15,1.651751248353359458e-01
1.650273828452816750e+15,1.639148757486944830e-01
1.650273828454707500e+15,1.626544600065271129e-01
1.650273828456598000e+15,1.613942109198856223e-01
1.650273828458488750e+15,1.601337951777182522e-01
1.650273828460379500e+15,1.588733794355508822e-01
1.650273828462270000e+15,1.576131303489093916e-01
1.650273828464160750e+15,1.563527146067420492e-01
1.650273828466051250e+15,1.550924655201005586e-01
1.650273828467942000e+15,1.538320497779331886e-01
1.650273828469832500e+15,1.533980787885634578e-01
1.650273828471723250e+15,1.533980787885635688e-01
1.650273828473614000e+15,1.533980787885636798e-01
1.650273828475504500e+15,1.533980787885638186e-01
1.650273828477395250e+15,1.533980787885639574e-01
1.650273828479285750e+15,1.533980787885640684e-01
1.650273828481176500e+15,1.533980787885641794e-01
1.650273828483067000e+15,1.535514027261837833e-01
1.650273828484957750e+15,1.541121323877971405e-01
1.650273828486848250e+15,1.546727879082414325e-01
1.650273828488739000e+15,1.552335175698547898e-01
1.650273828490629750e+15,1.557942472314681470e-01
1.650273828492520250e+15,1.563549027519124390e-01
1.650273828494411000e+15,1.569156324135257963e-01
1.650273828496301500e+15,1.574762879339701160e-01
1.650273828498192250e+15,1.580370175955834178e-01
1.650273828500082750e+15,1.585976731160277375e-01
1.650273828501973500e+15,1.591584027776410948e-01
1.650273828503864250e+15,1.581628367253765655e-01
1.650273828505754750e+15,1.540103532036323497e-01
1.650273828507645500e+15,1.498573205568521916e-01
1.650273828509536000e+15,1.457048370351080036e-01
1.650273828511426750e+15,1.415518043883278732e-01
1.650273828513317250e+15,1.373993208665836574e-01
1.650273828515208000e+15,1.363365162923003693e-01
1.650273828517098500e+15,1.395418113235225022e-01
1.650273828518989250e+15,1.427475302234343379e-01
1.650273828520880000e+15,1.459532491233461737e-01
1.650273828522770500e+15,1.491585441545683066e-01
1.650273828524661250e+15,1.523642630544801424e-01
1.650273828526551750e+15,1.527610857127496002e-01
1.650273828528442500e+15,1.518207033913767379e-01
1.650273828530333000e+15,1.508804454098586212e-01
1.650273828532223750e+15,1.499400630884857311e-01
1.650273828534114500e+15,1.489996807671128964e-01
1.650273828536005000e+15,1.480594227855947520e-01
1.650273828537895750e+15,1.471156986765611574e-01
1.650273828539786250e+15,1.461534853533483225e-01
1.650273828541677000e+15,1.451911447869030924e-01
1.650273828543567500e+15,1.442289314636902298e-01
1.650273828545458250e+15,1.432665908972450275e-01
1.650273828547348750e+15,1.423043775740321926e-01
1.650273828549239500e+15,1.413420370075869625e-01
1.650273828551130250e+15,1.403796964411417325e-01
1.650273828553020750e+15,1.394174831179288976e-01
1.650273828554911500e+15,1.384551425514836676e-01
1.650273828556802000e+15,1.374929292282708604e-01
1.650273828558692750e+15,1.365305886618256304e-01
1.650273828560583250e+15,1.355683753386127677e-01
1.650273828562474000e+15,1.349903093339371585e-01
1.650273828564364750e+15,1.349903093339367977e-01
1.650273828566255250e+15,1.349903093339363813e-01
1.650273828568146000e+15,1.349903093339360205e-01
1.650273828570036500e+15,1.349903093339356319e-01
1.650273828571927250e+15,1.349903093339352711e-01
1.650273828573817750e+15,1.349903093339349103e-01
1.650273828575708500e+15,1.349903093339346605e-01
1.650273828577599000e+15,1.349903093339348548e-01
1.650273828579489750e+15,1.349903093339349935e-01
1.650273828581380500e+15,1.349903093339351323e-01
1.650273828583271000e+15,1.349903093339353266e-01
1.650273828585161750e+15,1.349903093339354931e-01
1.650273828587052250e+15,1.349903093339355209e-01
1.650273828588943000e+15,1.349903093339355209e-01
1.650273828590833500e+15,1.349903093339355209e-01
1.650273828592724250e+15,1.349903093339355209e-01
1.650273828594615000e+15,1.349903093339355209e-01
1.650273828596505500e+15,1.349903093339355209e-01
1.650273828598396250e+15,1.349903093339355209e-01
1.650273828600286750e+15,1.349903093339355209e-01
1.650273828602177500e+15,1.349903093339355209e-01
1.650273828604068000e+15,1.349903093339355209e-01
1.650273828605958750e+15,1.349903093339355209e-01
1.650273828607849250e+15,1.349903093339355209e-01
1.650273828609740000e+15,1.349903093339355209e-01
1.650273828611630750e+15,1.349903093339355209e-01
1.650273828613521250e+15,1.349903093339355487e-01
1.650273828615412000e+15,1.349903093339355209e-01
1.650273828617302500e+15,1.349903093339355209e-01
1.650273828619193250e+15,1.349903093339355209e-01
1.650273828621083750e+15,1.349903093339355209e-01
1.650273828622974500e+15,1.349903093339355209e-01
1.650273828624865250e+15,1.347603630991089096e-01
1.650273828626755750e+15,1.342532609037869751e-01
1.650273828628646500e+15,1.337460916491956253e-01
1.650273828630537000e+15,1.332389894538737185e-01
1.650273828632427750e+15,1.327318201992823687e-01
1.650273828634318250e+15,1.322247180039604342e-01
1.650273828636209000e+15,1.317175487493690844e-01
1.650273828638099500e+15,1.312104465540471776e-01
1.650273828639990250e+15,1.307032772994558278e-01
1.650273828641881000e+15,1.301961080448644781e-01
1.650273828643771500e+15,1.296890058495425713e-01
1.650273828645662250e+15,1.291818365949512215e-01
1.650273828647552750e+15,1.288543861823940873e-01
1.650273828649443500e+15,1.288543861823940873e-01
1.650273828651334000e+15,1.288543861823940873e-01
1.650273828653224750e+15,1.288543861823940873e-01
1.650273828655115500e+15,1.288543861823940873e-01
1.650273828657006000e+15,1.288543861823940873e-01
1.650273828658896750e+15,1.288543861823939485e-01
1.650273828660787250e+15,1.288543861823938375e-01
1.650273828662678000e+15,1.288543861823936987e-01
1.650273828664568500e+15,1.288543861823935599e-01
1.650273828666459250e+15,1.288543861823934489e-01
1.650273828668349750e+15,1.288543861823933101e-01
1.650273828670240500e+15,1.288543861823931713e-01
1.650273828672131250e+15,1.288543861823930325e-01
1.650273828674021750e+15,1.288543861823928938e-01
1.650273828675912500e+15,1.288543861823927550e-01
1.650273828677803000e+15,1.288543861823926162e-01
1.650273828679693750e+15,1.288543861823924774e-01
1.650273828681584250e+15,1.288543861823923664e-01
1.650273828683475000e+15,1.291844549879548887e-01
1.650273828685365750e+15,1.297133343050035914e-01
1.650273828687256250e+15,1.302421436922206188e-01
1.650273828689147000e+15,1.307710230092693215e-01
1.650273828691037500e+15,1.312998323964863490e-01
1.650273828692928250e+15,1.318287117135350239e-01
1.650273828694818750e+15,1.323575211007520513e-01
1.650273828696709500e+15,1.328864004178007541e-01
1.650273828698600000e+15,1.334152098050177815e-01
1.650273828700490750e+15,1.339440891220664565e-01
1.650273828702381500e+15,1.344729684391151869e-01
1.650273828704272000e+15,1.349469272250868879e-01
1.650273828706162750e+15,1.329463242420244606e-01
1.650273828708053250e+15,1.309459857840159502e-01
1.650273828709944000e+15,1.289453828009535230e-01
1.650273828711834500e+15,1.269450443429450404e-01
1.650273828713725250e+15,1.249444413598826131e-01
1.650273828715616000e+15,1.229438383768201859e-01
1.650273828717506500e+15,1.209434999188117033e-01
1.650273828719397250e+15,1.189428969357492621e-01
1.650273828721287750e+15,1.169425584777407934e-01
1.650273828723178500e+15,1.149419554946783384e-01
1.650273828725069000e+15,1.129416170366698557e-01
1.650273828726959750e+15,1.109410140536074285e-01
1.650273828728850250e+15,1.095948706412118723e-01
1.650273828730741000e+15,1.084633484819630123e-01
1.650273828732631750e+15,1.073318263227141522e-01
1.650273828734522250e+15,1.062004537763383827e-01
1.650273828736413000e+15,1.050689316170895088e-01
1.650273828738303500e+15,1.049326653019565514e-01
1.650273828740194250e+15,1.068187808439463871e-01
1.650273828742084750e+15,1.087046469987165975e-01
1.650273828743975500e+15,1.105907625407064332e-01
1.650273828745866250e+15,1.124768780826962689e-01
1.650273828747756750e+15,1.143627442374664932e-01
1.650273828749647500e+15,1.162488597794563289e-01
1.650273828751538000e+15,1.156907505626824373e-01
1.650273828753428750e+15,1.146071061858117135e-01
1.650273828755319250e+15,1.135236050912862282e-01
1.650273828757210000e+15,1.124399607144155322e-01
1.650273828759100500e+15,1.113564596198900469e-01
1.650273828760991250e+15,1.102728152430193231e-01
1.650273828762882000e+15,1.091891708661486132e-01
1.650273828764772500e+15,1.081056697716231280e-01
1.650273828766663250e+15,1.070220253947524319e-01
1.650273828768553750e+15,1.059385243002269189e-01
1.650273828770444500e+15,1.048548799233562229e-01
1.650273828772335000e+15,1.038959016447878608e-01
1.650273828774225750e+15,1.030624607899904288e-01
1.650273828776116500e+15,1.022290199351929829e-01
1.650273828778007000e+15,1.013956892801647913e-01
1.650273828779897750e+15,1.005622484253673593e-01
1.650273828781788250e+15,9.972891777033916771e-02
1.650273828783679000e+15,9.889547691554172182e-02
1.650273828785569500e+15,9.810310939413721676e-02
1.650273828787460250e+15,9.757280374442389714e-02
1.650273828789350750e+15,9.704256821313575476e-02
1.650273828791241500e+15,9.651226256342240739e-02
1.650273828793132250e+15,9.598195691370908778e-02
1.650273828795022750e+15,9.545172138242093152e-02
1.650273828796913500e+15,9.492141573270759802e-02
1.650273828798804000e+15,9.439118020141945564e-02
1.650273828800694750e+15,9.386087455170610827e-02
1.650273828802585250e+15,9.333063902041796589e-02
1.650273828804476000e+15,9.280033337070463240e-02
1.650273828806366750e+15,9.227002772099129890e-02
1.650273828808257250e+15,9.203884727313919878e-02
1.650273828810148000e+15,9.203884727313907388e-02
1.650273828812038500e+15,9.203884727313893510e-02
1.650273828813929250e+15,9.203884727313881020e-02
1.650273828815819750e+15,9.203884727313867142e-02
1.650273828817710500e+15,9.203884727313854652e-02
1.650273828819601000e+15,9.203884727313840775e-02
1.650273828821491750e+15,9.203884727313826897e-02
1.650273828823382500e+15,9.203884727313814407e-02
1.650273828825273000e+15,9.203884727313800529e-02
1.650273828827163750e+15,9.203884727313788039e-02
1.650273828829054250e+15,9.203884727313775549e-02
1.650273828830945000e+15,9.203884727313761671e-02
1.650273828832835500e+15,9.192534462820640961e-02
1.650273828834726250e+15,9.038695662889871529e-02
1.650273828836617000e+15,8.884856862959100710e-02
1.650273828838507500e+15,8.731038404004123898e-02
1.650273828840398250e+15,8.577199604073351691e-02
1.650273828842288750e+15,8.423381145118374880e-02
1.650273828844179500e+15,8.269542345187605448e-02
1.650273828846070000e+15,8.115723886232628637e-02
1.650273828847960750e+15,7.961885086301856429e-02
1.650273828849851250e+15,7.808066627346879618e-02
1.650273828851742000e+15,7.654227827416108798e-02
1.650273828853632750e+15,7.500389027485337978e-02
1.650273828855523250e+15,7.379133564176214299e-02
1.650273828857414000e+15,7.528214734810738384e-02
1.650273828859304500e+15,7.677276193535884086e-02
1.650273828861195250e+15,7.826357364170406783e-02
1.650273828863085750e+15,7.975418822895551096e-02
1.650273828864976500e+15,8.193116076951904858e-02
1.650273828866867250e+15,8.411408162352938811e-02
1.650273828868757750e+15,8.629671384593137762e-02
1.650273828870648500e+15,8.847963469994173102e-02
1.650273828872539000e+15,9.066226692234372053e-02
1.650273828874429750e+15,9.284518777635406006e-02
1.650273828876320250e+15,9.502781999875603569e-02
1.650273828878211000e+15,9.721074085276638910e-02
1.650273828880101500e+15,9.616936188266164698e-02
1.650273828881992250e+15,9.257701114763161598e-02
1.650273828883883000e+15,8.898466041260158499e-02
1.650273828885773500e+15,8.539278466775204746e-02
1.650273828887664250e+15,8.180043393272200258e-02
1.650273828889554750e+15,7.820855818787246505e-02
1.650273828891445500e+15,7.461620745284244793e-02
1.650273828893336000e+15,7.102433170799289652e-02
1.650273828895226750e+15,6.743198097296286553e-02
1.650273828897117500e+15,6.383963023793283453e-02
1.650273828899008000e+15,6.112426947813683759e-02
1.650273828900898750e+15,6.036486012428625425e-02
1.650273828902789250e+15,5.960555118156272980e-02
1.650273828904680000e+15,5.884614182771213953e-02
1.650273828906570500e+15,5.808683288498861508e-02
1.650273828908461250e+15,5.732742353113803868e-02
1.650273828910351750e+15,5.656811458841450035e-02
1.650273828912242500e+15,5.580870523456391702e-02
1.650273828914133250e+15,5.536793535400497124e-02
1.650273828916023750e+15,5.599901977367686273e-02
1.650273828917914500e+15,5.663018764804588628e-02
1.650273828919805000e+15,5.726127206771777778e-02
1.650273828921695750e+15,5.789243994208680133e-02
1.650273828923586250e+15,5.852352436175869282e-02
1.650273828925477000e+15,5.915469223612771638e-02
1.650273828927367750e+15,5.978586011049673299e-02
1.650273828929258250e+15,6.041694453016863142e-02
1.650273828931149000e+15,6.104811240453765497e-02
1.650273828933039500e+15,5.989985624476749232e-02
1.650273828934930250e+15,5.702107294482242072e-02
1.650273828936820750e+15,5.414267028527136594e-02
1.650273828938711500e+15,5.126388698532628740e-02
1.650273828940602000e+15,4.838548432577522568e-02
1.650273828942492750e+15,4.550670102583016102e-02
1.650273828944383500e+15,4.307055450905234589e-02
1.650273828946274000e+15,4.413005697221988877e-02
1.650273828948164750e+15,4.518969954415009288e-02
1.650273828950055250e+15,4.624920200731764269e-02
1.650273828951946000e+15,4.730884457924784681e-02
1.650273828953836500e+15,4.836834704241539662e-02
1.650273828955727250e+15,4.942798961434559379e-02
1.650273828957618000e+15,5.048763218627580485e-02
1.650273828959508500e+15,5.154713464944334772e-02
1.650273828961399250e+15,5.260677722137354489e-02
1.650273828963289750e+15,5.366627968454109471e-02
1.650273828965180500e+15,5.472592225647129882e-02
1.650273828967071000e+15,5.522330836388267272e-02
1.650273828968961750e+15,5.522330836388267272e-02
1.650273828970852250e+15,5.522330836388267272e-02
1.650273828972743000e+15,5.522330836388267272e-02
1.650273828974633750e+15,5.522330836388267272e-02
1.650273828976524250e+15,5.522330836388267272e-02
1.650273828978415000e+15,5.522330836388267272e-02
1.650273828980305500e+15,5.522330836388267272e-02
1.650273828982196250e+15,5.522330836388267272e-02
1.650273828984086750e+15,5.522330836388266578e-02
1.650273828985977500e+15,5.424963185918901809e-02
1.650273828987868250e+15,5.234681134110165390e-02
1.650273828989758750e+15,5.044424241901033362e-02
1.650273828991649500e+15,4.837275697925496470e-02
1.650273828993540000e+15,4.588242578174729636e-02
1.650273828995430750e+15,4.339176526247321558e-02
1.650273828997321250e+15,4.090143406496554029e-02
1.650273828999212000e+15,3.841077354569145952e-02
1.650273829001102500e+15,3.592044234818378423e-02
1.650273829002993250e+15,3.342978182890970346e-02
1.650273829004884000e+15,3.093912130963562962e-02
1.650273829006774500e+15,3.114046309925744271e-02
1.650273829008665250e+15,3.165498752265538673e-02
1.650273829010555750e+15,3.216944391426392047e-02
1.650273829012446500e+15,3.268396833766186449e-02
1.650273829014337000e+15,3.319842472927039823e-02
1.650273829016227750e+15,3.371294915266834225e-02
1.650273829018118500e+15,3.422747357606629320e-02
1.650273829020009000e+15,3.474192996767482000e-02
1.650273829021899750e+15,3.525645439107276402e-02
1.650273829023790250e+15,3.577091078268129776e-02
1.650273829025681000e+15,3.628543520607924872e-02
1.650273829027571500e+15,3.679989159768776857e-02
1.650273829029462250e+15,4.101751168384056012e-02
1.650273829031352750e+15,4.535070657289244633e-02
1.650273829033243500e+15,4.968447448427823487e-02
1.650273829035134250e+15,5.401824239566403035e-02
1.650273829037024750e+15,5.369213244121616435e-02
1.650273829038915500e+15,5.157081287661943736e-02
1.650273829040806000e+15,4.944977379854454541e-02
1.650273829042696750e+15,4.732845423394782536e-02
1.650273829044587250e+15,4.520741515587292647e-02
1.650273829046478000e+15,4.308609559127619948e-02
1.650273829048368750e+15,4.295146206079802909e-02
1.650273829050259250e+15,4.295146206079802909e-02
1.650273829052150000e+15,4.295146206079802909e-02
1.650273829054040500e+15,4.295146206079802909e-02
1.650273829055931250e+15,4.295146206079802909e-02
1.650273829057821750e+15,4.295146206079802909e-02
1.650273829059712500e+15,4.295146206079802215e-02
1.650273829061603000e+15,4.313980068359269532e-02
1.650273829063493750e+15,4.358052005370287307e-02
1.650273829065384500e+15,4.402123942381305777e-02
1.650273829067275000e+15,4.446190052083449917e-02
1.650273829069165750e+15,4.490261989094467693e-02
1.650273829071056250e+15,4.534328098796612527e-02
1.650273829072947000e+15,4.578400035807630303e-02
1.650273829074837500e+15,4.622466145509774443e-02
1.650273829076728250e+15,4.666538082520792913e-02
1.650273829078619000e+15,4.710610019531810688e-02
1.650273829080509500e+15,4.754676129233954829e-02
1.650273829082400250e+15,4.798748066244973298e-02
1.650273829084290750e+15,4.842814175947117439e-02
1.650273829086181500e+15,4.886886112958135214e-02
1.650273829088072000e+15,4.806132190940728965e-02
1.650273829089962750e+15,4.602561446971956821e-02
1.650273829091853250e+15,4.399017619669053081e-02
1.650273829093744000e+15,4.195446875700280936e-02
1.650273829095634750e+15,3.991876131731508098e-02
1.650273829097525250e+15,3.788332304428604358e-02
1.650273829099416000e+15,3.598457808878231801e-02
1.650273829101306500e+15,3.423715714206013866e-02
1.650273829103197250e+15,3.248950511613315356e-02
1.650273829105087750e+15,3.074208416941097075e-02
1.650273829106978500e+15,2.899443214348398912e-02
1.650273829108869250e+15,2.724678011755699708e-02
1.650273829110759750e+15,2.549935917083481773e-02
1.650273829112650500e+15,2.375170714490783264e-02
1.650273829114541000e+15,2.200428619818564982e-02
1.650273829116431750e+15,2.025663417225866125e-02
1.650273829118322250e+15,1.850921322553647844e-02
1.650273829120213000e+15,1.972678926547841161e-02
1.650273829122103500e+15,2.112690546559799210e-02
1.650273829123994250e+15,2.252720681729125651e-02
1.650273829125885000e+15,2.392750816898451052e-02
1.650273829127775500e+15,2.432163801777715087e-02
1.650273829129666250e+15,2.392499209146245476e-02
1.650273829131556750e+15,2.352839861072838698e-02
1.650273829133447500e+15,2.313175268441368393e-02
1.650273829135338000e+15,2.273515920367961962e-02
1.650273829137228750e+15,2.233851327736492004e-02
1.650273829139119500e+15,2.194186735105022046e-02
1.650273829141010000e+15,2.154527387031614921e-02
1.650273829142900750e+15,2.114862794400144963e-02
1.650273829144791250e+15,2.075203446326738185e-02
1.650273829146682000e+15,2.035538853695268574e-02
1.650273829148572500e+15,1.995879505621861449e-02
1.650273829150463250e+15,1.956214912990391491e-02
1.650273829152353750e+15,1.916555564916984714e-02
1.650273829154244500e+15,1.876890972285514755e-02
1.650273829156135250e+15,1.851913728233815434e-02
1.650273829158025750e+15,1.976310111268568537e-02
1.650273829159916500e+15,2.100722944499439082e-02
1.650273829161807000e+15,2.225119327534192532e-02
1.650273829163697750e+15,2.349532160765062383e-02
1.650273829165588250e+15,2.454369260617017545e-02
1.650273829167479000e+15,2.454369260617017545e-02
1.650273829169369750e+15,2.454369260617017892e-02
1.650273829171260250e+15,2.454369260617017545e-02
1.650273829173151000e+15,2.454369260617017892e-02
1.650273829175041500e+15,2.409160297531206391e-02
1.650273829176932250e+15,2.334863168496440627e-02
1.650273829178822750e+15,2.260575863225926935e-02
1.650273829180713500e+15,2.186278734191161172e-02
1.650273829182604000e+15,2.111991428920646785e-02
1.650273829184494750e+15,2.037694299885881716e-02
1.650273829186385500e+15,1.963397170851115953e-02
1.650273829188276000e+15,1.889109865580601913e-02
1.650273829190166750e+15,1.840776945462785363e-02
1.650273829192057250e+15,1.840776945462785016e-02
1.650273829193948000e+15,1.840776945462785363e-02
1.650273829195838500e+15,1.840776945462785363e-02
1.650273829197729250e+15,1.840776945462785363e-02
1.650273829199620000e+15,1.840776945462785363e-02
1.650273829201510500e+15,1.840776945462785363e-02
1.650273829203401250e+15,1.840776945462785363e-02
1.650273829205291750e+15,1.840776945462785016e-02
1.650273829207182500e+15,1.840776945462785016e-02
1.650273829209073000e+15,1.840776945462785363e-02
1.650273829210963750e+15,1.840776945462785016e-02
1.650273829212854250e+15,1.840776945462785363e-02
1.650273829214745000e+15,1.840776945462785363e-02
1.650273829216635750e+15,1.840776945462785363e-02
1.650273829218526250e+15,1.840776945462785016e-02
1.650273829220417000e+15,1.840776945462785363e-02
1.650273829222307500e+15,1.840776945462785363e-02
1.650273829224198250e+15,1.840776945462785363e-02
1.650273829226088750e+15,1.840776945462785363e-02
1.650273829227979500e+15,1.840776945462785363e-02
1.650273829229870250e+15,1.840776945462785363e-02
1.650273829231760750e+15,1.840776945462785016e-02
1.650273829233651500e+15,1.840776945462785363e-02
1.650273829235542000e+15,1.840776945462785363e-02
1.650273829237432750e+15,1.840776945462785363e-02
1.650273829239323250e+15,1.840776945462785363e-02
1.650273829241214000e+15,1.840776945462785363e-02
1.650273829243104500e+15,1.809947398778951819e-02
1.650273829244995250e+15,1.691829941043473950e-02
1.650273829246886000e+15,1.573712483307995735e-02
1.650273829248776500e+15,1.455610643377322141e-02
1.650273829250667250e+15,1.337493185641844447e-02
1.650273829252557750e+15,1.230327285040888445e-02
1.650273829254448500e+15,1.277958342637384830e-02
1.650273829256339000e+15,1.325583102328605975e-02
1.650273829258229750e+15,1.373214159925102533e-02
1.650273829260120500e+15,1.420845217521599091e-02
1.650273829262011000e+15,1.468469977212820410e-02
1.650273829263901750e+15,1.516101034809316794e-02
1.650273829265792250e+15,1.563725794500538113e-02
1.650273829267683000e+15,1.611356852097034498e-02
1.650273829269573500e+15,1.658981611788255817e-02
1.650273829271464250e+15,1.706612669384752201e-02
1.650273829273354750e+15,1.754237429075973520e-02
1.650273829275245500e+15,1.801868486672469905e-02
1.650273829277136250e+15,1.850885249731610074e-02
1.650273829279026750e+15,1.906075861197928031e-02
1.650273829280917500e+15,1.961273771078880790e-02
1.650273829282808000e+15,2.016464382545199094e-02
1.650273829284698750e+15,2.071662292426151852e-02
1.650273829286589250e+15,2.126852903892469809e-02
1.650273829288480000e+15,2.182050813773422915e-02
1.650273829290370750e+15,2.237248723654375326e-02
1.650273829292261250e+15,2.292439335120693630e-02
1.650273829294152000e+15,2.347637245001646389e-02
1.650273829296042500e+15,2.402827856467964693e-02
1.650273829297933250e+15,2.440417651744716115e-02
1.650273829299823750e+15,2.229834685093330313e-02
1.650273829301714500e+15,2.019223870919245600e-02
1.650273829303605000e+15,1.808640904267860144e-02
1.650273829305495750e+15,1.598030090093775432e-02
1.650273829307386500e+15,1.387419275919690720e-02
1.650273829309277000e+15,1.227184630308466966e-02
1.650273829311167750e+15,1.227184630308466445e-02
1.650273829313058250e+15,1.227184630308466098e-02
1.650273829314949000e+15,1.227184630308465751e-02
1.650273829316839500e+15,1.227184630308465231e-02
1.650273829318730250e+15,1.227184630308464711e-02
1.650273829320621000e+15,1.227184630308464364e-02
1.650273829322511500e+15,1.323048631513577475e-02
1.650273829324402250e+15,1.421852044039370599e-02
1.650273829326292750e+15,1.520642392514849790e-02
1.650273829328183500e+15,1.619445805040643088e-02
1.650273829330074000e+15,1.718236153516122453e-02
1.650273829331964750e+15,1.817039566041915577e-02
1.650273829333855250e+15,1.964847332994771809e-02
1.650273829335746000e+15,2.128179681281122324e-02
1.650273829337636750e+15,2.291512029567473185e-02
1.650273829339527250e+15,2.454822781615784849e-02
1.650273829341418000e+15,2.618155129902135711e-02
1.650273829343308500e+15,2.781465881950447722e-02
1.650273829345199250e+15,2.944798230236797890e-02
1.650273829347089750e+15,3.067961575771249380e-02
1.650273829348980500e+15,3.067961575771249727e-02
1.650273829350871250e+15,3.067961575771249727e-02
1.650273829352761750e+15,3.067961575771249727e-02
1.650273829354652500e+15,3.067961575771249727e-02
1.650273829356543000e+15,3.067961575771249727e-02
1.650273829358433750e+15,3.067961575771250074e-02
1.650273829360324250e+15,3.067961575771249727e-02
1.650273829362215000e+15,3.067961575771249727e-02
1.650273829364105500e+15,3.067961575771249727e-02
1.650273829365996250e+15,3.067961575771249727e-02
1.650273829367887000e+15,3.067961575771249380e-02
1.650273829369777500e+15,3.067961575771249727e-02
1.650273829371668250e+15,3.067961575771249727e-02
1.650273829373558750e+15,3.067961575771249727e-02
1.650273829375449500e+15,3.106231444663889660e-02
1.650273829377340000e+15,3.247953652580708173e-02
1.650273829379230750e+15,3.389694601863291190e-02
1.650273829381121500e+15,3.531435551145874902e-02
1.650273829383012000e+15,3.673157759062693067e-02
1.650273829384902750e+15,3.814898708345276779e-02
1.650273829386793250e+15,3.956620916262094945e-02
1.650273829388684000e+15,4.098361865544678656e-02
1.650273829390574500e+15,4.240084073461496128e-02
1.650273829392465250e+15,4.256748949252545100e-02
1.650273829394355750e+15,4.193968396576286395e-02
1.650273829396246500e+15,4.131179541790443166e-02
1.650273829398137250e+15,4.068390687004599937e-02
1.650273829400027750e+15,4.005610134328341232e-02
1.650273829401918500e+15,3.942821279542498003e-02
1.650273829403809000e+15,3.880040726866239298e-02
1.650273829405699750e+15,3.817251872080395375e-02
1.650273829407590250e+15,3.754471319404135976e-02
1.650273829409481000e+15,3.691682464618292747e-02
1.650273829411371750e+15,3.681553890925481909e-02
1.650273829413262250e+15,3.681553890925481909e-02
1.650273829415153000e+15,3.681553890925481909e-02
1.650273829417043500e+15,3.681553890925481909e-02
1.650273829418934250e+15,3.681553890925481909e-02
1.650273829420824750e+15,3.681553890925481909e-02
1.650273829422715500e+15,3.681553890925481909e-02
1.650273829424606000e+15,3.681553890925481909e-02
1.650273829426496750e+15,3.681553890925481909e-02
1.650273829428387500e+15,3.681553890925481909e-02
1.650273829430278000e+15,3.681553890925481909e-02
1.650273829432168750e+15,3.681553890925481215e-02
1.650273829434059250e+15,3.681553890925490929e-02
1.650273829435950000e+15,3.681553890925505501e-02
1.650273829437840500e+15,3.681553890925520767e-02
1.650273829439731250e+15,3.681553890925535338e-02
1.650273829441622000e+15,3.681553890925549910e-02
1.650273829443512500e+15,3.681553890925564482e-02
1.650273829445403250e+15,3.755048909323640410e-02
1.650273829447293750e+15,3.851386113193673577e-02
1.650273829449184500e+15,3.947736056709816310e-02
1.650273829451075000e+15,4.044073260579849477e-02
1.650273829452965750e+15,4.140423204095991516e-02
1.650273829454856250e+15,4.236760407966025377e-02
1.650273829456747000e+15,4.274927431486055807e-02
1.650273829458637750e+15,4.223613809924817858e-02
1.650273829460528250e+15,4.172306973187268897e-02
1.650273829462419000e+15,4.120993351626031642e-02
1.650273829464309500e+15,4.069686514888482681e-02
1.650273829466200250e+15,4.018372893327244733e-02
1.650273829468090750e+15,3.967066056589696466e-02
1.650273829469981500e+15,3.915752435028457823e-02
1.650273829471872250e+15,3.864438813467220568e-02
1.650273829473762750e+15,3.813131976729671607e-02
1.650273829475653500e+15,3.761818355168433659e-02
1.650273829477544000e+15,3.710511518430885392e-02
1.650273829479434750e+15,3.904394323695224017e-02
1.650273829481325250e+15,4.415811426154947483e-02
1.650273829483216000e+15,4.927296158488045363e-02
1.650273829485106500e+15,5.438713260947768136e-02
1.650273829486997250e+15,5.950197993280866016e-02
1.650273829488888000e+15,6.461682725613963896e-02
1.650273829490778500e+15,6.559844013316741551e-02
1.650273829492669250e+15,6.125940443469932856e-02
1.650273829494559750e+15,5.692094245508597106e-02
1.650273829496450500e+15,5.258190675661787716e-02
1.650273829498341000e+15,4.824344477700453354e-02
1.650273829500231750e+15,4.390440907853643271e-02
1.650273829502122500e+15,4.588830566151202300e-02
1.650273829504013000e+15,4.965116762501577130e-02
1.650273829505903750e+15,5.341452718994289806e-02
1.650273829507794250e+15,5.717738915344665329e-02
1.650273829509685000e+15,6.094074871837377311e-02
1.650273829511575500e+15,6.470361068187753528e-02
1.650273829513466250e+15,6.733444956672468562e-02
1.650273829515357000e+15,6.671211844888440268e-02
1.650273829517247500e+15,6.608986961732174481e-02
1.650273829519138250e+15,6.546753849948146187e-02
1.650273829521028750e+15,6.484528966791880400e-02
1.650273829522919500e+15,6.422295855007852106e-02
1.650273829524810000e+15,6.360070971851586319e-02
1.650273829526700750e+15,6.297837860067558025e-02
1.650273829528591250e+15,6.235612976911292932e-02
1.650273829530482000e+15,6.173379865127263250e-02
1.650273829532372750e+15,6.177151538156205185e-02
1.650273829534263250e+15,6.280694899023747668e-02
1.650273829536154000e+15,6.384251952480665682e-02
1.650273829538044500e+15,6.487795313348208859e-02
1.650273829539935250e+15,6.591352366805128260e-02
1.650273829541825750e+15,6.694895727672670049e-02
1.650273829543716500e+15,6.749515466696820454e-02
1.650273829545607250e+15,6.749515466696820454e-02
1.650273829547497750e+15,6.749515466696820454e-02
1.650273829549388500e+15,6.749515466696820454e-02
1.650273829551279000e+15,6.749515466696820454e-02
1.650273829553169750e+15,6.749515466696820454e-02
1.650273829555060250e+15,6.749515466696820454e-02
1.650273829556951000e+15,6.656662070290411681e-02
1.650273829558841500e+15,6.558265575948307724e-02
1.650273829560732250e+15,6.459856069639216547e-02
1.650273829562623000e+15,6.361446563330126758e-02
1.650273829564513500e+15,6.263050068988021413e-02
1.650273829566404250e+15,6.164640562678931623e-02
1.650273829568294750e+15,6.398561980886965928e-02
1.650273829570185500e+15,6.769493347148691775e-02
1.650273829572076000e+15,7.140375667877391086e-02
1.650273829573966750e+15,7.511307034139115546e-02
1.650273829575857500e+15,7.882238400400841394e-02
1.650273829577748000e+15,8.012303258560879438e-02
1.650273829579638750e+15,8.060079467014441557e-02
1.650273829581529250e+15,8.107849358370496085e-02
1.650273829583420000e+15,8.155625566824059591e-02
1.650273829585310500e+15,8.203395458180112731e-02
1.650273829587201250e+15,8.251171666633676238e-02
1.650273829589091750e+15,8.298941557989730766e-02
1.650273829590982500e+15,8.346717766443292885e-02
1.650273829592873250e+15,8.394493974896855004e-02
1.650273829594763750e+15,8.442263866252910920e-02
1.650273829596654500e+15,8.490040074706473039e-02
1.650273829598545000e+15,8.537809966062527567e-02
1.650273829600435750e+15,8.585586174516091074e-02
1.650273829602326250e+15,8.638280788236964158e-02
1.650273829604217000e+15,8.691520642758465698e-02
1.650273829606107750e+15,8.744760497279967237e-02
1.650273829607998250e+15,8.797993312286125911e-02
1.650273829609889000e+15,8.851233166807626063e-02
1.650273829611779500e+15,8.904465981813786124e-02
1.650273829613670250e+15,8.957705836335289051e-02
1.650273829615560750e+15,9.010938651341447725e-02
1.650273829617451500e+15,9.064178505862949264e-02
1.650273829619342000e+15,9.117411320869107938e-02
1.650273829621232750e+15,9.170651175390609477e-02
1.650273829623123500e+15,9.203884727313917102e-02
1.650273829625014000e+15,9.203884727313904612e-02
1.650273829626904750e+15,9.203884727313890735e-02
1.650273829628795250e+15,9.203884727313878245e-02
1.650273829630686000e+15,9.203884727313865755e-02
1.650273829632576500e+15,9.203884727313853265e-02
1.650273829634467250e+15,9.203884727313839387e-02
1.650273829636358000e+15,9.154069721631397094e-02
1.650273829638248500e+15,9.032553246479597953e-02
1.650273829640139250e+15,8.911020701971128499e-02
1.650273829642029750e+15,8.789504226819330746e-02
1.650273829643920500e+15,8.667971682310859904e-02
1.650273829645811000e+15,8.590292412159604429e-02
1.650273829647701750e+15,8.590292412159605817e-02
1.650273829649592250e+15,8.590292412159605817e-02
1.650273829651483000e+15,8.590292412159605817e-02
1.650273829653373750e+15,8.590292412159605817e-02
1.650273829655264250e+15,8.590292412159605817e-02
1.650273829657155000e+15,8.590292412159605817e-02
1.650273829659045500e+15,8.590292412159605817e-02
1.650273829660936250e+15,8.590292412159605817e-02
1.650273829662826750e+15,8.590292412159605817e-02
1.650273829664717500e+15,8.590292412159605817e-02
1.650273829666608250e+15,8.590292412159604429e-02
1.650273829668498750e+15,8.590292412159604429e-02
1.650273829670389500e+15,8.672430036362543948e-02
1.650273829672280000e+15,8.775504167498054953e-02
1.650273829674170750e+15,8.878591929171936181e-02
1.650273829676061250e+15,8.981666060307449961e-02
1.650273829677952000e+15,9.084753821981331190e-02
1.650273829679842500e+15,9.187827953116842195e-02
1.650273829681733250e+15,9.127556272430331630e-02
1.650273829683624000e+15,9.037145606136845477e-02
1.650273829685514500e+15,8.946746894182415477e-02
1.650273829687405250e+15,8.856336227888929324e-02
1.650273829689295750e+15,8.765937515934499324e-02
1.650273829691186500e+15,8.675526849641013172e-02
1.650273829693077000e+15,8.601207907141671105e-02
1.650273829694967750e+15,8.792304871377867870e-02
1.650273829696858500e+15,8.983401835614066022e-02
1.650273829698749000e+15,9.174473532500768136e-02
1.650273829700639750e+15,9.365570496736964901e-02
1.650273829702530250e+15,9.556642193623665626e-02
1.650273829704421000e+15,9.747739157859862391e-02
1.650273829706311500e+15,9.889041948165414042e-02
1.650273829708202250e+15,1.000175443916686557e-01
1.650273829710092750e+15,1.011445202702260932e-01
1.650273829711983500e+15,1.022716451802406223e-01
1.650273829713874250e+15,1.033987700902551377e-01
1.650273829715764750e+15,1.045257459688125612e-01
1.650273829717655500e+15,1.056528708788270765e-01
1.650273829719546000e+15,1.067798467573845000e-01
1.650273829721436750e+15,1.079069716673990431e-01
1.650273829723327250e+15,1.090339475459564667e-01
1.650273829725218000e+15,1.101610724559709820e-01
1.650273829727108750e+15,1.090152899747606763e-01
1.650273829728999250e+15,1.070985743901620574e-01
1.650273829730890000e+15,1.051816053388106575e-01
1.650273829732780500e+15,1.032648897542120525e-01
1.650273829734671250e+15,1.013479207028606388e-01
1.650273829736561750e+15,9.943120511826203378e-02
1.650273829738452500e+15,9.887145113803638696e-02
1.650273829740343000e+15,1.008930549578326008e-01
1.650273829742233750e+15,1.029149261148173677e-01
1.650273829744124500e+15,1.049367972718021347e-01
1.650273829746015000e+15,1.069584010915983624e-01
1.650273829747905750e+15,1.089802722485831293e-01
1.650273829749796250e+15,1.104466167277661781e-01
1.650273829751687000e+15,1.104466167277661920e-01
1.650273829753577500e+15,1.104466167277662059e-01
1.650273829755468250e+15,1.104466167277662336e-01
1.650273829757359000e+15,1.104466167277662475e-01
1.650273829759249500e+15,1.104466167277662614e-01
1.650273829761140250e+15,1.104466167277662891e-01
1.650273829763030750e+15,1.115152052656377957e-01
1.650273829764921500e+15,1.127398961448501657e-01
1.650273829766812000e+15,1.139644250921731383e-01
1.650273829768702750e+15,1.151891159713855084e-01
1.650273829770593250e+15,1.164136449187084810e-01
1.650273829772484000e+15,1.176383357979208372e-01
1.650273829774374750e+15,1.188630266771331795e-01
1.650273829776265250e+15,1.200875556244561798e-01
1.650273829778156000e+15,1.213122465036685221e-01
1.650273829780046500e+15,1.225367754509915363e-01
1.650273829781937250e+15,1.231829844344602964e-01
1.650273829783827750e+15,1.237283517460725374e-01
1.650273829785718500e+15,1.242737911771388537e-01
1.650273829787609250e+15,1.248192306082051561e-01
1.650273829789499750e+15,1.253645979198174110e-01
1.650273829791390500e+15,1.259100373508836856e-01
1.650273829793281000e+15,1.264554046624959405e-01
1.650273829795171750e+15,1.270008440935622429e-01
1.650273829797062250e+15,1.275462114051744977e-01
1.650273829798953000e+15,1.280916508362408002e-01
1.650273829800843500e+15,1.286370181478530550e-01
1.650273829802734250e+15,1.288543861823940040e-01
1.650273829804625000e+15,1.288543861823938930e-01
1.650273829806515500e+15,1.288543861823937542e-01
1.650273829808406250e+15,1.288543861823936432e-01
1.650273829810296750e+15,1.288543861823935321e-01
1.650273829812187500e+15,1.288543861823933934e-01
1.650273829814078000e+15,1.288543861823932823e-01
1.650273829815968750e+15,1.286690946216620390e-01
1.650273829817859500e+15,1.281733889004700588e-01
1.650273829819750000e+15,1.276777487228085706e-01
1.650273829821640750e+15,1.271820430016165904e-01
1.650273829823531250e+15,1.266864028239551021e-01
1.650273829825422000e+15,1.261906971027631219e-01
1.650273829827312500e+15,1.256950569251016336e-01
1.650273829829203250e+15,1.251993512039096812e-01
1.650273829831093750e+15,1.247037110262481791e-01
1.650273829832984500e+15,1.242080053050562127e-01
1.650273829834875250e+15,1.237122995838642187e-01
1.650273829836765750e+15,1.232166594062027443e-01
1.650273829838656500e+15,1.227209536850107502e-01
1.650273829840547000e+15,1.236832437253305578e-01
1.650273829842437750e+15,1.246530252766787916e-01
1.650273829844328250e+15,1.256226786009277951e-01
1.650273829846219000e+15,1.265924601522759874e-01
1.650273829848109750e+15,1.275622417036242351e-01
1.650273829850000250e+15,1.285318950278732386e-01
1.650273829851891000e+15,1.288543861823940317e-01
1.650273829853781500e+15,1.288543861823940595e-01
1.650273829855672250e+15,1.288543861823940873e-01
1.650273829857562750e+15,1.288543861823940873e-01
1.650273829859453500e+15,1.288543861823940873e-01
1.650273829861344000e+15,1.288343559653596926e-01
1.650273829863234750e+15,1.279927530129637003e-01
1.650273829865125500e+15,1.271511500605677081e-01
1.650273829867016000e+15,1.263096583871552714e-01
1.650273829868906750e+15,1.254680554347593069e-01
1.650273829870797250e+15,1.246265637613468424e-01
1.650273829872688000e+15,1.237849608089508641e-01
1.650273829874578500e+15,1.229434691355384135e-01
1.650273829876469250e+15,1.254027477444706329e-01
1.650273829878360000e+15,1.290665711137359839e-01
1.650273829880250500e+15,1.327299100425187728e-01
1.650273829882141250e+15,1.363937334117841238e-01
1.650273829884031750e+15,1.400570723405669127e-01
1.650273829885922500e+15,1.437208957098322637e-01
1.650273829887813000e+15,1.471219186848907734e-01
1.650273829889703750e+15,1.429131406334563370e-01
1.650273829891594250e+15,1.387049190778636698e-01
1.650273829893485000e+15,1.344961410264292057e-01
1.650273829895375750e+15,1.302873629749947693e-01
1.650273829897266250e+15,1.260791414194020743e-01
1.650273829899157000e+15,1.239981565190751700e-01
1.650273829901047500e+15,1.303479217145817881e-01
1.650273829902938250e+15,1.366985266039782987e-01
1.650273829904828750e+15,1.430482917994849168e-01
1.650273829906719500e+15,1.493988966888814551e-01
1.650273829908610250e+15,1.557495015782779657e-01
1.650273829910500750e+15,1.592836112953646688e-01
1.650273829912391500e+15,1.586637407728823668e-01
1.650273829914282000e+15,1.580439522113312734e-01
1.650273829916172750e+15,1.574240816888489713e-01
1.650273829918063250e+15,1.568042931272978502e-01
1.650273829919954000e+15,1.561844226048155482e-01
1.650273829921844500e+15,1.555646340432644270e-01
1.650273829923735250e+15,1.549447635207821250e-01
1.650273829925626000e+15,1.543248929982998507e-01
1.650273829927516500e+15,1.537051044367487018e-01
1.650273829929407250e+15,1.533980787885643182e-01
1.650273829931297750e+15,1.533980787885643182e-01
1.650273829933188500e+15,1.533980787885642905e-01
1.650273829935079000e+15,1.533980787885642627e-01
1.650273829936969750e+15,1.533980787885642627e-01
1.650273829938860500e+15,1.533980787885642350e-01
1.650273829940751000e+15,1.526238464252366034e-01
1.650273829942641750e+15,1.517939825698161049e-01
1.650273829944532250e+15,1.509642284412044677e-01
1.650273829946423000e+15,1.501343645857839693e-01
1.650273829948313500e+15,1.493046104571723320e-01
1.650273829950204250e+15,1.484747466017518336e-01
1.650273829952094750e+15,1.476449924731401964e-01
1.650273829953985500e+15,1.475839598455618851e-01
1.650273829955876250e+15,1.481813592636246346e-01
1.650273829957766750e+15,1.487786796919454979e-01
1.650273829959657500e+15,1.493760791100082475e-01
1.650273829961548000e+15,1.499733995383290830e-01
1.650273829963438750e+15,1.505707989563918325e-01
1.650273829965329250e+15,1.511681193847126958e-01
1.650273829967220000e+15,1.517655188027754454e-01
1.650273829969110750e+15,1.523629182208381949e-01
1.650273829971001250e+15,1.529602386491590305e-01
1.650273829972892000e+15,1.533980787885642627e-01
1.650273829974782500e+15,1.533980787885642627e-01
1.650273829976673250e+15,1.533980787885642905e-01
1.650273829978563750e+15,1.533980787885642905e-01
1.650273829980454500e+15,1.533980787885642905e-01
1.650273829982345000e+15,1.533980787885643182e-01
1.650273829984235750e+15,1.533980787885643182e-01
1.650273829986126500e+15,1.533980787885643182e-01
1.650273829988017000e+15,1.539363701265493434e-01
1.650273829989907750e+15,1.550672305124329020e-01
1.650273829991798250e+15,1.561979413729448207e-01
1.650273829993689000e+15,1.573288017588283516e-01
1.650273829995579500e+15,1.584595126193402426e-01
1.650273829997470250e+15,1.595903730052238290e-01
1.650273829999361000e+15,1.607212333911073598e-01
1.650273830001251500e+15,1.618519442516192786e-01
1.650273830003142250e+15,1.629828046375028372e-01
1.650273830005032750e+15,1.641135154980147282e-01
1.650273830006923500e+15,1.652443758838982868e-01
1.650273830008814000e+15,1.650378917703436976e-01
1.650273830010704750e+15,1.640243065266970002e-01
1.650273830012595250e+15,1.630108553019903317e-01
1.650273830014486000e+15,1.619972700583436065e-01
1.650273830016376750e+15,1.609836848146968813e-01
1.650273830018267250e+15,1.599702335899902128e-01
1.650273830020158000e+15,1.598741846454608262e-01
1.650273830022048500e+15,1.604713205827608680e-01
1.650273830023939250e+15,1.610685354854057005e-01
1.650273830025829750e+15,1.616656714227057146e-01
1.650273830027720500e+15,1.622628863253505749e-01
1.650273830029611250e+15,1.628601012279954352e-01
1.650273830031501750e+15,1.634572371652954770e-01
1.650273830033392500e+15,1.640544520679403095e-01
1.650273830035283000e+15,1.646515880052403513e-01
1.650273830037173750e+15,1.652488029078851839e-01
1.650273830039064250e+15,1.656699250916489063e-01
1.650273830040955000e+15,1.656699250916489063e-01
1.650273830042845500e+15,1.656699250916489063e-01
1.650273830044736250e+15,1.656699250916489063e-01
1.650273830046627000e+15,1.656699250916489341e-01
1.650273830048517500e+15,1.656699250916489063e-01
1.650273830050408250e+15,1.656699250916489063e-01
1.650273830052298750e+15,1.656699250916489063e-01
1.650273830054189500e+15,1.656699250916489063e-01
1.650273830056080000e+15,1.656699250916489063e-01
1.650273830057970750e+15,1.656699250916489063e-01
1.650273830059861500e+15,1.656699250916489063e-01
1.650273830061752000e+15,1.672124061109581672e-01
1.650273830063642750e+15,1.695643786813283427e-01
1.650273830065533250e+15,1.719160402676220278e-01
1.650273830067424000e+15,1.742680128379922033e-01
1.650273830069314500e+15,1.766196744242858607e-01
1.650273830071205250e+15,1.789716469946560362e-01
1.650273830073095750e+15,1.813233085809497214e-01
1.650273830074986500e+15,1.836752811513198691e-01
1.650273830076877250e+15,1.840776945462768432e-01
1.650273830078767750e+15,1.840776945462768988e-01
1.650273830080658500e+15,1.840776945462769820e-01
1.650273830082549000e+15,1.840776945462770653e-01
1.650273830084439750e+15,1.840776945462771486e-01
1.650273830086330250e+15,1.840776945462772041e-01
1.650273830088221000e+15,1.840776945462773151e-01
1.650273830090111750e+15,1.840776945462773706e-01
1.650273830092002250e+15,1.840776945462774539e-01
1.650273830093893000e+15,1.840776945462775094e-01
1.650273830095783500e+15,1.840776945462775926e-01
1.650273830097674250e+15,1.814710664799962792e-01
1.650273830099564750e+15,1.781994778597109086e-01
1.650273830101455500e+15,1.749274566040618095e-01
1.650273830103346000e+15,1.716558679837764390e-01
1.650273830105236750e+15,1.683838467281273676e-01
1.650273830107127500e+15,1.661363748165736731e-01
1.650273830109018000e+15,1.688707103358613459e-01
1.650273830110908750e+15,1.716054074440830357e-01
1.650273830112799250e+15,1.743397429633706808e-01
1.650273830114690000e+15,1.770744400715923983e-01
1.650273830116580500e+15,1.798087755908800434e-01
1.650273830118471250e+15,1.825434726991017609e-01
1.650273830120362000e+15,1.840776945462767322e-01
1.650273830122252500e+15,1.840776945462767600e-01
1.650273830124143250e+15,1.840776945462767600e-01
1.650273830126033750e+15,1.840776945462767600e-01
1.650273830127924500e+15,1.840776945462767600e-01
1.650273830129815000e+15,1.840776945462767600e-01
1.650273830131705750e+15,1.840776945462767600e-01
1.650273830133596250e+15,1.840776945462767600e-01
1.650273830135487000e+15,1.840776945462767600e-01
1.650273830137377750e+15,1.840776945462767600e-01
1.650273830139268250e+15,1.840776945462767600e-01
1.650273830141159000e+15,1.853261409271770854e-01
1.650273830143049500e+15,1.870438904781901723e-01
1.650273830144940250e+15,1.887618671846583718e-01
1.650273830146830750e+15,1.904796167356714864e-01
1.650273830148721500e+15,1.921975934421396304e-01
1.650273830150612250e+15,1.939155701486078021e-01
1.650273830152502750e+15,1.956333196996208890e-01
1.650273830154393500e+15,1.953330336706131098e-01
1.650273830156284000e+15,1.935899889346263947e-01
1.650273830158174750e+15,1.918467136981456267e-01
1.650273830160065250e+15,1.901036689621589115e-01
1.650273830161956000e+15,1.883603937256781435e-01
1.650273830163846500e+15,1.866173489896914284e-01
1.650273830165737250e+15,1.848740737532106604e-01
1.650273830167628000e+15,1.853218392800643488e-01
1.650273830169518500e+15,1.876120589677230110e-01
1.650273830171409250e+15,1.899025815143723928e-01
1.650273830173299750e+15,1.921928012020310828e-01
1.650273830175190500e+15,1.944833237486804367e-01
1.650273830177081000e+15,1.967735434363390989e-01
1.650273830178971750e+15,1.990640659829884807e-01
1.650273830180862500e+15,2.013545885296378346e-01
1.650273830182753000e+15,2.036448082172965246e-01
1.650273830184643750e+15,2.059353307639458786e-01
1.650273830186534250e+15,2.082255504516045685e-01
1.650273830188425000e+15,2.077704753055758524e-01
1.650273830190315500e+15,2.067419274497511728e-01
1.650273830192206250e+15,2.057132435786057090e-01
1.650273830194096750e+15,2.046846957227810293e-01
1.650273830195987500e+15,2.036560118516355655e-01
1.650273830197878250e+15,2.026273279804900462e-01
1.650273830199768750e+15,2.062269365502365226e-01
1.650273830201659500e+15,2.105675956836307594e-01
1.650273830203550000e+15,2.149076808835153618e-01
1.650273830205440750e+15,2.192483400169096541e-01
1.650273830207331250e+15,2.235884252167942565e-01
1.650273830209222000e+15,2.267117114605262940e-01
1.650273830211112750e+15,2.251805650043061935e-01
1.650273830213003250e+15,2.236496210003479090e-01
1.650273830214894000e+15,2.221184745441278086e-01
1.650273830216784500e+15,2.205875305401695241e-01
1.650273830218675250e+15,2.190563840839493959e-01
1.650273830220565750e+15,2.175254400799911392e-01
1.650273830222456500e+15,2.159942936237710109e-01
1.650273830224347000e+15,2.144633496198127542e-01
1.650273830226237750e+15,2.129322031635926260e-01
1.650273830228128500e+15,2.114010567073725533e-01
1.650273830230019000e+15,2.098701127034142411e-01
1.650273830231909750e+15,2.086213871524469354e-01
1.650273830233800250e+15,2.086213871524469354e-01
1.650273830235691000e+15,2.086213871524469354e-01
1.650273830237581500e+15,2.086213871524469354e-01
1.650273830239472250e+15,2.086213871524469354e-01
1.650273830241363000e+15,2.086213871524469354e-01
1.650273830243253500e+15,2.086213871524469354e-01
1.650273830245144250e+15,2.086213871524469354e-01
1.650273830247034750e+15,2.086213871524469354e-01
1.650273830248925500e+15,2.086213871524469354e-01
1.650273830250816000e+15,2.086213871524469354e-01
1.650273830252706750e+15,2.084951533167771764e-01
1.650273830254597250e+15,2.080118215368608747e-01
1.650273830256488000e+15,2.075284258410784455e-01
1.650273830258378750e+15,2.070450301452959885e-01
1.650273830260269250e+15,2.065616983653796868e-01
1.650273830262160000e+15,2.060783026695972575e-01
1.650273830264050500e+15,2.055949708896809836e-01
1.650273830265941250e+15,2.051115751938985265e-01
1.650273830267831750e+15,2.046282434139822248e-01
1.650273830269722500e+15,2.041448477181997956e-01
1.650273830271613250e+15,2.036614520224173663e-01
1.650273830273503750e+15,2.031781202425010369e-01
1.650273830275394500e+15,2.026947245467186076e-01
1.650273830277285000e+15,2.053937030275227449e-01
1.650273830279175750e+15,2.105231367398159026e-01
1.650273830281066250e+15,2.156518922247241399e-01
1.650273830282957000e+15,2.207813259370173253e-01
1.650273830284847500e+15,2.259100814219255626e-01
1.650273830286738250e+15,2.308667045842147381e-01
1.650273830288629000e+15,2.357751056244835330e-01
1.650273830290519500e+15,2.406828576628958771e-01
1.650273830292410250e+15,2.455912587031646999e-01
1.650273830294300750e+15,2.504990107415770439e-01
1.650273830296191500e+15,2.554074117818458389e-01
1.650273830298082000e+15,2.557892251553524621e-01
1.650273830299972750e+15,2.521743009658697909e-01
1.650273830301863500e+15,2.485593767763871198e-01
1.650273830303754000e+15,2.449449305618071615e-01
1.650273830305644750e+15,2.413300063723244349e-01
1.650273830307535250e+15,2.403525765406534509e-01
1.650273830309426000e+15,2.427502405043031886e-01
1.650273830311316500e+15,2.451475874424387524e-01
1.650273830313207250e+15,2.475452514060884623e-01
1.650273830315097750e+15,2.499425983442239985e-01
1.650273830316988500e+15,2.523402623078737639e-01
1.650273830318879250e+15,2.547379262715234738e-01
1.650273830320769750e+15,2.571352732096590099e-01
1.650273830322660500e+15,2.563423313935839221e-01
1.650273830324551000e+15,2.545465325363981401e-01
1.650273830326441750e+15,2.527504962025054480e-01
1.650273830328332250e+15,2.509546973453196661e-01
1.650273830330223000e+15,2.491586610114270295e-01
1.650273830332113750e+15,2.473626246775343651e-01
1.650273830334004250e+15,2.455668258203485832e-01
1.650273830335895000e+15,2.463092944825346908e-01
1.650273830337785500e+15,2.472495524640529740e-01
1.650273830339676250e+15,2.481899347854259752e-01
1.650273830341566750e+15,2.491301927669442307e-01
1.650273830343457500e+15,2.500705750883172596e-01
1.650273830345348000e+15,2.510108330698355150e-01
1.650273830347238750e+15,2.520176656357278611e-01
1.650273830349129500e+15,2.531232018181919785e-01
1.650273830351020000e+15,2.542285918237180975e-01
1.650273830352910750e+15,2.553341280061822149e-01
1.650273830354801250e+15,2.564395180117082784e-01
1.650273830356692000e+15,2.575450541941724514e-01
1.650273830358582500e+15,2.572045163952225710e-01
1.650273830360473250e+15,2.566125126855334226e-01
1.650273830362364000e+15,2.560205089758442187e-01
1.650273830364254500e+15,2.554285835424620621e-01
1.650273830366145250e+15,2.548365798327728582e-01
1.650273830368035750e+15,2.542446543993907015e-01
1.650273830369926500e+15,2.536526506897015532e-01
1.650273830371817000e+15,2.530607252563193965e-01
1.650273830373707750e+15,2.524687215466302481e-01
1.650273830375598250e+15,2.518767961132480360e-01
1.650273830377489000e+15,2.515728492132450755e-01
1.650273830379379750e+15,2.515728492132451866e-01
1.650273830381270250e+15,2.515728492132454086e-01
1.650273830383161000e+15,2.515728492132455751e-01
1.650273830385051500e+15,2.515728492132457417e-01
1.650273830386942250e+15,2.512913144148658517e-01
1.650273830388832750e+15,2.504960338226546734e-01
1.650273830390723500e+15,2.497006480624202052e-01
1.650273830392614250e+15,2.489052623021857091e-01
1.650273830394504750e+15,2.481099817099745031e-01
1.650273830396395500e+15,2.473145959497400070e-01
1.650273830398286000e+15,2.465193153575288287e-01
1.650273830400176750e+15,2.457239295972943049e-01
1.650273830402067250e+15,2.483000330161519997e-01
1.650273830403958000e+15,2.527804132968266559e-01
1.650273830405848500e+15,2.572602011696895619e-01
1.650273830407739250e+15,2.617405814503642181e-01
1.650273830409630000e+15,2.662209617310388743e-01
1.650273830411520500e+15,2.707007496039017247e-01
1.650273830413411250e+15,2.751811298845764364e-01
1.650273830415301750e+15,2.761165418194150845e-01
1.650273830417192500e+15,2.761165418194151400e-01
1.650273830419083000e+15,2.761165418194151400e-01
1.650273830420973750e+15,2.761165418194151400e-01
1.650273830422864500e+15,2.761165418194151400e-01
1.650273830424755000e+15,2.761165418194151400e-01
1.650273830426645750e+15,2.761165418194151400e-01
1.650273830428536250e+15,2.761165418194151400e-01
1.650273830430427000e+15,2.761165418194151400e-01
1.650273830432317500e+15,2.761165418194151400e-01
1.650273830434208250e+15,2.761165418194150845e-01
1.650273830436098750e+15,2.743008292845460772e-01
1.650273830437989500e+15,2.718517060633556248e-01
1.650273830439880250e+15,2.694025828421652280e-01
1.650273830441770750e+15,2.669537834505689711e-01
1.650273830443661500e+15,2.645046602293785187e-01
1.650273830445552000e+15,2.620558608377823173e-01
1.650273830447442750e+15,2.596067376165919205e-01
1.650273830449333250e+15,2.571579382249956636e-01
1.650273830451224000e+15,2.547088150038052112e-01
1.650273830453114750e+15,2.522596917826148144e-01
1.650273830455005250e+15,2.560990907896471547e-01
1.650273830456896000e+15,2.623905748996141485e-01
1.650273830458786500e+15,2.686812271327981283e-01
1.650273830460677250e+15,2.749727112427651221e-01
1.650273830462567750e+15,2.812633634759491574e-01
1.650273830464458500e+15,2.875548475859161512e-01
1.650273830466349000e+15,2.938454998191001311e-01
1.650273830468239750e+15,2.918087869494327968e-01
1.650273830470130500e+15,2.887648399408322963e-01
1.650273830472021000e+15,2.857212954110112113e-01
1.650273830473911750e+15,2.826773484024107663e-01
1.650273830475802250e+15,2.796338038725896813e-01
1.650273830477693000e+15,2.765898568639892363e-01
1.650273830479583500e+15,2.786127623183800028e-01
1.650273830481474250e+15,2.815690597868534262e-01
1.650273830483365000e+15,2.845253572553268495e-01
1.650273830485255500e+15,2.874812638342765236e-01
1.650273830487146250e+15,2.904375613027498915e-01
1.650273830489036750e+15,2.933934678816995656e-01
1.650273830490927500e+15,2.945243112740429936e-01
1.650273830492818000e+15,2.945243112740429936e-01
1.650273830494708750e+15,2.945243112740429936e-01
1.650273830496599250e+15,2.945243112740429936e-01
1.650273830498490000e+15,2.945243112740429936e-01
1.650273830500380750e+15,2.945243112740430491e-01
1.650273830502271250e+15,2.960449374056576821e-01
1.650273830504162000e+15,2.987747013347821223e-01
1.650273830506052500e+15,3.015041043272506660e-01
1.650273830507943250e+15,3.042338682563751062e-01
1.650273830509833750e+15,3.069632712488436499e-01
1.650273830511724500e+15,3.096930351779681456e-01
1.650273830513615250e+15,3.124227991070925858e-01
1.650273830515505750e+15,3.151522020995610740e-01
1.650273830517396500e+15,3.178819660286856252e-01
1.650273830519287000e+15,3.184082471060230013e-01
1.650273830521177750e+15,3.172413293129452971e-01
1.650273830523068250e+15,3.160745658128456537e-01
1.650273830524959000e+15,3.149076480197678940e-01
1.650273830526849500e+15,3.137408845196682505e-01
1.650273830528740250e+15,3.127054499579081104e-01
1.650273830530631000e+15,3.119669714920405013e-01
1.650273830532521500e+15,3.112285906697621618e-01
1.650273830534412250e+15,3.104901122038945527e-01
1.650273830536302750e+15,3.097517313816162132e-01
1.650273830538193500e+15,3.090132529157485486e-01
1.650273830540084000e+15,3.082748720934702646e-01
1.650273830541974750e+15,3.075363936276026555e-01
1.650273830543865500e+15,3.067979151617349909e-01
1.650273830545756000e+15,3.058270301117722023e-01
1.650273830547646750e+15,3.048554618428853669e-01
1.650273830549537250e+15,3.038840220373422163e-01
1.650273830551428000e+15,3.029124537684553253e-01
1.650273830553318500e+15,3.019410139629121748e-01
1.650273830555209250e+15,3.009694456940252838e-01
1.650273830557099750e+15,3.010282727278077997e-01
1.650273830558990500e+15,3.015682288247443221e-01
1.650273830560881250e+15,3.021081849216809001e-01
1.650273830562771750e+15,3.026480696241844459e-01
1.650273830564662500e+15,3.031880257211209129e-01
1.650273830566553000e+15,3.037279104236244587e-01
1.650273830568443750e+15,3.042678665205609811e-01
1.650273830570334250e+15,3.048077512230645270e-01
1.650273830572225000e+15,3.053477073200010494e-01
1.650273830574115750e+15,3.058876634169375719e-01
1.650273830576006250e+15,3.064275481194411177e-01
1.650273830577897000e+15,3.064970631022778669e-01
1.650273830579787500e+15,3.055546662611055564e-01
1.650273830581678250e+15,3.046121447972353069e-01
1.650273830583568750e+15,3.036697479560629409e-01
1.650273830585459500e+15,3.027272264921926914e-01
1.650273830587350250e+15,3.017847050283224974e-01
1.650273830589240750e+15,3.008423081871500759e-01
1.650273830591131500e+15,3.006602344255853154e-01
1.650273830593022000e+15,3.006602344255853154e-01
1.650273830594912750e+15,3.006602344255853154e-01
1.650273830596803250e+15,3.006602344255853709e-01
1.650273830598694000e+15,3.006602344255853154e-01
1.650273830600584500e+15,3.006602344255853154e-01
1.650273830602475250e+15,3.006602344255853709e-01
1.650273830604366000e+15,3.006602344255853709e-01
1.650273830606256500e+15,3.006602344255854264e-01
1.650273830608147250e+15,3.006602344255854264e-01
1.650273830610037750e+15,3.008381861176319672e-01
1.650273830611928500e+15,3.055275542254650700e-01
1.650273830613819000e+15,3.102163022925592539e-01
1.650273830615709750e+15,3.149056704003923013e-01
1.650273830617600500e+15,3.195950385082253487e-01
1.650273830619491000e+15,3.242837865753195326e-01
1.650273830621381750e+15,3.289731546831525799e-01
1.650273830623272250e+15,3.310507475689034584e-01
1.650273830625163000e+15,3.304669069620503885e-01
1.650273830627053500e+15,3.298831435521571431e-01
1.650273830628944250e+15,3.292993029453040732e-01
1.650273830630834750e+15,3.287155395354107723e-01
1.650273830632725500e+15,3.281316989285577579e-01
1.650273830634616250e+15,3.275478583217047435e-01
1.650273830636506750e+15,3.269640949118114426e-01
1.650273830638397500e+15,3.263802543049583726e-01
1.650273830640288000e+15,3.257964908950651273e-01
1.650273830642178750e+15,3.252126502882120573e-01
1.650273830644069250e+15,3.280541697079747965e-01
1.650273830645960000e+15,3.309480326909576831e-01
1.650273830647850750e+15,3.338418956739406251e-01
1.650273830649741250e+15,3.367353760226537429e-01
1.650273830651632000e+15,3.396292390056366295e-01
1.650273830653522500e+15,3.425227193543496917e-01
1.650273830655413250e+15,3.426719024726430640e-01
1.650273830657303750e+15,3.411652833647561001e-01
1.650273830659194500e+15,3.396584650213351209e-01
1.650273830661085000e+15,3.381518459134481014e-01
1.650273830662975750e+15,3.366450275700271222e-01
1.650273830664866500e+15,3.351382092266061430e-01
1.650273830666757000e+15,3.336315901187191235e-01
1.650273830668647750e+15,3.321247717752981998e-01
1.650273830670538250e+15,3.306181526674111804e-01
1.650273830672429000e+15,3.291113343239902012e-01
1.650273830674319500e+15,3.276047152161031817e-01
1.650273830676210250e+15,3.260978968726822580e-01
1.650273830678101000e+15,3.252039270317554354e-01
1.650273830679991500e+15,3.252039270317556019e-01
1.650273830681882250e+15,3.252039270317557129e-01
1.650273830683772750e+15,3.252039270317558239e-01
1.650273830685663500e+15,3.252039270317559905e-01
1.650273830687554000e+15,3.252039270317561570e-01
1.650273830689444750e+15,3.252039270317562680e-01
1.650273830691335250e+15,3.252039270317563791e-01
1.650273830693226000e+15,3.252039270317563791e-01
1.650273830695116750e+15,3.252039270317563791e-01
1.650273830697007250e+15,3.252039270317563791e-01
1.650273830698898000e+15,3.252039270317564346e-01
1.650273830700788500e+15,3.258119564066100371e-01
1.650273830702679250e+15,3.279155822812752641e-01
1.650273830704569750e+15,3.300189300089254596e-01
1.650273830706460500e+15,3.321225558835906311e-01
1.650273830708351250e+15,3.342261817582558581e-01
1.650273830710241750e+15,3.363295294859061091e-01
1.650273830712132500e+15,3.379620472224724725e-01
1.650273830714023000e+15,3.390303804991339209e-01
1.650273830715913750e+15,3.400988550523461607e-01
1.650273830717804250e+15,3.411671883290077201e-01
1.650273830719695000e+15,3.422356628822199043e-01
1.650273830721585500e+15,3.433039961588814082e-01
1.650273830723476250e+15,3.443724707120936479e-01
1.650273830725367000e+15,3.454409452653058876e-01
1.650273830727257500e+15,3.465092785419673915e-01
1.650273830729148250e+15,3.475777530951796312e-01
1.650273830731038750e+15,3.486460863718411352e-01
1.650273830732929500e+15,3.497145609250533194e-01
1.650273830734820000e+15,3.522046712693193138e-01
1.650273830736710750e+15,3.547405175422766455e-01
1.650273830738601500e+15,3.572763638152339771e-01
1.650273830740492000e+15,3.598118747918442883e-01
1.650273830742382750e+15,3.623477210648016200e-01
1.650273830744273250e+15,3.648832320414118757e-01
1.650273830746164000e+15,3.674190783143692629e-01
1.650273830748054500e+15,3.666462973503609168e-01
1.650273830749945250e+15,3.645193385642615524e-01
1.650273830751835750e+15,3.623926610103169188e-01
1.650273830753726500e+15,3.602657022242174989e-01
1.650273830755617250e+15,3.581387434381181345e-01
1.650273830757507750e+15,3.560120658841734453e-01
1.650273830759398500e+15,3.538851070980740809e-01
1.650273830761289000e+15,3.517584295441293918e-01
1.650273830763179750e+15,3.496314707580300274e-01
1.650273830765070250e+15,3.475047932040853382e-01
1.650273830766961000e+15,3.453778344179859738e-01
1.650273830768851750e+15,3.442153610369116934e-01
1.650273830770742250e+15,3.477733589567002515e-01
1.650273830772633000e+15,3.513318273866606889e-01
1.650273830774523500e+15,3.548898253064492470e-01
1.650273830776414250e+15,3.584482937364096289e-01
1.650273830778304750e+15,3.620062916561982425e-01
1.650273830780195500e+15,3.655647600861586799e-01
1.650273830782086000e+15,3.679823280466856250e-01
1.650273830783976750e+15,3.673457226527666597e-01
1.650273830785867500e+15,3.667091172588478054e-01
1.650273830787758000e+15,3.660725960385893263e-01
1.650273830789648750e+15,3.654359906446704720e-01
1.650273830791539250e+15,3.647994694244119374e-01
1.650273830793430000e+15,3.641628640304930276e-01
1.650273830795320500e+15,3.635263428102345484e-01
1.650273830797211250e+15,3.628897374163156941e-01
1.650273830799102000e+15,3.622531320223967288e-01
1.650273830800992500e+15,3.607166031103419823e-01
1.650273830802883250e+15,3.586577749472932286e-01
1.650273830804773750e+15,3.565992190079868007e-01
1.650273830806664500e+15,3.545403908449380470e-01
1.650273830808555000e+15,3.524818349056316191e-01
1.650273830810445750e+15,3.504230067425828654e-01
1.650273830812336250e+15,3.513645974362009095e-01
1.650273830814227000e+15,3.537714470894889329e-01
1.650273830816117750e+15,3.561782967427770674e-01
1.650273830818008250e+15,3.585848281559946837e-01
1.650273830819899000e+15,3.609916778092828182e-01
1.650273830821789500e+15,3.633982092225004346e-01
1.650273830823680250e+15,3.658050588757885135e-01
1.650273830825570750e+15,3.682115902890061854e-01
1.650273830827461500e+15,3.706184399422942644e-01
1.650273830829352250e+15,3.730252895955823988e-01
1.650273830831242750e+15,3.754318210088000152e-01
1.650273830833133500e+15,3.778386706620880942e-01
1.650273830835024000e+15,3.802452020753057660e-01
1.650273830836914750e+15,3.828697026795994107e-01
1.650273830838805250e+15,3.855116619989111815e-01
1.650273830840696000e+15,3.881539706913145205e-01
1.650273830842586500e+15,3.907959300106262912e-01
1.650273830844477250e+15,3.934382387030297412e-01
1.650273830846368000e+15,3.960805473954330802e-01
1.650273830848258500e+15,3.987225067147447954e-01
1.650273830850149250e+15,3.988350048502669054e-01
1.650273830852039750e+15,3.988350048502668499e-01
1.650273830853930500e+15,3.988350048502669054e-01
1.650273830855821000e+15,3.988350048502668499e-01
1.650273830857711750e+15,3.988350048502668499e-01
1.650273830859602500e+15,3.982321243078480455e-01
1.650273830861493000e+15,3.971936316741871975e-01
1.650273830863383750e+15,3.961550017101065357e-01
1.650273830865274250e+15,3.951165090764456322e-01
1.650273830867165000e+15,3.940778791123650260e-01
1.650273830869055500e+15,3.930393864787041225e-01
1.650273830870946250e+15,3.926990816987236954e-01
1.650273830872836750e+15,3.926990816987237509e-01
1.650273830874727500e+15,3.926990816987236954e-01
1.650273830876618250e+15,3.926990816987236954e-01
1.650273830878508750e+15,3.926990816987236954e-01
1.650273830880399500e+15,3.926990816987236954e-01
1.650273830882290000e+15,3.926990816987236954e-01
1.650273830884180750e+15,3.926990816987236954e-01
1.650273830886071250e+15,3.926990816987236954e-01
1.650273830887962000e+15,3.926990816987236954e-01
1.650273830889852750e+15,3.926990816987237509e-01
1.650273830891743250e+15,3.926990816987236954e-01
1.650273830893634000e+15,3.926990816987236954e-01
1.650273830895524500e+15,3.926990816987236954e-01
1.650273830897415250e+15,3.926990816987236954e-01
1.650273830899305750e+15,3.926990816987236954e-01
1.650273830901196500e+15,3.926990816987236954e-01
1.650273830903087000e+15,3.926990816987236954e-01
1.650273830904977750e+15,3.940746145434533276e-01
1.650273830906868500e+15,3.955351164253415597e-01
1.650273830908759000e+15,3.969954251957817370e-01
1.650273830910649750e+15,3.984559270776700246e-01
1.650273830912540250e+15,3.999162358481102020e-01
1.650273830914431000e+15,4.013767377299984895e-01
1.650273830916321500e+15,4.028370465004386669e-01
1.650273830918212250e+15,4.042975483823269545e-01
1.650273830920103000e+15,4.049709280018092827e-01
1.650273830921993500e+15,4.049709280018092827e-01
1.650273830923884250e+15,4.049709280018092272e-01
1.650273830925774750e+15,4.049709280018092272e-01
1.650273830927665500e+15,4.049709280018092272e-01
1.650273830929556000e+15,4.049709280018092272e-01
1.650273830931446750e+15,4.049709280018092827e-01
1.650273830933337250e+15,4.049709280018092272e-01
1.650273830935228000e+15,4.049709280018092272e-01
1.650273830937118750e+15,4.049709280018092827e-01
1.650273830939009250e+15,4.049709280018092827e-01
1.650273830940900000e+15,4.049709280018092272e-01
1.650273830942790500e+15,4.049709280018092272e-01
1.650273830944681250e+15,4.049709280018092272e-01
1.650273830946571750e+15,4.049709280018092272e-01
1.650273830948462500e+15,4.049709280018092827e-01
1.650273830950353250e+15,4.049709280018092272e-01
1.650273830952243750e+15,4.049709280018092272e-01
1.650273830954134500e+15,4.049709280018092272e-01
1.650273830956025000e+15,4.049709280018092272e-01
1.650273830957915750e+15,4.049709280018092827e-01
1.650273830959806250e+15,4.049709280018092272e-01
1.650273830961697000e+15,4.049709280018092827e-01
1.650273830963587500e+15,4.049709280018092272e-01
1.650273830965478250e+15,4.049709280018092272e-01
1.650273830967369000e+15,4.049709280018092272e-01
1.650273830969259500e+15,4.049709280018092827e-01
1.650273830971150250e+15,4.051255451177393496e-01
1.650273830973040750e+15,4.074593068555910080e-01
1.650273830974931500e+15,4.097933772104405126e-01
1.650273830976822000e+15,4.121271389482921155e-01
1.650273830978712750e+15,4.144612093031416755e-01
1.650273830980603500e+15,4.167952796579911801e-01
1.650273830982494000e+15,4.154151543096594179e-01
1.650273830984384750e+15,4.131536539785132245e-01
1.650273830986275250e+15,4.108924526689632928e-01
1.650273830988166000e+15,4.086309523378172104e-01
1.650273830990056500e+15,4.063697510282671121e-01
1.650273830991947250e+15,4.053353945097811772e-01
1.650273830993837750e+15,4.062907136547670994e-01
1.650273830995728500e+15,4.072461591312982465e-01
1.650273830997619250e+15,4.082016046078294491e-01
1.650273830999509750e+15,4.091569237528153158e-01
1.650273831001400500e+15,4.101123692293464629e-01
1.650273831003291000e+15,4.110676883743324406e-01
1.650273831005181750e+15,4.120231338508635877e-01
1.650273831007072250e+15,4.129784529958495098e-01
1.650273831008963000e+15,4.139338984723806569e-01
1.650273831010853750e+15,4.148893439489118040e-01
1.650273831012744250e+15,4.158446630938977262e-01
1.650273831014635000e+15,4.168001085704288733e-01
1.650273831016525500e+15,4.168010731740325880e-01
1.650273831018416250e+15,4.159778633039707962e-01
1.650273831020306750e+15,4.151547622809103055e-01
1.650273831022197500e+15,4.143315524108485137e-01
1.650273831024088000e+15,4.135084513877880230e-01
1.650273831025978750e+15,4.126852415177262312e-01
1.650273831027869500e+15,4.118620316476644394e-01
1.650273831029760000e+15,4.112904345848131249e-01
1.650273831031650750e+15,4.135155010786334961e-01
1.650273831033541250e+15,4.157402733682368234e-01
1.650273831035432000e+15,4.179653398620571947e-01
1.650273831037322500e+15,4.201901121516605220e-01
1.650273831039213250e+15,4.224151786454808932e-01
1.650273831041104000e+15,4.233786974564370809e-01
1.650273831042994500e+15,4.233786974564370809e-01
1.650273831044885250e+15,4.233786974564370809e-01
1.650273831046775750e+15,4.233786974564370809e-01
1.650273831048666500e+15,4.233786974564370809e-01
1.650273831050557000e+15,4.233786974564370809e-01
1.650273831052447750e+15,4.233786974564370809e-01
1.650273831054338250e+15,4.233786974564370809e-01
1.650273831056229000e+15,4.233786974564370809e-01
1.650273831058119750e+15,4.233786974564370253e-01
1.650273831060010250e+15,4.233786974564370809e-01
1.650273831061901000e+15,4.233786974564370809e-01
1.650273831063791500e+15,4.242776617395400685e-01
1.650273831065682250e+15,4.253882247701034069e-01
1.650273831067572750e+15,4.264986409590654226e-01
1.650273831069463500e+15,4.276092039896287056e-01
1.650273831071354250e+15,4.287197670201919886e-01
1.650273831073244750e+15,4.298301832091540042e-01
1.650273831075135500e+15,4.309407462397173427e-01
1.650273831077026000e+15,4.320511624286793584e-01
1.650273831078916750e+15,4.331617254592426414e-01
1.650273831080807250e+15,4.342721416482046015e-01
1.650273831082698000e+15,4.353827046787678845e-01
1.650273831084588500e+15,4.332936066164276290e-01
1.650273831086479250e+15,4.301870336618742741e-01
1.650273831088370000e+15,4.270804607073208636e-01
1.650273831090260500e+15,4.239742985121163210e-01
1.650273831092151250e+15,4.240513821448405607e-01
1.650273831094041750e+15,4.248835172035199670e-01
1.650273831095932500e+15,4.257157623038627658e-01
1.650273831097823000e+15,4.265478973625421721e-01
1.650273831099713750e+15,4.273801424628849710e-01
1.650273831101604500e+15,4.282123875632277143e-01
1.650273831103495000e+15,4.290445226219071762e-01
1.650273831105385750e+15,4.299858107118558759e-01
1.650273831107276250e+15,4.310685027706567252e-01
1.650273831109167000e+15,4.321513380048157549e-01
1.650273831111057500e+15,4.332340300636166042e-01
1.650273831112948250e+15,4.343168652977756894e-01
1.650273831114838750e+15,4.353995573565765942e-01
1.650273831116729500e+15,4.364523816702392534e-01
1.650273831118620250e+15,4.374961510538450393e-01
1.650273831120510750e+15,4.385397824274834822e-01
1.650273831122401500e+15,4.395835518110892681e-01
1.650273831124292000e+15,4.406271831847276554e-01
1.650273831126182750e+15,4.416709525683334969e-01
1.650273831128073250e+15,4.427145839419718842e-01
1.650273831129964000e+15,4.437583533255776702e-01
1.650273831131854750e+15,4.448021227091834562e-01
1.650273831133745250e+15,4.458457540828218990e-01
1.650273831135636000e+15,4.468895234664276850e-01
1.650273831137526500e+15,4.479167151194534124e-01
1.650273831139417250e+15,4.473664639005775490e-01
1.650273831141307750e+15,4.468162854373831094e-01
1.650273831143198500e+15,4.462660342185073015e-01
1.650273831145089000e+15,4.457158557553128064e-01
1.650273831146979750e+15,4.451656045364369430e-01
1.650273831148870500e+15,4.446153533175610795e-01
1.650273831150761000e+15,4.440651748543666399e-01
1.650273831152651750e+15,4.435149236354907765e-01
1.650273831154542250e+15,4.429647451722963369e-01
1.650273831156433000e+15,4.424144939534204735e-01
1.650273831158323500e+15,4.418643154902260339e-01
1.650273831160214250e+15,4.425448722453936279e-01
1.650273831162105000e+15,4.434282573591359355e-01
1.650273831163995500e+15,4.443115256693462300e-01
1.650273831165886250e+15,4.451949107830885377e-01
1.650273831167776750e+15,4.460781790932987212e-01
1.650273831169667500e+15,4.469615642070411399e-01
1.650273831171558000e+15,4.478448325172513789e-01
1.650273831173448750e+15,4.484339394369121212e-01
1.650273831175339250e+15,4.489946491583927113e-01
1.650273831177230000e+15,4.495554330282099387e-01
1.650273831179120750e+15,4.501162168980271661e-01
1.650273831181011250e+15,4.506769266195078116e-01
1.650273831182902000e+15,4.512377104893250390e-01
1.650273831184792500e+15,4.517984202108056291e-01
1.650273831186683250e+15,4.523592040806229120e-01
1.650273831188573750e+15,4.529199138021035020e-01
1.650273831190464500e+15,4.534806976719207849e-01
1.650273831192355250e+15,4.540414815417379013e-01
1.650273831194245750e+15,4.511375511446310549e-01
1.650273831196136500e+15,4.481260005608864172e-01
1.650273831198027000e+15,4.451148481723795625e-01
1.650273831199917750e+15,4.421032975886348693e-01
1.650273831201808250e+15,4.390921452001279590e-01
1.650273831203699000e+15,4.360805946163833213e-01
1.650273831205589500e+15,4.377429813578119777e-01
1.650273831207480250e+15,4.401843737607538665e-01
1.650273831209371000e+15,4.426257661636957552e-01
1.650273831211261500e+15,4.450668357592327817e-01
1.650273831213152250e+15,4.475082281621746705e-01
1.650273831215042750e+15,4.499492977577116415e-01
1.650273831216933500e+15,4.523906901606535302e-01
1.650273831218824000e+15,4.550879381934502255e-01
1.650273831220714750e+15,4.583379606135020712e-01
1.650273831222605500e+15,4.615879830335539724e-01
1.650273831224496000e+15,4.648375757269867514e-01
1.650273831226386750e+15,4.680875981470386527e-01
1.650273831228277250e+15,4.713371908404714317e-01
1.650273831230168000e+15,4.724660826687772097e-01
1.650273831232058500e+15,4.724660826687772652e-01
1.650273831233949250e+15,4.724660826687773207e-01
1.650273831235839750e+15,4.724660826687774318e-01
1.650273831237730500e+15,4.724660826687773763e-01
1.650273831239621250e+15,4.724660826687774873e-01
1.650273831241511750e+15,4.724660826687774873e-01
1.650273831243402500e+15,4.724660826687775428e-01
1.650273831245293000e+15,4.724660826687775983e-01
1.650273831247183750e+15,4.724660826687776538e-01
1.650273831249074250e+15,4.724660826687777093e-01
1.650273831250965000e+15,4.724660826687778759e-01
1.650273831252855750e+15,4.724660826687779314e-01
1.650273831254746250e+15,4.724660826687780424e-01
1.650273831256637000e+15,4.724660826687781534e-01
1.650273831258527500e+15,4.724660826687783199e-01
1.650273831260418250e+15,4.724660826687782089e-01
1.650273831262308750e+15,4.724660826687780979e-01
1.650273831264199500e+15,4.724660826687779869e-01
1.650273831266090000e+15,4.724660826687778759e-01
1.650273831267980750e+15,4.724660826687777093e-01
1.650273831269871500e+15,4.724660826687776538e-01
1.650273831271762000e+15,4.724660826687776538e-01
1.650273831273652750e+15,4.724660826687776538e-01
1.650273831275543250e+15,4.724660826687776538e-01
1.650273831277434000e+15,4.724660826687776538e-01
1.650273831279324500e+15,4.724660826687776538e-01
1.650273831281215250e+15,4.724660826687776538e-01
1.650273831283106000e+15,4.724660826687776538e-01
1.650273831284996500e+15,4.724660826687776538e-01
1.650273831286887250e+15,4.724660826687776538e-01
1.650273831288777750e+15,4.724660826687776538e-01
1.650273831290668500e+15,4.724660826687776538e-01
1.650273831292559000e+15,4.724660826687776538e-01
1.650273831294449750e+15,4.719966547365912479e-01
1.650273831296340250e+15,4.715087077918223013e-01
1.650273831298231000e+15,4.710206963208771747e-01
1.650273831300121750e+15,4.705326848499320480e-01
1.650273831302012250e+15,4.700447379051631014e-01
1.650273831303903000e+15,4.695567264342179192e-01
1.650273831305793500e+15,4.690687794894490836e-01
1.650273831307684250e+15,4.685807680185039015e-01
1.650273831309574750e+15,4.680928210737349549e-01
1.650273831311465500e+15,4.676048096027898282e-01
1.650273831313356250e+15,4.671167981318447016e-01
1.650273831315246750e+15,4.666288511870757549e-01
1.650273831317137500e+15,4.667041892381406654e-01
1.650273831319028000e+15,4.676682017635284683e-01
1.650273831320918750e+15,4.686323417700754002e-01
1.650273831322809250e+15,4.695963542954632031e-01
1.650273831324700000e+15,4.705604943020100794e-01
1.650273831326590500e+15,4.715245068273978823e-01
1.650273831328481250e+15,4.724660826687776538e-01
1.650273831330372000e+15,4.724660826687778203e-01
1.650273831332262500e+15,4.724660826687778759e-01
1.650273831334153250e+15,4.724660826687780424e-01
1.650273831336043750e+15,4.724660826687780424e-01
1.650273831337934500e+15,4.724660826687782089e-01
1.650273831339825000e+15,4.724660826687782644e-01
1.650273831341715750e+15,4.724660826687782644e-01
1.650273831343606500e+15,4.724660826687780979e-01
1.650273831345497000e+15,4.724660826687779869e-01
1.650273831347387750e+15,4.724660826687778759e-01
1.650273831349278250e+15,4.724660826687777093e-01
1.650273831351169000e+15,4.728384204826285298e-01
1.650273831353059500e+15,4.736419645888899632e-01
1.650273831354950250e+15,4.744456149559429514e-01
1.650273831356840750e+15,4.752491590622044404e-01
1.650273831358731500e+15,4.760528094292575396e-01
1.650273831360622250e+15,4.768564597963105278e-01
1.650273831362512750e+15,4.776600039025719613e-01
1.650273831364403500e+15,4.784636542696250050e-01
1.650273831366294000e+15,4.786020058203195315e-01
1.650273831368184750e+15,4.786020058203195870e-01
1.650273831370075250e+15,4.786020058203195315e-01
1.650273831371966000e+15,4.786020058203195870e-01
1.650273831373856750e+15,4.786020058203195870e-01
1.650273831375747250e+15,4.796035430754364004e-01
1.650273831377638000e+15,4.807024298098696580e-01
1.650273831379528500e+15,4.818011712465726792e-01
1.650273831381419250e+15,4.829000579810059923e-01
1.650273831383309750e+15,4.839987994177089581e-01
1.650273831385200500e+15,4.850976861521423267e-01
1.650273831387091000e+15,4.861964275888453479e-01
1.650273831388981750e+15,4.872953143232786610e-01
1.650273831390872500e+15,4.883942010577119186e-01
1.650273831392763000e+15,4.894929424944149399e-01
1.650273831394653750e+15,4.905918292288481974e-01
1.650273831396544250e+15,4.908738521234053409e-01
1.650273831398435000e+15,4.908738521234052854e-01
1.650273831400325500e+15,4.908738521234052854e-01
1.650273831402216250e+15,4.908738521234053964e-01
1.650273831404107000e+15,4.908738521234053964e-01
1.650273831405997500e+15,4.908738521234053409e-01
1.650273831407888250e+15,4.908738521234054519e-01
1.650273831409778750e+15,4.908738521234054519e-01
1.650273831411669500e+15,4.908738521234053964e-01
1.650273831413560000e+15,4.908738521234053964e-01
1.650273831415450750e+15,4.908738521234053964e-01
1.650273831417341250e+15,4.908738521234053964e-01
1.650273831419232000e+15,4.908738521234053964e-01
1.650273831421122750e+15,4.908738521234053964e-01
1.650273831423013250e+15,4.908738521234053964e-01
1.650273831424904000e+15,4.908738521234054519e-01
1.650273831426794500e+15,4.908738521234053964e-01
1.650273831428685250e+15,4.908738521234053964e-01
1.650273831430575750e+15,4.908738521234053964e-01
1.650273831432466500e+15,4.908738521234053964e-01
1.650273831434357250e+15,4.908738521234054519e-01
1.650273831436247750e+15,4.908738521234053964e-01
1.650273831438138500e+15,4.908738521234053964e-01
1.650273831440029000e+15,4.908738521234053964e-01
1.650273831441919750e+15,4.908738521234053964e-01
1.650273831443810250e+15,4.908738521234053964e-01
1.650273831445701000e+15,4.908738521234053409e-01
1.650273831447591500e+15,4.908738521234053964e-01
1.650273831449482250e+15,4.908738521234053964e-01
1.650273831451373000e+15,4.908738521234053964e-01
1.650273831453263500e+15,4.908738521234053964e-01
1.650273831455154250e+15,4.908738521234053964e-01
1.650273831457044750e+15,4.908738521234053964e-01
1.650273831458935500e+15,4.908738521234053964e-01
1.650273831460826000e+15,4.908738521234053964e-01
1.650273831462716750e+15,4.908738521234053964e-01
1.650273831464607500e+15,4.908738521234053964e-01
1.650273831466498000e+15,4.908738521234053964e-01
1.650273831468388750e+15,4.908738521234053964e-01
1.650273831470279250e+15,4.908738521234053964e-01
1.650273831472170000e+15,4.908738521234053409e-01
1.650273831474060500e+15,4.908738521234052854e-01
1.650273831475951250e+15,4.908738521234052854e-01
1.650273831477841750e+15,4.908738521234053409e-01
1.650273831479732500e+15,4.908738521234053409e-01
1.650273831481623250e+15,4.908974363221152437e-01
1.650273831483513750e+15,4.924217415412992516e-01
1.650273831485404500e+15,4.939462483348312505e-01
1.650273831487295000e+15,4.954705535540153138e-01
1.650273831489185750e+15,4.969950603475473683e-01
1.650273831491076250e+15,4.979002474957424651e-01
1.650273831492967000e+15,4.987995186141658266e-01
1.650273831494857750e+15,4.996987897325890216e-01
1.650273831496748250e+15,5.005979419469903657e-01
1.650273831498639000e+15,5.014972130654136162e-01
1.650273831500529500e+15,5.023963652798147939e-01
1.650273831502420250e+15,5.030079242260964145e-01
1.650273831504310750e+15,5.021817160552993764e-01
1.650273831506201500e+15,5.013553986266114926e-01
1.650273831508092000e+15,5.005291904558143434e-01
1.650273831509982750e+15,4.997028730271264596e-01
1.650273831511873500e+15,4.988765555984385758e-01
1.650273831513764000e+15,4.980503474276414266e-01
1.650273831515654750e+15,4.972240299989535428e-01
1.650273831517545250e+15,4.970097752749477182e-01
1.650273831519436000e+15,4.970097752749477182e-01
1.650273831521326500e+15,4.970097752749478848e-01
1.650273831523217250e+15,4.970097752749479403e-01
1.650273831525108000e+15,4.970097752749479958e-01
1.650273831526998500e+15,4.970097752749480513e-01
1.650273831528889250e+15,4.970097752749481068e-01
1.650273831530779750e+15,4.970097752749481068e-01
1.650273831532670500e+15,4.970097752749481623e-01
1.650273831534561000e+15,4.970097752749481623e-01
1.650273831536451750e+15,4.970097752749482178e-01
1.650273831538342250e+15,4.970097752749482178e-01
1.650273831540233000e+15,4.970097752749482733e-01
1.650273831542123750e+15,4.970097752749482178e-01
1.650273831544014250e+15,4.970097752749482733e-01
1.650273831545905000e+15,4.970097752749482733e-01
1.650273831547795500e+15,4.970097752749482178e-01
1.650273831549686250e+15,4.970097752749482178e-01
1.650273831551576750e+15,4.970097752749481623e-01
1.650273831553467500e+15,4.970097752749481623e-01
1.650273831555358250e+15,4.970097752749480513e-01
1.650273831557248750e+15,4.970097752749480513e-01
1.650273831559139500e+15,4.970097752749479958e-01
1.650273831561030000e+15,4.970097752749480513e-01
1.650273831562920750e+15,4.970097752749480513e-01
1.650273831564811250e+15,4.970097752749480513e-01
1.650273831566702000e+15,4.970097752749479403e-01
1.650273831568592500e+15,4.970097752749479958e-01
1.650273831570483250e+15,4.970097752749480513e-01
1.650273831572374000e+15,4.970097752749479958e-01
1.650273831574264500e+15,4.970097752749479403e-01
1.650273831576155250e+15,4.970097752749479958e-01
1.650273831578045750e+15,4.970097752749480513e-01
1.650273831579936500e+15,4.970097752749480513e-01
1.650273831581827000e+15,4.970097752749479958e-01
1.650273831583717750e+15,4.970097752749480513e-01
1.650273831585608500e+15,4.970097752749479958e-01
1.650273831587499000e+15,4.970097752749480513e-01
1.650273831589389750e+15,4.970097752749479403e-01
1.650273831591280250e+15,4.970097752749479958e-01
1.650273831593171000e+15,4.970097752749479958e-01
1.650273831595061500e+15,4.970097752749481068e-01
1.650273831596952250e+15,4.970097752749481068e-01
1.650273831598842750e+15,4.970097752749481623e-01
1.650273831600733500e+15,4.970097752749482178e-01
1.650273831602624250e+15,4.970097752749482178e-01
1.650273831604514750e+15,4.970097752749482733e-01
1.650273831606405500e+15,4.970097752749483844e-01
1.650273831608296000e+15,4.970097752749483844e-01
1.650273831610186750e+15,4.970097752749484399e-01
1.650273831612077250e+15,4.970097752749484954e-01
1.650273831613968000e+15,4.970097752749484954e-01
