1.650513676790513000e+15,1.840776945462767600e-01
1.650513676792397000e+15,1.840776945462768155e-01
1.650513676794281250e+15,1.840776945462768155e-01
1.650513676796165250e+15,1.840776945462768432e-01
1.650513676798049250e+15,1.840776945462768710e-01
1.650513676799933250e+15,1.840776945462769265e-01
1.650513676801817500e+15,1.840776945462769265e-01
1.650513676803701500e+15,1.840776945462769820e-01
1.650513676805585500e+15,1.840776945462769820e-01
1.650513676807469500e+15,1.840776945462770375e-01
1.650513676809353750e+15,1.840776945462770375e-01
1.650513676811237750e+15,1.840776945462770930e-01
1.650513676813121750e+15,1.840776945462770930e-01
1.650513676815005750e+15,1.840776945462770930e-01
1.650513676816890000e+15,1.840776945462770375e-01
1.650513676818774000e+15,1.840776945462770375e-01
1.650513676820658000e+15,1.840776945462770375e-01
1.650513676822542250e+15,1.840776945462770098e-01
1.650513676824426250e+15,1.840776945462770098e-01
1.650513676826310250e+15,1.840776945462770930e-01
1.650513676828194250e+15,1.840776945462772041e-01
1.650513676830078500e+15,1.840776945462773151e-01
1.650513676831962500e+15,1.840776945462774261e-01
1.650513676833846500e+15,1.840776945462775371e-01
1.650513676835730500e+15,1.840776945462776204e-01
1.650513676837614750e+15,1.840776945462776204e-01
1.650513676839498750e+15,1.840776945462775649e-01
1.650513676841382750e+15,1.840776945462775371e-01
1.650513676843266750e+15,1.840776945462774816e-01
1.650513676845151000e+15,1.840776945462774261e-01
1.650513676847035000e+15,1.840776945462773706e-01
1.650513676848919000e+15,1.840776945462773428e-01
1.650513676850803250e+15,1.840776945462773151e-01
1.650513676852687250e+15,1.840776945462772318e-01
1.650513676854571250e+15,1.840776945462771763e-01
1.650513676856455250e+15,1.840776945462771486e-01
1.650513676858339500e+15,1.840776945462771208e-01
1.650513676860223500e+15,1.840776945462770930e-01
1.650513676862107500e+15,1.840776945462770653e-01
1.650513676863991500e+15,1.840776945462769820e-01
1.650513676865875750e+15,1.840776945462769820e-01
1.650513676867759750e+15,1.840776945462769265e-01
1.650513676869643750e+15,1.840776945462769265e-01
1.650513676871527750e+15,1.840776945462768710e-01
1.650513676873412000e+15,1.840776945462768432e-01
1.650513676875296000e+15,1.840776945462767877e-01
1.650513676877180000e+15,1.842072151716472594e-01
1.650513676879064250e+15,1.850850901297562967e-01
1.650513676880948250e+15,1.859628486124828284e-01
1.650513676882832250e+15,1.868406070952093323e-01
1.650513676884716250e+15,1.877183655779358640e-01
1.650513676886600500e+15,1.885962405360449012e-01
1.650513676888484500e+15,1.894739990187714052e-01
1.650513676890368500e+15,1.900595440854870311e-01
1.650513676892252500e+15,1.890805400867143493e-01
1.650513676894136750e+15,1.881014061776445923e-01
1.650513676896020750e+15,1.871224021788719383e-01
1.650513676897904750e+15,1.861433981800992288e-01
1.650513676899788750e+15,1.851643941813265748e-01
1.650513676901673000e+15,1.841852602722567900e-01
1.650513676903557000e+15,1.840776945462770930e-01
1.650513676905441000e+15,1.840776945462772041e-01
1.650513676907325250e+15,1.840776945462773151e-01
1.650513676909209250e+15,1.840776945462774261e-01
1.650513676911093250e+15,1.840776945462775649e-01
1.650513676912977250e+15,1.840776945462776482e-01
1.650513676914861500e+15,1.840776945462776759e-01
1.650513676916745500e+15,1.840776945462776759e-01
1.650513676918629500e+15,1.840776945462776482e-01
1.650513676920513500e+15,1.840776945462776759e-01
1.650513676922397750e+15,1.840776945462776482e-01
1.650513676924281750e+15,1.840776945462776482e-01
1.650513676926165750e+15,1.840776945462776482e-01
1.650513676928049750e+15,1.840776945462776482e-01
1.650513676929934000e+15,1.840776945462776482e-01
1.650513676931818000e+15,1.840776945462776482e-01
1.650513676933702000e+15,1.840776945462776482e-01
1.650513676935586250e+15,1.847549379873196784e-01
1.650513676937470250e+15,1.856099734324014039e-01
1.650513676939354250e+15,1.864650088774831294e-01
1.650513676941238250e+15,1.873200443225648826e-01
1.650513676943122500e+15,1.881751932277640205e-01
1.650513676945006500e+15,1.890302286728457459e-01
1.650513676946890500e+15,1.898852641179274714e-01
1.650513676948774500e+15,1.902136176978195259e-01
1.650513676950658750e+15,1.902136176978195259e-01
1.650513676952542750e+15,1.902136176978195259e-01
1.650513676954426750e+15,1.902136176978195259e-01
1.650513676956310750e+15,1.902136176978195536e-01
1.650513676958195000e+15,1.902136176978195259e-01
1.650513676960079000e+15,1.902136176978195536e-01
1.650513676961963000e+15,1.902136176978195536e-01
1.650513676963847250e+15,1.902136176978195259e-01
1.650513676965731250e+15,1.902136176978195536e-01
1.650513676967615250e+15,1.902136176978195536e-01
1.650513676969499250e+15,1.902136176978195259e-01
1.650513676971383500e+15,1.902136176978195259e-01
1.650513676973267500e+15,1.902136176978195259e-01
1.650513676975151500e+15,1.902136176978195536e-01
1.650513676977035500e+15,1.902136176978195259e-01
1.650513676978919750e+15,1.902136176978195259e-01
1.650513676980803750e+15,1.902136176978195259e-01
1.650513676982687750e+15,1.902136176978195536e-01
1.650513676984571750e+15,1.902136176978195259e-01
1.650513676986456000e+15,1.902136176978195259e-01
1.650513676988340000e+15,1.902136176978195259e-01
1.650513676990224000e+15,1.902136176978195536e-01
1.650513676992108250e+15,1.902136176978196924e-01
1.650513676993992250e+15,1.902136176978198590e-01
1.650513676995876250e+15,1.902136176978199700e-01
1.650513676997760250e+15,1.902136176978201365e-01
1.650513676999644500e+15,1.902136176978202753e-01
1.650513677001528500e+15,1.903171708305098353e-01
1.650513677003412500e+15,1.911785134441380540e-01
1.650513677005296500e+15,1.920398560577663283e-01
1.650513677007180750e+15,1.929013129684505334e-01
1.650513677009064750e+15,1.937626555820788077e-01
1.650513677010948750e+15,1.946239981957070542e-01
1.650513677012832750e+15,1.954853408093353284e-01
1.650513677014717000e+15,1.963467977200195336e-01
1.650513677016601000e+15,1.963495408493622918e-01
1.650513677018485000e+15,1.963495408493622918e-01
1.650513677020369250e+15,1.963495408493622918e-01
1.650513677022253250e+15,1.963495408493622918e-01
1.650513677024137250e+15,1.963495408493622918e-01
1.650513677026021250e+15,1.970586386610491958e-01
1.650513677027905500e+15,1.979261066381120260e-01
1.650513677029789500e+15,1.987934595205779753e-01
1.650513677031673500e+15,1.996608124030438691e-01
1.650513677033557500e+15,2.005281652855097629e-01
1.650513677035441750e+15,2.013956332625726486e-01
1.650513677037325750e+15,2.022629861450385425e-01
1.650513677039209750e+15,2.038762986232450780e-01
1.650513677041093750e+15,2.057469625022309290e-01
1.650513677042978000e+15,2.076178746115616980e-01
1.650513677044862000e+15,2.094885384905475489e-01
1.650513677046746000e+15,2.113592023695333999e-01
1.650513677048630250e+15,2.132301144788641412e-01
1.650513677050514250e+15,2.151007783578500199e-01
1.650513677052398250e+15,2.169714422368358431e-01
1.650513677054282250e+15,2.188421061158216940e-01
1.650513677056166500e+15,2.207130182251524630e-01
1.650513677058050500e+15,2.215936766073026976e-01
1.650513677059934500e+15,2.223687925532263632e-01
1.650513677061818500e+15,2.231439084991500288e-01
1.650513677063702750e+15,2.239191273001621130e-01
1.650513677065586750e+15,2.246942432460857786e-01
1.650513677067470750e+15,2.254693591920094442e-01
1.650513677069354750e+15,2.262444751379331376e-01
1.650513677071239000e+15,2.270196939389451662e-01
1.650513677073123000e+15,2.270291566070747891e-01
1.650513677075007000e+15,2.270291566070747613e-01
1.650513677076891250e+15,2.270291566070747891e-01
1.650513677078775250e+15,2.270291566070747613e-01
1.650513677080659250e+15,2.270291566070747891e-01
1.650513677082543250e+15,2.270291566070747891e-01
1.650513677084427500e+15,2.270291566070747891e-01
1.650513677086311500e+15,2.270291566070747891e-01
1.650513677088195500e+15,2.270291566070747613e-01
1.650513677090079500e+15,2.274498090973537945e-01
1.650513677091963750e+15,2.290024329069683673e-01
1.650513677093847750e+15,2.305548507163428240e-01
1.650513677095731750e+15,2.321072685257173085e-01
1.650513677097615750e+15,2.336596863350917652e-01
1.650513677099500000e+15,2.352123101447063380e-01
1.650513677101384000e+15,2.367647279540808225e-01
1.650513677103268000e+15,2.383171457634553070e-01
1.650513677105152250e+15,2.395447764197355667e-01
1.650513677107036250e+15,2.402101430145039129e-01
1.650513677108920250e+15,2.408755096092722869e-01
1.650513677110804250e+15,2.415408762040406887e-01
1.650513677112688500e+15,2.422063310905546163e-01
1.650513677114572500e+15,2.428716976853230181e-01
1.650513677116456500e+15,2.435370642800913643e-01
1.650513677118340500e+15,2.442024308748597661e-01
1.650513677120224750e+15,2.448678857613737214e-01
1.650513677122108750e+15,2.452828926480276894e-01
1.650513677123992750e+15,2.442189184908711563e-01
1.650513677125876750e+15,2.431549443337145955e-01
1.650513677127761000e+15,2.420908289910277122e-01
1.650513677129645000e+15,2.410268548338711514e-01
1.650513677131529000e+15,2.399628806767146183e-01
1.650513677133413250e+15,2.393010029101607372e-01
1.650513677135297250e+15,2.393010029101606539e-01
1.650513677137181250e+15,2.393010029101605984e-01
1.650513677139065250e+15,2.393010029101604874e-01
1.650513677140949500e+15,2.393010029101604597e-01
1.650513677142833500e+15,2.393010029101604041e-01
1.650513677144717500e+15,2.393010029101603209e-01
1.650513677146601500e+15,2.393010029101602376e-01
1.650513677148485750e+15,2.393010029101602099e-01
1.650513677150369750e+15,2.393010029101600988e-01
1.650513677152253750e+15,2.393010029101600433e-01
1.650513677154137750e+15,2.393010029101599878e-01
1.650513677156022000e+15,2.393010029101599323e-01
1.650513677157906000e+15,2.393010029101598768e-01
1.650513677159790000e+15,2.393010029101599045e-01
1.650513677161674250e+15,2.393010029101598768e-01
1.650513677163558250e+15,2.393010029101598768e-01
1.650513677165442250e+15,2.393010029101598768e-01
1.650513677167326250e+15,2.393010029101598768e-01
1.650513677169210500e+15,2.393010029101599045e-01
1.650513677171094500e+15,2.393010029101597935e-01
1.650513677172978500e+15,2.393010029101597103e-01
1.650513677174862500e+15,2.393010029101596547e-01
1.650513677176746750e+15,2.393010029101595992e-01
1.650513677178630750e+15,2.393010029101594882e-01
1.650513677180514750e+15,2.394509891099714238e-01
1.650513677182398750e+15,2.404794659086819664e-01
1.650513677184283000e+15,2.415080791825515716e-01
1.650513677186167000e+15,2.425365559812621141e-01
1.650513677188051000e+15,2.435650327799726567e-01
1.650513677189935250e+15,2.445936460538422619e-01
1.650513677191819250e+15,2.454369260617021986e-01
1.650513677193703250e+15,2.454369260617021709e-01
1.650513677195587250e+15,2.454369260617021986e-01
1.650513677197471500e+15,2.454369260617021986e-01
1.650513677199355500e+15,2.454369260617021986e-01
1.650513677201239500e+15,2.454369260617021986e-01
1.650513677203123500e+15,2.454369260617021986e-01
1.650513677205007750e+15,2.454369260617023651e-01
1.650513677206891750e+15,2.454369260617025039e-01
1.650513677208775750e+15,2.454369260617026427e-01
1.650513677210659750e+15,2.454369260617027537e-01
1.650513677212544000e+15,2.454369260617029203e-01
1.650513677214428000e+15,2.454369260617030868e-01
1.650513677216312000e+15,2.454369260617030590e-01
1.650513677218196250e+15,2.454369260617030590e-01
1.650513677220080250e+15,2.454369260617030868e-01
1.650513677221964250e+15,2.454369260617030868e-01
1.650513677223848250e+15,2.454369260617030590e-01
1.650513677225732500e+15,2.454369260617030868e-01
1.650513677227616500e+15,2.448245265288270522e-01
1.650513677229500500e+15,2.436417887328880538e-01
1.650513677231384500e+15,2.424590509369491387e-01
1.650513677233268750e+15,2.412761561959735901e-01
1.650513677235152750e+15,2.400934184000345639e-01
1.650513677237036750e+15,2.407611262335951352e-01
1.650513677238920750e+15,2.451855288734857696e-01
1.650513677240805000e+15,2.496105186156375166e-01
1.650513677242689000e+15,2.540349212555281788e-01
1.650513677244573000e+15,2.584593238954188132e-01
1.650513677246457250e+15,2.628843136375705325e-01
1.650513677248341250e+15,2.673087162774611669e-01
1.650513677250225250e+15,2.694915732068198788e-01
1.650513677252109250e+15,2.682569177312772446e-01
1.650513677253993500e+15,2.670220984214093374e-01
1.650513677255877500e+15,2.657874429458666476e-01
1.650513677257761500e+15,2.645527874703240134e-01
1.650513677259645500e+15,2.633181319947813792e-01
1.650513677261529750e+15,2.620833126849134720e-01
1.650513677263413750e+15,2.608486572093707823e-01
1.650513677265297750e+15,2.596140017338281480e-01
1.650513677267181750e+15,2.583793462582855138e-01
1.650513677269066000e+15,2.618691063544773545e-01
1.650513677270950000e+15,2.709725549451561522e-01
1.650513677272834000e+15,2.800760035358348943e-01
1.650513677274718250e+15,2.891806601212841832e-01
1.650513677276602250e+15,2.982841087119628698e-01
1.650513677278486250e+15,2.988026326582262082e-01
1.650513677280370250e+15,2.962889162066504878e-01
1.650513677282254500e+15,2.937748661939745820e-01
1.650513677284138500e+15,2.912611497423989171e-01
1.650513677286022500e+15,2.887474332908231966e-01
1.650513677287906500e+15,2.862337168392475872e-01
1.650513677289790750e+15,2.837196668265715704e-01
1.650513677291674750e+15,2.812059503749959055e-01
1.650513677293558750e+15,2.786922339234202406e-01
1.650513677295442750e+15,2.761785174718445757e-01
1.650513677297327000e+15,2.736644674591686144e-01
1.650513677299211000e+15,2.711507510075928939e-01
1.650513677301095000e+15,2.708926296809511802e-01
1.650513677302979250e+15,2.725991408541310057e-01
1.650513677304863250e+15,2.743054256094823451e-01
1.650513677306747250e+15,2.760117103648336845e-01
1.650513677308631250e+15,2.777179951201850239e-01
1.650513677310515500e+15,2.794245062933648494e-01
1.650513677312399500e+15,2.811307910487161887e-01
1.650513677314283500e+15,2.822524649709574618e-01
1.650513677316167500e+15,2.822524649709575173e-01
1.650513677318051750e+15,2.822524649709575728e-01
1.650513677319935750e+15,2.822524649709575728e-01
1.650513677321819750e+15,2.822524649709576283e-01
1.650513677323703750e+15,2.822524649709576838e-01
1.650513677325588000e+15,2.822524649709576838e-01
1.650513677327472000e+15,2.822524649709577393e-01
1.650513677329356000e+15,2.822524649709577949e-01
1.650513677331240250e+15,2.822524649709577949e-01
1.650513677333124250e+15,2.822524649709578504e-01
1.650513677335008250e+15,2.822524649709579059e-01
1.650513677336892250e+15,2.822524649709579059e-01
1.650513677338776500e+15,2.822524649709579059e-01
1.650513677340660500e+15,2.822524649709579059e-01
1.650513677342544500e+15,2.822524649709579059e-01
1.650513677344428500e+15,2.822524649709579059e-01
1.650513677346312750e+15,2.822524649709579059e-01
1.650513677348196750e+15,2.822524649709579059e-01
1.650513677350080750e+15,2.837161316358697838e-01
1.650513677351964750e+15,2.855721289414016595e-01
1.650513677353849000e+15,2.874283725310770587e-01
1.650513677355733000e+15,2.892843698366089344e-01
1.650513677357617000e+15,2.911403671421408657e-01
1.650513677359501250e+15,2.929966107318162094e-01
1.650513677361385250e+15,2.945243112740421609e-01
1.650513677363269250e+15,2.945243112740421609e-01
1.650513677365153250e+15,2.945243112740422164e-01
1.650513677367037500e+15,2.945243112740422164e-01
1.650513677368921500e+15,2.945243112740423275e-01
1.650513677370805500e+15,2.945243112740423275e-01
1.650513677372689500e+15,2.945243112740424385e-01
1.650513677374573750e+15,2.945243112740424385e-01
1.650513677376457750e+15,2.945243112740424940e-01
1.650513677378341750e+15,2.945243112740425495e-01
1.650513677380225750e+15,2.932719384976607002e-01
1.650513677382110000e+15,2.915616406872621469e-01
1.650513677383994000e+15,2.898515697970984739e-01
1.650513677385878000e+15,2.881414989069347454e-01
1.650513677387762250e+15,2.864312010965361921e-01
1.650513677389646250e+15,2.847211302063724636e-01
1.650513677391530250e+15,2.830110593162087906e-01
1.650513677393414250e+15,2.831723707838295634e-01
1.650513677395298500e+15,2.848259195822126499e-01
1.650513677397182500e+15,2.864792489897507455e-01
1.650513677399066500e+15,2.881325783972888965e-01
1.650513677400950500e+15,2.897859078048269921e-01
1.650513677402834750e+15,2.914394566032100786e-01
1.650513677404718750e+15,2.930927860107481742e-01
1.650513677406602750e+15,2.947269578932183443e-01
1.650513677408486750e+15,2.962374869952051903e-01
1.650513677410371000e+15,2.977482165389518931e-01
1.650513677412255000e+15,2.992587456409387947e-01
1.650513677414139000e+15,3.005525820219800970e-01
1.650513677416023250e+15,2.990610817168894986e-01
1.650513677417907250e+15,2.975697793022468174e-01
1.650513677419791250e+15,2.960784768876040252e-01
1.650513677421675250e+15,2.945871744729612329e-01
1.650513677423559500e+15,2.930956741678706901e-01
1.650513677425443500e+15,2.916043717532279533e-01
1.650513677427327500e+15,2.901130693385851611e-01
1.650513677429211500e+15,2.886217669239424244e-01
1.650513677431095750e+15,2.871302666188518815e-01
1.650513677432979750e+15,2.856389642042091448e-01
1.650513677434863750e+15,2.841476617895664081e-01
1.650513677436747750e+15,2.826563593749236158e-01
1.650513677438632000e+15,2.848848147985185708e-01
1.650513677440516000e+15,2.884942377061781027e-01
1.650513677442400000e+15,2.921036606138376346e-01
1.650513677444284250e+15,2.957135624788893580e-01
1.650513677446168250e+15,2.993229853865488899e-01
1.650513677448052250e+15,3.029324082942084218e-01
1.650513677449936250e+15,3.065418312018679536e-01
1.650513677451820500e+15,3.079687783518071931e-01
1.650513677453704500e+15,3.092301072353319524e-01
1.650513677455588500e+15,3.104914361188567673e-01
1.650513677457472500e+15,3.117527650023815822e-01
1.650513677459356750e+15,3.130142612596966689e-01
1.650513677461240750e+15,3.142755901432214838e-01
1.650513677463124750e+15,3.155369190267462987e-01
1.650513677465008750e+15,3.167982479102711135e-01
1.650513677466893000e+15,3.180597441675862003e-01
1.650513677468777000e+15,3.187976379782135883e-01
1.650513677470661000e+15,3.174500999904719678e-01
1.650513677472545250e+15,3.161023831893031155e-01
1.650513677474429250e+15,3.147548452015614950e-01
1.650513677476313250e+15,3.134073072138199301e-01
1.650513677478197250e+15,3.120597692260782541e-01
1.650513677480081500e+15,3.107120524249094018e-01
1.650513677481965500e+15,3.093645144371678368e-01
1.650513677483849500e+15,3.080169764494262719e-01
1.650513677485733500e+15,3.066694384616845959e-01
1.650513677487617750e+15,3.053217216605157436e-01
1.650513677489501750e+15,3.039741836727741786e-01
1.650513677491385750e+15,3.026266456850325581e-01
1.650513677493269750e+15,3.012791076972909377e-01
1.650513677495154000e+15,3.022071185649771174e-01
1.650513677497038000e+15,3.050671084752952789e-01
1.650513677498922000e+15,3.079270983856134958e-01
1.650513677500806250e+15,3.107874678062700347e-01
1.650513677502690250e+15,3.136474577165881961e-01
1.650513677504574250e+15,3.165074476269063575e-01
1.650513677506458250e+15,3.196314341587404018e-01
1.650513677508342500e+15,3.250136572376545741e-01
1.650513677510226500e+15,3.303951662097518449e-01
1.650513677512110500e+15,3.357766751818491158e-01
1.650513677513994500e+15,3.411581841539463866e-01
1.650513677515878750e+15,3.465404072328605589e-01
1.650513677517762750e+15,3.519219162049578298e-01
1.650513677519646750e+15,3.573034251770551561e-01
1.650513677521530750e+15,3.626849341491524270e-01
1.650513677523415000e+15,3.680671572280665438e-01
1.650513677525299000e+15,3.734486662001638702e-01
1.650513677527183000e+15,3.742913122440962859e-01
1.650513677529067250e+15,3.742913122440962304e-01
1.650513677530951250e+15,3.742913122440962859e-01
1.650513677532835250e+15,3.742913122440962859e-01
1.650513677534719250e+15,3.742913122440962859e-01
1.650513677536603500e+15,3.742913122440962859e-01
1.650513677538487500e+15,3.742913122440962304e-01
1.650513677540371500e+15,3.748701833755406221e-01
1.650513677542255500e+15,3.759143128266091982e-01
1.650513677544139750e+15,3.769585808298873131e-01
1.650513677546023750e+15,3.780027102809558892e-01
1.650513677547907750e+15,3.790468397320245209e-01
1.650513677549791750e+15,3.800909691830930415e-01
1.650513677551676000e+15,3.811352371863712118e-01
1.650513677553560000e+15,3.821793666374397325e-01
1.650513677555444000e+15,3.832234960885083086e-01
1.650513677557328250e+15,3.842677640917864235e-01
1.650513677559212250e+15,3.853118935428549996e-01
1.650513677561096250e+15,3.863560229939235757e-01
1.650513677562980250e+15,3.856727215394346597e-01
1.650513677564864500e+15,3.845617757146730931e-01
1.650513677566748500e+15,3.834509772888534673e-01
1.650513677568632500e+15,3.823401788630338416e-01
1.650513677570516500e+15,3.812293804372142159e-01
1.650513677572400750e+15,3.804272353956389963e-01
1.650513677574284750e+15,3.804272353956390518e-01
1.650513677576168750e+15,3.804272353956390518e-01
1.650513677578052750e+15,3.804272353956390518e-01
1.650513677579937000e+15,3.804272353956390518e-01
1.650513677581821000e+15,3.804272353956390518e-01
1.650513677583705000e+15,3.804272353956390518e-01
1.650513677585589250e+15,3.804272353956390518e-01
1.650513677587473250e+15,3.804272353956390518e-01
1.650513677589357250e+15,3.804272353956390518e-01
1.650513677591241250e+15,3.804272353956390518e-01
1.650513677593125500e+15,3.804272353956390518e-01
1.650513677595009500e+15,3.804272353956390518e-01
1.650513677596893500e+15,3.804272353956390518e-01
1.650513677598777500e+15,3.804272353956390518e-01
1.650513677600661750e+15,3.804272353956390518e-01
1.650513677602545750e+15,3.804272353956390518e-01
1.650513677604429750e+15,3.804272353956390518e-01
1.650513677606313750e+15,3.804272353956391073e-01
1.650513677608198000e+15,3.804272353956391073e-01
1.650513677610082000e+15,3.804272353956390518e-01
1.650513677611966000e+15,3.804272353956390518e-01
1.650513677613850250e+15,3.804272353956390518e-01
1.650513677615734250e+15,3.804272353956390518e-01
1.650513677617618250e+15,3.804385480325898627e-01
1.650513677619502250e+15,3.809201979312401565e-01
1.650513677621386500e+15,3.814019117430935690e-01
1.650513677623270500e+15,3.818835616417438628e-01
1.650513677625154500e+15,3.823652115403941565e-01
1.650513677627038500e+15,3.828468614390444502e-01
1.650513677628922750e+15,3.833285752508978073e-01
1.650513677630806750e+15,3.838102251495481010e-01
1.650513677632690750e+15,3.842918750481983947e-01
1.650513677634574750e+15,3.847735249468486884e-01
1.650513677636459000e+15,3.852552387587021565e-01
1.650513677638343000e+15,3.857368886573524502e-01
1.650513677640227000e+15,3.862185385560027440e-01
1.650513677642111250e+15,3.865631585471813736e-01
1.650513677643995250e+15,3.865631585471812626e-01
1.650513677645879250e+15,3.865631585471811515e-01
1.650513677647763250e+15,3.865631585471810405e-01
1.650513677649647500e+15,3.865631585471809850e-01
1.650513677651531500e+15,3.865631585471809850e-01
1.650513677653415500e+15,3.865631585471809850e-01
1.650513677655299500e+15,3.865631585471809850e-01
1.650513677657183750e+15,3.865631585471809295e-01
1.650513677659067750e+15,3.865631585471809295e-01
1.650513677660951750e+15,3.865631585471809295e-01
1.650513677662835750e+15,3.865631585471809850e-01
1.650513677664720000e+15,3.868404092966116758e-01
1.650513677666604000e+15,3.878956424520207391e-01
1.650513677668488000e+15,3.889508756074298024e-01
1.650513677670372250e+15,3.900062487884699003e-01
1.650513677672256250e+15,3.910614819438790191e-01
1.650513677674140250e+15,3.921167150992881378e-01
1.650513677676024250e+15,3.922107471285229963e-01
1.650513677677908500e+15,3.911208514650336698e-01
1.650513677679792500e+15,3.900311004075764365e-01
1.650513677681676500e+15,3.889413493501192587e-01
1.650513677683560500e+15,3.878515982926620254e-01
1.650513677685444750e+15,3.867617026291727544e-01
1.650513677687328750e+15,3.856719515717155211e-01
1.650513677689212750e+15,3.845822005142582878e-01
1.650513677691096750e+15,3.834924494568011100e-01
1.650513677692981000e+15,3.824025537933118946e-01
1.650513677694865000e+15,3.813128027358546612e-01
1.650513677696749000e+15,3.808158915722929527e-01
1.650513677698633250e+15,3.828904677786977295e-01
1.650513677700517250e+15,3.849647687328528467e-01
1.650513677702401250e+15,3.870390696870078528e-01
1.650513677704285250e+15,3.891133706411629700e-01
1.650513677706169500e+15,3.911879468475677468e-01
1.650513677708053500e+15,3.928871862652214553e-01
1.650513677709937500e+15,3.935800288913829936e-01
1.650513677711821500e+15,3.942728715175446430e-01
1.650513677713705750e+15,3.949658060814220661e-01
1.650513677715589750e+15,3.956586487075836045e-01
1.650513677717473750e+15,3.963514913337452539e-01
1.650513677719357750e+15,3.970443339599069033e-01
1.650513677721242000e+15,3.977372685237842709e-01
1.650513677723126000e+15,3.984301111499459203e-01
1.650513677725010000e+15,3.988350048502664613e-01
1.650513677726894250e+15,3.988350048502664613e-01
1.650513677728778250e+15,3.988350048502664613e-01
1.650513677730662250e+15,3.988350048502664613e-01
1.650513677732546250e+15,3.988350048502664613e-01
1.650513677734430500e+15,3.988350048502664613e-01
1.650513677736314500e+15,3.988350048502664058e-01
1.650513677738198500e+15,3.988350048502664613e-01
1.650513677740082500e+15,3.988350048502664613e-01
1.650513677741966750e+15,3.988350048502664058e-01
1.650513677743850750e+15,3.988350048502664058e-01
1.650513677745734750e+15,3.988350048502664613e-01
1.650513677747618750e+15,4.010414055494647689e-01
1.650513677749503000e+15,4.037987661977581744e-01
1.650513677751387000e+15,4.065557610027918933e-01
1.650513677753271000e+15,4.093127558078255568e-01
1.650513677755155250e+15,4.120701164561189622e-01
1.650513677757039250e+15,4.148271112611526812e-01
1.650513677758923250e+15,4.171764595947146659e-01
1.650513677760807250e+15,4.166408243793729427e-01
1.650513677762691500e+15,4.161051180871713773e-01
1.650513677764575500e+15,4.155694828718296541e-01
1.650513677766459500e+15,4.150338476564878754e-01
1.650513677768343500e+15,4.144982124411461522e-01
1.650513677770227750e+15,4.139625061489445867e-01
1.650513677772111750e+15,4.134268709336028635e-01
1.650513677773995750e+15,4.128912357182610848e-01
1.650513677775879750e+15,4.123556005029193061e-01
1.650513677777764000e+15,4.118198942107177962e-01
1.650513677779648000e+15,4.112842589953760175e-01
1.650513677781532000e+15,4.111068511533519931e-01
1.650513677783416250e+15,4.111068511533519931e-01
1.650513677785300250e+15,4.111068511533519931e-01
1.650513677787184250e+15,4.111068511533519931e-01
1.650513677789068250e+15,4.111068511533520486e-01
1.650513677790952500e+15,4.111068511533519931e-01
1.650513677792836500e+15,4.111068511533519931e-01
1.650513677794720500e+15,4.128352601850717174e-01
1.650513677796604500e+15,4.146210142929741549e-01
1.650513677798488750e+15,4.164070053640012148e-01
1.650513677800372750e+15,4.181927594719036523e-01
1.650513677802256750e+15,4.199785135798060343e-01
1.650513677804140750e+15,4.217642676877084162e-01
1.650513677806025000e+15,4.233786974564370809e-01
1.650513677807909000e+15,4.233786974564370809e-01
1.650513677809793000e+15,4.233786974564370809e-01
1.650513677811677250e+15,4.233786974564370809e-01
1.650513677813561250e+15,4.233786974564370809e-01
1.650513677815445250e+15,4.233786974564370809e-01
1.650513677817329250e+15,4.233786974564370809e-01
1.650513677819213500e+15,4.233786974564371364e-01
1.650513677821097500e+15,4.233786974564370809e-01
1.650513677822981500e+15,4.233786974564371364e-01
1.650513677824865500e+15,4.233786974564370809e-01
1.650513677826749750e+15,4.233786974564370809e-01
1.650513677828633750e+15,4.233786974564370809e-01
1.650513677830517750e+15,4.233786974564370809e-01
1.650513677832401750e+15,4.233786974564371364e-01
1.650513677834286000e+15,4.233786974564371364e-01
1.650513677836170000e+15,4.233786974564370809e-01
1.650513677838054000e+15,4.233786974564371364e-01
1.650513677839938250e+15,4.233786974564370809e-01
1.650513677841822250e+15,4.233786974564370809e-01
1.650513677843706250e+15,4.233786974564370809e-01
1.650513677845590250e+15,4.233786974564371919e-01
1.650513677847474500e+15,4.233786974564371364e-01
1.650513677849358500e+15,4.233786974564370809e-01
1.650513677851242500e+15,4.233786974564371364e-01
1.650513677853126500e+15,4.233786974564370809e-01
1.650513677855010750e+15,4.233786974564370809e-01
1.650513677856894750e+15,4.233786974564371364e-01
1.650513677858778750e+15,4.233786974564371364e-01
1.650513677860662750e+15,4.237582725403622463e-01
1.650513677862547000e+15,4.246638937519937040e-01
1.650513677864431000e+15,4.255693948069035337e-01
1.650513677866315000e+15,4.264748958618133079e-01
1.650513677868199250e+15,4.273805170734448211e-01
1.650513677870083250e+15,4.282860181283545953e-01
1.650513677871967250e+15,4.291915191832643695e-01
1.650513677873851250e+15,4.300970202381741436e-01
1.650513677875735500e+15,4.310026414498056568e-01
1.650513677877619500e+15,4.319081425047154310e-01
1.650513677879503500e+15,4.328136435596252607e-01
1.650513677881387500e+15,4.337191446145349794e-01
1.650513677883271750e+15,4.346247658261664926e-01
1.650513677885155750e+15,4.355302668810763222e-01
1.650513677887039750e+15,4.345665726902275816e-01
1.650513677888923750e+15,4.333165641243208466e-01
1.650513677890808000e+15,4.320663896867890652e-01
1.650513677892692000e+15,4.308163811208822747e-01
1.650513677894576000e+15,4.295663725549755396e-01
1.650513677896460250e+15,4.283161981174438138e-01
1.650513677898344250e+15,4.270661895515370787e-01
1.650513677900228250e+15,4.258161809856302882e-01
1.650513677902112250e+15,4.245661724197235531e-01
1.650513677903996500e+15,4.233786974564370253e-01
1.650513677905880500e+15,4.233786974564370809e-01
1.650513677907764500e+15,4.233786974564370809e-01
1.650513677909648500e+15,4.233786974564370809e-01
1.650513677911532750e+15,4.233786974564370809e-01
1.650513677913416750e+15,4.233786974564370809e-01
1.650513677915300750e+15,4.233786974564370809e-01
1.650513677917184750e+15,4.233786974564370809e-01
1.650513677919069000e+15,4.233786974564370809e-01
1.650513677920953000e+15,4.233786974564370809e-01
1.650513677922837000e+15,4.233786974564370253e-01
1.650513677924721250e+15,4.233786974564370809e-01
1.650513677926605250e+15,4.233786974564370809e-01
1.650513677928489250e+15,4.233786974564370809e-01
1.650513677930373250e+15,4.227251655852805601e-01
1.650513677932257500e+15,4.206939615799583088e-01
1.650513677934141500e+15,4.186630270723148417e-01
1.650513677936025500e+15,4.166320925646713746e-01
1.650513677937909500e+15,4.146011580570279076e-01
1.650513677939793750e+15,4.125699540517056008e-01
1.650513677941677750e+15,4.120880586579280802e-01
1.650513677943561750e+15,4.155974937573532202e-01
1.650513677945445750e+15,4.191069288567783047e-01
1.650513677947330000e+15,4.226168296455743434e-01
1.650513677949214000e+15,4.261262647449994834e-01
1.650513677951098000e+15,4.295146206079793472e-01
1.650513677952982250e+15,4.295146206079794027e-01
1.650513677954866250e+15,4.295146206079794027e-01
1.650513677956750250e+15,4.295146206079794027e-01
1.650513677958634250e+15,4.295146206079794027e-01
1.650513677960518500e+15,4.295146206079793472e-01
1.650513677962402500e+15,4.295146206079794027e-01
1.650513677964286500e+15,4.295146206079792917e-01
1.650513677966170500e+15,4.295146206079792917e-01
1.650513677968054750e+15,4.295146206079791806e-01
1.650513677969938750e+15,4.295146206079790696e-01
1.650513677971822750e+15,4.295146206079789586e-01
1.650513677973706750e+15,4.295146206079789586e-01
1.650513677975591000e+15,4.295146206079788476e-01
1.650513677977475000e+15,4.295146206079787365e-01
1.650513677979359000e+15,4.295146206079786255e-01
1.650513677981243250e+15,4.295146206079785700e-01
1.650513677983127250e+15,4.299319795988980619e-01
1.650513677985011250e+15,4.309182503281453469e-01
1.650513677986895250e+15,4.319045210573926319e-01
1.650513677988779500e+15,4.328909226612058792e-01
1.650513677990663500e+15,4.338771933904531641e-01
1.650513677992547500e+15,4.348634641197003936e-01
1.650513677994431500e+15,4.354322029048352527e-01
1.650513677996315750e+15,4.343509709588618817e-01
1.650513677998199750e+15,4.332698824694289907e-01
1.650513678000083750e+15,4.321887939799960998e-01
1.650513678001967750e+15,4.311077054905632089e-01
1.650513678003852000e+15,4.300264735445898379e-01
1.650513678005736000e+15,4.312455564152679055e-01
1.650513678007620000e+15,4.345329385331424543e-01
1.650513678009504250e+15,4.378207568747587430e-01
1.650513678011388250e+15,4.411081389926332363e-01
1.650513678013272250e+15,4.443955211105077296e-01
1.650513678015156250e+15,4.476829032283822785e-01
1.650513678017040500e+15,4.509707215699985117e-01
1.650513678018924500e+15,4.539014840698003539e-01
1.650513678020808500e+15,4.513209940440165990e-01
1.650513678022692500e+15,4.487405040182328442e-01
1.650513678024576750e+15,4.461596715707364935e-01
1.650513678026460750e+15,4.435791815449527942e-01
1.650513678028344750e+15,4.409986915191689838e-01
1.650513678030228750e+15,4.384182014933852845e-01
1.650513678032113000e+15,4.358373690458889893e-01
1.650513678033997000e+15,4.332568790201051789e-01
1.650513678035881000e+15,4.306763889943214796e-01
1.650513678037765250e+15,4.280955565468251289e-01
1.650513678039649250e+15,4.255150665210413186e-01
1.650513678041533250e+15,4.247432880475800476e-01
1.650513678043417250e+15,4.326720117907257301e-01
1.650513678045301500e+15,4.406017876468947270e-01
1.650513678047185500e+15,4.485305113900404095e-01
1.650513678049069500e+15,4.564592351331861475e-01
1.650513678050953500e+15,4.643879588763318855e-01
1.650513678052837750e+15,4.700857562751860064e-01
1.650513678054721750e+15,4.750589028518716894e-01
1.650513678056605750e+15,4.800320494285572615e-01
1.650513678058489750e+15,4.850051960052428335e-01
1.650513678060374000e+15,4.899790025005294480e-01
1.650513678062258000e+15,4.895329749990574575e-01
1.650513678064142000e+15,4.878978860008246210e-01
1.650513678066026250e+15,4.862625800321833669e-01
1.650513678067910250e+15,4.846274910339506414e-01
1.650513678069794250e+15,4.829924020357178605e-01
1.650513678071678250e+15,4.813573130374850795e-01
1.650513678073562500e+15,4.797220070688438254e-01
1.650513678075446500e+15,4.780869180706110999e-01
1.650513678077330500e+15,4.764518290723782634e-01
1.650513678079214500e+15,4.748167400741454824e-01
1.650513678081098750e+15,4.731814341055042838e-01
1.650513678082982750e+15,4.715463451072714474e-01
1.650513678084866750e+15,4.699112561090387219e-01
1.650513678086750750e+15,4.682761671108059964e-01
1.650513678088635000e+15,4.666408611421646313e-01
1.650513678090519000e+15,4.663301595172351655e-01
1.650513678092403000e+15,4.663301595172351099e-01
1.650513678094287250e+15,4.663301595172351099e-01
1.650513678096171250e+15,4.663301595172351099e-01
1.650513678098055250e+15,4.663301595172351655e-01
1.650513678099939250e+15,4.663350107105664333e-01
1.650513678101823500e+15,4.675958191291372246e-01
1.650513678103707500e+15,4.688564602651792979e-01
1.650513678105591500e+15,4.701171014012213156e-01
1.650513678107475500e+15,4.713777425372633889e-01
1.650513678109359750e+15,4.723582238273187350e-01
1.650513678111243750e+15,4.715698395118644304e-01
1.650513678113127750e+15,4.707814551964101812e-01
1.650513678115011750e+15,4.699930708809559876e-01
1.650513678116896000e+15,4.692045819497485670e-01
1.650513678118780000e+15,4.684161976342943179e-01
1.650513678120664000e+15,4.676278133188400687e-01
1.650513678122548250e+15,4.668393243876327037e-01
1.650513678124432250e+15,4.663301595172350544e-01
1.650513678126316250e+15,4.663301595172351099e-01
1.650513678128200250e+15,4.663301595172351099e-01
1.650513678130084500e+15,4.663301595172350544e-01
1.650513678131968500e+15,4.663301595172351099e-01
1.650513678133852500e+15,4.663301595172351099e-01
1.650513678135736500e+15,4.663301595172351099e-01
1.650513678137620750e+15,4.663301595172351099e-01
1.650513678139504750e+15,4.663301595172351099e-01
1.650513678141388750e+15,4.663301595172351099e-01
1.650513678143272750e+15,4.663301595172351099e-01
1.650513678145157000e+15,4.663301595172350544e-01
1.650513678147041000e+15,4.663301595172350544e-01
1.650513678148925000e+15,4.663301595172351099e-01
1.650513678150809250e+15,4.663301595172351099e-01
1.650513678152693250e+15,4.663301595172350544e-01
1.650513678154577250e+15,4.663301595172350544e-01
1.650513678156461250e+15,4.663301595172351099e-01
1.650513678158345500e+15,4.663301595172349434e-01
1.650513678160229500e+15,4.663301595172347769e-01
1.650513678162113500e+15,4.663301595172346659e-01
1.650513678163997500e+15,4.663301595172345548e-01
1.650513678165881750e+15,4.663301595172344438e-01
1.650513678167765750e+15,4.663301595172343328e-01
1.650513678169649750e+15,4.671426659199316989e-01
1.650513678171533750e+15,4.691083314899888723e-01
1.650513678173418000e+15,4.710742578967725969e-01
1.650513678175302000e+15,4.730399234668297703e-01
1.650513678177186000e+15,4.750055890368870548e-01
1.650513678179070250e+15,4.769715154436706683e-01
1.650513678180954250e+15,4.784162220962449585e-01
1.650513678182838250e+15,4.773266764584024879e-01
1.650513678184722250e+15,4.762371308205600173e-01
1.650513678186606500e+15,4.751474406039438714e-01
1.650513678188490500e+15,4.740578949661012897e-01
1.650513678190374500e+15,4.729683493282588191e-01
1.650513678192258500e+15,4.731781190029538120e-01
1.650513678194142750e+15,4.744992952340470471e-01
1.650513678196026750e+15,4.758202961730836345e-01
1.650513678197910750e+15,4.771412971121202218e-01
1.650513678199794750e+15,4.784622980511567536e-01
1.650513678201679000e+15,4.796014287792708664e-01
1.650513678203563000e+15,4.807188844793680027e-01
1.650513678205447000e+15,4.818363401794651946e-01
1.650513678207331250e+15,4.829539441619005724e-01
1.650513678209215250e+15,4.840713998619978753e-01
1.650513678211099250e+15,4.851888555620950116e-01
1.650513678212983250e+15,4.863063112621922590e-01
1.650513678214867500e+15,4.874239152446275813e-01
1.650513678216751500e+15,4.885413709447248287e-01
1.650513678218635500e+15,4.896588266448220761e-01
1.650513678220519500e+15,4.907762823449192680e-01
1.650513678222403750e+15,4.892867487069929577e-01
1.650513678224287750e+15,4.875480641095113477e-01
1.650513678226171750e+15,4.858093795120296821e-01
1.650513678228055750e+15,4.840706949145480165e-01
1.650513678229940000e+15,4.823317795998958157e-01
1.650513678231824000e+15,4.805930950024142057e-01
1.650513678233708000e+15,4.788544104049324845e-01
1.650513678235592250e+15,4.771154950902802283e-01
1.650513678237476250e+15,4.753768104927985627e-01
1.650513678239360250e+15,4.736381258953169526e-01
1.650513678241244250e+15,4.718994412978352315e-01
1.650513678243128500e+15,4.701605259831830308e-01
1.650513678245012500e+15,4.684218413857013652e-01
1.650513678246896500e+15,4.666831567882196996e-01
1.650513678248780500e+15,4.749665304690488532e-01
1.650513678250664750e+15,4.858044138962595015e-01
1.650513678252548750e+15,4.966408593662687276e-01
1.650513678254432750e+15,5.074773048362778427e-01
1.650513678256316750e+15,5.183137503062871243e-01
1.650513678258201000e+15,5.209388053738623903e-01
1.650513678260085000e+15,5.200621784520828017e-01
1.650513678261969000e+15,5.191855515303032131e-01
1.650513678263853250e+15,5.183088082832951748e-01
1.650513678265737250e+15,5.174321813615155863e-01
1.650513678267621250e+15,5.165555544397359977e-01
1.650513678269505250e+15,5.156789275179564092e-01
1.650513678271389500e+15,5.138748150018348504e-01
1.650513678273273500e+15,5.116770813102937687e-01
1.650513678275157500e+15,5.094793476187525760e-01
1.650513678277041500e+15,5.072816139272113833e-01
1.650513678278925750e+15,5.050835886043416600e-01
1.650513678280809750e+15,5.031456984264900401e-01
1.650513678282693750e+15,5.031456984264901511e-01
1.650513678284577750e+15,5.031456984264902621e-01
1.650513678286462000e+15,5.031456984264903731e-01
1.650513678288346000e+15,5.031456984264905952e-01
1.650513678290230000e+15,5.031456984264905952e-01
1.650513678292114250e+15,5.031456984264908172e-01
1.650513678293998250e+15,5.037580236049398197e-01
1.650513678295882250e+15,5.046942140177601566e-01
1.650513678297766250e+15,5.056304044305804934e-01
1.650513678299650500e+15,5.065667190724896241e-01
1.650513678301534500e+15,5.075029094853098499e-01
1.650513678303418500e+15,5.084390998981302978e-01
1.650513678305302500e+15,5.093447628333047650e-01
1.650513678307186750e+15,5.099759241608674554e-01
1.650513678309070750e+15,5.106070017467123634e-01
1.650513678310954750e+15,5.112380793325571604e-01
1.650513678312838750e+15,5.118691569184020684e-01
1.650513678314723000e+15,5.125003182459647588e-01
1.650513678316607000e+15,5.131313958318095558e-01
1.650513678318491000e+15,5.137624734176544639e-01
1.650513678320375250e+15,5.143936347452171542e-01
1.650513678322259250e+15,5.150247123310619513e-01
1.650513678324143250e+15,5.154175447295754608e-01
1.650513678326027250e+15,5.154175447295754608e-01
1.650513678327911500e+15,5.154175447295754608e-01
1.650513678329795500e+15,5.154175447295754608e-01
1.650513678331679500e+15,5.154175447295754608e-01
1.650513678333563500e+15,5.154175447295754608e-01
1.650513678335447750e+15,5.154175447295754608e-01
1.650513678337331750e+15,5.154175447295754608e-01
1.650513678339215750e+15,5.154175447295754608e-01
1.650513678341099750e+15,5.154175447295754608e-01
1.650513678342984000e+15,5.154175447295754608e-01
1.650513678344868000e+15,5.154175447295754608e-01
1.650513678346752000e+15,5.154175447295754608e-01
1.650513678348636250e+15,5.154175447295754608e-01
1.650513678350520250e+15,5.154175447295754608e-01
1.650513678352404250e+15,5.154175447295754608e-01
1.650513678354288250e+15,5.154175447295754608e-01
1.650513678356172500e+15,5.154175447295754608e-01
1.650513678358056500e+15,5.154175447295754608e-01
1.650513678359940500e+15,5.154175447295754608e-01
1.650513678361824500e+15,5.154175447295754608e-01
1.650513678363708750e+15,5.154175447295754608e-01
1.650513678365592750e+15,5.154175447295754608e-01
1.650513678367476750e+15,5.154175447295754608e-01
1.650513678369360750e+15,5.154175447295754608e-01
1.650513678371245000e+15,5.154175447295755719e-01
1.650513678373129000e+15,5.154175447295756829e-01
1.650513678375013000e+15,5.154175447295757939e-01
1.650513678376897250e+15,5.154175447295759049e-01
1.650513678378781250e+15,5.154175447295760160e-01
1.650513678380665250e+15,5.154175447295761270e-01
1.650513678382549250e+15,5.154175447295762380e-01
1.650513678384433500e+15,5.154175447295764600e-01
1.650513678386317500e+15,5.154175447295764600e-01
1.650513678388201500e+15,5.154175447295765711e-01
1.650513678390085500e+15,5.154175447295765711e-01
1.650513678391969750e+15,5.154175447295767931e-01
1.650513678393853750e+15,5.154175447295767931e-01
1.650513678395737750e+15,5.154175447295767931e-01
1.650513678397621750e+15,5.154175447295769041e-01
1.650513678399506000e+15,5.154175447295770152e-01
1.650513678401390000e+15,5.154175447295771262e-01
1.650513678403274000e+15,5.154175447295772372e-01
1.650513678405158250e+15,5.154175447295772372e-01
1.650513678407042250e+15,5.154175447295770152e-01
1.650513678408926250e+15,5.154175447295770152e-01
1.650513678410810250e+15,5.154175447295769041e-01
1.650513678412694500e+15,5.154175447295769041e-01
1.650513678414578500e+15,5.154175447295767931e-01
1.650513678416462500e+15,5.154175447295766821e-01
1.650513678418346500e+15,5.154175447295765711e-01
1.650513678420230750e+15,5.154175447295764600e-01
1.650513678422114750e+15,5.154175447295764600e-01
1.650513678423998750e+15,5.154175447295763490e-01
1.650513678425882750e+15,5.159712056588872109e-01
1.650513678427767000e+15,5.167695493405813911e-01
1.650513678429651000e+15,5.175677870990060825e-01
1.650513678431535000e+15,5.183660248574308849e-01
1.650513678433419250e+15,5.191643685391250651e-01
1.650513678435303250e+15,5.199626062975498675e-01
1.650513678437187250e+15,5.207608440559745588e-01
1.650513678439071250e+15,5.215396223460790903e-01
1.650513678440955500e+15,5.195706827687126550e-01
1.650513678442839500e+15,5.176020044278565324e-01
1.650513678444723500e+15,5.156333260870002988e-01
1.650513678446607500e+15,5.136646477461440652e-01
1.650513678448491750e+15,5.116957081687778519e-01
1.650513678450375750e+15,5.097270298279216183e-01
1.650513678452259750e+15,5.102931156382120026e-01
1.650513678454143750e+15,5.116003732676938087e-01
1.650513678456028000e+15,5.129078043655447283e-01
1.650513678457912000e+15,5.142150619950265344e-01
1.650513678459796000e+15,5.155223196245082296e-01
1.650513678461680250e+15,5.168297507223591492e-01
1.650513678463564250e+15,5.181370083518409553e-01
1.650513678465448250e+15,5.194442659813227614e-01
1.650513678467332250e+15,5.207515236108044565e-01
1.650513678469216500e+15,5.211973193657901682e-01
1.650513678471100500e+15,5.202762709061050650e-01
1.650513678472984500e+15,5.193552224464199618e-01
1.650513678474868500e+15,5.184341739867348586e-01
1.650513678476752750e+15,5.175130033072435909e-01
1.650513678478636750e+15,5.165919548475584877e-01
1.650513678480520750e+15,5.156709063878733845e-01
1.650513678482404750e+15,5.158496664768159601e-01
1.650513678484289000e+15,5.164458410345580397e-01
1.650513678486173000e+15,5.170419364925844530e-01
1.650513678488057000e+15,5.176380319506106442e-01
1.650513678489941250e+15,5.182342065083527238e-01
1.650513678491825250e+15,5.188303019663790261e-01
1.650513678493709250e+15,5.194263974244053284e-01
1.650513678495593250e+15,5.200224928824316306e-01
1.650513678497477500e+15,5.206186674401737102e-01
1.650513678499361500e+15,5.212147628982000125e-01
1.650513678501245500e+15,5.215534678811178937e-01
1.650513678503129500e+15,5.215534678811181157e-01
1.650513678505013750e+15,5.215534678811183378e-01
1.650513678506897750e+15,5.215534678811185598e-01
1.650513678508781750e+15,5.215534678811187819e-01
1.650513678510665750e+15,5.215534678811190039e-01
1.650513678512550000e+15,5.215534678811192260e-01
1.650513678514434000e+15,5.215534678811195590e-01
1.650513678516318000e+15,5.199480112859130587e-01
1.650513678518202250e+15,5.173580441715998068e-01
1.650513678520086250e+15,5.147684206909755034e-01
1.650513678521970250e+15,5.121787972103513109e-01
1.650513678523854250e+15,5.095891737297270074e-01
1.650513678525738500e+15,5.139772358616824244e-01
1.650513678527622500e+15,5.193048704960656625e-01
1.650513678529506500e+15,5.246325051304490117e-01
1.650513678531390500e+15,5.299601397648322498e-01
1.650513678533274750e+15,5.352884813571022748e-01
1.650513678535158750e+15,5.406161159914856240e-01
1.650513678537042750e+15,5.459437506258688622e-01
1.650513678538926750e+15,5.483459747860439659e-01
1.650513678540811000e+15,5.506617711202039800e-01
1.650513678542695000e+15,5.529772601973209634e-01
1.650513678544579000e+15,5.552927492744378357e-01
1.650513678546463250e+15,5.576085456085978498e-01
1.650513678548347250e+15,5.599240346857148332e-01
1.650513678550231250e+15,5.622395237628317055e-01
1.650513678552115250e+15,5.645550128399485779e-01
1.650513678553999500e+15,5.668708091741085919e-01
1.650513678555883500e+15,5.691862982512254643e-01
1.650513678557767500e+15,5.706408530934589107e-01
1.650513678559651500e+15,5.706408530934587997e-01
1.650513678561535750e+15,5.706408530934585777e-01
1.650513678563419750e+15,5.706408530934585777e-01
1.650513678565303750e+15,5.706408530934583556e-01
1.650513678567187750e+15,5.706408530934582446e-01
1.650513678569072000e+15,5.706408530934581336e-01
1.650513678570956000e+15,5.706408530934579115e-01
1.650513678572840000e+15,5.706408530934579115e-01
1.650513678574724250e+15,5.706408530934576895e-01
1.650513678576608250e+15,5.706408530934575785e-01
1.650513678578492250e+15,5.706408530934574674e-01
1.650513678580376250e+15,5.706408530934573564e-01
1.650513678582260500e+15,5.706408530934572454e-01
1.650513678584144500e+15,5.706408530934572454e-01
1.650513678586028500e+15,5.706408530934572454e-01
1.650513678587912500e+15,5.706408530934572454e-01
1.650513678589796750e+15,5.706408530934572454e-01
1.650513678591680750e+15,5.723997635479565194e-01
1.650513678593564750e+15,5.765381179610395979e-01
1.650513678595448750e+15,5.806764723741228984e-01
1.650513678597333000e+15,5.848153759319001388e-01
1.650513678599217000e+15,5.889537303449833283e-01
1.650513678601101000e+15,5.930920847580665178e-01
1.650513678602985250e+15,5.972309883158436472e-01
1.650513678604869250e+15,6.013096994033430009e-01
1.650513678606753250e+15,6.003978054838424727e-01
1.650513678608637250e+15,5.994859115643420555e-01
1.650513678610521500e+15,5.985738966398097549e-01
1.650513678612405500e+15,5.976620027203093377e-01
1.650513678614289500e+15,5.967501088008089205e-01
1.650513678616173500e+15,5.958382148813083923e-01
1.650513678618057750e+15,5.937113997446981095e-01
1.650513678619941750e+15,5.885115740227522263e-01
1.650513678621825750e+15,5.833117483008063431e-01
1.650513678623709750e+15,5.781119225788604599e-01
1.650513678625594000e+15,5.729114068588092579e-01
1.650513678627478000e+15,5.677115811368633747e-01
1.650513678629362000e+15,5.625117554149174914e-01
1.650513678631246250e+15,5.588677538842925507e-01
1.650513678633130250e+15,5.613195204203491606e-01
1.650513678635014250e+15,5.637712869564056595e-01
1.650513678636898250e+15,5.662230534924621583e-01
1.650513678638782500e+15,5.686751453690888081e-01
1.650513678640666500e+15,5.706408530934590217e-01
1.650513678642550500e+15,5.706408530934587997e-01
1.650513678644434500e+15,5.706408530934585777e-01
1.650513678646318750e+15,5.706408530934584666e-01
1.650513678648202750e+15,5.706408530934582446e-01
1.650513678650086750e+15,5.706408530934581336e-01
1.650513678651970750e+15,5.706408530934579115e-01
1.650513678653855000e+15,5.706408530934576895e-01
1.650513678655739000e+15,5.706408530934575785e-01
1.650513678657623000e+15,5.706408530934573564e-01
1.650513678659507250e+15,5.717784466017437062e-01
1.650513678661391250e+15,5.746894498881429669e-01
1.650513678663275250e+15,5.776004531745424497e-01
1.650513678665159250e+15,5.805114564609417105e-01
1.650513678667043500e+15,5.834228460269704764e-01
1.650513678668927500e+15,5.863338493133698481e-01
1.650513678670811500e+15,5.892448525997692199e-01
1.650513678672695500e+15,5.921558558861685917e-01
1.650513678674579750e+15,5.950672454521972465e-01
1.650513678676463750e+15,5.979782487385966183e-01
1.650513678678347750e+15,6.008892520249958791e-01
1.650513678680231750e+15,6.038002553113952509e-01
1.650513678682116000e+15,6.067116448774240167e-01
1.650513678684000000e+15,6.035336540827573870e-01
1.650513678685884000e+15,5.982623001304062660e-01
1.650513678687768250e+15,5.929902466884118262e-01
1.650513678689652250e+15,5.877188927360605941e-01
1.650513678691536250e+15,5.824475387837094731e-01
1.650513678693420250e+15,5.771761848313583521e-01
1.650513678695304500e+15,5.719041313893639122e-01
1.650513678697188500e+15,5.757775297748166654e-01
1.650513678699072500e+15,5.825332008866346278e-01
1.650513678700956500e+15,5.892888719984527013e-01
1.650513678702840750e+15,5.960454395634438018e-01
1.650513678704724750e+15,6.028011106752618753e-01
1.650513678706608750e+15,6.071510813515054172e-01
1.650513678708492750e+15,6.061690834567123876e-01
1.650513678710377000e+15,6.051869552543429620e-01
1.650513678712261000e+15,6.042049573595500433e-01
1.650513678714145000e+15,6.032229594647569026e-01
1.650513678716029250e+15,6.022408312623874771e-01
1.650513678717913250e+15,6.012805890604344672e-01
1.650513678719797250e+15,6.006452104071692277e-01
1.650513678721681250e+15,6.000098317539039883e-01
1.650513678723565500e+15,5.993743687881848414e-01
1.650513678725449500e+15,5.987389901349196020e-01
1.650513678727333500e+15,5.981036114816544735e-01
1.650513678729217500e+15,5.974682328283891231e-01
1.650513678731101750e+15,5.968327698626699762e-01
1.650513678732985750e+15,5.961973912094047368e-01
1.650513678734869750e+15,5.955620125561394973e-01
1.650513678736753750e+15,5.958078368240410372e-01
1.650513678738638000e+15,5.973435495421514085e-01
1.650513678740522000e+15,5.988790585037646608e-01
1.650513678742406000e+15,6.004145674653780240e-01
1.650513678744290250e+15,6.019502801834883954e-01
1.650513678746174250e+15,6.034857891451016476e-01
1.650513678748058250e+15,6.050212981067148998e-01
1.650513678749942250e+15,6.065568070683282631e-01
1.650513678751826500e+15,6.084114399675707441e-01
1.650513678753710500e+15,6.107167703529545744e-01
1.650513678755594500e+15,6.130221007383385157e-01
1.650513678757478500e+15,6.153274311237224570e-01
1.650513678759362750e+15,6.176330674181275127e-01
1.650513678761246750e+15,6.196268680863613598e-01
1.650513678763130750e+15,6.185148943255392995e-01
1.650513678765014750e+15,6.174029205647170171e-01
1.650513678766899000e+15,6.162907992489903286e-01
1.650513678768783000e+15,6.151788254881680462e-01
1.650513678770667000e+15,6.140668517273459859e-01
1.650513678772551250e+15,6.129547304116191864e-01
1.650513678774435250e+15,6.118427566507970150e-01
1.650513678776319250e+15,6.107307828899748436e-01
1.650513678778203250e+15,6.096188091291526723e-01
1.650513678780087500e+15,6.085066878134258728e-01
1.650513678781971500e+15,6.074563920027128416e-01
1.650513678783855500e+15,6.074563920027129527e-01
1.650513678785739500e+15,6.074563920027129527e-01
1.650513678787623750e+15,6.074563920027129527e-01
1.650513678789507750e+15,6.074563920027129527e-01
1.650513678791391750e+15,6.074563920027129527e-01
1.650513678793275750e+15,6.074563920027129527e-01
1.650513678795160000e+15,6.074563920027129527e-01
1.650513678797044000e+15,6.078455107247590083e-01
1.650513678798928000e+15,6.100470112422808899e-01
1.650513678800812250e+15,6.122488038909754682e-01
1.650513678802696250e+15,6.144503044084974608e-01
1.650513678804580250e+15,6.166518049260193424e-01
1.650513678806464250e+15,6.188533054435412240e-01
1.650513678808348500e+15,6.184524022430677448e-01
1.650513678810232500e+15,6.163355593173204250e-01
1.650513678812116500e+15,6.142187163915729942e-01
1.650513678814000500e+15,6.121018734658256744e-01
1.650513678815884750e+15,6.099847496426623605e-01
1.650513678817768750e+15,6.078679067169149297e-01
1.650513678819652750e+15,6.081461266615241223e-01
1.650513678821536750e+15,6.090023019849953867e-01
1.650513678823421000e+15,6.098585909198418475e-01
1.650513678825305000e+15,6.107147662433131119e-01
1.650513678827189000e+15,6.115709415667843762e-01
1.650513678829073250e+15,6.124272305016308371e-01
1.650513678830957250e+15,6.132834058251021014e-01
1.650513678832841250e+15,6.140132794028333452e-01
1.650513678834725250e+15,6.146718607973247206e-01
1.650513678836609500e+15,6.153305295831899002e-01
1.650513678838493500e+15,6.159891109776812756e-01
1.650513678840377500e+15,6.166476923721725401e-01
1.650513678842261500e+15,6.173062737666638045e-01
1.650513678844145750e+15,6.179649425525290951e-01
1.650513678846029750e+15,6.186235239470204705e-01
1.650513678847913750e+15,6.192821053415118460e-01
1.650513678849797750e+15,6.195834186050099834e-01
1.650513678851682000e+15,6.191344239176975739e-01
1.650513678853566000e+15,6.186854888024546639e-01
1.650513678855450000e+15,6.182365536872117540e-01
1.650513678857334250e+15,6.177875589998993444e-01
1.650513678859218250e+15,6.173386238846563234e-01
1.650513678861102250e+15,6.168896887694134135e-01
1.650513678862986250e+15,6.164407536541705035e-01
1.650513678864870500e+15,6.159917589668580939e-01
1.650513678866754500e+15,6.155428238516151840e-01
1.650513678868638500e+15,6.150938887363722740e-01
1.650513678870522500e+15,6.146449536211293641e-01
1.650513678872406750e+15,6.141959589338169545e-01
1.650513678874290750e+15,6.137470238185739335e-01
1.650513678876174750e+15,6.143493426434030180e-01
1.650513678878058750e+15,6.155044264980695790e-01
1.650513678879943000e+15,6.166596636281944654e-01
1.650513678881827000e+15,6.178147474828610264e-01
1.650513678883711000e+15,6.189698313375274763e-01
1.650513678885595250e+15,6.193539238609507835e-01
1.650513678887479250e+15,6.182643782231088680e-01
1.650513678889363250e+15,6.171748325852670636e-01
1.650513678891247250e+15,6.160852869474251481e-01
1.650513678893131500e+15,6.149955967308096128e-01
1.650513678895015500e+15,6.139060510929678083e-01
1.650513678896899500e+15,6.146402928622970441e-01
1.650513678898783500e+15,6.161120707243511463e-01
1.650513678900667750e+15,6.175840438860153991e-01
1.650513678902551750e+15,6.190558217480695014e-01
1.650513678904435750e+15,6.205275996101236036e-01
1.650513678906319750e+15,6.219993774721777058e-01
1.650513678908204000e+15,6.234713506338419586e-01
1.650513678910088000e+15,6.249431284958960608e-01
1.650513678911972000e+15,6.256511505344612978e-01
1.650513678913856250e+15,6.250818372983821813e-01
1.650513678915740250e+15,6.245125995980913558e-01
1.650513678917624250e+15,6.239433618978005303e-01
1.650513678919508250e+15,6.233741241975097047e-01
1.650513678921392500e+15,6.228048109614308103e-01
1.650513678923276500e+15,6.222355732611398738e-01
1.650513678925160500e+15,6.216663355608491592e-01
1.650513678927044500e+15,6.210970978605583337e-01
1.650513678928928750e+15,6.205277846244792173e-01
1.650513678930812750e+15,6.199585469241885027e-01
1.650513678932696750e+15,6.197282383057984845e-01
1.650513678934580750e+15,6.197282383057984845e-01
1.650513678936465000e+15,6.197282383057984845e-01
1.650513678938349000e+15,6.197282383057984845e-01
1.650513678940233000e+15,6.197282383057984845e-01
1.650513678942117250e+15,6.197282383057984845e-01
1.650513678944001250e+15,6.197282383057985955e-01
1.650513678945885250e+15,6.197282383057985955e-01
1.650513678947769250e+15,6.197282383057987065e-01
1.650513678949653500e+15,6.197282383057987065e-01
1.650513678951537500e+15,6.197282383057989286e-01
1.650513678953421500e+15,6.197282383057989286e-01
1.650513678955305500e+15,6.197282383057989286e-01
1.650513678957189750e+15,6.197282383057989286e-01
1.650513678959073750e+15,6.197282383057991506e-01
1.650513678960957750e+15,6.197282383057991506e-01
1.650513678962841750e+15,6.197282383057992616e-01
1.650513678964726000e+15,6.197282383057992616e-01
1.650513678966610000e+15,6.195923287961141446e-01
1.650513678968494000e+15,6.190463724714940774e-01
1.650513678970378250e+15,6.185003437004402693e-01
1.650513678972262250e+15,6.179543873758202022e-01
1.650513678974146250e+15,6.174084310512001350e-01
1.650513678976030250e+15,6.168624747265800679e-01
1.650513678977914500e+15,6.163164459555261487e-01
1.650513678979798500e+15,6.157704896309061926e-01
1.650513678981682500e+15,6.152245333062860144e-01
1.650513678983566500e+15,6.146785769816659473e-01
1.650513678985450750e+15,6.141325482106120282e-01
1.650513678987334750e+15,6.135981706085593679e-01
1.650513678989218750e+15,6.141567364772057003e-01
1.650513678991102750e+15,6.147153023458520327e-01
1.650513678992987000e+15,6.152739423341730962e-01
1.650513678994871000e+15,6.158325082028194286e-01
1.650513678996755000e+15,6.163910740714656500e-01
1.650513678998639250e+15,6.169497140597867135e-01
1.650513679000523250e+15,6.175082799284330459e-01
1.650513679002407250e+15,6.180668457970793783e-01
1.650513679004291250e+15,6.186254116657255997e-01
1.650513679006175500e+15,6.191840516540466632e-01
1.650513679008059500e+15,6.197282383057984845e-01
1.650513679009943500e+15,6.197282383057984845e-01
1.650513679011827500e+15,6.197282383057984845e-01
1.650513679013711750e+15,6.197282383057984845e-01
1.650513679015595750e+15,6.197282383057984845e-01
1.650513679017479750e+15,6.197282383057984845e-01
1.650513679019363750e+15,6.197282383057984845e-01
1.650513679021248000e+15,6.198201958491461605e-01
1.650513679023132000e+15,6.203483910066672768e-01
1.650513679025016000e+15,6.208765861641883932e-01
1.650513679026900250e+15,6.214048514113007515e-01
1.650513679028784250e+15,6.219330465688219789e-01
1.650513679030668250e+15,6.224612417263430952e-01
1.650513679032552250e+15,6.229894368838642116e-01
1.650513679034436500e+15,6.235177021309764589e-01
1.650513679036320500e+15,6.240458972884976863e-01
1.650513679038204500e+15,6.245740924460188026e-01
1.650513679040088500e+15,6.251022876035400300e-01
1.650513679041972750e+15,6.256305528506522773e-01
1.650513679043856750e+15,6.255964822556701055e-01
1.650513679045740750e+15,6.251165321096304739e-01
1.650513679047624750e+15,6.246365819635909533e-01
1.650513679049509000e+15,6.241565681298992807e-01
1.650513679051393000e+15,6.236766179838597601e-01
1.650513679053277000e+15,6.231966678378201285e-01
1.650513679055161250e+15,6.227166540041284559e-01
1.650513679057045250e+15,6.222367038580889353e-01
1.650513679058929250e+15,6.217567537120493038e-01
1.650513679060813250e+15,6.212768035660097832e-01
1.650513679062697500e+15,6.207967897323181106e-01
1.650513679064581500e+15,6.203168395862785900e-01
1.650513679066465500e+15,6.198368894402390694e-01
1.650513679068349500e+15,6.197282383057984845e-01
1.650513679070233750e+15,6.197282383057984845e-01
1.650513679072117750e+15,6.197282383057984845e-01
1.650513679074001750e+15,6.197282383057984845e-01
1.650513679075885750e+15,6.197282383057984845e-01
1.650513679077770000e+15,6.197282383057984845e-01
1.650513679079654000e+15,6.197282383057984845e-01
1.650513679081538000e+15,6.197282383057985955e-01
1.650513679083422250e+15,6.197282383057984845e-01
1.650513679085306250e+15,6.197282383057985955e-01
1.650513679087190250e+15,6.197282383057984845e-01
1.650513679089074250e+15,6.197282383057984845e-01
1.650513679090958500e+15,6.197282383057984845e-01
1.650513679092842500e+15,6.197282383057984845e-01
1.650513679094726500e+15,6.197282383057984845e-01
1.650513679096610500e+15,6.197282383057984845e-01
1.650513679098494750e+15,6.197282383057984845e-01
1.650513679100378750e+15,6.197282383057984845e-01
1.650513679102262750e+15,6.197282383057984845e-01
1.650513679104146750e+15,6.197282383057984845e-01
1.650513679106031000e+15,6.197282383057984845e-01
1.650513679107915000e+15,6.197282383057984845e-01
1.650513679109799000e+15,6.197282383057985955e-01
1.650513679111683250e+15,6.197282383057984845e-01
1.650513679113567250e+15,6.197282383057984845e-01
1.650513679115451250e+15,6.197282383057984845e-01
1.650513679117335250e+15,6.197282383057984845e-01
1.650513679119219500e+15,6.197282383057984845e-01
1.650513679121103500e+15,6.197282383057984845e-01
1.650513679122987500e+15,6.197282383057984845e-01
1.650513679124871500e+15,6.201822229858607871e-01
1.650513679126755750e+15,6.211592882438931040e-01
1.650513679128639750e+15,6.221362238660945732e-01
1.650513679130523750e+15,6.231131594882959313e-01
1.650513679132407750e+15,6.240900951104972894e-01
1.650513679134292000e+15,6.250671603685297173e-01
1.650513679136176000e+15,6.260693624339794816e-01
1.650513679138060000e+15,6.271834795520889738e-01
1.650513679139944250e+15,6.282977445095188074e-01
1.650513679141828250e+15,6.294118616276282996e-01
1.650513679143712250e+15,6.305259787457377918e-01
1.650513679145596250e+15,6.316400958638472840e-01
1.650513679147480500e+15,6.320000846088839053e-01
1.650513679149364500e+15,6.320000846088840163e-01
1.650513679151248500e+15,6.320000846088840163e-01
1.650513679153132500e+15,6.320000846088840163e-01
1.650513679155016750e+15,6.320000846088840163e-01
1.650513679156900750e+15,6.320000846088840163e-01
1.650513679158784750e+15,6.324811253596933636e-01
1.650513679160668750e+15,6.335476517198287416e-01
1.650513679162553000e+15,6.346143196041624801e-01
1.650513679164437000e+15,6.356808459642979692e-01
1.650513679166321000e+15,6.367473723244332362e-01
1.650513679168205250e+15,6.378140402087670857e-01
1.650513679170089250e+15,6.388805665689023527e-01
1.650513679171973250e+15,6.399470929290376198e-01
1.650513679173857250e+15,6.410136192891728868e-01
1.650513679175741500e+15,6.420802871735067363e-01
1.650513679177625500e+15,6.431468135336420033e-01
1.650513679179509500e+15,6.442133398937773814e-01
1.650513679181393500e+15,6.422601435680195259e-01
1.650513679183277750e+15,6.401311290761138029e-01
1.650513679185161750e+15,6.380023970592634264e-01
1.650513679187045750e+15,6.358736650424131609e-01
1.650513679188929750e+15,6.337449330255627844e-01
1.650513679190814000e+15,6.324160793988199414e-01
1.650513679192698000e+15,6.347211799406954347e-01
1.650513679194582000e+15,6.370262804825709280e-01
1.650513679196466250e+15,6.393316869029684879e-01
1.650513679198350250e+15,6.416367874448439812e-01
1.650513679200234250e+15,6.439418879867195855e-01
1.650513679202118250e+15,6.429372167295982488e-01
1.650513679204002500e+15,6.413792578024599678e-01
1.650513679205886500e+15,6.398215055834185483e-01
1.650513679207770500e+15,6.382637533643772398e-01
1.650513679209654500e+15,6.367060011453359314e-01
1.650513679211538750e+15,6.351480422181975394e-01
1.650513679213422750e+15,6.335902899991562309e-01
1.650513679215306750e+15,6.320325377801149225e-01
1.650513679217190750e+15,6.320000846088849045e-01
1.650513679219075000e+15,6.320000846088849045e-01
1.650513679220959000e+15,6.320000846088847934e-01
1.650513679222843000e+15,6.320000846088849045e-01
1.650513679224727250e+15,6.320000846088849045e-01
1.650513679226611250e+15,6.338592774859879153e-01
1.650513679228495250e+15,6.357814722344923286e-01
1.650513679230379250e+15,6.377036669829967419e-01
1.650513679232263500e+15,6.396261167998066322e-01
1.650513679234147500e+15,6.415483115483109344e-01
1.650513679236031500e+15,6.434705062968154587e-01
1.650513679237915500e+15,6.442719309119695481e-01
1.650513679239799750e+15,6.442719309119695481e-01
1.650513679241683750e+15,6.442719309119695481e-01
1.650513679243567750e+15,6.442719309119695481e-01
1.650513679245451750e+15,6.442719309119695481e-01
1.650513679247336000e+15,6.442719309119695481e-01
1.650513679249220000e+15,6.442719309119696591e-01
1.650513679251104000e+15,6.442719309119696591e-01
1.650513679252988250e+15,6.442719309119696591e-01
1.650513679254872250e+15,6.442719309119695481e-01
1.650513679256756250e+15,6.442719309119695481e-01
1.650513679258640250e+15,6.442719309119695481e-01
1.650513679260524500e+15,6.442719309119695481e-01
1.650513679262408500e+15,6.442719309119695481e-01
1.650513679264292500e+15,6.442719309119695481e-01
1.650513679266176500e+15,6.442719309119695481e-01
1.650513679268060750e+15,6.442719309119695481e-01
1.650513679269944750e+15,6.442719309119695481e-01
1.650513679271828750e+15,6.449564418210982364e-01
1.650513679273712750e+15,6.456972825809998984e-01
1.650513679275597000e+15,6.464382216477962961e-01
1.650513679277481000e+15,6.471790624076978471e-01
1.650513679279365000e+15,6.479199031675995091e-01
1.650513679281249250e+15,6.486608422343960179e-01
1.650513679283133250e+15,6.494016829942975688e-01
1.650513679285017250e+15,6.501425237541991198e-01
1.650513679286901250e+15,6.492986456115970029e-01
1.650513679288785500e+15,6.475702800746784282e-01
1.650513679290669500e+15,6.458421438551987803e-01
1.650513679292553500e+15,6.441140076357190214e-01
1.650513679294437500e+15,6.423858714162393735e-01
1.650513679296321750e+15,6.406575058793206878e-01
1.650513679298205750e+15,6.389293696598410399e-01
1.650513679300089750e+15,6.372012334403613920e-01
1.650513679301973750e+15,6.354730972208816331e-01
1.650513679303858000e+15,6.337447316839629474e-01
1.650513679305742000e+15,6.320165954644831885e-01
1.650513679307626000e+15,6.344799703790322543e-01
1.650513679309510250e+15,6.369841101230855340e-01
1.650513679311394250e+15,6.394879176209211646e-01
1.650513679313278250e+15,6.419917251187565732e-01
1.650513679315162250e+15,6.444955326165919818e-01
1.650513679317046500e+15,6.469996723606454836e-01
1.650513679318930500e+15,6.495034798584808922e-01
1.650513679320814500e+15,6.520072873563163007e-01
1.650513679322698500e+15,6.545110948541518203e-01
1.650513679324582750e+15,6.570152345982051001e-01
1.650513679326466750e+15,6.595190420960406197e-01
1.650513679328350750e+15,6.620228495938760283e-01
1.650513679330234750e+15,6.593981644627036065e-01
1.650513679332119000e+15,6.549489944487371096e-01
1.650513679334003000e+15,6.505004147452406738e-01
1.650513679335887000e+15,6.460518350417442379e-01
1.650513679337771250e+15,6.416026650277776300e-01
1.650513679339655250e+15,6.371540853242811941e-01
1.650513679341539250e+15,6.327055056207848693e-01
1.650513679343423250e+15,6.320000846088846824e-01
1.650513679345307500e+15,6.320000846088845714e-01
1.650513679347191500e+15,6.320000846088844604e-01
1.650513679349075500e+15,6.320000846088842383e-01
1.650513679350959500e+15,6.320000846088840163e-01
1.650513679352843750e+15,6.320000846088839053e-01
1.650513679354727750e+15,6.320000846088836832e-01
1.650513679356611750e+15,6.320000846088835722e-01
1.650513679358495750e+15,6.320000846088833502e-01
1.650513679360380000e+15,6.320000846088831281e-01
1.650513679362264000e+15,6.317342578977238610e-01
1.650513679364148000e+15,6.308170096855916231e-01
1.650513679366032250e+15,6.298996397579323947e-01
1.650513679367916250e+15,6.289823915458001569e-01
1.650513679369800250e+15,6.280651433336679190e-01
1.650513679371684250e+15,6.271478951215356812e-01
1.650513679373568500e+15,6.262305251938762307e-01
1.650513679375452500e+15,6.247968598361325343e-01
1.650513679377336500e+15,6.230197531155317048e-01
1.650513679379220500e+15,6.212426463949309863e-01
1.650513679381104750e+15,6.194653038586825922e-01
1.650513679382988750e+15,6.176881971380818737e-01
1.650513679384872750e+15,6.159110904174811552e-01
1.650513679386756750e+15,6.141339836968803256e-01
1.650513679388641000e+15,6.123566411606319315e-01
1.650513679390525000e+15,6.105795344400312130e-01
1.650513679392409000e+15,6.088024277194303835e-01
1.650513679394293250e+15,6.081962137995943207e-01
1.650513679396177250e+15,6.112444899402749154e-01
1.650513679398061250e+15,6.142927660809553991e-01
1.650513679399945250e+15,6.173410422216358828e-01
1.650513679401829500e+15,6.203897228575580014e-01
1.650513679403713500e+15,6.234379989982385961e-01
1.650513679405597500e+15,6.258641614573416945e-01
1.650513679407481500e+15,6.258641614573418055e-01
1.650513679409365750e+15,6.258641614573419165e-01
1.650513679411249750e+15,6.258641614573419165e-01
1.650513679413133750e+15,6.258641614573421386e-01
1.650513679415017750e+15,6.258641614573422496e-01
1.650513679416902000e+15,6.258641614573423606e-01
1.650513679418786000e+15,6.258641614573424716e-01
1.650513679420670000e+15,6.258641614573425827e-01
1.650513679422554250e+15,6.258641614573424716e-01
1.650513679424438250e+15,6.258641614573423606e-01
1.650513679426322250e+15,6.258641614573423606e-01
1.650513679428206250e+15,6.258641614573422496e-01
1.650513679430090500e+15,6.258641614573421386e-01
1.650513679431974500e+15,6.258641614573421386e-01
1.650513679433858500e+15,6.258641614573419165e-01
1.650513679435742500e+15,6.258641614573419165e-01
1.650513679437626750e+15,6.258641614573418055e-01
1.650513679439510750e+15,6.258641614573416945e-01
1.650513679441394750e+15,6.258641614573416945e-01
1.650513679443278750e+15,6.258641614573416945e-01
1.650513679445163000e+15,6.258641614573416945e-01
1.650513679447047000e+15,6.258641614573416945e-01
1.650513679448931000e+15,6.258641614573416945e-01
1.650513679450815250e+15,6.258641614573416945e-01
1.650513679452699250e+15,6.258641614573416945e-01
1.650513679454583250e+15,6.258641614573416945e-01
1.650513679456467250e+15,6.258641614573418055e-01
1.650513679458351500e+15,6.258641614573419165e-01
1.650513679460235500e+15,6.258641614573419165e-01
1.650513679462119500e+15,6.258641614573420275e-01
1.650513679464003500e+15,6.258641614573421386e-01
1.650513679465887750e+15,6.258641614573421386e-01
1.650513679467771750e+15,6.258641614573421386e-01
1.650513679469655750e+15,6.258641614573423606e-01
1.650513679471539750e+15,6.258641614573423606e-01
1.650513679473424000e+15,6.258641614573425827e-01
1.650513679475308000e+15,6.258641614573425827e-01
1.650513679477192000e+15,6.258641614573425827e-01
1.650513679479076250e+15,6.258641614573424716e-01
1.650513679480960250e+15,6.258641614573423606e-01
1.650513679482844250e+15,6.258641614573422496e-01
1.650513679484728250e+15,6.258641614573421386e-01
1.650513679486612500e+15,6.258641614573421386e-01
1.650513679488496500e+15,6.258641614573420275e-01
1.650513679490380500e+15,6.258641614573419165e-01
1.650513679492264500e+15,6.258641614573418055e-01
1.650513679494148750e+15,6.258641614573416945e-01
1.650513679496032750e+15,6.258641614573416945e-01
1.650513679497916750e+15,6.258641614573416945e-01
1.650513679499800750e+15,6.258641614573416945e-01
1.650513679501685000e+15,6.258641614573416945e-01
1.650513679503569000e+15,6.258641614573416945e-01
1.650513679505453000e+15,6.258641614573416945e-01
1.650513679507337250e+15,6.258641614573416945e-01
1.650513679509221250e+15,6.258641614573416945e-01
1.650513679511105250e+15,6.256833777895003390e-01
1.650513679512989250e+15,6.248238284388046848e-01
1.650513679514873500e+15,6.239641650290126407e-01
1.650513679516757500e+15,6.231046156783168755e-01
1.650513679518641500e+15,6.222450663276213323e-01
1.650513679520525500e+15,6.213855169769256781e-01
1.650513679522409750e+15,6.205258535671335229e-01
1.650513679524293750e+15,6.197716302399430832e-01
1.650513679526177750e+15,6.203738431602131564e-01
1.650513679528061750e+15,6.209760560804833407e-01
1.650513679529946000e+15,6.215783489122344019e-01
1.650513679531830000e+15,6.221805618325044751e-01
1.650513679533714000e+15,6.227827747527747704e-01
1.650513679535598250e+15,6.233850675845258316e-01
1.650513679537482250e+15,6.239872805047959048e-01
1.650513679539366250e+15,6.245894934250660890e-01
1.650513679541250250e+15,6.251917063453362733e-01
1.650513679543134500e+15,6.257939991770873345e-01
1.650513679545018500e+15,6.250225261803952215e-01
1.650513679546902500e+15,6.240699032535300672e-01
1.650513679548786500e+15,6.231172803266649129e-01
1.650513679550670750e+15,6.221645309901756571e-01
1.650513679552554750e+15,6.212119080633103918e-01
1.650513679554438750e+15,6.202592851364452375e-01
1.650513679556322750e+15,6.197282383057977073e-01
1.650513679558207000e+15,6.197282383057978183e-01
1.650513679560091000e+15,6.197282383057980404e-01
1.650513679561975000e+15,6.197282383057982624e-01
1.650513679563859250e+15,6.197282383057983735e-01
1.650513679565743250e+15,6.197282383057985955e-01
1.650513679567627250e+15,6.197282383057987065e-01
1.650513679569511250e+15,6.197282383057989286e-01
1.650513679571395500e+15,6.197282383057990396e-01
1.650513679573279500e+15,6.197282383057992616e-01
1.650513679575163500e+15,6.197282383057993727e-01
1.650513679577047500e+15,6.221998645084231283e-01
1.650513679578931750e+15,6.247764408139799830e-01
1.650513679580815750e+15,6.273526752625238068e-01
1.650513679582699750e+15,6.299289097110678526e-01
1.650513679584583750e+15,6.325051441596118984e-01
1.650513679586468000e+15,6.350817204651685310e-01
1.650513679588352000e+15,6.376579549137124658e-01
1.650513679590236000e+15,6.402341893622564006e-01
1.650513679592120250e+15,6.428107656678131443e-01
1.650513679594004250e+15,6.453870001163571901e-01
1.650513679595888250e+15,6.479632345649011249e-01
1.650513679597772250e+15,6.502956968304933749e-01
1.650513679599656500e+15,6.481000369207078338e-01
1.650513679601540500e+15,6.459046683284106471e-01
1.650513679603424500e+15,6.437092997361133495e-01
1.650513679605308500e+15,6.415139311438162739e-01
1.650513679607192750e+15,6.393182712340306217e-01
1.650513679609076750e+15,6.371229026417334351e-01
1.650513679610960750e+15,6.349275340494362485e-01
1.650513679612844750e+15,6.327321654571390619e-01
1.650513679614729000e+15,6.320000846088847934e-01
1.650513679616613000e+15,6.320000846088849045e-01
1.650513679618497000e+15,6.320000846088849045e-01
1.650513679620381250e+15,6.320000846088849045e-01
1.650513679622265250e+15,6.320000846088849045e-01
1.650513679624149250e+15,6.320000846088847934e-01
1.650513679626033250e+15,6.320000846088847934e-01
1.650513679627917500e+15,6.320000846088849045e-01
1.650513679629801500e+15,6.320000846088849045e-01
1.650513679631685500e+15,6.320000846088849045e-01
1.650513679633569500e+15,6.320000846088849045e-01
1.650513679635453750e+15,6.320000846088849045e-01
1.650513679637337750e+15,6.320000846088849045e-01
1.650513679639221750e+15,6.327590488503667121e-01
1.650513679641105750e+15,6.348813325326700951e-01
1.650513679642990000e+15,6.370038978343580682e-01
1.650513679644874000e+15,6.391261815166613403e-01
1.650513679646758000e+15,6.412484651989647233e-01
1.650513679648642250e+15,6.433710305006525854e-01
1.650513679650526250e+15,6.454933141829559684e-01
1.650513679652410250e+15,6.476155978652593515e-01
1.650513679654294250e+15,6.497378815475626235e-01
1.650513679656178500e+15,6.517771147546805866e-01
1.650513679658062500e+15,6.537776476295626971e-01
1.650513679659946500e+15,6.557781805044446966e-01
1.650513679661830500e+15,6.577787133793266960e-01
1.650513679663714750e+15,6.597795117177005508e-01
1.650513679665598750e+15,6.617800445925826613e-01
1.650513679667482750e+15,6.620125353611057140e-01
1.650513679669366750e+15,6.608001515941936965e-01
1.650513679671251000e+15,6.595876069483315174e-01
1.650513679673135000e+15,6.583752231814192779e-01
1.650513679675019000e+15,6.571628394145071494e-01
1.650513679676903250e+15,6.565437772150541917e-01
1.650513679678787250e+15,6.565437772150541917e-01
1.650513679680671250e+15,6.565437772150541917e-01
1.650513679682555250e+15,6.565437772150541917e-01
1.650513679684439500e+15,6.565437772150541917e-01
1.650513679686323500e+15,6.565437772150541917e-01
1.650513679688207500e+15,6.565437772150541917e-01
1.650513679690091500e+15,6.565437772150541917e-01
1.650513679691975750e+15,6.565437772150541917e-01
1.650513679693859750e+15,6.565437772150541917e-01
1.650513679695743750e+15,6.565437772150541917e-01
1.650513679697627750e+15,6.565437772150541917e-01
1.650513679699512000e+15,6.565437772150541917e-01
1.650513679701396000e+15,6.565437772150541917e-01
1.650513679703280000e+15,6.565437772150541917e-01
1.650513679705164250e+15,6.565437772150541917e-01
1.650513679707048250e+15,6.565437772150540807e-01
1.650513679708932250e+15,6.568609430000073024e-01
1.650513679710816250e+15,6.578353259414695398e-01
1.650513679712700500e+15,6.588098381800311376e-01
1.650513679714584500e+15,6.597842211214932640e-01
1.650513679716468500e+15,6.607586040629555013e-01
1.650513679718352500e+15,6.617329870044177387e-01
1.650513679720236750e+15,6.626528999546523746e-01
1.650513679722120750e+15,6.617135143527095309e-01
1.650513679724004750e+15,6.607741287507669092e-01
1.650513679725888750e+15,6.598347431488241766e-01
1.650513679727773000e+15,6.588952328938025849e-01
1.650513679729657000e+15,6.579558472918598522e-01
1.650513679731541000e+15,6.570164616899171195e-01
1.650513679733425250e+15,6.565437772150540807e-01
1.650513679735309250e+15,6.565437772150540807e-01
1.650513679737193250e+15,6.565437772150541917e-01
1.650513679739077250e+15,6.565437772150541917e-01
1.650513679740961500e+15,6.565437772150541917e-01
1.650513679742845500e+15,6.565437772150541917e-01
1.650513679744729500e+15,6.565437772150540807e-01
1.650513679746613500e+15,6.563673787161025119e-01
1.650513679748497750e+15,6.552899755665084758e-01
1.650513679750381750e+15,6.542127153654548888e-01
1.650513679752265750e+15,6.531354551644014128e-01
1.650513679754149750e+15,6.520581949633478258e-01
1.650513679756034000e+15,6.509807918137537897e-01
1.650513679757918000e+15,6.509931757398756957e-01
1.650513679759802000e+15,6.522434546948299161e-01
1.650513679761686250e+15,6.534938995572885378e-01
1.650513679763570250e+15,6.547441785122427582e-01
1.650513679765454250e+15,6.559944574671968676e-01
1.650513679767338250e+15,6.565437772150541917e-01
1.650513679769222500e+15,6.565437772150543028e-01
1.650513679771106500e+15,6.565437772150544138e-01
1.650513679772990500e+15,6.565437772150545248e-01
1.650513679774874500e+15,6.565437772150546358e-01
1.650513679776758750e+15,6.565437772150546358e-01
1.650513679778642750e+15,6.565437772150547469e-01
1.650513679780526750e+15,6.565437772150548579e-01
1.650513679782410750e+15,6.565437772150548579e-01
1.650513679784295000e+15,6.565437772150550799e-01
1.650513679786179000e+15,6.565437772150550799e-01
1.650513679788063000e+15,6.565437772150550799e-01
1.650513679789947250e+15,6.565437772150550799e-01
1.650513679791831250e+15,6.565437772150550799e-01
1.650513679793715250e+15,6.565437772150550799e-01
1.650513679795599250e+15,6.565437772150550799e-01
1.650513679797483500e+15,6.565437772150550799e-01
1.650513679799367500e+15,6.565437772150550799e-01
1.650513679801251500e+15,6.565437772150550799e-01
1.650513679803135500e+15,6.565437772150550799e-01
1.650513679805019750e+15,6.565437772150550799e-01
1.650513679806903750e+15,6.565437772150549689e-01
1.650513679808787750e+15,6.565437772150550799e-01
1.650513679810671750e+15,6.565437772150550799e-01
1.650513679812556000e+15,6.565437772150550799e-01
1.650513679814440000e+15,6.565437772150550799e-01
1.650513679816324000e+15,6.565437772150550799e-01
1.650513679818208250e+15,6.565437772150549689e-01
1.650513679820092250e+15,6.565437772150551909e-01
1.650513679821976250e+15,6.565437772150551909e-01
1.650513679823860250e+15,6.565437772150554130e-01
1.650513679825744500e+15,6.565437772150555240e-01
1.650513679827628500e+15,6.565437772150557461e-01
1.650513679829512500e+15,6.565437772150558571e-01
1.650513679831396500e+15,6.565437772150559681e-01
1.650513679833280750e+15,6.565437772150559681e-01
1.650513679835164750e+15,6.565437772150557461e-01
1.650513679837048750e+15,6.565437772150556350e-01
1.650513679838932750e+15,6.565437772150555240e-01
1.650513679840817000e+15,6.565437772150553020e-01
1.650513679842701000e+15,6.565437772150551909e-01
1.650513679844585000e+15,6.562834419491184734e-01
1.650513679846469250e+15,6.557643554678049824e-01
1.650513679848353250e+15,6.552453378582550059e-01
1.650513679850237250e+15,6.547263202487051403e-01
1.650513679852121250e+15,6.542073026391551638e-01
1.650513679854005500e+15,6.536882161578418948e-01
1.650513679855889500e+15,6.531691985482919183e-01
1.650513679857773500e+15,6.526501809387419417e-01
1.650513679859657500e+15,6.521311633291920762e-01
1.650513679861541750e+15,6.516120768478785852e-01
1.650513679863425750e+15,6.510930592383286086e-01
1.650513679865309750e+15,6.505740416287787431e-01
1.650513679867193750e+15,6.507652898670394093e-01
1.650513679869078000e+15,6.512911523794697732e-01
1.650513679870962000e+15,6.518169451211011101e-01
1.650513679872846000e+15,6.523427378627324469e-01
1.650513679874730250e+15,6.528686003751626998e-01
1.650513679876614250e+15,6.533943931167940367e-01
1.650513679878498250e+15,6.539201858584253735e-01
1.650513679880382250e+15,6.544459786000567103e-01
1.650513679882266500e+15,6.549718411124869633e-01
1.650513679884150500e+15,6.554976338541183001e-01
1.650513679886034500e+15,6.560234265957496369e-01
1.650513679887918500e+15,6.565437772150550799e-01
1.650513679889802750e+15,6.565437772150551909e-01
1.650513679891686750e+15,6.565437772150554130e-01
1.650513679893570750e+15,6.565437772150555240e-01
1.650513679895454750e+15,6.565437772150556350e-01
1.650513679897339000e+15,6.565437772150557461e-01
1.650513679899223000e+15,6.565437772150559681e-01
1.650513679901107000e+15,6.565437772150559681e-01
1.650513679902991250e+15,6.565437772150557461e-01
1.650513679904875250e+15,6.565437772150555240e-01
1.650513679906759250e+15,6.565437772150553020e-01
1.650513679908643250e+15,6.565437772150550799e-01
1.650513679910527500e+15,6.558026417355357074e-01
1.650513679912411500e+15,6.549269444991516753e-01
1.650513679914295500e+15,6.540512472627677543e-01
1.650513679916179500e+15,6.531755500263836112e-01
1.650513679918063750e+15,6.522997365881368914e-01
1.650513679919947750e+15,6.514240393517529704e-01
1.650513679921831750e+15,6.505483421153688273e-01
1.650513679923715750e+15,6.504078540635127581e-01
1.650513679925600000e+15,6.504078540635127581e-01
1.650513679927484000e+15,6.504078540635127581e-01
1.650513679929368000e+15,6.504078540635127581e-01
1.650513679931252250e+15,6.504078540635127581e-01
1.650513679933136250e+15,6.504078540635127581e-01
1.650513679935020250e+15,6.504078540635127581e-01
1.650513679936904250e+15,6.504078540635127581e-01
1.650513679938788500e+15,6.504078540635127581e-01
1.650513679940672500e+15,6.504078540635127581e-01
1.650513679942556500e+15,6.504078540635127581e-01
1.650513679944440500e+15,6.504078540635127581e-01
1.650513679946324750e+15,6.504078540635127581e-01
1.650513679948208750e+15,6.504078540635127581e-01
1.650513679950092750e+15,6.504078540635126471e-01
1.650513679951976750e+15,6.504078540635126471e-01
1.650513679953861000e+15,6.504078540635127581e-01
1.650513679955745000e+15,6.504078540635126471e-01
1.650513679957629000e+15,6.504078540635126471e-01
1.650513679959513250e+15,6.504078540635125361e-01
1.650513679961397250e+15,6.504078540635123140e-01
1.650513679963281250e+15,6.504078540635123140e-01
1.650513679965165250e+15,6.504078540635122030e-01
1.650513679967049500e+15,6.504078540635122030e-01
1.650513679968933500e+15,6.504078540635120920e-01
1.650513679970817500e+15,6.504078540635120920e-01
1.650513679972701500e+15,6.504078540635119809e-01
1.650513679974585750e+15,6.504078540635118699e-01
1.650513679976469750e+15,6.504078540635119809e-01
1.650513679978353750e+15,6.504078540635117589e-01
1.650513679980237750e+15,6.504078540635116479e-01
1.650513679982122000e+15,6.504078540635115369e-01
1.650513679984006000e+15,6.504078540635114258e-01
1.650513679985890000e+15,6.504078540635113148e-01
1.650513679987774250e+15,6.504078540635110928e-01
1.650513679989658250e+15,6.504078540635110928e-01
1.650513679991542250e+15,6.499817743346834042e-01
1.650513679993426250e+15,6.493929357437348004e-01
1.650513679995310500e+15,6.488040190160303533e-01
1.650513679997194500e+15,6.482151804250816385e-01
1.650513679999078500e+15,6.476263418341328126e-01
1.650513680000962500e+15,6.470375032431840978e-01
1.650513680002846750e+15,6.464485865154796507e-01
1.650513680004730750e+15,6.458597479245309358e-01
1.650513680006614750e+15,6.452709093335822210e-01
1.650513680008498750e+15,6.446820707426335062e-01
1.650513680010383000e+15,6.444067293926953877e-01
1.650513680012267000e+15,6.448507159970470193e-01
1.650513680014151000e+15,6.452947026013987619e-01
1.650513680016035250e+15,6.457387481211703806e-01
1.650513680017919250e+15,6.461827347255221232e-01
1.650513680019803250e+15,6.466267213298737548e-01
1.650513680021687250e+15,6.470707079342254975e-01
1.650513680023571500e+15,6.475147534539971161e-01
1.650513680025455500e+15,6.479587400583488588e-01
1.650513680027339500e+15,6.484027266627006014e-01
1.650513680029223500e+15,6.488467132670523441e-01
1.650513680031107750e+15,6.492907587868239627e-01
1.650513680032991750e+15,6.497347453911757054e-01
1.650513680034875750e+15,6.501787319955273370e-01
1.650513680036759750e+15,6.504078540635109817e-01
1.650513680038644000e+15,6.504078540635109817e-01
1.650513680040528000e+15,6.504078540635109817e-01
1.650513680042412000e+15,6.504078540635109817e-01
1.650513680044296250e+15,6.504078540635109817e-01
1.650513680046180250e+15,6.504078540635109817e-01
1.650513680048064250e+15,6.504078540635109817e-01
1.650513680049948250e+15,6.504078540635108707e-01
1.650513680051832500e+15,6.504078540635109817e-01
1.650513680053716500e+15,6.504078540635109817e-01
1.650513680055600500e+15,6.504078540635108707e-01
1.650513680057484500e+15,6.501252056967571358e-01
1.650513680059368750e+15,6.496028121851769033e-01
1.650513680061252750e+15,6.490804879841328701e-01
1.650513680063136750e+15,6.485581637830888369e-01
1.650513680065020750e+15,6.480358395820449147e-01
1.650513680066905000e+15,6.475134460704645711e-01
1.650513680068789000e+15,6.469911218694206489e-01
1.650513680070673000e+15,6.464687976683766157e-01
1.650513680072557250e+15,6.459464041567963832e-01
1.650513680074441250e+15,6.454240799557524610e-01
1.650513680076325250e+15,6.449017557547084278e-01
1.650513680078209250e+15,6.443794315536643946e-01
1.650513680080093500e+15,6.448386413357348745e-01
1.650513680081977500e+15,6.455520943516890320e-01
1.650513680083861500e+15,6.462655473676433004e-01
1.650513680085745500e+15,6.469790003835974579e-01
1.650513680087629750e+15,6.476925480721917872e-01
1.650513680089513750e+15,6.484060010881459446e-01
1.650513680091397750e+15,6.491194541041001020e-01
1.650513680093281750e+15,6.498329071200543705e-01
1.650513680095166000e+15,6.504078540635109817e-01
1.650513680097050000e+15,6.504078540635112038e-01
1.650513680098934000e+15,6.504078540635114258e-01
1.650513680100818250e+15,6.504078540635116479e-01
1.650513680102702250e+15,6.504078540635117589e-01
1.650513680104586250e+15,6.498778081185838662e-01
1.650513680106470250e+15,6.489159910607997794e-01
1.650513680108354500e+15,6.479540463733636235e-01
1.650513680110238500e+15,6.469922293155794257e-01
1.650513680112122500e+15,6.460304122577953390e-01
1.650513680114006500e+15,6.450685952000112522e-01
1.650513680115890750e+15,6.443825257856080624e-01
1.650513680117774750e+15,6.450261110888875216e-01
1.650513680119658750e+15,6.456696963921669807e-01
1.650513680121542750e+15,6.463132816954464399e-01
1.650513680123427000e+15,6.469569524001728134e-01
1.650513680125311000e+15,6.476005377034521615e-01
1.650513680127195000e+15,6.482441230067317317e-01
1.650513680129079250e+15,6.488877937114579941e-01
1.650513680130963250e+15,6.495313790147374533e-01
1.650513680132847250e+15,6.501749643180168015e-01
1.650513680134731250e+15,6.498091029082055936e-01
1.650513680136615500e+15,6.488706983630739833e-01
1.650513680138499500e+15,6.479324183243171387e-01
1.650513680140383500e+15,6.469941382855600720e-01
1.650513680142267500e+15,6.460558582468032274e-01
1.650513680144151750e+15,6.451174537016717281e-01
1.650513680146035750e+15,6.441791736629147724e-01
1.650513680147919750e+15,6.432408936241578168e-01
1.650513680149803750e+15,6.423026135854008611e-01
1.650513680151688000e+15,6.413642090402693619e-01
1.650513680153572000e+15,6.404259290015124062e-01
1.650513680155456000e+15,6.394876489627554506e-01
1.650513680157340250e+15,6.385492444176239513e-01
1.650513680159224250e+15,6.387016350924356045e-01
1.650513680161108250e+15,6.397124407775233168e-01
1.650513680162992250e+15,6.407232464626110291e-01
1.650513680164876500e+15,6.417341862779648576e-01
1.650513680166760500e+15,6.427449919630525699e-01
1.650513680168644500e+15,6.437557976481402822e-01
1.650513680170528500e+15,6.447666033332279945e-01
1.650513680172412750e+15,6.457775431485818229e-01
1.650513680174296750e+15,6.467883488336694242e-01
1.650513680176180750e+15,6.477991545187572475e-01
1.650513680178064750e+15,6.488099602038450708e-01
1.650513680179949000e+15,6.498209000191987883e-01
1.650513680181833000e+15,6.509250181827606063e-01
1.650513680183717000e+15,6.521583564114498133e-01
1.650513680185601250e+15,6.533918582996703917e-01
1.650513680187485250e+15,6.546251965283595986e-01
1.650513680189369250e+15,6.558585347570489166e-01
1.650513680191253250e+15,6.563048107224200844e-01
1.650513680193137500e+15,6.557670112434782483e-01
1.650513680195021500e+15,6.552292831191176559e-01
1.650513680196905500e+15,6.546915549947571744e-01
1.650513680198789500e+15,6.541538268703965819e-01
1.650513680200673750e+15,6.536160273914546348e-01
1.650513680202557750e+15,6.530782992670940423e-01
1.650513680204441750e+15,6.525405711427334499e-01
1.650513680206325750e+15,6.520028430183728574e-01
1.650513680208210000e+15,6.514650435394310213e-01
1.650513680210094000e+15,6.509273154150703178e-01
1.650513680211978000e+15,6.504377307434950906e-01
1.650513680213862250e+15,6.513173422162804593e-01
1.650513680215746250e+15,6.521968369832847889e-01
1.650513680217630250e+15,6.530763317502890075e-01
1.650513680219514250e+15,6.539558265172933371e-01
1.650513680221398500e+15,6.548354379900787059e-01
1.650513680223282500e+15,6.557149327570830355e-01
1.650513680225166500e+15,6.565106900095495357e-01
1.650513680227050500e+15,6.559361619434739277e-01
1.650513680228934750e+15,6.553615576395976916e-01
1.650513680230818750e+15,6.547870295735220836e-01
1.650513680232702750e+15,6.542125015074465866e-01
1.650513680234586750e+15,6.536379734413710896e-01
1.650513680236471000e+15,6.530633691374947425e-01
1.650513680238355000e+15,6.524888410714193565e-01
1.650513680240239000e+15,6.519143130053438595e-01
1.650513680242123250e+15,6.513397087014676234e-01
1.650513680244007250e+15,6.507651806353921264e-01
1.650513680245891250e+15,6.502107001290730048e-01
1.650513680247775250e+15,6.496892006380500240e-01
1.650513680249659500e+15,6.491676319459269706e-01
1.650513680251543500e+15,6.486461324549039897e-01
1.650513680253427500e+15,6.481246329638810089e-01
1.650513680255311500e+15,6.476031334728580280e-01
1.650513680257195750e+15,6.470815647807349746e-01
1.650513680259079750e+15,6.465600652897119938e-01
1.650513680260963750e+15,6.460385657986890129e-01
1.650513680262847750e+15,6.455170663076661430e-01
1.650513680264732000e+15,6.449954976155429787e-01
1.650513680266616000e+15,6.444739981245199978e-01
1.650513680268500000e+15,6.438259208768919439e-01
1.650513680270384250e+15,6.430976761554072496e-01
1.650513680272268250e+15,6.423695280565470123e-01
1.650513680274152250e+15,6.416413799576869970e-01
1.650513680276036250e+15,6.409132318588266486e-01
1.650513680277920500e+15,6.401849871373419543e-01
1.650513680279804500e+15,6.394568390384818279e-01
1.650513680281688500e+15,6.387286909396215906e-01
1.650513680283572500e+15,6.390485530302334460e-01
1.650513680285456750e+15,6.439542974657036511e-01
1.650513680287340750e+15,6.488593910129643039e-01
1.650513680289224750e+15,6.537644845602250676e-01
1.650513680291108750e+15,6.586695781074856093e-01
1.650513680292993000e+15,6.611675760270953051e-01
1.650513680294877000e+15,6.528860578421428196e-01
1.650513680296761000e+15,6.446045396571902231e-01
1.650513680298645250e+15,6.363219225446654637e-01
1.650513680300529250e+15,6.280404043597129782e-01
1.650513680302413250e+15,6.197588861747604927e-01
1.650513680304297250e+15,6.114773679898080072e-01
1.650513680306181500e+15,6.113613907688878468e-01
1.650513680308065500e+15,6.189498566538509383e-01
1.650513680309949500e+15,6.265383225388141408e-01
1.650513680311833500e+15,6.341267884237773433e-01
1.650513680313717750e+15,6.417162612707738578e-01
1.650513680315601750e+15,6.493047271557371714e-01
1.650513680317485750e+15,6.561465025233184090e-01
1.650513680319369750e+15,6.475186579212774962e-01
1.650513680321254000e+15,6.388896684353987387e-01
1.650513680323138000e+15,6.302618238333579370e-01
1.650513680325022000e+15,6.216339792313170243e-01
1.650513680326906250e+15,6.130049897454383778e-01
1.650513680328790250e+15,6.043771451433975761e-01
1.650513680330674250e+15,5.957493005413567744e-01
1.650513680332558250e+15,5.871214559393159726e-01
1.650513680334442500e+15,5.784924664534372152e-01
1.650513680336326500e+15,5.712584010465767692e-01
1.650513680338210500e+15,5.781224738706115529e-01
1.650513680340094500e+15,5.849865466946462256e-01
1.650513680341978750e+15,5.918515303563699481e-01
1.650513680343862750e+15,5.987156031804046208e-01
1.650513680345746750e+15,6.055796760044392935e-01
1.650513680347630750e+15,6.124437488284739661e-01
1.650513680349515000e+15,6.125993019077625723e-01
1.650513680351399000e+15,6.114069265372099604e-01
1.650513680353283000e+15,6.102145511666574595e-01
1.650513680355167250e+15,6.090220175721968721e-01
1.650513680357051250e+15,6.078296422016442602e-01
1.650513680358935250e+15,6.066372668310917593e-01
1.650513680360819250e+15,6.054448914605390364e-01
1.650513680362703500e+15,6.042523578660785599e-01
1.650513680364587500e+15,6.030599824955259480e-01
1.650513680366471500e+15,6.018676071249733361e-01
1.650513680368355500e+15,6.006752317544208353e-01
1.650513680370239750e+15,5.994826981599601368e-01
1.650513680372123750e+15,5.982903227894076359e-01
1.650513680374007750e+15,5.970979474188550240e-01
1.650513680375891750e+15,5.959055720483023011e-01
1.650513680377776000e+15,5.951845456996283090e-01
1.650513680379660000e+15,5.951845456996283090e-01
1.650513680381544000e+15,5.951845456996283090e-01
1.650513680383428250e+15,5.951845456996283090e-01
1.650513680385312250e+15,5.951845456996283090e-01
1.650513680387196250e+15,5.951845456996283090e-01
1.650513680389080250e+15,5.951845456996283090e-01
1.650513680390964500e+15,5.951845456996283090e-01
1.650513680392848500e+15,5.951845456996283090e-01
1.650513680394732500e+15,5.951845456996281980e-01
1.650513680396616500e+15,5.951845456996283090e-01
1.650513680398500750e+15,5.951845456996284200e-01
1.650513680400384750e+15,5.951845456996283090e-01
1.650513680402268750e+15,5.951845456996283090e-01
1.650513680404152750e+15,5.951845456996283090e-01
1.650513680406037000e+15,5.951845456996283090e-01
1.650513680407921000e+15,5.951845456996283090e-01
1.650513680409805000e+15,5.951845456996284200e-01
1.650513680411689250e+15,5.951845456996283090e-01
1.650513680413573250e+15,5.951845456996283090e-01
1.650513680415457250e+15,5.951845456996283090e-01
1.650513680417341250e+15,5.951845456996283090e-01
1.650513680419225500e+15,5.951845456996283090e-01
1.650513680421109500e+15,5.951845456996283090e-01
1.650513680422993500e+15,5.951845456996283090e-01
1.650513680424877500e+15,5.951845456996283090e-01
1.650513680426761750e+15,5.951845456996283090e-01
1.650513680428645750e+15,5.951845456996283090e-01
1.650513680430529750e+15,5.951845456996283090e-01
1.650513680432413750e+15,5.946705346394706160e-01
1.650513680434298000e+15,5.926475052084478889e-01
1.650513680436182000e+15,5.906247441905114748e-01
1.650513680438066000e+15,5.886019831725750606e-01
1.650513680439950250e+15,5.865789537415524446e-01
1.650513680441834250e+15,5.845561927236161415e-01
1.650513680443718250e+15,5.830065271465658672e-01
1.650513680445602250e+15,5.835069418133553842e-01
1.650513680447486500e+15,5.840074228833650460e-01
1.650513680449370500e+15,5.845078375501546741e-01
1.650513680451254500e+15,5.850082522169441912e-01
1.650513680453138500e+15,5.855086668837337083e-01
1.650513680455022750e+15,5.860091479537434811e-01
1.650513680456906750e+15,5.865095626205329982e-01
1.650513680458790750e+15,5.870099772873225152e-01
1.650513680460674750e+15,5.875103919541121433e-01
1.650513680462559000e+15,5.880108730241218051e-01
1.650513680464443000e+15,5.885112876909113222e-01
1.650513680466327000e+15,5.890117023577009503e-01
1.650513680468211250e+15,5.890486225480853211e-01
1.650513680470095250e+15,5.890486225480855431e-01
1.650513680471979250e+15,5.890486225480858762e-01
1.650513680473863250e+15,5.890486225480858762e-01
1.650513680475747500e+15,5.890486225480858762e-01
1.650513680477631500e+15,5.890486225480859872e-01
1.650513680479515500e+15,5.890486225480859872e-01
1.650513680481399500e+15,5.890486225480859872e-01
1.650513680483283750e+15,5.890486225480859872e-01
1.650513680485167750e+15,5.890486225480859872e-01
1.650513680487051750e+15,5.890486225480859872e-01
1.650513680488935750e+15,5.890486225480859872e-01
1.650513680490820000e+15,5.890486225480859872e-01
1.650513680492704000e+15,5.890486225480859872e-01
1.650513680494588000e+15,5.890486225480859872e-01
1.650513680496472250e+15,5.890486225480858762e-01
1.650513680498356250e+15,5.890486225480859872e-01
1.650513680500240250e+15,5.885254295955429926e-01
1.650513680502124250e+15,5.879534316134794603e-01
1.650513680504008500e+15,5.873813577293481858e-01
1.650513680505892500e+15,5.868093597472847645e-01
1.650513680507776500e+15,5.862373617652211211e-01
1.650513680509660500e+15,5.856653637831575887e-01
1.650513680511544750e+15,5.850932898990263142e-01
1.650513680513428750e+15,5.845212919169628929e-01
1.650513680515312750e+15,5.839492939348992495e-01
1.650513680517196750e+15,5.833772959528358282e-01
1.650513680519081000e+15,5.830957840893670197e-01
1.650513680520965000e+15,5.840701670308290350e-01
1.650513680522849000e+15,5.850445499722909393e-01
1.650513680524733250e+15,5.860190622108523151e-01
1.650513680526617250e+15,5.869934451523143304e-01
1.650513680528501250e+15,5.879678280937763457e-01
1.650513680530385250e+15,5.889422110352382500e-01
1.650513680532269500e+15,5.899167232737998479e-01
1.650513680534153500e+15,5.908911062152617522e-01
1.650513680536037500e+15,5.918654891567237675e-01
1.650513680537921500e+15,5.928398720981856718e-01
1.650513680539805750e+15,5.938143843367470476e-01
1.650513680541689750e+15,5.947887672782091739e-01
1.650513680543573750e+15,5.943827979741216350e-01
1.650513680545457750e+15,5.930326368882181676e-01
1.650513680547342000e+15,5.916822966408117335e-01
1.650513680549226000e+15,5.903321355549082661e-01
1.650513680551110000e+15,5.890486225480860982e-01
1.650513680552994250e+15,5.890486225480859872e-01
1.650513680554878250e+15,5.890486225480859872e-01
1.650513680556762250e+15,5.890486225480859872e-01
1.650513680558646250e+15,5.890486225480859872e-01
1.650513680560530500e+15,5.890486225480859872e-01
1.650513680562414500e+15,5.890486225480859872e-01
1.650513680564298500e+15,5.890486225480858762e-01
1.650513680566182500e+15,5.890486225480857652e-01
1.650513680568066750e+15,5.890486225480857652e-01
1.650513680569950750e+15,5.890486225480857652e-01
1.650513680571834750e+15,5.890486225480855431e-01
1.650513680573718750e+15,5.890486225480855431e-01
1.650513680575603000e+15,5.890486225480855431e-01
1.650513680577487000e+15,5.890486225480854321e-01
1.650513680579371000e+15,5.890486225480853211e-01
1.650513680581255250e+15,5.890486225480853211e-01
1.650513680583139250e+15,5.890486225480850990e-01
1.650513680585023250e+15,5.890486225480850990e-01
1.650513680586907250e+15,5.890486225480850990e-01
1.650513680588791500e+15,5.890486225480852100e-01
1.650513680590675500e+15,5.890486225480854321e-01
1.650513680592559500e+15,5.890486225480856541e-01
1.650513680594443500e+15,5.890486225480857652e-01
1.650513680596327750e+15,5.890486225480860982e-01
1.650513680598211750e+15,5.890486225480859872e-01
1.650513680600095750e+15,5.890486225480859872e-01
1.650513680601979750e+15,5.890486225480859872e-01
1.650513680603864000e+15,5.890486225480859872e-01
1.650513680605748000e+15,5.890486225480859872e-01
1.650513680607632000e+15,5.890486225480859872e-01
1.650513680609516250e+15,5.890486225480859872e-01
1.650513680611400250e+15,5.890486225480859872e-01
1.650513680613284250e+15,5.890486225480859872e-01
1.650513680615168250e+15,5.890486225480859872e-01
1.650513680617052500e+15,5.890486225480859872e-01
1.650513680618936500e+15,5.890486225480860982e-01
1.650513680620820500e+15,5.890486225480859872e-01
1.650513680622704500e+15,5.890486225480859872e-01
1.650513680624588750e+15,5.890486225480859872e-01
1.650513680626472750e+15,5.890486225480859872e-01
1.650513680628356750e+15,5.890486225480859872e-01
1.650513680630240750e+15,5.890486225480859872e-01
1.650513680632125000e+15,5.904634363739044156e-01
1.650513680634009000e+15,5.931889059524748653e-01
1.650513680635893000e+15,5.959143755310454260e-01
1.650513680637777250e+15,5.986402067695917317e-01
1.650513680639661250e+15,6.012871388323143274e-01
1.650513680641545250e+15,5.992777386554489771e-01
1.650513680643429250e+15,5.972683384785836269e-01
1.650513680645313500e+15,5.952586716615675400e-01
1.650513680647197500e+15,5.932492714847021897e-01
1.650513680649081500e+15,5.912398713078369505e-01
1.650513680650965500e+15,5.892304711309714893e-01
1.650513680652849750e+15,5.872208043139554023e-01
1.650513680654733750e+15,5.852114041370900521e-01
1.650513680656617750e+15,5.832020039602248129e-01
1.650513680658501750e+15,5.811926037833594627e-01
1.650513680660386000e+15,5.791829369663432647e-01
1.650513680662270000e+15,5.771735367894780255e-01
1.650513680664154000e+15,5.776852678044541722e-01
1.650513680666038250e+15,5.788174273420856331e-01
1.650513680667922250e+15,5.799494366661657185e-01
1.650513680669806250e+15,5.810814459902458040e-01
1.650513680671690250e+15,5.822134553143258895e-01
1.650513680673574500e+15,5.829126993965436654e-01
1.650513680675458500e+15,5.829126993965435544e-01
1.650513680677342500e+15,5.829126993965435544e-01
1.650513680679226500e+15,5.829126993965434433e-01
1.650513680681110750e+15,5.829126993965434433e-01
1.650513680682994750e+15,5.829126993965433323e-01
1.650513680684878750e+15,5.829126993965432213e-01
1.650513680686762750e+15,5.829126993965432213e-01
1.650513680688647000e+15,5.829126993965431103e-01
1.650513680690531000e+15,5.829126993965429993e-01
1.650513680692415000e+15,5.829126993965429993e-01
1.650513680694299250e+15,5.829126993965428882e-01
1.650513680696183250e+15,5.829126993965426662e-01
1.650513680698067250e+15,5.829126993965427772e-01
1.650513680699951250e+15,5.829126993965427772e-01
1.650513680701835500e+15,5.829126993965427772e-01
1.650513680703719500e+15,5.829126993965427772e-01
1.650513680705603500e+15,5.829126993965427772e-01
1.650513680707487500e+15,5.829126993965427772e-01
1.650513680709371750e+15,5.829126993965428882e-01
1.650513680711255750e+15,5.829126993965429993e-01
1.650513680713139750e+15,5.829126993965431103e-01
1.650513680715023750e+15,5.829126993965432213e-01
1.650513680716908000e+15,5.829126993965434433e-01
1.650513680718792000e+15,5.829126993965434433e-01
1.650513680720676000e+15,5.829786492554960287e-01
1.650513680722560250e+15,5.841969435861908977e-01
1.650513680724444250e+15,5.854150762750746084e-01
1.650513680726328250e+15,5.866332089639583192e-01
1.650513680728212250e+15,5.878513416528421409e-01
1.650513680730096500e+15,5.890696359835370099e-01
1.650513680731980500e+15,5.902877686724206097e-01
1.650513680733864500e+15,5.915059013613044314e-01
1.650513680735748500e+15,5.927240340501881422e-01
1.650513680737632750e+15,5.939423283808831222e-01
1.650513680739516750e+15,5.951604610697667219e-01
1.650513680741400750e+15,5.931736289152259589e-01
1.650513680743284750e+15,5.911221507932192809e-01
1.650513680745169000e+15,5.890704004474702771e-01
1.650513680747053000e+15,5.870189223254637101e-01
1.650513680748937000e+15,5.849674442034571431e-01
1.650513680750821250e+15,5.829156938577082503e-01
1.650513680752705250e+15,5.804324231978238435e-01
1.650513680754589250e+15,5.779485213461896809e-01
1.650513680756473250e+15,5.754646194945556292e-01
1.650513680758357500e+15,5.729803880381111325e-01
1.650513680760241500e+15,5.706954356179396726e-01
1.650513680762125500e+15,5.716345541213317949e-01
1.650513680764009500e+15,5.725736726247238062e-01
1.650513680765893750e+15,5.735129157457516946e-01
1.650513680767777750e+15,5.744520342491438170e-01
1.650513680769661750e+15,5.753911527525358283e-01
1.650513680771545750e+15,5.763302712559279506e-01
1.650513680773430000e+15,5.772695143769558390e-01
1.650513680775314000e+15,5.782086328803479613e-01
1.650513680777198000e+15,5.791477513837399727e-01
1.650513680779082250e+15,5.800869945047679721e-01
1.650513680780966250e+15,5.810261130081599834e-01
1.650513680782850250e+15,5.819652315115521057e-01
1.650513680784734250e+15,5.829043500149441170e-01
1.650513680786618500e+15,5.829126993965428882e-01
1.650513680788502500e+15,5.829126993965431103e-01
1.650513680790386500e+15,5.829126993965433323e-01
1.650513680792270500e+15,5.829126993965434433e-01
1.650513680794154750e+15,5.828141618731031981e-01
1.650513680796038750e+15,5.823253015856456605e-01
1.650513680797922750e+15,5.818364412981881229e-01
1.650513680799806750e+15,5.813475810107306962e-01
1.650513680801691000e+15,5.808586558532774502e-01
1.650513680803575000e+15,5.803697955658200236e-01
1.650513680805459000e+15,5.798809352783624860e-01
1.650513680807343250e+15,5.793920101209093509e-01
1.650513680809227250e+15,5.789031498334518133e-01
1.650513680811111250e+15,5.784142895459942757e-01
1.650513680812995250e+15,5.779254292585368491e-01
1.650513680814879500e+15,5.774365041010836030e-01
1.650513680816763500e+15,5.769476438136261764e-01
1.650513680818647500e+15,5.762575762296573423e-01
1.650513680820531500e+15,5.754593935867309273e-01
1.650513680822415750e+15,5.746611050278486177e-01
1.650513680824299750e+15,5.738629223849220917e-01
1.650513680826183750e+15,5.730647397419956768e-01
1.650513680828067750e+15,5.722665570990692618e-01
1.650513680829952000e+15,5.714682685401869522e-01
1.650513680831836000e+15,5.706700858972605372e-01
1.650513680833720000e+15,5.728149283535954872e-01
1.650513680835604250e+15,5.750719538681476894e-01
1.650513680837488250e+15,5.773286799232977273e-01
1.650513680839372250e+15,5.795854059784476542e-01
1.650513680841256250e+15,5.818421320335975810e-01
1.650513680843140500e+15,5.814498547523836436e-01
1.650513680845024500e+15,5.786674223348193813e-01
1.650513680846908500e+15,5.758849899172552300e-01
1.650513680848792500e+15,5.731025574996909677e-01
1.650513680850676750e+15,5.703197558633876785e-01
1.650513680852560750e+15,5.675373234458235272e-01
1.650513680854444750e+15,5.647548910282592649e-01
1.650513680856328750e+15,5.650657216605009525e-01
1.650513680858213000e+15,5.656819466470853763e-01
1.650513680860097000e+15,5.662980898736874602e-01
1.650513680861981000e+15,5.669142331002896551e-01
1.650513680863865250e+15,5.675304580868740789e-01
1.650513680865749250e+15,5.681466013134761628e-01
1.650513680867633250e+15,5.687627445400782467e-01
1.650513680869517250e+15,5.693788877666803305e-01
1.650513680871401500e+15,5.699951127532648654e-01
1.650513680873285500e+15,5.706112559798669492e-01
1.650513680875169500e+15,5.690919750959513301e-01
1.650513680877053500e+15,5.674649407233254284e-01
1.650513680878937750e+15,5.658376904491109194e-01
1.650513680880821750e+15,5.642106560764851286e-01
1.650513680882705750e+15,5.625836217038592268e-01
1.650513680884589750e+15,5.609565873312334361e-01
1.650513680886474000e+15,5.593293370570188161e-01
1.650513680888358000e+15,5.589744429704591733e-01
1.650513680890242000e+15,5.604519582078703044e-01
1.650513680892126250e+15,5.619296695062204750e-01
1.650513680894010250e+15,5.634071847436314950e-01
1.650513680895894250e+15,5.645049299419149236e-01
1.650513680897778250e+15,5.645049299419149236e-01
1.650513680899662500e+15,5.645049299419149236e-01
1.650513680901546500e+15,5.645049299419149236e-01
1.650513680903430500e+15,5.645049299419149236e-01
1.650513680905314500e+15,5.645049299419149236e-01
1.650513680907198750e+15,5.645049299419149236e-01
1.650513680909082750e+15,5.645049299419149236e-01
1.650513680910966750e+15,5.645049299419149236e-01
1.650513680912850750e+15,5.645049299419149236e-01
1.650513680914735000e+15,5.645049299419149236e-01
1.650513680916619000e+15,5.645049299419149236e-01
1.650513680918503000e+15,5.645049299419149236e-01
1.650513680920387250e+15,5.645049299419149236e-01
1.650513680922271250e+15,5.643637048965420844e-01
1.650513680924155250e+15,5.632422381505677311e-01
1.650513680926039250e+15,5.621207714045932669e-01
1.650513680927923500e+15,5.609991558440294845e-01
1.650513680929807500e+15,5.598776890980550203e-01
1.650513680931691500e+15,5.587562223520806670e-01
1.650513680933575500e+15,5.590537056511863945e-01
1.650513680935459750e+15,5.600996268741185169e-01
1.650513680937343750e+15,5.611454093254939490e-01
1.650513680939227750e+15,5.621911917768694922e-01
1.650513680941111750e+15,5.632369742282449243e-01
1.650513680942996000e+15,5.642828954511770467e-01
1.650513680944880000e+15,5.637020988753580486e-01
1.650513680946764000e+15,5.626828712949045741e-01
1.650513680948648250e+15,5.616635084666298239e-01
1.650513680950532250e+15,5.606442808861762384e-01
1.650513680952416250e+15,5.596250533057227639e-01
1.650513680954300250e+15,5.586058257252690673e-01
1.650513680956184500e+15,5.583690067903734899e-01
1.650513680958068500e+15,5.583690067903734899e-01
1.650513680959952500e+15,5.583690067903734899e-01
1.650513680961836500e+15,5.583690067903734899e-01
1.650513680963720750e+15,5.583690067903734899e-01
1.650513680965604750e+15,5.583690067903734899e-01
1.650513680967488750e+15,5.583690067903734899e-01
1.650513680969372750e+15,5.583690067903734899e-01
1.650513680971257000e+15,5.583690067903734899e-01
1.650513680973141000e+15,5.583690067903734899e-01
1.650513680975025000e+15,5.583690067903734899e-01
1.650513680976909250e+15,5.583690067903734899e-01
1.650513680978793250e+15,5.583690067903734899e-01
1.650513680980677250e+15,5.583690067903734899e-01
1.650513680982561250e+15,5.583690067903734899e-01
1.650513680984445500e+15,5.583690067903734899e-01
1.650513680986329500e+15,5.583690067903734899e-01
1.650513680988213500e+15,5.583690067903734899e-01
1.650513680990097500e+15,5.583690067903734899e-01
1.650513680991981750e+15,5.583690067903734899e-01
1.650513680993865750e+15,5.583690067903734899e-01
1.650513680995749750e+15,5.583690067903734899e-01
1.650513680997633750e+15,5.583690067903736010e-01
1.650513680999518000e+15,5.583690067903734899e-01
1.650513681001402000e+15,5.583690067903734899e-01
1.650513681003286000e+15,5.583690067903734899e-01
1.650513681005170250e+15,5.583690067903734899e-01
1.650513681007054250e+15,5.583690067903734899e-01
1.650513681008938250e+15,5.583690067903734899e-01
1.650513681010822250e+15,5.583690067903734899e-01
1.650513681012706500e+15,5.583690067903734899e-01
1.650513681014590500e+15,5.583690067903734899e-01
1.650513681016474500e+15,5.583690067903733789e-01
1.650513681018358500e+15,5.583690067903734899e-01
1.650513681020242750e+15,5.583690067903734899e-01
1.650513681022126750e+15,5.583690067903734899e-01
1.650513681024010750e+15,5.583690067903734899e-01
1.650513681025894750e+15,5.583690067903734899e-01
1.650513681027779000e+15,5.583690067903734899e-01
1.650513681029663000e+15,5.583690067903734899e-01
1.650513681031547000e+15,5.583690067903734899e-01
1.650513681033431250e+15,5.583690067903734899e-01
1.650513681035315250e+15,5.583690067903734899e-01
1.650513681037199250e+15,5.583690067903734899e-01
1.650513681039083250e+15,5.583690067903734899e-01
1.650513681040967500e+15,5.583690067903734899e-01
1.650513681042851500e+15,5.576404374587955459e-01
1.650513681044735500e+15,5.568417033181538578e-01
1.650513681046619500e+15,5.560429691775121697e-01
1.650513681048503750e+15,5.552441290477329039e-01
1.650513681050387750e+15,5.544453949070911047e-01
1.650513681052271750e+15,5.536466607664494166e-01
1.650513681054155750e+15,5.528479266258077285e-01
1.650513681056040000e+15,5.523923058001318775e-01
1.650513681057924000e+15,5.530834914035703820e-01
1.650513681059808000e+15,5.537746770070087754e-01
1.650513681061692250e+15,5.544659543282820513e-01
1.650513681063576250e+15,5.551571399317204447e-01
1.650513681065460250e+15,5.558483255351588381e-01
1.650513681067344250e+15,5.565395111385972315e-01
1.650513681069228500e+15,5.572307884598705074e-01
1.650513681071112500e+15,5.579219740633089009e-01
1.650513681072996500e+15,5.586982912720566130e-01
1.650513681074880500e+15,5.596304805485267098e-01
1.650513681076764750e+15,5.605627935231491943e-01
1.650513681078648750e+15,5.614949827996191800e-01
1.650513681080532750e+15,5.624271720760893878e-01
1.650513681082416750e+15,5.633593613525593735e-01
1.650513681084301000e+15,5.642916743271820801e-01
1.650513681086185000e+15,5.641410172785747967e-01
1.650513681088069000e+15,5.636691580509530786e-01
1.650513681089953250e+15,5.631972362093149442e-01
1.650513681091837250e+15,5.627253769816931150e-01
1.650513681093721250e+15,5.622535177540712859e-01
1.650513681095605250e+15,5.617816585264495677e-01
1.650513681097489500e+15,5.613097366848114333e-01
1.650513681099373500e+15,5.608378774571896042e-01
1.650513681101257500e+15,5.603660182295678860e-01
1.650513681103141500e+15,5.598941590019461678e-01
1.650513681105025750e+15,5.594222371603079225e-01
1.650513681106909750e+15,5.589503779326862043e-01
1.650513681108793750e+15,5.584785187050644861e-01
1.650513681110677750e+15,5.575657904657720376e-01
1.650513681112562000e+15,5.565196799700884434e-01
1.650513681114446000e+15,5.554737082710740070e-01
1.650513681116330000e+15,5.544277365720595707e-01
1.650513681118214250e+15,5.533816260763759765e-01
1.650513681120098250e+15,5.523356543773615401e-01
1.650513681121982250e+15,5.517022044425340388e-01
1.650513681123866250e+15,5.511136057043718450e-01
1.650513681125750500e+15,5.505249288612814595e-01
1.650513681127634500e+15,5.499363301231192658e-01
1.650513681129518500e+15,5.493477313849570720e-01
1.650513681131402500e+15,5.487591326467948782e-01
1.650513681133286750e+15,5.481704558037046038e-01
1.650513681135170750e+15,5.475818570655424100e-01
1.650513681137054750e+15,5.469932583273802162e-01
1.650513681138938750e+15,5.464046595892180225e-01
1.650513681140823000e+15,5.467956003063927373e-01
1.650513681142707000e+15,5.482576676610522171e-01
1.650513681144591000e+15,5.497197350157116968e-01
1.650513681146475250e+15,5.511819963814319490e-01
1.650513681148359250e+15,5.526440637360914288e-01
1.650513681150243250e+15,5.541061310907509085e-01
1.650513681152127250e+15,5.555681984454103883e-01
1.650513681154011500e+15,5.570304598111306404e-01
1.650513681155895500e+15,5.584925271657901202e-01
1.650513681157779500e+15,5.599545945204496000e-01
1.650513681159663500e+15,5.614166618751090798e-01
1.650513681161547750e+15,5.628789232408294430e-01
1.650513681163431750e+15,5.643409905954888117e-01
1.650513681165315750e+15,5.631557823121041695e-01
1.650513681167199750e+15,5.616362521165767507e-01
1.650513681169084000e+15,5.601165202848767954e-01
1.650513681170968000e+15,5.585969900893494877e-01
1.650513681172852000e+15,5.570774598938219579e-01
1.650513681174736250e+15,5.555577280621222247e-01
1.650513681176620250e+15,5.540381978665946949e-01
1.650513681178504250e+15,5.525186676710672762e-01
1.650513681180388250e+15,5.509991374755398574e-01
1.650513681182272500e+15,5.494794056438401242e-01
1.650513681184156500e+15,5.479598754483127054e-01
1.650513681186040500e+15,5.464403452527851757e-01
1.650513681187924500e+15,5.456818052512105721e-01
1.650513681189808750e+15,5.451452038774848852e-01
1.650513681191692750e+15,5.446086736993773769e-01
1.650513681193576750e+15,5.440721435212698687e-01
1.650513681195460750e+15,5.435356133431623604e-01
1.650513681197345000e+15,5.429990119694367845e-01
1.650513681199229000e+15,5.424624817913292762e-01
1.650513681201113000e+15,5.419259516132218790e-01
1.650513681202997250e+15,5.413893502394961921e-01
1.650513681204881250e+15,5.408528200613886838e-01
1.650513681206765250e+15,5.403162898832811756e-01
1.650513681208649250e+15,5.394194948019193081e-01
1.650513681210533500e+15,5.378176456542315131e-01
1.650513681212417500e+15,5.362160090379419763e-01
1.650513681214301500e+15,5.346143724216523285e-01
1.650513681216185500e+15,5.330127358053626807e-01
1.650513681218069750e+15,5.314108866576749968e-01
1.650513681219953750e+15,5.298092500413853490e-01
1.650513681221837750e+15,5.282076134250957011e-01
1.650513681223721750e+15,5.266059768088060533e-01
1.650513681225606000e+15,5.250041276611183694e-01
1.650513681227490000e+15,5.234024910448287216e-01
1.650513681229374000e+15,5.218008544285391848e-01
1.650513681231258250e+15,5.215534678811185598e-01
1.650513681233142250e+15,5.215534678811184488e-01
1.650513681235026250e+15,5.215534678811183378e-01
1.650513681236910250e+15,5.215534678811182268e-01
1.650513681238794500e+15,5.215534678811180047e-01
1.650513681240678500e+15,5.215534678811180047e-01
1.650513681242562500e+15,5.215534678811178937e-01
1.650513681244446500e+15,5.231533059809558850e-01
1.650513681246330750e+15,5.251152291437415354e-01
1.650513681248214750e+15,5.270768920009462066e-01
1.650513681250098750e+15,5.290385548581509889e-01
1.650513681251982750e+15,5.310002177153556602e-01
1.650513681253867000e+15,5.329621408781411995e-01
1.650513681255751000e+15,5.338253141842042027e-01
1.650513681257635000e+15,5.338253141842042027e-01
1.650513681259519250e+15,5.338253141842042027e-01
1.650513681261403250e+15,5.338253141842042027e-01
1.650513681263287250e+15,5.338253141842042027e-01
1.650513681265171250e+15,5.337902683292203854e-01
1.650513681267055500e+15,5.318042487125758111e-01
1.650513681268939500e+15,5.298184925986002547e-01
1.650513681270823500e+15,5.278327364846248093e-01
1.650513681272707500e+15,5.258469803706493639e-01
1.650513681274591750e+15,5.238609607540049007e-01
1.650513681276475750e+15,5.218752046400293443e-01
1.650513681278359750e+15,5.239779676121889551e-01
1.650513681280243750e+15,5.268712423506466402e-01
1.650513681282128000e+15,5.297649010162192029e-01
1.650513681284012000e+15,5.326581757546768880e-01
1.650513681285896000e+15,5.327572055234731652e-01
1.650513681287780250e+15,5.309666505911059264e-01
1.650513681289664250e+15,5.291763332273909937e-01
1.650513681291548250e+15,5.273860158636760609e-01
1.650513681293432250e+15,5.255956984999611281e-01
1.650513681295316500e+15,5.238051435675938894e-01
1.650513681297200500e+15,5.220148262038788456e-01
1.650513681299084500e+15,5.219910329480401678e-01
1.650513681300968500e+15,5.225805020836020720e-01
1.650513681302852750e+15,5.231700494395907786e-01
1.650513681304736750e+15,5.237595185751526827e-01
1.650513681306620750e+15,5.243489877107146979e-01
1.650513681308504750e+15,5.249384568462767131e-01
1.650513681310389000e+15,5.255280042022654197e-01
1.650513681312273000e+15,5.261174733378273238e-01
1.650513681314157000e+15,5.267069424733892280e-01
1.650513681316041250e+15,5.272964898293779346e-01
1.650513681317925250e+15,5.273952366091599897e-01
1.650513681319809250e+15,5.265131244979426306e-01
1.650513681321693250e+15,5.256310123867252715e-01
1.650513681323577500e+15,5.247487832224145832e-01
1.650513681325461500e+15,5.238666711111972241e-01
1.650513681327345500e+15,5.229845589999797539e-01
1.650513681329229500e+15,5.221024468887622838e-01
1.650513681331113750e+15,5.215534678811177827e-01
1.650513681332997750e+15,5.215534678811177827e-01
1.650513681334881750e+15,5.215534678811177827e-01
1.650513681336765750e+15,5.215534678811177827e-01
1.650513681338650000e+15,5.215534678811177827e-01
1.650513681340534000e+15,5.215534678811177827e-01
1.650513681342418000e+15,5.215534678811176716e-01
1.650513681344302250e+15,5.215534678811176716e-01
1.650513681346186250e+15,5.215534678811175606e-01
1.650513681348070250e+15,5.215534678811174496e-01
1.650513681349954250e+15,5.215534678811173386e-01
1.650513681351838500e+15,5.215534678811173386e-01
1.650513681353722500e+15,5.215534678811172276e-01
1.650513681355606500e+15,5.215534678811171165e-01
1.650513681357490500e+15,5.215534678811171165e-01
1.650513681359374750e+15,5.215534678811170055e-01
1.650513681361258750e+15,5.215534678811168945e-01
1.650513681363142750e+15,5.216063056988414770e-01
1.650513681365026750e+15,5.231927032859839954e-01
1.650513681366911000e+15,5.247793113823604472e-01
1.650513681368795000e+15,5.263657089695029656e-01
1.650513681370679000e+15,5.279521065566454840e-01
1.650513681372563250e+15,5.295387146530219358e-01
1.650513681374447250e+15,5.311251122401644542e-01
1.650513681376331250e+15,5.327115098273069727e-01
1.650513681378215250e+15,5.338253141842033145e-01
1.650513681380099500e+15,5.338253141842033145e-01
1.650513681381983500e+15,5.338253141842033145e-01
1.650513681383867500e+15,5.338253141842032035e-01
1.650513681385751500e+15,5.338253141842033145e-01
1.650513681387635750e+15,5.338253141842033145e-01
1.650513681389519750e+15,5.332550770636749204e-01
1.650513681391403750e+15,5.314902692853165078e-01
1.650513681393287750e+15,5.297254615069583172e-01
1.650513681395172000e+15,5.279604195449776327e-01
1.650513681397056000e+15,5.261956117666193311e-01
1.650513681398940000e+15,5.244308039882610295e-01
1.650513681400824250e+15,5.226657620262802340e-01
1.650513681402708250e+15,5.209009542479220434e-01
1.650513681404592250e+15,5.191361464695636307e-01
1.650513681406476250e+15,5.173713386912054402e-01
1.650513681408360500e+15,5.156062967292246446e-01
1.650513681410244500e+15,5.121980985645639972e-01
1.650513681412128500e+15,5.085930842555705933e-01
1.650513681414012500e+15,5.049880699465770784e-01
1.650513681415896750e+15,5.013825772651966384e-01
1.650513681417780750e+15,4.977775629562031234e-01
1.650513681419664750e+15,4.974362125870154805e-01
1.650513681421548750e+15,4.979780489693685919e-01
1.650513681423433000e+15,4.985199572514540378e-01
1.650513681425317000e+15,4.990617936338070937e-01
1.650513681427201000e+15,4.996036300161602606e-01
1.650513681429085250e+15,5.001455382982455955e-01
1.650513681430969250e+15,5.006873746805987624e-01
1.650513681432853250e+15,5.012292110629519293e-01
1.650513681434737250e+15,5.017710474453049851e-01
1.650513681436621500e+15,5.023129557273904311e-01
1.650513681438505500e+15,5.028547921097435980e-01
1.650513681440389500e+15,5.027451003308808231e-01
1.650513681442273500e+15,5.018800839272961056e-01
1.650513681444157750e+15,5.010149527391568602e-01
1.650513681446041750e+15,5.001499363355721428e-01
1.650513681447925750e+15,4.992849199319875364e-01
1.650513681449809750e+15,4.984199035284027635e-01
1.650513681451694000e+15,4.975547723402634626e-01
1.650513681453578000e+15,4.970097752749477182e-01
1.650513681455462000e+15,4.970097752749478848e-01
1.650513681457346250e+15,4.970097752749480513e-01
1.650513681459230250e+15,4.970097752749482178e-01
1.650513681461114250e+15,4.970097752749483844e-01
1.650513681462998250e+15,4.970097752749484954e-01
1.650513681464882500e+15,4.970097752749483844e-01
1.650513681466766500e+15,4.970097752749482733e-01
1.650513681468650500e+15,4.970097752749482733e-01
1.650513681470534500e+15,4.970097752749481623e-01
1.650513681472418750e+15,4.970097752749481068e-01
1.650513681474302750e+15,4.970097752749480513e-01
1.650513681476186750e+15,4.970097752749479403e-01
1.650513681478070750e+15,4.970097752749478848e-01
1.650513681479955000e+15,4.970097752749478293e-01
1.650513681481839000e+15,4.970097752749477182e-01
1.650513681483723000e+15,4.970097752749477182e-01
1.650513681485607250e+15,4.970097752749476072e-01
1.650513681487491250e+15,4.970097752749476072e-01
1.650513681489375250e+15,4.970097752749475517e-01
1.650513681491259250e+15,4.970097752749476072e-01
1.650513681493143500e+15,4.970097752749476072e-01
1.650513681495027500e+15,4.970097752749476072e-01
1.650513681496911500e+15,4.970097752749476072e-01
1.650513681498795500e+15,4.969103910601367913e-01
1.650513681500679750e+15,4.965037358880255991e-01
1.650513681502563750e+15,4.960971346704283746e-01
1.650513681504447750e+15,4.956905334528312057e-01
1.650513681506331750e+15,4.952839322352340368e-01
1.650513681508216000e+15,4.948772770631228446e-01
1.650513681510100000e+15,4.944706758455256201e-01
1.650513681511984000e+15,4.940640746279283402e-01
1.650513681513868250e+15,4.936574194558172035e-01
1.650513681515752250e+15,4.932508182382199791e-01
1.650513681517636250e+15,4.928442170206227546e-01
1.650513681519520250e+15,4.924376158030256967e-01
1.650513681521404500e+15,4.920309606309144490e-01
1.650513681523288500e+15,4.916243594133172801e-01
1.650513681525172500e+15,4.912177581957200001e-01
1.650513681527056500e+15,4.910492245826263424e-01
1.650513681528940750e+15,4.921867308004828079e-01
1.650513681530824750e+15,4.933240860953969076e-01
1.650513681532708750e+15,4.944614413903108407e-01
1.650513681534592750e+15,4.955987966852248294e-01
1.650513681536477000e+15,4.967363029030813504e-01
1.650513681538361000e+15,4.978736581979953391e-01
1.650513681540245000e+15,4.990110134929092722e-01
1.650513681542129250e+15,5.001485197107657932e-01
1.650513681544013250e+15,5.012858750056797819e-01
1.650513681545897250e+15,5.024232303005937705e-01
1.650513681547781250e+15,5.027460857104607550e-01
1.650513681549665500e+15,5.016504578309730622e-01
1.650513681551549500e+15,5.005549753180609240e-01
1.650513681553433500e+15,4.994594928051487304e-01
1.650513681555317500e+15,4.983640102922366477e-01
1.650513681557201750e+15,4.972683824127489549e-01
1.650513681559085750e+15,4.961728998998367612e-01
1.650513681560969750e+15,4.950774173869245676e-01
1.650513681562853750e+15,4.939819348740124294e-01
1.650513681564738000e+15,4.928863069945246811e-01
1.650513681566622000e+15,4.917908244816125429e-01
1.650513681568506000e+15,4.911203489053371785e-01
1.650513681570390250e+15,4.926332530139858057e-01
1.650513681572274250e+15,4.941459563923561449e-01
1.650513681574158250e+15,4.956586597707264286e-01
1.650513681576042250e+15,4.971713631490967122e-01
1.650513681577926500e+15,4.986842672577455060e-01
1.650513681579810500e+15,5.001969706361156787e-01
1.650513681581694500e+15,5.017096740144860734e-01
1.650513681583578500e+15,5.030173627582962270e-01
1.650513681585462750e+15,5.004852529908205838e-01
1.650513681587346750e+15,4.979534791805916294e-01
1.650513681589230750e+15,4.954217053703626195e-01
1.650513681591114750e+15,4.928899315601336095e-01
1.650513681592999000e+15,4.905754989463592119e-01
1.650513681594883000e+15,4.891117036714765498e-01
1.650513681596767000e+15,4.876479083965938877e-01
1.650513681598651250e+15,4.861839188813616985e-01
1.650513681600535250e+15,4.847201236064790919e-01
1.650513681602419250e+15,4.832563283315964853e-01
1.650513681604303250e+15,4.817925330567138786e-01
1.650513681606187500e+15,4.803285435414816340e-01
1.650513681608071500e+15,4.788647482665989719e-01
1.650513681609955500e+15,4.774009529917164207e-01
1.650513681611839500e+15,4.759371577168337586e-01
1.650513681613723750e+15,4.744731682016015140e-01
1.650513681615607750e+15,4.730093729267188518e-01
1.650513681617491750e+15,4.721115922531247122e-01
1.650513681619375750e+15,4.715478784374761423e-01
1.650513681621260000e+15,4.709840898190388314e-01
1.650513681623144000e+15,4.704203760033902615e-01
1.650513681625028000e+15,4.698566621877416916e-01
1.650513681626912250e+15,4.692928735693043252e-01
1.650513681628796250e+15,4.687291597536557552e-01
1.650513681630680250e+15,4.681654459380071298e-01
1.650513681632564250e+15,4.676017321223585599e-01
1.650513681634448500e+15,4.670379435039213045e-01
1.650513681636332500e+15,4.664742296882726791e-01
1.650513681638216500e+15,4.667464536455264712e-01
1.650513681640100500e+15,4.673056680039584521e-01
1.650513681641984750e+15,4.678649565681173850e-01
1.650513681643868750e+15,4.684241709265493658e-01
1.650513681645752750e+15,4.689833852849812912e-01
1.650513681647636750e+15,4.695425996434132720e-01
1.650513681649521000e+15,4.701018882075722050e-01
1.650513681651405000e+15,4.706611025660041858e-01
1.650513681653289000e+15,4.712203169244361667e-01
1.650513681655173250e+15,4.717796054885951551e-01
1.650513681657057250e+15,4.723388198470271360e-01
1.650513681658941250e+15,4.716732830446734859e-01
1.650513681660825250e+15,4.706469064827000781e-01
1.650513681662709500e+15,4.696203937242614534e-01
1.650513681664593500e+15,4.685940171622881012e-01
1.650513681666477500e+15,4.675676406003146379e-01
1.650513681668361500e+15,4.665412640383412857e-01
1.650513681670245750e+15,4.655147512799026055e-01
1.650513681672129750e+15,4.644883747179291422e-01
1.650513681674013750e+15,4.634619981559556789e-01
1.650513681675897750e+15,4.624356215939823267e-01
1.650513681677782000e+15,4.614091088355436465e-01
1.650513681679666000e+15,4.603827322735702388e-01
1.650513681681550000e+15,4.610097436079207966e-01
1.650513681683434250e+15,4.620088460274069941e-01
1.650513681685318250e+15,4.630078158871984151e-01
1.650513681687202250e+15,4.640067857469899471e-01
1.650513681689086250e+15,4.650057556067813680e-01
1.650513681690970500e+15,4.660048580262675100e-01
1.650513681692854500e+15,4.670038278860589864e-01
1.650513681694738500e+15,4.680027977458504629e-01
1.650513681696622500e+15,4.690017676056418283e-01
1.650513681698506750e+15,4.700008700251280258e-01
1.650513681700390750e+15,4.709998398849195023e-01
1.650513681702274750e+15,4.719988097447109232e-01
1.650513681704158750e+15,4.715721705751831361e-01
1.650513681706043000e+15,4.698924359829567132e-01
1.650513681707927000e+15,4.682129242558745741e-01
1.650513681709811000e+15,4.665334125287924349e-01
1.650513681711695250e+15,4.648536779365660121e-01
1.650513681713579250e+15,4.631741662094838174e-01
1.650513681715463250e+15,4.614946544824016783e-01
1.650513681717347250e+15,4.606095318169403097e-01
1.650513681719231500e+15,4.624496739780567522e-01
1.650513681721115500e+15,4.642895719913476271e-01
1.650513681722999500e+15,4.661294700046384465e-01
1.650513681724883500e+15,4.679693680179293214e-01
1.650513681726767750e+15,4.698095101790457639e-01
1.650513681728651750e+15,4.716494081923365833e-01
1.650513681730535750e+15,4.718292413134501651e-01
1.650513681732419750e+15,4.706841121190464272e-01
1.650513681734304000e+15,4.695388309701318263e-01
1.650513681736188000e+15,4.683937017757280330e-01
1.650513681738072000e+15,4.672485725813242952e-01
1.650513681739956250e+15,4.661032914324096943e-01
1.650513681741840250e+15,4.649581622380059009e-01
1.650513681743724250e+15,4.638130330436022186e-01
1.650513681745608250e+15,4.626679038491984808e-01
1.650513681747492500e+15,4.615226227002837689e-01
1.650513681749376500e+15,4.603774935058800311e-01
1.650513681751260500e+15,4.611021464533333614e-01
1.650513681753144500e+15,4.621830327756807910e-01
1.650513681755028750e+15,4.632640625277419932e-01
1.650513681756912750e+15,4.643449488500892564e-01
1.650513681758796750e+15,4.654258351724367415e-01
1.650513681760680750e+15,4.665067214947841712e-01
1.650513681762565000e+15,4.675877512468453179e-01
1.650513681764449000e+15,4.686686375691926920e-01
1.650513681766333000e+15,4.697495238915401772e-01
1.650513681768217250e+15,4.708305536436012684e-01
1.650513681770101250e+15,4.719114399659486425e-01
1.650513681771985250e+15,4.722143978681892507e-01
1.650513681773869250e+15,4.716974459310858681e-01
1.650513681775753500e+15,4.711804253963263189e-01
1.650513681777637500e+15,4.706634734592228808e-01
1.650513681779521500e+15,4.701465215221195537e-01
1.650513681781405500e+15,4.696295695850161711e-01
1.650513681783289750e+15,4.691125490502566220e-01
1.650513681785173750e+15,4.685955971131531839e-01
1.650513681787057750e+15,4.680786451760498013e-01
1.650513681788941750e+15,4.675616932389464742e-01
1.650513681790826000e+15,4.670446727041869250e-01
1.650513681792710000e+15,4.665277207670835424e-01
1.650513681794594000e+15,4.660129251498016933e-01
1.650513681796478250e+15,4.654993952040659133e-01
1.650513681798362250e+15,4.649859333928592076e-01
1.650513681800246250e+15,4.644724715816525018e-01
1.650513681802130250e+15,4.639590097704457961e-01
1.650513681804014500e+15,4.634454798247100715e-01
1.650513681805898500e+15,4.629320180135033658e-01
1.650513681807782500e+15,4.624185562022967710e-01
1.650513681809666500e+15,4.619050943910900653e-01
1.650513681811550750e+15,4.613915644453542853e-01
1.650513681813434750e+15,4.608781026341476350e-01
1.650513681815318750e+15,4.603646408229409293e-01
1.650513681817202750e+15,4.601942363656920665e-01
1.650513681819087000e+15,4.601942363656920110e-01
1.650513681820971000e+15,4.601942363656920110e-01
1.650513681822855000e+15,4.601942363656920110e-01
1.650513681824739250e+15,4.601942363656920110e-01
1.650513681826623250e+15,4.601942363656918999e-01
1.650513681828507250e+15,4.601942363656918999e-01
1.650513681830391250e+15,4.601942363656918999e-01
1.650513681832275500e+15,4.601942363656919555e-01
1.650513681834159500e+15,4.601942363656918999e-01
1.650513681836043500e+15,4.601942363656918999e-01
1.650513681837927500e+15,4.601942363656918999e-01
1.650513681839811750e+15,4.601942363656918999e-01
1.650513681841695750e+15,4.601942363656918999e-01
1.650513681843579750e+15,4.601942363656918999e-01
1.650513681845463750e+15,4.601942363656918999e-01
1.650513681847348000e+15,4.601942363656918999e-01
1.650513681849232000e+15,4.601942363656919555e-01
1.650513681851116000e+15,4.601942363656918999e-01
1.650513681853000250e+15,4.601942363656918999e-01
1.650513681854884250e+15,4.601942363656918999e-01
1.650513681856768250e+15,4.601942363656918999e-01
1.650513681858652250e+15,4.601942363656918999e-01
1.650513681860536500e+15,4.601942363656919555e-01
1.650513681862420500e+15,4.601942363656918999e-01
1.650513681864304500e+15,4.598575391368475707e-01
1.650513681866188500e+15,4.592731655033673865e-01
1.650513681868072750e+15,4.586887143256151989e-01
1.650513681869956750e+15,4.581043406921350147e-01
1.650513681871840750e+15,4.575199670586547196e-01
1.650513681873724750e+15,4.569355934251745355e-01
1.650513681875609000e+15,4.563511422474223478e-01
1.650513681877493000e+15,4.557667686139421637e-01
1.650513681879377000e+15,4.551823949804619796e-01
1.650513681881261250e+15,4.545979438027097363e-01
1.650513681883145250e+15,4.540989834762738653e-01
1.650513681885029250e+15,4.546301638841912518e-01
1.650513681886913250e+15,4.551613442921086383e-01
1.650513681888797500e+15,4.556925951857489498e-01
1.650513681890681500e+15,4.562237755936663364e-01
1.650513681892565500e+15,4.567549560015836674e-01
1.650513681894449500e+15,4.572861364095011094e-01
1.650513681896333750e+15,4.578173873031413654e-01
1.650513681898217750e+15,4.583485677110588075e-01
1.650513681900101750e+15,4.588797481189760830e-01
1.650513681901985750e+15,4.594109285268935250e-01
1.650513681903870000e+15,4.599421794205337810e-01
1.650513681905754000e+15,4.606901191346738922e-01
1.650513681907638000e+15,4.616337990707969352e-01
1.650513681909522250e+15,4.625776042298413993e-01
1.650513681911406250e+15,4.635212841659644978e-01
1.650513681913290250e+15,4.644649641020874853e-01
1.650513681915174250e+15,4.654086440382105838e-01
1.650513681917058500e+15,4.662995143342672510e-01
1.650513681918942500e+15,4.650020868126615303e-01
1.650513681920826500e+15,4.637046592910557541e-01
1.650513681922710500e+15,4.624072317694500334e-01
1.650513681924594750e+15,4.611096320838950491e-01
1.650513681926478750e+15,4.599289282309828586e-01
1.650513681928362750e+15,4.590279088063916046e-01
1.650513681930246750e+15,4.581268893818003507e-01
1.650513681932131000e+15,4.572257503951835389e-01
1.650513681934015000e+15,4.563247309705922294e-01
1.650513681935899000e+15,4.554237115460010310e-01
1.650513681937783250e+15,4.545225725593842192e-01
1.650513681939667250e+15,4.542725029480440546e-01
1.650513681941551250e+15,4.547143682189525027e-01
1.650513681943435250e+15,4.551562334898607842e-01
1.650513681945319500e+15,4.555981573946958352e-01
1.650513681947203500e+15,4.560400226656042277e-01
1.650513681949087500e+15,4.564818879365126758e-01
1.650513681950971500e+15,4.569237532074210684e-01
1.650513681952855750e+15,4.573656771122560638e-01
1.650513681954739750e+15,4.578075423831645119e-01
1.650513681956623750e+15,4.582494076540728489e-01
1.650513681958507750e+15,4.586912729249812415e-01
1.650513681960392000e+15,4.591331968298162924e-01
1.650513681962276000e+15,4.595750621007246295e-01
1.650513681964160000e+15,4.600169273716331331e-01
1.650513681966044250e+15,4.601942363656918999e-01
1.650513681967928250e+15,4.601942363656918999e-01
1.650513681969812250e+15,4.601942363656918999e-01
1.650513681971696250e+15,4.601942363656920110e-01
1.650513681973580500e+15,4.601942363656920110e-01
1.650513681975464500e+15,4.601942363656919555e-01
1.650513681977348500e+15,4.601942363656920110e-01
1.650513681979232500e+15,4.601942363656920110e-01
1.650513681981116750e+15,4.601942363656919555e-01
1.650513681983000750e+15,4.601942363656920110e-01
1.650513681984884750e+15,4.601942363656920110e-01
1.650513681986768750e+15,4.601942363656920110e-01
1.650513681988653000e+15,4.601942363656920110e-01
1.650513681990537000e+15,4.601942363656920110e-01
1.650513681992421000e+15,4.601942363656920665e-01
1.650513681994305250e+15,4.601942363656920110e-01
1.650513681996189250e+15,4.602841306497753582e-01
1.650513681998073250e+15,4.612967514642029032e-01
1.650513681999957250e+15,4.623093722786305038e-01
1.650513682001841500e+15,4.633221274641852738e-01
1.650513682003725500e+15,4.643347482786128744e-01
1.650513682005609500e+15,4.653473690930404749e-01
1.650513682007493500e+15,4.663511483452717488e-01
1.650513682009377750e+15,4.670637285115765702e-01
1.650513682011261750e+15,4.677762141336109236e-01
1.650513682013145750e+15,4.684886997556453325e-01
1.650513682015029750e+15,4.692011853776796304e-01
1.650513682016914000e+15,4.699137655439844519e-01
1.650513682018798000e+15,4.706262511660188053e-01
1.650513682020682000e+15,4.713387367880531587e-01
1.650513682022566250e+15,4.720513169543579246e-01
1.650513682024450250e+15,4.714619239532484851e-01
1.650513682026334250e+15,4.690588308823605557e-01
1.650513682028218250e+15,4.666557378114725707e-01
1.650513682030102500e+15,4.642523258588077684e-01
1.650513682031986500e+15,4.618492327879198389e-01
1.650513682033870500e+15,4.603592470919233848e-01
1.650513682035754500e+15,4.608893071229888116e-01
1.650513682037638750e+15,4.614194374911071428e-01
1.650513682039522750e+15,4.619494975221725142e-01
1.650513682041406750e+15,4.624795575532379410e-01
1.650513682043290750e+15,4.630096175843033679e-01
1.650513682045175000e+15,4.635397479524216990e-01
1.650513682047059000e+15,4.640698079834871259e-01
1.650513682048943000e+15,4.645998680145525528e-01
1.650513682050827250e+15,4.651299983826708284e-01
1.650513682052711250e+15,4.656600584137362553e-01
1.650513682054595250e+15,4.661901184448016822e-01
1.650513682056479250e+15,4.663301595172341663e-01
1.650513682058363500e+15,4.663301595172342218e-01
1.650513682060247500e+15,4.663301595172341663e-01
1.650513682062131500e+15,4.663301595172341663e-01
1.650513682064015500e+15,4.663301595172342218e-01
1.650513682065899750e+15,4.663301595172342218e-01
1.650513682067783750e+15,4.663301595172342218e-01
1.650513682069667750e+15,4.663301595172342218e-01
1.650513682071551750e+15,4.663301595172341663e-01
1.650513682073436000e+15,4.663301595172342218e-01
1.650513682075320000e+15,4.663301595172341663e-01
1.650513682077204000e+15,4.663301595172341663e-01
1.650513682079088250e+15,4.663301595172341663e-01
1.650513682080972250e+15,4.663301595172342218e-01
1.650513682082856250e+15,4.663301595172342218e-01
1.650513682084740250e+15,4.663301595172342218e-01
1.650513682086624500e+15,4.663301595172342218e-01
1.650513682088508500e+15,4.663301595172341663e-01
1.650513682090392500e+15,4.663301595172341663e-01
1.650513682092276500e+15,4.663301595172342218e-01
1.650513682094160750e+15,4.663301595172342218e-01
1.650513682096044750e+15,4.663301595172341663e-01
1.650513682097928750e+15,4.663301595172342218e-01
1.650513682099812750e+15,4.663301595172342218e-01
1.650513682101697000e+15,4.663301595172342218e-01
1.650513682103581000e+15,4.663301595172342218e-01
1.650513682105465000e+15,4.663301595172342218e-01
1.650513682107349250e+15,4.663301595172341663e-01
1.650513682109233250e+15,4.663301595172342218e-01
1.650513682111117250e+15,4.663301595172341663e-01
1.650513682113001250e+15,4.663301595172342218e-01
1.650513682114885500e+15,4.663301595172342218e-01
1.650513682116769500e+15,4.663301595172342218e-01
1.650513682118653500e+15,4.663301595172342218e-01
1.650513682120537500e+15,4.663301595172341107e-01
1.650513682122421750e+15,4.663301595172342218e-01
1.650513682124305750e+15,4.663301595172342218e-01
1.650513682126189750e+15,4.663301595172342773e-01
1.650513682128073750e+15,4.663301595172343328e-01
1.650513682129958000e+15,4.663301595172345548e-01
1.650513682131842000e+15,4.663301595172346659e-01
1.650513682133726000e+15,4.663301595172348324e-01
1.650513682135610250e+15,4.663301595172349434e-01
1.650513682137494250e+15,4.663301595172350544e-01
1.650513682139378250e+15,4.663301595172350544e-01
1.650513682141262250e+15,4.663301595172349989e-01
1.650513682143146500e+15,4.663301595172349434e-01
1.650513682145030500e+15,4.663301595172347769e-01
1.650513682146914500e+15,4.663301595172347769e-01
1.650513682148798500e+15,4.663301595172347214e-01
1.650513682150682750e+15,4.663301595172346103e-01
1.650513682152566750e+15,4.663301595172345548e-01
1.650513682154450750e+15,4.663301595172344438e-01
1.650513682156334750e+15,4.663301595172343883e-01
1.650513682158219000e+15,4.663301595172343328e-01
1.650513682160103000e+15,4.663301595172342218e-01
1.650513682161987000e+15,4.663301595172342773e-01
1.650513682163871250e+15,4.663301595172342773e-01
1.650513682165755250e+15,4.663301595172342218e-01
1.650513682167639250e+15,4.663301595172342218e-01
1.650513682169523250e+15,4.663301595172342218e-01
1.650513682171407500e+15,4.663301595172342218e-01
1.650513682173291500e+15,4.663301595172342218e-01
1.650513682175175500e+15,4.663301595172342218e-01
1.650513682177059500e+15,4.663301595172342218e-01
1.650513682178943750e+15,4.663301595172342218e-01
1.650513682180827750e+15,4.663301595172342218e-01
1.650513682182711750e+15,4.663301595172342218e-01
1.650513682184595750e+15,4.663301595172342218e-01
1.650513682186480000e+15,4.663301595172342773e-01
1.650513682188364000e+15,4.663301595172343883e-01
1.650513682190248000e+15,4.663301595172344993e-01
1.650513682192132250e+15,4.663301595172345548e-01
1.650513682194016250e+15,4.663301595172346659e-01
1.650513682195900250e+15,4.663301595172347769e-01
1.650513682197784250e+15,4.663301595172348324e-01
1.650513682199668500e+15,4.663301595172349989e-01
1.650513682201552500e+15,4.663301595172349989e-01
1.650513682203436500e+15,4.661001511672834274e-01
1.650513682205320500e+15,4.656046271749346155e-01
1.650513682207204750e+15,4.651090374283404771e-01
1.650513682209088750e+15,4.646135134359916652e-01
1.650513682210972750e+15,4.641179894436428532e-01
1.650513682212856750e+15,4.636224654512940413e-01
1.650513682214741000e+15,4.631268757046999585e-01
1.650513682216625000e+15,4.626313517123511465e-01
1.650513682218509000e+15,4.621358277200022791e-01
1.650513682220393250e+15,4.616402379734081407e-01
1.650513682222277250e+15,4.611447139810593843e-01
1.650513682224161250e+15,4.606491899887105723e-01
1.650513682226045250e+15,4.602610913594149533e-01
1.650513682227929500e+15,4.610777624901836180e-01
1.650513682229813500e+15,4.618943252660191456e-01
1.650513682231697500e+15,4.627108880418547288e-01
1.650513682233581500e+15,4.635274508176903119e-01
1.650513682235465750e+15,4.643441219484588656e-01
1.650513682237349750e+15,4.651606847242944487e-01
1.650513682239233750e+15,4.659772475001300318e-01
1.650513682241117750e+15,4.657859340142607718e-01
1.650513682243002000e+15,4.648273391051909731e-01
1.650513682244886000e+15,4.638688713813285958e-01
1.650513682246770000e+15,4.629104036574661629e-01
1.650513682248654250e+15,4.619518087483963642e-01
1.650513682250538250e+15,4.609933410245339869e-01
1.650513682252422250e+15,4.601942363656927881e-01
1.650513682254306250e+15,4.601942363656927881e-01
1.650513682256190500e+15,4.601942363656927326e-01
1.650513682258074500e+15,4.601942363656927881e-01
1.650513682259958500e+15,4.601942363656927326e-01
1.650513682261842500e+15,4.601942363656927881e-01
1.650513682263726750e+15,4.601942363656927326e-01
1.650513682265610750e+15,4.601942363656927326e-01
1.650513682267494750e+15,4.601942363656926771e-01
1.650513682269378750e+15,4.601942363656927326e-01
1.650513682271263000e+15,4.601942363656926771e-01
1.650513682273147000e+15,4.601942363656926771e-01
1.650513682275031000e+15,4.601942363656926771e-01
1.650513682276915250e+15,4.601942363656926771e-01
1.650513682278799250e+15,4.601942363656926771e-01
1.650513682280683250e+15,4.601942363656926771e-01
1.650513682282567250e+15,4.601942363656926771e-01
1.650513682284451500e+15,4.601942363656926771e-01
1.650513682286335500e+15,4.601942363656926771e-01
1.650513682288219500e+15,4.601942363656926771e-01
1.650513682290103500e+15,4.601942363656926771e-01
1.650513682291987750e+15,4.601942363656926771e-01
1.650513682293871750e+15,4.601942363656927326e-01
1.650513682295755750e+15,4.601942363656926771e-01
1.650513682297639750e+15,4.601942363656927881e-01
1.650513682299524000e+15,4.601942363656927881e-01
1.650513682301408000e+15,4.601942363656927326e-01
1.650513682303292000e+15,4.601942363656927881e-01
1.650513682305176250e+15,4.594058626856332150e-01
1.650513682307060250e+15,4.561504193689600584e-01
1.650513682308944250e+15,4.528949760522867907e-01
1.650513682310828250e+15,4.496395327356136340e-01
1.650513682312712500e+15,4.463836574333622798e-01
1.650513682314596500e+15,4.431282141166891231e-01
1.650513682316480500e+15,4.398727708000158554e-01
1.650513682318364500e+15,4.366173274833426432e-01
1.650513682320248750e+15,4.356505437595217245e-01
1.650513682322132750e+15,4.356505437595216690e-01
1.650513682324016750e+15,4.356505437595217245e-01
1.650513682325900750e+15,4.356505437595216135e-01
1.650513682327785000e+15,4.356505437595216135e-01
1.650513682329669000e+15,4.356505437595216135e-01
1.650513682331553000e+15,4.356505437595216135e-01
1.650513682333437250e+15,4.356505437595215580e-01
1.650513682335321250e+15,4.356505437595215025e-01
1.650513682337205250e+15,4.356505437595215025e-01
1.650513682339089250e+15,4.373696364891432875e-01
1.650513682340973500e+15,4.390942207967647448e-01
1.650513682342857500e+15,4.408185762886361325e-01
1.650513682344741500e+15,4.425429317805075202e-01
1.650513682346625500e+15,4.442672872723789634e-01
1.650513682348509750e+15,4.459918715800004207e-01
1.650513682350393750e+15,4.477162270718717529e-01
1.650513682352277750e+15,4.479223900626063681e-01
1.650513682354161750e+15,4.479223900626063681e-01
1.650513682356046000e+15,4.479223900626063681e-01
1.650513682357930000e+15,4.479223900626063681e-01
1.650513682359814000e+15,4.479223900626063126e-01
1.650513682361698250e+15,4.479223900626063681e-01
1.650513682363582250e+15,4.479223900626063681e-01
1.650513682365466250e+15,4.479223900626065902e-01
1.650513682367350250e+15,4.479223900626067012e-01
1.650513682369234500e+15,4.479223900626068677e-01
1.650513682371118500e+15,4.479223900626069788e-01
1.650513682373002500e+15,4.479223900626070898e-01
1.650513682374886500e+15,4.479223900626072008e-01
1.650513682376770750e+15,4.479223900626071453e-01
1.650513682378654750e+15,4.479223900626070343e-01
1.650513682380538750e+15,4.479223900626070343e-01
1.650513682382422750e+15,4.479223900626068122e-01
1.650513682384307000e+15,4.479223900626068122e-01
1.650513682386191000e+15,4.479223900626067012e-01
1.650513682388075000e+15,4.479223900626065902e-01
1.650513682389959250e+15,4.479223900626065902e-01
1.650513682391843250e+15,4.479223900626064792e-01
1.650513682393727250e+15,4.479223900626063681e-01
1.650513682395611250e+15,4.472216963879317442e-01
1.650513682397495500e+15,4.461839427573515149e-01
1.650513682399379500e+15,4.451463268146618746e-01
1.650513682401263500e+15,4.441087108719721788e-01
1.650513682403147500e+15,4.430710949292825385e-01
1.650513682405031750e+15,4.420333412987023647e-01
1.650513682406915750e+15,4.421774162172160128e-01
1.650513682408799750e+15,4.426904223065702415e-01
1.650513682410683750e+15,4.432034283959244148e-01
1.650513682412568000e+15,4.437165025593350354e-01
1.650513682414452000e+15,4.442295086486892641e-01
1.650513682416336000e+15,4.447425147380434929e-01
1.650513682418220250e+15,4.452555889014541135e-01
1.650513682420104250e+15,4.457685949908083423e-01
1.650513682421988250e+15,4.462816010801625710e-01
1.650513682423872250e+15,4.467946071695166887e-01
1.650513682425756500e+15,4.473076813329273094e-01
1.650513682427640500e+15,4.478206874222815381e-01
1.650513682429524500e+15,4.471702141236034156e-01
1.650513682431408500e+15,4.462320483049451170e-01
1.650513682433292750e+15,4.452937579950688729e-01
1.650513682435176750e+15,4.443555921764106298e-01
1.650513682437060750e+15,4.434174263577522757e-01
1.650513682438944750e+15,4.424792605390939770e-01
1.650513682440829000e+15,4.417864669110640463e-01
1.650513682442713000e+15,4.417864669110640463e-01
1.650513682444597000e+15,4.417864669110640463e-01
1.650513682446481250e+15,4.417864669110640463e-01
1.650513682448365250e+15,4.417864669110640463e-01
1.650513682450249250e+15,4.417864669110640463e-01
1.650513682452133250e+15,4.417864669110640463e-01
1.650513682454017500e+15,4.417864669110640463e-01
1.650513682455901500e+15,4.417864669110640463e-01
1.650513682457785500e+15,4.417864669110640463e-01
1.650513682459669500e+15,4.417864669110640463e-01
1.650513682461553750e+15,4.417864669110640463e-01
1.650513682463437750e+15,4.417864669110640463e-01
1.650513682465321750e+15,4.417864669110640463e-01
1.650513682467205750e+15,4.417864669110640463e-01
1.650513682469090000e+15,4.417864669110640463e-01
1.650513682470974000e+15,4.417864669110640463e-01
1.650513682472858000e+15,4.417864669110640463e-01
1.650513682474742250e+15,4.417864669110640463e-01
1.650513682476626250e+15,4.417864669110640463e-01
1.650513682478510250e+15,4.417864669110640463e-01
1.650513682480394250e+15,4.417864669110640463e-01
1.650513682482278500e+15,4.417864669110640463e-01
1.650513682484162500e+15,4.417864669110640463e-01
1.650513682486046500e+15,4.417864669110640463e-01
1.650513682487930500e+15,4.417864669110640463e-01
1.650513682489814750e+15,4.417864669110640463e-01
1.650513682491698750e+15,4.417864669110639908e-01
1.650513682493582750e+15,4.417864669110640463e-01
1.650513682495466750e+15,4.417864669110640463e-01
1.650513682497351000e+15,4.423420819995895203e-01
1.650513682499235000e+15,4.436424283682628977e-01
1.650513682501119000e+15,4.449427747369362196e-01
1.650513682503003250e+15,4.462432936568793140e-01
1.650513682504887250e+15,4.475436400255526359e-01
1.650513682506771250e+15,4.475410368980144438e-01
1.650513682508655250e+15,4.470029583643379545e-01
1.650513682510539500e+15,4.464648084295821384e-01
1.650513682512423500e+15,4.459267298959056491e-01
1.650513682514307500e+15,4.453886513622291599e-01
1.650513682516191500e+15,4.448505728285526151e-01
1.650513682518075750e+15,4.443124228937967990e-01
1.650513682519959750e+15,4.437743443601203097e-01
1.650513682521843750e+15,4.432362658264437094e-01
1.650513682523727750e+15,4.426981872927672201e-01
1.650513682525612000e+15,4.421600373580114596e-01
1.650513682527496000e+15,4.417864669110640463e-01
1.650513682529380000e+15,4.417864669110640463e-01
1.650513682531264250e+15,4.417864669110640463e-01
1.650513682533148250e+15,4.417864669110640463e-01
1.650513682535032250e+15,4.417864669110640463e-01
1.650513682536916250e+15,4.417864669110640463e-01
1.650513682538800500e+15,4.417864669110640463e-01
1.650513682540684500e+15,4.417864669110639908e-01
1.650513682542568500e+15,4.417864669110640463e-01
1.650513682544452500e+15,4.417864669110642128e-01
1.650513682546336750e+15,4.417864669110642684e-01
1.650513682548220750e+15,4.417864669110643794e-01
1.650513682550104750e+15,4.417864669110644904e-01
1.650513682551988750e+15,4.417864669110646014e-01
1.650513682553873000e+15,4.417864669110647124e-01
1.650513682555757000e+15,4.417864669110647680e-01
1.650513682557641000e+15,4.417864669110648790e-01
1.650513682559525250e+15,4.415435649301713839e-01
1.650513682561409250e+15,4.410874200689667846e-01
1.650513682563293250e+15,4.406312752077622408e-01
1.650513682565177250e+15,4.401751303465576415e-01
1.650513682567061500e+15,4.397189249565763847e-01
1.650513682568945500e+15,4.392627800953717854e-01
1.650513682570829500e+15,4.388066352341671861e-01
1.650513682572713500e+15,4.383504903729626978e-01
1.650513682574597750e+15,4.378942849829814410e-01
1.650513682576481750e+15,4.374381401217768417e-01
1.650513682578365750e+15,4.369819952605722424e-01
1.650513682580249750e+15,4.365258503993676986e-01
1.650513682582134000e+15,4.360696450093864418e-01
1.650513682584018000e+15,4.355425616750742690e-01
1.650513682585902000e+15,4.342128999293294322e-01
1.650513682587786250e+15,4.328830617422701477e-01
1.650513682589670250e+15,4.315533999965252554e-01
1.650513682591554250e+15,4.302237382507804186e-01
1.650513682593438250e+15,4.297274079563659366e-01
1.650513682595322500e+15,4.301834154186320314e-01
1.650513682597206500e+15,4.306393623783821845e-01
1.650513682599090500e+15,4.310953093381323931e-01
1.650513682600974500e+15,4.315512562978824906e-01
1.650513682602858750e+15,4.320072637601486409e-01
1.650513682604742750e+15,4.324632107198987385e-01
1.650513682606626750e+15,4.329191576796489471e-01
1.650513682608510750e+15,4.333751046393991002e-01
1.650513682610395000e+15,4.338311121016651395e-01
1.650513682612279000e+15,4.342870590614152926e-01
1.650513682614163000e+15,4.347430060211655012e-01
1.650513682616047250e+15,4.351990134834314849e-01
1.650513682617931250e+15,4.356368172827485008e-01
1.650513682619815250e+15,4.342197935983275192e-01
1.650513682621699250e+15,4.328027699139066486e-01
1.650513682623583500e+15,4.313855581955573504e-01
1.650513682625467500e+15,4.299685345111364243e-01
1.650513682627351500e+15,4.295146206079794582e-01
1.650513682629235500e+15,4.295146206079794582e-01
1.650513682631119750e+15,4.295146206079794582e-01
1.650513682633003750e+15,4.295146206079794582e-01
1.650513682634887750e+15,4.295146206079794582e-01
1.650513682636771750e+15,4.295146206079795137e-01
1.650513682638656000e+15,4.295146206079795137e-01
1.650513682640540000e+15,4.295146206079795137e-01
1.650513682642424000e+15,4.295146206079795137e-01
1.650513682644308250e+15,4.295146206079795692e-01
1.650513682646192250e+15,4.295146206079795692e-01
1.650513682648076250e+15,4.295146206079796247e-01
1.650513682649960250e+15,4.295146206079796247e-01
1.650513682651844500e+15,4.295146206079795692e-01
1.650513682653728500e+15,4.295146206079796247e-01
1.650513682655612500e+15,4.295146206079795137e-01
1.650513682657496500e+15,4.295146206079795137e-01
1.650513682659380750e+15,4.295146206079794027e-01
1.650513682661264750e+15,4.297229689103961303e-01
1.650513682663148750e+15,4.304840512211148829e-01
1.650513682665032750e+15,4.312451335318336909e-01
1.650513682666917000e+15,4.320063168354280614e-01
1.650513682668801000e+15,4.327673991461468139e-01
1.650513682670685000e+15,4.335284814568656220e-01
1.650513682672569250e+15,4.342896647604599925e-01
1.650513682674453250e+15,4.350507470711788560e-01
1.650513682676337250e+15,4.351905799370942574e-01
1.650513682678221250e+15,4.330200806472883079e-01
1.650513682680105500e+15,4.308492933400607239e-01
1.650513682681989500e+15,4.286787940502547745e-01
1.650513682683873500e+15,4.265082947604489361e-01
1.650513682685757500e+15,4.243377954706429867e-01
1.650513682687641750e+15,4.221670081634153471e-01
1.650513682689525750e+15,4.199965088736094532e-01
1.650513682691409750e+15,4.178260095838035593e-01
1.650513682693293750e+15,4.172427743048947590e-01
1.650513682695178000e+15,4.172427743048947590e-01
1.650513682697062000e+15,4.172427743048947590e-01
1.650513682698946000e+15,4.172427743048947590e-01
1.650513682700830250e+15,4.172427743048947590e-01
1.650513682702714250e+15,4.172427743048947590e-01
1.650513682704598250e+15,4.157709950099858776e-01
1.650513682706482250e+15,4.139470632937495842e-01
1.650513682708366500e+15,4.121228895483576293e-01
1.650513682710250500e+15,4.102989578321213360e-01
1.650513682712134500e+15,4.084750261158850426e-01
1.650513682714018500e+15,4.066510943996486382e-01
1.650513682715902750e+15,4.049709280018098378e-01
1.650513682717786750e+15,4.049709280018098378e-01
1.650513682719670750e+15,4.049709280018097268e-01
1.650513682721554750e+15,4.049709280018096713e-01
1.650513682723439000e+15,4.049709280018096713e-01
1.650513682725323000e+15,4.049709280018095603e-01
1.650513682727207000e+15,4.049709280018095048e-01
1.650513682729091250e+15,4.049709280018094493e-01
1.650513682730975250e+15,4.049709280018093938e-01
1.650513682732859250e+15,4.049709280018093382e-01
1.650513682734743250e+15,4.049709280018092827e-01
1.650513682736627500e+15,4.049709280018092272e-01
1.650513682738511500e+15,4.049709280018092827e-01
1.650513682740395500e+15,4.049709280018093938e-01
1.650513682742279500e+15,4.049709280018094493e-01
1.650513682744163750e+15,4.049709280018096158e-01
1.650513682746047750e+15,4.049709280018096713e-01
1.650513682747931750e+15,4.049709280018097823e-01
1.650513682749815750e+15,4.049709280018098378e-01
1.650513682751700000e+15,4.049709280018097823e-01
1.650513682753584000e+15,4.049709280018095603e-01
1.650513682755468000e+15,4.049709280018094493e-01
1.650513682757352250e+15,4.049709280018092827e-01
1.650513682759236250e+15,4.049709280018092272e-01
1.650513682761120250e+15,4.049709280018092272e-01
1.650513682763004250e+15,4.049709280018092272e-01
1.650513682764888500e+15,4.049709280018092272e-01
1.650513682766772500e+15,4.049709280018092272e-01
1.650513682768656500e+15,4.049709280018092272e-01
1.650513682770540500e+15,4.049709280018092272e-01
1.650513682772424750e+15,4.049709280018092272e-01
1.650513682774308750e+15,4.049709280018092272e-01
1.650513682776192750e+15,4.049709280018092272e-01
1.650513682778076750e+15,4.049709280018092272e-01
1.650513682779961000e+15,4.049709280018091717e-01
1.650513682781845000e+15,4.049709280018091717e-01
1.650513682783729000e+15,4.049709280018091717e-01
1.650513682785613250e+15,4.049709280018092827e-01
1.650513682787497250e+15,4.049709280018092827e-01
1.650513682789381250e+15,4.049709280018092827e-01
1.650513682791265250e+15,4.049709280018092272e-01
1.650513682793149500e+15,4.049709280018092272e-01
1.650513682795033500e+15,4.049709280018092272e-01
1.650513682796917500e+15,4.049709280018092272e-01
1.650513682798801500e+15,4.049709280018092272e-01
1.650513682800685750e+15,4.049709280018092827e-01
1.650513682802569750e+15,4.049709280018092272e-01
1.650513682804453750e+15,4.049709280018092272e-01
1.650513682806337750e+15,4.049709280018092827e-01
1.650513682808222000e+15,4.049709280018092827e-01
1.650513682810106000e+15,4.049709280018092827e-01
1.650513682811990000e+15,4.049709280018092272e-01
1.650513682813874250e+15,4.049709280018092272e-01
1.650513682815758250e+15,4.049709280018092272e-01
1.650513682817642250e+15,4.049709280018092827e-01
1.650513682819526250e+15,4.049709280018092272e-01
1.650513682821410500e+15,4.049709280018092272e-01
1.650513682823294500e+15,4.049709280018092272e-01
1.650513682825178500e+15,4.049709280018092272e-01
1.650513682827062500e+15,4.049709280018092827e-01
1.650513682828946750e+15,4.049709280018092827e-01
1.650513682830830750e+15,4.049709280018092272e-01
1.650513682832714750e+15,4.049709280018093382e-01
1.650513682834598750e+15,4.049709280018092827e-01
1.650513682836483000e+15,4.049709280018093382e-01
1.650513682838367000e+15,4.049709280018093382e-01
1.650513682840251000e+15,4.042521353398661477e-01
1.650513682842135250e+15,4.030186334516452362e-01
1.650513682844019250e+15,4.017852952229558627e-01
1.650513682845903250e+15,4.005519569942663782e-01
1.650513682847787250e+15,3.993186187655769492e-01
1.650513682849671500e+15,3.985618440726020895e-01
1.650513682851555500e+15,3.981125774596641631e-01
1.650513682853439500e+15,3.976633108467262923e-01
1.650513682855323500e+15,3.972140442337883659e-01
1.650513682857207750e+15,3.967647180047924604e-01
1.650513682859091750e+15,3.963154513918545341e-01
1.650513682860975750e+15,3.958661847789165522e-01
1.650513682862859750e+15,3.954169181659786814e-01
1.650513682864744000e+15,3.949675919369827759e-01
1.650513682866628000e+15,3.945183253240449051e-01
1.650513682868512000e+15,3.940690587111069787e-01
1.650513682870396250e+15,3.936197324821110732e-01
1.650513682872280250e+15,3.931704658691730914e-01
1.650513682874164250e+15,3.927211992562352205e-01
1.650513682876048250e+15,3.933142021568172830e-01
1.650513682877932500e+15,3.939612590853092122e-01
1.650513682879816500e+15,3.946082301630742251e-01
1.650513682881700500e+15,3.952552012408392379e-01
1.650513682883584500e+15,3.959021723186042507e-01
1.650513682885468750e+15,3.965492292470961244e-01
1.650513682887352750e+15,3.971962003248612483e-01
1.650513682889236750e+15,3.978431714026262611e-01
1.650513682891120750e+15,3.984901424803912184e-01
1.650513682893005000e+15,3.979324369650419357e-01
1.650513682894889000e+15,3.960001211744015315e-01
1.650513682896773000e+15,3.940678053837610717e-01
1.650513682898657250e+15,3.921352331817895553e-01
1.650513682900541250e+15,3.902029173911491511e-01
1.650513682902425250e+15,3.882706016005087468e-01
1.650513682904309250e+15,3.865631585471814291e-01
1.650513682906193500e+15,3.865631585471814291e-01
1.650513682908077500e+15,3.865631585471813736e-01
1.650513682909961500e+15,3.865631585471813736e-01
1.650513682911845500e+15,3.865631585471813736e-01
1.650513682913729750e+15,3.865631585471814291e-01
1.650513682915613750e+15,3.865631585471813736e-01
1.650513682917497750e+15,3.868676140441136280e-01
1.650513682919381750e+15,3.881458182919581557e-01
1.650513682921266000e+15,3.894241921528929229e-01
1.650513682923150000e+15,3.907023964007374506e-01
1.650513682925034000e+15,3.919806006485819783e-01
1.650513682926918250e+15,3.926990816987239175e-01
1.650513682928802250e+15,3.926990816987239730e-01
1.650513682930686250e+15,3.926990816987239175e-01
1.650513682932570250e+15,3.926990816987239175e-01
1.650513682934454500e+15,3.926990816987239175e-01
1.650513682936338500e+15,3.926990816987239175e-01
1.650513682938222500e+15,3.926990816987239175e-01
1.650513682940106500e+15,3.926990816987239175e-01
1.650513682941990750e+15,3.926990816987239175e-01
1.650513682943874750e+15,3.926990816987239175e-01
1.650513682945758750e+15,3.926990816987239175e-01
1.650513682947642750e+15,3.926990816987239175e-01
1.650513682949527000e+15,3.926990816987239175e-01
1.650513682951411000e+15,3.926990816987239175e-01
1.650513682953295000e+15,3.926990816987239175e-01
1.650513682955179250e+15,3.926990816987239175e-01
1.650513682957063250e+15,3.926990816987239175e-01
1.650513682958947250e+15,3.926990816987239175e-01
1.650513682960831250e+15,3.926990816987238619e-01
1.650513682962715500e+15,3.926990816987239175e-01
1.650513682964599500e+15,3.926990816987239175e-01
1.650513682966483500e+15,3.926990816987239175e-01
1.650513682968367500e+15,3.926990816987239175e-01
1.650513682970251750e+15,3.926990816987239175e-01
1.650513682972135750e+15,3.924030343376414542e-01
1.650513682974019750e+15,3.914223693208865873e-01
1.650513682975903750e+15,3.904417043041317203e-01
1.650513682977788000e+15,3.894609091566686998e-01
1.650513682979672000e+15,3.884802441399137773e-01
1.650513682981556000e+15,3.874995791231589104e-01
1.650513682983440250e+15,3.866201645899742245e-01
1.650513682985324250e+15,3.878799814183858663e-01
1.650513682987208250e+15,3.891397982467975636e-01
1.650513682989092250e+15,3.903996150752093164e-01
1.650513682990976500e+15,3.916595990767670621e-01
1.650513682992860500e+15,3.926990816987234734e-01
1.650513682994744500e+15,3.926990816987234179e-01
1.650513682996628500e+15,3.926990816987234734e-01
1.650513682998512750e+15,3.926990816987234734e-01
1.650513683000396750e+15,3.926990816987234734e-01
1.650513683002280750e+15,3.926990816987234734e-01
1.650513683004164750e+15,3.926990816987234734e-01
1.650513683006049000e+15,3.926990816987234734e-01
1.650513683007933000e+15,3.926990816987234179e-01
1.650513683009817000e+15,3.926990816987234734e-01
1.650513683011701250e+15,3.926990816987234179e-01
1.650513683013585250e+15,3.926990816987234734e-01
1.650513683015469250e+15,3.926990816987234734e-01
1.650513683017353250e+15,3.926990816987234734e-01
1.650513683019237500e+15,3.926990816987234734e-01
1.650513683021121500e+15,3.926990816987234734e-01
1.650513683023005500e+15,3.926990816987234179e-01
1.650513683024889500e+15,3.926990816987234179e-01
1.650513683026773750e+15,3.926990816987234179e-01
1.650513683028657750e+15,3.926990816987234734e-01
1.650513683030541750e+15,3.926990816987234734e-01
1.650513683032425750e+15,3.926990816987234179e-01
1.650513683034310000e+15,3.926990816987234734e-01
1.650513683036194000e+15,3.926990816987234734e-01
1.650513683038078000e+15,3.926990816987234734e-01
1.650513683039962250e+15,3.926990816987234179e-01
1.650513683041846250e+15,3.926990816987234179e-01
1.650513683043730250e+15,3.926990816987234734e-01
1.650513683045614250e+15,3.926990816987234734e-01
1.650513683047498500e+15,3.926990816987234734e-01
1.650513683049382500e+15,3.926990816987234734e-01
1.650513683051266500e+15,3.926990816987234734e-01
1.650513683053150500e+15,3.926990816987234734e-01
1.650513683055034750e+15,3.926990816987235289e-01
1.650513683056918750e+15,3.926990816987234734e-01
1.650513683058802750e+15,3.926990816987234179e-01
1.650513683060686750e+15,3.926990816987234734e-01
1.650513683062571000e+15,3.926990816987234734e-01
1.650513683064455000e+15,3.926990816987234734e-01
1.650513683066339000e+15,3.926990816987234734e-01
1.650513683068223250e+15,3.926990816987234734e-01
1.650513683070107250e+15,3.926990816987234734e-01
1.650513683071991250e+15,3.926990816987234734e-01
1.650513683073875250e+15,3.926990816987234179e-01
1.650513683075759500e+15,3.926990816987234734e-01
1.650513683077643500e+15,3.926990816987234734e-01
1.650513683079527500e+15,3.926990816987234734e-01
1.650513683081411500e+15,3.926990816987234179e-01
1.650513683083295750e+15,3.926990816987235289e-01
1.650513683085179750e+15,3.926990816987235289e-01
1.650513683087063750e+15,3.926990816987234734e-01
1.650513683088947750e+15,3.926990816987235289e-01
1.650513683090832000e+15,3.926990816987235844e-01
1.650513683092716000e+15,3.926990816987235844e-01
1.650513683094600000e+15,3.926990816987236399e-01
1.650513683096484250e+15,3.926990816987236399e-01
1.650513683098368250e+15,3.926990816987236954e-01
1.650513683100252250e+15,3.926990816987236954e-01
1.650513683102136250e+15,3.926990816987236954e-01
1.650513683104020500e+15,3.926990816987236954e-01
1.650513683105904500e+15,3.926990816987235844e-01
1.650513683107788500e+15,3.926990816987235844e-01
1.650513683109672500e+15,3.926990816987236399e-01
1.650513683111556750e+15,3.926990816987235844e-01
1.650513683113440750e+15,3.926990816987235844e-01
1.650513683115324750e+15,3.926990816987235844e-01
1.650513683117208750e+15,3.926990816987235289e-01
1.650513683119093000e+15,3.926990816987234734e-01
1.650513683120977000e+15,3.926990816987234734e-01
1.650513683122861000e+15,3.926990816987234734e-01
1.650513683124745250e+15,3.926990816987234734e-01
1.650513683126629250e+15,3.926990816987234734e-01
1.650513683128513250e+15,3.926990816987237509e-01
1.650513683130397250e+15,3.926990816987239175e-01
1.650513683132281500e+15,3.926990816987241395e-01
1.650513683134165500e+15,3.926990816987243615e-01
1.650513683136049500e+15,3.926990816987246391e-01
1.650513683137933500e+15,3.926990816987244726e-01
1.650513683139817750e+15,3.926990816987243060e-01
1.650513683141701750e+15,3.926990816987241950e-01
1.650513683143585750e+15,3.926990816987240285e-01
1.650513683145469750e+15,3.926990816987239175e-01
1.650513683147354000e+15,3.926990816987238064e-01
1.650513683149238000e+15,3.926990816987236399e-01
1.650513683151122000e+15,3.926990816987235289e-01
1.650513683153006250e+15,3.926990816987235289e-01
1.650513683154890250e+15,3.926990816987235844e-01
1.650513683156774250e+15,3.926990816987235844e-01
1.650513683158658250e+15,3.926990816987236954e-01
1.650513683160542500e+15,3.926990816987237509e-01
1.650513683162426500e+15,3.926990816987236954e-01
1.650513683164310500e+15,3.926990816987236399e-01
1.650513683166194500e+15,3.926990816987236399e-01
1.650513683168078750e+15,3.926990816987235844e-01
1.650513683169962750e+15,3.926990816987235844e-01
1.650513683171846750e+15,3.926990816987235289e-01
1.650513683173730750e+15,3.926990816987234734e-01
1.650513683175615000e+15,3.916395844197165244e-01
1.650513683177499000e+15,3.903888996617910223e-01
1.650513683179383000e+15,3.891382149038655758e-01
1.650513683181267250e+15,3.878873641845868026e-01
1.650513683183151250e+15,3.866366794266613560e-01
1.650513683185035250e+15,3.860853976914480068e-01
1.650513683186919250e+15,3.855777978311904497e-01
1.650513683188803500e+15,3.850701306142634839e-01
1.650513683190687500e+15,3.845625307540059268e-01
1.650513683192571500e+15,3.840549308937483697e-01
1.650513683194455500e+15,3.835473310334908126e-01
1.650513683196339750e+15,3.830396638165638468e-01
1.650513683198223750e+15,3.825320639563063452e-01
1.650513683200107750e+15,3.820244640960487326e-01
1.650513683201991750e+15,3.815168642357912310e-01
1.650513683203876000e+15,3.810091970188642652e-01
1.650513683205760000e+15,3.805015971586067081e-01
1.650513683207644000e+15,3.814301388747689536e-01
1.650513683209528250e+15,3.826053384273502278e-01
1.650513683211412250e+15,3.837803820558830514e-01
1.650513683213296250e+15,3.849554256844159306e-01
1.650513683215180250e+15,3.861304693129486987e-01
1.650513683217064500e+15,3.868774793953705937e-01
1.650513683218948500e+15,3.873749010484475175e-01
1.650513683220832500e+15,3.878723227015244412e-01
1.650513683222716500e+15,3.883697443546013650e-01
1.650513683224600750e+15,3.888672320137362415e-01
1.650513683226484750e+15,3.893646536668131652e-01
1.650513683228368750e+15,3.898620753198900890e-01
1.650513683230252750e+15,3.903594969729670128e-01
1.650513683232137000e+15,3.908569846321018892e-01
1.650513683234021000e+15,3.913544062851788130e-01
1.650513683235905000e+15,3.918518279382557368e-01
1.650513683237789250e+15,3.923493155973906688e-01
1.650513683239673250e+15,3.925500603315254522e-01
1.650513683241557250e+15,3.920480375227570757e-01
1.650513683243441250e+15,3.915460147139887548e-01
1.650513683245325500e+15,3.910439252886057648e-01
1.650513683247209500e+15,3.905419024798373884e-01
1.650513683249093500e+15,3.900398796710691229e-01
1.650513683250977500e+15,3.895378568623008020e-01
1.650513683252861750e+15,3.890357674369177010e-01
1.650513683254745750e+15,3.885337446281494356e-01
1.650513683256629750e+15,3.880317218193811146e-01
1.650513683258513750e+15,3.875296990106128492e-01
1.650513683260398000e+15,3.870276095852297482e-01
1.650513683262282000e+15,3.865631585471814291e-01
1.650513683264166000e+15,3.865631585471813736e-01
1.650513683266050250e+15,3.865631585471814291e-01
1.650513683267934250e+15,3.865631585471814291e-01
1.650513683269818250e+15,3.865631585471813736e-01
1.650513683271702250e+15,3.865631585471813736e-01
1.650513683273586500e+15,3.865631585471814291e-01
1.650513683275470500e+15,3.865631585471813736e-01
1.650513683277354500e+15,3.865631585471813736e-01
1.650513683279238500e+15,3.865631585471813736e-01
1.650513683281122750e+15,3.865631585471813736e-01
1.650513683283006750e+15,3.865631585471813736e-01
1.650513683284890750e+15,3.865631585471813736e-01
1.650513683286774750e+15,3.865631585471813736e-01
1.650513683288659000e+15,3.865631585471813736e-01
1.650513683290543000e+15,3.865631585471813181e-01
1.650513683292427000e+15,3.865631585471814291e-01
1.650513683294311250e+15,3.865631585471813736e-01
1.650513683296195250e+15,3.865631585471813736e-01
1.650513683298079250e+15,3.865631585471813736e-01
1.650513683299963250e+15,3.865631585471813736e-01
1.650513683301847500e+15,3.865631585471813736e-01
1.650513683303731500e+15,3.865631585471813736e-01
1.650513683305615500e+15,3.865631585471814291e-01
1.650513683307499500e+15,3.865631585471813736e-01
1.650513683309383750e+15,3.865631585471813736e-01
1.650513683311267750e+15,3.865631585471813736e-01
1.650513683313151750e+15,3.865631585471813736e-01
1.650513683315035750e+15,3.865631585471813736e-01
1.650513683316920000e+15,3.865631585471813736e-01
1.650513683318804000e+15,3.865631585471813736e-01
1.650513683320688000e+15,3.865631585471813736e-01
1.650513683322572250e+15,3.865631585471813181e-01
1.650513683324456250e+15,3.865631585471813736e-01
1.650513683326340250e+15,3.865631585471813736e-01
1.650513683328224250e+15,3.865631585471814291e-01
1.650513683330108500e+15,3.865631585471814846e-01
1.650513683331992500e+15,3.865631585471814846e-01
1.650513683333876500e+15,3.865631585471814846e-01
1.650513683335760500e+15,3.865631585471815401e-01
1.650513683337644750e+15,3.865631585471815956e-01
1.650513683339528750e+15,3.865631585471815956e-01
1.650513683341412750e+15,3.865631585471816511e-01
1.650513683343296750e+15,3.865631585471815956e-01
1.650513683345181000e+15,3.865631585471815956e-01
1.650513683347065000e+15,3.865631585471816511e-01
1.650513683348949000e+15,3.865631585471815956e-01
1.650513683350833250e+15,3.865631585471815956e-01
1.650513683352717250e+15,3.865631585471815956e-01
1.650513683354601250e+15,3.865631585471815401e-01
1.650513683356485250e+15,3.865631585471815956e-01
1.650513683358369500e+15,3.865631585471815401e-01
1.650513683360253500e+15,3.865631585471815956e-01
1.650513683362137500e+15,3.865631585471815956e-01
1.650513683364021500e+15,3.865631585471815956e-01
1.650513683365905750e+15,3.865631585471815956e-01
1.650513683367789750e+15,3.865631585471815956e-01
1.650513683369673750e+15,3.865631585471815956e-01
1.650513683371557750e+15,3.865631585471815956e-01
1.650513683373442000e+15,3.865631585471816511e-01
1.650513683375326000e+15,3.865631585471817067e-01
1.650513683377210000e+15,3.865631585471818177e-01
1.650513683379094250e+15,3.865631585471818732e-01
1.650513683380978250e+15,3.865631585471819842e-01
1.650513683382862250e+15,3.865631585471820397e-01
1.650513683384746250e+15,3.865631585471819842e-01
1.650513683386630500e+15,3.865631585471818732e-01
1.650513683388514500e+15,3.865631585471817622e-01
1.650513683390398500e+15,3.865631585471816511e-01
1.650513683392282500e+15,3.865631585471815401e-01
1.650513683394166750e+15,3.865631585471814291e-01
1.650513683396050750e+15,3.865631585471814291e-01
1.650513683397934750e+15,3.865631585471814846e-01
1.650513683399818750e+15,3.865631585471814846e-01
1.650513683401703000e+15,3.865631585471815956e-01
1.650513683403587000e+15,3.865631585471815956e-01
1.650513683405471000e+15,3.865631585471816511e-01
1.650513683407355250e+15,3.865631585471817067e-01
1.650513683409239250e+15,3.865631585471817067e-01
1.650513683411123250e+15,3.865631585471818177e-01
1.650513683413007250e+15,3.865631585471818177e-01
1.650513683414891500e+15,3.865631585471818732e-01
1.650513683416775500e+15,3.865631585471819287e-01
1.650513683418659500e+15,3.865631585471819287e-01
1.650513683420543500e+15,3.865631585471819842e-01
1.650513683422427750e+15,3.865631585471820397e-01
1.650513683424311750e+15,3.865631585471819842e-01
1.650513683426195750e+15,3.865631585471820397e-01
1.650513683428079750e+15,3.865631585471819842e-01
1.650513683429964000e+15,3.865631585471820397e-01
1.650513683431848000e+15,3.865631585471819842e-01
1.650513683433732000e+15,3.865631585471819842e-01
1.650513683435616250e+15,3.865631585471819842e-01
1.650513683437500250e+15,3.865631585471819287e-01
1.650513683439384250e+15,3.865631585471818177e-01
1.650513683441268250e+15,3.865631585471818177e-01
1.650513683443152500e+15,3.865631585471817622e-01
1.650513683445036500e+15,3.865631585471817067e-01
1.650513683446920500e+15,3.865631585471816511e-01
1.650513683448804500e+15,3.865631585471815956e-01
1.650513683450688750e+15,3.876186181126721753e-01
1.650513683452572750e+15,3.887544089573867767e-01
1.650513683454456750e+15,3.898901998021014892e-01
1.650513683456340750e+15,3.910259906468160906e-01
1.650513683458225000e+15,3.921619322068763958e-01
1.650513683460109000e+15,3.926990816987239175e-01
1.650513683461993000e+15,3.926990816987240285e-01
1.650513683463877250e+15,3.926990816987241395e-01
1.650513683465761250e+15,3.926990816987241950e-01
1.650513683467645250e+15,3.926990816987243060e-01
1.650513683469529250e+15,3.926990816987243615e-01
1.650513683471413500e+15,3.926990816987243615e-01
1.650513683473297500e+15,3.926990816987243615e-01
1.650513683475181500e+15,3.926990816987243615e-01
1.650513683477065500e+15,3.926990816987243615e-01
1.650513683478949750e+15,3.926990816987243615e-01
1.650513683480833750e+15,3.926990816987243615e-01
1.650513683482717750e+15,3.926990816987243615e-01
1.650513683484601750e+15,3.926990816987243615e-01
1.650513683486486000e+15,3.926990816987243615e-01
1.650513683488370000e+15,3.928387130035525532e-01
1.650513683490254000e+15,3.933867658750029306e-01
1.650513683492138250e+15,3.939348914710913419e-01
1.650513683494022250e+15,3.944829443425417748e-01
1.650513683495906250e+15,3.950309972139922632e-01
1.650513683497790250e+15,3.955790500854426961e-01
1.650513683499674500e+15,3.961271756815311074e-01
1.650513683501558500e+15,3.966752285529815403e-01
1.650513683503442500e+15,3.972232814244319732e-01
1.650513683505326500e+15,3.977713342958825171e-01
1.650513683507210750e+15,3.983194598919708729e-01
1.650513683509094750e+15,3.987827499034450329e-01
1.650513683510978750e+15,3.979017805986512224e-01
1.650513683512862750e+15,3.970208112938572453e-01
1.650513683514747000e+15,3.961397250876164122e-01
1.650513683516631000e+15,3.952587557828224907e-01
1.650513683518515000e+15,3.943777864780286246e-01
1.650513683520399250e+15,3.934967002717877360e-01
1.650513683522283250e+15,3.926990816987238619e-01
1.650513683524167250e+15,3.926990816987239175e-01
1.650513683526051250e+15,3.926990816987239730e-01
1.650513683527935500e+15,3.926990816987240285e-01
1.650513683529819500e+15,3.926990816987240285e-01
1.650513683531703500e+15,3.926990816987241395e-01
1.650513683533587500e+15,3.926990816987241395e-01
1.650513683535471750e+15,3.926990816987241950e-01
1.650513683537355750e+15,3.926990816987242505e-01
1.650513683539239750e+15,3.926990816987242505e-01
1.650513683541123750e+15,3.926990816987243060e-01
1.650513683543008000e+15,3.926990816987243615e-01
1.650513683544892000e+15,3.926990816987244171e-01
1.650513683546776000e+15,3.926990816987243615e-01
1.650513683548660250e+15,3.926990816987243615e-01
1.650513683550544250e+15,3.926990816987243615e-01
1.650513683552428250e+15,3.926990816987243615e-01
1.650513683554312250e+15,3.926990816987243615e-01
1.650513683556196500e+15,3.926990816987243615e-01
1.650513683558080500e+15,3.926990816987243615e-01
1.650513683559964500e+15,3.926990816987244171e-01
1.650513683561848500e+15,3.926990816987243615e-01
1.650513683563732750e+15,3.926990816987244171e-01
1.650513683565616750e+15,3.926990816987243615e-01
1.650513683567500750e+15,3.926990816987243615e-01
1.650513683569384750e+15,3.926990816987243615e-01
1.650513683571269000e+15,3.926990816987243615e-01
1.650513683573153000e+15,3.926990816987243615e-01
1.650513683575037000e+15,3.926990816987243615e-01
1.650513683576921250e+15,3.926990816987243615e-01
1.650513683578805250e+15,3.926990816987243615e-01
1.650513683580689250e+15,3.926990816987244171e-01
1.650513683582573250e+15,3.926990816987244171e-01
1.650513683584457500e+15,3.926990816987244726e-01
1.650513683586341500e+15,3.926990816987244726e-01
1.650513683588225500e+15,3.926990816987244726e-01
1.650513683590109500e+15,3.926990816987244726e-01
1.650513683591993750e+15,3.926990816987244726e-01
1.650513683593877750e+15,3.926990816987245281e-01
1.650513683595761750e+15,3.926990816987245281e-01
1.650513683597645750e+15,3.926990816987245836e-01
1.650513683599530000e+15,3.926990816987245836e-01
1.650513683601414000e+15,3.926990816987245836e-01
1.650513683603298000e+15,3.926990816987245836e-01
1.650513683605182250e+15,3.926990816987245836e-01
1.650513683607066250e+15,3.926990816987245836e-01
1.650513683608950250e+15,3.926990816987245836e-01
1.650513683610834250e+15,3.926990816987245836e-01
1.650513683612718500e+15,3.926990816987245281e-01
1.650513683614602500e+15,3.926990816987245836e-01
1.650513683616486500e+15,3.926990816987245836e-01
1.650513683618370500e+15,3.926990816987245836e-01
1.650513683620254750e+15,3.926990816987245836e-01
1.650513683622138750e+15,3.926990816987245836e-01
1.650513683624022750e+15,3.926990816987245281e-01
1.650513683625906750e+15,3.926990816987245281e-01
1.650513683627791000e+15,3.926990816987245836e-01
1.650513683629675000e+15,3.926990816987245281e-01
1.650513683631559000e+15,3.926990816987245281e-01
1.650513683633443250e+15,3.926990816987245836e-01
1.650513683635327250e+15,3.926990816987245836e-01
1.650513683637211250e+15,3.926990816987245836e-01
1.650513683639095250e+15,3.926990816987245281e-01
1.650513683640979500e+15,3.926990816987245281e-01
1.650513683642863500e+15,3.926990816987245281e-01
1.650513683644747500e+15,3.926990816987244726e-01
1.650513683646631500e+15,3.926990816987243060e-01
1.650513683648515750e+15,3.926990816987241395e-01
1.650513683650399750e+15,3.926990816987240285e-01
1.650513683652283750e+15,3.926990816987239175e-01
1.650513683654167750e+15,3.926990816987237509e-01
1.650513683656052000e+15,3.926990816987236954e-01
1.650513683657936000e+15,3.926990816987236954e-01
1.650513683659820000e+15,3.926990816987236954e-01
1.650513683661704250e+15,3.926990816987236954e-01
1.650513683663588250e+15,3.926990816987236399e-01
1.650513683665472250e+15,3.926990816987236954e-01
1.650513683667356250e+15,3.926990816987236954e-01
1.650513683669240500e+15,3.926990816987237509e-01
1.650513683671124500e+15,3.926990816987238064e-01
1.650513683673008500e+15,3.926990816987239175e-01
1.650513683674892500e+15,3.926990816987240285e-01
1.650513683676776750e+15,3.926990816987240285e-01
1.650513683678660750e+15,3.926990816987241395e-01
1.650513683680544750e+15,3.926990816987241950e-01
1.650513683682428750e+15,3.926990816987243060e-01
1.650513683684313000e+15,3.926990816987243615e-01
1.650513683686197000e+15,3.926990816987244726e-01
1.650513683688081000e+15,3.926990816987245281e-01
1.650513683689965250e+15,3.926990816987245836e-01
1.650513683691849250e+15,3.926990816987245836e-01
1.650513683693733250e+15,3.926990816987245836e-01
1.650513683695617250e+15,3.926990816987245836e-01
1.650513683697501500e+15,3.926990816987245836e-01
1.650513683699385500e+15,3.926990816987245281e-01
1.650513683701269500e+15,3.926990816987244726e-01
1.650513683703153500e+15,3.926990816987243615e-01
1.650513683705037750e+15,3.926990816987242505e-01
1.650513683706921750e+15,3.926990816987242505e-01
1.650513683708805750e+15,3.926990816987241395e-01
1.650513683710689750e+15,3.926990816987240840e-01
1.650513683712574000e+15,3.926990816987240285e-01
1.650513683714458000e+15,3.926990816987239175e-01
1.650513683716342000e+15,3.926990816987238064e-01
1.650513683718226250e+15,3.926990816987238064e-01
1.650513683720110250e+15,3.926990816987236954e-01
1.650513683721994250e+15,3.926990816987237509e-01
1.650513683723878250e+15,3.926990816987238619e-01
1.650513683725762500e+15,3.926990816987239730e-01
1.650513683727646500e+15,3.926990816987240285e-01
1.650513683729530500e+15,3.926990816987240840e-01
1.650513683731414500e+15,3.926990816987241950e-01
1.650513683733298750e+15,3.926990816987242505e-01
1.650513683735182750e+15,3.926990816987243060e-01
1.650513683737066750e+15,3.926990816987243615e-01
1.650513683738950750e+15,3.926990816987244726e-01
1.650513683740835000e+15,3.926990816987245836e-01
1.650513683742719000e+15,3.935078912213964553e-01
1.650513683744603000e+15,3.943736850513475112e-01
1.650513683746487250e+15,3.952395937690147965e-01
1.650513683748371250e+15,3.961053875989658524e-01
1.650513683750255250e+15,3.969711814289169083e-01
1.650513683752139250e+15,3.978369752588678532e-01
1.650513683754023500e+15,3.987028839765351940e-01
1.650513683755907500e+15,3.983446408661133753e-01
1.650513683757791500e+15,3.977659714353927178e-01
1.650513683759675500e+15,3.971873020046719494e-01
1.650513683761559750e+15,3.966085557866063649e-01
1.650513683763443750e+15,3.960298863558857074e-01
1.650513683765327750e+15,3.954512169251649389e-01
1.650513683767211750e+15,3.948725474944442260e-01
1.650513683769096000e+15,3.942938012763786970e-01
1.650513683770980000e+15,3.937151318456579285e-01
1.650513683772864000e+15,3.931364624149372711e-01
1.650513683774748250e+15,3.926990816987236954e-01
1.650513683776632250e+15,3.926990816987238619e-01
1.650513683778516250e+15,3.926990816987239175e-01
1.650513683780400250e+15,3.926990816987240285e-01
1.650513683782284500e+15,3.926990816987241395e-01
1.650513683784168500e+15,3.926990816987242505e-01
1.650513683786052500e+15,3.926990816987243615e-01
1.650513683787936500e+15,3.926990816987245281e-01
1.650513683789820750e+15,3.926990816987245281e-01
1.650513683791704750e+15,3.926990816987244171e-01
1.650513683793588750e+15,3.926990816987243615e-01
1.650513683795472750e+15,3.926990816987242505e-01
1.650513683797357000e+15,3.926990816987241950e-01
1.650513683799241000e+15,3.926990816987241395e-01
1.650513683801125000e+15,3.926990816987240285e-01
1.650513683803009250e+15,3.926990816987239175e-01
1.650513683804893250e+15,3.926990816987238619e-01
1.650513683806777250e+15,3.926990816987236954e-01
1.650513683808661250e+15,3.943401496402837991e-01
1.650513683810545500e+15,3.970979487652646078e-01
1.650513683812429500e+15,3.998553819888090999e-01
1.650513683814313500e+15,4.026128152123535919e-01
1.650513683816197500e+15,4.053702484358980840e-01
1.650513683818081750e+15,4.081280475608788372e-01
1.650513683819965750e+15,4.108854807844233292e-01
1.650513683821849750e+15,4.111068511533517711e-01
1.650513683823733750e+15,4.111068511533517156e-01
1.650513683825618000e+15,4.111068511533516601e-01
1.650513683827502000e+15,4.111068511533516046e-01
1.650513683829386000e+15,4.111068511533515490e-01
1.650513683831270250e+15,4.104551660010039571e-01
1.650513683833154250e+15,4.095857910128483104e-01
1.650513683835038250e+15,4.087164160246926081e-01
1.650513683836922250e+15,4.078470410365369059e-01
1.650513683838806500e+15,4.069775506854581559e-01
1.650513683840690500e+15,4.061081756973025092e-01
1.650513683842574500e+15,4.052388007091468070e-01
1.650513683844458500e+15,4.049709280018090607e-01
1.650513683846342750e+15,4.049709280018090607e-01
1.650513683848226750e+15,4.049709280018090607e-01
1.650513683850110750e+15,4.049709280018091162e-01
1.650513683851994750e+15,4.049709280018091162e-01
1.650513683853879000e+15,4.049709280018091162e-01
1.650513683855763000e+15,4.049709280018091717e-01
1.650513683857647000e+15,4.049709280018091162e-01
1.650513683859531250e+15,4.049709280018092272e-01
1.650513683861415250e+15,4.049709280018092272e-01
1.650513683863299250e+15,4.049709280018091717e-01
1.650513683865183250e+15,4.049709280018090607e-01
1.650513683867067500e+15,4.049709280018090052e-01
1.650513683868951500e+15,4.049709280018089497e-01
1.650513683870835500e+15,4.049709280018088942e-01
1.650513683872719500e+15,4.049709280018088386e-01
1.650513683874603750e+15,4.049709280018088386e-01
1.650513683876487750e+15,4.049709280018088386e-01
1.650513683878371750e+15,4.049709280018087831e-01
1.650513683880255750e+15,4.049709280018087831e-01
1.650513683882140000e+15,4.049709280018087831e-01
1.650513683884024000e+15,4.049709280018087831e-01
1.650513683885908000e+15,4.049709280018087831e-01
1.650513683887792250e+15,4.049709280018088386e-01
1.650513683889676250e+15,4.049709280018088942e-01
1.650513683891560250e+15,4.049709280018088942e-01
1.650513683893444250e+15,4.049709280018089497e-01
1.650513683895328500e+15,4.049709280018089497e-01
1.650513683897212500e+15,4.049709280018090052e-01
1.650513683899096500e+15,4.049709280018090052e-01
1.650513683900980500e+15,4.049709280018090607e-01
1.650513683902864750e+15,4.049709280018091162e-01
1.650513683904748750e+15,4.049709280018091717e-01
1.650513683906632750e+15,4.049709280018092272e-01
1.650513683908516750e+15,4.049709280018092272e-01
1.650513683910401000e+15,4.049709280018092272e-01
1.650513683912285000e+15,4.049709280018092272e-01
1.650513683914169000e+15,4.049709280018092272e-01
1.650513683916053250e+15,4.049709280018092827e-01
1.650513683917937250e+15,4.049709280018091717e-01
1.650513683919821250e+15,4.049709280018091162e-01
1.650513683921705250e+15,4.049709280018090052e-01
1.650513683923589500e+15,4.049709280018090052e-01
1.650513683925473500e+15,4.049709280018090052e-01
1.650513683927357500e+15,4.049709280018088386e-01
1.650513683929241500e+15,4.049709280018087831e-01
1.650513683931125750e+15,4.046706542180308341e-01
1.650513683933009750e+15,4.040562466061515812e-01
1.650513683934893750e+15,4.034418389942723837e-01
1.650513683936777750e+15,4.028274313823931307e-01
1.650513683938662000e+15,4.022129422408414201e-01
1.650513683940546000e+15,4.015985346289622226e-01
1.650513683942430000e+15,4.009841270170830252e-01
1.650513683944314250e+15,4.003696378755313701e-01
1.650513683946198250e+15,3.997552302636520616e-01
1.650513683948082250e+15,3.991408226517728641e-01
1.650513683949966250e+15,3.992830422977652338e-01
1.650513683951850500e+15,4.001752109217558973e-01
1.650513683953734500e+15,4.010672611738978488e-01
1.650513683955618500e+15,4.019593114260398004e-01
1.650513683957502500e+15,4.028513616781816964e-01
1.650513683959386750e+15,4.037435303021724708e-01
1.650513683961270750e+15,4.046355805543143669e-01
1.650513683963154750e+15,4.037050372059804437e-01
1.650513683965038750e+15,4.016765972660776285e-01
1.650513683966923000e+15,3.996478881595161847e-01
1.650513683968807000e+15,3.976194482196133695e-01
1.650513683970691000e+15,3.955910082797106098e-01
1.650513683972575250e+15,3.935622991731491105e-01
1.650513683974459250e+15,3.933500573707909842e-01
1.650513683976343250e+15,3.944832873695660602e-01
1.650513683978227250e+15,3.956165173683410807e-01
1.650513683980111500e+15,3.967498977426467954e-01
1.650513683981995500e+15,3.978831277414218714e-01
1.650513683983879500e+15,3.986910934671313300e-01
1.650513683985763500e+15,3.977918263168004342e-01
1.650513683987647750e+15,3.968924398369643169e-01
1.650513683989531750e+15,3.959931726866334767e-01
1.650513683991415750e+15,3.950939055363025254e-01
1.650513683993299750e+15,3.941946383859714631e-01
1.650513683995184000e+15,3.932952519061354568e-01
1.650513683997068000e+15,3.926990816987239175e-01
1.650513683998952000e+15,3.926990816987239175e-01
1.650513684000836250e+15,3.926990816987239175e-01
1.650513684002720250e+15,3.926990816987239175e-01
1.650513684004604250e+15,3.926990816987238619e-01
1.650513684006488250e+15,3.920782777425758092e-01
1.650513684008372500e+15,3.912368824148491075e-01
1.650513684010256500e+15,3.903955987224319024e-01
1.650513684012140500e+15,3.895543150300146418e-01
1.650513684014024500e+15,3.887130313375974922e-01
1.650513684015908750e+15,3.878716360098707350e-01
1.650513684017792750e+15,3.870303523174535298e-01
1.650513684019676750e+15,3.865631585471820397e-01
1.650513684021560750e+15,3.865631585471820397e-01
1.650513684023445000e+15,3.865631585471820397e-01
1.650513684025329000e+15,3.865631585471820397e-01
1.650513684027213000e+15,3.865631585471820397e-01
1.650513684029097250e+15,3.865631585471820397e-01
1.650513684030981250e+15,3.865631585471820397e-01
1.650513684032865250e+15,3.865631585471820952e-01
1.650513684034749250e+15,3.865631585471820397e-01
1.650513684036633500e+15,3.865631585471820397e-01
1.650513684038517500e+15,3.865631585471820397e-01
1.650513684040401500e+15,3.857062415358171736e-01
1.650513684042285500e+15,3.837362212192687028e-01
1.650513684044169750e+15,3.817659394881346979e-01
1.650513684046053750e+15,3.797959191715862270e-01
1.650513684047937750e+15,3.778258988550377562e-01
1.650513684049821750e+15,3.758558785384893408e-01
1.650513684051706000e+15,3.744790528152502906e-01
1.650513684053590000e+15,3.753906590937381438e-01
1.650513684055474000e+15,3.763022653722261079e-01
1.650513684057358250e+15,3.772139926175768210e-01
1.650513684059242250e+15,3.781255988960646741e-01
1.650513684061126250e+15,3.790372051745525273e-01
1.650513684063010250e+15,3.799488114530404914e-01
1.650513684064894500e+15,3.804272353956386077e-01
1.650513684066778500e+15,3.804272353956386077e-01
1.650513684068662500e+15,3.804272353956386077e-01
1.650513684070546500e+15,3.804272353956386077e-01
1.650513684072430750e+15,3.804272353956386077e-01
1.650513684074314750e+15,3.804272353956386077e-01
1.650513684076198750e+15,3.804272353956386077e-01
1.650513684078082750e+15,3.804272353956386077e-01
1.650513684079967000e+15,3.804272353956386077e-01
1.650513684081851000e+15,3.804272353956386077e-01
1.650513684083735000e+15,3.804272353956386077e-01
1.650513684085619250e+15,3.803621608448689018e-01
1.650513684087503250e+15,3.792983825051703395e-01
1.650513684089387250e+15,3.782346041654718327e-01
1.650513684091271250e+15,3.771708258257733259e-01
1.650513684093155500e+15,3.761069063265286561e-01
1.650513684095039500e+15,3.750431279868301493e-01
1.650513684096923500e+15,3.741431695443409033e-01
1.650513684098807500e+15,3.736380096414607666e-01
1.650513684100691750e+15,3.731327827056848956e-01
1.650513684102575750e+15,3.726276228028047033e-01
1.650513684104459750e+15,3.721224628999246775e-01
1.650513684106343750e+15,3.716173029970445407e-01
1.650513684108228000e+15,3.711120760612686142e-01
1.650513684110112000e+15,3.706069161583885330e-01
1.650513684111996000e+15,3.701017562555083962e-01
1.650513684113880250e+15,3.695965293197325252e-01
1.650513684115764250e+15,3.690913694168523884e-01
1.650513684117648250e+15,3.685862095139723627e-01
1.650513684119532250e+15,3.682915601238324621e-01
1.650513684121416500e+15,3.692170074301877603e-01
1.650513684123300500e+15,3.701423319493191144e-01
1.650513684125184500e+15,3.710676564684505241e-01
1.650513684127068500e+15,3.719929809875818227e-01
1.650513684128952750e+15,3.729184282939371209e-01
1.650513684130836750e+15,3.738437528130684195e-01
1.650513684132720750e+15,3.742913122440973406e-01
1.650513684134604750e+15,3.742913122440972296e-01
1.650513684136489000e+15,3.742913122440970630e-01
1.650513684138373000e+15,3.742913122440969520e-01
1.650513684140257000e+15,3.742913122440967855e-01
1.650513684142141250e+15,3.742913122440966744e-01
1.650513684144025250e+15,3.742913122440965079e-01
1.650513684145909250e+15,3.742913122440965079e-01
1.650513684147793250e+15,3.742913122440964524e-01
1.650513684149677500e+15,3.742913122440963969e-01
1.650513684151561500e+15,3.742913122440963969e-01
1.650513684153445500e+15,3.742913122440962859e-01
1.650513684155329500e+15,3.742913122440962304e-01
1.650513684157213750e+15,3.742913122440962304e-01
1.650513684159097750e+15,3.742913122440961748e-01
1.650513684160981750e+15,3.742913122440961193e-01
1.650513684162865750e+15,3.742913122440961748e-01
1.650513684164750000e+15,3.742913122440960638e-01
1.650513684166634000e+15,3.742913122440960638e-01
1.650513684168518000e+15,3.742913122440959528e-01
1.650513684170402250e+15,3.742913122440959528e-01
1.650513684172286250e+15,3.742913122440959528e-01
1.650513684174170250e+15,3.742913122440958973e-01
1.650513684176054250e+15,3.742913122440958418e-01
1.650513684177938500e+15,3.742913122440958418e-01
1.650513684179822500e+15,3.742913122440958418e-01
1.650513684181706500e+15,3.742913122440958418e-01
1.650513684183590500e+15,3.742913122440958418e-01
1.650513684185474750e+15,3.742913122440958418e-01
1.650513684187358750e+15,3.742913122440958418e-01
1.650513684189242750e+15,3.742913122440958418e-01
1.650513684191126750e+15,3.742913122440958418e-01
1.650513684193011000e+15,3.742913122440958973e-01
1.650513684194895000e+15,3.742913122440958418e-01
1.650513684196779000e+15,3.742913122440958418e-01
1.650513684198663250e+15,3.742913122440958418e-01
1.650513684200547250e+15,3.742913122440958418e-01
1.650513684202431250e+15,3.742913122440958418e-01
1.650513684204315250e+15,3.742913122440958418e-01
1.650513684206199500e+15,3.742913122440958418e-01
1.650513684208083500e+15,3.742913122440957863e-01
1.650513684209967500e+15,3.742913122440957863e-01
1.650513684211851500e+15,3.742913122440958418e-01
1.650513684213735750e+15,3.742913122440958418e-01
1.650513684215619750e+15,3.742913122440958418e-01
1.650513684217503750e+15,3.742913122440958418e-01
1.650513684219387750e+15,3.742913122440958418e-01
1.650513684221272000e+15,3.742913122440957863e-01
1.650513684223156000e+15,3.742913122440958418e-01
1.650513684225040000e+15,3.742913122440959528e-01
1.650513684226924250e+15,3.742913122440959528e-01
1.650513684228808250e+15,3.742913122440959528e-01
1.650513684230692250e+15,3.742913122440960638e-01
1.650513684232576250e+15,3.742913122440960638e-01
1.650513684234460500e+15,3.742913122440961193e-01
1.650513684236344500e+15,3.742913122440961748e-01
1.650513684238228500e+15,3.742913122440962304e-01
1.650513684240112500e+15,3.742913122440962304e-01
1.650513684241996750e+15,3.742913122440962304e-01
1.650513684243880750e+15,3.742913122440962304e-01
1.650513684245764750e+15,3.742913122440962859e-01
1.650513684247648750e+15,3.742913122440962859e-01
1.650513684249533000e+15,3.742913122440962859e-01
1.650513684251417000e+15,3.742913122440962859e-01
1.650513684253301000e+15,3.742913122440962859e-01
1.650513684255185250e+15,3.742913122440962859e-01
1.650513684257069250e+15,3.742913122440963414e-01
1.650513684258953250e+15,3.742913122440963969e-01
1.650513684260837250e+15,3.742913122440963969e-01
1.650513684262721500e+15,3.742913122440963969e-01
1.650513684264605500e+15,3.742913122440963969e-01
1.650513684266489500e+15,3.742913122440964524e-01
1.650513684268373500e+15,3.742913122440964524e-01
1.650513684270257750e+15,3.742913122440964524e-01
1.650513684272141750e+15,3.742913122440964524e-01
1.650513684274025750e+15,3.742913122440963969e-01
1.650513684275909750e+15,3.742913122440963969e-01
1.650513684277794000e+15,3.742913122440963414e-01
1.650513684279678000e+15,3.742913122440962859e-01
1.650513684281562000e+15,3.742913122440962859e-01
1.650513684283446250e+15,3.742913122440962859e-01
1.650513684285330250e+15,3.742913122440962304e-01
1.650513684287214250e+15,3.742913122440962859e-01
1.650513684289098250e+15,3.742913122440962304e-01
1.650513684290982500e+15,3.742913122440962859e-01
1.650513684292866500e+15,3.742913122440962859e-01
1.650513684294750500e+15,3.742913122440962859e-01
1.650513684296634500e+15,3.742913122440962304e-01
1.650513684298518750e+15,3.742913122440962304e-01
1.650513684300402750e+15,3.742913122440962859e-01
1.650513684302286750e+15,3.742913122440962859e-01
1.650513684304170750e+15,3.742913122440962304e-01
1.650513684306055000e+15,3.742913122440962859e-01
1.650513684307939000e+15,3.742913122440962859e-01
1.650513684309823000e+15,3.742913122440962859e-01
1.650513684311707000e+15,3.742913122440962859e-01
1.650513684313591250e+15,3.742913122440962304e-01
1.650513684315475250e+15,3.742913122440962859e-01
1.650513684317359250e+15,3.742913122440963414e-01
1.650513684319243500e+15,3.742913122440962304e-01
1.650513684321127500e+15,3.742913122440962859e-01
1.650513684323011500e+15,3.742913122440962859e-01
1.650513684324895500e+15,3.742913122440962859e-01
1.650513684326779750e+15,3.742913122440962859e-01
1.650513684328663750e+15,3.742913122440962859e-01
1.650513684330547750e+15,3.742913122440963414e-01
1.650513684332431750e+15,3.742913122440962859e-01
1.650513684334316000e+15,3.742913122440962859e-01
1.650513684336200000e+15,3.742913122440962859e-01
1.650513684338084000e+15,3.742913122440962859e-01
1.650513684339968000e+15,3.742913122440963414e-01
1.650513684341852250e+15,3.742913122440962859e-01
1.650513684343736250e+15,3.742913122440962859e-01
1.650513684345620250e+15,3.742913122440962859e-01
1.650513684347504500e+15,3.742913122440962859e-01
1.650513684349388500e+15,3.742913122440962859e-01
1.650513684351272500e+15,3.742913122440962859e-01
1.650513684353156500e+15,3.742913122440962859e-01
1.650513684355040750e+15,3.742913122440962304e-01
1.650513684356924750e+15,3.742913122440962859e-01
1.650513684358808750e+15,3.742913122440962304e-01
1.650513684360692750e+15,3.742913122440962859e-01
1.650513684362577000e+15,3.742913122440962859e-01
1.650513684364461000e+15,3.742913122440962304e-01
1.650513684366345000e+15,3.742913122440962859e-01
1.650513684368229000e+15,3.742913122440963414e-01
1.650513684370113250e+15,3.742913122440963969e-01
1.650513684371997250e+15,3.742913122440963969e-01
1.650513684373881250e+15,3.742913122440964524e-01
1.650513684375765500e+15,3.742913122440965079e-01
1.650513684377649500e+15,3.742913122440965079e-01
1.650513684379533500e+15,3.742913122440965079e-01
1.650513684381417500e+15,3.742913122440965634e-01
1.650513684383301750e+15,3.742913122440966189e-01
1.650513684385185750e+15,3.742913122440966189e-01
1.650513684387069750e+15,3.742913122440966744e-01
1.650513684388953750e+15,3.742913122440967300e-01
1.650513684390838000e+15,3.742913122440966744e-01
1.650513684392722000e+15,3.742913122440967300e-01
1.650513684394606000e+15,3.742913122440966189e-01
1.650513684396490000e+15,3.742913122440966189e-01
1.650513684398374250e+15,3.742913122440966189e-01
1.650513684400258250e+15,3.742913122440966189e-01
1.650513684402142250e+15,3.742913122440965634e-01
1.650513684404026500e+15,3.742913122440965634e-01
1.650513684405910500e+15,3.742913122440965634e-01
1.650513684407794500e+15,3.742913122440965079e-01
1.650513684409678500e+15,3.742913122440965079e-01
1.650513684411562750e+15,3.742913122440965079e-01
1.650513684413446750e+15,3.742913122440965079e-01
1.650513684415330750e+15,3.742913122440965079e-01
1.650513684417214750e+15,3.742913122440964524e-01
1.650513684419099000e+15,3.742913122440963969e-01
1.650513684420983000e+15,3.742913122440963969e-01
1.650513684422867000e+15,3.742913122440963414e-01
1.650513684424751000e+15,3.747778146255458798e-01
1.650513684426635250e+15,3.764384887419341408e-01
1.650513684428519250e+15,3.780989425220989686e-01
1.650513684430403250e+15,3.797593963022637964e-01
1.650513684432287500e+15,3.798743102352352685e-01
1.650513684434171500e+15,3.789495778764233602e-01
1.650513684436055500e+15,3.780248455176114519e-01
1.650513684437939500e+15,3.771001131587995436e-01
1.650513684439823750e+15,3.761752580913413357e-01
1.650513684441707750e+15,3.752505257325294830e-01
1.650513684443591750e+15,3.743257933737175747e-01
1.650513684445475750e+15,3.731547690847712428e-01
1.650513684447360000e+15,3.719740487826578290e-01
1.650513684449244000e+15,3.707934851370791596e-01
1.650513684451128000e+15,3.696129214915004901e-01
1.650513684453012000e+15,3.684323578459217652e-01
1.650513684454896250e+15,3.681553890925534644e-01
1.650513684456780250e+15,3.681553890925535200e-01
1.650513684458664250e+15,3.681553890925535200e-01
1.650513684460548500e+15,3.681553890925535200e-01
1.650513684462432500e+15,3.681553890925535200e-01
1.650513684464316500e+15,3.681553890925535200e-01
1.650513684466200500e+15,3.681553890925534644e-01
1.650513684468084750e+15,3.681553890925534644e-01
1.650513684469968750e+15,3.681553890925534644e-01
1.650513684471852750e+15,3.681553890925534644e-01
1.650513684473736750e+15,3.681553890925535200e-01
1.650513684475621000e+15,3.681553890925535200e-01
1.650513684477505000e+15,3.681553890925535200e-01
1.650513684479389000e+15,3.681553890925535200e-01
1.650513684481273000e+15,3.681553890925535200e-01
1.650513684483157250e+15,3.681553890925535200e-01
1.650513684485041250e+15,3.681553890925535200e-01
1.650513684486925250e+15,3.681553890925534644e-01
1.650513684488809500e+15,3.681553890925535200e-01
1.650513684490693500e+15,3.681553890925535200e-01
1.650513684492577500e+15,3.681553890925534644e-01
1.650513684494461500e+15,3.681553890925535200e-01
1.650513684496345750e+15,3.681553890925535200e-01
1.650513684498229750e+15,3.681553890925535200e-01
1.650513684500113750e+15,3.681553890925535200e-01
1.650513684501997750e+15,3.681553890925535200e-01
1.650513684503882000e+15,3.681553890925535200e-01
1.650513684505766000e+15,3.681553890925534644e-01
1.650513684507650000e+15,3.681553890925535200e-01
1.650513684509534000e+15,3.681553890925534644e-01
1.650513684511418250e+15,3.681553890925535200e-01
1.650513684513302250e+15,3.683256237357821483e-01
1.650513684515186250e+15,3.694993549996168358e-01
1.650513684517070500e+15,3.706732420133537764e-01
1.650513684518954500e+15,3.718469732771884084e-01
1.650513684520838500e+15,3.730207045410230404e-01
1.650513684522722500e+15,3.741944358048577279e-01
1.650513684524606750e+15,3.729284963966977839e-01
1.650513684526490750e+15,3.714432931825260020e-01
1.650513684528374750e+15,3.699580899683541091e-01
1.650513684530258750e+15,3.684728867541822717e-01
1.650513684532143000e+15,3.669874864589044994e-01
1.650513684534027000e+15,3.655022832447326619e-01
1.650513684535911000e+15,3.640170800305608245e-01
1.650513684537795000e+15,3.625318768163889871e-01
1.650513684539679250e+15,3.628390831650145643e-01
1.650513684541563250e+15,3.640901739894200073e-01
1.650513684543447250e+15,3.653412648138253394e-01
1.650513684545331500e+15,3.665925216534675068e-01
1.650513684547215500e+15,3.678436124778728389e-01
1.650513684549099500e+15,3.672173945720891286e-01
1.650513684550983500e+15,3.659680614674197807e-01
1.650513684552867750e+15,3.647185625807567444e-01
1.650513684554751750e+15,3.634692294760873410e-01
1.650513684556635750e+15,3.622198963714179376e-01
1.650513684558519750e+15,3.601966663457531470e-01
1.650513684560404000e+15,3.580252674917211997e-01
1.650513684562288000e+15,3.558541567362502045e-01
1.650513684564172000e+15,3.536830459807792648e-01
1.650513684566056000e+15,3.515119352253083251e-01
1.650513684567940250e+15,3.497476196379272206e-01
1.650513684569824250e+15,3.497476196379271096e-01
1.650513684571708250e+15,3.497476196379269986e-01
1.650513684573592500e+15,3.497476196379269986e-01
1.650513684575476500e+15,3.497476196379268876e-01
1.650513684577360500e+15,3.497476196379267765e-01
1.650513684579244500e+15,3.497476196379266655e-01
1.650513684581128750e+15,3.497476196379266100e-01
1.650513684583012750e+15,3.497476196379265545e-01
1.650513684584896750e+15,3.497476196379264435e-01
1.650513684586780750e+15,3.497476196379263325e-01
1.650513684588665000e+15,3.497476196379262769e-01
1.650513684590549000e+15,3.497476196379261659e-01
1.650513684592433000e+15,3.497476196379261659e-01
1.650513684594317000e+15,3.497476196379261659e-01
1.650513684596201250e+15,3.497476196379261104e-01
1.650513684598085250e+15,3.497476196379261104e-01
1.650513684599969250e+15,3.497476196379261104e-01
1.650513684601853500e+15,3.497476196379261104e-01
1.650513684603737500e+15,3.507878201721954525e-01
1.650513684605621500e+15,3.518428607140868802e-01
1.650513684607505500e+15,3.528979012559784190e-01
1.650513684609389750e+15,3.539530817979417709e-01
1.650513684611273750e+15,3.550081223398331987e-01
1.650513684613157750e+15,3.557873221308752165e-01
1.650513684615041750e+15,3.552221476311439585e-01
1.650513684616926000e+15,3.546568981347965055e-01
1.650513684618810000e+15,3.540917236350652475e-01
1.650513684620694000e+15,3.535265491353340450e-01
1.650513684622578000e+15,3.529613746356027870e-01
1.650513684624462250e+15,3.523961251392553340e-01
1.650513684626346250e+15,3.518309506395240760e-01
1.650513684628230250e+15,3.512657761397928735e-01
1.650513684630114500e+15,3.507005266434454205e-01
1.650513684631998500e+15,3.501353521437141625e-01
1.650513684633882500e+15,3.497476196379271651e-01
1.650513684635766500e+15,3.497476196379271096e-01
1.650513684637650750e+15,3.497476196379269986e-01
1.650513684639534750e+15,3.497476196379268876e-01
1.650513684641418750e+15,3.497476196379268321e-01
1.650513684643302750e+15,3.497476196379267765e-01
1.650513684645187000e+15,3.497476196379266655e-01
1.650513684647071000e+15,3.497476196379265545e-01
1.650513684648955000e+15,3.497476196379264435e-01
1.650513684650839000e+15,3.497476196379264435e-01
1.650513684652723250e+15,3.497476196379262769e-01
1.650513684654607250e+15,3.497476196379262214e-01
1.650513684656491250e+15,3.497476196379261659e-01
1.650513684658375500e+15,3.494389129626346291e-01
1.650513684660259500e+15,3.484031099773288176e-01
1.650513684662143500e+15,3.473673069920228951e-01
1.650513684664027500e+15,3.463315040067170836e-01
1.650513684665911750e+15,3.452955635740936891e-01
1.650513684667795750e+15,3.442597605887878220e-01
1.650513684669679750e+15,3.432239576034820105e-01
1.650513684671563750e+15,3.421881546181761991e-01
1.650513684673448000e+15,3.411522141855527490e-01
1.650513684675332000e+15,3.401164112002469375e-01
1.650513684677216000e+15,3.390806082149411260e-01
1.650513684679100000e+15,3.380448052296353145e-01
1.650513684680984250e+15,3.374757733348414668e-01
1.650513684682868250e+15,3.374757733348414113e-01
1.650513684684752250e+15,3.374757733348414668e-01
1.650513684686636500e+15,3.374757733348414668e-01
1.650513684688520500e+15,3.374757733348414668e-01
1.650513684690404500e+15,3.374757733348414668e-01
1.650513684692288500e+15,3.374757733348414668e-01
1.650513684694172750e+15,3.374757733348414113e-01
1.650513684696056750e+15,3.374757733348414668e-01
1.650513684697940750e+15,3.374757733348414113e-01
1.650513684699824750e+15,3.374757733348414113e-01
1.650513684701709000e+15,3.374757733348414113e-01
1.650513684703593000e+15,3.380933813065085114e-01
1.650513684705477000e+15,3.388499309935181225e-01
1.650513684707361000e+15,3.396064806805276781e-01
1.650513684709245250e+15,3.403631307589500832e-01
1.650513684711129250e+15,3.411196804459596388e-01
1.650513684713013250e+15,3.418762301329691944e-01
1.650513684714897500e+15,3.426328802113915994e-01
1.650513684716781500e+15,3.433894298984011551e-01
1.650513684718665500e+15,3.431515022500182810e-01
1.650513684720549500e+15,3.424998630607564154e-01
1.650513684722433750e+15,3.418481374013260243e-01
1.650513684724317750e+15,3.411964982120641032e-01
1.650513684726201750e+15,3.405448590228021821e-01
1.650513684728085750e+15,3.398932198335402610e-01
1.650513684729970000e+15,3.392414941741098700e-01
1.650513684731854000e+15,3.385898549848479488e-01
1.650513684733738000e+15,3.379382157955860277e-01
1.650513684735622000e+15,3.374757733348412447e-01
1.650513684737506250e+15,3.374757733348413002e-01
1.650513684739390250e+15,3.374757733348413558e-01
1.650513684741274250e+15,3.374757733348413558e-01
1.650513684743158500e+15,3.374757733348414113e-01
1.650513684745042500e+15,3.374757733348414113e-01
1.650513684746926500e+15,3.374757733348414113e-01
1.650513684748810500e+15,3.374757733348415223e-01
1.650513684750694750e+15,3.383952927690526691e-01
1.650513684752578750e+15,3.393583919290548145e-01
1.650513684754462750e+15,3.403214910890570155e-01
1.650513684756346750e+15,3.412845902490592165e-01
1.650513684758231000e+15,3.422478172088437298e-01
1.650513684760115000e+15,3.432109163688459308e-01
1.650513684761999000e+15,3.430457942924797776e-01
1.650513684763883000e+15,3.420765581712835735e-01
1.650513684765767250e+15,3.411071934359525271e-01
1.650513684767651250e+15,3.401379573147563784e-01
1.650513684769535250e+15,3.391687211935602853e-01
1.650513684771419500e+15,3.381993564582291834e-01
1.650513684773303500e+15,3.374757733348415223e-01
1.650513684775187500e+15,3.374757733348413558e-01
1.650513684777071500e+15,3.374757733348413558e-01
1.650513684778955750e+15,3.374757733348413558e-01
1.650513684780839750e+15,3.374757733348413558e-01
1.650513684782723750e+15,3.374757733348412447e-01
1.650513684784607750e+15,3.374757733348412447e-01
1.650513684786492000e+15,3.374757733348413002e-01
1.650513684788376000e+15,3.374757733348413558e-01
1.650513684790260000e+15,3.374757733348413558e-01
1.650513684792144000e+15,3.374757733348413558e-01
1.650513684794028250e+15,3.374757733348413558e-01
1.650513684795912250e+15,3.374757733348414113e-01
1.650513684797796250e+15,3.374757733348414113e-01
1.650513684799680500e+15,3.374757733348414668e-01
1.650513684801564500e+15,3.374757733348414668e-01
1.650513684803448500e+15,3.374757733348414668e-01
1.650513684805332500e+15,3.383101807188249599e-01
1.650513684807216750e+15,3.393621928387787201e-01
1.650513684809100750e+15,3.404140653790430071e-01
1.650513684810984750e+15,3.414659379193072386e-01
1.650513684812868750e+15,3.425178104595714701e-01
1.650513684814753000e+15,3.435698225795252858e-01
1.650513684816637000e+15,3.436116964863831225e-01
1.650513684818521000e+15,3.436116964863833445e-01
1.650513684820405000e+15,3.436116964863835666e-01
1.650513684822289250e+15,3.436116964863837331e-01
1.650513684824173250e+15,3.436116964863839551e-01
1.650513684826057250e+15,3.436116964863838441e-01
1.650513684827941500e+15,3.436116964863837331e-01
1.650513684829825500e+15,3.436116964863835666e-01
1.650513684831709500e+15,3.436116964863834000e-01
1.650513684833593500e+15,3.436116964863832335e-01
1.650513684835477750e+15,3.436116964863830670e-01
1.650513684837361750e+15,3.436116964863829559e-01
1.650513684839245750e+15,3.436116964863830670e-01
1.650513684841129750e+15,3.436116964863832335e-01
1.650513684843014000e+15,3.436116964863834555e-01
1.650513684844898000e+15,3.436116964863836776e-01
1.650513684846782000e+15,3.436116964863838441e-01
1.650513684848666000e+15,3.436116964863840106e-01
1.650513684850550250e+15,3.436116964863840106e-01
1.650513684852434250e+15,3.436116964863840106e-01
1.650513684854318250e+15,3.436116964863840106e-01
1.650513684856202500e+15,3.436116964863840106e-01
1.650513684858086500e+15,3.436116964863840106e-01
1.650513684859970500e+15,3.436116964863840106e-01
1.650513684861854500e+15,3.436116964863840106e-01
1.650513684863738750e+15,3.436116964863840106e-01
1.650513684865622750e+15,3.436116964863840106e-01
1.650513684867506750e+15,3.436116964863840106e-01
1.650513684869390750e+15,3.436116964863840106e-01
1.650513684871275000e+15,3.436116964863840106e-01
1.650513684873159000e+15,3.436116964863840662e-01
1.650513684875043000e+15,3.436116964863840106e-01
1.650513684876927000e+15,3.436116964863840106e-01
1.650513684878811250e+15,3.436116964863840106e-01
1.650513684880695250e+15,3.436116964863840106e-01
1.650513684882579250e+15,3.436116964863838441e-01
1.650513684884463500e+15,3.436116964863836776e-01
1.650513684886347500e+15,3.436116964863835666e-01
1.650513684888231500e+15,3.436116964863833445e-01
1.650513684890115500e+15,3.436116964863832335e-01
1.650513684891999750e+15,3.436116964863830670e-01
1.650513684893883750e+15,3.436116964863829004e-01
1.650513684895767750e+15,3.436116964863829004e-01
1.650513684897651750e+15,3.436116964863829559e-01
1.650513684899536000e+15,3.436116964863829004e-01
1.650513684901420000e+15,3.436116964863829004e-01
1.650513684903304000e+15,3.436116964863829004e-01
1.650513684905188000e+15,3.436116964863828449e-01
1.650513684907072250e+15,3.436116964863828449e-01
1.650513684908956250e+15,3.436116964863829004e-01
1.650513684910840250e+15,3.436116964863829004e-01
1.650513684912724500e+15,3.436116964863828449e-01
1.650513684914608500e+15,3.436116964863828449e-01
1.650513684916492500e+15,3.436116964863830114e-01
1.650513684918376500e+15,3.436116964863831225e-01
1.650513684920260750e+15,3.436116964863832335e-01
1.650513684922144750e+15,3.436116964863833445e-01
1.650513684924028750e+15,3.436116964863834000e-01
1.650513684925912750e+15,3.436116964863835110e-01
1.650513684927797000e+15,3.436116964863836221e-01
1.650513684929681000e+15,3.436116964863837886e-01
1.650513684931565000e+15,3.436116964863837886e-01
1.650513684933449000e+15,3.436116964863840106e-01
1.650513684935333250e+15,3.436116964863840662e-01
1.650513684937217250e+15,3.436116964863841772e-01
1.650513684939101250e+15,3.436116964863841772e-01
1.650513684940985500e+15,3.436116964863841217e-01
1.650513684942869500e+15,3.436116964863841217e-01
1.650513684944753500e+15,3.436116964863841217e-01
1.650513684946637500e+15,3.436116964863840106e-01
1.650513684948521750e+15,3.436116964863840106e-01
1.650513684950405750e+15,3.434278588854047798e-01
1.650513684952289750e+15,3.429466500764505876e-01
1.650513684954173750e+15,3.424654412674963400e-01
1.650513684956058000e+15,3.419841686038700423e-01
1.650513684957942000e+15,3.415029597949157947e-01
1.650513684959826000e+15,3.410217509859615470e-01
1.650513684961710000e+15,3.405405421770073549e-01
1.650513684963594250e+15,3.400592695133810017e-01
1.650513684965478250e+15,3.395780607044268096e-01
1.650513684967362250e+15,3.390968518954725619e-01
1.650513684969246500e+15,3.386155792318462088e-01
1.650513684971130500e+15,3.381343704228920166e-01
1.650513684973014500e+15,3.376531616139377689e-01
1.650513684974898500e+15,3.381961326507467724e-01
1.650513684976782750e+15,3.393372314662119749e-01
1.650513684978666750e+15,3.404781788820731014e-01
1.650513684980550750e+15,3.416191262979342835e-01
1.650513684982434750e+15,3.427600737137954656e-01
1.650513684984319000e+15,3.436116964863829004e-01
1.650513684986203000e+15,3.436116964863829004e-01
1.650513684988087000e+15,3.436116964863829004e-01
1.650513684989971000e+15,3.436116964863829004e-01
1.650513684991855250e+15,3.436116964863828449e-01
1.650513684993739250e+15,3.432353852934419969e-01
1.650513684995623250e+15,3.422510461230140466e-01
1.650513684997507500e+15,3.412665763343309955e-01
1.650513684999391500e+15,3.402822371639030452e-01
1.650513685001275500e+15,3.392978979934750949e-01
1.650513685003159500e+15,3.383135588230471447e-01
1.650513685005043750e+15,3.374757733348406341e-01
1.650513685006927750e+15,3.374757733348409672e-01
1.650513685008811750e+15,3.374757733348412447e-01
1.650513685010695750e+15,3.374757733348415778e-01
1.650513685012580000e+15,3.374757733348419109e-01
1.650513685014464000e+15,3.374757733348422439e-01
1.650513685016348000e+15,3.374757733348425770e-01
1.650513685018232000e+15,3.381741021641758160e-01
1.650513685020116250e+15,3.390148856125278498e-01
1.650513685022000250e+15,3.398555575067538914e-01
1.650513685023884250e+15,3.406962294009798775e-01
1.650513685025768500e+15,3.415370128493320223e-01
1.650513685027652500e+15,3.423776847435580639e-01
1.650513685029536500e+15,3.432183566377840500e-01
1.650513685031420500e+15,3.430117488652554281e-01
1.650513685033304750e+15,3.418841166407075582e-01
1.650513685035188750e+15,3.407566340290327789e-01
1.650513685037072750e+15,3.396291514173579440e-01
1.650513685038956750e+15,3.385016688056830536e-01
1.650513685040841000e+15,3.373894377169182057e-01
1.650513685042725000e+15,3.364326359276854084e-01
1.650513685044609000e+15,3.354758341384527776e-01
1.650513685046493000e+15,3.345190323492200912e-01
1.650513685048377250e+15,3.335621035958433733e-01
1.650513685050261250e+15,3.326053018066106315e-01
1.650513685052145250e+15,3.316485000173780007e-01
1.650513685054029500e+15,3.319581896403872578e-01
1.650513685055913500e+15,3.328708034571954411e-01
1.650513685057797500e+15,3.337834172740036798e-01
1.650513685059681500e+15,3.346960310908119185e-01
1.650513685061565750e+15,3.356087660081796264e-01
1.650513685063449750e+15,3.365213798249878097e-01
1.650513685065333750e+15,3.374339936417960484e-01
1.650513685067217750e+15,3.387976254433726631e-01
1.650513685069102000e+15,3.401830793916401641e-01
1.650513685070986000e+15,3.415683495195614983e-01
1.650513685072870000e+15,3.429536196474829435e-01
1.650513685074754000e+15,3.431556979894741510e-01
1.650513685076638250e+15,3.422869263334555323e-01
1.650513685078522250e+15,3.414182699450044045e-01
1.650513685080406250e+15,3.405496135565532212e-01
1.650513685082290500e+15,3.396808419005346025e-01
1.650513685084174500e+15,3.388121855120834747e-01
1.650513685086058500e+15,3.379435291236323469e-01
1.650513685087942500e+15,3.369834158984926775e-01
1.650513685089826750e+15,3.359164527018987378e-01
1.650513685091710750e+15,3.348496310686849275e-01
1.650513685093594750e+15,3.337828094354711173e-01
1.650513685095478750e+15,3.327159878022573625e-01
1.650513685097363000e+15,3.316490246056633673e-01
1.650513685099247000e+15,3.317704751597880253e-01
1.650513685101131000e+15,3.323768260235441252e-01
1.650513685103015000e+15,3.329831768873000586e-01
1.650513685104899250e+15,3.335896082116271422e-01
1.650513685106783250e+15,3.341959590753831311e-01
1.650513685108667250e+15,3.348023099391391755e-01
1.650513685110551500e+15,3.354087412634662591e-01
1.650513685112435500e+15,3.360150921272223035e-01
1.650513685114319500e+15,3.366214429909782924e-01
1.650513685116203500e+15,3.372277938547343368e-01
1.650513685118087750e+15,3.380087960639611699e-01
1.650513685119971750e+15,3.389104479801536285e-01
1.650513685121855750e+15,3.398120998963461425e-01
1.650513685123739750e+15,3.407137518125386566e-01
1.650513685125624000e+15,3.416155233746860365e-01
1.650513685127508000e+15,3.425171752908785505e-01
1.650513685129392000e+15,3.434188272070710646e-01
1.650513685131276000e+15,3.420041779674675708e-01
1.650513685133160250e+15,3.399589607026004545e-01
1.650513685135044250e+15,3.379140147946744221e-01
1.650513685136928250e+15,3.358690688867483898e-01
1.650513685138812500e+15,3.338238516218812735e-01
1.650513685140696500e+15,3.317789057139551856e-01
1.650513685142580500e+15,3.313398501832991450e-01
1.650513685144464500e+15,3.313398501832991450e-01
1.650513685146348750e+15,3.313398501832990894e-01
1.650513685148232750e+15,3.313398501832990894e-01
1.650513685150116750e+15,3.313398501832990894e-01
1.650513685152000750e+15,3.313398501832990894e-01
1.650513685153885000e+15,3.313398501832990339e-01
1.650513685155769000e+15,3.313398501832990339e-01
1.650513685157653000e+15,3.313398501832990339e-01
1.650513685159537000e+15,3.313398501832989784e-01
1.650513685161421250e+15,3.313398501832989229e-01
1.650513685163305250e+15,3.313398501832989784e-01
1.650513685165189250e+15,3.313398501832989784e-01
1.650513685167073500e+15,3.313398501832989229e-01
1.650513685168957500e+15,3.313398501832989229e-01
1.650513685170841500e+15,3.313398501832989229e-01
1.650513685172725500e+15,3.313398501832989229e-01
1.650513685174609750e+15,3.313398501832989229e-01
1.650513685176493750e+15,3.313398501832989229e-01
1.650513685178377750e+15,3.313398501832989229e-01
1.650513685180261750e+15,3.313398501832989229e-01
1.650513685182146000e+15,3.313398501832989229e-01
1.650513685184030000e+15,3.313398501832989784e-01
1.650513685185914000e+15,3.303850829656019283e-01
1.650513685187798000e+15,3.292664377926285968e-01
1.650513685189682250e+15,3.281476441794783927e-01
1.650513685191566250e+15,3.270289990065050612e-01
1.650513685193450250e+15,3.259103538335316741e-01
1.650513685195334500e+15,3.255782264282205407e-01
1.650513685197218500e+15,3.265936044886075806e-01
1.650513685199102500e+15,3.276089825489946206e-01
1.650513685200986500e+15,3.286243606093816605e-01
1.650513685202870750e+15,3.296398734067724767e-01
1.650513685204754750e+15,3.306552514671595167e-01
1.650513685206638750e+15,3.309099012354442260e-01
1.650513685208522750e+15,3.295901068276914647e-01
1.650513685210407000e+15,3.282701372879843760e-01
1.650513685212291000e+15,3.269503428802316147e-01
1.650513685214175000e+15,3.256305484724787980e-01
1.650513685216059000e+15,3.252039270317561570e-01
1.650513685217943250e+15,3.252039270317561015e-01
1.650513685219827250e+15,3.252039270317561015e-01
1.650513685221711250e+15,3.252039270317561570e-01
1.650513685223595500e+15,3.252039270317561570e-01
1.650513685225479500e+15,3.252039270317561570e-01
1.650513685227363500e+15,3.252039270317561015e-01
1.650513685229247500e+15,3.252039270317561015e-01
1.650513685231131750e+15,3.252039270317561570e-01
1.650513685233015750e+15,3.252039270317561570e-01
1.650513685234899750e+15,3.252039270317561570e-01
1.650513685236783750e+15,3.252039270317561570e-01
1.650513685238668000e+15,3.252039270317561570e-01
1.650513685240552000e+15,3.252039270317561570e-01
1.650513685242436000e+15,3.252039270317561570e-01
1.650513685244320000e+15,3.252039270317561570e-01
1.650513685246204250e+15,3.252039270317561570e-01
1.650513685248088250e+15,3.252039270317561570e-01
1.650513685249972250e+15,3.252039270317561570e-01
1.650513685251856500e+15,3.252039270317561015e-01
1.650513685253740500e+15,3.252039270317561570e-01
1.650513685255624500e+15,3.252039270317561570e-01
1.650513685257508500e+15,3.252039270317561570e-01
1.650513685259392750e+15,3.252039270317561570e-01
1.650513685261276750e+15,3.252039270317561570e-01
1.650513685263160750e+15,3.252039270317561570e-01
1.650513685265044750e+15,3.252039270317561570e-01
1.650513685266929000e+15,3.252039270317561570e-01
1.650513685268813000e+15,3.252039270317561570e-01
1.650513685270697000e+15,3.252039270317561570e-01
1.650513685272581000e+15,3.252039270317561570e-01
1.650513685274465250e+15,3.252039270317561570e-01
1.650513685276349250e+15,3.252039270317561570e-01
1.650513685278233250e+15,3.252039270317561015e-01
1.650513685280117500e+15,3.252039270317561015e-01
1.650513685282001500e+15,3.252039270317561015e-01
1.650513685283885500e+15,3.252039270317560460e-01
1.650513685285769500e+15,3.252039270317560460e-01
1.650513685287653750e+15,3.252039270317560460e-01
1.650513685289537750e+15,3.252039270317559905e-01
1.650513685291421750e+15,3.252039270317559905e-01
1.650513685293305750e+15,3.252039270317559905e-01
1.650513685295190000e+15,3.252039270317559905e-01
1.650513685297074000e+15,3.252039270317559350e-01
1.650513685298958000e+15,3.252039270317559350e-01
1.650513685300842000e+15,3.252039270317559350e-01
1.650513685302726250e+15,3.252039270317559350e-01
1.650513685304610250e+15,3.252039270317559350e-01
1.650513685306494250e+15,3.252039270317559350e-01
1.650513685308378500e+15,3.252039270317559350e-01
1.650513685310262500e+15,3.252039270317559350e-01
1.650513685312146500e+15,3.252039270317559350e-01
1.650513685314030500e+15,3.252039270317559350e-01
1.650513685315914750e+15,3.252039270317559350e-01
1.650513685317798750e+15,3.252039270317559350e-01
1.650513685319682750e+15,3.252039270317558795e-01
1.650513685321566750e+15,3.252039270317559350e-01
1.650513685323451000e+15,3.252039270317559350e-01
1.650513685325335000e+15,3.252039270317559350e-01
1.650513685327219000e+15,3.252039270317559350e-01
1.650513685329103000e+15,3.252039270317559350e-01
1.650513685330987250e+15,3.252039270317559350e-01
1.650513685332871250e+15,3.252039270317559350e-01
1.650513685334755250e+15,3.252039270317559350e-01
1.650513685336639500e+15,3.252039270317559350e-01
1.650513685338523500e+15,3.252039270317559350e-01
1.650513685340407500e+15,3.252039270317559350e-01
1.650513685342291500e+15,3.252039270317559350e-01
1.650513685344175750e+15,3.252039270317559905e-01
1.650513685346059750e+15,3.252039270317559350e-01
1.650513685347943750e+15,3.252039270317559350e-01
1.650513685349827750e+15,3.252039270317559350e-01
1.650513685351712000e+15,3.252039270317559350e-01
1.650513685353596000e+15,3.252039270317559350e-01
1.650513685355480000e+15,3.252039270317559350e-01
1.650513685357364000e+15,3.252039270317559350e-01
1.650513685359248250e+15,3.252039270317559350e-01
1.650513685361132250e+15,3.252039270317559350e-01
1.650513685363016250e+15,3.252039270317559350e-01
1.650513685364900500e+15,3.252039270317559350e-01
1.650513685366784500e+15,3.252039270317559350e-01
1.650513685368668500e+15,3.252039270317559350e-01
1.650513685370552500e+15,3.252039270317559350e-01
1.650513685372436750e+15,3.252039270317559350e-01
1.650513685374320750e+15,3.252039270317559350e-01
1.650513685376204750e+15,3.252039270317559350e-01
1.650513685378088750e+15,3.252039270317559905e-01
1.650513685379973000e+15,3.252039270317559350e-01
1.650513685381857000e+15,3.252039270317559350e-01
1.650513685383741000e+15,3.252039270317559350e-01
1.650513685385625000e+15,3.252039270317559350e-01
1.650513685387509250e+15,3.252039270317559350e-01
1.650513685389393250e+15,3.252039270317559350e-01
1.650513685391277250e+15,3.252039270317559350e-01
1.650513685393161500e+15,3.252039270317559350e-01
1.650513685395045500e+15,3.252039270317559350e-01
1.650513685396929500e+15,3.252039270317559350e-01
1.650513685398813500e+15,3.252039270317559350e-01
1.650513685400697750e+15,3.252039270317559350e-01
1.650513685402581750e+15,3.252039270317559350e-01
1.650513685404465750e+15,3.252039270317559350e-01
1.650513685406349750e+15,3.252039270317559350e-01
1.650513685408234000e+15,3.252039270317559350e-01
1.650513685410118000e+15,3.252039270317559350e-01
1.650513685412002000e+15,3.252039270317559350e-01
1.650513685413886000e+15,3.252039270317558795e-01
1.650513685415770250e+15,3.252039270317559350e-01
1.650513685417654250e+15,3.252039270317559350e-01
1.650513685419538250e+15,3.252039270317559350e-01
1.650513685421422500e+15,3.252039270317558795e-01
1.650513685423306500e+15,3.252039270317558795e-01
1.650513685425190500e+15,3.252039270317559350e-01
1.650513685427074500e+15,3.252039270317559350e-01
1.650513685428958750e+15,3.252039270317559350e-01
1.650513685430842750e+15,3.252039270317559350e-01
1.650513685432726750e+15,3.252039270317559350e-01
1.650513685434610750e+15,3.252039270317559350e-01
1.650513685436495000e+15,3.252039270317559350e-01
1.650513685438379000e+15,3.252039270317559350e-01
1.650513685440263000e+15,3.252039270317559350e-01
1.650513685442147000e+15,3.252039270317559350e-01
1.650513685444031250e+15,3.252039270317559350e-01
1.650513685445915250e+15,3.252039270317559350e-01
1.650513685447799250e+15,3.252039270317559350e-01
1.650513685449683500e+15,3.252010408966893307e-01
1.650513685451567500e+15,3.244760437679652942e-01
1.650513685453451500e+15,3.237510466392412578e-01
1.650513685455335500e+15,3.230260495105171659e-01
1.650513685457219750e+15,3.223009561772909315e-01
1.650513685459103750e+15,3.215759590485668951e-01
1.650513685460987750e+15,3.208509619198428586e-01
1.650513685462871750e+15,3.201259647911188222e-01
1.650513685464756000e+15,3.194008714578925323e-01
1.650513685466640000e+15,3.190680038802140572e-01
1.650513685468524000e+15,3.190680038802140572e-01
1.650513685470408000e+15,3.190680038802140572e-01
1.650513685472292250e+15,3.190680038802140572e-01
1.650513685474176250e+15,3.190680038802140572e-01
1.650513685476060250e+15,3.190680038802140572e-01
1.650513685477944500e+15,3.190680038802140572e-01
1.650513685479828500e+15,3.190680038802140572e-01
1.650513685481712500e+15,3.190680038802140572e-01
1.650513685483596500e+15,3.190680038802140572e-01
1.650513685485480750e+15,3.190680038802140572e-01
1.650513685487364750e+15,3.190680038802140572e-01
1.650513685489248750e+15,3.190680038802140572e-01
1.650513685491132750e+15,3.190680038802140572e-01
1.650513685493017000e+15,3.190680038802140572e-01
1.650513685494901000e+15,3.190680038802140572e-01
1.650513685496785000e+15,3.190680038802140572e-01
1.650513685498669000e+15,3.190680038802140572e-01
1.650513685500553250e+15,3.190680038802140572e-01
1.650513685502437250e+15,3.190680038802141127e-01
1.650513685504321250e+15,3.190680038802140572e-01
1.650513685506205500e+15,3.190680038802140572e-01
1.650513685508089500e+15,3.190680038802140572e-01
1.650513685509973500e+15,3.190680038802140572e-01
1.650513685511857500e+15,3.190680038802141127e-01
1.650513685513741750e+15,3.190680038802140572e-01
1.650513685515625750e+15,3.188010510218662885e-01
1.650513685517509750e+15,3.177635282057195698e-01
1.650513685519393750e+15,3.167260053895727956e-01
1.650513685521278000e+15,3.156883448978931028e-01
1.650513685523162000e+15,3.146508220817462731e-01
1.650513685525046000e+15,3.136132992655994989e-01
1.650513685526930000e+15,3.133011716806091140e-01
1.650513685528814250e+15,3.143760706391713899e-01
1.650513685530698250e+15,3.154508269814461086e-01
1.650513685532582250e+15,3.165255833237209382e-01
1.650513685534466500e+15,3.176004822822831031e-01
1.650513685536350500e+15,3.186752386245578772e-01
1.650513685538234500e+15,3.190680038802140572e-01
1.650513685540118500e+15,3.190680038802140572e-01
1.650513685542002750e+15,3.190680038802140572e-01
1.650513685543886750e+15,3.190680038802140572e-01
1.650513685545770750e+15,3.190680038802140572e-01
1.650513685547654750e+15,3.190680038802140572e-01
1.650513685549539000e+15,3.190680038802140572e-01
1.650513685551423000e+15,3.190680038802140572e-01
1.650513685553307000e+15,3.190680038802140572e-01
1.650513685555191000e+15,3.190680038802140572e-01
1.650513685557075250e+15,3.190680038802140572e-01
1.650513685558959250e+15,3.190680038802140572e-01
1.650513685560843250e+15,3.190680038802140572e-01
1.650513685562727500e+15,3.190680038802140572e-01
1.650513685564611500e+15,3.190680038802140572e-01
1.650513685566495500e+15,3.190680038802140017e-01
1.650513685568379500e+15,3.190680038802140572e-01
1.650513685570263750e+15,3.190680038802140017e-01
1.650513685572147750e+15,3.190680038802138907e-01
1.650513685574031750e+15,3.190680038802138352e-01
1.650513685575915750e+15,3.190680038802137797e-01
1.650513685577800000e+15,3.190680038802136131e-01
1.650513685579684000e+15,3.190680038802136687e-01
1.650513685581568000e+15,3.190680038802136687e-01
1.650513685583452000e+15,3.190680038802137242e-01
1.650513685585336250e+15,3.190680038802137242e-01
1.650513685587220250e+15,3.190680038802137797e-01
1.650513685589104250e+15,3.190680038802138352e-01
1.650513685590988500e+15,3.190680038802138352e-01
1.650513685592872500e+15,3.190680038802138352e-01
1.650513685594756500e+15,3.190680038802139462e-01
1.650513685596640500e+15,3.190680038802139462e-01
1.650513685598524750e+15,3.190680038802140017e-01
1.650513685600408750e+15,3.190680038802140017e-01
1.650513685602292750e+15,3.190680038802140572e-01
1.650513685604176750e+15,3.190680038802141127e-01
1.650513685606061000e+15,3.190680038802140572e-01
1.650513685607945000e+15,3.190680038802140572e-01
1.650513685609829000e+15,3.190680038802140572e-01
1.650513685611713000e+15,3.190680038802140572e-01
1.650513685613597250e+15,3.190680038802140572e-01
1.650513685615481250e+15,3.190680038802141127e-01
1.650513685617365250e+15,3.185354696127576379e-01
1.650513685619249500e+15,3.174045282845472382e-01
1.650513685621133500e+15,3.162737370082577826e-01
1.650513685623017500e+15,3.151429457319682159e-01
1.650513685624901500e+15,3.140121544556787603e-01
1.650513685626785750e+15,3.129612854623051721e-01
1.650513685628669750e+15,3.136105092754865598e-01
1.650513685630553750e+15,3.142597330886679474e-01
1.650513685632437750e+15,3.149089569018492796e-01
1.650513685634322000e+15,3.155582668646873534e-01
1.650513685636206000e+15,3.162074906778687966e-01
1.650513685638090000e+15,3.168567144910501288e-01
1.650513685639974000e+15,3.175059383042315164e-01
1.650513685641858250e+15,3.181552482670696458e-01
1.650513685643742250e+15,3.188044720802509779e-01
1.650513685645626250e+15,3.195991432450525638e-01
1.650513685647510500e+15,3.204933128659568364e-01
1.650513685649394500e+15,3.213873638495224894e-01
1.650513685651278500e+15,3.222814148330881978e-01
1.650513685653162500e+15,3.231754658166538507e-01
1.650513685655046750e+15,3.240696354375580679e-01
1.650513685656930750e+15,3.249636864211237763e-01
1.650513685658814750e+15,3.246024921909730354e-01
1.650513685660698750e+15,3.237800619677583258e-01
1.650513685662583000e+15,3.229575226110213970e-01
1.650513685664467000e+15,3.221350923878065764e-01
1.650513685666351000e+15,3.213126621645918668e-01
1.650513685668235000e+15,3.204902319413771017e-01
1.650513685670119250e+15,3.196676925846401729e-01
1.650513685672003250e+15,3.196585083668356253e-01
1.650513685673887250e+15,3.218388326251354625e-01
1.650513685675771500e+15,3.240194462045947743e-01
1.650513685677655500e+15,3.261997704628946115e-01
1.650513685679539500e+15,3.283800947211944488e-01
1.650513685681423500e+15,3.305604189794943415e-01
1.650513685683307750e+15,3.313398501832973686e-01
1.650513685685191750e+15,3.313398501832973686e-01
1.650513685687075750e+15,3.313398501832973686e-01
1.650513685688959750e+15,3.313398501832973686e-01
1.650513685690844000e+15,3.313398501832973686e-01
1.650513685692728000e+15,3.313398501832973686e-01
1.650513685694612000e+15,3.313398501832974796e-01
1.650513685696496000e+15,3.313398501832975906e-01
1.650513685698380250e+15,3.313398501832977017e-01
1.650513685700264250e+15,3.313398501832978127e-01
1.650513685702148250e+15,3.313398501832979237e-01
1.650513685704032500e+15,3.313398501832980347e-01
1.650513685705916500e+15,3.313398501832981458e-01
1.650513685707800500e+15,3.313398501832982568e-01
1.650513685709684500e+15,3.313398501832983678e-01
1.650513685711568750e+15,3.313398501832984788e-01
1.650513685713452750e+15,3.313398501832985898e-01
1.650513685715336750e+15,3.314267338492354886e-01
1.650513685717220750e+15,3.323742813260802120e-01
1.650513685719105000e+15,3.333219545390551097e-01
1.650513685720989000e+15,3.342695020158998886e-01
1.650513685722873000e+15,3.352170494927445565e-01
1.650513685724757000e+15,3.361645969695892799e-01
1.650513685726641250e+15,3.371122701825642332e-01
1.650513685728525250e+15,3.374757733348410227e-01
1.650513685730409250e+15,3.374757733348410227e-01
1.650513685732293500e+15,3.374757733348410227e-01
1.650513685734177500e+15,3.374757733348409672e-01
1.650513685736061500e+15,3.374757733348410227e-01
1.650513685737945500e+15,3.374757733348410227e-01
1.650513685739829750e+15,3.374757733348410227e-01
1.650513685741713750e+15,3.374757733348409672e-01
1.650513685743597750e+15,3.374757733348410227e-01
1.650513685745481750e+15,3.374757733348409672e-01
1.650513685747366000e+15,3.374757733348410227e-01
1.650513685749250000e+15,3.369077963271286391e-01
1.650513685751134000e+15,3.358648443948381024e-01
1.650513685753018000e+15,3.348218924625475656e-01
1.650513685754902250e+15,3.337788021343000011e-01
1.650513685756786250e+15,3.327358502020094644e-01
1.650513685758670250e+15,3.316928982697189832e-01
1.650513685760554500e+15,3.316895086000661297e-01
1.650513685762438500e+15,3.322179935236058701e-01
1.650513685764322500e+15,3.327464784471456105e-01
1.650513685766206500e+15,3.332749633706852954e-01
1.650513685768090750e+15,3.338035184222669094e-01
1.650513685769974750e+15,3.343320033458067053e-01
1.650513685771858750e+15,3.348604882693463902e-01
1.650513685773742750e+15,3.353889731928861306e-01
1.650513685775627000e+15,3.359175282444678001e-01
1.650513685777511000e+15,3.364460131680075405e-01
1.650513685779395000e+15,3.369744980915472254e-01
1.650513685781279000e+15,3.374757733348409672e-01
1.650513685783163250e+15,3.374757733348410227e-01
1.650513685785047250e+15,3.374757733348410227e-01
1.650513685786931250e+15,3.374757733348410227e-01
1.650513685788815500e+15,3.374757733348410227e-01
1.650513685790699500e+15,3.374757733348409672e-01
1.650513685792583500e+15,3.374757733348410227e-01
1.650513685794467500e+15,3.374757733348410227e-01
1.650513685796351750e+15,3.374757733348410227e-01
1.650513685798235750e+15,3.374757733348410227e-01
1.650513685800119750e+15,3.374757733348410227e-01
1.650513685802003750e+15,3.374757733348410227e-01
1.650513685803888000e+15,3.374757733348410227e-01
1.650513685805772000e+15,3.374757733348410227e-01
1.650513685807656000e+15,3.374757733348410227e-01
1.650513685809540000e+15,3.374757733348410227e-01
1.650513685811424250e+15,3.374757733348410227e-01
1.650513685813308250e+15,3.374757733348410782e-01
1.650513685815192250e+15,3.374757733348410227e-01
1.650513685817076500e+15,3.374757733348410227e-01
1.650513685818960500e+15,3.374757733348410227e-01
1.650513685820844500e+15,3.374757733348410227e-01
1.650513685822728500e+15,3.374757733348410227e-01
1.650513685824612750e+15,3.374757733348409672e-01
1.650513685826496750e+15,3.374757733348410227e-01
1.650513685828380750e+15,3.374757733348410227e-01
1.650513685830264750e+15,3.374757733348410227e-01
1.650513685832149000e+15,3.374757733348410227e-01
1.650513685834033000e+15,3.374757733348410227e-01
1.650513685835917000e+15,3.374757733348410227e-01
1.650513685837801000e+15,3.376471960030024144e-01
1.650513685839685250e+15,3.388347076297786309e-01
1.650513685841569250e+15,3.400220616989555467e-01
1.650513685843453250e+15,3.412094157681323514e-01
1.650513685845337500e+15,3.423969273949086789e-01
1.650513685847221500e+15,3.435842814640854281e-01
1.650513685849105500e+15,3.436116964863833445e-01
1.650513685850989500e+15,3.436116964863833445e-01
1.650513685852873750e+15,3.436116964863833445e-01
1.650513685854757750e+15,3.436116964863833445e-01
1.650513685856641750e+15,3.436116964863832890e-01
1.650513685858525750e+15,3.431348607233892789e-01
1.650513685860410000e+15,3.420922407217395489e-01
1.650513685862294000e+15,3.410497590536445411e-01
1.650513685864178000e+15,3.400072773855494779e-01
1.650513685866062000e+15,3.389647957174545256e-01
1.650513685867946250e+15,3.379221757158047956e-01
1.650513685869830250e+15,3.377997891787135054e-01
1.650513685871714250e+15,3.383664597285912512e-01
1.650513685873598500e+15,3.389332054736056143e-01
1.650513685875482500e+15,3.394998760234833601e-01
1.650513685877366500e+15,3.400665465733611059e-01
1.650513685879250500e+15,3.406332171232387962e-01
1.650513685881134750e+15,3.411999628682532149e-01
1.650513685883018750e+15,3.417666334181309606e-01
1.650513685884902750e+15,3.423333039680086509e-01
1.650513685886786750e+15,3.428999745178863967e-01
1.650513685888671000e+15,3.434667202629008154e-01
1.650513685890555000e+15,3.441984616632786653e-01
1.650513685892439000e+15,3.449869535272379606e-01
1.650513685894323000e+15,3.457754453911972004e-01
1.650513685896207250e+15,3.465640418851808624e-01
1.650513685898091250e+15,3.473525337491401022e-01
1.650513685899975250e+15,3.481410256130993419e-01
1.650513685901859500e+15,3.489296221070830040e-01
1.650513685903743500e+15,3.497181139710422437e-01
1.650513685905627500e+15,3.487457742579564424e-01
1.650513685907511500e+15,3.477049820352584586e-01
1.650513685909395750e+15,3.466640517031890911e-01
1.650513685911279750e+15,3.456232594804911074e-01
1.650513685913163750e+15,3.445824672577931236e-01
1.650513685915047750e+15,3.436116964863833445e-01
1.650513685916932000e+15,3.436116964863834555e-01
1.650513685918816000e+15,3.436116964863835110e-01
1.650513685920700000e+15,3.436116964863836221e-01
1.650513685922584000e+15,3.436116964863836776e-01
1.650513685924468250e+15,3.436116964863837331e-01
1.650513685926352250e+15,3.436116964863837886e-01
1.650513685928236250e+15,3.436116964863837886e-01
1.650513685930120500e+15,3.436116964863838441e-01
1.650513685932004500e+15,3.436116964863837886e-01
1.650513685933888500e+15,3.436116964863837886e-01
1.650513685935772500e+15,3.436116964863837886e-01
1.650513685937656750e+15,3.436116964863837886e-01
1.650513685939540750e+15,3.436116964863837886e-01
1.650513685941424750e+15,3.436116964863837886e-01
1.650513685943308750e+15,3.436116964863837886e-01
1.650513685945193000e+15,3.436116964863837886e-01
1.650513685947077000e+15,3.435068264861396159e-01
1.650513685948961000e+15,3.429533948882122485e-01
1.650513685950845000e+15,3.423999632902848811e-01
1.650513685952729250e+15,3.418464582539820218e-01
1.650513685954613250e+15,3.412930266560546544e-01
1.650513685956497250e+15,3.407395950581272870e-01
1.650513685958381500e+15,3.401860900218244277e-01
1.650513685960265500e+15,3.396326584238970603e-01
1.650513685962149500e+15,3.390792268259696929e-01
1.650513685964033500e+15,3.385257952280423810e-01
1.650513685965917750e+15,3.379722901917395217e-01
1.650513685967801750e+15,3.375532673124573280e-01
1.650513685969685750e+15,3.383068087515751499e-01
1.650513685971569750e+15,3.390603501906930273e-01
1.650513685973454000e+15,3.398139916220399570e-01
1.650513685975338000e+15,3.405675330611578344e-01
1.650513685977222000e+15,3.413210745002756008e-01
1.650513685979106000e+15,3.420746159393934782e-01
1.650513685980990250e+15,3.428282573707405190e-01
1.650513685982874250e+15,3.435817988098582854e-01
1.650513685984758250e+15,3.436116964863837886e-01
1.650513685986642500e+15,3.436116964863837886e-01
1.650513685988526500e+15,3.436116964863837886e-01
1.650513685990410500e+15,3.436116964863838441e-01
1.650513685992294500e+15,3.436116964863837886e-01
1.650513685994178750e+15,3.436116964863837331e-01
1.650513685996062750e+15,3.436116964863837886e-01
1.650513685997946750e+15,3.436116964863837886e-01
1.650513685999830750e+15,3.436116964863837886e-01
1.650513686001715000e+15,3.436116964863837886e-01
1.650513686003599000e+15,3.436116964863837886e-01
1.650513686005483000e+15,3.436116964863837331e-01
1.650513686007367000e+15,3.436116964863837886e-01
1.650513686009251250e+15,3.436116964863837886e-01
1.650513686011135250e+15,3.436116964863837331e-01
1.650513686013019250e+15,3.437854804794482910e-01
1.650513686014903500e+15,3.449021130077748465e-01
1.650513686016787500e+15,3.460185973826547245e-01
1.650513686018671500e+15,3.471350817575345471e-01
1.650513686020555500e+15,3.482515661324143141e-01
1.650513686022439750e+15,3.493681986607409806e-01
1.650513686024323750e+15,3.497476196379261104e-01
1.650513686026207750e+15,3.497476196379261659e-01
1.650513686028091750e+15,3.497476196379262214e-01
1.650513686029976000e+15,3.497476196379262214e-01
1.650513686031860000e+15,3.497476196379263325e-01
1.650513686033744000e+15,3.497476196379263325e-01
1.650513686035628000e+15,3.497476196379263325e-01
1.650513686037512250e+15,3.497476196379263880e-01
1.650513686039396250e+15,3.497476196379264435e-01
1.650513686041280250e+15,3.497476196379264435e-01
1.650513686043164500e+15,3.497476196379264990e-01
1.650513686045048500e+15,3.496854604115336995e-01
1.650513686046932500e+15,3.489778593086685921e-01
1.650513686048816500e+15,3.482702582058034846e-01
1.650513686050700750e+15,3.475625632068261028e-01
1.650513686052584750e+15,3.468549621039609954e-01
1.650513686054468750e+15,3.461473610010959434e-01
1.650513686056352750e+15,3.454397598982308915e-01
1.650513686058237000e+15,3.447320648992533987e-01
1.650513686060121000e+15,3.440244637963884022e-01
1.650513686062005000e+15,3.436116964863837886e-01
1.650513686063889000e+15,3.436116964863837886e-01
1.650513686065773250e+15,3.436116964863837886e-01
1.650513686067657250e+15,3.436116964863837886e-01
1.650513686069541250e+15,3.436116964863838441e-01
1.650513686071425500e+15,3.434411434638484639e-01
1.650513686073309500e+15,3.428153948865232392e-01
1.650513686075193500e+15,3.421896463091980145e-01
1.650513686077077500e+15,3.415638977318727343e-01
1.650513686078961750e+15,3.409380661199697959e-01
1.650513686080845750e+15,3.403123175426445712e-01
1.650513686082729750e+15,3.396865689653193465e-01
1.650513686084613750e+15,3.390608203879940663e-01
1.650513686086498000e+15,3.384349887760911835e-01
1.650513686088382000e+15,3.378092401987659033e-01
1.650513686090266000e+15,3.374757733348409672e-01
1.650513686092150000e+15,3.374757733348409672e-01
1.650513686094034250e+15,3.374757733348410227e-01
1.650513686095918250e+15,3.374757733348410227e-01
1.650513686097802250e+15,3.374757733348410227e-01
1.650513686099686500e+15,3.375836956133662636e-01
1.650513686101570500e+15,3.390954099088424045e-01
1.650513686103454500e+15,3.406071242043186564e-01
1.650513686105338500e+15,3.421188384997948528e-01
1.650513686107222750e+15,3.436307533943017689e-01
1.650513686109106750e+15,3.451424676897779653e-01
1.650513686110990750e+15,3.466541819852542172e-01
1.650513686112874750e+15,3.481658962807304136e-01
1.650513686114759000e+15,3.496778111752373297e-01
1.650513686116643000e+15,3.484800884385562125e-01
1.650513686118527000e+15,3.471511909540745400e-01
1.650513686120411000e+15,3.458222934695928119e-01
1.650513686122295250e+15,3.444932196452112905e-01
1.650513686124179250e+15,3.436116964863837886e-01
1.650513686126063250e+15,3.436116964863837886e-01
1.650513686127947500e+15,3.436116964863837886e-01
1.650513686129831500e+15,3.436116964863837886e-01
1.650513686131715500e+15,3.436116964863837886e-01
1.650513686133599500e+15,3.436116964863837886e-01
1.650513686135483750e+15,3.436116964863837331e-01
1.650513686137367750e+15,3.436116964863837886e-01
1.650513686139251750e+15,3.436116964863837886e-01
1.650513686141135750e+15,3.436116964863837886e-01
1.650513686143020000e+15,3.436116964863837886e-01
1.650513686144904000e+15,3.436116964863837886e-01
1.650513686146788000e+15,3.436584216547509119e-01
1.650513686148672000e+15,3.448810635603569152e-01
1.650513686150556250e+15,3.461038677061308855e-01
1.650513686152440250e+15,3.473265096117368889e-01
1.650513686154324250e+15,3.485491515173428922e-01
1.650513686156208500e+15,3.497382328995344847e-01
1.650513686158092500e+15,3.492666431627619583e-01
1.650513686159976500e+15,3.487950534259893764e-01
1.650513686161860500e+15,3.483234636892168501e-01
1.650513686163744750e+15,3.478518113741883022e-01
1.650513686165628750e+15,3.473802216374157759e-01
1.650513686167512750e+15,3.469086319006432495e-01
1.650513686169396750e+15,3.464370421638706676e-01
1.650513686171281000e+15,3.459653898488421753e-01
1.650513686173165000e+15,3.454938001120695934e-01
1.650513686175049000e+15,3.450222103752970115e-01
1.650513686176933000e+15,3.445506206385244852e-01
1.650513686178817250e+15,3.440789683234959928e-01
1.650513686180701250e+15,3.436019403176706066e-01
1.650513686182585250e+15,3.425363970217443765e-01
1.650513686184469500e+15,3.414707123320686044e-01
1.650513686186353500e+15,3.404051690361423743e-01
1.650513686188237500e+15,3.393396257402160887e-01
1.650513686190121500e+15,3.382740824442898586e-01
1.650513686192005750e+15,3.376944343984549790e-01
1.650513686193889750e+15,3.385658409428169424e-01
1.650513686195773750e+15,3.394372474871787948e-01
1.650513686197657750e+15,3.403086540315406472e-01
1.650513686199542000e+15,3.411801762084057943e-01
1.650513686201426000e+15,3.420515827527677022e-01
1.650513686203310000e+15,3.429229892971295546e-01
1.650513686205194000e+15,3.437447858084890506e-01
1.650513686207078250e+15,3.443796555684305316e-01
1.650513686208962250e+15,3.450144410946238693e-01
1.650513686210846250e+15,3.456492266208172071e-01
1.650513686212730500e+15,3.462840963807586880e-01
1.650513686214614500e+15,3.469188819069519703e-01
1.650513686216498500e+15,3.475536674331453080e-01
1.650513686218382500e+15,3.481884529593386457e-01
1.650513686220266750e+15,3.488233227192801267e-01
1.650513686222150750e+15,3.494581082454734644e-01
1.650513686224034750e+15,3.494882224741664989e-01
1.650513686225918750e+15,3.490113215163485605e-01
1.650513686227803000e+15,3.485343572754947550e-01
1.650513686229687000e+15,3.480574563176768166e-01
1.650513686231571000e+15,3.475805553598588782e-01
1.650513686233455000e+15,3.471036544020408843e-01
1.650513686235339250e+15,3.466266901611870788e-01
1.650513686237223250e+15,3.461497892033691404e-01
1.650513686239107250e+15,3.456728882455512020e-01
1.650513686240991500e+15,3.451959240046974520e-01
1.650513686242875500e+15,3.447190230468794581e-01
1.650513686244759500e+15,3.442421220890615197e-01
1.650513686246643500e+15,3.437652211312435258e-01
1.650513686248527750e+15,3.429788117748171494e-01
1.650513686250411750e+15,3.420456442564522859e-01
1.650513686252295750e+15,3.411124767380874223e-01
1.650513686254179750e+15,3.401793092197225032e-01
1.650513686256064000e+15,3.392460178733960330e-01
1.650513686257948000e+15,3.383128503550312249e-01
1.650513686259832000e+15,3.374757733348419109e-01
1.650513686261716000e+15,3.374757733348419109e-01
1.650513686263600250e+15,3.374757733348419109e-01
1.650513686265484250e+15,3.374757733348419109e-01
1.650513686267368250e+15,3.374757733348419109e-01
1.650513686269252500e+15,3.374757733348419109e-01
1.650513686271136500e+15,3.374757733348419109e-01
1.650513686273020500e+15,3.379569656717759107e-01
1.650513686274904500e+15,3.385960677956980636e-01
1.650513686276788750e+15,3.392352547261653362e-01
1.650513686278672750e+15,3.398743568500874890e-01
1.650513686280556750e+15,3.405134589740096418e-01
1.650513686282440750e+15,3.411525610979317946e-01
1.650513686284325000e+15,3.417917480283990672e-01
1.650513686286209000e+15,3.424308501523212755e-01
1.650513686288093000e+15,3.430699522762434284e-01
1.650513686289977000e+15,3.434462657729505097e-01
1.650513686291861250e+15,3.423601583799686932e-01
1.650513686293745250e+15,3.412741950903956933e-01
1.650513686295629250e+15,3.401882318008227490e-01
1.650513686297513500e+15,3.391021244078408770e-01
1.650513686299397500e+15,3.380161611182679327e-01
1.650513686301281500e+15,3.377306513855280468e-01
1.650513686303165500e+15,3.382379839238192631e-01
1.650513686305049750e+15,3.387453837833072079e-01
1.650513686306933750e+15,3.392527163215984243e-01
1.650513686308817750e+15,3.397600488598896407e-01
1.650513686310701750e+15,3.402673813981809126e-01
1.650513686312586000e+15,3.407747812576688018e-01
1.650513686314470000e+15,3.412821137959600737e-01
1.650513686316354000e+15,3.417894463342512901e-01
1.650513686318238000e+15,3.422967788725425065e-01
1.650513686320122250e+15,3.428041787320304512e-01
1.650513686322006250e+15,3.433115112703216676e-01
1.650513686323890250e+15,3.438144655766970925e-01
1.650513686325774500e+15,3.443111411157595558e-01
1.650513686327658500e+15,3.448077507565150412e-01
1.650513686329542500e+15,3.453043603972705267e-01
1.650513686331426500e+15,3.458009700380260121e-01
1.650513686333310750e+15,3.462976455770884199e-01
1.650513686335194750e+15,3.467942552178439053e-01
1.650513686337078750e+15,3.472908648585993907e-01
1.650513686338962750e+15,3.477874744993549316e-01
1.650513686340847000e+15,3.482841500384173394e-01
1.650513686342731000e+15,3.487807596791728248e-01
1.650513686344615000e+15,3.492773693199283103e-01
1.650513686346499000e+15,3.497476196379261104e-01
1.650513686348383250e+15,3.497476196379260549e-01
1.650513686350267250e+15,3.497476196379259994e-01
1.650513686352151250e+15,3.497476196379258884e-01
1.650513686354035500e+15,3.497476196379258884e-01
1.650513686355919500e+15,3.497476196379257773e-01
1.650513686357803500e+15,3.497476196379257218e-01
1.650513686359687500e+15,3.497476196379256663e-01
1.650513686361571750e+15,3.492339536822783863e-01
1.650513686363455750e+15,3.486397884264444968e-01
1.650513686365339750e+15,3.480456231706106629e-01
1.650513686367223750e+15,3.474514579147767179e-01
1.650513686369108000e+15,3.468572138153579454e-01
1.650513686370992000e+15,3.462630485595240559e-01
1.650513686372876000e+15,3.456688833036901665e-01
1.650513686374760000e+15,3.450747180478562770e-01
1.650513686376644250e+15,3.444804739484374489e-01
1.650513686378528250e+15,3.438863086926036150e-01
1.650513686380412250e+15,3.440459208287015569e-01
1.650513686382296500e+15,3.448534088296997258e-01
1.650513686384180500e+15,3.456607896941712998e-01
1.650513686386064500e+15,3.464681705586429294e-01
1.650513686387948500e+15,3.472755514231145035e-01
1.650513686389832750e+15,3.480830394241126169e-01
1.650513686391716750e+15,3.488904202885842465e-01
1.650513686393600750e+15,3.496978011530558206e-01
1.650513686395484750e+15,3.497476196379257218e-01
1.650513686397369000e+15,3.497476196379258329e-01
1.650513686399253000e+15,3.497476196379259439e-01
1.650513686401137000e+15,3.497476196379260549e-01
1.650513686403021000e+15,3.497476196379261659e-01
1.650513686404905250e+15,3.497476196379262214e-01
1.650513686406789250e+15,3.497476196379263325e-01
1.650513686408673250e+15,3.497476196379263880e-01
1.650513686410557500e+15,3.497476196379264990e-01
1.650513686412441500e+15,3.499997519364722032e-01
1.650513686414325500e+15,3.505302011273824236e-01
1.650513686416209500e+15,3.510606503182925886e-01
1.650513686418093750e+15,3.515911698978958499e-01
1.650513686419977750e+15,3.521216190888060704e-01
1.650513686421861750e+15,3.526520682797161799e-01
1.650513686423745750e+15,3.531825174706264558e-01
1.650513686425630000e+15,3.537130370502297172e-01
1.650513686427514000e+15,3.542434862411398266e-01
1.650513686429398000e+15,3.547739354320499916e-01
1.650513686431282000e+15,3.553043846229602121e-01
1.650513686433166250e+15,3.558349042025634734e-01
1.650513686435050250e+15,3.558835427894688763e-01
1.650513686436934250e+15,3.558835427894688763e-01
1.650513686438818500e+15,3.558835427894688763e-01
1.650513686440702500e+15,3.558835427894688763e-01
1.650513686442586500e+15,3.558835427894688763e-01
1.650513686444470500e+15,3.558835427894689318e-01
1.650513686446354750e+15,3.554749901525529610e-01
1.650513686448238750e+15,3.550072926481023794e-01
1.650513686450122750e+15,3.545395951436517423e-01
1.650513686452006750e+15,3.540718976392011053e-01
1.650513686453891000e+15,3.536041380729797456e-01
1.650513686455775000e+15,3.531364405685291086e-01
1.650513686457659000e+15,3.526687430640785270e-01
1.650513686459543000e+15,3.522010455596279455e-01
1.650513686461427250e+15,3.517332859934065858e-01
1.650513686463311250e+15,3.512655884889559488e-01
1.650513686465195250e+15,3.507978909845053117e-01
1.650513686467079500e+15,3.503301314182839521e-01
1.650513686468963500e+15,3.498624339138333705e-01
1.650513686470847500e+15,3.489453555871613877e-01
1.650513686472731500e+15,3.478820664759116332e-01
1.650513686474615750e+15,3.468186362700346193e-01
1.650513686476499750e+15,3.457553471587848648e-01
1.650513686478383750e+15,3.446920580475351104e-01
1.650513686480267750e+15,3.436287689362853004e-01
1.650513686482152000e+15,3.446146059039059684e-01
1.650513686484036000e+15,3.456337436291555543e-01
1.650513686485920000e+15,3.466528813544050847e-01
1.650513686487804000e+15,3.476720190796546706e-01
1.650513686489688250e+15,3.486912920408019034e-01
1.650513686491572250e+15,3.497104297660515448e-01
1.650513686493456250e+15,3.492411751100832906e-01
1.650513686495340500e+15,3.487154799707984920e-01
1.650513686497224500e+15,3.481898545801058176e-01
1.650513686499108500e+15,3.476642291894131986e-01
1.650513686500992500e+15,3.471386037987204132e-01
1.650513686502876750e+15,3.466129086594356146e-01
1.650513686504760750e+15,3.460872832687429401e-01
1.650513686506644750e+15,3.455616578780502102e-01
1.650513686508528750e+15,3.450360324873575357e-01
1.650513686510413000e+15,3.445103373480726816e-01
1.650513686512297000e+15,3.439847119573800627e-01
1.650513686514181000e+15,3.439448991036673231e-01
1.650513686516065000e+15,3.450925293248034986e-01
1.650513686517949250e+15,3.462403118323277296e-01
1.650513686519833250e+15,3.473879420534639051e-01
1.650513686521717250e+15,3.485355722745999696e-01
1.650513686523601500e+15,3.496833547821242560e-01
1.650513686525485500e+15,3.492918777575740874e-01
1.650513686527369500e+15,3.488091014277555635e-01
1.650513686529253500e+15,3.483263250979369285e-01
1.650513686531137750e+15,3.478434847054419632e-01
1.650513686533021750e+15,3.473607083756233838e-01
1.650513686534905750e+15,3.468779320458047488e-01
1.650513686536789750e+15,3.463951557159862249e-01
1.650513686538674000e+15,3.459123153234912040e-01
1.650513686540558000e+15,3.454295389936726246e-01
1.650513686542442000e+15,3.449467626638540452e-01
1.650513686544326000e+15,3.444639863340354102e-01
1.650513686546210250e+15,3.439811459415404449e-01
1.650513686548094250e+15,3.436116964863833445e-01
1.650513686549978250e+15,3.436116964863833445e-01
1.650513686551862500e+15,3.436116964863833445e-01
1.650513686553746500e+15,3.436116964863833445e-01
1.650513686555630500e+15,3.436116964863833445e-01
1.650513686557514500e+15,3.436116964863833445e-01
1.650513686559398750e+15,3.436116964863833445e-01
1.650513686561282750e+15,3.436116964863833445e-01
1.650513686563166750e+15,3.436116964863833445e-01
1.650513686565050750e+15,3.436116964863833445e-01
1.650513686566935000e+15,3.436116964863832890e-01
1.650513686568819000e+15,3.436116964863833445e-01
1.650513686570703000e+15,3.436116964863832890e-01
1.650513686572587000e+15,3.436116964863833445e-01
1.650513686574471250e+15,3.436116964863833445e-01
1.650513686576355250e+15,3.436116964863833445e-01
1.650513686578239250e+15,3.436116964863833445e-01
1.650513686580123500e+15,3.436116964863833445e-01
1.650513686582007500e+15,3.436116964863833445e-01
1.650513686583891500e+15,3.436116964863833445e-01
1.650513686585775500e+15,3.436116964863833445e-01
1.650513686587659750e+15,3.436116964863833445e-01
1.650513686589543750e+15,3.436116964863833445e-01
1.650513686591427750e+15,3.427598673978623500e-01
1.650513686593311750e+15,3.412339857693636458e-01
1.650513686595196000e+15,3.397079016618802516e-01
1.650513686597080000e+15,3.381820200333814919e-01
1.650513686598964000e+15,3.366561384048827876e-01
1.650513686600848000e+15,3.351302567763840834e-01
1.650513686602732250e+15,3.336041726689006892e-01
1.650513686604616250e+15,3.320782910404019850e-01
1.650513686606500250e+15,3.305524094119032807e-01
1.650513686608384500e+15,3.290263253044198866e-01
1.650513686610268500e+15,3.275004436759211268e-01
1.650513686612152500e+15,3.259745620474224226e-01
1.650513686614036500e+15,3.252039270317555464e-01
1.650513686615920750e+15,3.252039270317555464e-01
1.650513686617804750e+15,3.252039270317554909e-01
1.650513686619688750e+15,3.252039270317554909e-01
1.650513686621572750e+15,3.252039270317555464e-01
1.650513686623457000e+15,3.252039270317555464e-01
1.650513686625341000e+15,3.252039270317555464e-01
1.650513686627225000e+15,3.252039270317554909e-01
1.650513686629109000e+15,3.252039270317554909e-01
1.650513686630993250e+15,3.252039270317554909e-01
1.650513686632877250e+15,3.252039270317554909e-01
1.650513686634761250e+15,3.252039270317554909e-01
1.650513686636645500e+15,3.251791359393821912e-01
1.650513686638529500e+15,3.242161170108994739e-01
1.650513686640413500e+15,3.232530980824168121e-01
1.650513686642297500e+15,3.222900791539341503e-01
1.650513686644181750e+15,3.213269324363156043e-01
1.650513686646065750e+15,3.203639135078329425e-01
1.650513686647949750e+15,3.194008945793502807e-01
1.650513686649833750e+15,3.194380111817375356e-01
1.650513686651718000e+15,3.200035648283791612e-01
1.650513686653602000e+15,3.205690434380502607e-01
1.650513686655486000e+15,3.211345220477213047e-01
1.650513686657370000e+15,3.217000006573924042e-01
1.650513686659254250e+15,3.222655543040339188e-01
1.650513686661138250e+15,3.228310329137050183e-01
1.650513686663022250e+15,3.233965115233761178e-01
1.650513686664906500e+15,3.239620651700176879e-01
1.650513686666790500e+15,3.245275437796887319e-01
1.650513686668674500e+15,3.250930223893597759e-01
1.650513686670558500e+15,3.252039270317554909e-01
1.650513686672442750e+15,3.252039270317554909e-01
1.650513686674326750e+15,3.252039270317554909e-01
1.650513686676210750e+15,3.252039270317554909e-01
1.650513686678094750e+15,3.252039270317554909e-01
1.650513686679979000e+15,3.252039270317554909e-01
1.650513686681863000e+15,3.252039270317554909e-01
1.650513686683747000e+15,3.252039270317554909e-01
1.650513686685631000e+15,3.252039270317554909e-01
1.650513686687515250e+15,3.252039270317554909e-01
1.650513686689399250e+15,3.252039270317554909e-01
1.650513686691283250e+15,3.252039270317554354e-01
1.650513686693167500e+15,3.249733968366164683e-01
1.650513686695051500e+15,3.244155048807501052e-01
1.650513686696935500e+15,3.238576129248838531e-01
1.650513686698819500e+15,3.232997209690174900e-01
1.650513686700703750e+15,3.227417549829023069e-01
1.650513686702587750e+15,3.221838630270359438e-01
1.650513686704471750e+15,3.216259710711696918e-01
1.650513686706355750e+15,3.210680791153033842e-01
1.650513686708240000e+15,3.205101131291882011e-01
1.650513686710124000e+15,3.199522211733218380e-01
1.650513686712008000e+15,3.193943292174555859e-01
1.650513686713892000e+15,3.194409184604966034e-01
1.650513686715776250e+15,3.203394661560196033e-01
1.650513686717660250e+15,3.212378946333263596e-01
1.650513686719544250e+15,3.221363231106331715e-01
1.650513686721428500e+15,3.230348708061561713e-01
1.650513686723312500e+15,3.239332992834629277e-01
1.650513686725196500e+15,3.248317277607697395e-01
1.650513686727080500e+15,3.244216960708355413e-01
1.650513686728964750e+15,3.230860198695539309e-01
1.650513686730848750e+15,3.217505208841673903e-01
1.650513686732732750e+15,3.204150218987808496e-01
1.650513686734616750e+15,3.190795229133943645e-01
1.650513686736501000e+15,3.166996786965753374e-01
1.650513686738385000e+15,3.143110680723920081e-01
1.650513686740269000e+15,3.119224574482086787e-01
1.650513686742153000e+15,3.095338468240252938e-01
1.650513686744037250e+15,3.071449192398334471e-01
1.650513686745921250e+15,3.047563086156501178e-01
1.650513686747805250e+15,3.023676979914667329e-01
1.650513686749689500e+15,3.010490418165622239e-01
1.650513686751573500e+15,3.024118569320948247e-01
1.650513686753457500e+15,3.037746720476274809e-01
1.650513686755341500e+15,3.051374871631601371e-01
1.650513686757225750e+15,3.065004831193397505e-01
1.650513686759109750e+15,3.078632982348724623e-01
1.650513686760993750e+15,3.092261133504050630e-01
1.650513686762877750e+15,3.105889284659377192e-01
1.650513686764762000e+15,3.119519244221173881e-01
1.650513686766646000e+15,3.124733606400380004e-01
1.650513686768530000e+15,3.108396580937539677e-01
1.650513686770414000e+15,3.092059555474699906e-01
1.650513686772298250e+15,3.075720362147545961e-01
1.650513686774182250e+15,3.059383336684705634e-01
1.650513686776066250e+15,3.043046311221865863e-01
1.650513686777950500e+15,3.026707117894712473e-01
1.650513686779834500e+15,3.010370092431872702e-01
1.650513686781718500e+15,3.006602344255862036e-01
1.650513686783602500e+15,3.006602344255862036e-01
1.650513686785486750e+15,3.006602344255862036e-01
1.650513686787370750e+15,3.006602344255862036e-01
1.650513686789254750e+15,3.006602344255862036e-01
1.650513686791138750e+15,3.006602344255862036e-01
1.650513686793023000e+15,3.005156364615537701e-01
1.650513686794907000e+15,2.998654632772170814e-01
1.650513686796791000e+15,2.992152900928803927e-01
1.650513686798675000e+15,2.985651169085436485e-01
1.650513686800559250e+15,2.979148574485721013e-01
1.650513686802443250e+15,2.972646842642353571e-01
1.650513686804327250e+15,2.966145110798987239e-01
1.650513686806211500e+15,2.959642516199271212e-01
1.650513686808095500e+15,2.953140784355904325e-01
1.650513686809979500e+15,2.946639052512537438e-01
1.650513686811863500e+15,2.945243112740434932e-01
1.650513686813747750e+15,2.945243112740434377e-01
1.650513686815631750e+15,2.945243112740434377e-01
1.650513686817515750e+15,2.945243112740434377e-01
1.650513686819399750e+15,2.945243112740434932e-01
1.650513686821284000e+15,2.945243112740434932e-01
1.650513686823168000e+15,2.945243112740434377e-01
1.650513686825052000e+15,2.945243112740434377e-01
1.650513686826936000e+15,2.945243112740434377e-01
1.650513686828820250e+15,2.945243112740434377e-01
1.650513686830704250e+15,2.945243112740434377e-01
1.650513686832588250e+15,2.945243112740434377e-01
1.650513686834472500e+15,2.944164162642015081e-01
1.650513686836356500e+15,2.927570350516117692e-01
1.650513686838240500e+15,2.910976538390220858e-01
1.650513686840124500e+15,2.894382726264323469e-01
1.650513686842008750e+15,2.877786712199450481e-01
1.650513686843892750e+15,2.861192900073553091e-01
1.650513686845776750e+15,2.844599087947656257e-01
1.650513686847660750e+15,2.828005275821758868e-01
1.650513686849545000e+15,2.830258131200890648e-01
1.650513686851429000e+15,2.841803201826582637e-01
1.650513686853313000e+15,2.853348272452274070e-01
1.650513686855197000e+15,2.864893343077965504e-01
1.650513686857081250e+15,2.876439945692858546e-01
1.650513686858965250e+15,2.879248519932339767e-01
1.650513686860849250e+15,2.866199553663565935e-01
1.650513686862733500e+15,2.853148855844066523e-01
1.650513686864617500e+15,2.840099889575292691e-01
1.650513686866501500e+15,2.827050923306519414e-01
1.650513686868385500e+15,2.828346419651723842e-01
1.650513686870269750e+15,2.837261226651719426e-01
1.650513686872153750e+15,2.846174850845957227e-01
1.650513686874037750e+15,2.855088475040194473e-01
1.650513686875921750e+15,2.864002099234431720e-01
1.650513686877806000e+15,2.872916906234427858e-01
1.650513686879690000e+15,2.881830530428665105e-01
1.650513686881574000e+15,2.883883881225002277e-01
1.650513686883458000e+15,2.883883881225003387e-01
1.650513686885342250e+15,2.883883881225003387e-01
1.650513686887226250e+15,2.883883881225003942e-01
1.650513686889110250e+15,2.883883881225004497e-01
1.650513686890994500e+15,2.883883881225004497e-01
1.650513686892878500e+15,2.883883881225005053e-01
1.650513686894762500e+15,2.883883881225005608e-01
1.650513686896646500e+15,2.883883881225006163e-01
1.650513686898530750e+15,2.883883881225006163e-01
1.650513686900414750e+15,2.883883881225006718e-01
1.650513686902298750e+15,2.883883881225006163e-01
1.650513686904182750e+15,2.883883881225004497e-01
1.650513686906067000e+15,2.883883881225003387e-01
1.650513686907951000e+15,2.883883881225001722e-01
1.650513686909835000e+15,2.883883881225000057e-01
1.650513686911719000e+15,2.883883881224998946e-01
1.650513686913603250e+15,2.883883881224998391e-01
1.650513686915487250e+15,2.883883881224998946e-01
1.650513686917371250e+15,2.883883881225000057e-01
1.650513686919255500e+15,2.883883881225001167e-01
1.650513686921139500e+15,2.883883881225002277e-01
1.650513686923023500e+15,2.883883881225002277e-01
1.650513686924907500e+15,2.883883881225002277e-01
1.650513686926791750e+15,2.883883881225002277e-01
1.650513686928675750e+15,2.883883881225002277e-01
1.650513686930559750e+15,2.883883881225002277e-01
1.650513686932443750e+15,2.883883881225002277e-01
1.650513686934328000e+15,2.883883881225002277e-01
1.650513686936212000e+15,2.883883881225002277e-01
1.650513686938096000e+15,2.883883881225002277e-01
1.650513686939980000e+15,2.883883881225002277e-01
1.650513686941864250e+15,2.883883881225002277e-01
1.650513686943748250e+15,2.883883881225002832e-01
1.650513686945632250e+15,2.882528347256284595e-01
1.650513686947516500e+15,2.872935239723680700e-01
1.650513686949400500e+15,2.863343404992925167e-01
1.650513686951284500e+15,2.853751570262169635e-01
1.650513686953168500e+15,2.844159735531414102e-01
1.650513686955052750e+15,2.834566627998810207e-01
1.650513686956936750e+15,2.824974793268054118e-01
1.650513686958820750e+15,2.822524649709574618e-01
1.650513686960704750e+15,2.822524649709574618e-01
1.650513686962589000e+15,2.822524649709574618e-01
1.650513686964473000e+15,2.822524649709574618e-01
1.650513686966357000e+15,2.822524649709574618e-01
1.650513686968241000e+15,2.822524649709574618e-01
1.650513686970125250e+15,2.822524649709574618e-01
1.650513686972009250e+15,2.822524649709574618e-01
1.650513686973893250e+15,2.822524649709574618e-01
1.650513686975777500e+15,2.822524649709574618e-01
1.650513686977661500e+15,2.822524649709574618e-01
1.650513686979545500e+15,2.821399272994915552e-01
1.650513686981429500e+15,2.811997012549608543e-01
1.650513686983313750e+15,2.802593504458277263e-01
1.650513686985197750e+15,2.793191244012969698e-01
1.650513686987081750e+15,2.783788983567662689e-01
1.650513686988965750e+15,2.774386723122356235e-01
1.650513686990850000e+15,2.764983215031023844e-01
1.650513686992734000e+15,2.761165418194155841e-01
1.650513686994618000e+15,2.761165418194155841e-01
1.650513686996502000e+15,2.761165418194155841e-01
1.650513686998386250e+15,2.761165418194155841e-01
1.650513687000270250e+15,2.761165418194155841e-01
1.650513687002154250e+15,2.761165418194155841e-01
1.650513687004038500e+15,2.761165418194155841e-01
1.650513687005922500e+15,2.761165418194155841e-01
1.650513687007806500e+15,2.761165418194155841e-01
1.650513687009690500e+15,2.761165418194155841e-01
1.650513687011574750e+15,2.761165418194155841e-01
1.650513687013458750e+15,2.761165418194156396e-01
1.650513687015342750e+15,2.761165418194156396e-01
1.650513687017226750e+15,2.761165418194156396e-01
1.650513687019111000e+15,2.761165418194155841e-01
1.650513687020995000e+15,2.761165418194155841e-01
1.650513687022879000e+15,2.761165418194155841e-01
1.650513687024763000e+15,2.761165418194156396e-01
1.650513687026647250e+15,2.761165418194155841e-01
1.650513687028531250e+15,2.761165418194155841e-01
1.650513687030415250e+15,2.761165418194155841e-01
1.650513687032299500e+15,2.761165418194155841e-01
1.650513687034183500e+15,2.761165418194155841e-01
1.650513687036067500e+15,2.761165418194155841e-01
1.650513687037951500e+15,2.761165418194155841e-01
1.650513687039835750e+15,2.761165418194155841e-01
1.650513687041719750e+15,2.761165418194155841e-01
1.650513687043603750e+15,2.761165418194155841e-01
1.650513687045487750e+15,2.761165418194155841e-01
1.650513687047372000e+15,2.761165418194155841e-01
1.650513687049256000e+15,2.761165418194155841e-01
1.650513687051140000e+15,2.761165418194155841e-01
1.650513687053024000e+15,2.761165418194155841e-01
1.650513687054908250e+15,2.761165418194155841e-01
1.650513687056792250e+15,2.761165418194155841e-01
1.650513687058676250e+15,2.761165418194155841e-01
1.650513687060560500e+15,2.761165418194155841e-01
1.650513687062444500e+15,2.761165418194155841e-01
1.650513687064328500e+15,2.761165418194155841e-01
1.650513687066212500e+15,2.761165418194155841e-01
1.650513687068096750e+15,2.761165418194155841e-01
1.650513687069980750e+15,2.761165418194155841e-01
1.650513687071864750e+15,2.761165418194155841e-01
1.650513687073748750e+15,2.761165418194155841e-01
1.650513687075633000e+15,2.761165418194155841e-01
1.650513687077517000e+15,2.761165418194155841e-01
1.650513687079401000e+15,2.761165418194155841e-01
1.650513687081285000e+15,2.761165418194156396e-01
1.650513687083169250e+15,2.761165418194156951e-01
1.650513687085053250e+15,2.761165418194158061e-01
1.650513687086937250e+15,2.761165418194158616e-01
1.650513687088821500e+15,2.761165418194159171e-01
1.650513687090705500e+15,2.761165418194159726e-01
1.650513687092589500e+15,2.761165418194159726e-01
1.650513687094473500e+15,2.761165418194158616e-01
1.650513687096357750e+15,2.761165418194156951e-01
1.650513687098241750e+15,2.761165418194155285e-01
1.650513687100125750e+15,2.761165418194153620e-01
1.650513687102009750e+15,2.761165418194152510e-01
1.650513687103894000e+15,2.761165418194151400e-01
1.650513687105778000e+15,2.761165418194151400e-01
1.650513687107662000e+15,2.761165418194151400e-01
1.650513687109546000e+15,2.761165418194151400e-01
1.650513687111430250e+15,2.761165418194151400e-01
1.650513687113314250e+15,2.761165418194151400e-01
1.650513687115198250e+15,2.761165418194151400e-01
1.650513687117082500e+15,2.761165418194151400e-01
1.650513687118966500e+15,2.761165418194150845e-01
1.650513687120850500e+15,2.761165418194151400e-01
1.650513687122734500e+15,2.761165418194151400e-01
1.650513687124618750e+15,2.761165418194151400e-01
1.650513687126502750e+15,2.761165418194151400e-01
1.650513687128386750e+15,2.761165418194151400e-01
1.650513687130270750e+15,2.761165418194151400e-01
1.650513687132155000e+15,2.761165418194150845e-01
1.650513687134039000e+15,2.761165418194151400e-01
1.650513687135923000e+15,2.761165418194151400e-01
1.650513687137807000e+15,2.761165418194151400e-01
1.650513687139691250e+15,2.761165418194151400e-01
1.650513687141575250e+15,2.761165418194151400e-01
1.650513687143459250e+15,2.761165418194151400e-01
1.650513687145343500e+15,2.753821053964485843e-01
1.650513687147227500e+15,2.744948478005082571e-01
1.650513687149111500e+15,2.736075902045679298e-01
1.650513687150995500e+15,2.727203326086276025e-01
1.650513687152879750e+15,2.718329572768066749e-01
1.650513687154763750e+15,2.709456996808664031e-01
1.650513687156647750e+15,2.700584420849260203e-01
1.650513687158531750e+15,2.699806186678724296e-01
1.650513687160416000e+15,2.699806186678725406e-01
1.650513687162300000e+15,2.699806186678726516e-01
1.650513687164184000e+15,2.699806186678727071e-01
1.650513687166068000e+15,2.699806186678728182e-01
1.650513687167952250e+15,2.699806186678728182e-01
1.650513687169836250e+15,2.699806186678728182e-01
1.650513687171720250e+15,2.699806186678728182e-01
1.650513687173604500e+15,2.699806186678728182e-01
1.650513687175488500e+15,2.699806186678728182e-01
1.650513687177372500e+15,2.699806186678728182e-01
1.650513687179256500e+15,2.699806186678728182e-01
1.650513687181140750e+15,2.699806186678728182e-01
1.650513687183024750e+15,2.699806186678728182e-01
1.650513687184908750e+15,2.699806186678727626e-01
1.650513687186792750e+15,2.699806186678727626e-01
1.650513687188677000e+15,2.699806186678728182e-01
1.650513687190561000e+15,2.699806186678727071e-01
1.650513687192445000e+15,2.699806186678726516e-01
1.650513687194329000e+15,2.699806186678725406e-01
1.650513687196213250e+15,2.699806186678724851e-01
1.650513687198097250e+15,2.699806186678724296e-01
1.650513687199981250e+15,2.699806186678723741e-01
1.650513687201865500e+15,2.699806186678723186e-01
1.650513687203749500e+15,2.699806186678723741e-01
1.650513687205633500e+15,2.699806186678723741e-01
1.650513687207517500e+15,2.699806186678723741e-01
1.650513687209401750e+15,2.699806186678723741e-01
1.650513687211285750e+15,2.699806186678723741e-01
1.650513687213169750e+15,2.699806186678723741e-01
1.650513687215053750e+15,2.699806186678723741e-01
1.650513687216938000e+15,2.699806186678723741e-01
1.650513687218822000e+15,2.699806186678723741e-01
1.650513687220706000e+15,2.699806186678723741e-01
1.650513687222590000e+15,2.699806186678723741e-01
1.650513687224474250e+15,2.699806186678723741e-01
1.650513687226358250e+15,2.699806186678723186e-01
1.650513687228242250e+15,2.699806186678724851e-01
1.650513687230126500e+15,2.699806186678724851e-01
1.650513687232010500e+15,2.699806186678725961e-01
1.650513687233894500e+15,2.699806186678726516e-01
1.650513687235778500e+15,2.699806186678727626e-01
1.650513687237662750e+15,2.699806186678727626e-01
1.650513687239546750e+15,2.699806186678727626e-01
1.650513687241430750e+15,2.699806186678727071e-01
1.650513687243314750e+15,2.699806186678727071e-01
1.650513687245199000e+15,2.699806186678725961e-01
1.650513687247083000e+15,2.699806186678725406e-01
1.650513687248967000e+15,2.699806186678724851e-01
1.650513687250851000e+15,2.699806186678724296e-01
1.650513687252735250e+15,2.699806186678723741e-01
1.650513687254619250e+15,2.699806186678724296e-01
1.650513687256503250e+15,2.699806186678724851e-01
1.650513687258387500e+15,2.699806186678725961e-01
1.650513687260271500e+15,2.699806186678726516e-01
1.650513687262155500e+15,2.699806186678727626e-01
1.650513687264039500e+15,2.699806186678727626e-01
1.650513687265923750e+15,2.699806186678727071e-01
1.650513687267807750e+15,2.699806186678727071e-01
1.650513687269691750e+15,2.699806186678727071e-01
1.650513687271575750e+15,2.699806186678725961e-01
1.650513687273460000e+15,2.699806186678725961e-01
1.650513687275344000e+15,2.699806186678725406e-01
1.650513687277228000e+15,2.699806186678724851e-01
1.650513687279112000e+15,2.699806186678724296e-01
1.650513687280996250e+15,2.699806186678723741e-01
1.650513687282880250e+15,2.699806186678723741e-01
1.650513687284764250e+15,2.699806186678723741e-01
1.650513687286648500e+15,2.699806186678723741e-01
1.650513687288532500e+15,2.699806186678723186e-01
1.650513687290416500e+15,2.699806186678723741e-01
1.650513687292300500e+15,2.699806186678723186e-01
1.650513687294184750e+15,2.699806186678723741e-01
1.650513687296068750e+15,2.699806186678723741e-01
1.650513687297952750e+15,2.696254690492280170e-01
1.650513687299836750e+15,2.689756978605648552e-01
1.650513687301721000e+15,2.683258404496102201e-01
1.650513687303605000e+15,2.676760692609470027e-01
1.650513687305489000e+15,2.670262980722838408e-01
1.650513687307373000e+15,2.663765268836206790e-01
1.650513687309257250e+15,2.657266694726659884e-01
1.650513687311141250e+15,2.650768982840028265e-01
1.650513687313025250e+15,2.644271270953396646e-01
1.650513687314909500e+15,2.637973918775375903e-01
1.650513687316793500e+15,2.633415348162376768e-01
1.650513687318677500e+15,2.628856777549377632e-01
1.650513687320561500e+15,2.624298206936378497e-01
1.650513687322445750e+15,2.619739031417511743e-01
1.650513687324329750e+15,2.615180460804512608e-01
1.650513687326213750e+15,2.610621890191513472e-01
1.650513687328097750e+15,2.606063319578513782e-01
1.650513687329982000e+15,2.601504144059647583e-01
1.650513687331866000e+15,2.596945573446648448e-01
1.650513687333750000e+15,2.592387002833648757e-01
1.650513687335634000e+15,2.587828432220650177e-01
1.650513687337518250e+15,2.583269256701783978e-01
1.650513687339402250e+15,2.578710686088784287e-01
1.650513687341286250e+15,2.564466872984811907e-01
1.650513687343170500e+15,2.544865935122144207e-01
1.650513687345054500e+15,2.525267597888090632e-01
1.650513687346938500e+15,2.505669260654037056e-01
1.650513687348822500e+15,2.486070923419983203e-01
1.650513687350706750e+15,2.466469985557315503e-01
1.650513687352590750e+15,2.458033883264912345e-01
1.650513687354474750e+15,2.467613000945974300e-01
1.650513687356358750e+15,2.477192118627036532e-01
1.650513687358243000e+15,2.486772507422440603e-01
1.650513687360127000e+15,2.496351625103502836e-01
1.650513687362011000e+15,2.505930742784565068e-01
1.650513687363895000e+15,2.515509860465626746e-01
1.650513687365779250e+15,2.515728492132445204e-01
1.650513687367663250e+15,2.515728492132445204e-01
1.650513687369547250e+15,2.515728492132445204e-01
1.650513687371431500e+15,2.515728492132445204e-01
1.650513687373315500e+15,2.515728492132445204e-01
1.650513687375199500e+15,2.515728492132445204e-01
1.650513687377083500e+15,2.511715953423029890e-01
1.650513687378967750e+15,2.501029556160534462e-01
1.650513687380851750e+15,2.490344576756240436e-01
1.650513687382735750e+15,2.479659597351946965e-01
1.650513687384619750e+15,2.468974617947652661e-01
1.650513687386504000e+15,2.458288220685157510e-01
1.650513687388388000e+15,2.458143704424277098e-01
1.650513687390272000e+15,2.464104351643780499e-01
1.650513687392156000e+15,2.470064998863284456e-01
1.650513687394040250e+15,2.476026437039160477e-01
1.650513687395924250e+15,2.481987084258663878e-01
1.650513687397808250e+15,2.487947731478167834e-01
1.650513687399692500e+15,2.493909169654043856e-01
1.650513687401576500e+15,2.499869816873547812e-01
1.650513687403460500e+15,2.505830464093051768e-01
1.650513687405344500e+15,2.511791111312555724e-01
1.650513687407228750e+15,2.512386824612057867e-01
1.650513687409112750e+15,2.502545946756004613e-01
1.650513687410996750e+15,2.492705068899951082e-01
1.650513687412880750e+15,2.482864191043897828e-01
1.650513687414765000e+15,2.473022007338872008e-01
1.650513687416649000e+15,2.463181129482819309e-01
1.650513687418533000e+15,2.453793323481109068e-01
1.650513687420417000e+15,2.448285376455424933e-01
1.650513687422301250e+15,2.442776698545050529e-01
1.650513687424185250e+15,2.437268751519366394e-01
1.650513687426069250e+15,2.431760804493682537e-01
1.650513687427953500e+15,2.426252126583308411e-01
1.650513687429837500e+15,2.420744179557623998e-01
1.650513687431721500e+15,2.415236232531940419e-01
1.650513687433605500e+15,2.409728285506255729e-01
1.650513687435489750e+15,2.404219607595881603e-01
1.650513687437373750e+15,2.398711660570197468e-01
1.650513687439257750e+15,2.393203713544513334e-01
1.650513687441141750e+15,2.401918279018707691e-01
1.650513687443026000e+15,2.411152425576987279e-01
1.650513687444910000e+15,2.420385346959924300e-01
1.650513687446794000e+15,2.429618268342861320e-01
1.650513687448678000e+15,2.438851189725798063e-01
1.650513687450562250e+15,2.448085336284077929e-01
1.650513687452446250e+15,2.457318257667014394e-01
1.650513687454330250e+15,2.466551179049951692e-01
1.650513687456214500e+15,2.475785325608231280e-01
1.650513687458098500e+15,2.485018246991168023e-01
1.650513687459982500e+15,2.494251168374104766e-01
1.650513687461866500e+15,2.503484089757042064e-01
1.650513687463750750e+15,2.512718236315321652e-01
1.650513687465634750e+15,2.515728492132449090e-01
1.650513687467518750e+15,2.515728492132447980e-01
1.650513687469402750e+15,2.515728492132446870e-01
1.650513687471287000e+15,2.515728492132446314e-01
1.650513687473171000e+15,2.515206874019584316e-01
1.650513687475055000e+15,2.506807484920183238e-01
1.650513687476939000e+15,2.498408095820782160e-01
1.650513687478823250e+15,2.490007592152764238e-01
1.650513687480707250e+15,2.481608203053362605e-01
1.650513687482591250e+15,2.473208813953961527e-01
1.650513687484475500e+15,2.464808310285943604e-01
1.650513687486359500e+15,2.456408921186542249e-01
1.650513687488243500e+15,2.445602339167027295e-01
1.650513687490127500e+15,2.434023734181545717e-01
1.650513687492011750e+15,2.422443592756973740e-01
1.650513687493895750e+15,2.410864987771492163e-01
1.650513687495779750e+15,2.399286382786010585e-01
1.650513687497663750e+15,2.398006506401266225e-01
1.650513687499548000e+15,2.408918835989083407e-01
1.650513687501432000e+15,2.419829717742273956e-01
1.650513687503316000e+15,2.430740599495463949e-01
1.650513687505200000e+15,2.441651481248653943e-01
1.650513687507084250e+15,2.452563810836471403e-01
1.650513687508968250e+15,2.447005543973244934e-01
1.650513687510852250e+15,2.438181729594566804e-01
1.650513687512736500e+15,2.429356744327569317e-01
1.650513687514620500e+15,2.420532929948891743e-01
1.650513687516504500e+15,2.411709115570213613e-01
1.650513687518388500e+15,2.402885301191536316e-01
1.650513687520272750e+15,2.394060315924538551e-01
1.650513687522156750e+15,2.383332087021610146e-01
1.650513687524040750e+15,2.372346551321233843e-01
1.650513687525924750e+15,2.361361015620858095e-01
1.650513687527809000e+15,2.350374022179544942e-01
1.650513687529693000e+15,2.339388486479168638e-01
1.650513687531577000e+15,2.333306824912180777e-01
1.650513687533461000e+15,2.338908181253641083e-01
1.650513687535345250e+15,2.344510280874870234e-01
1.650513687537229250e+15,2.350111637216330818e-01
1.650513687539113250e+15,2.355712993557791124e-01
1.650513687540997500e+15,2.361315093179020552e-01
1.650513687542881500e+15,2.366916449520480858e-01
1.650513687544765500e+15,2.372517805861941165e-01
1.650513687546649500e+15,2.378119162203401471e-01
1.650513687548533750e+15,2.383721261824631177e-01
1.650513687550417750e+15,2.389322618166091206e-01
1.650513687552301750e+15,2.393010029101598768e-01
1.650513687554185750e+15,2.393010029101599323e-01
1.650513687556070000e+15,2.393010029101599878e-01
1.650513687557954000e+15,2.393010029101600711e-01
1.650513687559838000e+15,2.393010029101601266e-01
1.650513687561722000e+15,2.393010029101602099e-01
1.650513687563606250e+15,2.393010029101602376e-01
1.650513687565490250e+15,2.393010029101603209e-01
1.650513687567374250e+15,2.371429763427965465e-01
1.650513687569258500e+15,2.343391414456717503e-01
1.650513687571142500e+15,2.315356785579534837e-01
1.650513687573026500e+15,2.287322156702353004e-01
1.650513687574910500e+15,2.272179758476630396e-01
1.650513687576794750e+15,2.276990882940153615e-01
1.650513687578678750e+15,2.281801369069530738e-01
1.650513687580562750e+15,2.286611855198907861e-01
1.650513687582446750e+15,2.291422341328284706e-01
1.650513687584331000e+15,2.296233465791808204e-01
1.650513687586215000e+15,2.301043951921185049e-01
1.650513687588099000e+15,2.305854438050562172e-01
1.650513687589983000e+15,2.310664924179938740e-01
1.650513687591867250e+15,2.315476048643462792e-01
1.650513687593751250e+15,2.320286534772839637e-01
1.650513687595635250e+15,2.325097020902217038e-01
1.650513687597519500e+15,2.329908145365739980e-01
1.650513687599403500e+15,2.325023404861815135e-01
1.650513687601287500e+15,2.314631388305264936e-01
1.650513687603171500e+15,2.304239371748715015e-01
1.650513687605055750e+15,2.293845976209076820e-01
1.650513687606939750e+15,2.283453959652526621e-01
1.650513687608823750e+15,2.273061943095976700e-01
1.650513687610707750e+15,2.262669926539426779e-01
1.650513687612592000e+15,2.252276530999788307e-01
1.650513687614476000e+15,2.241884514443238385e-01
1.650513687616360000e+15,2.231492497886688187e-01
1.650513687618244000e+15,2.221100481330138265e-01
1.650513687620128250e+15,2.210707085790499793e-01
1.650513687622012250e+15,2.208932334555325228e-01
1.650513687623896250e+15,2.208932334555326338e-01
1.650513687625780500e+15,2.208932334555327448e-01
1.650513687627664500e+15,2.208932334555328281e-01
1.650513687629548500e+15,2.208932334555328836e-01
1.650513687631432500e+15,2.214557345142997291e-01
1.650513687633316750e+15,2.222365025584848719e-01
1.650513687635200750e+15,2.230171670113147986e-01
1.650513687637084750e+15,2.237978314641447253e-01
1.650513687638968750e+15,2.245784959169746520e-01
1.650513687640853000e+15,2.253592639611598225e-01
1.650513687642737000e+15,2.261399284139897770e-01
1.650513687644621000e+15,2.269205928668197036e-01
1.650513687646505000e+15,2.265539397159039015e-01
1.650513687648389250e+15,2.260018882811384300e-01
1.650513687650273250e+15,2.254499100918863630e-01
1.650513687652157250e+15,2.248979319026342960e-01
1.650513687654041500e+15,2.243458804678687968e-01
1.650513687655925500e+15,2.237939022786167576e-01
1.650513687657809500e+15,2.232419240893646906e-01
1.650513687659693500e+15,2.226899459001126513e-01
1.650513687661577750e+15,2.221378944653471799e-01
1.650513687663461750e+15,2.215859162760951129e-01
1.650513687665345750e+15,2.210339380868430736e-01
1.650513687667229750e+15,2.216086239973914240e-01
1.650513687669114000e+15,2.225688908743259642e-01
1.650513687670998000e+15,2.235290303442183379e-01
1.650513687672882000e+15,2.244891698141106839e-01
1.650513687674766000e+15,2.254493092840030577e-01
1.650513687676650250e+15,2.264095761609375979e-01
1.650513687678534250e+15,2.262133327618658096e-01
1.650513687680418250e+15,2.239132772072486843e-01
1.650513687682302500e+15,2.216129164435611254e-01
1.650513687684186500e+15,2.193128608889439723e-01
1.650513687686070500e+15,2.170128053343268193e-01
1.650513687687954500e+15,2.147573103039897291e-01
1.650513687689838750e+15,2.147573103039897013e-01
1.650513687691722750e+15,2.147573103039897013e-01
1.650513687693606750e+15,2.147573103039897013e-01
1.650513687695490750e+15,2.147573103039897013e-01
1.650513687697375000e+15,2.147573103039897013e-01
1.650513687699259000e+15,2.147573103039897013e-01
1.650513687701143000e+15,2.147573103039897013e-01
1.650513687703027000e+15,2.147573103039897013e-01
1.650513687704911250e+15,2.147573103039897013e-01
1.650513687706795250e+15,2.149682440150532670e-01
1.650513687708679250e+15,2.166793273805810716e-01
1.650513687710563500e+15,2.183906378006955640e-01
1.650513687712447500e+15,2.201017211662233686e-01
1.650513687714331500e+15,2.218128045317511732e-01
1.650513687716215500e+15,2.235238878972789500e-01
1.650513687718099750e+15,2.252351983173934702e-01
1.650513687719983750e+15,2.269462816829212470e-01
1.650513687721867750e+15,2.262366367057828676e-01
1.650513687723751750e+15,2.254037779725332757e-01
1.650513687725636000e+15,2.245708087219358551e-01
1.650513687727520000e+15,2.237379499886863188e-01
1.650513687729404000e+15,2.229050912554367270e-01
1.650513687731288000e+15,2.220722325221871629e-01
1.650513687733172250e+15,2.212392632715897700e-01
1.650513687735056250e+15,2.208932334555329391e-01
1.650513687736940250e+15,2.208932334555329113e-01
1.650513687738824500e+15,2.208932334555329113e-01
1.650513687740708500e+15,2.208932334555329113e-01
1.650513687742592500e+15,2.208932334555329391e-01
1.650513687744476500e+15,2.208932334555329391e-01
1.650513687746360750e+15,2.208932334555329113e-01
1.650513687748244750e+15,2.208932334555328836e-01
1.650513687750128750e+15,2.208932334555329113e-01
1.650513687752012750e+15,2.208932334555329113e-01
1.650513687753897000e+15,2.208932334555328836e-01
1.650513687755781000e+15,2.208932334555329113e-01
1.650513687757665000e+15,2.208932334555329113e-01
1.650513687759549000e+15,2.208932334555329113e-01
1.650513687761433250e+15,2.208932334555329113e-01
1.650513687763317250e+15,2.203375698106168901e-01
1.650513687765201250e+15,2.196226165533030350e-01
1.650513687767085500e+15,2.189075684242725028e-01
1.650513687768969500e+15,2.181926151669586478e-01
1.650513687770853500e+15,2.174776619096448205e-01
1.650513687772737500e+15,2.167627086523309932e-01
1.650513687774621750e+15,2.160476605233004055e-01
1.650513687776505750e+15,2.153327072659865782e-01
1.650513687778389750e+15,2.147573103039897013e-01
1.650513687780273750e+15,2.147573103039897291e-01
1.650513687782158000e+15,2.147573103039897013e-01
1.650513687784042000e+15,2.147573103039897291e-01
1.650513687785926000e+15,2.147573103039897013e-01
1.650513687787810000e+15,2.147573103039897013e-01
1.650513687789694250e+15,2.147573103039897291e-01
1.650513687791578250e+15,2.147573103039897291e-01
1.650513687793462250e+15,2.147573103039897013e-01
1.650513687795346500e+15,2.147573103039897291e-01
1.650513687797230500e+15,2.147573103039897013e-01
1.650513687799114500e+15,2.147573103039897013e-01
1.650513687800998500e+15,2.147573103039897291e-01
1.650513687802882750e+15,2.147573103039897013e-01
1.650513687804766750e+15,2.147573103039897013e-01
1.650513687806650750e+15,2.147573103039897013e-01
1.650513687808534750e+15,2.147573103039897013e-01
1.650513687810419000e+15,2.147573103039897013e-01
1.650513687812303000e+15,2.147573103039897013e-01
1.650513687814187000e+15,2.147573103039897846e-01
1.650513687816071000e+15,2.147573103039898124e-01
1.650513687817955250e+15,2.147573103039898679e-01
1.650513687819839250e+15,2.147573103039899234e-01
1.650513687821723250e+15,2.147573103039899511e-01
1.650513687823607500e+15,2.147573103039900067e-01
1.650513687825491500e+15,2.147573103039900622e-01
1.650513687827375500e+15,2.147573103039900899e-01
1.650513687829259500e+15,2.147573103039901732e-01
1.650513687831143750e+15,2.140857920835602390e-01
1.650513687833027750e+15,2.133939860262588084e-01
1.650513687834911750e+15,2.127021799689574055e-01
1.650513687836795750e+15,2.120103739116560027e-01
1.650513687838680000e+15,2.113184760541877427e-01
1.650513687840564000e+15,2.106266699968862843e-01
1.650513687842448000e+15,2.099348639395849092e-01
1.650513687844332000e+15,2.092430578822834786e-01
1.650513687846216250e+15,2.086213871524473795e-01
1.650513687848100250e+15,2.086213871524473240e-01
1.650513687849984250e+15,2.086213871524472963e-01
1.650513687851868500e+15,2.086213871524472130e-01
1.650513687853752500e+15,2.086213871524471852e-01
1.650513687855636500e+15,2.086213871524471575e-01
1.650513687857520500e+15,2.086213871524470742e-01
1.650513687859404750e+15,2.086213871524470742e-01
1.650513687861288750e+15,2.086213871524469909e-01
1.650513687863172750e+15,2.086213871524469632e-01
1.650513687865056750e+15,2.086213871524469354e-01
1.650513687866941000e+15,2.086213871524469077e-01
1.650513687868825000e+15,2.086213871524469077e-01
1.650513687870709000e+15,2.086213871524469354e-01
1.650513687872593000e+15,2.086213871524468799e-01
1.650513687874477250e+15,2.086213871524469354e-01
1.650513687876361250e+15,2.086213871524469077e-01
1.650513687878245250e+15,2.086213871524468799e-01
1.650513687880129500e+15,2.086213871524468522e-01
1.650513687882013500e+15,2.086213871524467689e-01
1.650513687883897500e+15,2.086213871524467134e-01
1.650513687885781500e+15,2.086213871524466301e-01
1.650513687887665750e+15,2.086213871524465746e-01
1.650513687889549750e+15,2.086213871524464913e-01
1.650513687891433750e+15,2.086213871524464913e-01
1.650513687893317750e+15,2.086213871524464636e-01
1.650513687895202000e+15,2.086213871524464913e-01
1.650513687897086000e+15,2.086213871524464913e-01
1.650513687898970000e+15,2.086213871524464913e-01
1.650513687900854000e+15,2.086213871524464913e-01
1.650513687902738250e+15,2.086213871524464913e-01
1.650513687904622250e+15,2.086213871524464913e-01
1.650513687906506250e+15,2.086213871524464913e-01
1.650513687908390500e+15,2.086213871524464913e-01
1.650513687910274500e+15,2.086213871524464913e-01
1.650513687912158500e+15,2.086213871524464913e-01
1.650513687914042500e+15,2.086213871524464913e-01
1.650513687915926750e+15,2.086213871524464913e-01
1.650513687917810750e+15,2.086213871524464913e-01
1.650513687919694750e+15,2.086213871524464913e-01
1.650513687921578750e+15,2.086213871524464913e-01
1.650513687923463000e+15,2.086213871524464913e-01
1.650513687925347000e+15,2.086213871524464913e-01
1.650513687927231000e+15,2.086213871524464913e-01
1.650513687929115000e+15,2.086213871524464913e-01
1.650513687930999250e+15,2.086213871524464913e-01
1.650513687932883250e+15,2.086213871524464913e-01
1.650513687934767250e+15,2.086213871524464913e-01
1.650513687936651500e+15,2.086213871524464913e-01
1.650513687938535500e+15,2.086213871524464913e-01
1.650513687940419500e+15,2.086213871524464913e-01
1.650513687942303500e+15,2.086213871524464913e-01
1.650513687944187750e+15,2.086213871524464913e-01
1.650513687946071750e+15,2.086213871524464913e-01
1.650513687947955750e+15,2.086213871524464913e-01
1.650513687949839750e+15,2.086213871524464913e-01
1.650513687951724000e+15,2.086213871524464913e-01
1.650513687953608000e+15,2.086213871524464913e-01
1.650513687955492000e+15,2.086213871524464913e-01
1.650513687957376000e+15,2.086213871524464913e-01
1.650513687959260250e+15,2.086213871524464913e-01
1.650513687961144250e+15,2.086213871524464913e-01
1.650513687963028250e+15,2.086213871524464913e-01
1.650513687964912500e+15,2.086213871524464913e-01
1.650513687966796500e+15,2.086213871524464913e-01
1.650513687968680500e+15,2.086213871524464913e-01
1.650513687970564500e+15,2.086213871524464913e-01
1.650513687972448750e+15,2.086213871524464913e-01
1.650513687974332750e+15,2.086213871524464913e-01
1.650513687976216750e+15,2.086213871524464913e-01
1.650513687978100750e+15,2.086213871524464636e-01
1.650513687979985000e+15,2.086213871524464636e-01
1.650513687981869000e+15,2.086213871524464913e-01
1.650513687983753000e+15,2.086213871524464636e-01
1.650513687985637000e+15,2.086213871524464913e-01
1.650513687987521250e+15,2.086213871524464913e-01
1.650513687989405250e+15,2.087858763189411049e-01
1.650513687991289250e+15,2.092654083725980219e-01
1.650513687993173500e+15,2.097450040584277198e-01
1.650513687995057500e+15,2.102245361120847200e-01
1.650513687996941500e+15,2.107040681657416370e-01
1.650513687998825500e+15,2.111836002193986095e-01
1.650513688000709750e+15,2.116631959052283074e-01
1.650513688002593750e+15,2.121427279588852244e-01
1.650513688004477750e+15,2.126222600125421969e-01
1.650513688006361750e+15,2.131017920661991694e-01
1.650513688008246000e+15,2.135813877520288395e-01
1.650513688010130000e+15,2.140609198056857843e-01
1.650513688012014000e+15,2.145404518593427567e-01
1.650513688013898000e+15,2.140261009861618713e-01
1.650513688015782250e+15,2.126910417253886076e-01
1.650513688017666250e+15,2.113561595986555575e-01
1.650513688019550250e+15,2.100212774719225350e-01
1.650513688021434500e+15,2.086862182111492714e-01
1.650513688023318500e+15,2.076837364918208417e-01
1.650513688025202500e+15,2.066982224920335676e-01
1.650513688027086500e+15,2.057127084922462656e-01
1.650513688028970750e+15,2.047270637183082609e-01
1.650513688030854750e+15,2.037415497185209590e-01
1.650513688032738750e+15,2.027560357187336848e-01
1.650513688034622750e+15,2.024854640009045581e-01
1.650513688036507000e+15,2.024854640009045026e-01
1.650513688038391000e+15,2.024854640009044471e-01
1.650513688040275000e+15,2.024854640009043916e-01
1.650513688042159000e+15,2.024854640009043361e-01
1.650513688044043250e+15,2.024854640009042528e-01
1.650513688045927250e+15,2.024854640009042250e-01
1.650513688047811250e+15,2.023683008203240319e-01
1.650513688049695500e+15,2.017288664307276547e-01
1.650513688051579500e+15,2.010895168805089672e-01
1.650513688053463500e+15,2.004501673302902798e-01
1.650513688055347500e+15,1.998108177800715923e-01
1.650513688057231750e+15,1.991713833904752429e-01
1.650513688059115750e+15,1.985320338402565277e-01
1.650513688060999750e+15,1.978926842900378680e-01
1.650513688062883750e+15,1.972533347398191528e-01
1.650513688064768000e+15,1.966139003502228033e-01
1.650513688066652000e+15,1.966748080636804563e-01
1.650513688068536000e+15,1.972293813051054501e-01
1.650513688070420000e+15,1.977839545465304716e-01
1.650513688072304250e+15,1.983386013778229429e-01
1.650513688074188250e+15,1.988931746192479366e-01
1.650513688076072250e+15,1.994477478606729304e-01
1.650513688077956500e+15,2.000023946919654572e-01
1.650513688079840500e+15,2.005569679333904509e-01
1.650513688081724500e+15,2.011115411748154447e-01
1.650513688083608500e+15,2.016661144162404107e-01
1.650513688085492750e+15,2.022207612475329097e-01
1.650513688087376750e+15,2.022466170436948429e-01
1.650513688089260750e+15,2.017896607934969444e-01
1.650513688091144750e+15,2.013327045432990181e-01
1.650513688093029000e+15,2.008756876566560046e-01
1.650513688094913000e+15,2.004187314064581338e-01
1.650513688096797000e+15,1.999617751562602352e-01
1.650513688098681000e+15,1.995048189060623089e-01
1.650513688100565250e+15,1.990478020194192954e-01
1.650513688102449250e+15,1.985908457692214246e-01
1.650513688104333250e+15,1.981338895190234983e-01
1.650513688106217500e+15,1.976768726323805125e-01
1.650513688108101500e+15,1.972199163821826140e-01
1.650513688109985500e+15,1.967629601319847155e-01
1.650513688111869500e+15,1.963495408493614036e-01
1.650513688113753750e+15,1.963495408493615146e-01
1.650513688115637750e+15,1.963495408493616534e-01
1.650513688117521750e+15,1.963495408493617644e-01
1.650513688119405750e+15,1.963495408493618199e-01
1.650513688121290000e+15,1.963495408493618199e-01
1.650513688123174000e+15,1.963495408493617644e-01
1.650513688125058000e+15,1.963495408493617367e-01
1.650513688126942000e+15,1.963495408493617089e-01
1.650513688128826250e+15,1.963495408493616812e-01
1.650513688130710250e+15,1.963495408493616257e-01
1.650513688132594250e+15,1.963495408493615979e-01
1.650513688134478500e+15,1.963495408493615701e-01
1.650513688136362500e+15,1.963495408493615424e-01
1.650513688138246500e+15,1.963495408493615146e-01
1.650513688140130500e+15,1.963495408493614591e-01
1.650513688142014750e+15,1.963495408493614314e-01
1.650513688143898750e+15,1.963495408493614036e-01
1.650513688145782750e+15,1.947034711533298657e-01
1.650513688147666750e+15,1.928052643852666281e-01
1.650513688149551000e+15,1.909068057320165157e-01
1.650513688151435000e+15,1.890085989639532227e-01
1.650513688153319000e+15,1.871103921958899852e-01
1.650513688155203000e+15,1.852121854278266921e-01
1.650513688157087250e+15,1.840776945462772318e-01
1.650513688158971250e+15,1.840776945462773428e-01
1.650513688160855250e+15,1.840776945462774261e-01
1.650513688162739500e+15,1.840776945462775371e-01
1.650513688164623500e+15,1.841978968078094858e-01
1.650513688166507500e+15,1.851166029365152732e-01
1.650513688168391500e+15,1.860353090652210606e-01
1.650513688170275750e+15,1.869541371029141974e-01
1.650513688172159750e+15,1.878728432316200125e-01
1.650513688174043750e+15,1.887915493603257722e-01
1.650513688175927750e+15,1.897102554890315596e-01
1.650513688177812000e+15,1.897423894190099491e-01
1.650513688179696000e+15,1.887003775912197145e-01
1.650513688181580000e+15,1.876583657634294522e-01
1.650513688183464000e+15,1.866163539356392176e-01
1.650513688185348250e+15,1.855742038366404167e-01
1.650513688187232250e+15,1.845321920088501544e-01
1.650513688189116250e+15,1.840776945462776204e-01
1.650513688191000500e+15,1.840776945462775926e-01
1.650513688192884500e+15,1.840776945462775371e-01
1.650513688194768500e+15,1.840776945462775094e-01
1.650513688196652500e+15,1.840776945462774816e-01
1.650513688198536750e+15,1.840776945462774261e-01
1.650513688200420750e+15,1.840776945462774261e-01
1.650513688202304750e+15,1.840776945462773706e-01
1.650513688204188750e+15,1.840776945462773151e-01
1.650513688206073000e+15,1.840776945462772873e-01
1.650513688207957000e+15,1.840776945462772596e-01
1.650513688209841000e+15,1.840776945462772318e-01
1.650513688211725000e+15,1.848233622309852497e-01
1.650513688213609250e+15,1.860050479626177700e-01
1.650513688215493250e+15,1.871865769096235921e-01
1.650513688217377250e+15,1.883681058566294142e-01
1.650513688219261500e+15,1.895497915882619622e-01
1.650513688221145500e+15,1.897956965293704501e-01
1.650513688223029500e+15,1.888418946137347398e-01
1.650513688224913500e+15,1.878880926980990851e-01
1.650513688226797750e+15,1.869341642163917794e-01
1.650513688228681750e+15,1.859803623007560969e-01
1.650513688230565750e+15,1.850265603851204421e-01
1.650513688232449750e+15,1.840727584694847319e-01
1.650513688234334000e+15,1.831188299877774539e-01
1.650513688236218000e+15,1.821650280721417436e-01
1.650513688238102000e+15,1.812112261565060889e-01
1.650513688239986000e+15,1.802574242408703786e-01
1.650513688241870250e+15,1.793034957591631007e-01
1.650513688243754250e+15,1.783496938435274182e-01
1.650513688245638250e+15,1.779417713947357427e-01
1.650513688247522500e+15,1.779417713947357704e-01
1.650513688249406500e+15,1.779417713947357427e-01
1.650513688251290500e+15,1.779417713947357704e-01
1.650513688253174500e+15,1.779417713947357704e-01
1.650513688255058750e+15,1.779417713947357704e-01
1.650513688256942750e+15,1.773128701365071502e-01
1.650513688258826750e+15,1.754520927976729316e-01
1.650513688260710750e+15,1.735913154588386575e-01
1.650513688262595000e+15,1.717302912015677141e-01
1.650513688264479000e+15,1.698695138627334400e-01
1.650513688266363000e+15,1.680087365238991937e-01
1.650513688268247000e+15,1.661479591850649473e-01
1.650513688270131250e+15,1.665674781230355450e-01
1.650513688272015250e+15,1.677751124105788250e-01
1.650513688273899250e+15,1.689827466981220772e-01
1.650513688275783500e+15,1.701905412343765467e-01
1.650513688277667500e+15,1.713981755219197711e-01
1.650513688279551500e+15,1.726058098094630511e-01
1.650513688281435500e+15,1.738134440970063033e-01
1.650513688283319750e+15,1.750212386332607450e-01
1.650513688285203750e+15,1.762288729208039972e-01
1.650513688287087750e+15,1.774365072083472494e-01
1.650513688288971750e+15,1.782497480239924048e-01
1.650513688290856000e+15,1.787793441578521547e-01
1.650513688292740000e+15,1.793088700255404955e-01
1.650513688294624000e+15,1.798383958932288085e-01
1.650513688296508000e+15,1.803679217609171492e-01
1.650513688298392250e+15,1.808975178947768714e-01
1.650513688300276250e+15,1.814270437624652121e-01
1.650513688302160250e+15,1.819565696301535529e-01
1.650513688304044500e+15,1.824861657640132750e-01
1.650513688305928500e+15,1.830156916317016436e-01
1.650513688307812500e+15,1.835452174993899843e-01
1.650513688309696500e+15,1.840747433670782973e-01
1.650513688311580750e+15,1.825410484616470097e-01
1.650513688313464750e+15,1.809959964411302080e-01
1.650513688315348750e+15,1.794509444206134341e-01
1.650513688317232750e+15,1.779058924000966602e-01
1.650513688319117000e+15,1.763606353567533647e-01
1.650513688321001000e+15,1.748155833362365907e-01
1.650513688322885000e+15,1.732705313157197891e-01
1.650513688324769000e+15,1.717254792952030151e-01
1.650513688326653250e+15,1.701802222518597196e-01
1.650513688328537250e+15,1.686351702313429457e-01
1.650513688330421250e+15,1.670901182108261440e-01
1.650513688332305500e+15,1.656699250916489063e-01
1.650513688334189500e+15,1.656699250916487398e-01
1.650513688336073500e+15,1.656699250916486010e-01
1.650513688337957500e+15,1.656699250916484623e-01
1.650513688339841750e+15,1.656699250916483512e-01
1.650513688341725750e+15,1.656699250916482125e-01
1.650513688343609750e+15,1.656699250916480737e-01
1.650513688345493750e+15,1.651448041116752863e-01
1.650513688347378000e+15,1.642137674553462712e-01
1.650513688349262000e+15,1.632828543278292965e-01
1.650513688351146000e+15,1.623519412003123219e-01
1.650513688353030000e+15,1.614210280727953473e-01
1.650513688354914250e+15,1.604899914164663322e-01
1.650513688356798250e+15,1.595590782889493853e-01
1.650513688358682250e+15,1.595340019401058629e-01
1.650513688360566500e+15,1.595340019401060294e-01
1.650513688362450500e+15,1.595340019401062515e-01
1.650513688364334500e+15,1.595340019401064180e-01
1.650513688366218500e+15,1.595340019401065845e-01
1.650513688368102750e+15,1.595340019401065845e-01
1.650513688369986750e+15,1.595340019401065845e-01
1.650513688371870750e+15,1.595340019401065845e-01
1.650513688373754750e+15,1.595340019401065845e-01
1.650513688375639000e+15,1.595340019401065845e-01
1.650513688377523000e+15,1.595340019401065845e-01
1.650513688379407000e+15,1.595340019401065845e-01
1.650513688381291000e+15,1.595340019401065845e-01
1.650513688383175250e+15,1.595340019401065845e-01
1.650513688385059250e+15,1.595340019401065845e-01
1.650513688386943250e+15,1.595340019401065845e-01
1.650513688388827500e+15,1.595340019401065845e-01
1.650513688390711500e+15,1.595340019401065845e-01
1.650513688392595500e+15,1.595340019401065845e-01
1.650513688394479500e+15,1.595340019401065845e-01
1.650513688396363750e+15,1.595340019401065845e-01
1.650513688398247750e+15,1.595340019401065845e-01
1.650513688400131750e+15,1.594464039996022764e-01
1.650513688402015750e+15,1.588787874220954355e-01
1.650513688403900000e+15,1.583110955239175333e-01
1.650513688405784000e+15,1.577434789464106923e-01
1.650513688407668000e+15,1.571758623689038514e-01
1.650513688409552000e+15,1.566082457913970383e-01
1.650513688411436250e+15,1.560405538932190805e-01
1.650513688413320250e+15,1.554729373157122396e-01
1.650513688415204250e+15,1.549053207382054265e-01
1.650513688417088500e+15,1.543376288400274965e-01
1.650513688418972500e+15,1.537700122625206556e-01
1.650513688420856500e+15,1.539181129879422238e-01
1.650513688422740500e+15,1.554265724669667004e-01
1.650513688424624750e+15,1.569352321131194938e-01
1.650513688426508750e+15,1.584436915921439704e-01
1.650513688428392750e+15,1.599521510711684469e-01
1.650513688430276750e+15,1.614606105501929234e-01
1.650513688432161000e+15,1.629692701963457169e-01
1.650513688434045000e+15,1.644777296753701656e-01
1.650513688435929000e+15,1.655459702179785386e-01
1.650513688437813000e+15,1.649547525420461680e-01
1.650513688439697250e+15,1.643634564136620957e-01
1.650513688441581250e+15,1.637722387377297251e-01
1.650513688443465250e+15,1.631810210617973544e-01
1.650513688445349500e+15,1.625897249334132821e-01
1.650513688447233500e+15,1.619985072574808838e-01
1.650513688449117500e+15,1.614072895815485409e-01
1.650513688451001500e+15,1.608160719056161425e-01
1.650513688452885750e+15,1.602247757772320980e-01
1.650513688454769750e+15,1.596335581012997273e-01
1.650513688456653750e+15,1.595340019401056963e-01
1.650513688458537750e+15,1.595340019401056686e-01
1.650513688460422000e+15,1.595340019401056686e-01
1.650513688462306000e+15,1.595340019401056963e-01
1.650513688464190000e+15,1.595340019401056963e-01
1.650513688466074000e+15,1.595340019401056686e-01
1.650513688467958250e+15,1.595340019401056686e-01
1.650513688469842250e+15,1.584685443122490212e-01
1.650513688471726250e+15,1.571901987170368220e-01
1.650513688473610500e+15,1.559116834899781090e-01
1.650513688475494500e+15,1.546333378947658821e-01
1.650513688477378500e+15,1.533561694500547579e-01
1.650513688479262500e+15,1.521127490760086354e-01
1.650513688481146750e+15,1.508691637045668499e-01
1.650513688483030750e+15,1.496257433305207551e-01
1.650513688484914750e+15,1.483823229564746604e-01
1.650513688486798750e+15,1.473413349936101291e-01
1.650513688488683000e+15,1.481402303224033934e-01
1.650513688490567000e+15,1.489390196547353551e-01
1.650513688492451000e+15,1.497378089870673445e-01
1.650513688494335000e+15,1.505365983193993062e-01
1.650513688496219250e+15,1.513354936481925705e-01
1.650513688498103250e+15,1.521342829805245322e-01
1.650513688499987250e+15,1.529330723128565217e-01
1.650513688501871500e+15,1.533980787885651509e-01
1.650513688503755500e+15,1.533980787885651509e-01
1.650513688505639500e+15,1.533980787885651509e-01
1.650513688507523500e+15,1.533980787885651509e-01
1.650513688509407750e+15,1.533980787885651509e-01
1.650513688511291750e+15,1.533980787885651509e-01
1.650513688513175750e+15,1.533980787885651786e-01
1.650513688515059750e+15,1.528493111022649620e-01
1.650513688516944000e+15,1.522480519001069843e-01
1.650513688518828000e+15,1.516468724722892514e-01
1.650513688520712000e+15,1.510456930444715185e-01
1.650513688522596000e+15,1.504445136166537855e-01
1.650513688524480250e+15,1.498432544144958078e-01
1.650513688526364250e+15,1.492420749866780749e-01
1.650513688528248250e+15,1.486408955588603420e-01
1.650513688530132500e+15,1.480396363567023643e-01
1.650513688532016500e+15,1.474384569288846314e-01
1.650513688533900500e+15,1.472621556370220242e-01
1.650513688535784500e+15,1.472621556370220519e-01
1.650513688537668750e+15,1.472621556370221629e-01
1.650513688539552750e+15,1.472621556370222184e-01
1.650513688541436750e+15,1.472621556370223017e-01
1.650513688543320750e+15,1.471541128657533892e-01
1.650513688545205000e+15,1.460868541933360576e-01
1.650513688547089000e+15,1.450197371235023014e-01
1.650513688548973000e+15,1.439526200536685452e-01
1.650513688550857000e+15,1.428855029838347890e-01
1.650513688552741250e+15,1.418182443114174573e-01
1.650513688554625250e+15,1.413195950887193020e-01
1.650513688556509250e+15,1.418696821321411006e-01
1.650513688558393500e+15,1.424198421701281247e-01
1.650513688560277500e+15,1.429699292135499233e-01
1.650513688562161500e+15,1.435200162569716942e-01
1.650513688564045500e+15,1.440701033003934928e-01
1.650513688565929750e+15,1.446202633383805169e-01
1.650513688567813750e+15,1.451703503818023155e-01
1.650513688569697750e+15,1.457204374252241141e-01
1.650513688571581750e+15,1.462705244686459127e-01
1.650513688573466000e+15,1.468206845066329369e-01
1.650513688575350000e+15,1.472621556370223850e-01
1.650513688577234000e+15,1.472621556370223295e-01
1.650513688579118000e+15,1.472621556370222740e-01
1.650513688581002250e+15,1.472621556370222184e-01
1.650513688582886250e+15,1.472621556370221629e-01
1.650513688584770250e+15,1.472621556370221074e-01
1.650513688586654500e+15,1.472621556370220519e-01
1.650513688588538500e+15,1.472621556370219964e-01
1.650513688590422500e+15,1.471392210252230881e-01
1.650513688592306500e+15,1.465736317489615970e-01
1.650513688594190750e+15,1.460079674210445766e-01
1.650513688596074750e+15,1.454423781447831132e-01
1.650513688597958750e+15,1.448767888685216221e-01
1.650513688599842750e+15,1.443111995922601587e-01
1.650513688601727000e+15,1.437455352643431383e-01
1.650513688603611000e+15,1.431799459880816472e-01
1.650513688605495000e+15,1.426143567118201838e-01
1.650513688607379000e+15,1.420487674355587204e-01
1.650513688609263250e+15,1.414831031076417001e-01
1.650513688611147250e+15,1.415195210049869645e-01
1.650513688613031250e+15,1.425852607687472795e-01
1.650513688614915500e+15,1.436511419523276434e-01
1.650513688616799500e+15,1.447168817160879861e-01
1.650513688618683500e+15,1.457826214798483011e-01
1.650513688620567500e+15,1.468483612436086438e-01
1.650513688622451750e+15,1.466230316275396461e-01
1.650513688624335750e+15,1.455784776185484464e-01
1.650513688626219750e+15,1.445339236095572466e-01
1.650513688628103750e+15,1.434893696005660191e-01
1.650513688629988000e+15,1.424446769830279846e-01
1.650513688631872000e+15,1.414001229740367571e-01
1.650513688633756000e+15,1.407773437846432385e-01
1.650513688635640000e+15,1.403044615455240340e-01
1.650513688637524250e+15,1.398315165566384743e-01
1.650513688639408250e+15,1.393586343175192699e-01
1.650513688641292250e+15,1.388857520784000654e-01
1.650513688643176500e+15,1.384128070895145335e-01
1.650513688645060500e+15,1.379399248503953013e-01
1.650513688646944500e+15,1.374670426112760691e-01
1.650513688648828500e+15,1.369941603721568923e-01
1.650513688650712750e+15,1.365212153832713327e-01
1.650513688652596750e+15,1.360483331441521282e-01
1.650513688654480750e+15,1.355754509050328960e-01
1.650513688656364750e+15,1.351025686659136915e-01
1.650513688658249000e+15,1.361938749316384256e-01
1.650513688660133000e+15,1.377718273227807044e-01
1.650513688662017000e+15,1.393497797139229832e-01
1.650513688663901000e+15,1.409277321050652343e-01
1.650513688665785250e+15,1.407155462309032656e-01
1.650513688667669250e+15,1.402458343452624434e-01
1.650513688669553250e+15,1.397761224596216212e-01
1.650513688671437500e+15,1.393063482449088952e-01
1.650513688673321500e+15,1.388366363592680730e-01
1.650513688675205500e+15,1.383669244736272230e-01
1.650513688677089500e+15,1.378972125879863730e-01
1.650513688678973750e+15,1.374274383732737026e-01
1.650513688680857750e+15,1.369577264876328526e-01
1.650513688682741750e+15,1.364880146019920026e-01
1.650513688684625750e+15,1.360183027163511804e-01
1.650513688686510000e+15,1.355485285016384822e-01
1.650513688688394000e+15,1.350788166159976600e-01
1.650513688690278000e+15,1.349903093339368532e-01
1.650513688692162000e+15,1.349903093339368532e-01
1.650513688694046250e+15,1.349903093339368532e-01
1.650513688695930250e+15,1.349903093339368532e-01
1.650513688697814250e+15,1.349903093339368532e-01
1.650513688699698500e+15,1.349903093339368809e-01
1.650513688701582500e+15,1.349903093339367977e-01
1.650513688703466500e+15,1.349903093339367421e-01
1.650513688705350500e+15,1.349903093339366589e-01
1.650513688707234750e+15,1.349903093339366034e-01
1.650513688709118750e+15,1.349903093339365201e-01
1.650513688711002750e+15,1.349903093339364646e-01
1.650513688712886750e+15,1.349903093339364091e-01
1.650513688714771000e+15,1.349903093339364091e-01
1.650513688716655000e+15,1.349903093339364091e-01
1.650513688718539000e+15,1.349903093339364091e-01
1.650513688720423000e+15,1.349903093339364091e-01
1.650513688722307250e+15,1.349903093339364091e-01
1.650513688724191250e+15,1.349903093339364091e-01
1.650513688726075250e+15,1.349903093339364091e-01
1.650513688727959500e+15,1.349903093339364091e-01
1.650513688729843500e+15,1.349903093339364091e-01
1.650513688731727500e+15,1.349903093339364091e-01
1.650513688733611500e+15,1.349903093339364091e-01
1.650513688735495750e+15,1.344195441803739954e-01
1.650513688737379750e+15,1.335679729672981375e-01
1.650513688739263750e+15,1.327164017542222796e-01
1.650513688741147750e+15,1.318648305411463939e-01
1.650513688743032000e+15,1.310131463276441588e-01
1.650513688744916000e+15,1.301615751145683009e-01
1.650513688746800000e+15,1.293100039014924429e-01
1.650513688748684000e+15,1.288543861823945313e-01
1.650513688750568250e+15,1.288543861823945313e-01
1.650513688752452250e+15,1.288543861823945313e-01
1.650513688754336250e+15,1.288543861823945313e-01
1.650513688756220500e+15,1.288543861823945591e-01
1.650513688758104500e+15,1.288543861823945313e-01
1.650513688759988500e+15,1.281235172550676815e-01
1.650513688761872500e+15,1.268515014960988063e-01
1.650513688763756750e+15,1.255793169452298630e-01
1.650513688765640750e+15,1.243073011862609878e-01
1.650513688767524750e+15,1.230352854272921265e-01
1.650513688769408750e+15,1.234414410668833173e-01
1.650513688771293000e+15,1.244043471381998112e-01
1.650513688773177000e+15,1.253671254523089917e-01
1.650513688775061000e+15,1.263299037664182001e-01
1.650513688776945000e+15,1.272926820805273807e-01
1.650513688778829250e+15,1.282555881518438468e-01
1.650513688780713250e+15,1.283925058965473265e-01
1.650513688782597250e+15,1.271707685030252222e-01
1.650513688784481500e+15,1.259488689893606683e-01
1.650513688786365500e+15,1.247271315958385640e-01
1.650513688788249500e+15,1.235053942023164597e-01
1.650513688790133500e+15,1.222836568087943554e-01
1.650513688792017750e+15,1.210617572951298015e-01
1.650513688793901750e+15,1.198400199016076972e-01
1.650513688795785750e+15,1.186182825080855929e-01
1.650513688797669750e+15,1.173965451145634886e-01
1.650513688799554000e+15,1.153720974573805014e-01
1.650513688801438000e+15,1.117465433668969332e-01
1.650513688803322000e+15,1.081209892764133929e-01
1.650513688805206000e+15,1.044954351859298664e-01
1.650513688807090250e+15,1.008693999975043831e-01
1.650513688808974250e+15,9.724384590702082887e-02
1.650513688810858250e+15,9.361829181653728849e-02
1.650513688812742500e+15,9.254801973503452850e-02
1.650513688814626500e+15,9.345002341929702083e-02
1.650513688816510500e+15,9.435202710355952704e-02
1.650513688818394500e+15,9.525403078782203325e-02
1.650513688820278750e+15,9.615615416471778865e-02
1.650513688822162750e+15,9.705815784898029486e-02
1.650513688824046750e+15,9.796016153324281495e-02
1.650513688825930750e+15,9.898281001787821720e-02
1.650513688827815000e+15,1.000432652527594585e-01
1.650513688829699000e+15,1.011035797877289644e-01
1.650513688831583000e+15,1.021638943226984564e-01
1.650513688833467000e+15,1.032242088576679484e-01
1.650513688835351250e+15,1.042846640925491897e-01
1.650513688837235250e+15,1.053449786275186817e-01
1.650513688839119250e+15,1.064052931624881876e-01
1.650513688841003500e+15,1.074657483973694289e-01
1.650513688842887500e+15,1.085260629323389209e-01
1.650513688844771500e+15,1.095863774673084129e-01
1.650513688846655500e+15,1.104466167277653593e-01
1.650513688848539750e+15,1.104466167277654981e-01
1.650513688850423750e+15,1.104466167277656230e-01
1.650513688852307750e+15,1.104466167277657618e-01
1.650513688854191750e+15,1.104466167277659006e-01
1.650513688856076000e+15,1.104466167277660255e-01
1.650513688857960000e+15,1.104466167277661642e-01
1.650513688859844000e+15,1.100974436565454878e-01
1.650513688861728000e+15,1.094994054145637663e-01
1.650513688863612250e+15,1.089012878150658753e-01
1.650513688865496250e+15,1.083032495730841538e-01
1.650513688867380250e+15,1.077052113311024462e-01
1.650513688869264500e+15,1.071070937316045274e-01
1.650513688871148500e+15,1.065090554896228198e-01
1.650513688873032500e+15,1.059110172476410983e-01
1.650513688874916500e+15,1.053129790056593906e-01
1.650513688876800750e+15,1.047148614061614857e-01
1.650513688878684750e+15,1.038061136563628722e-01
1.650513688880568750e+15,1.022496198880168405e-01
1.650513688882452750e+15,1.006931261196708088e-01
1.650513688884337000e+15,9.913642581021962774e-02
1.650513688886221000e+15,9.757993204187359604e-02
1.650513688888105000e+15,9.602343827352756434e-02
1.650513688889989000e+15,9.446694450518153263e-02
1.650513688891873250e+15,9.291024419573035154e-02
1.650513688893757250e+15,9.135375042738431983e-02
1.650513688895641250e+15,8.979725665903827425e-02
1.650513688897525500e+15,8.824055634958709315e-02
1.650513688899409500e+15,8.668406258124106145e-02
1.650513688901293500e+15,8.720238567586041656e-02
1.650513688903177500e+15,8.981100109219927741e-02
1.650513688905061750e+15,9.241996266238852731e-02
1.650513688906945750e+15,9.502857807872740203e-02
1.650513688908829750e+15,9.763719349506627676e-02
1.650513688910713750e+15,9.667598589721780600e-02
1.650513688912598000e+15,9.478791319397730786e-02
1.650513688914482000e+15,9.290009099792842506e-02
1.650513688916366000e+15,9.101226880187951451e-02
1.650513688918250000e+15,8.912444660583064560e-02
1.650513688920134250e+15,8.723637390259014746e-02
1.650513688922018250e+15,8.590292412159650226e-02
1.650513688923902250e+15,8.590292412159650226e-02
1.650513688925786500e+15,8.590292412159650226e-02
1.650513688927670500e+15,8.590292412159650226e-02
1.650513688929554500e+15,8.590292412159650226e-02
1.650513688931438500e+15,8.590292412159650226e-02
1.650513688933322750e+15,8.590292412159650226e-02
1.650513688935206750e+15,8.590292412159650226e-02
1.650513688937090750e+15,8.590292412159650226e-02
1.650513688938974750e+15,8.590292412159650226e-02
1.650513688940859000e+15,8.590292412159650226e-02
1.650513688942743000e+15,8.570745963693716940e-02
1.650513688944627000e+15,8.488362274857433332e-02
1.650513688946511000e+15,8.405978586021148335e-02
1.650513688948395250e+15,8.323583965166705956e-02
1.650513688950279250e+15,8.241200276330420960e-02
1.650513688952163250e+15,8.158816587494137351e-02
1.650513688954047500e+15,8.076421966639696359e-02
1.650513688955931500e+15,7.994038277803412751e-02
1.650513688957815500e+15,7.976700097005329226e-02
1.650513688959699500e+15,7.976700097005329226e-02
1.650513688961583750e+15,7.976700097005329226e-02
1.650513688963467750e+15,7.976700097005329226e-02
1.650513688965351750e+15,7.976700097005329226e-02
1.650513688967235750e+15,7.976700097005329226e-02
1.650513688969120000e+15,7.976700097005329226e-02
1.650513688971004000e+15,7.976700097005329226e-02
1.650513688972888000e+15,7.976700097005329226e-02
1.650513688974772000e+15,7.976700097005330614e-02
1.650513688976656250e+15,7.976700097005329226e-02
1.650513688978540250e+15,7.976700097005322287e-02
1.650513688980424250e+15,7.976700097005313961e-02
1.650513688982308500e+15,7.976700097005304246e-02
1.650513688984192500e+15,7.976700097005295920e-02
1.650513688986076500e+15,7.976700097005287593e-02
1.650513688987960500e+15,7.976700097005284817e-02
1.650513688989844750e+15,7.976700097005284817e-02
1.650513688991728750e+15,7.976700097005284817e-02
1.650513688993612750e+15,7.976700097005284817e-02
1.650513688995496750e+15,7.976700097005284817e-02
1.650513688997381000e+15,7.976700097005283430e-02
1.650513688999265000e+15,7.976700097005284817e-02
1.650513689001149000e+15,7.976700097005284817e-02
1.650513689003033000e+15,7.932889382772649600e-02
1.650513689004917250e+15,7.841572636873489488e-02
1.650513689006801250e+15,7.750268006769193974e-02
1.650513689008685250e+15,7.658963376664898459e-02
1.650513689010569500e+15,7.567646630765736959e-02
1.650513689012453500e+15,7.476342000661440057e-02
1.650513689014337500e+15,7.385037370557145930e-02
1.650513689016221500e+15,7.363107781851103983e-02
1.650513689018105750e+15,7.363107781851110922e-02
1.650513689019989750e+15,7.363107781851119249e-02
1.650513689021873750e+15,7.363107781851128963e-02
1.650513689023757750e+15,7.363107781851135902e-02
1.650513689025642000e+15,7.363107781851138678e-02
1.650513689027526000e+15,7.363107781851134515e-02
1.650513689029410000e+15,7.363107781851130351e-02
1.650513689031294000e+15,7.363107781851126188e-02
1.650513689033178250e+15,7.363107781851122025e-02
1.650513689035062250e+15,7.363107781851116473e-02
1.650513689036946250e+15,7.363107781851112310e-02
1.650513689038830500e+15,7.363107781851108147e-02
1.650513689040714500e+15,7.363107781851102596e-02
1.650513689042598500e+15,7.363107781851098432e-02
1.650513689044482500e+15,7.319315322006256230e-02
1.650513689046366750e+15,7.241138209298876582e-02
1.650513689048250750e+15,7.162971469035799010e-02
1.650513689050134750e+15,7.084804728772721438e-02
1.650513689052018750e+15,7.006637988509643866e-02
1.650513689053903000e+15,6.928460875802262831e-02
1.650513689055787000e+15,6.850294135539185258e-02
1.650513689057671000e+15,6.772127395276107686e-02
1.650513689059555000e+15,6.749515466696820454e-02
1.650513689061439250e+15,6.749515466696820454e-02
1.650513689063323250e+15,6.749515466696820454e-02
1.650513689065207250e+15,6.749515466696819066e-02
1.650513689067091500e+15,6.749515466696820454e-02
1.650513689068975500e+15,6.749515466696820454e-02
1.650513689070859500e+15,6.684461987928766447e-02
1.650513689072743500e+15,6.571658716875829198e-02
1.650513689074627750e+15,6.458840477235969213e-02
1.650513689076511750e+15,6.346037206183033352e-02
1.650513689078395750e+15,6.233233935130097492e-02
1.650513689080279750e+15,6.135923151542631293e-02
1.650513689082164000e+15,6.135923151542626436e-02
1.650513689084048000e+15,6.135923151542622966e-02
1.650513689085932000e+15,6.135923151542617415e-02
1.650513689087816000e+15,6.135923151542613252e-02
1.650513689089700250e+15,6.135923151542607701e-02
1.650513689091584250e+15,6.135923151542602844e-02
1.650513689093468250e+15,6.135923151542597986e-02
1.650513689095352500e+15,6.135923151542593823e-02
1.650513689097236500e+15,6.135923151542588966e-02
1.650513689099120500e+15,6.135923151542587578e-02
1.650513689101004500e+15,6.135923151542587578e-02
1.650513689102888750e+15,6.135923151542588272e-02
1.650513689104772750e+15,6.135923151542586884e-02
1.650513689106656750e+15,6.135923151542588272e-02
1.650513689108540750e+15,6.135923151542588272e-02
1.650513689110425000e+15,6.135923151542588272e-02
1.650513689112309000e+15,6.230823736340894425e-02
1.650513689114193000e+15,6.339578421109755280e-02
1.650513689116077000e+15,6.448333105878617522e-02
1.650513689117961250e+15,6.557102222001615077e-02
1.650513689119845250e+15,6.665856906770475931e-02
1.650513689121729250e+15,6.774611591539338173e-02
1.650513689123613500e+15,6.883380707662337117e-02
1.650513689125497500e+15,6.992135392431197971e-02
1.650513689127381500e+15,7.100890077200060213e-02
1.650513689129265500e+15,7.209644761968919680e-02
1.650513689131149750e+15,7.318413878091918623e-02
1.650513689133033750e+15,7.210174806726458996e-02
1.650513689134917750e+15,6.950543605884093590e-02
1.650513689136801750e+15,6.690912405041728184e-02
1.650513689138686000e+15,6.431246752076107132e-02
1.650513689140570000e+15,6.171615551233740338e-02
1.650513689142454000e+15,5.911984350391374238e-02
1.650513689144338000e+15,5.652353149549008138e-02
1.650513689146222250e+15,5.392687496583387780e-02
1.650513689148106250e+15,5.133056295741020986e-02
1.650513689149990250e+15,4.937260657663763291e-02
1.650513689151874500e+15,5.146988796464600779e-02
1.650513689153758500e+15,5.356689108790873427e-02
1.650513689155642500e+15,5.566389421117144687e-02
1.650513689157526500e+15,5.776089733443417334e-02
1.650513689159410750e+15,5.985817872244254823e-02
1.650513689161294750e+15,6.195518184570526776e-02
1.650513689163178750e+15,6.405218496896798730e-02
1.650513689165062750e+15,6.614918809223072071e-02
1.650513689166947000e+15,6.626273606134691629e-02
1.650513689168831000e+15,6.282291879765729281e-02
1.650513689170715000e+15,5.938310153396764851e-02
1.650513689172599000e+15,5.594328427027801809e-02
1.650513689174483250e+15,5.250301055525297828e-02
1.650513689176367250e+15,4.909468398078976198e-02
1.650513689178251250e+15,5.013248622672812627e-02
1.650513689180135500e+15,5.117042618527873482e-02
1.650513689182019500e+15,5.220822843121709911e-02
1.650513689183903500e+15,5.324603067715545646e-02
1.650513689185787500e+15,5.428383292309382768e-02
1.650513689187671750e+15,5.499756044511474457e-02
1.650513689189555750e+15,5.261820895442696766e-02
1.650513689191439750e+15,5.023885746373919076e-02
1.650513689193323750e+15,4.785950597305141385e-02
1.650513689195208000e+15,4.547983875100871515e-02
1.650513689197092000e+15,4.310048726032093824e-02
1.650513689198976000e+15,4.190475447464742098e-02
1.650513689200860000e+15,4.078810832951280246e-02
1.650513689202744250e+15,3.967131400946508762e-02
1.650513689204628250e+15,3.855466786433046217e-02
1.650513689206512250e+15,3.743802171919584365e-02
1.650513689208396500e+15,3.632122739914812187e-02
1.650513689210280500e+15,3.520458125401350336e-02
1.650513689212164500e+15,3.408793510887888484e-02
1.650513689214048500e+15,3.297128896374426632e-02
1.650513689215932750e+15,3.185449464369653760e-02
1.650513689217816750e+15,3.073784849856192256e-02
1.650513689219700750e+15,3.117805658780286107e-02
1.650513689221584750e+15,3.170392108389100821e-02
1.650513689223469000e+15,3.222985536029976394e-02
1.650513689225353000e+15,3.275571985638790762e-02
1.650513689227237000e+15,3.328158435247605129e-02
1.650513689229121000e+15,3.380744884856419497e-02
1.650513689231005250e+15,3.433338312497295070e-02
1.650513689232889250e+15,3.485924762106110131e-02
1.650513689234773250e+15,3.538511211714924498e-02
1.650513689236657500e+15,3.591104639355799377e-02
1.650513689238541500e+15,3.643691088964615132e-02
1.650513689240425500e+15,3.681553890925526318e-02
1.650513689242309500e+15,3.681553890925526318e-02
1.650513689244193750e+15,3.681553890925526318e-02
1.650513689246077750e+15,3.681553890925526318e-02
1.650513689247961750e+15,3.681553890925526318e-02
1.650513689249845750e+15,3.681553890925526318e-02
1.650513689251730000e+15,3.681553890925526318e-02
1.650513689253614000e+15,3.681553890925526318e-02
1.650513689255498000e+15,3.681553890925526318e-02
1.650513689257382000e+15,3.681553890925526318e-02
1.650513689259266250e+15,3.681553890925526318e-02
1.650513689261150250e+15,3.681553890925526318e-02
1.650513689263034250e+15,3.681553890925526318e-02
1.650513689264918500e+15,3.681553890925526318e-02
1.650513689266802500e+15,3.681553890925526318e-02
1.650513689268686500e+15,3.681553890925526318e-02
1.650513689270570500e+15,3.681553890925526318e-02
1.650513689272454750e+15,3.681553890925525624e-02
1.650513689274338750e+15,3.668448771108035605e-02
1.650513689276222750e+15,3.478159401272550022e-02
1.650513689278106750e+15,3.287870031437063745e-02
1.650513689279991000e+15,3.097555410889021171e-02
1.650513689281875000e+15,2.907266041053535588e-02
1.650513689283759000e+15,2.716976671218050352e-02
1.650513689285643000e+15,2.526687301382565115e-02
1.650513689287527250e+15,2.454369260617061954e-02
1.650513689289411250e+15,2.454369260617061954e-02
1.650513689291295250e+15,2.454369260617061954e-02
1.650513689293179500e+15,2.454369260617061954e-02
1.650513689295063500e+15,2.454369260617061954e-02
1.650513689296947500e+15,2.454369260617061954e-02
1.650513689298831500e+15,2.454369260617060219e-02
1.650513689300715750e+15,2.454369260617056403e-02
1.650513689302599750e+15,2.454369260617052934e-02
1.650513689304483750e+15,2.454369260617049464e-02
1.650513689306367750e+15,2.454369260617045301e-02
1.650513689308252000e+15,2.454369260617041484e-02
1.650513689310136000e+15,2.454369260617038015e-02
1.650513689312020000e+15,2.454369260617034199e-02
1.650513689313904000e+15,2.454369260617030382e-02
1.650513689315788250e+15,2.454369260617026566e-02
1.650513689317672250e+15,2.454369260617023096e-02
1.650513689319556250e+15,2.454369260617019280e-02
1.650513689321440500e+15,2.379021585250161441e-02
1.650513689323324500e+15,2.241401594565569505e-02
1.650513689325208500e+15,2.103781603880977569e-02
1.650513689327092500e+15,1.966161613196385285e-02
1.650513689328976750e+15,1.840776945462785710e-02
1.650513689330860750e+15,1.840776945462785363e-02
1.650513689332744750e+15,1.840776945462785363e-02
1.650513689334628750e+15,1.840776945462785363e-02
1.650513689336513000e+15,1.840776945462785363e-02
1.650513689338397000e+15,1.840776945462785363e-02
1.650513689340281000e+15,1.840776945462785363e-02
1.650513689342165000e+15,1.840776945462785363e-02
1.650513689344049250e+15,1.786820715098368442e-02
1.650513689345933250e+15,1.730479555055934593e-02
1.650513689347817250e+15,1.674138395013501091e-02
1.650513689349701500e+15,1.617789758702483857e-02
1.650513689351585500e+15,1.561448598660050008e-02
1.650513689353469500e+15,1.505107438617616332e-02
1.650513689355353500e+15,1.448766278575182309e-02
1.650513689357237750e+15,1.392417642264165596e-02
1.650513689359121750e+15,1.336076482221731747e-02
1.650513689361005750e+15,1.279735322179297898e-02
1.650513689362889750e+15,1.234355276255936357e-02
1.650513689364774000e+15,1.340953222026668515e-02
1.650513689366658000e+15,1.447537024511508577e-02
1.650513689368542000e+15,1.554120826996348292e-02
1.650513689370426000e+15,1.660704629481188008e-02
1.650513689372310250e+15,1.767302575251920513e-02
1.650513689374194250e+15,1.765508678339697615e-02
1.650513689376078250e+15,1.523209805618955942e-02
1.650513689377962500e+15,1.280878780712344130e-02
1.650513689379846500e+15,1.038579907991602630e-02
1.650513689381730500e+15,7.962810352708613038e-03
1.650513689383614500e+15,6.135923151541920230e-03
1.650513689385498750e+15,6.135923151542096304e-03
1.650513689387382750e+15,6.135923151542271511e-03
1.650513689389266750e+15,6.135923151542446718e-03
1.650513689391150750e+15,6.135923151542621058e-03
1.650513689393035000e+15,6.135923151542797133e-03
1.650513689394919000e+15,6.135923151542972340e-03
1.650513689396803000e+15,6.135923151543147547e-03
1.650513689398687000e+15,6.135923151543210864e-03
1.650513689400571250e+15,6.135923151543210864e-03
1.650513689402455250e+15,6.135923151543209997e-03
1.650513689404339250e+15,6.135923151543209997e-03
1.650513689406223500e+15,6.135923151543209997e-03
1.650513689408107500e+15,6.135923151543209997e-03
1.650513689409991500e+15,6.135923151543209997e-03
1.650513689411875500e+15,6.135923151543209997e-03
1.650513689413759750e+15,6.135923151543209997e-03
1.650513689415643750e+15,6.135923151543209997e-03
1.650513689417527750e+15,6.135923151543209997e-03
1.650513689419411750e+15,6.135923151543209997e-03
1.650513689421296000e+15,6.135923151543209997e-03
1.650513689423180000e+15,6.135923151543209997e-03
1.650513689425064000e+15,6.135923151543209997e-03
1.650513689426948000e+15,6.135923151543210864e-03
1.650513689428832250e+15,6.135923151543209997e-03
1.650513689430716250e+15,6.135923151543209997e-03
1.650513689432600250e+15,6.135923151543081627e-03
1.650513689434484500e+15,6.135923151542950656e-03
1.650513689436368500e+15,6.135923151542819684e-03
1.650513689438252500e+15,6.135923151542687845e-03
1.650513689440136500e+15,6.135923151542556006e-03
1.650513689442020750e+15,6.135923151542425034e-03
1.650513689443904750e+15,6.135923151542293195e-03
1.650513689445788750e+15,6.135923151542161356e-03
1.650513689447672750e+15,6.135923151542030385e-03
1.650513689449557000e+15,6.135923151541899413e-03
1.650513689451441000e+15,6.990926615989269746e-03
1.650513689453325000e+15,8.011729231337104407e-03
1.650513689455209000e+15,9.032531846684940802e-03
1.650513689457093250e+15,1.005346991885540733e-02
1.650513689458977250e+15,1.107427253420324373e-02
1.650513689460861250e+15,1.209507514955108012e-02
1.650513689462745500e+15,1.311601322172154839e-02
1.650513689464629500e+15,1.413681583706938305e-02
1.650513689466513500e+15,1.515761845241722118e-02
1.650513689468397500e+15,1.617842106776505584e-02
1.650513689470281750e+15,1.719935913993552584e-02
1.650513689472165750e+15,1.822016175528335877e-02
1.650513689474049750e+15,1.775686466528661120e-02
1.650513689475933750e+15,1.695939783184940639e-02
1.650513689477818000e+15,1.616182517744173264e-02
1.650513689479702000e+15,1.536435834400452782e-02
1.650513689481586000e+15,1.456689151056732301e-02
1.650513689483470000e+15,1.376942467713011820e-02
1.650513689485354250e+15,1.297185202272244445e-02
1.650513689487238250e+15,1.239948170878050863e-02
1.650513689489122250e+15,1.344384698274434832e-02
1.650513689491006500e+15,1.448835084021057006e-02
1.650513689492890500e+15,1.553271611417441148e-02
1.650513689494774500e+15,1.657708138813824769e-02
1.650513689496658500e+15,1.762144666210208738e-02
1.650513689498542750e+15,1.813975799370357717e-02
1.650513689500426750e+15,1.705562789734179144e-02
1.650513689502310750e+15,1.597149780098000224e-02
1.650513689504194750e+15,1.488736770461821651e-02
1.650513689506079000e+15,1.380309374810563539e-02
1.650513689507963000e+15,1.271896365174384966e-02
1.650513689509847000e+15,1.163483355538206393e-02
1.650513689511731000e+15,1.055070345902027647e-02
1.650513689513615250e+15,9.466429502507697075e-03
1.650513689515499250e+15,8.382299406145911347e-03
1.650513689517383250e+15,7.298169309784124752e-03
1.650513689519267500e+15,6.213895353271546226e-03
1.650513689521151500e+15,6.135923151542765908e-03
1.650513689523035500e+15,6.135923151542765908e-03
1.650513689524919500e+15,6.135923151542765908e-03
1.650513689526803750e+15,6.135923151542765908e-03
1.650513689528687750e+15,6.135923151542765908e-03
1.650513689530571750e+15,6.135923151542765908e-03
1.650513689532455750e+15,6.135923151542765908e-03
1.650513689534340000e+15,6.274744942301646936e-03
1.650513689536224000e+15,7.550551058349119771e-03
1.650513689538108000e+15,8.826357174396592606e-03
1.650513689539992000e+15,1.010216329044406544e-02
1.650513689541876250e+15,1.137813870135831636e-02
1.650513689543760250e+15,1.265394481740578919e-02
1.650513689545644250e+15,1.392975093345326376e-02
1.650513689547528500e+15,1.520572634436751468e-02
1.650513689549412500e+15,1.648153246041498751e-02
1.650513689551296500e+15,1.775733857646246208e-02
1.650513689553180500e+15,1.840776945462785016e-02
1.650513689555064750e+15,1.840776945462785363e-02
1.650513689556948750e+15,1.840776945462785363e-02
1.650513689558832750e+15,1.840776945462785363e-02
1.650513689560716750e+15,1.840776945462785363e-02
1.650513689562601000e+15,1.840776945462785363e-02
1.650513689564485000e+15,1.840776945462785363e-02
1.650513689566369000e+15,1.840776945462785363e-02
1.650513689568253000e+15,1.840776945462785363e-02
1.650513689570137250e+15,1.840776945462785363e-02
1.650513689572021250e+15,1.840776945462785363e-02
1.650513689573905250e+15,1.840776945462785363e-02
1.650513689575789500e+15,1.840776945462785710e-02
1.650513689577673500e+15,1.842839301993957207e-02
1.650513689579557500e+15,2.153677678372169918e-02
1.650513689581441500e+15,2.464516054750382629e-02
1.650513689583325750e+15,2.775395678259219567e-02
1.650513689585209750e+15,3.067961575771250074e-02
1.650513689587093750e+15,3.067961575771250074e-02
1.650513689588977750e+15,3.067961575771250074e-02
1.650513689590862000e+15,3.067961575771249727e-02
1.650513689592746000e+15,3.067961575771250074e-02
1.650513689594630000e+15,3.067961575771249727e-02
1.650513689596514000e+15,3.067961575771249727e-02
1.650513689598398250e+15,3.067961575771250074e-02
1.650513689600282250e+15,3.067961575771250074e-02
1.650513689602166250e+15,3.189622121017356149e-02
1.650513689604050500e+15,3.412346320560689927e-02
1.650513689605934500e+15,3.635040969327914262e-02
1.650513689607818500e+15,3.857735618095137209e-02
1.650513689609702500e+15,4.080430266862360850e-02
1.650513689611586750e+15,4.295146206079802909e-02
1.650513689613470750e+15,4.295146206079795970e-02
1.650513689615354750e+15,4.295146206079789031e-02
1.650513689617238750e+15,4.295146206079782092e-02
1.650513689619123000e+15,4.295146206079774459e-02
1.650513689621007000e+15,4.295146206079767520e-02
1.650513689622891000e+15,4.295146206079759887e-02
1.650513689624775000e+15,4.295146206079758500e-02
1.650513689626659250e+15,4.295146206079758500e-02
1.650513689628543250e+15,4.295146206079758500e-02
1.650513689630427250e+15,4.295146206079758500e-02
1.650513689632311500e+15,4.295146206079758500e-02
1.650513689634195500e+15,4.295146206079758500e-02
1.650513689636079500e+15,4.295146206079758500e-02
1.650513689637963500e+15,4.295146206079758500e-02
1.650513689639847750e+15,4.295146206079758500e-02
1.650513689641731750e+15,4.295146206079758500e-02
1.650513689643615750e+15,4.295146206079758500e-02
1.650513689645499750e+15,4.295146206079758500e-02
1.650513689647384000e+15,4.295146206079758500e-02
1.650513689649268000e+15,4.295146206079758500e-02
1.650513689651152000e+15,4.295146206079758500e-02
1.650513689653036000e+15,4.295146206079758500e-02
1.650513689654920250e+15,4.235988072155043305e-02
1.650513689656804250e+15,4.162915510729595786e-02
1.650513689658688250e+15,4.089842949304148961e-02
1.650513689660572500e+15,4.016760691413544943e-02
1.650513689662456500e+15,3.943688129988097424e-02
1.650513689664340500e+15,3.870615568562650599e-02
1.650513689666224500e+15,3.797543007137203080e-02
1.650513689668108750e+15,3.724460749246598368e-02
1.650513689669992750e+15,3.751021806367015737e-02
1.650513689671876750e+15,3.919298955440323612e-02
1.650513689673760750e+15,4.087576104513631486e-02
1.650513689675645000e+15,4.255875583357252023e-02
1.650513689677529000e+15,4.424152732430559898e-02
1.650513689679413000e+15,4.592429881503867772e-02
1.650513689681297000e+15,4.760707030577175647e-02
1.650513689683181250e+15,4.929006509420795490e-02
1.650513689685065250e+15,5.097283658494104058e-02
1.650513689686949250e+15,5.265560807567411933e-02
1.650513689688833500e+15,5.433860286411032470e-02
1.650513689690717500e+15,5.480947628840689839e-02
1.650513689692601500e+15,5.393688576776183713e-02
1.650513689694485500e+15,5.306429524711677587e-02
1.650513689696369750e+15,5.219158893685910822e-02
1.650513689698253750e+15,5.131899841621404695e-02
1.650513689700137750e+15,5.044640789556899263e-02
1.650513689702021750e+15,4.957381737492393137e-02
1.650513689703906000e+15,4.989854867663072457e-02
1.650513689705790000e+15,5.173096110675429876e-02
1.650513689707674000e+15,5.356337353687788683e-02
1.650513689709558000e+15,5.539578596700146795e-02
1.650513689711442250e+15,5.722844155164072411e-02
1.650513689713326250e+15,5.906085398176430523e-02
1.650513689715210250e+15,6.089326641188787248e-02
1.650513689717094500e+15,6.272592199652714251e-02
1.650513689718978500e+15,6.455833442665070976e-02
1.650513689720862500e+15,6.639074685677429088e-02
1.650513689722746500e+15,6.709545591765966877e-02
1.650513689724630750e+15,6.608926704874235059e-02
1.650513689726514750e+15,6.508321167974129295e-02
1.650513689728398750e+15,6.407715631074024920e-02
1.650513689730282750e+15,6.307110094173919157e-02
1.650513689732167000e+15,6.206491207282187339e-02
1.650513689734051000e+15,6.105885670382082964e-02
1.650513689735935000e+15,6.005280133481977201e-02
1.650513689737819000e+15,5.904674596581872825e-02
1.650513689739703250e+15,5.804055709690141007e-02
1.650513689741587250e+15,5.703450172790035244e-02
1.650513689743471250e+15,5.602844635889929481e-02
1.650513689745355500e+15,5.565001229194989352e-02
1.650513689747239500e+15,5.778523194793566686e-02
1.650513689749123500e+15,5.992045160392144021e-02
1.650513689751007500e+15,6.205567125990722743e-02
1.650513689752891750e+15,6.419117425183461234e-02
1.650513689754775750e+15,6.632639390782038569e-02
1.650513689756659750e+15,6.629917558868796135e-02
1.650513689758543750e+15,6.365687176754367127e-02
1.650513689760428000e+15,6.101421732221928851e-02
1.650513689762312000e+15,5.837191350107499843e-02
1.650513689764196000e+15,5.572960967993069448e-02
1.650513689766080000e+15,5.308730585878640440e-02
1.650513689767964250e+15,5.044465141346202164e-02
1.650513689769848250e+15,5.114233153959297368e-02
1.650513689771732250e+15,5.536772731644767909e-02
1.650513689773616500e+15,5.959368378807106126e-02
1.650513689775500500e+15,6.381907956492577361e-02
1.650513689777384500e+15,6.804447534178045820e-02
1.650513689779268500e+15,7.226987111863517055e-02
1.650513689781152750e+15,7.649582759025855272e-02
1.650513689783036750e+15,8.072122336711323731e-02
1.650513689784920750e+15,8.494661914396793578e-02
1.650513689786804750e+15,8.917201492082264813e-02
1.650513689788689000e+15,9.203884727313924041e-02
1.650513689790573000e+15,9.203884727313908776e-02
1.650513689792457000e+15,9.203884727313896286e-02
1.650513689794341000e+15,9.203884727313881020e-02
1.650513689796225250e+15,9.203884727313867142e-02
1.650513689798109250e+15,9.203884727313853265e-02
1.650513689799993250e+15,9.203884727313839387e-02
1.650513689801877500e+15,9.047069862085529990e-02
1.650513689803761500e+15,8.878776380974658100e-02
1.650513689805645500e+15,8.710482899863786210e-02
1.650513689807529500e+15,8.542189418752915708e-02
1.650513689809413750e+15,8.373873605704530709e-02
1.650513689811297750e+15,8.205580124593658820e-02
1.650513689813181750e+15,8.037286643482788318e-02
1.650513689815065750e+15,7.937551037105002039e-02
1.650513689816950000e+15,7.876372006528785386e-02
1.650513689818834000e+15,7.815201093111991126e-02
1.650513689820718000e+15,7.754030179695196867e-02
1.650513689822602000e+15,7.692859266278402608e-02
1.650513689824486250e+15,7.631680235702184567e-02
1.650513689826370250e+15,7.570509322285391696e-02
1.650513689828254250e+15,7.509338408868597436e-02
1.650513689830138500e+15,7.448159378292379396e-02
1.650513689832022500e+15,7.386988464875585136e-02
1.650513689833906500e+15,7.391892634965864517e-02
1.650513689835790500e+15,7.439111323053058944e-02
1.650513689837674750e+15,7.486336276889732355e-02
1.650513689839558750e+15,7.533554964976925394e-02
1.650513689841442750e+15,7.580773653064117046e-02
1.650513689843326750e+15,7.627992341151311473e-02
1.650513689845211000e+15,7.675217294987984884e-02
1.650513689847095000e+15,7.722435983075177923e-02
1.650513689848979000e+15,7.769654671162369575e-02
1.650513689850863000e+15,7.816873359249562614e-02
1.650513689852747250e+15,7.864098313086237413e-02
1.650513689854631250e+15,7.911317001173430452e-02
1.650513689856515250e+15,7.958535689260623491e-02
1.650513689858399500e+15,8.038792983147963200e-02
1.650513689860283500e+15,8.139683882235979051e-02
1.650513689862167500e+15,8.240574781323994902e-02
1.650513689864051500e+15,8.341465680412012140e-02
1.650513689865935750e+15,8.442369967358188954e-02
1.650513689867819750e+15,8.543260866446204804e-02
1.650513689869703750e+15,8.590292412159605817e-02
1.650513689871587750e+15,8.590292412159604429e-02
1.650513689873472000e+15,8.590292412159605817e-02
1.650513689875356000e+15,8.590292412159605817e-02
1.650513689877240000e+15,8.590292412159605817e-02
1.650513689879124000e+15,8.590292412159605817e-02
1.650513689881008250e+15,8.590292412159605817e-02
1.650513689882892250e+15,8.590292412159605817e-02
1.650513689884776250e+15,8.590292412159605817e-02
1.650513689886660500e+15,8.590292412159604429e-02
1.650513689888544500e+15,8.590292412159605817e-02
1.650513689890428500e+15,8.546932003913958187e-02
1.650513689892312500e+15,8.492598110242659259e-02
1.650513689894196750e+15,8.438257006659778681e-02
1.650513689896080750e+15,8.383923112988478366e-02
1.650513689897964750e+15,8.329589219317179438e-02
1.650513689899848750e+15,8.275255325645880511e-02
1.650513689901733000e+15,8.220914222062999932e-02
1.650513689903617000e+15,8.166580328391698229e-02
1.650513689905501000e+15,8.112246434720399302e-02
1.650513689907385000e+15,8.057912541049100374e-02
1.650513689909269250e+15,8.003571437466219796e-02
1.650513689911153250e+15,8.105413233277135310e-02
1.650513689913037250e+15,8.360068574559359478e-02
1.650513689914921500e+15,8.614757707686233890e-02
1.650513689916805500e+15,8.869413048968458058e-02
1.650513689918689500e+15,9.124068390250682226e-02
1.650513689920573500e+15,9.486249978301897201e-02
1.650513689922457750e+15,9.897573305842741198e-02
1.650513689924341750e+15,1.030884205950438337e-01
1.650513689926225750e+15,1.072011081316602693e-01
1.650513689928109750e+15,1.113137956682767049e-01
1.650513689929994000e+15,1.154270289436851310e-01
1.650513689931878000e+15,1.195397164803015666e-01
1.650513689933762000e+15,1.236524040169180022e-01
1.650513689935646000e+15,1.277650915535344101e-01
1.650513689937530250e+15,1.214648729933704291e-01
1.650513689939414250e+15,1.114148149907567831e-01
1.650513689941298250e+15,1.013647569881431093e-01
1.650513689943182500e+15,9.131336537910661466e-02
1.650513689945066500e+15,8.126330737649294089e-02
1.650513689946950500e+15,8.417958209955105076e-02
1.650513689948834500e+15,8.936405534431229869e-02
1.650513689950718750e+15,9.454921654996056857e-02
1.650513689952602750e+15,9.973368979472181650e-02
1.650513689954486750e+15,1.047310535842001789e-01
1.650513689956370750e+15,1.083186334484273483e-01
1.650513689958255000e+15,1.119066893715536803e-01
1.650513689960139000e+15,1.154942692357808359e-01
1.650513689962023000e+15,1.190818491000079915e-01
1.650513689963907000e+15,1.226694289642351332e-01
1.650513689965791250e+15,1.262574848873614652e-01
1.650513689967675250e+15,1.290212033865942021e-01
1.650513689969559250e+15,1.296253045162717443e-01
1.650513689971443500e+15,1.302294858079887652e-01
1.650513689973327500e+15,1.308335869376662797e-01
1.650513689975211500e+15,1.314376880673438219e-01
1.650513689977095500e+15,1.320417891970213364e-01
1.650513689978979750e+15,1.326459704887383573e-01
1.650513689980863750e+15,1.332500716184158995e-01
1.650513689982747750e+15,1.338541727480934140e-01
1.650513689984631750e+15,1.344582738777709285e-01
1.650513689986516000e+15,1.349041413955340274e-01
1.650513689988400000e+15,1.341826285246373318e-01
1.650513689990284000e+15,1.334611156537406640e-01
1.650513689992168000e+15,1.327396027828439962e-01
1.650513689994052250e+15,1.320179941697935400e-01
1.650513689995936250e+15,1.312964812988968444e-01
1.650513689997820250e+15,1.305749684280001766e-01
1.650513689999704500e+15,1.298533598149497204e-01
1.650513690001588500e+15,1.291318469440530525e-01
1.650513690003472500e+15,1.292333466007504206e-01
1.650513690005356500e+15,1.298490959997866956e-01
1.650513690007240750e+15,1.304649271065457528e-01
1.650513690009124750e+15,1.310806765055820000e-01
1.650513690011008750e+15,1.316964259046182195e-01
1.650513690012892750e+15,1.323121753036544945e-01
1.650513690014777000e+15,1.329280064104135517e-01
1.650513690016661000e+15,1.335437558094497990e-01
1.650513690018545000e+15,1.341595052084860462e-01
1.650513690020429000e+15,1.347752546075222935e-01
1.650513690022313250e+15,1.342918154827880406e-01
1.650513690024197250e+15,1.332186555108693937e-01
1.650513690026081250e+15,1.321454955389508024e-01
1.650513690027965500e+15,1.310721931625772885e-01
1.650513690029849500e+15,1.299990331906586694e-01
1.650513690031733500e+15,1.289258732187400225e-01
1.650513690033617500e+15,1.288543861823941705e-01
1.650513690035501750e+15,1.288543861823942538e-01
1.650513690037385750e+15,1.288543861823943093e-01
1.650513690039269750e+15,1.288543861823943648e-01
1.650513690041153750e+15,1.288543861823944481e-01
1.650513690043038000e+15,1.288543861823945313e-01
1.650513690044922000e+15,1.288543861823945313e-01
1.650513690046806000e+15,1.288543861823945313e-01
1.650513690048690000e+15,1.288543861823945313e-01
1.650513690050574250e+15,1.288543861823945313e-01
1.650513690052458250e+15,1.288543861823945313e-01
1.650513690054342250e+15,1.288543861823945313e-01
1.650513690056226500e+15,1.288543861823945313e-01
1.650513690058110500e+15,1.288543861823945313e-01
1.650513690059994500e+15,1.288543861823945313e-01
1.650513690061878500e+15,1.288543861823945313e-01
1.650513690063762750e+15,1.288543861823945313e-01
1.650513690065646750e+15,1.288543861823945313e-01
1.650513690067530750e+15,1.288543861823945313e-01
1.650513690069414750e+15,1.288543861823945313e-01
1.650513690071299000e+15,1.288543861823945313e-01
1.650513690073183000e+15,1.288543861823945313e-01
1.650513690075067000e+15,1.288543861823945313e-01
1.650513690076951000e+15,1.288543861823945313e-01
1.650513690078835250e+15,1.288543861823945313e-01
1.650513690080719250e+15,1.288543861823945313e-01
1.650513690082603250e+15,1.288543861823944203e-01
1.650513690084487500e+15,1.288543861823941428e-01
1.650513690086371500e+15,1.288543861823938930e-01
1.650513690088255500e+15,1.288543861823936432e-01
1.650513690090139500e+15,1.288543861823933934e-01
1.650513690092023750e+15,1.290716354319511039e-01
1.650513690093907750e+15,1.300307393245511978e-01
1.650513690095791750e+15,1.309898432171512916e-01
1.650513690097675750e+15,1.319489471097514133e-01
1.650513690099560000e+15,1.329081782719763460e-01
1.650513690101444000e+15,1.338672821645764399e-01
1.650513690103328000e+15,1.348263860571765616e-01
1.650513690105212000e+15,1.349903093339372140e-01
1.650513690107096250e+15,1.349903093339371307e-01
1.650513690108980250e+15,1.349903093339370197e-01
1.650513690110864250e+15,1.349903093339369087e-01
1.650513690112748500e+15,1.349903093339368532e-01
1.650513690114632500e+15,1.349903093339369087e-01
1.650513690116516500e+15,1.349903093339369642e-01
1.650513690118400500e+15,1.349903093339369919e-01
1.650513690120284750e+15,1.349903093339370197e-01
1.650513690122168750e+15,1.349903093339370475e-01
1.650513690124052750e+15,1.349903093339370752e-01
1.650513690125936750e+15,1.349903093339371307e-01
1.650513690127821000e+15,1.349903093339371585e-01
1.650513690129705000e+15,1.349903093339371862e-01
1.650513690131589000e+15,1.349903093339372417e-01
1.650513690133473000e+15,1.349903093339372695e-01
1.650513690135357250e+15,1.349903093339372973e-01
1.650513690137241250e+15,1.332264470260117462e-01
1.650513690139125250e+15,1.311955125183682236e-01
1.650513690141009500e+15,1.291643085130458612e-01
1.650513690142893500e+15,1.271333740054023109e-01
1.650513690144777500e+15,1.251024394977587884e-01
1.650513690146661500e+15,1.230715049901152658e-01
1.650513690148545750e+15,1.236390141189989827e-01
1.650513690150429750e+15,1.247530775524791219e-01
1.650513690152313750e+15,1.258671409859592472e-01
1.650513690154197750e+15,1.269812044194393863e-01
1.650513690156082000e+15,1.280954156851160930e-01
1.650513690157966000e+15,1.292094791185962321e-01
1.650513690159850000e+15,1.303235425520763435e-01
1.650513690161734000e+15,1.314376059855564827e-01
1.650513690163618250e+15,1.325518172512331894e-01
1.650513690165502250e+15,1.336658806847133285e-01
1.650513690167386250e+15,1.347799441181934677e-01
1.650513690169270500e+15,1.408988090423362871e-01
1.650513690171154500e+15,1.481815132952800096e-01
1.650513690173038500e+15,1.554642175482237321e-01
1.650513690174922500e+15,1.627469218011674823e-01
1.650513690176806750e+15,1.700305924426797899e-01
1.650513690178690750e+15,1.685319388676050079e-01
1.650513690180574750e+15,1.642027265401052871e-01
1.650513690182458750e+15,1.598735142126055664e-01
1.650513690184343000e+15,1.555437274142555670e-01
1.650513690186227000e+15,1.512145150867558463e-01
1.650513690188111000e+15,1.474390315691483933e-01
1.650513690189995000e+15,1.494709477650452423e-01
1.650513690191879250e+15,1.515031335888873953e-01
1.650513690193763250e+15,1.535350497847842444e-01
1.650513690195647250e+15,1.555669659806810934e-01
1.650513690197531500e+15,1.575991518045232742e-01
1.650513690199415500e+15,1.596310680004200955e-01
1.650513690201299500e+15,1.616629841963169723e-01
1.650513690203183500e+15,1.636949003922138213e-01
1.650513690205067750e+15,1.657270862160559743e-01
1.650513690206951750e+15,1.677590024119528234e-01
1.650513690208835750e+15,1.697909186078496724e-01
1.650513690210719750e+15,1.718058482431916445e-01
1.650513690212604000e+15,1.718058482431915890e-01
1.650513690214488000e+15,1.718058482431915612e-01
1.650513690216372000e+15,1.718058482431915057e-01
1.650513690218256000e+15,1.718058482431914502e-01
1.650513690220140250e+15,1.718058482431913947e-01
1.650513690222024250e+15,1.718058482431913392e-01
1.650513690223908250e+15,1.718058482431913114e-01
1.650513690225792500e+15,1.718058482431912282e-01
1.650513690227676500e+15,1.718058482431912559e-01
1.650513690229560500e+15,1.718058482431912282e-01
1.650513690231444500e+15,1.718058482431912282e-01
1.650513690233328750e+15,1.718058482431912282e-01
1.650513690235212750e+15,1.718058482431912559e-01
1.650513690237096750e+15,1.718058482431912282e-01
1.650513690238980750e+15,1.718058482431912282e-01
1.650513690240865000e+15,1.718058482431912282e-01
1.650513690242749000e+15,1.718058482431912282e-01
1.650513690244633000e+15,1.718058482431912282e-01
1.650513690246517000e+15,1.718058482431912282e-01
1.650513690248401250e+15,1.718058482431912282e-01
1.650513690250285250e+15,1.718058482431912282e-01
1.650513690252169250e+15,1.718058482431912004e-01
1.650513690254053500e+15,1.718058482431912282e-01
1.650513690255937500e+15,1.718058482431912282e-01
1.650513690257821500e+15,1.718058482431912282e-01
1.650513690259705500e+15,1.718058482431912282e-01
1.650513690261589750e+15,1.718058482431912282e-01
1.650513690263473750e+15,1.718058482431912282e-01
1.650513690265357750e+15,1.718058482431912282e-01
1.650513690267241750e+15,1.718058482431912282e-01
1.650513690269126000e+15,1.718058482431912282e-01
1.650513690271010000e+15,1.718058482431912282e-01
1.650513690272894000e+15,1.718058482431912282e-01
1.650513690274778000e+15,1.718058482431912282e-01
1.650513690276662250e+15,1.718058482431912282e-01
1.650513690278546250e+15,1.718058482431912282e-01
1.650513690280430250e+15,1.718058482431913392e-01
1.650513690282314500e+15,1.718058482431913947e-01
1.650513690284198500e+15,1.718058482431914502e-01
1.650513690286082500e+15,1.718058482431915335e-01
1.650513690287966500e+15,1.718058482431916167e-01
1.650513690289850750e+15,1.718058482431916723e-01
1.650513690291734750e+15,1.722096142690009990e-01
1.650513690293618750e+15,1.727278872668717435e-01
1.650513690295502750e+15,1.732461602647424326e-01
1.650513690297387000e+15,1.737645020355693681e-01
1.650513690299271000e+15,1.742827750334401127e-01
1.650513690301155000e+15,1.748010480313108295e-01
1.650513690303039000e+15,1.753193210291815740e-01
1.650513690304923250e+15,1.758376628000084818e-01
1.650513690306807250e+15,1.763559357978791986e-01
1.650513690308691250e+15,1.768742087957499431e-01
1.650513690310575500e+15,1.773925505665768509e-01
1.650513690312459500e+15,1.779108235644475955e-01
1.650513690314343500e+15,1.771981821306109206e-01
1.650513690316227500e+15,1.764073708556413433e-01
1.650513690318111750e+15,1.756164546428698459e-01
1.650513690319995750e+15,1.748256433679002408e-01
1.650513690321879750e+15,1.740348320929306358e-01
1.650513690323763750e+15,1.732440208179610308e-01
1.650513690325648000e+15,1.724531046051895333e-01
1.650513690327532000e+15,1.718058482431920886e-01
1.650513690329416000e+15,1.718058482431918388e-01
1.650513690331300000e+15,1.718058482431915890e-01
1.650513690333184250e+15,1.718058482431913392e-01
1.650513690335068250e+15,1.718058482431912282e-01
1.650513690336952250e+15,1.718058482431912282e-01
1.650513690338836500e+15,1.718058482431912282e-01
1.650513690340720500e+15,1.718058482431912282e-01
1.650513690342604500e+15,1.718058482431912004e-01
1.650513690344488500e+15,1.718058482431912004e-01
1.650513690346372750e+15,1.718058482431912559e-01
1.650513690348256750e+15,1.718058482431913114e-01
1.650513690350140750e+15,1.718058482431913669e-01
1.650513690352024750e+15,1.718058482431914780e-01
1.650513690353909000e+15,1.718058482431915612e-01
1.650513690355793000e+15,1.718058482431916167e-01
1.650513690357677000e+15,1.718058482431917000e-01
1.650513690359561000e+15,1.718058482431917833e-01
1.650513690361445250e+15,1.718058482431918388e-01
1.650513690363329250e+15,1.718058482431919498e-01
1.650513690365213250e+15,1.718058482431920053e-01
1.650513690367097500e+15,1.718058482431920886e-01
1.650513690368981500e+15,1.722963256609410243e-01
1.650513690370865500e+15,1.731261949515012777e-01
1.650513690372749500e+15,1.739560642420616143e-01
1.650513690374633750e+15,1.747860436532814588e-01
1.650513690376517750e+15,1.756159129438417676e-01
1.650513690378401750e+15,1.764457822344020488e-01
1.650513690380285750e+15,1.772756515249623577e-01
1.650513690382170000e+15,1.779417713947340218e-01
1.650513690384054000e+15,1.779417713947341051e-01
1.650513690385938000e+15,1.779417713947341606e-01
1.650513690387822000e+15,1.779417713947342161e-01
1.650513690389706250e+15,1.779417713947342716e-01
1.650513690391590250e+15,1.779417713947343271e-01
1.650513690393474250e+15,1.779417713947344382e-01
1.650513690395358500e+15,1.805501029506316468e-01
1.650513690397242500e+15,1.836612752528224146e-01
1.650513690399126500e+15,1.867724475550132102e-01
1.650513690401010500e+15,1.898836198572039502e-01
1.650513690402894750e+15,1.929952050007299469e-01
1.650513690404778750e+15,1.961063773029207424e-01
1.650513690406662750e+15,1.981464996262909672e-01
1.650513690408546750e+15,2.000958131922803140e-01
1.650513690410431000e+15,2.020453854251441084e-01
1.650513690412315000e+15,2.039946989911334829e-01
1.650513690414199000e+15,2.059440125571228020e-01
1.650513690416083000e+15,2.078933261231121488e-01
1.650513690417967250e+15,2.098428983559759431e-01
1.650513690419851250e+15,2.117922119219653176e-01
1.650513690421735250e+15,2.137415254879546644e-01
1.650513690423619500e+15,2.139515379294145980e-01
1.650513690425503500e+15,2.122694601967836381e-01
1.650513690427387500e+15,2.105873824641526226e-01
1.650513690429271500e+15,2.089053047315216072e-01
1.650513690431155750e+15,2.072230037932466518e-01
1.650513690433039750e+15,2.055409260606156918e-01
1.650513690434923750e+15,2.038588483279846764e-01
1.650513690436807750e+15,2.024854640009041418e-01
1.650513690438692000e+15,2.024854640009041695e-01
1.650513690440576000e+15,2.024854640009041418e-01
1.650513690442460000e+15,2.024854640009041695e-01
1.650513690444344000e+15,2.024854640009041695e-01
1.650513690446228250e+15,2.024854640009041418e-01
1.650513690448112250e+15,2.024854640009041973e-01
1.650513690449996250e+15,2.024854640009041695e-01
1.650513690451880500e+15,2.024854640009041695e-01
1.650513690453764500e+15,2.024854640009041695e-01
1.650513690455648500e+15,2.024854640009041695e-01
1.650513690457532500e+15,2.024854640009041695e-01
1.650513690459416750e+15,2.024854640009041695e-01
1.650513690461300750e+15,2.024854640009041695e-01
1.650513690463184750e+15,2.024854640009041695e-01
1.650513690465068750e+15,2.024854640009041695e-01
1.650513690466953000e+15,2.024854640009041695e-01
1.650513690468837000e+15,2.024854640009041695e-01
1.650513690470721000e+15,2.032055804551413936e-01
1.650513690472605000e+15,2.042475922829317669e-01
1.650513690474489250e+15,2.052897423819306233e-01
1.650513690476373250e+15,2.063317542097209412e-01
1.650513690478257250e+15,2.073737660375112590e-01
1.650513690480141500e+15,2.084159161365101431e-01
1.650513690482025500e+15,2.086213871524464081e-01
1.650513690483909500e+15,2.086213871524463248e-01
1.650513690485793500e+15,2.086213871524462693e-01
1.650513690487677750e+15,2.086213871524462138e-01
1.650513690489561750e+15,2.086213871524461305e-01
1.650513690491445750e+15,2.086213871524460473e-01
1.650513690493329750e+15,2.086213871524459640e-01
1.650513690495214000e+15,2.086213871524459085e-01
1.650513690497098000e+15,2.086213871524458252e-01
1.650513690498982000e+15,2.086213871524457419e-01
1.650513690500866000e+15,2.086213871524456864e-01
1.650513690502750250e+15,2.086213871524456032e-01
1.650513690504634250e+15,2.086213871524457419e-01
1.650513690506518250e+15,2.086213871524458807e-01
1.650513690508402500e+15,2.086213871524460473e-01
1.650513690510286500e+15,2.086213871524461583e-01
1.650513690512170500e+15,2.086213871524462971e-01
1.650513690514054500e+15,2.086213871524464636e-01
1.650513690515938750e+15,2.086213871524464636e-01
1.650513690517822750e+15,2.086213871524464913e-01
1.650513690519706750e+15,2.086213871524464913e-01
1.650513690521590750e+15,2.086213871524464913e-01
1.650513690523475000e+15,2.086213871524464913e-01
1.650513690525359000e+15,2.086213871524464913e-01
1.650513690527243000e+15,2.086213871524464913e-01
1.650513690529127000e+15,2.086213871524464913e-01
1.650513690531011250e+15,2.086213871524464913e-01
1.650513690532895250e+15,2.086213871524464913e-01
1.650513690534779250e+15,2.086213871524464636e-01
1.650513690536663500e+15,2.086213871524464913e-01
1.650513690538547500e+15,2.086213871524465191e-01
1.650513690540431500e+15,2.086213871524465746e-01
1.650513690542315500e+15,2.086213871524466024e-01
1.650513690544199750e+15,2.086213871524466024e-01
1.650513690546083750e+15,2.086213871524466579e-01
1.650513690547967750e+15,2.086213871524466856e-01
1.650513690549851750e+15,2.086213871524467134e-01
1.650513690551736000e+15,2.086213871524467689e-01
1.650513690553620000e+15,2.086213871524468244e-01
1.650513690555504000e+15,2.086213871524468244e-01
1.650513690557388000e+15,2.086213871524468799e-01
1.650513690559272250e+15,2.086213871524469077e-01
1.650513690561156250e+15,2.082692137633743723e-01
1.650513690563040250e+15,2.074503372869624940e-01
1.650513690564924500e+15,2.066313521485977911e-01
1.650513690566808500e+15,2.058124756721859128e-01
1.650513690568692500e+15,2.049935991957740344e-01
1.650513690570576500e+15,2.041747227193621561e-01
1.650513690572460750e+15,2.033557375809974532e-01
1.650513690574344750e+15,2.025368611045855471e-01
1.650513690576228750e+15,2.068020003773329840e-01
1.650513690578112750e+15,2.114076096273354854e-01
1.650513690579997000e+15,2.160138300250622478e-01
1.650513690581881000e+15,2.206194392750647215e-01
1.650513690583765000e+15,2.252250485250672507e-01
1.650513690585649000e+15,2.298306577750697244e-01
1.650513690587533250e+15,2.344368781727964590e-01
1.650513690589417250e+15,2.390424874227989882e-01
1.650513690591301250e+15,2.436480966728014619e-01
1.650513690593185500e+15,2.482543170705282243e-01
1.650513690595069500e+15,2.521766364367356572e-01
1.650513690596953500e+15,2.543371969857508574e-01
1.650513690598837500e+15,2.564977575347660577e-01
1.650513690600721750e+15,2.586586047823679069e-01
1.650513690602605750e+15,2.608191653313830516e-01
1.650513690604489750e+15,2.629797258803982518e-01
1.650513690606373750e+15,2.592551436224900807e-01
1.650513690608258000e+15,2.516004738672636409e-01
1.650513690610142000e+15,2.439468197243173098e-01
1.650513690612026000e+15,2.362931655813709786e-01
1.650513690613910000e+15,2.286395114384246197e-01
1.650513690615794250e+15,2.209848416831981521e-01
1.650513690617678250e+15,2.133311875402518210e-01
1.650513690619562250e+15,2.056775333973054898e-01
1.650513690621446500e+15,2.053163382478465360e-01
1.650513690623330500e+15,2.101714744164759341e-01
1.650513690625214500e+15,2.150266105851053045e-01
1.650513690627098500e+15,2.198817467537346748e-01
1.650513690628982750e+15,2.247375271814097963e-01
1.650513690630866750e+15,2.303908472009784381e-01
1.650513690632750750e+15,2.367576982478883929e-01
1.650513690634634750e+15,2.431245492947983200e-01
1.650513690636519000e+15,2.494922451998620727e-01
1.650513690638403000e+15,2.558590962467719998e-01
1.650513690640287000e+15,2.622259472936819824e-01
1.650513690642171000e+15,2.617431470721011677e-01
1.650513690644055250e+15,2.589247537226071483e-01
1.650513690645939250e+15,2.561067343141174013e-01
1.650513690647823250e+15,2.532887149056276543e-01
1.650513690649707500e+15,2.504703215561336349e-01
1.650513690651591500e+15,2.476523021476439157e-01
1.650513690653475500e+15,2.448342827391541965e-01
1.650513690655359500e+15,2.420162633306644495e-01
1.650513690657243750e+15,2.391978699811703746e-01
1.650513690659127750e+15,2.363798505726806554e-01
1.650513690661011750e+15,2.335618311641909361e-01
1.650513690662895750e+15,2.331650797586167223e-01
1.650513690664780000e+15,2.331650797586166668e-01
1.650513690666664000e+15,2.331650797586166668e-01
1.650513690668548000e+15,2.331650797586166945e-01
1.650513690670432000e+15,2.331650797586166668e-01
1.650513690672316250e+15,2.331650797586166945e-01
1.650513690674200250e+15,2.331650797586166945e-01
1.650513690676084250e+15,2.384896531094570504e-01
1.650513690677968500e+15,2.457479836114075111e-01
1.650513690679852500e+15,2.530053510868883193e-01
1.650513690681736500e+15,2.602627185623691553e-01
1.650513690683620500e+15,2.675200860378498802e-01
1.650513690685504750e+15,2.747784165398003409e-01
1.650513690687388750e+15,2.820357840152811768e-01
1.650513690689272750e+15,2.803235118336633858e-01
1.650513690691156750e+15,2.783351941147939601e-01
1.650513690693041000e+15,2.763466125533397544e-01
1.650513690694925000e+15,2.743582948344702732e-01
1.650513690696809000e+15,2.723699771156008476e-01
1.650513690698693000e+15,2.703816593967313664e-01
1.650513690700577250e+15,2.683930778352771607e-01
1.650513690702461250e+15,2.664047601164077350e-01
1.650513690704345250e+15,2.644164423975382539e-01
1.650513690706229500e+15,2.624278608360840481e-01
1.650513690708113500e+15,2.604395431172145670e-01
1.650513690709997500e+15,2.584512253983451413e-01
1.650513690711881500e+15,2.607454369596982624e-01
1.650513690713765750e+15,2.655923960981672605e-01
1.650513690715649750e+15,2.704387121479884803e-01
1.650513690717533750e+15,2.752850281978097002e-01
1.650513690719417750e+15,2.702815733144524057e-01
1.650513690721302000e+15,2.632371783726129566e-01
1.650513690723186000e+15,2.561937180725329943e-01
1.650513690725070000e+15,2.491502577724531431e-01
1.650513690726954000e+15,2.421067974723731808e-01
1.650513690728838250e+15,2.350624025305337317e-01
1.650513690730722250e+15,2.280189422304538527e-01
1.650513690732606250e+15,2.327294397758268851e-01
1.650513690734490500e+15,2.393626085642914236e-01
1.650513690736374500e+15,2.459948972719825933e-01
1.650513690738258500e+15,2.526271859796737629e-01
1.650513690740142500e+15,2.572341675977531383e-01
1.650513690742026750e+15,2.552040335857612141e-01
1.650513690743910750e+15,2.531741689294826902e-01
1.650513690745794750e+15,2.511443042732041664e-01
1.650513690747678750e+15,2.491144396169256980e-01
1.650513690749563000e+15,2.470843056049337183e-01
1.650513690751447000e+15,2.467050724145817553e-01
1.650513690753331000e+15,2.534351786929670558e-01
1.650513690755215000e+15,2.601652849713523286e-01
1.650513690757099250e+15,2.668962843105495142e-01
1.650513690758983250e+15,2.736263905889347869e-01
1.650513690760867250e+15,2.803564968673201152e-01
1.650513690762751500e+15,2.870874962065173008e-01
1.650513690764635500e+15,2.938176024849025736e-01
1.650513690766519500e+15,3.005477087632879019e-01
1.650513690768403500e+15,2.926618846600420598e-01
1.650513690770287750e+15,2.845264511670727581e-01
1.650513690772171750e+15,2.763920970735320726e-01
1.650513690774055750e+15,2.682577429799912760e-01
1.650513690775939750e+15,2.601233888864504795e-01
1.650513690777824000e+15,2.590248191207032424e-01
1.650513690779708000e+15,2.608960886211899588e-01
1.650513690781592000e+15,2.627673581216766197e-01
1.650513690783476000e+15,2.646386276221632805e-01
1.650513690785360250e+15,2.665101454333586584e-01
1.650513690787244250e+15,2.683814149338453747e-01
1.650513690789128250e+15,2.702526844343320356e-01
1.650513690791012500e+15,2.721242022455273579e-01
1.650513690792896500e+15,2.739954717460140188e-01
1.650513690794780500e+15,2.758667412465007351e-01
1.650513690796664500e+15,2.779883687329139375e-01
1.650513690798548750e+15,2.801488525686006148e-01
1.650513690800432750e+15,2.823090497539176846e-01
1.650513690802316750e+15,2.844692469392347545e-01
1.650513690804200750e+15,2.866294441245518243e-01
1.650513690806085000e+15,2.887899279602385016e-01
1.650513690807969000e+15,2.909501251455555160e-01
1.650513690809853000e+15,2.931103223308726413e-01
1.650513690811737000e+15,2.952705195161896556e-01
1.650513690813621250e+15,2.974310033518763330e-01
1.650513690815505250e+15,2.995912005371934028e-01
1.650513690817389250e+15,3.017513977225104727e-01
1.650513690819273500e+15,3.039118815581971500e-01
1.650513690821157500e+15,3.060720787435141643e-01
1.650513690823041500e+15,3.023533065265398001e-01
1.650513690824925500e+15,2.956704072217035684e-01
1.650513690826809750e+15,2.889866211202504198e-01
1.650513690828693750e+15,2.823037218154142436e-01
1.650513690830577750e+15,2.763222090548880794e-01
1.650513690832461750e+15,2.790948535745969017e-01
1.650513690834346000e+15,2.818678660142260872e-01
1.650513690836230000e+15,2.846405105339349095e-01
1.650513690838114000e+15,2.874131550536437318e-01
1.650513690839998000e+15,2.901857995733525541e-01
1.650513690841882250e+15,2.929588120129816842e-01
1.650513690843766250e+15,2.957314565326905620e-01
1.650513690845650250e+15,2.985041010523993843e-01
1.650513690847534500e+15,3.012771134920285698e-01
1.650513690849418500e+15,3.040497580117373921e-01
1.650513690851302500e+15,3.068224025314462144e-01
1.650513690853186500e+15,3.095950470511550368e-01
1.650513690855070750e+15,3.123680594907842223e-01
1.650513690856954750e+15,3.129320807286709583e-01
1.650513690858838750e+15,3.129320807286711803e-01
1.650513690860722750e+15,3.129320807286714023e-01
1.650513690862607000e+15,3.129320807286715134e-01
1.650513690864491000e+15,3.129320807286716799e-01
1.650513690866375000e+15,3.134256721988398220e-01
1.650513690868259000e+15,3.139397276603084763e-01
1.650513690870143250e+15,3.144538513350814135e-01
1.650513690872027250e+15,3.149679067965500678e-01
1.650513690873911250e+15,3.154819622580187222e-01
1.650513690875795500e+15,3.159960859327916594e-01
1.650513690877679500e+15,3.165101413942603137e-01
1.650513690879563500e+15,3.170241968557289125e-01
1.650513690881447500e+15,3.175382523171975668e-01
1.650513690883331750e+15,3.180523759919705040e-01
1.650513690885215750e+15,3.185664314534391583e-01
1.650513690887099750e+15,3.190982179028367116e-01
1.650513690888983750e+15,3.203424412606565852e-01
1.650513690890868000e+15,3.215868297224251382e-01
1.650513690892752000e+15,3.228310530802449563e-01
1.650513690894636000e+15,3.240752764380648299e-01
1.650513690896520000e+15,3.254922886434430951e-01
1.650513690898404250e+15,3.285971193109945010e-01
1.650513690900288250e+15,3.317015380333864227e-01
1.650513690902172250e+15,3.348059567557782890e-01
1.650513690904056500e+15,3.379107874233296949e-01
1.650513690905940500e+15,3.410152061457215611e-01
1.650513690907824500e+15,3.441196248681134273e-01
1.650513690909708500e+15,3.472240435905054046e-01
1.650513690911592750e+15,3.495304365261767687e-01
1.650513690913476750e+15,3.483704847684497841e-01
1.650513690915360750e+15,3.472105330107227994e-01
1.650513690917244750e+15,3.460505812529957592e-01
1.650513690919129000e+15,3.448904755738571581e-01
1.650513690921013000e+15,3.437305238161301735e-01
1.650513690922897000e+15,3.419895411813774211e-01
1.650513690924781000e+15,3.401822433726057748e-01
1.650513690926665250e+15,3.383747057419380644e-01
1.650513690928549250e+15,3.365674079331664181e-01
1.650513690930433250e+15,3.347601101243948274e-01
1.650513690932317500e+15,3.329525724937271169e-01
1.650513690934201500e+15,3.311452746849554707e-01
1.650513690936085500e+15,3.293379768761838799e-01
1.650513690937969500e+15,3.275306790674121782e-01
1.650513690939853750e+15,3.257231414367445232e-01
1.650513690941737750e+15,3.269586503339856898e-01
1.650513690943621750e+15,3.294206862315093298e-01
1.650513690945505750e+15,3.318827221290330809e-01
1.650513690947390000e+15,3.343450847298340411e-01
1.650513690949274000e+15,3.368071206273577367e-01
1.650513690951158000e+15,3.392691565248814323e-01
1.650513690953042000e+15,3.417311924224051278e-01
1.650513690954926250e+15,3.441918663277994672e-01
1.650513690956810250e+15,3.466467567965838548e-01
1.650513690958694250e+15,3.491016472653682423e-01
1.650513690960578500e+15,3.515568634892572986e-01
1.650513690962462500e+15,3.540117539580417416e-01
1.650513690964346500e+15,3.558835427894688208e-01
1.650513690966230500e+15,3.558835427894688208e-01
1.650513690968114750e+15,3.558835427894688763e-01
1.650513690969998750e+15,3.558835427894688763e-01
1.650513690971882750e+15,3.558835427894688763e-01
1.650513690973766750e+15,3.558835427894688763e-01
1.650513690975651000e+15,3.558835427894688208e-01
1.650513690977535000e+15,3.558835427894688763e-01
1.650513690979419000e+15,3.558835427894688763e-01
1.650513690981303000e+15,3.558835427894688208e-01
1.650513690983187250e+15,3.558835427894688763e-01
1.650513690985071250e+15,3.558835427894688763e-01
1.650513690986955250e+15,3.558835427894688763e-01
1.650513690988839500e+15,3.537439529977056685e-01
1.650513690990723500e+15,3.502188221121071421e-01
1.650513690992607500e+15,3.466936912265086712e-01
1.650513690994491500e+15,3.431685603409101448e-01
1.650513690996375750e+15,3.396429616831665443e-01
1.650513690998259750e+15,3.379719087632848673e-01
1.650513691000143750e+15,3.392598442054996499e-01
1.650513691002027750e+15,3.405477796477144881e-01
1.650513691003912000e+15,3.418358859943139150e-01
1.650513691005796000e+15,3.431238214365286976e-01
1.650513691007680000e+15,3.444117568787434802e-01
1.650513691009564000e+15,3.456996923209583183e-01
1.650513691011448250e+15,3.469877986675576897e-01
1.650513691013332250e+15,3.482757341097725279e-01
1.650513691015216250e+15,3.495636695519872550e-01
1.650513691017100500e+15,3.508517758985866819e-01
1.650513691018984500e+15,3.521397113408014645e-01
1.650513691020868500e+15,3.534276467830163027e-01
1.650513691022752500e+15,3.547155822252310853e-01
1.650513691024636750e+15,3.560455116230350492e-01
1.650513691026520750e+15,3.577817806554031144e-01
1.650513691028404750e+15,3.595180496877711795e-01
1.650513691030288750e+15,3.612543187201392447e-01
1.650513691032173000e+15,3.629908181491411368e-01
1.650513691034057000e+15,3.647270871815092019e-01
1.650513691035941000e+15,3.664633562138772671e-01
1.650513691037825000e+15,3.680741559461149226e-01
1.650513691039709250e+15,3.648853318590610795e-01
1.650513691041593250e+15,3.616969308613115497e-01
1.650513691043477250e+15,3.585085298635620754e-01
1.650513691045361500e+15,3.553197057765081768e-01
1.650513691047245500e+15,3.521313047787586470e-01
1.650513691049129500e+15,3.500302537034641892e-01
1.650513691051013500e+15,3.511500908842745683e-01
1.650513691052897750e+15,3.522700766634370151e-01
1.650513691054781750e+15,3.533899138442475052e-01
1.650513691056665750e+15,3.545097510250578843e-01
1.650513691058549750e+15,3.556295882058683189e-01
1.650513691060434000e+15,3.567495739850308212e-01
1.650513691062318000e+15,3.578694111658412558e-01
1.650513691064202000e+15,3.589892483466516904e-01
1.650513691066086000e+15,3.601090855274621250e-01
1.650513691067970250e+15,3.612290713066245718e-01
1.650513691069854250e+15,3.622517634414708643e-01
1.650513691071738250e+15,3.630413863388415874e-01
1.650513691073622500e+15,3.638311140163206781e-01
1.650513691075506500e+15,3.646207369136913456e-01
1.650513691077390500e+15,3.654103598110620132e-01
1.650513691079274500e+15,3.661999827084326253e-01
1.650513691081158750e+15,3.669897103859117715e-01
1.650513691083042750e+15,3.677793332832824946e-01
1.650513691084926750e+15,3.681553890925531314e-01
1.650513691086810750e+15,3.681553890925531314e-01
1.650513691088695000e+15,3.681553890925530759e-01
1.650513691090579000e+15,3.681553890925530759e-01
1.650513691092463000e+15,3.681553890925530759e-01
1.650513691094347000e+15,3.681553890925530759e-01
1.650513691096231250e+15,3.681553890925530759e-01
1.650513691098115250e+15,3.681553890925531314e-01
1.650513691099999250e+15,3.681553890925530759e-01
1.650513691101883500e+15,3.681553890925531314e-01
1.650513691103767500e+15,3.681553890925530759e-01
1.650513691105651500e+15,3.681553890925530759e-01
1.650513691107535500e+15,3.681553890925530759e-01
1.650513691109419750e+15,3.681553890925530759e-01
1.650513691111303750e+15,3.681553890925530204e-01
1.650513691113187750e+15,3.686429270927498170e-01
1.650513691115071750e+15,3.695823508640315724e-01
1.650513691116956000e+15,3.705218992934570243e-01
1.650513691118840000e+15,3.714613230647387243e-01
1.650513691120724000e+15,3.724007468360204243e-01
1.650513691122608000e+15,3.733401706073021242e-01
1.650513691124492250e+15,3.742797190367275206e-01
1.650513691126376250e+15,3.752191428080092761e-01
1.650513691128260250e+15,3.761585665792909761e-01
1.650513691130144500e+15,3.770981150087164280e-01
1.650513691132028500e+15,3.780375387799981279e-01
1.650513691133912500e+15,3.789769625512798834e-01
1.650513691135796500e+15,3.799163863225615279e-01
1.650513691137680750e+15,3.799964179248723206e-01
1.650513691139564750e+15,3.790523526559865797e-01
1.650513691141448750e+15,3.781082873871008943e-01
1.650513691143332750e+15,3.771642221182150978e-01
1.650513691145217000e+15,3.762200315752756152e-01
1.650513691147101000e+15,3.752759663063899298e-01
1.650513691148985000e+15,3.743319010375041889e-01
1.650513691150869000e+15,3.754044090790127908e-01
1.650513691152753250e+15,3.765676662676931130e-01
1.650513691154637250e+15,3.777307691168233506e-01
1.650513691156521250e+15,3.788938719659536436e-01
1.650513691158405500e+15,3.800571291546339658e-01
1.650513691160289500e+15,3.804272353956389963e-01
1.650513691162173500e+15,3.804272353956390518e-01
1.650513691164057500e+15,3.804272353956390518e-01
1.650513691165941750e+15,3.804272353956390518e-01
1.650513691167825750e+15,3.804272353956390518e-01
1.650513691169709750e+15,3.804272353956390518e-01
1.650513691171593750e+15,3.812404270495025060e-01
1.650513691173478000e+15,3.831050529987475306e-01
1.650513691175362000e+15,3.849694315516878351e-01
1.650513691177246000e+15,3.868338101046281396e-01
1.650513691179130000e+15,3.886981886575683331e-01
1.650513691181014250e+15,3.905628146068134132e-01
1.650513691182898250e+15,3.924271931597537177e-01
1.650513691184782250e+15,3.919328650205507469e-01
1.650513691186666500e+15,3.910357118275427091e-01
1.650513691188550500e+15,3.901386776677300272e-01
1.650513691190434500e+15,3.892416435079172898e-01
1.650513691192318500e+15,3.883446093481045525e-01
1.650513691194202750e+15,3.874474561550964591e-01
1.650513691196086750e+15,3.865786973093042755e-01
1.650513691197970750e+15,3.876730908733966863e-01
1.650513691199854750e+15,3.887674844374890970e-01
1.650513691201739000e+15,3.898620232236574279e-01
1.650513691203623000e+15,3.909564167877498386e-01
1.650513691205507000e+15,3.920508103518421938e-01
1.650513691207391000e+15,3.925035874452346696e-01
1.650513691209275250e+15,3.920239519671889217e-01
1.650513691211159250e+15,3.915443801265954260e-01
1.650513691213043250e+15,3.910648082860019303e-01
1.650513691214927500e+15,3.905851728079562379e-01
1.650513691216811500e+15,3.901056009673626868e-01
1.650513691218695500e+15,3.896260291267692466e-01
1.650513691220579500e+15,3.891464572861756954e-01
1.650513691222463750e+15,3.886668218081299475e-01
1.650513691224347750e+15,3.881872499675365074e-01
1.650513691226231750e+15,3.877076781269430117e-01
1.650513691228115750e+15,3.872281062863495160e-01
1.650513691230000000e+15,3.867484708083037126e-01
1.650513691231884000e+15,3.862252940543188240e-01
1.650513691233768000e+15,3.856746567666410330e-01
1.650513691235652000e+15,3.851240194789632421e-01
1.650513691237536250e+15,3.845733091237048540e-01
1.650513691239420250e+15,3.840226718360271185e-01
1.650513691241304250e+15,3.834720345483493276e-01
1.650513691243188500e+15,3.829213241930908285e-01
1.650513691245072500e+15,3.823706869054130930e-01
1.650513691246956500e+15,3.818200496177352465e-01
1.650513691248840500e+15,3.812694123300575111e-01
1.650513691250724750e+15,3.807187019747990675e-01
1.650513691252608750e+15,3.809423868683369796e-01
1.650513691254492750e+15,3.820368840485592332e-01
1.650513691256376750e+15,3.831313812287814868e-01
1.650513691258261000e+15,3.842260236448291622e-01
1.650513691260145000e+15,3.853205208250513603e-01
1.650513691262029000e+15,3.864150180052736694e-01
1.650513691263913000e+15,3.865631585471825948e-01
1.650513691265797250e+15,3.865631585471823728e-01
1.650513691267681250e+15,3.865631585471822063e-01
1.650513691269565250e+15,3.865631585471820397e-01
1.650513691271449500e+15,3.865631585471818177e-01
1.650513691273333500e+15,3.865631585471815956e-01
1.650513691275217500e+15,3.865631585471814291e-01
1.650513691277101500e+15,3.887958040831209217e-01
1.650513691278985750e+15,3.917284373010324616e-01
1.650513691280869750e+15,3.946606814207328506e-01
1.650513691282753750e+15,3.975929255404331286e-01
1.650513691284637750e+15,4.005251696601334621e-01
1.650513691286522000e+15,4.034578028780450021e-01
1.650513691288406000e+15,4.063900469977453356e-01
1.650513691290290000e+15,4.093222911174456691e-01
1.650513691292174000e+15,4.122545352371460581e-01
1.650513691294058250e+15,4.151871684550575425e-01
1.650513691295942250e+15,4.168135835299673353e-01
1.650513691297826250e+15,4.153779946796094524e-01
1.650513691299710500e+15,4.139422153317926512e-01
1.650513691301594500e+15,4.125066264814347683e-01
1.650513691303478500e+15,4.110710376310768299e-01
1.650513691305362500e+15,4.096354487807190026e-01
1.650513691307246750e+15,4.081996694329020903e-01
1.650513691309130750e+15,4.067640805825442629e-01
1.650513691311014750e+15,4.053284917321863245e-01
1.650513691312898750e+15,4.049709280018092272e-01
1.650513691314783000e+15,4.049709280018092272e-01
1.650513691316667000e+15,4.049709280018092272e-01
1.650513691318551000e+15,4.049709280018092272e-01
1.650513691320435000e+15,4.049709280018092272e-01
1.650513691322319250e+15,4.049709280018092272e-01
1.650513691324203250e+15,4.049709280018092272e-01
1.650513691326087250e+15,4.049709280018092272e-01
1.650513691327971500e+15,4.049709280018092272e-01
1.650513691329855500e+15,4.058782237591130326e-01
1.650513691331739500e+15,4.072639920661745849e-01
1.650513691333623500e+15,4.086497603732360817e-01
1.650513691335507750e+15,4.100357125667503100e-01
1.650513691337391750e+15,4.114214808738118068e-01
1.650513691339275750e+15,4.128072491808734146e-01
1.650513691341159750e+15,4.141930174879349669e-01
1.650513691343044000e+15,4.155789696814490841e-01
1.650513691344928000e+15,4.169647379885106919e-01
1.650513691346812000e+15,4.172427743048956472e-01
1.650513691348696000e+15,4.172427743048955917e-01
1.650513691350580250e+15,4.172427743048955362e-01
1.650513691352464250e+15,4.172427743048955362e-01
1.650513691354348250e+15,4.172427743048954252e-01
1.650513691356232500e+15,4.172427743048953697e-01
1.650513691358116500e+15,4.172427743048953142e-01
1.650513691360000500e+15,4.172427743048952586e-01
1.650513691361884500e+15,4.172427743048952031e-01
1.650513691363768750e+15,4.172427743048952586e-01
1.650513691365652750e+15,4.172427743048952031e-01
1.650513691367536750e+15,4.172427743048952031e-01
1.650513691369420750e+15,4.172427743048952031e-01
1.650513691371305000e+15,4.172427743048952031e-01
1.650513691373189000e+15,4.172427743048952031e-01
1.650513691375073000e+15,4.172427743048952031e-01
1.650513691376957000e+15,4.172427743048952586e-01
1.650513691378841250e+15,4.176086001388013558e-01
1.650513691380725250e+15,4.182293755236958788e-01
1.650513691382609250e+15,4.188501509085904573e-01
1.650513691384493500e+15,4.194710086681380234e-01
1.650513691386377500e+15,4.200917840530326020e-01
1.650513691388261500e+15,4.207125594379271250e-01
1.650513691390145500e+15,4.213333348228216479e-01
1.650513691392029750e+15,4.219541925823692696e-01
1.650513691393913750e+15,4.225749679672637926e-01
1.650513691395797750e+15,4.231957433521584266e-01
1.650513691397681750e+15,4.233786974564379690e-01
1.650513691399566000e+15,4.233786974564379690e-01
1.650513691401450000e+15,4.233786974564379690e-01
1.650513691403334000e+15,4.233786974564379690e-01
1.650513691405218000e+15,4.233786974564379690e-01
1.650513691407102250e+15,4.233786974564380245e-01
1.650513691408986250e+15,4.229863106847254195e-01
1.650513691410870250e+15,4.221933295338470282e-01
1.650513691412754500e+15,4.214002431572320129e-01
1.650513691414638500e+15,4.206072620063535661e-01
1.650513691416522500e+15,4.198142808554751193e-01
1.650513691418406500e+15,4.190212997045966725e-01
1.650513691420290750e+15,4.182282133279817127e-01
1.650513691422174750e+15,4.174352321771032659e-01
1.650513691424058750e+15,4.172427743048956472e-01
1.650513691425942750e+15,4.172427743048956472e-01
1.650513691427827000e+15,4.172427743048956472e-01
1.650513691429711000e+15,4.172427743048956472e-01
1.650513691431595000e+15,4.173082391603794017e-01
1.650513691433479000e+15,4.178663196478519248e-01
1.650513691435363250e+15,4.184244741905908116e-01
1.650513691437247250e+15,4.189825546780632237e-01
1.650513691439131250e+15,4.195406351655356914e-01
1.650513691441015500e+15,4.200987897082745226e-01
1.650513691442899500e+15,4.206568701957470457e-01
1.650513691444783500e+15,4.212149506832195134e-01
1.650513691446667500e+15,4.217730311706919810e-01
1.650513691448551750e+15,4.223311857134309233e-01
1.650513691450435750e+15,4.228892662009033909e-01
1.650513691452319750e+15,4.233786974564375805e-01
1.650513691454203750e+15,4.233786974564376360e-01
1.650513691456088000e+15,4.233786974564377470e-01
1.650513691457972000e+15,4.233786974564377470e-01
1.650513691459856000e+15,4.233786974564378025e-01
1.650513691461740000e+15,4.233786974564379135e-01
1.650513691463624250e+15,4.233786974564379690e-01
1.650513691465508250e+15,4.233786974564379135e-01
1.650513691467392250e+15,4.233786974564378580e-01
1.650513691469276500e+15,4.233786974564378025e-01
1.650513691471160500e+15,4.233786974564377470e-01
1.650513691473044500e+15,4.233786974564376360e-01
1.650513691474928500e+15,4.233786974564375249e-01
1.650513691476812750e+15,4.226864157496941221e-01
1.650513691478696750e+15,4.218365973848107742e-01
1.650513691480580750e+15,4.209867790199275372e-01
1.650513691482464750e+15,4.201369606550441893e-01
1.650513691484349000e+15,4.192870295223311006e-01
1.650513691486233000e+15,4.184372111574478637e-01
1.650513691488117000e+15,4.175873927925646267e-01
1.650513691490001000e+15,4.184970604756785839e-01
1.650513691491885250e+15,4.206072289732682989e-01
1.650513691493769250e+15,4.227171174962661704e-01
1.650513691495653250e+15,4.248270060192641528e-01
1.650513691497537500e+15,4.269371745168538124e-01
1.650513691499421500e+15,4.290470630398517393e-01
1.650513691501305500e+15,4.303249160876490564e-01
1.650513691503189500e+15,4.313658957560422280e-01
1.650513691505073750e+15,4.324070135586800534e-01
1.650513691506957750e+15,4.334479932270731695e-01
1.650513691508841750e+15,4.344889728954663410e-01
1.650513691510725750e+15,4.355299525638594571e-01
1.650513691512610000e+15,4.356505437595212804e-01
1.650513691514494000e+15,4.356505437595212804e-01
1.650513691516378000e+15,4.356505437595212804e-01
1.650513691518262000e+15,4.356505437595212249e-01
1.650513691520146250e+15,4.356505437595212804e-01
1.650513691522030250e+15,4.356505437595212804e-01
1.650513691523914250e+15,4.356505437595212804e-01
1.650513691525798500e+15,4.356505437595213359e-01
1.650513691527682500e+15,4.356505437595213359e-01
1.650513691529566500e+15,4.356505437595213359e-01
1.650513691531450500e+15,4.356505437595212804e-01
1.650513691533334750e+15,4.356505437595212804e-01
1.650513691535218750e+15,4.356505437595212804e-01
1.650513691537102750e+15,4.356505437595212804e-01
1.650513691538986750e+15,4.356505437595212804e-01
1.650513691540871000e+15,4.356505437595212804e-01
1.650513691542755000e+15,4.356505437595212804e-01
1.650513691544639000e+15,4.356505437595213914e-01
1.650513691546523000e+15,4.356505437595212804e-01
1.650513691548407250e+15,4.356505437595212804e-01
1.650513691550291250e+15,4.356505437595212804e-01
1.650513691552175250e+15,4.356505437595212804e-01
1.650513691554059500e+15,4.357837837022688343e-01
1.650513691555943500e+15,4.370810656254543458e-01
1.650513691557827500e+15,4.383783475486398018e-01
1.650513691559711500e+15,4.396756294718252578e-01
1.650513691561595750e+15,4.409730835396396542e-01
1.650513691563479750e+15,4.411817803320779996e-01
1.650513691565363750e+15,4.395606782121082023e-01
1.650513691567247750e+15,4.379395760921383496e-01
1.650513691569132000e+15,4.363182588577683152e-01
1.650513691571016000e+15,4.346971567377984069e-01
1.650513691572900000e+15,4.330760546178286097e-01
1.650513691574784000e+15,4.314549524978587014e-01
1.650513691576668250e+15,4.298336352634887225e-01
1.650513691578552250e+15,4.312820491240305643e-01
1.650513691580436250e+15,4.334825020063959866e-01
1.650513691582320500e+15,4.356832468809167525e-01
1.650513691584204500e+15,4.378836997632822303e-01
1.650513691586088500e+15,4.400841526456477082e-01
1.650513691587972500e+15,4.420393388044016603e-01
1.650513691589856750e+15,4.431565108208567749e-01
1.650513691591740750e+15,4.442735346122864137e-01
1.650513691593624750e+15,4.453905584037161081e-01
1.650513691595508750e+15,4.465075821951457469e-01
1.650513691597393000e+15,4.476247542116008615e-01
1.650513691599277000e+15,4.491351248381381667e-01
1.650513691601161000e+15,4.507883754293817158e-01
1.650513691603045000e+15,4.524416260206253204e-01
1.650513691604929250e+15,4.540950959922551711e-01
1.650513691606813250e+15,4.557483465834987202e-01
1.650513691608697250e+15,4.574015971747423803e-01
1.650513691610581500e+15,4.590550671463722310e-01
1.650513691612465500e+15,4.607083177376157801e-01
1.650513691614349500e+15,4.623615683288593847e-01
1.650513691616233500e+15,4.640148189201028783e-01
1.650513691618117750e+15,4.656682888917327845e-01
1.650513691620001750e+15,4.646988948554026111e-01
1.650513691621885750e+15,4.619785561761448056e-01
1.650513691623769750e+15,4.592582174968868891e-01
1.650513691625654000e+15,4.565375178385050470e-01
1.650513691627538000e+15,4.540583132141495226e-01
1.650513691629422000e+15,4.540583132141495781e-01
1.650513691631306000e+15,4.540583132141495781e-01
1.650513691633190250e+15,4.540583132141495781e-01
1.650513691635074250e+15,4.540583132141495781e-01
1.650513691636958250e+15,4.540583132141495781e-01
1.650513691638842500e+15,4.540583132141495781e-01
1.650513691640726500e+15,4.540583132141495781e-01
1.650513691642610500e+15,4.540889980307236673e-01
1.650513691644494500e+15,4.560486656383700987e-01
1.650513691646378750e+15,4.580085932868348531e-01
1.650513691648262750e+15,4.599682608944812845e-01
1.650513691650146750e+15,4.619279285021276604e-01
1.650513691652030750e+15,4.638875961097740919e-01
1.650513691653915000e+15,4.658475237582389017e-01
1.650513691655799000e+15,4.663301595172346659e-01
1.650513691657683000e+15,4.663301595172346659e-01
1.650513691659567000e+15,4.663301595172346659e-01
1.650513691661451250e+15,4.663301595172346103e-01
1.650513691663335250e+15,4.663301595172346103e-01
1.650513691665219250e+15,4.663301595172346659e-01
1.650513691667103500e+15,4.663301595172346659e-01
1.650513691668987500e+15,4.663301595172346103e-01
1.650513691670871500e+15,4.663301595172346659e-01
1.650513691672755500e+15,4.663301595172346103e-01
1.650513691674639750e+15,4.663301595172346103e-01
1.650513691676523750e+15,4.663301595172346103e-01
1.650513691678407750e+15,4.663301595172346659e-01
1.650513691680291750e+15,4.663301595172346659e-01
1.650513691682176000e+15,4.663301595172346659e-01
1.650513691684060000e+15,4.663301595172346659e-01
1.650513691685944000e+15,4.663301595172346103e-01
1.650513691687828000e+15,4.663301595172347214e-01
1.650513691689712250e+15,4.663301595172348879e-01
1.650513691691596250e+15,4.663301595172351099e-01
1.650513691693480250e+15,4.663301595172352765e-01
1.650513691695364500e+15,4.663301595172355540e-01
1.650513691697248500e+15,4.663301595172356651e-01
1.650513691699132500e+15,4.663301595172358871e-01
1.650513691701016500e+15,4.665927005715871934e-01
1.650513691702900750e+15,4.671919652374397769e-01
1.650513691704784750e+15,4.677911503935847648e-01
1.650513691706668750e+15,4.683903355497298082e-01
1.650513691708552750e+15,4.689895207058748516e-01
1.650513691710437000e+15,4.695887853717274352e-01
1.650513691712321000e+15,4.701879705278724231e-01
1.650513691714205000e+15,4.707871556840174110e-01
1.650513691716089000e+15,4.713863408401623989e-01
1.650513691717973250e+15,4.719856055060149824e-01
1.650513691719857250e+15,4.723019670603001430e-01
1.650513691721741250e+15,4.714735844578273327e-01
1.650513691723625500e+15,4.706450919319731252e-01
1.650513691725509500e+15,4.698167093295004815e-01
1.650513691727393500e+15,4.689883267270276712e-01
1.650513691729277500e+15,4.681599441245548610e-01
1.650513691731161750e+15,4.673314515987006534e-01
1.650513691733045750e+15,4.665030689962279542e-01
1.650513691734929750e+15,4.663301595172351099e-01
1.650513691736813750e+15,4.663301595172351099e-01
1.650513691738698000e+15,4.663301595172350544e-01
1.650513691740582000e+15,4.663301595172351099e-01
1.650513691742466000e+15,4.663301595172351099e-01
1.650513691744350000e+15,4.663301595172351099e-01
1.650513691746234250e+15,4.663301595172351099e-01
1.650513691748118250e+15,4.663301595172351099e-01
1.650513691750002250e+15,4.663301595172350544e-01
1.650513691751886500e+15,4.663301595172351099e-01
1.650513691753770500e+15,4.663301595172350544e-01
1.650513691755654500e+15,4.663301595172351099e-01
1.650513691757538500e+15,4.663301595172351099e-01
1.650513691759422750e+15,4.663301595172351099e-01
1.650513691761306750e+15,4.663301595172350544e-01
1.650513691763190750e+15,4.663301595172350544e-01
1.650513691765074750e+15,4.663301595172351099e-01
1.650513691766959000e+15,4.663301595172351099e-01
1.650513691768843000e+15,4.663301595172351099e-01
1.650513691770727000e+15,4.663301595172351099e-01
1.650513691772611000e+15,4.663301595172351099e-01
1.650513691774495250e+15,4.663301595172351099e-01
1.650513691776379250e+15,4.663301595172351099e-01
1.650513691778263250e+15,4.663301595172351099e-01
1.650513691780147500e+15,4.663301595172350544e-01
1.650513691782031500e+15,4.663301595172351099e-01
1.650513691783915500e+15,4.663301595172351099e-01
1.650513691785799500e+15,4.663301595172352210e-01
1.650513691787683750e+15,4.663301595172352765e-01
1.650513691789567750e+15,4.663301595172354430e-01
1.650513691791451750e+15,4.663301595172355540e-01
1.650513691793335750e+15,4.663301595172356651e-01
1.650513691795220000e+15,4.663301595172357761e-01
1.650513691797104000e+15,4.663301595172358871e-01
1.650513691798988000e+15,4.663301595172359981e-01
1.650513691800872000e+15,4.663301595172360536e-01
1.650513691802756250e+15,4.663301595172359981e-01
1.650513691804640250e+15,4.663301595172359981e-01
1.650513691806524250e+15,4.663301595172359981e-01
1.650513691808408500e+15,4.663301595172360536e-01
1.650513691810292500e+15,4.663301595172360536e-01
1.650513691812176500e+15,4.663301595172359981e-01
1.650513691814060500e+15,4.663301595172359981e-01
1.650513691815944750e+15,4.663301595172359981e-01
1.650513691817828750e+15,4.663301595172359981e-01
1.650513691819712750e+15,4.663301595172359981e-01
1.650513691821596750e+15,4.663301595172359981e-01
1.650513691823481000e+15,4.663301595172359981e-01
1.650513691825365000e+15,4.663301595172359981e-01
1.650513691827249000e+15,4.663301595172359981e-01
1.650513691829133000e+15,4.663274747152569844e-01
1.650513691831017250e+15,4.656047835539682822e-01
1.650513691832901250e+15,4.648821882784645032e-01
1.650513691834785250e+15,4.641595930029607242e-01
1.650513691836669500e+15,4.634369018416720221e-01
1.650513691838553500e+15,4.627143065661682986e-01
1.650513691840437500e+15,4.619917112906645196e-01
1.650513691842321500e+15,4.612691160151607406e-01
1.650513691844205750e+15,4.605464248538720939e-01
1.650513691846089750e+15,4.604947774106583624e-01
1.650513691847973750e+15,4.610810775180534393e-01
1.650513691849857750e+15,4.616673776254485162e-01
1.650513691851742000e+15,4.622537555327517200e-01
1.650513691853626000e+15,4.628400556401467414e-01
1.650513691855510000e+15,4.634263557475418738e-01
1.650513691857394000e+15,4.640126558549370062e-01
1.650513691859278250e+15,4.645990337622402100e-01
1.650513691861162250e+15,4.651853338696352869e-01
1.650513691863046250e+15,4.657716339770303637e-01
1.650513691864930500e+15,4.663301595172359981e-01
1.650513691866814500e+15,4.663301595172359426e-01
1.650513691868698500e+15,4.663301595172359981e-01
1.650513691870582500e+15,4.663301595172359981e-01
1.650513691872466750e+15,4.663301595172359981e-01
1.650513691874350750e+15,4.663301595172358871e-01
1.650513691876234750e+15,4.663301595172359426e-01
1.650513691878118750e+15,4.663301595172359981e-01
1.650513691880003000e+15,4.663301595172359981e-01
1.650513691881887000e+15,4.663301595172359981e-01
1.650513691883771000e+15,4.663301595172359981e-01
1.650513691885655000e+15,4.663301595172359981e-01
1.650513691887539250e+15,4.663301595172359981e-01
1.650513691889423250e+15,4.663301595172359981e-01
1.650513691891307250e+15,4.655752921326493654e-01
1.650513691893191500e+15,4.646706275631424243e-01
1.650513691895075500e+15,4.637660830234311415e-01
1.650513691896959500e+15,4.628615384837198032e-01
1.650513691898843500e+15,4.619569939440084649e-01
1.650513691900727750e+15,4.610523293745014684e-01
1.650513691902611750e+15,4.603147317358460833e-01
1.650513691904495750e+15,4.626611221996420609e-01
1.650513691906379750e+15,4.650075126634379830e-01
1.650513691908264000e+15,4.673542144847795399e-01
1.650513691910148000e+15,4.697006049485753509e-01
1.650513691912032000e+15,4.720469954123713285e-01
1.650513691913916000e+15,4.743933858761673061e-01
1.650513691915800250e+15,4.767400876975088631e-01
1.650513691917684250e+15,4.790864781613047296e-01
1.650513691919568250e+15,4.814328686251007072e-01
1.650513691921452500e+15,4.837795704464422641e-01
1.650513691923336500e+15,4.857732789116644967e-01
1.650513691925220500e+15,4.875234801557988273e-01
1.650513691927104500e+15,4.892736813999332135e-01
1.650513691928988750e+15,4.910241148894555763e-01
1.650513691930872750e+15,4.927743161335899069e-01
1.650513691932756750e+15,4.945245173777242931e-01
1.650513691934640750e+15,4.962747186218586237e-01
1.650513691936525000e+15,4.966488580429693211e-01
1.650513691938409000e+15,4.960267463640592456e-01
1.650513691940293000e+15,4.954046346851491700e-01
1.650513691942177000e+15,4.947825230062390389e-01
1.650513691944061250e+15,4.941603287753546514e-01
1.650513691945945250e+15,4.935382170964444648e-01
1.650513691947829250e+15,4.929161054175343337e-01
1.650513691949713500e+15,4.922939111866498907e-01
1.650513691951597500e+15,4.916717995077398151e-01
1.650513691953481500e+15,4.910496878288296840e-01
1.650513691955365500e+15,4.900805959401920986e-01
1.650513691957249750e+15,4.889746448020349523e-01
1.650513691959133750e+15,4.878688404001306766e-01
1.650513691961017750e+15,4.867630359982262900e-01
1.650513691962901750e+15,4.856572315963220143e-01
1.650513691964786000e+15,4.850259962284045878e-01
1.650513691966670000e+15,4.867326588426371670e-01
1.650513691968554000e+15,4.884393214568698571e-01
1.650513691970438000e+15,4.901459840711025473e-01
1.650513691972322250e+15,4.918528731533041709e-01
1.650513691974206250e+15,4.935595357675368611e-01
1.650513691976090250e+15,4.952661983817694402e-01
1.650513691977974500e+15,4.969730874639711193e-01
1.650513691979858500e+15,4.993700411758055235e-01
1.650513691981742500e+15,5.017821599483683892e-01
1.650513691983626500e+15,5.041942787209312549e-01
1.650513691985510750e+15,5.066067175729490613e-01
1.650513691987394750e+15,5.090188363455118159e-01
1.650513691989278750e+15,5.084748639816464300e-01
1.650513691991162750e+15,5.075694693060898155e-01
1.650513691993047000e+15,5.066639544879275592e-01
1.650513691994931000e+15,5.057585598123709447e-01
1.650513691996815000e+15,5.048531651368142192e-01
1.650513691998699000e+15,5.039477704612576048e-01
1.650513692000583250e+15,5.030422556430953485e-01
1.650513692002467250e+15,5.021368609675387340e-01
1.650513692004351250e+15,5.012314662919821195e-01
1.650513692006235500e+15,5.003259514738198632e-01
1.650513692008119500e+15,4.994205567982632488e-01
1.650513692010003500e+15,4.985151621227065233e-01
1.650513692011887500e+15,4.976097674471498533e-01
1.650513692013771750e+15,4.970097752749458309e-01
1.650513692015655750e+15,4.970097752749457753e-01
1.650513692017539750e+15,4.970097752749458309e-01
1.650513692019423750e+15,4.970097752749458309e-01
1.650513692021308000e+15,4.970097752749458309e-01
1.650513692023192000e+15,4.970097752749457753e-01
1.650513692025076000e+15,4.970097752749458309e-01
1.650513692026960000e+15,4.970097752749457753e-01
1.650513692028844250e+15,4.966624692551556142e-01
1.650513692030728250e+15,4.960699181650175538e-01
1.650513692032612250e+15,4.954773670748795489e-01
1.650513692034496500e+15,4.948847373553506568e-01
1.650513692036380500e+15,4.942921862652125964e-01
1.650513692038264500e+15,4.936996351750746470e-01
1.650513692040148500e+15,4.931070840849366421e-01
1.650513692042032750e+15,4.925144543654076390e-01
1.650513692043916750e+15,4.919219032752696341e-01
1.650513692045800750e+15,4.913293521851316292e-01
1.650513692047684750e+15,4.910028868472740560e-01
1.650513692049569000e+15,4.915608528333892946e-01
1.650513692051453000e+15,4.921187447892557687e-01
1.650513692053337000e+15,4.926766367451220763e-01
1.650513692055221000e+15,4.932345287009884949e-01
1.650513692057105250e+15,4.937924946871037335e-01
1.650513692058989250e+15,4.943503866429702076e-01
1.650513692060873250e+15,4.949082785988365707e-01
1.650513692062757500e+15,4.954662445849519203e-01
1.650513692064641500e+15,4.960241365408182834e-01
1.650513692066525500e+15,4.965820284966846465e-01
1.650513692068409500e+15,4.971221253239049842e-01
1.650513692070293750e+15,4.976037989979578691e-01
1.650513692072177750e+15,4.980854087641329864e-01
1.650513692074061750e+15,4.985670185303081592e-01
1.650513692075945750e+15,4.990486282964833320e-01
1.650513692077830000e+15,4.995303019705362169e-01
1.650513692079714000e+15,5.000119117367113342e-01
1.650513692081598000e+15,5.004935215028865070e-01
1.650513692083482000e+15,5.009751312690616798e-01
1.650513692085366250e+15,5.014568049431145091e-01
1.650513692087250250e+15,5.019384147092896820e-01
1.650513692089134250e+15,5.024200244754647438e-01
1.650513692091018500e+15,5.029016981495176841e-01
1.650513692092902500e+15,5.031456984264890409e-01
1.650513692094786500e+15,5.031456984264890409e-01
1.650513692096670500e+15,5.031456984264890409e-01
1.650513692098554750e+15,5.031456984264890409e-01
1.650513692100438750e+15,5.031456984264890409e-01
1.650513692102322750e+15,5.033053277121519731e-01
1.650513692104206750e+15,5.043999285281265399e-01
1.650513692106091000e+15,5.054946745936785835e-01
1.650513692107975000e+15,5.065892754096531503e-01
1.650513692109859000e+15,5.076838762256277171e-01
1.650513692111743000e+15,5.087784770416022839e-01
1.650513692113627250e+15,5.092816215780322509e-01
1.650513692115511250e+15,5.092816215780322509e-01
1.650513692117395250e+15,5.092816215780322509e-01
1.650513692119279500e+15,5.092816215780322509e-01
1.650513692121163500e+15,5.092816215780322509e-01
1.650513692123047500e+15,5.087126040198749477e-01
1.650513692124931500e+15,5.079371761142197350e-01
1.650513692126815750e+15,5.071616453120803003e-01
1.650513692128699750e+15,5.063862174064250876e-01
1.650513692130583750e+15,5.056107895007698749e-01
1.650513692132467750e+15,5.048353615951147733e-01
1.650513692134352000e+15,5.040598307929752275e-01
1.650513692136236000e+15,5.032844028873201259e-01
1.650513692138120000e+15,5.040498966657193103e-01
1.650513692140004000e+15,5.051510663378006027e-01
1.650513692141888250e+15,5.062523821311227801e-01
1.650513692143772250e+15,5.073535518032040725e-01
1.650513692145656250e+15,5.084547214752852540e-01
1.650513692147540500e+15,5.100745794419607737e-01
1.650513692149424500e+15,5.132565445444948748e-01
1.650513692151308500e+15,5.164385096470289760e-01
1.650513692153192500e+15,5.196204747495630771e-01
1.650513692155076750e+15,5.228028620873814702e-01
1.650513692156960750e+15,5.259848271899154604e-01
1.650513692158844750e+15,5.276893910326611037e-01
1.650513692160728750e+15,5.276893910326612147e-01
1.650513692162613000e+15,5.276893910326613257e-01
1.650513692164497000e+15,5.276893910326614368e-01
1.650513692166381000e+15,5.276893910326616588e-01
1.650513692168265000e+15,5.276893910326617698e-01
1.650513692170149250e+15,5.278611151389119849e-01
1.650513692172033250e+15,5.283578955092387286e-01
1.650513692173917250e+15,5.288546758795654723e-01
1.650513692175801500e+15,5.293515221708543494e-01
1.650513692177685500e+15,5.298483025411812042e-01
1.650513692179569500e+15,5.303450829115079479e-01
1.650513692181453500e+15,5.308418632818348026e-01
1.650513692183337750e+15,5.313387095731236798e-01
1.650513692185221750e+15,5.318354899434504235e-01
1.650513692187105750e+15,5.323322703137771672e-01
1.650513692188989750e+15,5.328290506841039109e-01
1.650513692190874000e+15,5.333258969753927881e-01
1.650513692192758000e+15,5.338226773457196428e-01
1.650513692194642000e+15,5.326791100388695854e-01
1.650513692196526000e+15,5.315267895427068234e-01
1.650513692198410250e+15,5.303743161377734161e-01
1.650513692200294250e+15,5.292219956416107651e-01
1.650513692202178250e+15,5.280696751454481142e-01
1.650513692204062500e+15,5.276893910326618808e-01
1.650513692205946500e+15,5.276893910326618808e-01
1.650513692207830500e+15,5.276893910326618808e-01
1.650513692209714500e+15,5.276893910326618808e-01
1.650513692211598750e+15,5.276893910326618808e-01
1.650513692213482750e+15,5.283712432523985925e-01
1.650513692215366750e+15,5.291752548824935065e-01
1.650513692217250750e+15,5.299792665125883095e-01
1.650513692219135000e+15,5.307833848321246162e-01
1.650513692221019000e+15,5.315873964622194192e-01
1.650513692222903000e+15,5.323914080923143333e-01
1.650513692224787000e+15,5.331954197224092473e-01
1.650513692226671250e+15,5.340304059335578835e-01
1.650513692228555250e+15,5.349768673071870762e-01
1.650513692230439250e+15,5.359233286808161578e-01
1.650513692232323500e+15,5.368699156464533662e-01
1.650513692234207500e+15,5.378163770200824478e-01
1.650513692236091500e+15,5.387628383937116405e-01
1.650513692237975500e+15,5.397092997673407222e-01
1.650513692239859750e+15,5.414316788847570727e-01
1.650513692241743750e+15,5.434351588184670456e-01
1.650513692243627750e+15,5.454386387521770185e-01
1.650513692245511750e+15,5.474421186858869914e-01
1.650513692247396000e+15,5.494458644741528897e-01
1.650513692249280000e+15,5.514493444078629736e-01
1.650513692251164000e+15,5.508692809346708019e-01
1.650513692253048000e+15,5.486291725696855748e-01
1.650513692254932250e+15,5.463887669504055022e-01
1.650513692256816250e+15,5.441486585854202751e-01
1.650513692258700250e+15,5.419085502204349369e-01
1.650513692260584500e+15,5.400997958788800180e-01
1.650513692262468500e+15,5.411587991051082236e-01
1.650513692264352500e+15,5.422178023313364292e-01
1.650513692266236500e+15,5.432768055575647459e-01
1.650513692268120750e+15,5.443359493096987523e-01
1.650513692270004750e+15,5.453949525359269579e-01
1.650513692271888750e+15,5.460971604872888463e-01
1.650513692273772750e+15,5.460971604872888463e-01
1.650513692275657000e+15,5.460971604872888463e-01
1.650513692277541000e+15,5.460971604872888463e-01
1.650513692279425000e+15,5.460971604872888463e-01
1.650513692281309000e+15,5.460971604872888463e-01
1.650513692283193250e+15,5.460971604872888463e-01
1.650513692285077250e+15,5.460971604872888463e-01
1.650513692286961250e+15,5.460971604872888463e-01
1.650513692288845500e+15,5.460971604872888463e-01
1.650513692290729500e+15,5.460971604872888463e-01
1.650513692292613500e+15,5.460971604872888463e-01
1.650513692294497500e+15,5.460971604872888463e-01
1.650513692296381750e+15,5.468952725382800750e-01
1.650513692298265750e+15,5.481199869378462486e-01
1.650513692300149750e+15,5.493447013374125332e-01
1.650513692302033750e+15,5.505694157369787067e-01
1.650513692303918000e+15,5.517942926517254154e-01
1.650513692305802000e+15,5.522330836388310571e-01
1.650513692307686000e+15,5.522330836388310571e-01
1.650513692309570000e+15,5.522330836388310571e-01
1.650513692311454250e+15,5.522330836388309461e-01
1.650513692313338250e+15,5.522330836388308350e-01
1.650513692315222250e+15,5.522330836388307240e-01
1.650513692317106500e+15,5.522330836388307240e-01
1.650513692318990500e+15,5.522330836388306130e-01
1.650513692320874500e+15,5.522330836388305020e-01
1.650513692322758500e+15,5.522330836388305020e-01
1.650513692324642750e+15,5.522330836388303910e-01
1.650513692326526750e+15,5.522330836388302799e-01
1.650513692328410750e+15,5.522330836388303910e-01
1.650513692330294750e+15,5.522330836388306130e-01
1.650513692332179000e+15,5.522330836388308350e-01
1.650513692334063000e+15,5.522330836388310571e-01
1.650513692335947000e+15,5.522330836388311681e-01
1.650513692337831000e+15,5.522330836388310571e-01
1.650513692339715250e+15,5.522330836388309461e-01
1.650513692341599250e+15,5.522330836388307240e-01
1.650513692343483250e+15,5.522330836388305020e-01
1.650513692345367500e+15,5.522330836388303910e-01
1.650513692347251500e+15,5.520286850722373462e-01
1.650513692349135500e+15,5.514949540958531404e-01
1.650513692351019500e+15,5.509612231194690457e-01
1.650513692352903750e+15,5.504274213189108700e-01
1.650513692354787750e+15,5.498936903425266642e-01
1.650513692356671750e+15,5.493599593661424585e-01
1.650513692358555750e+15,5.488262283897583638e-01
1.650513692360440000e+15,5.482924265892000770e-01
1.650513692362324000e+15,5.477586956128159823e-01
1.650513692364208000e+15,5.472249646364317766e-01
1.650513692366092000e+15,5.466912336600476818e-01
1.650513692367976250e+15,5.461574318594893951e-01
1.650513692369860250e+15,5.479801317629067192e-01
1.650513692371744250e+15,5.501028051410752351e-01
1.650513692373628500e+15,5.522257601903396429e-01
1.650513692375512500e+15,5.543484335685081588e-01
1.650513692377396500e+15,5.564711069466766746e-01
1.650513692379280500e+15,5.585937803248450795e-01
1.650513692381164750e+15,5.607167353741095983e-01
1.650513692383048750e+15,5.628394087522780032e-01
1.650513692384932750e+15,5.645049299419157007e-01
1.650513692386816750e+15,5.645049299419158118e-01
1.650513692388701000e+15,5.645049299419158118e-01
1.650513692390585000e+15,5.645049299419158118e-01
1.650513692392469000e+15,5.645049299419158118e-01
1.650513692394353000e+15,5.645049299419158118e-01
1.650513692396237250e+15,5.645049299419158118e-01
1.650513692398121250e+15,5.645049299419158118e-01
1.650513692400005250e+15,5.645049299419158118e-01
1.650513692401889500e+15,5.645049299419158118e-01
1.650513692403773500e+15,5.645049299419158118e-01
1.650513692405657500e+15,5.645049299419158118e-01
1.650513692407541500e+15,5.645049299419158118e-01
1.650513692409425750e+15,5.645049299419158118e-01
1.650513692411309750e+15,5.645049299419158118e-01
1.650513692413193750e+15,5.645049299419158118e-01
1.650513692415077750e+15,5.645049299419157007e-01
1.650513692416962000e+15,5.647849122084706019e-01
1.650513692418846000e+15,5.652863253170156144e-01
1.650513692420730000e+15,5.657877384255606268e-01
1.650513692422614000e+15,5.662891515341055282e-01
1.650513692424498250e+15,5.667906311783601492e-01
1.650513692426382250e+15,5.672920442869051616e-01
1.650513692428266250e+15,5.677934573954501740e-01
1.650513692430150500e+15,5.682949370397047950e-01
1.650513692432034500e+15,5.687963501482498074e-01
1.650513692433918500e+15,5.692977632567947088e-01
1.650513692435802500e+15,5.697991763653397213e-01
1.650513692437686750e+15,5.703006560095944533e-01
1.650513692439570750e+15,5.703125977327713203e-01
1.650513692441454750e+15,5.692916598878976497e-01
1.650513692443338750e+15,5.682707220430240902e-01
1.650513692445223000e+15,5.672496487233833484e-01
1.650513692447107000e+15,5.662287108785097889e-01
1.650513692448991000e+15,5.652077730336361183e-01
1.650513692450875000e+15,5.645049299419158118e-01
1.650513692452759250e+15,5.645049299419158118e-01
1.650513692454643250e+15,5.645049299419158118e-01
1.650513692456527250e+15,5.645049299419158118e-01
1.650513692458411500e+15,5.645049299419158118e-01
1.650513692460295500e+15,5.645049299419157007e-01
1.650513692462179500e+15,5.645049299419158118e-01
1.650513692464063500e+15,5.645049299419158118e-01
1.650513692465947750e+15,5.645049299419158118e-01
1.650513692467831750e+15,5.645049299419158118e-01
1.650513692469715750e+15,5.645049299419158118e-01
1.650513692471599750e+15,5.645049299419158118e-01
1.650513692473484000e+15,5.645049299419158118e-01
1.650513692475368000e+15,5.645049299419158118e-01
1.650513692477252000e+15,5.645049299419158118e-01
1.650513692479136000e+15,5.645049299419158118e-01
1.650513692481020250e+15,5.645049299419158118e-01
1.650513692482904250e+15,5.645049299419158118e-01
1.650513692484788250e+15,5.645049299419158118e-01
1.650513692486672500e+15,5.645049299419158118e-01
1.650513692488556500e+15,5.641834460191260670e-01
1.650513692490440500e+15,5.635502252030928361e-01
1.650513692492324500e+15,5.629170043870594942e-01
1.650513692494208750e+15,5.622836995449094211e-01
1.650513692496092750e+15,5.616504787288760792e-01
1.650513692497976750e+15,5.610172579128427373e-01
1.650513692499860750e+15,5.603840370968095064e-01
1.650513692501745000e+15,5.597507322546594333e-01
1.650513692503629000e+15,5.591175114386260914e-01
1.650513692505513000e+15,5.584842906225927495e-01
1.650513692507397000e+15,5.591956050574017345e-01
1.650513692509281250e+15,5.602063239312798926e-01
1.650513692511165250e+15,5.612169087042061522e-01
1.650513692513049250e+15,5.622274934771324117e-01
1.650513692514933500e+15,5.632382123510104588e-01
1.650513692516817500e+15,5.642487971239369404e-01
1.650513692518701500e+15,5.652593818968632000e-01
1.650513692520585500e+15,5.662699666697894596e-01
1.650513692522469750e+15,5.672806855436676177e-01
1.650513692524353750e+15,5.682912703165938773e-01
1.650513692526237750e+15,5.693018550895202479e-01
1.650513692528121750e+15,5.703124398624465075e-01
1.650513692530006000e+15,5.699317684883186130e-01
1.650513692531890000e+15,5.688815205354247340e-01
1.650513692533774000e+15,5.678312725825307439e-01
1.650513692535658000e+15,5.667810246296366428e-01
1.650513692537542250e+15,5.657306373126300691e-01
1.650513692539426250e+15,5.646803893597361901e-01
1.650513692541310250e+15,5.637501445373882536e-01
1.650513692543194500e+15,5.628438489194299565e-01
1.650513692545078500e+15,5.619376735476728779e-01
1.650513692546962500e+15,5.610314981759156883e-01
1.650513692548846500e+15,5.601253228041586096e-01
1.650513692550730750e+15,5.592190271862003126e-01
1.650513692552614750e+15,5.584850273633660267e-01
1.650513692554498750e+15,5.603572565669461270e-01
1.650513692556382750e+15,5.622294857705261162e-01
1.650513692558267000e+15,5.641019634121640092e-01
1.650513692560151000e+15,5.659741926157439984e-01
1.650513692562035000e+15,5.678464218193239876e-01
1.650513692563919000e+15,5.697186510229040879e-01
1.650513692565803250e+15,5.703604480031985169e-01
1.650513692567687250e+15,5.698079949939988120e-01
1.650513692569571250e+15,5.692555419847989961e-01
1.650513692571455500e+15,5.687030156670789260e-01
1.650513692573339500e+15,5.681505626578791102e-01
1.650513692575223500e+15,5.675981096486792943e-01
1.650513692577107500e+15,5.670456566394794784e-01
1.650513692578991750e+15,5.664931303217594083e-01
1.650513692580875750e+15,5.659406773125597034e-01
1.650513692582759750e+15,5.653882243033598876e-01
1.650513692584643750e+15,5.648357712941599607e-01
1.650513692586528000e+15,5.657137267894892796e-01
1.650513692588412000e+15,5.687261252826505409e-01
1.650513692590296000e+15,5.717385237758119132e-01
1.650513692592180000e+15,5.747509222689731745e-01
1.650513692594064250e+15,5.777637204965417883e-01
1.650513692595948250e+15,5.807761189897031606e-01
1.650513692597832250e+15,5.837885174828644219e-01
1.650513692599716500e+15,5.868013157104330357e-01
1.650513692601600500e+15,5.898137142035944080e-01
1.650513692603484500e+15,5.928261126967556693e-01
1.650513692605368500e+15,5.958385111899170417e-01
1.650513692607252750e+15,5.988513094174855445e-01
1.650513692609136750e+15,6.006675270640798869e-01
1.650513692611020750e+15,5.970467990968081340e-01
1.650513692612904750e+15,5.934260711295362700e-01
1.650513692614789000e+15,5.898048627047317582e-01
1.650513692616673000e+15,5.861841347374598943e-01
1.650513692618557000e+15,5.825634067701881413e-01
1.650513692620441000e+15,5.789426788029163884e-01
1.650513692622325250e+15,5.777251235878928526e-01
1.650513692624209250e+15,5.800845641874450287e-01
1.650513692626093250e+15,5.824440047869973158e-01
1.650513692627977500e+15,5.848037584758010166e-01
1.650513692629861500e+15,5.871631990753534147e-01
1.650513692631745500e+15,5.895226396749055908e-01
1.650513692633629500e+15,5.918820802744577669e-01
1.650513692635513750e+15,5.942418339632615787e-01
1.650513692637397750e+15,5.966012745628137548e-01
1.650513692639281750e+15,5.989607151623660419e-01
1.650513692641165750e+15,6.013201557619182180e-01
1.650513692643050000e+15,5.995330580715013680e-01
1.650513692644934000e+15,5.977456472918331043e-01
1.650513692646818000e+15,5.959582365121647296e-01
1.650513692648702000e+15,5.941708257324964659e-01
1.650513692650586250e+15,5.923831777698689294e-01
1.650513692652470250e+15,5.905957669902006657e-01
1.650513692654354250e+15,5.890486225480859872e-01
1.650513692656238500e+15,5.890486225480859872e-01
1.650513692658122500e+15,5.890486225480859872e-01
1.650513692660006500e+15,5.890486225480859872e-01
1.650513692661890500e+15,5.890486225480859872e-01
1.650513692663774750e+15,5.890486225480859872e-01
1.650513692665658750e+15,5.890486225480858762e-01
1.650513692667542750e+15,5.890486225480859872e-01
1.650513692669426750e+15,5.890486225480859872e-01
1.650513692671311000e+15,5.890486225480859872e-01
1.650513692673195000e+15,5.890486225480859872e-01
1.650513692675079000e+15,5.890486225480859872e-01
1.650513692676963000e+15,5.890486225480859872e-01
1.650513692678847250e+15,5.890486225480859872e-01
1.650513692680731250e+15,5.896467082693220840e-01
1.650513692682615250e+15,5.910055186387026538e-01
1.650513692684499500e+15,5.923645093173147691e-01
1.650513692686383500e+15,5.937233196866952278e-01
1.650513692688267500e+15,5.950821300560757976e-01
1.650513692690151500e+15,5.964409404254563674e-01
1.650513692692035750e+15,5.977999311040684827e-01
1.650513692693919750e+15,5.991587414734489414e-01
1.650513692695803750e+15,6.005175518428295112e-01
1.650513692697687750e+15,6.000419441771900342e-01
1.650513692699572000e+15,5.969163390951968129e-01
1.650513692701456000e+15,5.937911487146871892e-01
1.650513692703340000e+15,5.906659583341774544e-01
1.650513692705224000e+15,5.875407679536678307e-01
1.650513692707108250e+15,5.844151628716744984e-01
1.650513692708992250e+15,5.833378635007366864e-01
1.650513692710876250e+15,5.841566819748480466e-01
1.650513692712760500e+15,5.849756091032156657e-01
1.650513692714644500e+15,5.857944275773271370e-01
1.650513692716528500e+15,5.866132460514386082e-01
1.650513692718412500e+15,5.874320645255500795e-01
1.650513692720296750e+15,5.882509916539176986e-01
1.650513692722180750e+15,5.890486225480860982e-01
1.650513692724064750e+15,5.890486225480860982e-01
1.650513692725948750e+15,5.890486225480859872e-01
1.650513692727833000e+15,5.890486225480859872e-01
1.650513692729717000e+15,5.890486225480860982e-01
1.650513692731601000e+15,5.890486225480859872e-01
1.650513692733485000e+15,5.890486225480859872e-01
1.650513692735369250e+15,5.890486225480859872e-01
1.650513692737253250e+15,5.890486225480859872e-01
1.650513692739137250e+15,5.890486225480859872e-01
1.650513692741021500e+15,5.890486225480859872e-01
1.650513692742905500e+15,5.890486225480859872e-01
1.650513692744789500e+15,5.890486225480859872e-01
1.650513692746673500e+15,5.890486225480859872e-01
1.650513692748557750e+15,5.890486225480859872e-01
1.650513692750441750e+15,5.890486225480859872e-01
1.650513692752325750e+15,5.890486225480859872e-01
1.650513692754209750e+15,5.890486225480859872e-01
1.650513692756094000e+15,5.890486225480859872e-01
1.650513692757978000e+15,5.890486225480859872e-01
1.650513692759862000e+15,5.890486225480859872e-01
1.650513692761746000e+15,5.890486225480859872e-01
1.650513692763630250e+15,5.890486225480859872e-01
1.650513692765514250e+15,5.890486225480859872e-01
1.650513692767398250e+15,5.890486225480858762e-01
1.650513692769282500e+15,5.890486225480859872e-01
1.650513692771166500e+15,5.890486225480859872e-01
1.650513692773050500e+15,5.890486225480859872e-01
1.650513692774934500e+15,5.890486225480859872e-01
1.650513692776818750e+15,5.890486225480859872e-01
1.650513692778702750e+15,5.890486225480859872e-01
1.650513692780586750e+15,5.890486225480859872e-01
1.650513692782470750e+15,5.890486225480859872e-01
1.650513692784355000e+15,5.890486225480858762e-01
1.650513692786239000e+15,5.890486225480859872e-01
1.650513692788123000e+15,5.890486225480859872e-01
1.650513692790007000e+15,5.890486225480859872e-01
1.650513692791891250e+15,5.890486225480858762e-01
1.650513692793775250e+15,5.890486225480859872e-01
1.650513692795659250e+15,5.890486225480859872e-01
1.650513692797543500e+15,5.890486225480858762e-01
1.650513692799427500e+15,5.890486225480859872e-01
1.650513692801311500e+15,5.890486225480859872e-01
1.650513692803195500e+15,5.890486225480859872e-01
1.650513692805079750e+15,5.881073309644571090e-01
1.650513692806963750e+15,5.871252496444754332e-01
1.650513692808847750e+15,5.861431683244937574e-01
1.650513692810731750e+15,5.851610870045120816e-01
1.650513692812616000e+15,5.841788753658839761e-01
1.650513692814500000e+15,5.831967940459023003e-01
1.650513692816384000e+15,5.821345953052556865e-01
1.650513692818268000e+15,5.810397871588867114e-01
1.650513692820152250e+15,5.799448337354282668e-01
1.650513692822036250e+15,5.788500255890591806e-01
1.650513692823920250e+15,5.777552174426900944e-01
1.650513692825804500e+15,5.770041586665658473e-01
1.650513692827688500e+15,5.791407595754480830e-01
1.650513692829572500e+15,5.812773604843303188e-01
1.650513692831456500e+15,5.834139613932125545e-01
1.650513692833340750e+15,5.855508458213237732e-01
1.650513692835224750e+15,5.876874467302060090e-01
1.650513692837108750e+15,5.887209307996780216e-01
1.650513692838992750e+15,5.878180112325841478e-01
1.650513692840877000e+15,5.869149718513225755e-01
1.650513692842761000e+15,5.860120522842285906e-01
1.650513692844645000e+15,5.851091327171346057e-01
1.650513692846529000e+15,5.842062131500407318e-01
1.650513692848413250e+15,5.833031737687791596e-01
1.650513692850297250e+15,5.829126993965445536e-01
1.650513692852181250e+15,5.829126993965445536e-01
1.650513692854065500e+15,5.829126993965445536e-01
1.650513692855949500e+15,5.829126993965445536e-01
1.650513692857833500e+15,5.829126993965445536e-01
1.650513692859717500e+15,5.829126993965445536e-01
1.650513692861601750e+15,5.829126993965445536e-01
1.650513692863485750e+15,5.829126993965445536e-01
1.650513692865369750e+15,5.829126993965445536e-01
1.650513692867253750e+15,5.829126993965445536e-01
1.650513692869138000e+15,5.829126993965443315e-01
1.650513692871022000e+15,5.829126993965441095e-01
1.650513692872906000e+15,5.829126993965438874e-01
1.650513692874790000e+15,5.829126993965436654e-01
1.650513692876674250e+15,5.829126993965433323e-01
1.650513692878558250e+15,5.829126993965429993e-01
1.650513692880442250e+15,5.829126993965427772e-01
1.650513692882326500e+15,5.829126993965431103e-01
1.650513692884210500e+15,5.829126993965434433e-01
1.650513692886094500e+15,5.829126993965437764e-01
1.650513692887978500e+15,5.829126993965441095e-01
1.650513692889862750e+15,5.829126993965444425e-01
1.650513692891746750e+15,5.829126993965444425e-01
1.650513692893630750e+15,5.829126993965444425e-01
1.650513692895514750e+15,5.829126993965444425e-01
1.650513692897399000e+15,5.829126993965445536e-01
1.650513692899283000e+15,5.829126993965445536e-01
1.650513692901167000e+15,5.829126993965444425e-01
1.650513692903051000e+15,5.829126993965445536e-01
1.650513692904935250e+15,5.829126993965445536e-01
1.650513692906819250e+15,5.829126993965445536e-01
1.650513692908703250e+15,5.829126993965444425e-01
1.650513692910587500e+15,5.829126993965445536e-01
1.650513692912471500e+15,5.829126993965445536e-01
1.650513692914355500e+15,5.829126993965444425e-01
1.650513692916239500e+15,5.829126993965444425e-01
1.650513692918123750e+15,5.829126993965445536e-01
1.650513692920007750e+15,5.829126993965445536e-01
1.650513692921891750e+15,5.829126993965445536e-01
1.650513692923775750e+15,5.829126993965445536e-01
1.650513692925660000e+15,5.829126993965445536e-01
1.650513692927544000e+15,5.829126993965445536e-01
1.650513692929428000e+15,5.829126993965444425e-01
1.650513692931312000e+15,5.829126993965445536e-01
1.650513692933196250e+15,5.829126993965444425e-01
1.650513692935080250e+15,5.829126993965446646e-01
1.650513692936964250e+15,5.829126993965445536e-01
1.650513692938848500e+15,5.829126993965445536e-01
1.650513692940732500e+15,5.829126993965445536e-01
1.650513692942616500e+15,5.829126993965445536e-01
1.650513692944500500e+15,5.829126993965445536e-01
1.650513692946384750e+15,5.829126993965445536e-01
1.650513692948268750e+15,5.829126993965445536e-01
1.650513692950152750e+15,5.829126993965445536e-01
1.650513692952036750e+15,5.829126993965446646e-01
1.650513692953921000e+15,5.829126993965446646e-01
1.650513692955805000e+15,5.829126993965444425e-01
1.650513692957689000e+15,5.829126993965445536e-01
1.650513692959573000e+15,5.829126993965445536e-01
1.650513692961457250e+15,5.829126993965445536e-01
1.650513692963341250e+15,5.829126993965445536e-01
1.650513692965225250e+15,5.829126993965445536e-01
1.650513692967109500e+15,5.829126993965445536e-01
1.650513692968993500e+15,5.829126993965445536e-01
1.650513692970877500e+15,5.829126993965445536e-01
1.650513692972761500e+15,5.829126993965445536e-01
1.650513692974645750e+15,5.829126993965445536e-01
1.650513692976529750e+15,5.829126993965446646e-01
1.650513692978413750e+15,5.829126993965445536e-01
1.650513692980297750e+15,5.829126993965445536e-01
1.650513692982182000e+15,5.829126993965445536e-01
1.650513692984066000e+15,5.829126993965445536e-01
1.650513692985950000e+15,5.829126993965445536e-01
1.650513692987834000e+15,5.829126993965446646e-01
1.650513692989718250e+15,5.829126993965446646e-01
1.650513692991602250e+15,5.829126993965445536e-01
1.650513692993486250e+15,5.829126993965445536e-01
1.650513692995370500e+15,5.829126993965445536e-01
1.650513692997254500e+15,5.829126993965445536e-01
1.650513692999138500e+15,5.829126993965445536e-01
1.650513693001022500e+15,5.829126993965445536e-01
1.650513693002906750e+15,5.829126993965445536e-01
1.650513693004790750e+15,5.829126993965445536e-01
1.650513693006674750e+15,5.829126993965445536e-01
1.650513693008558750e+15,5.829126993965445536e-01
1.650513693010443000e+15,5.829126993965445536e-01
1.650513693012327000e+15,5.829126993965445536e-01
1.650513693014211000e+15,5.829126993965445536e-01
1.650513693016095000e+15,5.829126993965445536e-01
1.650513693017979250e+15,5.829126993965446646e-01
1.650513693019863250e+15,5.829126993965445536e-01
1.650513693021747250e+15,5.829126993965445536e-01
1.650513693023631500e+15,5.829126993965445536e-01
1.650513693025515500e+15,5.829126993965446646e-01
1.650513693027399500e+15,5.829126993965445536e-01
1.650513693029283500e+15,5.829126993965445536e-01
1.650513693031167750e+15,5.829126993965445536e-01
1.650513693033051750e+15,5.829126993965445536e-01
1.650513693034935750e+15,5.829126993965445536e-01
1.650513693036819750e+15,5.829126993965446646e-01
1.650513693038704000e+15,5.829126993965445536e-01
1.650513693040588000e+15,5.829126993965445536e-01
1.650513693042472000e+15,5.829126993965445536e-01
1.650513693044356000e+15,5.829126993965445536e-01
1.650513693046240250e+15,5.829126993965445536e-01
1.650513693048124250e+15,5.829126993965445536e-01
1.650513693050008250e+15,5.829126993965445536e-01
1.650513693051892500e+15,5.829126993965445536e-01
1.650513693053776500e+15,5.829126993965446646e-01
1.650513693055660500e+15,5.829126993965445536e-01
1.650513693057544500e+15,5.829126993965445536e-01
1.650513693059428750e+15,5.829126993965444425e-01
1.650513693061312750e+15,5.829126993965441095e-01
1.650513693063196750e+15,5.829126993965438874e-01
1.650513693065080750e+15,5.829126993965435544e-01
1.650513693066965000e+15,5.829126993965432213e-01
1.650513693068849000e+15,5.829126993965428882e-01
1.650513693070733000e+15,5.829126993965429993e-01
1.650513693072617000e+15,5.829126993965431103e-01
1.650513693074501250e+15,5.829126993965433323e-01
1.650513693076385250e+15,5.829126993965434433e-01
1.650513693078269250e+15,5.829126993965436654e-01
1.650513693080153500e+15,5.829126993965437764e-01
1.650513693082037500e+15,5.829126993965437764e-01
1.650513693083921500e+15,5.829126993965438874e-01
1.650513693085805500e+15,5.829126993965438874e-01
1.650513693087689750e+15,5.829126993965439985e-01
1.650513693089573750e+15,5.829126993965441095e-01
1.650513693091457750e+15,5.829126993965441095e-01
1.650513693093341750e+15,5.829126993965442205e-01
1.650513693095226000e+15,5.829126993965443315e-01
1.650513693097110000e+15,5.829126993965444425e-01
1.650513693098994000e+15,5.829126993965444425e-01
1.650513693100878000e+15,5.829126993965445536e-01
1.650513693102762250e+15,5.829126993965444425e-01
1.650513693104646250e+15,5.829126993965443315e-01
1.650513693106530250e+15,5.829126993965442205e-01
1.650513693108414500e+15,5.829126993965441095e-01
1.650513693110298500e+15,5.829126993965438874e-01
1.650513693112182500e+15,5.829126993965438874e-01
1.650513693114066500e+15,5.829126993965435544e-01
1.650513693115950750e+15,5.829126993965436654e-01
1.650513693117834750e+15,5.829126993965436654e-01
1.650513693119718750e+15,5.829126993965436654e-01
1.650513693121602750e+15,5.829126993965436654e-01
1.650513693123487000e+15,5.829126993965436654e-01
1.650513693125371000e+15,5.829126993965436654e-01
1.650513693127255000e+15,5.829126993965437764e-01
1.650513693129139000e+15,5.829126993965436654e-01
1.650513693131023250e+15,5.829126993965436654e-01
1.650513693132907250e+15,5.829126993965436654e-01
1.650513693134791250e+15,5.829126993965436654e-01
1.650513693136675500e+15,5.829126993965436654e-01
1.650513693138559500e+15,5.829126993965436654e-01
1.650513693140443500e+15,5.829126993965434433e-01
1.650513693142327500e+15,5.829126993965433323e-01
1.650513693144211750e+15,5.829126993965432213e-01
1.650513693146095750e+15,5.829126993965429993e-01
1.650513693147979750e+15,5.829126993965429993e-01
1.650513693149863750e+15,5.829126993965427772e-01
1.650513693151748000e+15,5.829126993965426662e-01
1.650513693153632000e+15,5.829126993965427772e-01
1.650513693155516000e+15,5.829126993965427772e-01
1.650513693157400000e+15,5.829126993965427772e-01
1.650513693159284250e+15,5.829126993965427772e-01
1.650513693161168250e+15,5.829126993965427772e-01
1.650513693163052250e+15,5.829126993965427772e-01
1.650513693164936500e+15,5.829126993965427772e-01
1.650513693166820500e+15,5.829126993965427772e-01
1.650513693168704500e+15,5.829126993965427772e-01
1.650513693170588500e+15,5.829126993965427772e-01
1.650513693172472750e+15,5.829126993965427772e-01
1.650513693174356750e+15,5.829126993965427772e-01
1.650513693176240750e+15,5.829126993965427772e-01
1.650513693178124750e+15,5.829126993965427772e-01
1.650513693180009000e+15,5.829126993965426662e-01
1.650513693181893000e+15,5.829126993965427772e-01
1.650513693183777000e+15,5.829126993965427772e-01
1.650513693185661000e+15,5.829126993965432213e-01
1.650513693187545250e+15,5.829126993965434433e-01
1.650513693189429250e+15,5.829126993965436654e-01
1.650513693191313250e+15,5.829126993965439985e-01
1.650513693193197500e+15,5.829126993965443315e-01
1.650513693195081500e+15,5.829126993965444425e-01
1.650513693196965500e+15,5.829126993965442205e-01
1.650513693198849500e+15,5.829126993965438874e-01
1.650513693200733750e+15,5.829126993965435544e-01
1.650513693202617750e+15,5.829126993965431103e-01
1.650513693204501750e+15,5.829126993965427772e-01
1.650513693206385750e+15,5.829126993965428882e-01
1.650513693208270000e+15,5.829126993965429993e-01
1.650513693210154000e+15,5.829126993965429993e-01
1.650513693212038000e+15,5.829126993965431103e-01
1.650513693213922000e+15,5.829126993965432213e-01
1.650513693215806250e+15,5.829126993965432213e-01
1.650513693217690250e+15,5.829126993965433323e-01
1.650513693219574250e+15,5.829126993965434433e-01
1.650513693221458500e+15,5.829126993965435544e-01
1.650513693223342500e+15,5.829126993965435544e-01
1.650513693225226500e+15,5.823987486217915288e-01
1.650513693227110500e+15,5.805735209881756065e-01
1.650513693228994750e+15,5.787480511534406347e-01
1.650513693230878750e+15,5.769228235198247123e-01
1.650513693232762750e+15,5.750975958862087900e-01
1.650513693234646750e+15,5.732723682525929787e-01
1.650513693236531000e+15,5.714468984178580069e-01
1.650513693238415000e+15,5.696216707842420846e-01
1.650513693240299000e+15,5.677964431506262732e-01
1.650513693242183000e+15,5.659712155170103509e-01
1.650513693244067250e+15,5.641457456822753791e-01
1.650513693245951250e+15,5.623205180486594568e-01
1.650513693247835250e+15,5.604952904150436455e-01
1.650513693249719500e+15,5.586698205803085626e-01
1.650513693251603500e+15,5.593138957196114314e-01
1.650513693253487500e+15,5.604452403288801010e-01
1.650513693255371500e+15,5.615765849381487707e-01
1.650513693257255750e+15,5.627080796727637058e-01
1.650513693259139750e+15,5.638394242820323754e-01
1.650513693261023750e+15,5.658486607365366128e-01
1.650513693262907750e+15,5.691120688152526697e-01
1.650513693264792000e+15,5.723759099364420511e-01
1.650513693266676000e+15,5.756393180151582190e-01
1.650513693268560000e+15,5.789027260938741648e-01
1.650513693270444000e+15,5.821661341725903327e-01
1.650513693272328250e+15,5.821342933627617899e-01
1.650513693274212250e+15,5.811251641918390165e-01
1.650513693276096250e+15,5.801160350209162431e-01
1.650513693277980500e+15,5.791067719421947313e-01
1.650513693279864500e+15,5.780976427712720689e-01
1.650513693281748500e+15,5.770885136003491844e-01
1.650513693283632500e+15,5.760793844294265220e-01
1.650513693285516750e+15,5.750701213507050102e-01
1.650513693287400750e+15,5.740609921797822368e-01
1.650513693289284750e+15,5.730518630088594634e-01
1.650513693291168750e+15,5.720427338379366899e-01
1.650513693293053000e+15,5.710334707592152892e-01
1.650513693294937000e+15,5.703457359839589902e-01
1.650513693296821000e+15,5.698626772226242920e-01
1.650513693298705000e+15,5.693796184612895939e-01
1.650513693300589250e+15,5.688964955998006001e-01
1.650513693302473250e+15,5.684134368384659020e-01
1.650513693304357250e+15,5.679303780771310928e-01
1.650513693306241500e+15,5.674472552156422100e-01
1.650513693308125500e+15,5.669641964543075119e-01
1.650513693310009500e+15,5.664811376929727027e-01
1.650513693311893500e+15,5.659980789316380045e-01
1.650513693313777750e+15,5.655149560701490108e-01
1.650513693315661750e+15,5.650318973088143126e-01
1.650513693317545750e+15,5.645488385474795034e-01
1.650513693319429750e+15,5.645049299419175881e-01
1.650513693321314000e+15,5.645049299419175881e-01
1.650513693323198000e+15,5.645049299419175881e-01
1.650513693325082000e+15,5.645049299419175881e-01
1.650513693326966000e+15,5.651974223726516922e-01
1.650513693328850250e+15,5.659949950270593000e-01
1.650513693330734250e+15,5.667924618604963660e-01
1.650513693332618250e+15,5.675899286939334321e-01
1.650513693334502500e+15,5.683875013483410399e-01
1.650513693336386500e+15,5.691849681817779949e-01
1.650513693338270500e+15,5.699824350152152830e-01
1.650513693340154500e+15,5.704440506373683606e-01
1.650513693342038750e+15,5.693152073256816381e-01
1.650513693343922750e+15,5.681865137875534710e-01
1.650513693345806750e+15,5.670578202494255260e-01
1.650513693347690750e+15,5.659291267112974699e-01
1.650513693349575000e+15,5.648002833996106364e-01
1.650513693351459000e+15,5.636715898614825804e-01
1.650513693353343000e+15,5.625428963233545243e-01
1.650513693355227000e+15,5.614142027852265793e-01
1.650513693357111250e+15,5.602853594735398568e-01
1.650513693358995250e+15,5.591566659354118007e-01
1.650513693360879250e+15,5.588850552876785116e-01
1.650513693362763500e+15,5.605932052763460405e-01
1.650513693364647500e+15,5.623011286297487921e-01
1.650513693366531500e+15,5.640090519831517657e-01
1.650513693368415500e+15,5.657169753365547393e-01
1.650513693370299750e+15,5.674251253252220462e-01
1.650513693372183750e+15,5.691330486786249088e-01
1.650513693374067750e+15,5.707022290069894144e-01
1.650513693375951750e+15,5.712260442780712211e-01
1.650513693377836000e+15,5.717499290575488446e-01
1.650513693379720000e+15,5.722737443286306513e-01
1.650513693381604000e+15,5.727975595997123470e-01
1.650513693383488000e+15,5.733213748707941537e-01
1.650513693385372250e+15,5.738452596502718883e-01
1.650513693387256250e+15,5.743690749213536950e-01
1.650513693389140250e+15,5.748928901924353907e-01
1.650513693391024500e+15,5.754167749719130143e-01
1.650513693392908500e+15,5.759405902429948210e-01
1.650513693394792500e+15,5.764644055140766277e-01
1.650513693396676500e+15,5.770013368588958746e-01
1.650513693398560750e+15,5.775577186297473631e-01
1.650513693400444750e+15,5.781140265805416734e-01
1.650513693402328750e+15,5.786703345313359836e-01
1.650513693404212750e+15,5.792266424821302939e-01
1.650513693406097000e+15,5.797830242529817824e-01
1.650513693407981000e+15,5.803393322037760926e-01
1.650513693409865000e+15,5.808956401545704029e-01
1.650513693411749000e+15,5.814519481053647132e-01
1.650513693413633250e+15,5.820083298762162016e-01
1.650513693415517250e+15,5.825646378270105119e-01
1.650513693417401250e+15,5.825772841500501675e-01
1.650513693419285500e+15,5.816811392678045145e-01
1.650513693421169500e+15,5.807851132849726206e-01
1.650513693423053500e+15,5.798890873021407266e-01
1.650513693424937500e+15,5.789930613193089437e-01
1.650513693426821750e+15,5.780969164370631797e-01
1.650513693428705750e+15,5.772008904542313967e-01
1.650513693430589750e+15,5.763048644713995028e-01
1.650513693432473750e+15,5.754088384885677199e-01
1.650513693434358000e+15,5.745126936063220668e-01
1.650513693436242000e+15,5.736166676234901729e-01
1.650513693438126000e+15,5.727206416406583900e-01
1.650513693440010000e+15,5.718246156578266071e-01
1.650513693441894250e+15,5.709284707755808430e-01
1.650513693443778250e+15,5.714513207952256479e-01
1.650513693445662250e+15,5.726449273225879821e-01
1.650513693447546500e+15,5.738386922372282761e-01
1.650513693449430500e+15,5.750322987645906103e-01
1.650513693451314500e+15,5.762259052919529445e-01
1.650513693453198500e+15,5.788185619070717047e-01
1.650513693455082750e+15,5.826108089585827488e-01
1.650513693456966750e+15,5.864025528593637127e-01
1.650513693458850750e+15,5.901942967601447876e-01
1.650513693460734750e+15,5.939860406609258625e-01
1.650513693462619000e+15,5.977782877124367955e-01
1.650513693464503000e+15,6.011937020283131261e-01
1.650513693466387000e+15,5.992676641713480246e-01
1.650513693468271000e+15,5.973416263143830340e-01
1.650513693470155250e+15,5.954153328791460531e-01
1.650513693472039250e+15,5.934892950221810626e-01
1.650513693473923250e+15,5.915632571652160721e-01
1.650513693475807500e+15,5.896369637299792021e-01
1.650513693477691500e+15,5.885882523964940383e-01
1.650513693479575500e+15,5.879254038175083519e-01
1.650513693481459500e+15,5.872625552385227765e-01
1.650513693483343750e+15,5.865996187019232311e-01
1.650513693485227750e+15,5.859367701229376557e-01
1.650513693487111750e+15,5.852739215439519693e-01
1.650513693488995750e+15,5.846110729649663940e-01
1.650513693490880000e+15,5.839481364283667375e-01
1.650513693492764000e+15,5.832852878493810511e-01
1.650513693494648000e+15,5.829126993965436654e-01
1.650513693496532000e+15,5.829126993965436654e-01
1.650513693498416250e+15,5.829126993965436654e-01
1.650513693500300250e+15,5.829126993965436654e-01
1.650513693502184250e+15,5.829126993965436654e-01
1.650513693504068500e+15,5.829126993965436654e-01
1.650513693505952500e+15,5.829126993965436654e-01
1.650513693507836500e+15,5.829126993965436654e-01
1.650513693509720500e+15,5.829126993965436654e-01
1.650513693511604750e+15,5.829126993965436654e-01
1.650513693513488750e+15,5.870461223041922860e-01
1.650513693515372750e+15,5.912356952742046090e-01
1.650513693517256750e+15,5.954252682442167099e-01
1.650513693519141000e+15,5.996153971554405437e-01
1.650513693521025000e+15,6.038049701254526447e-01
1.650513693522909000e+15,6.076949865881841051e-01
1.650513693524793000e+15,6.095524750139100778e-01
1.650513693526677250e+15,6.114102099216460751e-01
1.650513693528561250e+15,6.132676983473721588e-01
1.650513693530445250e+15,6.151251867730982426e-01
1.650513693532329500e+15,6.169829216808342398e-01
1.650513693534213500e+15,6.188404101065603236e-01
1.650513693536097500e+15,6.194145691743714321e-01
1.650513693537981500e+15,6.188137022261148701e-01
1.650513693539865750e+15,6.182127555449830059e-01
1.650513693541749750e+15,6.176118885967265548e-01
1.650513693543633750e+15,6.170110216484699928e-01
1.650513693545517750e+15,6.164101547002134307e-01
1.650513693547402000e+15,6.158092080190815665e-01
1.650513693549286000e+15,6.152083410708251154e-01
1.650513693551170000e+15,6.146074741225685534e-01
1.650513693553054000e+15,6.140066071743119913e-01
1.650513693554938250e+15,6.133308056127151353e-01
1.650513693556822250e+15,6.124889705400742290e-01
1.650513693558706250e+15,6.116471354674333227e-01
1.650513693560590500e+15,6.108051886863166136e-01
1.650513693562474500e+15,6.099633536136757073e-01
1.650513693564358500e+15,6.091215185410346900e-01
1.650513693566242500e+15,6.082796834683937837e-01
1.650513693568126750e+15,6.074688877244629470e-01
1.650513693570010750e+15,6.080327665214729782e-01
1.650513693571894750e+15,6.085966453184832314e-01
1.650513693573778750e+15,6.091605241154934847e-01
1.650513693575663000e+15,6.097244777371847446e-01
1.650513693577547000e+15,6.102883565341949978e-01
1.650513693579431000e+15,6.108522353312051401e-01
1.650513693581315000e+15,6.114161141282152823e-01
1.650513693583199250e+15,6.119800677499065422e-01
1.650513693585083250e+15,6.125439465469167954e-01
1.650513693586967250e+15,6.131078253439269377e-01
1.650513693588851500e+15,6.135923151542561627e-01
1.650513693590735500e+15,6.135923151542561627e-01
1.650513693592619500e+15,6.135923151542561627e-01
1.650513693594503500e+15,6.135923151542561627e-01
1.650513693596387750e+15,6.135923151542561627e-01
1.650513693598271750e+15,6.135923151542561627e-01
1.650513693600155750e+15,6.135923151542561627e-01
1.650513693602039750e+15,6.135923151542561627e-01
1.650513693603924000e+15,6.135923151542561627e-01
1.650513693605808000e+15,6.135923151542561627e-01
1.650513693607692000e+15,6.135923151542561627e-01
1.650513693609576000e+15,6.135923151542560516e-01
1.650513693611460250e+15,6.135923151542561627e-01
1.650513693613344250e+15,6.135923151542561627e-01
1.650513693615228250e+15,6.135923151542561627e-01
1.650513693617112500e+15,6.135923151542561627e-01
1.650513693618996500e+15,6.135923151542561627e-01
1.650513693620880500e+15,6.135923151542561627e-01
1.650513693622764500e+15,6.135923151542561627e-01
1.650513693624648750e+15,6.135923151542561627e-01
1.650513693626532750e+15,6.135923151542561627e-01
1.650513693628416750e+15,6.135923151542561627e-01
1.650513693630300750e+15,6.135923151542560516e-01
1.650513693632185000e+15,6.135923151542561627e-01
1.650513693634069000e+15,6.130924175087367756e-01
1.650513693635953000e+15,6.122874541205669541e-01
1.650513693637837000e+15,6.114824907323972436e-01
1.650513693639721250e+15,6.106774205284912771e-01
1.650513693641605250e+15,6.098724571403215666e-01
1.650513693643489250e+15,6.090674937521518562e-01
1.650513693645373500e+15,6.082624235482457786e-01
1.650513693647257500e+15,6.074574601600760682e-01
1.650513693649141500e+15,6.080780796392042387e-01
1.650513693651025500e+15,6.087005933288921478e-01
1.650513693652909750e+15,6.093231896238999745e-01
1.650513693654793750e+15,6.099457033135879946e-01
1.650513693656677750e+15,6.105682170032759037e-01
1.650513693658561750e+15,6.111907306929639239e-01
1.650513693660446000e+15,6.118133269879716396e-01
1.650513693662330000e+15,6.124358406776596597e-01
1.650513693664214000e+15,6.130583543673475688e-01
1.650513693666098000e+15,6.135923151542561627e-01
1.650513693667982250e+15,6.135923151542561627e-01
1.650513693669866250e+15,6.135923151542561627e-01
1.650513693671750250e+15,6.135923151542561627e-01
1.650513693673634500e+15,6.135923151542561627e-01
1.650513693675518500e+15,6.135923151542561627e-01
1.650513693677402500e+15,6.135923151542561627e-01
1.650513693679286500e+15,6.135923151542561627e-01
1.650513693681170750e+15,6.135923151542561627e-01
1.650513693683054750e+15,6.135923151542561627e-01
1.650513693684938750e+15,6.135923151542562737e-01
1.650513693686822750e+15,6.135923151542560516e-01
1.650513693688707000e+15,6.135923151542561627e-01
1.650513693690591000e+15,6.135923151542561627e-01
1.650513693692475000e+15,6.135923151542561627e-01
1.650513693694359000e+15,6.135923151542561627e-01
1.650513693696243250e+15,6.135923151542561627e-01
1.650513693698127250e+15,6.135923151542561627e-01
1.650513693700011250e+15,6.129446587061898599e-01
1.650513693701895500e+15,6.117658645383375893e-01
1.650513693703779500e+15,6.105872267714628210e-01
1.650513693705663500e+15,6.094085890045880527e-01
1.650513693707547500e+15,6.082299512377133954e-01
1.650513693709431750e+15,6.079818473466330753e-01
1.650513693711315750e+15,6.095101497286408154e-01
1.650513693713199750e+15,6.110384521106484446e-01
1.650513693715083750e+15,6.125667544926562957e-01
1.650513693716968000e+15,6.140952596748739944e-01
1.650513693718852000e+15,6.156235620568817346e-01
1.650513693720736000e+15,6.171518644388894748e-01
1.650513693722620000e+15,6.186801668208972149e-01
1.650513693724504250e+15,6.193009601768743044e-01
1.650513693726388250e+15,6.179417503923350097e-01
1.650513693728272250e+15,6.165825406077958259e-01
1.650513693730156500e+15,6.152231504610241597e-01
1.650513693732040500e+15,6.138639406764849760e-01
1.650513693733924500e+15,6.118985037367593582e-01
1.650513693735808500e+15,6.097816608110120384e-01
1.650513693737692750e+15,6.076645369878490577e-01
1.650513693739576750e+15,6.055476940621017379e-01
1.650513693741460750e+15,6.034308511363545291e-01
1.650513693743344750e+15,6.013275279864499501e-01
1.650513693745229000e+15,6.036407759252842009e-01
1.650513693747113000e+15,6.059537169451932881e-01
1.650513693748997000e+15,6.082666579651023753e-01
1.650513693750881000e+15,6.105795989850115735e-01
1.650513693752765250e+15,6.128928469238458243e-01
1.650513693754649250e+15,6.128164697624998158e-01
1.650513693756533250e+15,6.117042820371286771e-01
1.650513693758417500e+15,6.105919467284606217e-01
1.650513693760301500e+15,6.094797590030894829e-01
1.650513693762185500e+15,6.083675712777184552e-01
1.650513693764069500e+15,6.073681435620329472e-01
1.650513693765953750e+15,6.068797966476383587e-01
1.650513693767837750e+15,6.063915145265189599e-01
1.650513693769721750e+15,6.059032324053994500e-01
1.650513693771605750e+15,6.054149502842800512e-01
1.650513693773490000e+15,6.049266033698856848e-01
1.650513693775374000e+15,6.044383212487660639e-01
1.650513693777258000e+15,6.039500391276466651e-01
1.650513693779142000e+15,6.034617570065272663e-01
1.650513693781026250e+15,6.029734100921327888e-01
1.650513693782910250e+15,6.024851279710133900e-01
1.650513693784794250e+15,6.019968458498938801e-01
1.650513693786678500e+15,6.015084989354994027e-01
1.650513693788562500e+15,6.013204688511722962e-01
1.650513693790446500e+15,6.013204688511721852e-01
1.650513693792330500e+15,6.013204688511719631e-01
1.650513693794214750e+15,6.013204688511718521e-01
1.650513693796098750e+15,6.013204688511716300e-01
1.650513693797982750e+15,6.013204688511715190e-01
1.650513693799866750e+15,6.005434682998230800e-01
1.650513693801751000e+15,5.994003386579113135e-01
1.650513693803635000e+15,5.982573606850511982e-01
1.650513693805519000e+15,5.971143827121909720e-01
1.650513693807403000e+15,5.959714047393308567e-01
1.650513693809287250e+15,5.948282750974192012e-01
1.650513693811171250e+15,5.936852971245589750e-01
1.650513693813055250e+15,5.925423191516989707e-01
1.650513693814939500e+15,5.913991895097872042e-01
1.650513693816823500e+15,5.902562115369269780e-01
1.650513693818707500e+15,5.891132335640668627e-01
1.650513693820591500e+15,5.906153256152213427e-01
1.650513693822475750e+15,5.922761190072052262e-01
1.650513693824359750e+15,5.939366920471402800e-01
1.650513693826243750e+15,5.955972650870755558e-01
1.650513693828127750e+15,5.972578381270106096e-01
1.650513693830012000e+15,5.989186315189944931e-01
1.650513693831896000e+15,6.005792045589296579e-01
1.650513693833780000e+15,6.013204688511724072e-01
1.650513693835664000e+15,6.013204688511722962e-01
1.650513693837548250e+15,6.013204688511722962e-01
1.650513693839432250e+15,6.013204688511721852e-01
1.650513693841316250e+15,6.013204688511721852e-01
1.650513693843200500e+15,6.013204688511720741e-01
1.650513693845084500e+15,6.013204688511719631e-01
1.650513693846968500e+15,6.013204688511719631e-01
1.650513693848852500e+15,6.013204688511718521e-01
1.650513693850736750e+15,6.013204688511718521e-01
1.650513693852620750e+15,6.013204688511717411e-01
1.650513693854504750e+15,6.013204688511717411e-01
1.650513693856388750e+15,6.013204688511716300e-01
1.650513693858273000e+15,6.013204688511715190e-01
1.650513693860157000e+15,6.013204688511716300e-01
1.650513693862041000e+15,6.013204688511715190e-01
1.650513693863925000e+15,6.013204688511715190e-01
1.650513693865809250e+15,6.013204688511715190e-01
1.650513693867693250e+15,6.013204688511715190e-01
1.650513693869577250e+15,6.013204688511715190e-01
1.650513693871461500e+15,6.013204688511715190e-01
1.650513693873345500e+15,6.013204688511715190e-01
1.650513693875229500e+15,6.013204688511715190e-01
1.650513693877113500e+15,6.013204688511715190e-01
1.650513693878997750e+15,5.998367562711124368e-01
1.650513693880881750e+15,5.982281736206558342e-01
1.650513693882765750e+15,5.966195909701990097e-01
1.650513693884649750e+15,5.950110083197424071e-01
1.650513693886534000e+15,5.934022122161737300e-01
1.650513693888418000e+15,5.917936295657170165e-01
1.650513693890302000e+15,5.901850469152603029e-01
1.650513693892186000e+15,5.890486225480852100e-01
1.650513693894070250e+15,5.890486225480850990e-01
1.650513693895954250e+15,5.890486225480850990e-01
1.650513693897838250e+15,5.890486225480850990e-01
1.650513693899722500e+15,5.890486225480850990e-01
1.650513693901606500e+15,5.890486225480852100e-01
1.650513693903490500e+15,5.890486225480852100e-01
1.650513693905374500e+15,5.886183759270193772e-01
1.650513693907258750e+15,5.880264137541511005e-01
1.650513693909142750e+15,5.874345301221044480e-01
1.650513693911026750e+15,5.868426464900579065e-01
1.650513693912910750e+15,5.862507628580112540e-01
1.650513693914795000e+15,5.856588006851429773e-01
1.650513693916679000e+15,5.850669170530963248e-01
1.650513693918563000e+15,5.844750334210496723e-01
1.650513693920447000e+15,5.838831497890031308e-01
1.650513693922331250e+15,5.832911876161348541e-01
1.650513693924215250e+15,5.829126993965445536e-01
1.650513693926099250e+15,5.829126993965444425e-01
1.650513693927983500e+15,5.829126993965445536e-01
1.650513693929867500e+15,5.829126993965444425e-01
1.650513693931751500e+15,5.829126993965445536e-01
1.650513693933635500e+15,5.829126993965445536e-01
1.650513693935519750e+15,5.829126993965445536e-01
1.650513693937403750e+15,5.829126993965445536e-01
1.650513693939287750e+15,5.829126993965445536e-01
1.650513693941171750e+15,5.829126993965445536e-01
1.650513693943056000e+15,5.829126993965445536e-01
1.650513693944940000e+15,5.829126993965445536e-01
1.650513693946824000e+15,5.829126993965445536e-01
1.650513693948708000e+15,5.829126993965445536e-01
1.650513693950592250e+15,5.829126993965446646e-01
1.650513693952476250e+15,5.829126993965445536e-01
1.650513693954360250e+15,5.829126993965446646e-01
1.650513693956244500e+15,5.829126993965445536e-01
1.650513693958128500e+15,5.829126993965446646e-01
1.650513693960012500e+15,5.829126993965445536e-01
1.650513693961896500e+15,5.829126993965445536e-01
1.650513693963780750e+15,5.829126993965445536e-01
1.650513693965664750e+15,5.829126993965445536e-01
1.650513693967548750e+15,5.829126993965444425e-01
1.650513693969432750e+15,5.829126993965444425e-01
1.650513693971317000e+15,5.829126993965445536e-01
1.650513693973201000e+15,5.829126993965445536e-01
1.650513693975085000e+15,5.829126993965445536e-01
1.650513693976969000e+15,5.829126993965445536e-01
1.650513693978853250e+15,5.829126993965445536e-01
1.650513693980737250e+15,5.829126993965445536e-01
1.650513693982621250e+15,5.827331876472828798e-01
1.650513693984505500e+15,5.815432315750005410e-01
1.650513693986389500e+15,5.803534333846436244e-01
1.650513693988273500e+15,5.791636351942868188e-01
1.650513693990157500e+15,5.779738370039300133e-01
1.650513693992041750e+15,5.767838809316476745e-01
1.650513693993925750e+15,5.755940827412906469e-01
1.650513693995809750e+15,5.744042845509338413e-01
1.650513693997693750e+15,5.732144863605769247e-01
1.650513693999578000e+15,5.720245302882945859e-01
1.650513694001462000e+15,5.708347320979377804e-01
1.650513694003346000e+15,5.725370613650598850e-01
1.650513694005230000e+15,5.748024110059588576e-01
1.650513694007114250e+15,5.770680612505787455e-01
1.650513694008998250e+15,5.793334108914777181e-01
1.650513694010882250e+15,5.815987605323765797e-01
1.650513694012766500e+15,5.829126993965445536e-01
1.650513694014650500e+15,5.829126993965445536e-01
1.650513694016534500e+15,5.829126993965445536e-01
1.650513694018418500e+15,5.829126993965445536e-01
1.650513694020302750e+15,5.829126993965445536e-01
1.650513694022186750e+15,5.829126993965445536e-01
1.650513694024070750e+15,5.830247226568108232e-01
1.650513694025954750e+15,5.840357493506629361e-01
1.650513694027839000e+15,5.850469102041082614e-01
1.650513694029723000e+15,5.860579368979603743e-01
1.650513694031607000e+15,5.870689635918125981e-01
1.650513694033491000e+15,5.880799902856648220e-01
1.650513694035375250e+15,5.890103123054524215e-01
1.650513694037259250e+15,5.880995678622549239e-01
1.650513694039143250e+15,5.871888234190574263e-01
1.650513694041027500e+15,5.862779581233594772e-01
1.650513694042911500e+15,5.853672136801619796e-01
1.650513694044795500e+15,5.844564692369645931e-01
1.650513694046679500e+15,5.835457247937669845e-01
1.650513694048563750e+15,5.829126993965445536e-01
1.650513694050447750e+15,5.829126993965445536e-01
1.650513694052331750e+15,5.829126993965445536e-01
1.650513694054215750e+15,5.829126993965445536e-01
1.650513694056100000e+15,5.829126993965445536e-01
1.650513694057984000e+15,5.829126993965445536e-01
1.650513694059868000e+15,5.829126993965445536e-01
1.650513694061752000e+15,5.825431392124303942e-01
1.650513694063636250e+15,5.819939721959341838e-01
1.650513694065520250e+15,5.814448780422504237e-01
1.650513694067404250e+15,5.808957838885666636e-01
1.650513694069288500e+15,5.803466168720704532e-01
1.650513694071172500e+15,5.797975227183865821e-01
1.650513694073056500e+15,5.792484285647028219e-01
1.650513694074940500e+15,5.786993344110189508e-01
1.650513694076824750e+15,5.781501673945228514e-01
1.650513694078708750e+15,5.776010732408389803e-01
1.650513694080592750e+15,5.770519790871551091e-01
1.650513694082476750e+15,5.759810495104871197e-01
1.650513694084361000e+15,5.743855740122059128e-01
1.650513694086245000e+15,5.727903101996747459e-01
1.650513694088129000e+15,5.711950463871434680e-01
1.650513694090013000e+15,5.695997825746121901e-01
1.650513694091897250e+15,5.680043070763309832e-01
1.650513694093781250e+15,5.664090432637998163e-01
1.650513694095665250e+15,5.648137794512685383e-01
1.650513694097549500e+15,5.649927921798295616e-01
1.650513694099433500e+15,5.655976835626724819e-01
1.650513694101317500e+15,5.662025749455152912e-01
1.650513694103201500e+15,5.668074663283581005e-01
1.650513694105085750e+15,5.674124379781041450e-01
1.650513694106969750e+15,5.680173293609469543e-01
1.650513694108853750e+15,5.686222207437897636e-01
1.650513694110737750e+15,5.692271121266325729e-01
1.650513694112622000e+15,5.698320837763786173e-01
1.650513694114506000e+15,5.704369751592215376e-01
1.650513694116390000e+15,5.706408530934599099e-01
1.650513694118274000e+15,5.706408530934599099e-01
1.650513694120158250e+15,5.706408530934600210e-01
1.650513694122042250e+15,5.706408530934599099e-01
1.650513694123926250e+15,5.706408530934599099e-01
1.650513694125810500e+15,5.706408530934599099e-01
1.650513694127694500e+15,5.710415604448657589e-01
1.650513694129578500e+15,5.718324799315588347e-01
1.650513694131462500e+15,5.726233994182519105e-01
1.650513694133346750e+15,5.734144238571060592e-01
1.650513694135230750e+15,5.742053433437991350e-01
1.650513694137114750e+15,5.749962628304922108e-01
1.650513694138998750e+15,5.757871823171852865e-01
1.650513694140883000e+15,5.765782067560394353e-01
1.650513694142767000e+15,5.767767762450022317e-01
1.650513694144651000e+15,5.767767762450022317e-01
1.650513694146535000e+15,5.767767762450022317e-01
1.650513694148419250e+15,5.767767762450022317e-01
1.650513694150303250e+15,5.767767762450022317e-01
1.650513694152187250e+15,5.767767762450022317e-01
1.650513694154071500e+15,5.767767762450022317e-01
1.650513694155955500e+15,5.767767762450022317e-01
1.650513694157839500e+15,5.767767762450022317e-01
1.650513694159723500e+15,5.767767762450022317e-01
1.650513694161607750e+15,5.759961026256680272e-01
1.650513694163491750e+15,5.746212121383338367e-01
1.650513694165375750e+15,5.732463216509996462e-01
1.650513694167259750e+15,5.718714311636654557e-01
1.650513694169144000e+15,5.704729082795250150e-01
1.650513694171028000e+15,5.688748879287499616e-01
1.650513694172912000e+15,5.672768675779749081e-01
1.650513694174796000e+15,5.656788472271998547e-01
1.650513694176680250e+15,5.640806148248921348e-01
1.650513694178564250e+15,5.624825944741170813e-01
1.650513694180448250e+15,5.608845741233420279e-01
1.650513694182332500e+15,5.592863417210341970e-01
1.650513694184216500e+15,5.583690067903741561e-01
1.650513694186100500e+15,5.583690067903740450e-01
1.650513694187984500e+15,5.583690067903738230e-01
1.650513694189868750e+15,5.583690067903736010e-01
1.650513694191752750e+15,5.583690067903733789e-01
1.650513694193636750e+15,5.583690067903732679e-01
1.650513694195520750e+15,5.583690067903730458e-01
1.650513694197405000e+15,5.583690067903728238e-01
1.650513694199289000e+15,5.583690067903724907e-01
1.650513694201173000e+15,5.583690067903723797e-01
1.650513694203057000e+15,5.583690067903721577e-01
1.650513694204941250e+15,5.583690067903719356e-01
1.650513694206825250e+15,5.583690067903717136e-01
1.650513694208709250e+15,5.595182798353918185e-01
1.650513694210593500e+15,5.611799086365267808e-01
1.650513694212477500e+15,5.628413169747716882e-01
1.650513694214361500e+15,5.645027253130168177e-01
1.650513694216245500e+15,5.645049299419159228e-01
1.650513694218129750e+15,5.645049299419160338e-01
1.650513694220013750e+15,5.645049299419162558e-01
1.650513694221897750e+15,5.645049299419164779e-01
1.650513694223781750e+15,5.645049299419165889e-01
1.650513694225666000e+15,5.649824336891184906e-01
1.650513694227550000e+15,5.676283662177302736e-01
1.650513694229434000e+15,5.702742987463420565e-01
1.650513694231318000e+15,5.729202312749539505e-01
1.650513694233202250e+15,5.755665149092622501e-01
1.650513694235086250e+15,5.782124474378741441e-01
1.650513694236970250e+15,5.808583799664860381e-01
1.650513694238854500e+15,5.829126993965427772e-01
1.650513694240738500e+15,5.829126993965429993e-01
1.650513694242622500e+15,5.829126993965432213e-01
1.650513694244506500e+15,5.829126993965434433e-01
1.650513694246390750e+15,5.829126993965436654e-01
1.650513694248274750e+15,5.829126993965438874e-01
1.650513694250158750e+15,5.829126993965441095e-01
1.650513694252042750e+15,5.829126993965443315e-01
1.650513694253927000e+15,5.818596459577382030e-01
1.650513694255811000e+15,5.796025894404330803e-01
1.650513694257695000e+15,5.773455329231279576e-01
1.650513694259579000e+15,5.750884764058228349e-01
1.650513694261463250e+15,5.728311203852644029e-01
1.650513694263347250e+15,5.705740638679592802e-01
1.650513694265231250e+15,5.683170073506542685e-01
1.650513694267115500e+15,5.660596513300957255e-01
1.650513694268999500e+15,5.638025948127906029e-01
1.650513694270883500e+15,5.615455382954855912e-01
1.650513694272767500e+15,5.592884817781803575e-01
1.650513694274651750e+15,5.577545616523261751e-01
1.650513694276535750e+15,5.567179691830377308e-01
1.650513694278419750e+15,5.556813767137493976e-01
1.650513694280303750e+15,5.546447842444610643e-01
1.650513694282188000e+15,5.536080542230934487e-01
1.650513694284072000e+15,5.525714617538051154e-01
1.650513694285956000e+15,5.522330836388302799e-01
1.650513694287840000e+15,5.522330836388302799e-01
1.650513694289724250e+15,5.522330836388302799e-01
1.650513694291608250e+15,5.522330836388302799e-01
1.650513694293492250e+15,5.522330836388302799e-01
1.650513694295376500e+15,5.522330836388302799e-01
1.650513694297260500e+15,5.522330836388302799e-01
1.650513694299144500e+15,5.522330836388302799e-01
1.650513694301028500e+15,5.522330836388302799e-01
1.650513694302912750e+15,5.522330836388302799e-01
1.650513694304796750e+15,5.522330836388301689e-01
1.650513694306680750e+15,5.522330836388302799e-01
1.650513694308564750e+15,5.522330836388302799e-01
1.650513694310449000e+15,5.522330836388302799e-01
1.650513694312333000e+15,5.522330836388302799e-01
1.650513694314217000e+15,5.521567602843415745e-01
1.650513694316101000e+15,5.514117177980365492e-01
1.650513694317985250e+15,5.506665764472827851e-01
1.650513694319869250e+15,5.499215339609778708e-01
1.650513694321753250e+15,5.491764914746729564e-01
1.650513694323637500e+15,5.484313501239191924e-01
1.650513694325521500e+15,5.476863076376142780e-01
1.650513694327405500e+15,5.469412651513092527e-01
1.650513694329289500e+15,5.461962226650043384e-01
1.650513694331173750e+15,5.451928244973157645e-01
1.650513694333057750e+15,5.441499666518032630e-01
1.650513694334941750e+15,5.431071088062908725e-01
1.650513694336825750e+15,5.420642509607782600e-01
1.650513694338710000e+15,5.410212547317938547e-01
1.650513694340594000e+15,5.399783968862813532e-01
1.650513694342478000e+15,5.411052020806695895e-01
1.650513694344362000e+15,5.422683049297998270e-01
1.650513694346246250e+15,5.434315621184802048e-01
1.650513694348130250e+15,5.445946649676104423e-01
1.650513694350014250e+15,5.457577678167406798e-01
1.650513694351898500e+15,5.454155331297800835e-01
1.650513694353782500e+15,5.444532356838878151e-01
1.650513694355666500e+15,5.434909382379955467e-01
1.650513694357550500e+15,5.425286407921032783e-01
1.650513694359434750e+15,5.415662156528131543e-01
1.650513694361318750e+15,5.406039182069208859e-01
1.650513694363202750e+15,5.395163811299668044e-01
1.650513694365086750e+15,5.381770138240340451e-01
1.650513694366971000e+15,5.368374687888939345e-01
1.650513694368855000e+15,5.354981014829611752e-01
1.650513694370739000e+15,5.341587341770284159e-01
1.650513694372623000e+15,5.350713433546154807e-01
1.650513694374507250e+15,5.367305874990317971e-01
1.650513694376391250e+15,5.383896114969515256e-01
1.650513694378275250e+15,5.400486354948712542e-01
1.650513694380159500e+15,5.417078796392875706e-01
1.650513694382043500e+15,5.433669036372074101e-01
1.650513694383927500e+15,5.450259276351271387e-01
1.650513694385811500e+15,5.457296657628676328e-01
1.650513694387695750e+15,5.446922845876059904e-01
1.650513694389579750e+15,5.436550410508178555e-01
1.650513694391463750e+15,5.426177975140296095e-01
1.650513694393347750e+15,5.415805539772414745e-01
1.650513694395232000e+15,5.405431728019798321e-01
1.650513694397116000e+15,5.399612373357455253e-01
1.650513694399000000e+15,5.399612373357454143e-01
1.650513694400884000e+15,5.399612373357451922e-01
1.650513694402768250e+15,5.399612373357450812e-01
1.650513694404652250e+15,5.399612373357448591e-01
1.650513694406536250e+15,5.399612373357447481e-01
1.650513694408420500e+15,5.399612373357448591e-01
1.650513694410304500e+15,5.399612373357449702e-01
1.650513694412188500e+15,5.399612373357449702e-01
1.650513694414072500e+15,5.399612373357451922e-01
1.650513694415956750e+15,5.399612373357451922e-01
1.650513694417840750e+15,5.399612373357453032e-01
1.650513694419724750e+15,5.399612373357454143e-01
1.650513694421608750e+15,5.399612373357455253e-01
1.650513694423493000e+15,5.399612373357455253e-01
1.650513694425377000e+15,5.399612373357456363e-01
1.650513694427261000e+15,5.399612373357456363e-01
1.650513694429145000e+15,5.399612373357457473e-01
1.650513694431029250e+15,5.399612373357456363e-01
1.650513694432913250e+15,5.399612373357456363e-01
1.650513694434797250e+15,5.399612373357456363e-01
1.650513694436681500e+15,5.399612373357457473e-01
1.650513694438565500e+15,5.399612373357456363e-01
1.650513694440449500e+15,5.399612373357456363e-01
1.650513694442333500e+15,5.399612373357456363e-01
1.650513694444217750e+15,5.399612373357456363e-01
1.650513694446101750e+15,5.399612373357456363e-01
1.650513694447985750e+15,5.399612373357456363e-01
1.650513694449869750e+15,5.399612373357456363e-01
1.650513694451754000e+15,5.399612373357456363e-01
1.650513694453638000e+15,5.399612373357456363e-01
1.650513694455522000e+15,5.399612373357456363e-01
1.650513694457406000e+15,5.399612373357456363e-01
1.650513694459290250e+15,5.399612373357456363e-01
1.650513694461174250e+15,5.399612373357456363e-01
1.650513694463058250e+15,5.399612373357456363e-01
1.650513694464942500e+15,5.399612373357456363e-01
1.650513694466826500e+15,5.399612373357456363e-01
1.650513694468710500e+15,5.399612373357456363e-01
1.650513694470594500e+15,5.399612373357456363e-01
1.650513694472478750e+15,5.399612373357456363e-01
1.650513694474362750e+15,5.399612373357456363e-01
1.650513694476246750e+15,5.399612373357456363e-01
1.650513694478130750e+15,5.399612373357456363e-01
1.650513694480015000e+15,5.399612373357456363e-01
1.650513694481899000e+15,5.399612373357456363e-01
1.650513694483783000e+15,5.399612373357456363e-01
1.650513694485667000e+15,5.399612373357456363e-01
1.650513694487551250e+15,5.399612373357456363e-01
1.650513694489435250e+15,5.399612373357456363e-01
1.650513694491319250e+15,5.399612373357456363e-01
1.650513694493203500e+15,5.399612373357456363e-01
1.650513694495087500e+15,5.403443755716276220e-01
1.650513694496971500e+15,5.409421664092274318e-01
1.650513694498855500e+15,5.415399572468271305e-01
1.650513694500739750e+15,5.421378274091134264e-01
1.650513694502623750e+15,5.427356182467131251e-01
1.650513694504507750e+15,5.433334090843129349e-01
1.650513694506391750e+15,5.439311999219126337e-01
1.650513694508276000e+15,5.445290700841989295e-01
1.650513694510160000e+15,5.451268609217987393e-01
1.650513694512044000e+15,5.457246517593984381e-01
1.650513694513928000e+15,5.457999301238023460e-01
1.650513694515812250e+15,5.450111184162023115e-01
1.650513694517696250e+15,5.442224113671810803e-01
1.650513694519580250e+15,5.434337043181596272e-01
1.650513694521464500e+15,5.426448926105595927e-01
1.650513694523348500e+15,5.418561855615383616e-01
1.650513694525232500e+15,5.410674785125170194e-01
1.650513694527116500e+15,5.402787714634955663e-01
1.650513694529000750e+15,5.391756675088541506e-01
1.650513694530884750e+15,5.378609763661832410e-01
1.650513694532768750e+15,5.365462852235122204e-01
1.650513694534652750e+15,5.352315940808413108e-01
1.650513694536537000e+15,5.339167284834008820e-01
1.650513694538421000e+15,5.338253141842025373e-01
1.650513694540305000e+15,5.338253141842025373e-01
1.650513694542189000e+15,5.338253141842026483e-01
1.650513694544073250e+15,5.338253141842027594e-01
1.650513694545957250e+15,5.338253141842027594e-01
1.650513694547841250e+15,5.338253141842028704e-01
1.650513694549725500e+15,5.338253141842028704e-01
1.650513694551609500e+15,5.338253141842029814e-01
1.650513694553493500e+15,5.338253141842030924e-01
1.650513694555377500e+15,5.338253141842030924e-01
1.650513694557261750e+15,5.338253141842032035e-01
1.650513694559145750e+15,5.338253141842033145e-01
1.650513694561029750e+15,5.338253141842033145e-01
1.650513694562913750e+15,5.338253141842033145e-01
1.650513694564798000e+15,5.338253141842033145e-01
1.650513694566682000e+15,5.338253141842033145e-01
1.650513694568566000e+15,5.338253141842033145e-01
1.650513694570450000e+15,5.338253141842033145e-01
1.650513694572334250e+15,5.338253141842033145e-01
1.650513694574218250e+15,5.338253141842033145e-01
1.650513694576102250e+15,5.338253141842033145e-01
1.650513694577986500e+15,5.338253141842033145e-01
1.650513694579870500e+15,5.338253141842033145e-01
1.650513694581754500e+15,5.338253141842033145e-01
1.650513694583638500e+15,5.338253141842033145e-01
1.650513694585522750e+15,5.330991851507608237e-01
1.650513694587406750e+15,5.319216279319052276e-01
1.650513694589290750e+15,5.307440707130496316e-01
1.650513694591174750e+15,5.295665134941939245e-01
1.650513694593059000e+15,5.283888000177455746e-01
1.650513694594943000e+15,5.279518445529813864e-01
1.650513694596827000e+15,5.285982006736135164e-01
1.650513694598711000e+15,5.292445567942456464e-01
1.650513694600595250e+15,5.298909986840020236e-01
1.650513694602479250e+15,5.305373548046341536e-01
1.650513694604363250e+15,5.311837109252662836e-01
1.650513694606247500e+15,5.318301528150227719e-01
1.650513694608131500e+15,5.324765089356549019e-01
1.650513694610015500e+15,5.331228650562870319e-01
1.650513694611899500e+15,5.337692211769190509e-01
1.650513694613783750e+15,5.338253141842033145e-01
1.650513694615667750e+15,5.338253141842033145e-01
1.650513694617551750e+15,5.338253141842033145e-01
1.650513694619435750e+15,5.338253141842033145e-01
1.650513694621320000e+15,5.338253141842033145e-01
1.650513694623204000e+15,5.338253141842033145e-01
1.650513694625088000e+15,5.338253141842033145e-01
1.650513694626972000e+15,5.338253141842033145e-01
1.650513694628856250e+15,5.338253141842033145e-01
1.650513694630740250e+15,5.338253141842032035e-01
1.650513694632624250e+15,5.338253141842032035e-01
1.650513694634508500e+15,5.338253141842033145e-01
1.650513694636392500e+15,5.338253141842032035e-01
1.650513694638276500e+15,5.338253141842030924e-01
1.650513694640160500e+15,5.338253141842029814e-01
1.650513694642044750e+15,5.338253141842028704e-01
1.650513694643928750e+15,5.338253141842027594e-01
1.650513694645812750e+15,5.338253141842026483e-01
1.650513694647696750e+15,5.338253141842024263e-01
1.650513694649581000e+15,5.338253141842025373e-01
1.650513694651465000e+15,5.338253141842026483e-01
1.650513694653349000e+15,5.338253141842028704e-01
1.650513694655233000e+15,5.338253141842030924e-01
1.650513694657117250e+15,5.338253141842032035e-01
1.650513694659001250e+15,5.336111574610198360e-01
1.650513694660885250e+15,5.327604009687099129e-01
1.650513694662769500e+15,5.319095315840842719e-01
1.650513694664653500e+15,5.310587750917744598e-01
1.650513694666537500e+15,5.302080185994646477e-01
1.650513694668421500e+15,5.293572621071548356e-01
1.650513694670305750e+15,5.285063927225290836e-01
1.650513694672189750e+15,5.276893910326609927e-01
1.650513694674073750e+15,5.276893910326609927e-01
1.650513694675957750e+15,5.276893910326609927e-01
1.650513694677842000e+15,5.276893910326609927e-01
1.650513694679726000e+15,5.276893910326609927e-01
1.650513694681610000e+15,5.276893910326608816e-01
1.650513694683494000e+15,5.276893910326609927e-01
1.650513694685378250e+15,5.276893910326608816e-01
1.650513694687262250e+15,5.276893910326607706e-01
1.650513694689146250e+15,5.276893910326605486e-01
1.650513694691030500e+15,5.276893910326603265e-01
1.650513694692914500e+15,5.276893910326601045e-01
1.650513694694798500e+15,5.269983480968495337e-01
1.650513694696682500e+15,5.259638428198790683e-01
1.650513694698566750e+15,5.249292002677923286e-01
1.650513694700450750e+15,5.238946949908218631e-01
1.650513694702334750e+15,5.228601897138515087e-01
1.650513694704218750e+15,5.218256844368810432e-01
1.650513694706103000e+15,5.207910418847943035e-01
1.650513694707987000e+15,5.197565366078239490e-01
1.650513694709871000e+15,5.187220313308534836e-01
1.650513694711755000e+15,5.176875260538831292e-01
1.650513694713639250e+15,5.166528835017963894e-01
1.650513694715523250e+15,5.156183782248260350e-01
1.650513694717407250e+15,5.174715333360863090e-01
1.650513694719291500e+15,5.200206708508684494e-01
1.650513694721175500e+15,5.225694701491832017e-01
1.650513694723059500e+15,5.251182694474979540e-01
1.650513694724943500e+15,5.276670687458127063e-01
1.650513694726827750e+15,5.276893910326608816e-01
1.650513694728711750e+15,5.276893910326607706e-01
1.650513694730595750e+15,5.276893910326606596e-01
1.650513694732479750e+15,5.276893910326605486e-01
1.650513694734364000e+15,5.276893910326604376e-01
1.650513694736248000e+15,5.276893910326603265e-01
1.650513694738132000e+15,5.276893910326601045e-01
1.650513694740016000e+15,5.271886872949602676e-01
1.650513694741900250e+15,5.262753755643106990e-01
1.650513694743784250e+15,5.253621850107517144e-01
1.650513694745668250e+15,5.244489944571926188e-01
1.650513694747552500e+15,5.235356827265431612e-01
1.650513694749436500e+15,5.226224921729840656e-01
1.650513694751320500e+15,5.217093016194249699e-01
1.650513694753204500e+15,5.220841542491184706e-01
1.650513694755088750e+15,5.227241195540166530e-01
1.650513694756972750e+15,5.233639999490961037e-01
1.650513694758856750e+15,5.240038803441755544e-01
1.650513694760740750e+15,5.246437607392548941e-01
1.650513694762625000e+15,5.252837260441530765e-01
1.650513694764509000e+15,5.259236064392325272e-01
1.650513694766393000e+15,5.265634868343118669e-01
1.650513694768277000e+15,5.272033672293913176e-01
1.650513694770161250e+15,5.272355920331599499e-01
1.650513694772045250e+15,5.253493100363408885e-01
1.650513694773929250e+15,5.234630280395218271e-01
1.650513694775813500e+15,5.215764957398899559e-01
1.650513694777697500e+15,5.196902137430708946e-01
1.650513694779581500e+15,5.178039317462518332e-01
1.650513694781465500e+15,5.159176497494327718e-01
1.650513694783349750e+15,5.154175447295754608e-01
1.650513694785233750e+15,5.154175447295755719e-01
1.650513694787117750e+15,5.154175447295756829e-01
1.650513694789001750e+15,5.154175447295756829e-01
1.650513694790886000e+15,5.154175447295757939e-01
1.650513694792770000e+15,5.154175447295759049e-01
1.650513694794654000e+15,5.154175447295759049e-01
1.650513694796538000e+15,5.154175447295760160e-01
1.650513694798422250e+15,5.154175447295761270e-01
1.650513694800306250e+15,5.154175447295761270e-01
1.650513694802190250e+15,5.154175447295761270e-01
1.650513694804074500e+15,5.154175447295762380e-01
1.650513694805958500e+15,5.154175447295763490e-01
1.650513694807842500e+15,5.154175447295762380e-01
1.650513694809726500e+15,5.154175447295762380e-01
1.650513694811610750e+15,5.154175447295761270e-01
1.650513694813494750e+15,5.154175447295761270e-01
1.650513694815378750e+15,5.154175447295760160e-01
1.650513694817262750e+15,5.154175447295759049e-01
1.650513694819147000e+15,5.154175447295759049e-01
1.650513694821031000e+15,5.154175447295757939e-01
1.650513694822915000e+15,5.154175447295757939e-01
1.650513694824799000e+15,5.154175447295756829e-01
1.650513694826683250e+15,5.154175447295756829e-01
1.650513694828567250e+15,5.154175447295755719e-01
1.650513694830451250e+15,5.154175447295754608e-01
1.650513694832335500e+15,5.154175447295754608e-01
1.650513694834219500e+15,5.154175447295755719e-01
1.650513694836103500e+15,5.154175447295756829e-01
1.650513694837987500e+15,5.154175447295759049e-01
1.650513694839871750e+15,5.154175447295761270e-01
1.650513694841755750e+15,5.154175447295762380e-01
1.650513694843639750e+15,5.154175447295763490e-01
1.650513694845523750e+15,5.154175447295763490e-01
1.650513694847408000e+15,5.154175447295763490e-01
1.650513694849292000e+15,5.154175447295763490e-01
1.650513694851176000e+15,5.154175447295763490e-01
1.650513694853060000e+15,5.154175447295763490e-01
1.650513694854944250e+15,5.154175447295763490e-01
1.650513694856828250e+15,5.154175447295762380e-01
1.650513694858712250e+15,5.154175447295763490e-01
1.650513694860596500e+15,5.154175447295763490e-01
1.650513694862480500e+15,5.154175447295763490e-01
1.650513694864364500e+15,5.154175447295763490e-01
1.650513694866248500e+15,5.154175447295763490e-01
1.650513694868132750e+15,5.154175447295763490e-01
1.650513694870016750e+15,5.154175447295763490e-01
1.650513694871900750e+15,5.154175447295763490e-01
1.650513694873784750e+15,5.154175447295763490e-01
1.650513694875669000e+15,5.154175447295763490e-01
1.650513694877553000e+15,5.154175447295763490e-01
1.650513694879437000e+15,5.154175447295763490e-01
1.650513694881321000e+15,5.154175447295763490e-01
1.650513694883205250e+15,5.154175447295763490e-01
1.650513694885089250e+15,5.154175447295763490e-01
1.650513694886973250e+15,5.154175447295763490e-01
1.650513694888857500e+15,5.154175447295763490e-01
1.650513694890741500e+15,5.154175447295763490e-01
1.650513694892625500e+15,5.154175447295763490e-01
1.650513694894509500e+15,5.154175447295763490e-01
1.650513694896393750e+15,5.154175447295762380e-01
1.650513694898277750e+15,5.154175447295763490e-01
1.650513694900161750e+15,5.154175447295763490e-01
1.650513694902045750e+15,5.154175447295763490e-01
1.650513694903930000e+15,5.154175447295763490e-01
1.650513694905814000e+15,5.154175447295763490e-01
1.650513694907698000e+15,5.154175447295763490e-01
1.650513694909582000e+15,5.154175447295763490e-01
1.650513694911466250e+15,5.154175447295763490e-01
1.650513694913350250e+15,5.154175447295763490e-01
1.650513694915234250e+15,5.154175447295763490e-01
1.650513694917118500e+15,5.154175447295763490e-01
1.650513694919002500e+15,5.154175447295763490e-01
1.650513694920886500e+15,5.154175447295763490e-01
1.650513694922770500e+15,5.154175447295763490e-01
1.650513694924654750e+15,5.154175447295762380e-01
1.650513694926538750e+15,5.154175447295761270e-01
1.650513694928422750e+15,5.154175447295761270e-01
1.650513694930306750e+15,5.154175447295760160e-01
1.650513694932191000e+15,5.154175447295759049e-01
1.650513694934075000e+15,5.154175447295759049e-01
1.650513694935959000e+15,5.154175447295757939e-01
1.650513694937843000e+15,5.154175447295756829e-01
1.650513694939727250e+15,5.154175447295756829e-01
1.650513694941611250e+15,5.154175447295755719e-01
1.650513694943495250e+15,5.154175447295754608e-01
1.650513694945379500e+15,5.154175447295753498e-01
1.650513694947263500e+15,5.154175447295755719e-01
1.650513694949147500e+15,5.154175447295756829e-01
1.650513694951031500e+15,5.154175447295756829e-01
1.650513694952915750e+15,5.154175447295757939e-01
1.650513694954799750e+15,5.154175447295757939e-01
1.650513694956683750e+15,5.154175447295759049e-01
1.650513694958567750e+15,5.154175447295760160e-01
1.650513694960452000e+15,5.154175447295761270e-01
1.650513694962336000e+15,5.154175447295761270e-01
1.650513694964220000e+15,5.154175447295762380e-01
1.650513694966104000e+15,5.154175447295762380e-01
1.650513694967988250e+15,5.154175447295763490e-01
1.650513694969872250e+15,5.154175447295763490e-01
1.650513694971756250e+15,5.154175447295763490e-01
1.650513694973640500e+15,5.154175447295763490e-01
1.650513694975524500e+15,5.154175447295763490e-01
1.650513694977408500e+15,5.154175447295763490e-01
1.650513694979292500e+15,5.154175447295763490e-01
1.650513694981176750e+15,5.154175447295763490e-01
1.650513694983060750e+15,5.154175447295763490e-01
1.650513694984944750e+15,5.154175447295763490e-01
1.650513694986828750e+15,5.154175447295763490e-01
1.650513694988713000e+15,5.154175447295763490e-01
1.650513694990597000e+15,5.154175447295763490e-01
1.650513694992481000e+15,5.154175447295763490e-01
1.650513694994365000e+15,5.154175447295763490e-01
1.650513694996249250e+15,5.154175447295763490e-01
1.650513694998133250e+15,5.154175447295763490e-01
1.650513695000017250e+15,5.154175447295763490e-01
1.650513695001901500e+15,5.154175447295763490e-01
1.650513695003785500e+15,5.154175447295763490e-01
1.650513695005669500e+15,5.154175447295763490e-01
1.650513695007553500e+15,5.154175447295763490e-01
1.650513695009437750e+15,5.154175447295763490e-01
1.650513695011321750e+15,5.159008652103392878e-01
1.650513695013205750e+15,5.163860527876710238e-01
1.650513695015089750e+15,5.168712403650027598e-01
1.650513695016974000e+15,5.173564923249747149e-01
1.650513695018858000e+15,5.178416799023064510e-01
1.650513695020742000e+15,5.183268674796381870e-01
1.650513695022626000e+15,5.188120550569699230e-01
1.650513695024510250e+15,5.192973070169419891e-01
1.650513695026394250e+15,5.197824945942737251e-01
1.650513695028278250e+15,5.202676821716054611e-01
1.650513695030162500e+15,5.207529341315775273e-01
1.650513695032046500e+15,5.212381217089092633e-01
1.650513695033930500e+15,5.215534678811185598e-01
1.650513695035814500e+15,5.215534678811186708e-01
1.650513695037698750e+15,5.215534678811186708e-01
1.650513695039582750e+15,5.215534678811186708e-01
1.650513695041466750e+15,5.215534678811186708e-01
1.650513695043350750e+15,5.215534678811186708e-01
1.650513695045235000e+15,5.215534678811186708e-01
1.650513695047119000e+15,5.212046718732099571e-01
1.650513695049003000e+15,5.202982833505889193e-01
1.650513695050887000e+15,5.193918948279679926e-01
1.650513695052771250e+15,5.184853860308615836e-01
1.650513695054655250e+15,5.175789975082406569e-01
1.650513695056539250e+15,5.166726089856197301e-01
1.650513695058423500e+15,5.157661001885133212e-01
1.650513695060307500e+15,5.159648218752842519e-01
1.650513695062191500e+15,5.168540587381694751e-01
1.650513695064075500e+15,5.177432956010545873e-01
1.650513695065959750e+15,5.186326504624619860e-01
1.650513695067843750e+15,5.195218873253470981e-01
1.650513695069727750e+15,5.204111241882323213e-01
1.650513695071611750e+15,5.213003610511174335e-01
1.650513695073496000e+15,5.203051696003641036e-01
1.650513695075380000e+15,5.185605153266685807e-01
1.650513695077264000e+15,5.168158610529729469e-01
1.650513695079148000e+15,5.150712067792774240e-01
1.650513695081032250e+15,5.133263209962567464e-01
1.650513695082916250e+15,5.115816667225612235e-01
1.650513695084800250e+15,5.098370124488655897e-01
1.650513695086684500e+15,5.080921266658449120e-01
1.650513695088568500e+15,5.063474723921493892e-01
1.650513695090452500e+15,5.046028181184538663e-01
1.650513695092336500e+15,5.031456984264899290e-01
1.650513695094220750e+15,5.031456984264900401e-01
1.650513695096104750e+15,5.031456984264901511e-01
1.650513695097988750e+15,5.031456984264902621e-01
1.650513695099872750e+15,5.031456984264903731e-01
1.650513695101757000e+15,5.031456984264903731e-01
1.650513695103641000e+15,5.031456984264904841e-01
1.650513695105525000e+15,5.031456984264905952e-01
1.650513695107409000e+15,5.031456984264905952e-01
1.650513695109293250e+15,5.031456984264907062e-01
1.650513695111177250e+15,5.031456984264908172e-01
1.650513695113061250e+15,5.031456984264908172e-01
1.650513695114945500e+15,5.031456984264908172e-01
1.650513695116829500e+15,5.031456984264908172e-01
1.650513695118713500e+15,5.031456984264908172e-01
1.650513695120597500e+15,5.031456984264908172e-01
1.650513695122481750e+15,5.031456984264908172e-01
1.650513695124365750e+15,5.031456984264908172e-01
1.650513695126249750e+15,5.015972000539310471e-01
1.650513695128133750e+15,4.986134404692696975e-01
1.650513695130018000e+15,4.956292849504809195e-01
1.650513695131902000e+15,4.926455253658195699e-01
1.650513695133786000e+15,4.896617657811581648e-01
1.650513695135670000e+15,4.866780061964968707e-01
1.650513695137554250e+15,4.849348574241123533e-01
1.650513695139438250e+15,4.854976381659217299e-01
1.650513695141322250e+15,4.860604189077309956e-01
1.650513695143206500e+15,4.866232743285135443e-01
1.650513695145090500e+15,4.871860550703228654e-01
1.650513695146974500e+15,4.877488358121322420e-01
1.650513695148858500e+15,4.883116165539416187e-01
1.650513695150742750e+15,4.888744719747241119e-01
1.650513695152626750e+15,4.894372527165333775e-01
1.650513695154510750e+15,4.900000334583427541e-01
1.650513695156394750e+15,4.905628142001521308e-01
1.650513695158279000e+15,4.916992204362743979e-01
1.650513695160163000e+15,4.935438158116544072e-01
1.650513695162047000e+15,4.953884111870343609e-01
1.650513695163931000e+15,4.972330065624143702e-01
1.650513695165815250e+15,4.990778467089429515e-01
1.650513695167699250e+15,5.009224420843230163e-01
1.650513695169583250e+15,5.027670374597029701e-01
1.650513695171467500e+15,5.023992084663450042e-01
1.650513695173351500e+15,5.014600518153168318e-01
1.650513695175235500e+15,5.005208951642886595e-01
1.650513695177119500e+15,4.995817385132605426e-01
1.650513695179003750e+15,4.986424572395344867e-01
1.650513695180887750e+15,4.977033005885063144e-01
1.650513695182771750e+15,4.968693770333453830e-01
1.650513695184655750e+15,4.963325727975660406e-01
1.650513695186540000e+15,4.957956973298022207e-01
1.650513695188424000e+15,4.952588930940229339e-01
1.650513695190308000e+15,4.947220888582435916e-01
1.650513695192192000e+15,4.941852846224643048e-01
1.650513695194076250e+15,4.936484091547004294e-01
1.650513695195960250e+15,4.931116049189210870e-01
1.650513695197844250e+15,4.925748006831418002e-01
1.650513695199728500e+15,4.920379252153779248e-01
1.650513695201612500e+15,4.915011209795985825e-01
1.650513695203496500e+15,4.909643167438192957e-01
1.650513695205380500e+15,4.925039587318833512e-01
1.650513695207264750e+15,4.944647173511140803e-01
1.650513695209148750e+15,4.964252158192741238e-01
1.650513695211032750e+15,4.983857142874341672e-01
1.650513695212916750e+15,5.003462127555942107e-01
1.650513695214801000e+15,5.023069713748248288e-01
1.650513695216685000e+15,5.016294169661027480e-01
1.650513695218569000e+15,4.989794408331068021e-01
1.650513695220453000e+15,4.963294647001109117e-01
1.650513695222337250e+15,4.936791369248468841e-01
1.650513695224221250e+15,4.910291607918509937e-01
1.650513695226105250e+15,4.883791846588550478e-01
1.650513695227989500e+15,4.857288568835910203e-01
1.650513695229873500e+15,4.847379289718629636e-01
1.650513695231757500e+15,4.847379289718629636e-01
1.650513695233641500e+15,4.847379289718629636e-01
1.650513695235525750e+15,4.847379289718629636e-01
1.650513695237409750e+15,4.847379289718629636e-01
1.650513695239293750e+15,4.847379289718629636e-01
1.650513695241177750e+15,4.847379289718629636e-01
1.650513695243062000e+15,4.847379289718629636e-01
1.650513695244946000e+15,4.847379289718629636e-01
1.650513695246830000e+15,4.847379289718629636e-01
1.650513695248714000e+15,4.847379289718630191e-01
1.650513695250598250e+15,4.847379289718630191e-01
1.650513695252482250e+15,4.847379289718629636e-01
1.650513695254366250e+15,4.847379289718629636e-01
1.650513695256250500e+15,4.847379289718630191e-01
1.650513695258134500e+15,4.847379289718629636e-01
1.650513695260018500e+15,4.847379289718630191e-01
1.650513695261902500e+15,4.847379289718630191e-01
1.650513695263786750e+15,4.849853862628648038e-01
1.650513695265670750e+15,4.855492925661577530e-01
1.650513695267554750e+15,4.861131988694507577e-01
1.650513695269438750e+15,4.866771051727436515e-01
1.650513695271323000e+15,4.872410863043677987e-01
1.650513695273207000e+15,4.878049926076607479e-01
1.650513695275091000e+15,4.883688989109537526e-01
1.650513695276975000e+15,4.889328052142466463e-01
1.650513695278859250e+15,4.894967863458707935e-01
1.650513695280743250e+15,4.900606926491637427e-01
1.650513695282627250e+15,4.906245989524566364e-01
1.650513695284511500e+15,4.900965431967942432e-01
1.650513695286395500e+15,4.887038185008977242e-01
1.650513695288279500e+15,4.873110938050012608e-01
1.650513695290163500e+15,4.859183691091046864e-01
1.650513695292047750e+15,4.845254596036678851e-01
1.650513695293931750e+15,4.831327349077714217e-01
1.650513695295815750e+15,4.817400102118748473e-01
1.650513695297699750e+15,4.803472855159783839e-01
1.650513695299584000e+15,4.789543760105415826e-01
1.650513695301468000e+15,4.775616513146450082e-01
1.650513695303352000e+15,4.761689266187484892e-01
1.650513695305236000e+15,4.747762019228520258e-01
1.650513695307120250e+15,4.733832924174151691e-01
1.650513695309004250e+15,4.724660826687774318e-01
1.650513695310888250e+15,4.724660826687774318e-01
1.650513695312772500e+15,4.724660826687774873e-01
1.650513695314656500e+15,4.724660826687774318e-01
1.650513695316540500e+15,4.724660826687774318e-01
1.650513695318424500e+15,4.724660826687774318e-01
1.650513695320308750e+15,4.724660826687774318e-01
1.650513695322192750e+15,4.724660826687774318e-01
1.650513695324076750e+15,4.724660826687774318e-01
1.650513695325960750e+15,4.724660826687774318e-01
1.650513695327845000e+15,4.724660826687774318e-01
1.650513695329729000e+15,4.727498473315019378e-01
1.650513695331613000e+15,4.732398680689656190e-01
1.650513695333497000e+15,4.737298888064293001e-01
1.650513695335381250e+15,4.742199745678761236e-01
1.650513695337265250e+15,4.747099953053398602e-01
1.650513695339149250e+15,4.752000160428035413e-01
1.650513695341033500e+15,4.756901018042504203e-01
1.650513695342917500e+15,4.761801225417141570e-01
1.650513695344801500e+15,4.766701432791777826e-01
1.650513695346685500e+15,4.771601640166414637e-01
1.650513695348569750e+15,4.776502497780883982e-01
1.650513695350453750e+15,4.781402705155520794e-01
1.650513695352337750e+15,4.785674977972174116e-01
1.650513695354221750e+15,4.779696760452648574e-01
1.650513695356106000e+15,4.773717749645235986e-01
1.650513695357990000e+15,4.767739532125710999e-01
1.650513695359874000e+15,4.761761314606186013e-01
1.650513695361758000e+15,4.755783097086661027e-01
1.650513695363642250e+15,4.749804086279247883e-01
1.650513695365526250e+15,4.743825868759723452e-01
1.650513695367410250e+15,4.737847651240197910e-01
1.650513695369294500e+15,4.731868640432785322e-01
1.650513695371178500e+15,4.725890422913260336e-01
1.650513695373062500e+15,4.724660826687774873e-01
1.650513695374946500e+15,4.724660826687774873e-01
1.650513695376830750e+15,4.724660826687774318e-01
1.650513695378714750e+15,4.724660826687774318e-01
1.650513695380598750e+15,4.724660826687774873e-01
1.650513695382482750e+15,4.724660826687774318e-01
1.650513695384367000e+15,4.724660826687774873e-01
1.650513695386251000e+15,4.724660826687775428e-01
1.650513695388135000e+15,4.724660826687774873e-01
1.650513695390019000e+15,4.724660826687774873e-01
1.650513695391903250e+15,4.724660826687774873e-01
1.650513695393787250e+15,4.724660826687774318e-01
1.650513695395671250e+15,4.717759786134704258e-01
1.650513695397555500e+15,4.710701414218774197e-01
1.650513695399439500e+15,4.703643978799051384e-01
1.650513695401323500e+15,4.696586543379328571e-01
1.650513695403207500e+15,4.689529107959605758e-01
1.650513695405091750e+15,4.682470736043675696e-01
1.650513695406975750e+15,4.675413300623953439e-01
1.650513695408859750e+15,4.668355865204230626e-01
1.650513695410743750e+15,4.665112403618977832e-01
1.650513695412628000e+15,4.671492984854239139e-01
1.650513695414512000e+15,4.677872719521736222e-01
1.650513695416396000e+15,4.684252454189234971e-01
1.650513695418280000e+15,4.690632188856731499e-01
1.650513695420164250e+15,4.697012770091993916e-01
1.650513695422048250e+15,4.703392504759490444e-01
1.650513695423932250e+15,4.709772239426988083e-01
1.650513695425816500e+15,4.716152820662249390e-01
1.650513695427700500e+15,4.722532555329747583e-01
1.650513695429584500e+15,4.728117549077059389e-01
1.650513695431468500e+15,4.733304697608651246e-01
1.650513695433352750e+15,4.738492534456131278e-01
1.650513695435236750e+15,4.743679682987723689e-01
1.650513695437120750e+15,4.748866831519316101e-01
1.650513695439004750e+15,4.754053980050907402e-01
1.650513695440889000e+15,4.759241816898387434e-01
1.650513695442773000e+15,4.764428965429978735e-01
1.650513695444657000e+15,4.769616113961571147e-01
1.650513695446541000e+15,4.774803262493163003e-01
1.650513695448425250e+15,4.779991099340642480e-01
1.650513695450309250e+15,4.785178247872234891e-01
1.650513695452193250e+15,4.779042595335612487e-01
1.650513695454077500e+15,4.770712302664458782e-01
1.650513695455961500e+15,4.762383115246413556e-01
1.650513695457845500e+15,4.754053927828367776e-01
1.650513695459729500e+15,4.745724740410321996e-01
1.650513695461613750e+15,4.737394447739168846e-01
1.650513695463497750e+15,4.729065260321123620e-01
1.650513695465381750e+15,4.730443994516399520e-01
1.650513695467265750e+15,4.742717143701562499e-01
1.650513695469150000e+15,4.754991921489325479e-01
1.650513695471034000e+15,4.767265070674489014e-01
1.650513695472918000e+15,4.779538219859653103e-01
1.650513695474802000e+15,4.791576012248545124e-01
1.650513695476686250e+15,4.803351947467831007e-01
1.650513695478570250e+15,4.815126320270344262e-01
1.650513695480454250e+15,4.826900693072857518e-01
1.650513695482338500e+15,4.838676628292143400e-01
1.650513695484222500e+15,4.835199135320474295e-01
1.650513695486106500e+15,4.788510608593873896e-01
1.650513695487990500e+15,4.741822081867274052e-01
1.650513695489874750e+15,4.695127359741690931e-01
1.650513695491758750e+15,4.648438833015090532e-01
1.650513695493642750e+15,4.601750306288490133e-01
1.650513695495526750e+15,4.555061779561889734e-01
1.650513695497411000e+15,4.508367057436307168e-01
1.650513695499295000e+15,4.486041236386849596e-01
1.650513695501179000e+15,4.504182282394338932e-01
1.650513695503063000e+15,4.522323328401829379e-01
1.650513695504947250e+15,4.540466781660647544e-01
1.650513695506831250e+15,4.558607827668137991e-01
1.650513695508715250e+15,4.576748873675627882e-01
1.650513695510599500e+15,4.594892326934446047e-01
1.650513695512483500e+15,4.613033372941935939e-01
1.650513695514367500e+15,4.631174418949426386e-01
1.650513695516251500e+15,4.649315464956916277e-01
1.650513695518135750e+15,4.653148544216411664e-01
1.650513695520019750e+15,4.608844321863221349e-01
1.650513695521903750e+15,4.564540099510031035e-01
1.650513695523787750e+15,4.520235877156841275e-01
1.650513695525672000e+15,4.475925775793253569e-01
1.650513695527556000e+15,4.431621553440063255e-01
1.650513695529440000e+15,4.461162782735495491e-01
1.650513695531324000e+15,4.523960046838043647e-01
1.650513695533208250e+15,4.586765643910881152e-01
1.650513695535092250e+15,4.649562908013429308e-01
1.650513695536976250e+15,4.712360172115977464e-01
1.650513695538860500e+15,4.775165769188815523e-01
1.650513695540744500e+15,4.837963033291363679e-01
1.650513695542628500e+15,4.769654129842507140e-01
1.650513695544512500e+15,4.678218475014774835e-01
1.650513695546396750e+15,4.586770687005669034e-01
1.650513695548280750e+15,4.495335032177936174e-01
1.650513695550164750e+15,4.416487544169648838e-01
1.650513695552048750e+15,4.407471025007721477e-01
1.650513695553933000e+15,4.398453309386244348e-01
1.650513695555817000e+15,4.389436790224316987e-01
1.650513695557701000e+15,4.380420271062389626e-01
1.650513695559585000e+15,4.371403751900462265e-01
1.650513695561469250e+15,4.362386036278985135e-01
1.650513695563353250e+15,4.381308421216736360e-01
1.650513695565237250e+15,4.452622913613443201e-01
1.650513695567121500e+15,4.523946869185893060e-01
1.650513695569005500e+15,4.595261361582599902e-01
1.650513695570889500e+15,4.666575853979307298e-01
1.650513695572773500e+15,4.737890346376014139e-01
1.650513695574657750e+15,4.784261998299004226e-01
1.650513695576541750e+15,4.778856555851840326e-01
1.650513695578425750e+15,4.773451113404675317e-01
1.650513695580309750e+15,4.768045670957511417e-01
1.650513695582194000e+15,4.762639511227644284e-01
1.650513695584078000e+15,4.757234068780479275e-01
1.650513695585962000e+15,4.751828626333315375e-01
1.650513695587846000e+15,4.746423183886151476e-01
1.650513695589730250e+15,4.741017024156283233e-01
1.650513695591614250e+15,4.735611581709118778e-01
1.650513695593498250e+15,4.730206139261954879e-01
1.650513695595382500e+15,4.724799979532087746e-01
1.650513695597266500e+15,4.683285048052004962e-01
1.650513695599150500e+15,4.640815984064105559e-01
1.650513695601034500e+15,4.598346920076206157e-01
1.650513695602918750e+15,4.555872220596801636e-01
1.650513695604802750e+15,4.513403156608902789e-01
1.650513695606686750e+15,4.485395344893499114e-01
1.650513695608570750e+15,4.517011934967816167e-01
1.650513695610455000e+15,4.548632720449521383e-01
1.650513695612339000e+15,4.580249310523838990e-01
1.650513695614223000e+15,4.611865900598156043e-01
1.650513695616107000e+15,4.643482490672474206e-01
1.650513695617991250e+15,4.660065441012817278e-01
1.650513695619875250e+15,4.651395815080982543e-01
1.650513695621759250e+15,4.642726189149148919e-01
1.650513695623643500e+15,4.634055412789245265e-01
1.650513695625527500e+15,4.625385786857412196e-01
1.650513695627411500e+15,4.616716160925577461e-01
1.650513695629295500e+15,4.608046534993743837e-01
1.650513695631179750e+15,4.610579111007765962e-01
1.650513695633063750e+15,4.639752812503050716e-01
1.650513695634947750e+15,4.668926513998336025e-01
1.650513695636831750e+15,4.698100215493621334e-01
1.650513695638716000e+15,4.722211867357040127e-01
1.650513695640600000e+15,4.694911042628614473e-01
1.650513695642484000e+15,4.667610217900189928e-01
1.650513695644368000e+15,4.640309393171764274e-01
1.650513695646252250e+15,4.613004945722435357e-01
1.650513695648136250e+15,4.585704120994009703e-01
1.650513695650020250e+15,4.558403296265584603e-01
1.650513695651904500e+15,4.540583132141496336e-01
1.650513695653788500e+15,4.540583132141496892e-01
1.650513695655672500e+15,4.540583132141496892e-01
1.650513695657556500e+15,4.540583132141496892e-01
1.650513695659440750e+15,4.540583132141496892e-01
1.650513695661324750e+15,4.540583132141496892e-01
1.650513695663208750e+15,4.540583132141496892e-01
1.650513695665092750e+15,4.540583132141496892e-01
1.650513695666977000e+15,4.540583132141496892e-01
1.650513695668861000e+15,4.540583132141496892e-01
1.650513695670745000e+15,4.540583132141496892e-01
1.650513695672629000e+15,4.540583132141496336e-01
1.650513695674513250e+15,4.540583132141497447e-01
1.650513695676397250e+15,4.540583132141498002e-01
1.650513695678281250e+15,4.540583132141496892e-01
1.650513695680165500e+15,4.540583132141497447e-01
1.650513695682049500e+15,4.540583132141496892e-01
1.650513695683933500e+15,4.540583132141497447e-01
1.650513695685817500e+15,4.540583132141496892e-01
1.650513695687701750e+15,4.545575373201274361e-01
1.650513695689585750e+15,4.550807125200507786e-01
1.650513695691469750e+15,4.556038877199740655e-01
1.650513695693353750e+15,4.561270629198973525e-01
1.650513695695238000e+15,4.566503075432813974e-01
1.650513695697122000e+15,4.571734827432046844e-01
1.650513695699006000e+15,4.576966579431280269e-01
1.650513695700890000e+15,4.582198331430513694e-01
1.650513695702774250e+15,4.587430777664353587e-01
1.650513695704658250e+15,4.592662529663587012e-01
1.650513695706542250e+15,4.597894281662820437e-01
1.650513695708426500e+15,4.599895776322804331e-01
1.650513695710310500e+15,4.590855282682775318e-01
1.650513695712194500e+15,4.581814789042745195e-01
1.650513695714078500e+15,4.572774295402716183e-01
1.650513695715962750e+15,4.563732602121810533e-01
1.650513695717846750e+15,4.554692108481781521e-01
1.650513695719730750e+15,4.545651614841752508e-01
1.650513695721614750e+15,4.545245769053907758e-01
1.650513695723499000e+15,4.555859569841838597e-01
1.650513695725383000e+15,4.566471962403580998e-01
1.650513695727267000e+15,4.577084354965322288e-01
1.650513695729151000e+15,4.587696747527063579e-01
1.650513695731035250e+15,4.598310548314994972e-01
1.650513695732919250e+15,4.598058639888825128e-01
1.650513695734803250e+15,4.592154314224845546e-01
1.650513695736687500e+15,4.586249205078161140e-01
1.650513695738571500e+15,4.580344879414182113e-01
1.650513695740455500e+15,4.574440553750201977e-01
1.650513695742339500e+15,4.568536228086222950e-01
1.650513695744223750e+15,4.562631118939538544e-01
1.650513695746107750e+15,4.556726793275558407e-01
1.650513695747991750e+15,4.550822467611579381e-01
1.650513695749875750e+15,4.544918141947599799e-01
1.650513695751760000e+15,4.540583132141495781e-01
1.650513695753644000e+15,4.540583132141495781e-01
1.650513695755528000e+15,4.540583132141495781e-01
1.650513695757412000e+15,4.540583132141495781e-01
1.650513695759296250e+15,4.540583132141495781e-01
1.650513695761180250e+15,4.540583132141495781e-01
1.650513695763064250e+15,4.540583132141496892e-01
1.650513695764948500e+15,4.540583132141496336e-01
1.650513695766832500e+15,4.540583132141496892e-01
1.650513695768716500e+15,4.540583132141496892e-01
1.650513695770600500e+15,4.540583132141496892e-01
1.650513695772484750e+15,4.540583132141496892e-01
1.650513695774368750e+15,4.540583132141496892e-01
1.650513695776252750e+15,4.540583132141496892e-01
1.650513695778136750e+15,4.540583132141496892e-01
1.650513695780021000e+15,4.540583132141496892e-01
1.650513695781905000e+15,4.540583132141496892e-01
1.650513695783789000e+15,4.540583132141496892e-01
1.650513695785673000e+15,4.540583132141496336e-01
1.650513695787557250e+15,4.540583132141496336e-01
1.650513695789441250e+15,4.540583132141495781e-01
1.650513695791325250e+15,4.540583132141496892e-01
1.650513695793209500e+15,4.540583132141496892e-01
1.650513695795093500e+15,4.540583132141496336e-01
1.650513695796977500e+15,4.540583132141496892e-01
1.650513695798861500e+15,4.540583132141496892e-01
1.650513695800745750e+15,4.540583132141496892e-01
1.650513695802629750e+15,4.540583132141496892e-01
1.650513695804513750e+15,4.540583132141496892e-01
1.650513695806397750e+15,4.542806743770989031e-01
1.650513695808282000e+15,4.548019608732571384e-01
1.650513695810166000e+15,4.553231782057566290e-01
1.650513695812050000e+15,4.558443955382560642e-01
1.650513695813934000e+15,4.563656128707554438e-01
1.650513695815818250e+15,4.568868993669137346e-01
1.650513695817702250e+15,4.574081166994130587e-01
1.650513695819586250e+15,4.579293340319126049e-01
1.650513695821470500e+15,4.584506205280707847e-01
1.650513695823354500e+15,4.589718378605702198e-01
1.650513695825238500e+15,4.594930551930696550e-01
1.650513695827122500e+15,4.600142725255690901e-01
1.650513695829006750e+15,4.601942363656916779e-01
1.650513695830890750e+15,4.601942363656916779e-01
1.650513695832774750e+15,4.601942363656916779e-01
1.650513695834658750e+15,4.601942363656916779e-01
1.650513695836543000e+15,4.601942363656916779e-01
1.650513695838427000e+15,4.601942363656916779e-01
1.650513695840311000e+15,4.601942363656916779e-01
1.650513695842195000e+15,4.601942363656917334e-01
1.650513695844079250e+15,4.601942363656917334e-01
1.650513695845963250e+15,4.601942363656917334e-01
1.650513695847847250e+15,4.601942363656917334e-01
1.650513695849731500e+15,4.601942363656917889e-01
1.650513695851615500e+15,4.601942363656916779e-01
1.650513695853499500e+15,4.601942363656917334e-01
1.650513695855383500e+15,4.601942363656917889e-01
1.650513695857267750e+15,4.601942363656917334e-01
1.650513695859151750e+15,4.601942363656917334e-01
1.650513695861035750e+15,4.601942363656917334e-01
1.650513695862919750e+15,4.601942363656916779e-01
1.650513695864804000e+15,4.601942363656916779e-01
1.650513695866688000e+15,4.601942363656916779e-01
1.650513695868572000e+15,4.601942363656916779e-01
1.650513695870456000e+15,4.601942363656916779e-01
1.650513695872340250e+15,4.601942363656916779e-01
1.650513695874224250e+15,4.601942363656916224e-01
1.650513695876108250e+15,4.601942363656917889e-01
1.650513695877992500e+15,4.601942363656918999e-01
1.650513695879876500e+15,4.601942363656920110e-01
1.650513695881760500e+15,4.601942363656921220e-01
1.650513695883644500e+15,4.601942363656922330e-01
1.650513695885528750e+15,4.601942363656923440e-01
1.650513695887412750e+15,4.601942363656924551e-01
1.650513695889296750e+15,4.601942363656925661e-01
1.650513695891180750e+15,4.601942363656926771e-01
1.650513695893065000e+15,4.601942363656927326e-01
1.650513695894949000e+15,4.601942363656926216e-01
1.650513695896833000e+15,4.601942363656924551e-01
1.650513695898717000e+15,4.601942363656922330e-01
1.650513695900601250e+15,4.601942363656920110e-01
1.650513695902485250e+15,4.601942363656918999e-01
1.650513695904369250e+15,4.601942363656917889e-01
1.650513695906253500e+15,4.601942363656918999e-01
1.650513695908137500e+15,4.601942363656920665e-01
1.650513695910021500e+15,4.601942363656922330e-01
1.650513695911905500e+15,4.601942363656924551e-01
1.650513695913789750e+15,4.601942363656926216e-01
1.650513695915673750e+15,4.601942363656927881e-01
1.650513695917557750e+15,4.601942363656926216e-01
1.650513695919441750e+15,4.601942363656925661e-01
1.650513695921326000e+15,4.601942363656923440e-01
1.650513695923210000e+15,4.601942363656922330e-01
1.650513695925094000e+15,4.601942363656921220e-01
1.650513695926978000e+15,4.601942363656919555e-01
1.650513695928862250e+15,4.601942363656917889e-01
1.650513695930746250e+15,4.601942363656916779e-01
1.650513695932630250e+15,4.601942363656918999e-01
1.650513695934514500e+15,4.601942363656920110e-01
1.650513695936398500e+15,4.601942363656922330e-01
1.650513695938282500e+15,4.601942363656923440e-01
1.650513695940166500e+15,4.601942363656925661e-01
1.650513695942050750e+15,4.601942363656927326e-01
1.650513695943934750e+15,4.601942363656927881e-01
1.650513695945818750e+15,4.601942363656927326e-01
1.650513695947702750e+15,4.601942363656927881e-01
1.650513695949587000e+15,4.601942363656927881e-01
1.650513695951471000e+15,4.601942363656927881e-01
1.650513695953355000e+15,4.601942363656927326e-01
1.650513695955239000e+15,4.601942363656927881e-01
1.650513695957123250e+15,4.601942363656927881e-01
1.650513695959007250e+15,4.601942363656927881e-01
1.650513695960891250e+15,4.601942363656927881e-01
1.650513695962775500e+15,4.601942363656927326e-01
1.650513695964659500e+15,4.601942363656926771e-01
1.650513695966543500e+15,4.601942363656927881e-01
1.650513695968427500e+15,4.601942363656927881e-01
1.650513695970311750e+15,4.601942363656927881e-01
1.650513695972195750e+15,4.601942363656927881e-01
1.650513695974079750e+15,4.601942363656927881e-01
1.650513695975963750e+15,4.601942363656927881e-01
1.650513695977848000e+15,4.601942363656927881e-01
1.650513695979732000e+15,4.601942363656928436e-01
1.650513695981616000e+15,4.601942363656927326e-01
1.650513695983500000e+15,4.601942363656927881e-01
1.650513695985384250e+15,4.601942363656927881e-01
1.650513695987268250e+15,4.601942363656927881e-01
1.650513695989152250e+15,4.601942363656927881e-01
1.650513695991036500e+15,4.601942363656927881e-01
1.650513695992920500e+15,4.601942363656927881e-01
1.650513695994804500e+15,4.601942363656927881e-01
1.650513695996688500e+15,4.601942363656927881e-01
1.650513695998572750e+15,4.601942363656927881e-01
1.650513696000456750e+15,4.601942363656927881e-01
1.650513696002340750e+15,4.601942363656927881e-01
1.650513696004224750e+15,4.601942363656927881e-01
1.650513696006109000e+15,4.601942363656927881e-01
1.650513696007993000e+15,4.601942363656927881e-01
1.650513696009877000e+15,4.601942363656927881e-01
1.650513696011761000e+15,4.601942363656927881e-01
1.650513696013645250e+15,4.601942363656927881e-01
1.650513696015529250e+15,4.601942363656927881e-01
1.650513696017413250e+15,4.601942363656927881e-01
1.650513696019297500e+15,4.601942363656927881e-01
1.650513696021181500e+15,4.601942363656927881e-01
1.650513696023065500e+15,4.601942363656927881e-01
1.650513696024949500e+15,4.601942363656927326e-01
1.650513696026833750e+15,4.601942363656927881e-01
1.650513696028717750e+15,4.601942363656927326e-01
1.650513696030601750e+15,4.601942363656927881e-01
1.650513696032485750e+15,4.601942363656927881e-01
1.650513696034370000e+15,4.601942363656927881e-01
1.650513696036254000e+15,4.601942363656927881e-01
1.650513696038138000e+15,4.601942363656927326e-01
1.650513696040022000e+15,4.601942363656927326e-01
1.650513696041906250e+15,4.601942363656928436e-01
1.650513696043790250e+15,4.601942363656927881e-01
1.650513696045674250e+15,4.601942363656927881e-01
1.650513696047558500e+15,4.601942363656927881e-01
1.650513696049442500e+15,4.601942363656928436e-01
1.650513696051326500e+15,4.601942363656928436e-01
1.650513696053210500e+15,4.601942363656927881e-01
1.650513696055094750e+15,4.601942363656927881e-01
1.650513696056978750e+15,4.601942363656927881e-01
1.650513696058862750e+15,4.601942363656927326e-01
1.650513696060746750e+15,4.601942363656926771e-01
1.650513696062631000e+15,4.601942363656926771e-01
1.650513696064515000e+15,4.601942363656926771e-01
1.650513696066399000e+15,4.601942363656926771e-01
1.650513696068283000e+15,4.601942363656926771e-01
1.650513696070167250e+15,4.601942363656926216e-01
1.650513696072051250e+15,4.610754274179487688e-01
1.650513696073935250e+15,4.620185684163583550e-01
1.650513696075819500e+15,4.629618345661742351e-01
1.650513696077703500e+15,4.639049755645837658e-01
1.650513696079587500e+15,4.648481165629934075e-01
1.650513696081471500e+15,4.657912575614029382e-01
1.650513696083355750e+15,4.661056084151303791e-01
1.650513696085239750e+15,4.655818643403973889e-01
1.650513696087123750e+15,4.650581202656643987e-01
1.650513696089007750e+15,4.645343761909315194e-01
1.650513696090892000e+15,4.640105626172501552e-01
1.650513696092776000e+15,4.634868185425171649e-01
1.650513696094660000e+15,4.629630744677841747e-01
1.650513696096544000e+15,4.624393303930512955e-01
1.650513696098428250e+15,4.619155168193699312e-01
1.650513696100312250e+15,4.613917727446369965e-01
1.650513696102196250e+15,4.608680286699040063e-01
1.650513696104080500e+15,4.603442150962226975e-01
1.650513696105964500e+15,4.601942363656927881e-01
1.650513696107848500e+15,4.601942363656927326e-01
1.650513696109732500e+15,4.601942363656927326e-01
1.650513696111616750e+15,4.601942363656927881e-01
1.650513696113500750e+15,4.601942363656926771e-01
1.650513696115384750e+15,4.601942363656927881e-01
1.650513696117268750e+15,4.601942363656927326e-01
1.650513696119153000e+15,4.601942363656927326e-01
1.650513696121037000e+15,4.601942363656926771e-01
1.650513696122921000e+15,4.601942363656925661e-01
1.650513696124805000e+15,4.601942363656924551e-01
1.650513696126689250e+15,4.601942363656923440e-01
1.650513696128573250e+15,4.601942363656922885e-01
1.650513696130457250e+15,4.601942363656922330e-01
1.650513696132341500e+15,4.601942363656921220e-01
1.650513696134225500e+15,4.601942363656920665e-01
1.650513696136109500e+15,4.601942363656919555e-01
1.650513696137993500e+15,4.601942363656918444e-01
1.650513696139877750e+15,4.601942363656918444e-01
1.650513696141761750e+15,4.601942363656918444e-01
1.650513696143645750e+15,4.601942363656918999e-01
1.650513696145529750e+15,4.601942363656918999e-01
1.650513696147414000e+15,4.601942363656918444e-01
1.650513696149298000e+15,4.601942363656918999e-01
1.650513696151182000e+15,4.591631595746941685e-01
1.650513696153066000e+15,4.581282375319452038e-01
1.650513696154950250e+15,4.570931781587765919e-01
1.650513696156834250e+15,4.560582561160276827e-01
1.650513696158718250e+15,4.550233340732787735e-01
1.650513696160602500e+15,4.539882747001101615e-01
1.650513696162486500e+15,4.529533526573612523e-01
1.650513696164370500e+15,4.519184306146123431e-01
1.650513696166254500e+15,4.508835085718633784e-01
1.650513696168138750e+15,4.498484491986948219e-01
1.650513696170022750e+15,4.488135271559458572e-01
1.650513696171906750e+15,4.480043997585284599e-01
1.650513696173790750e+15,4.485946815813178778e-01
1.650513696175675000e+15,4.491850417323745570e-01
1.650513696177559000e+15,4.497753235551639195e-01
1.650513696179443000e+15,4.503656053779533375e-01
1.650513696181327000e+15,4.509558872007426444e-01
1.650513696183211250e+15,4.515462473517993791e-01
1.650513696185095250e+15,4.521365291745887416e-01
1.650513696186979250e+15,4.527268109973781041e-01
1.650513696188863500e+15,4.533171711484348387e-01
1.650513696190747500e+15,4.539074529712242567e-01
1.650513696192631500e+15,4.540583132141503553e-01
1.650513696194515500e+15,4.540583132141503553e-01
1.650513696196399750e+15,4.540583132141502443e-01
1.650513696198283750e+15,4.540583132141501332e-01
1.650513696200167750e+15,4.540583132141500777e-01
1.650513696202051750e+15,4.540583132141499112e-01
1.650513696203936000e+15,4.540583132141499112e-01
1.650513696205820000e+15,4.540583132141498002e-01
1.650513696207704000e+15,4.540583132141498002e-01
1.650513696209588000e+15,4.540583132141498002e-01
1.650513696211472250e+15,4.540583132141498002e-01
1.650513696213356250e+15,4.540583132141498002e-01
1.650513696215240250e+15,4.540583132141498002e-01
1.650513696217124500e+15,4.540583132141498002e-01
1.650513696219008500e+15,4.540583132141496892e-01
1.650513696220892500e+15,4.540583132141495781e-01
1.650513696222776500e+15,4.540583132141495781e-01
1.650513696224660750e+15,4.540583132141495781e-01
1.650513696226544750e+15,4.540583132141494671e-01
1.650513696228428750e+15,4.540583132141494116e-01
1.650513696230312750e+15,4.540583132141494116e-01
1.650513696232197000e+15,4.540583132141495781e-01
1.650513696234081000e+15,4.540583132141497447e-01
1.650513696235965000e+15,4.540583132141499667e-01
1.650513696237849000e+15,4.540583132141501332e-01
1.650513696239733250e+15,4.540583132141503553e-01
1.650513696241617250e+15,4.540583132141504663e-01
1.650513696243501250e+15,4.540583132141503553e-01
1.650513696245385500e+15,4.540583132141502998e-01
1.650513696247269500e+15,4.540583132141501888e-01
1.650513696249153500e+15,4.540583132141500222e-01
1.650513696251037500e+15,4.540583132141500222e-01
1.650513696252921750e+15,4.540583132141499112e-01
1.650513696254805750e+15,4.540583132141498002e-01
1.650513696256689750e+15,4.540583132141497447e-01
1.650513696258573750e+15,4.540583132141496336e-01
1.650513696260458000e+15,4.540583132141496336e-01
1.650513696262342000e+15,4.540583132141495781e-01
1.650513696264226000e+15,4.540583132141496892e-01
1.650513696266110000e+15,4.540583132141495781e-01
1.650513696267994250e+15,4.540583132141495781e-01
1.650513696269878250e+15,4.540583132141495781e-01
1.650513696271762250e+15,4.540583132141495781e-01
1.650513696273646500e+15,4.540583132141495781e-01
1.650513696275530500e+15,4.540583132141496336e-01
1.650513696277414500e+15,4.540583132141495781e-01
1.650513696279298500e+15,4.540583132141496892e-01
1.650513696281182750e+15,4.540583132141496892e-01
1.650513696283066750e+15,4.540583132141498002e-01
1.650513696284950750e+15,4.540583132141497447e-01
1.650513696286834750e+15,4.540583132141497447e-01
1.650513696288719000e+15,4.540583132141496892e-01
1.650513696290603000e+15,4.540583132141496892e-01
1.650513696292487000e+15,4.540583132141496336e-01
1.650513696294371000e+15,4.540583132141495781e-01
1.650513696296255250e+15,4.540583132141495226e-01
1.650513696298139250e+15,4.540583132141495781e-01
1.650513696300023250e+15,4.540583132141495781e-01
1.650513696301907500e+15,4.540583132141496336e-01
1.650513696303791500e+15,4.540583132141496892e-01
1.650513696305675500e+15,4.540583132141496892e-01
1.650513696307559500e+15,4.540583132141498002e-01
1.650513696309443750e+15,4.540583132141498002e-01
1.650513696311327750e+15,4.540583132141498002e-01
1.650513696313211750e+15,4.540583132141498002e-01
1.650513696315095750e+15,4.540583132141496892e-01
1.650513696316980000e+15,4.540583132141497447e-01
1.650513696318864000e+15,4.540583132141496892e-01
1.650513696320748000e+15,4.540583132141496892e-01
1.650513696322632000e+15,4.540583132141496336e-01
1.650513696324516250e+15,4.540583132141496336e-01
1.650513696326400250e+15,4.540583132141495781e-01
1.650513696328284250e+15,4.540583132141495781e-01
1.650513696330168500e+15,4.540583132141495781e-01
1.650513696332052500e+15,4.540583132141495781e-01
1.650513696333936500e+15,4.540583132141495781e-01
1.650513696335820500e+15,4.540583132141495781e-01
1.650513696337704750e+15,4.540583132141495781e-01
1.650513696339588750e+15,4.540583132141495781e-01
1.650513696341472750e+15,4.540583132141495781e-01
1.650513696343356750e+15,4.540583132141495781e-01
1.650513696345241000e+15,4.540583132141495781e-01
1.650513696347125000e+15,4.540583132141495781e-01
1.650513696349009000e+15,4.540583132141495226e-01
1.650513696350893000e+15,4.540583132141495226e-01
1.650513696352777250e+15,4.540583132141495781e-01
1.650513696354661250e+15,4.540583132141495781e-01
1.650513696356545250e+15,4.540583132141495781e-01
1.650513696358429500e+15,4.540583132141495781e-01
1.650513696360313500e+15,4.540583132141495781e-01
1.650513696362197500e+15,4.540583132141496336e-01
1.650513696364081500e+15,4.540583132141495781e-01
1.650513696365965750e+15,4.540583132141495781e-01
1.650513696367849750e+15,4.540583132141495781e-01
1.650513696369733750e+15,4.540583132141496336e-01
1.650513696371617750e+15,4.540583132141496336e-01
1.650513696373502000e+15,4.540583132141495781e-01
1.650513696375386000e+15,4.540583132141496336e-01
1.650513696377270000e+15,4.540583132141495781e-01
1.650513696379154000e+15,4.540583132141495781e-01
1.650513696381038250e+15,4.540583132141496336e-01
1.650513696382922250e+15,4.540583132141495781e-01
1.650513696384806250e+15,4.540583132141495781e-01
1.650513696386690500e+15,4.540583132141495781e-01
1.650513696388574500e+15,4.540583132141495781e-01
1.650513696390458500e+15,4.540583132141495781e-01
1.650513696392342500e+15,4.540583132141496336e-01
1.650513696394226750e+15,4.540583132141495781e-01
1.650513696396110750e+15,4.540583132141495781e-01
1.650513696397994750e+15,4.540583132141495781e-01
1.650513696399878750e+15,4.540583132141495781e-01
1.650513696401763000e+15,4.540583132141495781e-01
1.650513696403647000e+15,4.540583132141495781e-01
1.650513696405531000e+15,4.540583132141495781e-01
1.650513696407415000e+15,4.543917010179849836e-01
1.650513696409299250e+15,4.553265015676530303e-01
1.650513696411183250e+15,4.562611780891201452e-01
1.650513696413067250e+15,4.571958546105873156e-01
1.650513696414951500e+15,4.581306551602553068e-01
1.650513696416835500e+15,4.590653316817224217e-01
1.650513696418719500e+15,4.600000082031895920e-01
1.650513696420603500e+15,4.596860307439562532e-01
1.650513696422487750e+15,4.590444317873362268e-01
1.650513696424371750e+15,4.584029179572859380e-01
1.650513696426255750e+15,4.577614041272356493e-01
1.650513696428139750e+15,4.571198902971854161e-01
1.650513696430024000e+15,4.564782913405653342e-01
1.650513696431908000e+15,4.558367775105150455e-01
1.650513696433792000e+15,4.551952636804648122e-01
1.650513696435676000e+15,4.545537498504145235e-01
1.650513696437560250e+15,4.538855114156454817e-01
1.650513696439444250e+15,4.531270755661830907e-01
1.650513696441328250e+15,4.523686397167206441e-01
1.650513696443212500e+15,4.516101032255585013e-01
1.650513696445096500e+15,4.508516673760961657e-01
1.650513696446980500e+15,4.500932315266337191e-01
1.650513696448864500e+15,4.493347956771713281e-01
1.650513696450748750e+15,4.485762591860090742e-01
1.650513696452632750e+15,4.480694337048816145e-01
1.650513696454516750e+15,4.491359600650168815e-01
1.650513696456400750e+15,4.502024864251520930e-01
1.650513696458285000e+15,4.512691543094858870e-01
1.650513696460169000e+15,4.523356806696210985e-01
1.650513696462053000e+15,4.534022070297563656e-01
1.650513696463937000e+15,4.536345212464570897e-01
1.650513696465821250e+15,4.525331005359403691e-01
1.650513696467705250e+15,4.514318259605849537e-01
1.650513696469589250e+15,4.503305513852295938e-01
1.650513696471473500e+15,4.492291306747129287e-01
1.650513696473357500e+15,4.481278560993575133e-01
1.650513696475241500e+15,4.483464015262740299e-01
1.650513696477125500e+15,4.488676658639890737e-01
1.650513696479009750e+15,4.493889993716002618e-01
1.650513696480893750e+15,4.499102637093153056e-01
1.650513696482777750e+15,4.504315280470302385e-01
1.650513696484661750e+15,4.509527923847452824e-01
1.650513696486546000e+15,4.514741258923565259e-01
1.650513696488430000e+15,4.519953902300715143e-01
1.650513696490314000e+15,4.525166545677865026e-01
1.650513696492198000e+15,4.530379189055015465e-01
1.650513696494082250e+15,4.535592524131127345e-01
1.650513696495966250e+15,4.540130301690041281e-01
1.650513696497850250e+15,4.529499366231602986e-01
1.650513696499734500e+15,4.518867020086400066e-01
1.650513696501618500e+15,4.508236084627962326e-01
1.650513696503502500e+15,4.497605149169523475e-01
1.650513696505386500e+15,4.486974213711085735e-01
1.650513696507270750e+15,4.479223900626072563e-01
1.650513696509154750e+15,4.479223900626072563e-01
1.650513696511038750e+15,4.479223900626072563e-01
1.650513696512922750e+15,4.479223900626073118e-01
1.650513696514807000e+15,4.479223900626072563e-01
1.650513696516691000e+15,4.479223900626072563e-01
1.650513696518575000e+15,4.479223900626072563e-01
1.650513696520459000e+15,4.479223900626072563e-01
1.650513696522343250e+15,4.479223900626072563e-01
1.650513696524227250e+15,4.479223900626072563e-01
1.650513696526111250e+15,4.479223900626072563e-01
1.650513696527995500e+15,4.479223900626073118e-01
1.650513696529879500e+15,4.479223900626073118e-01
1.650513696531763500e+15,4.479223900626072563e-01
1.650513696533647500e+15,4.479223900626072563e-01
1.650513696535531750e+15,4.479223900626072563e-01
1.650513696537415750e+15,4.479223900626073118e-01
1.650513696539299750e+15,4.479223900626072563e-01
1.650513696541183750e+15,4.479223900626072563e-01
1.650513696543068000e+15,4.479223900626073118e-01
1.650513696544952000e+15,4.479223900626072563e-01
1.650513696546836000e+15,4.479223900626072563e-01
1.650513696548720000e+15,4.479223900626073118e-01
1.650513696550604250e+15,4.476477766677910419e-01
1.650513696552488250e+15,4.470892107991446540e-01
1.650513696554372250e+15,4.465306449304982661e-01
1.650513696556256500e+15,4.459720049421771471e-01
1.650513696558140500e+15,4.454134390735307591e-01
1.650513696560024500e+15,4.448548732048843157e-01
1.650513696561908500e+15,4.442963073362379278e-01
1.650513696563792750e+15,4.437376673479168643e-01
1.650513696565676750e+15,4.431791014792704764e-01
1.650513696567560750e+15,4.426205356106240330e-01
1.650513696569444750e+15,4.420619697419776450e-01
1.650513696571329000e+15,4.405905066532808112e-01
1.650513696573213000e+15,4.382311463122699480e-01
1.650513696575097000e+15,4.358717859712589737e-01
1.650513696576981000e+15,4.335124256302481660e-01
1.650513696578865250e+15,4.311527522106357591e-01
1.650513696580749250e+15,4.287933918696248403e-01
1.650513696582633250e+15,4.264340315286140326e-01
1.650513696584517500e+15,4.240743581090016812e-01
1.650513696586401500e+15,4.255374829190493591e-01
1.650513696588285500e+15,4.285989445762277694e-01
1.650513696590169500e+15,4.316604062334062353e-01
1.650513696592053750e+15,4.347222741354966891e-01
1.650513696593937750e+15,4.345143658743130244e-01
1.650513696595821750e+15,4.328837742645372244e-01
1.650513696597705750e+15,4.312531826547614244e-01
1.650513696599590000e+15,4.296223746713642710e-01
1.650513696601474000e+15,4.279917830615884711e-01
1.650513696603358000e+15,4.263611914518126711e-01
1.650513696605242000e+15,4.247305998420368156e-01
1.650513696607126250e+15,4.233786974564370253e-01
1.650513696609010250e+15,4.233786974564370253e-01
1.650513696610894250e+15,4.233786974564370809e-01
1.650513696612778500e+15,4.233786974564370809e-01
1.650513696614662500e+15,4.233786974564370809e-01
1.650513696616546500e+15,4.233786974564370809e-01
1.650513696618430500e+15,4.233786974564370809e-01
1.650513696620314750e+15,4.233786974564370809e-01
1.650513696622198750e+15,4.233786974564370809e-01
1.650513696624082750e+15,4.233786974564370809e-01
1.650513696625966750e+15,4.233786974564370809e-01
1.650513696627851000e+15,4.236611258223225152e-01
1.650513696629735000e+15,4.242079860909021560e-01
1.650513696631619000e+15,4.247548463594818524e-01
1.650513696633503000e+15,4.253017066280616043e-01
1.650513696635387250e+15,4.258486394630250915e-01
1.650513696637271250e+15,4.263954997316048434e-01
1.650513696639155250e+15,4.269423600001845953e-01
1.650513696641039500e+15,4.274892928351481380e-01
1.650513696642923500e+15,4.280361531037277789e-01
1.650513696644807500e+15,4.285830133723074753e-01
1.650513696646691500e+15,4.291298736408872272e-01
1.650513696648575750e+15,4.293559549720613600e-01
1.650513696650459750e+15,4.288209642641057084e-01
1.650513696652343750e+15,4.282859735561500014e-01
1.650513696654227750e+15,4.277509828481942944e-01
1.650513696656112000e+15,4.272159211489027220e-01
1.650513696657996000e+15,4.266809304409470149e-01
1.650513696659880000e+15,4.261459397329913079e-01
1.650513696661764000e+15,4.256109490250356009e-01
1.650513696663648250e+15,4.250758873257439729e-01
1.650513696665532250e+15,4.245408966177882659e-01
1.650513696667416250e+15,4.240059059098325589e-01
1.650513696669300500e+15,4.234708442105409310e-01
1.650513696671184500e+15,4.233786974564370809e-01
1.650513696673068500e+15,4.233786974564370253e-01
1.650513696674952500e+15,4.233786974564369698e-01
1.650513696676836750e+15,4.233786974564369698e-01
1.650513696678720750e+15,4.233786974564369698e-01
1.650513696680604750e+15,4.233786974564369143e-01
1.650513696682488750e+15,4.233786974564369143e-01
1.650513696684373000e+15,4.233786974564368588e-01
1.650513696686257000e+15,4.233786974564368588e-01
1.650513696688141000e+15,4.233786974564368588e-01
1.650513696690025000e+15,4.233786974564368588e-01
1.650513696691909250e+15,4.233786974564368588e-01
1.650513696693793250e+15,4.233786974564368588e-01
1.650513696695677250e+15,4.212287812251121477e-01
1.650513696697561500e+15,4.183336733752828773e-01
1.650513696699445500e+15,4.154389496448445129e-01
1.650513696701329500e+15,4.125442259144063151e-01
1.650513696703213500e+15,4.111068511533526038e-01
1.650513696705097750e+15,4.111068511533523817e-01
1.650513696706981750e+15,4.111068511533523262e-01
1.650513696708865750e+15,4.111068511533521042e-01
1.650513696710749750e+15,4.111068511533519931e-01
1.650513696712634000e+15,4.111068511533518821e-01
1.650513696714518000e+15,4.111068511533517156e-01
1.650513696716402000e+15,4.111068511533515490e-01
1.650513696718286000e+15,4.111068511533514380e-01
1.650513696720170250e+15,4.112520209827029705e-01
1.650513696722054250e+15,4.127284040245301489e-01
1.650513696723938250e+15,4.142047870663573272e-01
1.650513696725822500e+15,4.156813660188853898e-01
1.650513696727706500e+15,4.171577490607125682e-01
1.650513696729590500e+15,4.186341321025397466e-01
1.650513696731474500e+15,4.201105151443669250e-01
1.650513696733358750e+15,4.215870940968949876e-01
1.650513696735242750e+15,4.230634771387221105e-01
1.650513696737126750e+15,4.229365917365344174e-01
1.650513696739010750e+15,4.223744677775018719e-01
1.650513696740895000e+15,4.218122692266487728e-01
1.650513696742779000e+15,4.212501452676161717e-01
1.650513696744663000e+15,4.206880213085835152e-01
1.650513696746547000e+15,4.201258973495509697e-01
1.650513696748431250e+15,4.195636987986978705e-01
1.650513696750315250e+15,4.190015748396652695e-01
1.650513696752199250e+15,4.184394508806326685e-01
1.650513696754083500e+15,4.178772523297795694e-01
1.650513696755967500e+15,4.173151283707470238e-01
1.650513696757851500e+15,4.172427743048948701e-01
1.650513696759735500e+15,4.172427743048948146e-01
1.650513696761619750e+15,4.172427743048948701e-01
1.650513696763503750e+15,4.172427743048948146e-01
1.650513696765387750e+15,4.172427743048947590e-01
1.650513696767271750e+15,4.172427743048947590e-01
1.650513696769156000e+15,4.172427743048947590e-01
1.650513696771040000e+15,4.172427743048947590e-01
1.650513696772924000e+15,4.172427743048948146e-01
1.650513696774808000e+15,4.172427743048948146e-01
1.650513696776692250e+15,4.172427743048947590e-01
1.650513696778576250e+15,4.172427743048947590e-01
1.650513696780460250e+15,4.172427743048947590e-01
1.650513696782344500e+15,4.172427743048947590e-01
1.650513696784228500e+15,4.172427743048947590e-01
1.650513696786112500e+15,4.172427743048947590e-01
1.650513696787996500e+15,4.172427743048947590e-01
1.650513696789880750e+15,4.172427743048948146e-01
1.650513696791764750e+15,4.172427743048947590e-01
1.650513696793648750e+15,4.172427743048948701e-01
1.650513696795532750e+15,4.172427743048948701e-01
1.650513696797417000e+15,4.172427743048948701e-01
1.650513696799301000e+15,4.172427743048948701e-01
1.650513696801185000e+15,4.172427743048948701e-01
1.650513696803069000e+15,4.172427743048948701e-01
1.650513696804953250e+15,4.172427743048948701e-01
1.650513696806837250e+15,4.172427743048947590e-01
1.650513696808721250e+15,4.172427743048948146e-01
1.650513696810605500e+15,4.172427743048948146e-01
1.650513696812489500e+15,4.172427743048947590e-01
1.650513696814373500e+15,4.172427743048947590e-01
1.650513696816257500e+15,4.172427743048947590e-01
1.650513696818141750e+15,4.172427743048947035e-01
1.650513696820025750e+15,4.172427743048947590e-01
1.650513696821909750e+15,4.172427743048947590e-01
1.650513696823793750e+15,4.172427743048947035e-01
1.650513696825678000e+15,4.172427743048947590e-01
1.650513696827562000e+15,4.172427743048947590e-01
1.650513696829446000e+15,4.172427743048947590e-01
1.650513696831330000e+15,4.172427743048947590e-01
1.650513696833214250e+15,4.172427743048948146e-01
1.650513696835098250e+15,4.172427743048948146e-01
1.650513696836982250e+15,4.172427743048948146e-01
1.650513696838866500e+15,4.172427743048948146e-01
1.650513696840750500e+15,4.172427743048948701e-01
1.650513696842634500e+15,4.172427743048948701e-01
1.650513696844518500e+15,4.172427743048948701e-01
1.650513696846402750e+15,4.172427743048948701e-01
1.650513696848286750e+15,4.172427743048949256e-01
1.650513696850170750e+15,4.172427743048948701e-01
1.650513696852054750e+15,4.172427743048948701e-01
1.650513696853939000e+15,4.172427743048948701e-01
1.650513696855823000e+15,4.172427743048948701e-01
1.650513696857707000e+15,4.172427743048948701e-01
1.650513696859591000e+15,4.172427743048948701e-01
1.650513696861475250e+15,4.172427743048948701e-01
1.650513696863359250e+15,4.172427743048948701e-01
1.650513696865243250e+15,4.172427743048948701e-01
1.650513696867127500e+15,4.172427743048948701e-01
1.650513696869011500e+15,4.172427743048948701e-01
1.650513696870895500e+15,4.172427743048948701e-01
1.650513696872779500e+15,4.172427743048948701e-01
1.650513696874663750e+15,4.172427743048948701e-01
1.650513696876547750e+15,4.172427743048948701e-01
1.650513696878431750e+15,4.172427743048947590e-01
1.650513696880315750e+15,4.172427743048948146e-01
1.650513696882200000e+15,4.172427743048947590e-01
1.650513696884084000e+15,4.172427743048948146e-01
1.650513696885968000e+15,4.172427743048947590e-01
1.650513696887852000e+15,4.172427743048947035e-01
1.650513696889736250e+15,4.172427743048947590e-01
1.650513696891620250e+15,4.172427743048947590e-01
1.650513696893504250e+15,4.172427743048947590e-01
1.650513696895388500e+15,4.172427743048947590e-01
1.650513696897272500e+15,4.172427743048947590e-01
1.650513696899156500e+15,4.173614482963138306e-01
1.650513696901040500e+15,4.178480245745150312e-01
1.650513696902924750e+15,4.183346654196321568e-01
1.650513696904808750e+15,4.188212416978334129e-01
1.650513696906692750e+15,4.193078179760346691e-01
1.650513696908576750e+15,4.197943942542359252e-01
1.650513696910461000e+15,4.202810350993529953e-01
1.650513696912345000e+15,4.207676113775542515e-01
1.650513696914229000e+15,4.212541876557553966e-01
1.650513696916113000e+15,4.217407639339566527e-01
1.650513696917997250e+15,4.222274047790737783e-01
1.650513696919881250e+15,4.227139810572750345e-01
1.650513696921765250e+15,4.232005573354762906e-01
1.650513696923649500e+15,4.233786974564366368e-01
1.650513696925533500e+15,4.233786974564367478e-01
1.650513696927417500e+15,4.233786974564368588e-01
1.650513696929301500e+15,4.233786974564369698e-01
1.650513696931185750e+15,4.233786974564370253e-01
1.650513696933069750e+15,4.233786974564370253e-01
1.650513696934953750e+15,4.233786974564370253e-01
1.650513696936837750e+15,4.233786974564369698e-01
1.650513696938722000e+15,4.233786974564368588e-01
1.650513696940606000e+15,4.233786974564368588e-01
1.650513696942490000e+15,4.233786974564368588e-01
1.650513696944374000e+15,4.233786974564368588e-01
1.650513696946258250e+15,4.233786974564368033e-01
1.650513696948142250e+15,4.233786974564368033e-01
1.650513696950026250e+15,4.233786974564368033e-01
1.650513696951910500e+15,4.233786974564368588e-01
1.650513696953794500e+15,4.233786974564368588e-01
1.650513696955678500e+15,4.233786974564368588e-01
1.650513696957562500e+15,4.233786974564368033e-01
1.650513696959446750e+15,4.233786974564368588e-01
1.650513696961330750e+15,4.233786974564368588e-01
1.650513696963214750e+15,4.233786974564368033e-01
1.650513696965098750e+15,4.233786974564369143e-01
1.650513696966983000e+15,4.233786974564368588e-01
1.650513696968867000e+15,4.233786974564368588e-01
1.650513696970751000e+15,4.233786974564368588e-01
1.650513696972635000e+15,4.233786974564368588e-01
1.650513696974519250e+15,4.233786974564368588e-01
1.650513696976403250e+15,4.233786974564368588e-01
1.650513696978287250e+15,4.233786974564368588e-01
1.650513696980171500e+15,4.233786974564368588e-01
1.650513696982055500e+15,4.233786974564369143e-01
1.650513696983939500e+15,4.233786974564368588e-01
1.650513696985823500e+15,4.233786974564368588e-01
1.650513696987707750e+15,4.233786974564368588e-01
1.650513696989591750e+15,4.233786974564369143e-01
1.650513696991475750e+15,4.233786974564368588e-01
1.650513696993359750e+15,4.233786974564368588e-01
1.650513696995244000e+15,4.233786974564368588e-01
1.650513696997128000e+15,4.233786974564368588e-01
1.650513696999012000e+15,4.233786974564368588e-01
1.650513697000896000e+15,4.233786974564368588e-01
1.650513697002780250e+15,4.233786974564368588e-01
1.650513697004664250e+15,4.233786974564368588e-01
1.650513697006548250e+15,4.233786974564368588e-01
1.650513697008432500e+15,4.233786974564369143e-01
1.650513697010316500e+15,4.233786974564368588e-01
1.650513697012200500e+15,4.233786974564368588e-01
1.650513697014084500e+15,4.233786974564368588e-01
1.650513697015968750e+15,4.233786974564368588e-01
1.650513697017852750e+15,4.233786974564368588e-01
1.650513697019736750e+15,4.233786974564369143e-01
1.650513697021620750e+15,4.233786974564368588e-01
1.650513697023505000e+15,4.233786974564368588e-01
1.650513697025389000e+15,4.233786974564368588e-01
1.650513697027273000e+15,4.233786974564368588e-01
1.650513697029157000e+15,4.233786974564368588e-01
1.650513697031041250e+15,4.233786974564368588e-01
1.650513697032925250e+15,4.233786974564368588e-01
1.650513697034809250e+15,4.233786974564368588e-01
1.650513697036693500e+15,4.233786974564368588e-01
1.650513697038577500e+15,4.233786974564368588e-01
1.650513697040461500e+15,4.233786974564368588e-01
1.650513697042345500e+15,4.233786974564368033e-01
1.650513697044229750e+15,4.233786974564368588e-01
1.650513697046113750e+15,4.233786974564368588e-01
1.650513697047997750e+15,4.233786974564368588e-01
1.650513697049881750e+15,4.233786974564368588e-01
1.650513697051766000e+15,4.233786974564368588e-01
1.650513697053650000e+15,4.233786974564368588e-01
1.650513697055534000e+15,4.233786974564368588e-01
1.650513697057418000e+15,4.233786974564368588e-01
1.650513697059302250e+15,4.233786974564368588e-01
1.650513697061186250e+15,4.233786974564369143e-01
1.650513697063070250e+15,4.233786974564368588e-01
1.650513697064954500e+15,4.233786974564368588e-01
1.650513697066838500e+15,4.233786974564368588e-01
1.650513697068722500e+15,4.228103659323417807e-01
1.650513697070606500e+15,4.222403704085754272e-01
1.650513697072490750e+15,4.216702992484603896e-01
1.650513697074374750e+15,4.211003037246939806e-01
1.650513697076258750e+15,4.205303082009276272e-01
1.650513697078142750e+15,4.199603126771612738e-01
1.650513697080027000e+15,4.193902415170461806e-01
1.650513697081911000e+15,4.188202459932798272e-01
1.650513697083795000e+15,4.182502504695134737e-01
1.650513697085679000e+15,4.176802549457470648e-01
1.650513697087563250e+15,4.174806607451956308e-01
1.650513697089447250e+15,4.185033146037859808e-01
1.650513697091331250e+15,4.195259684623763863e-01
1.650513697093215500e+15,4.205487580234427147e-01
1.650513697095099500e+15,4.215714118820331202e-01
1.650513697096983500e+15,4.225940657406234702e-01
1.650513697098867500e+15,4.232528978350627025e-01
1.650513697100751750e+15,4.227123324152808892e-01
1.650513697102635750e+15,4.221718387170619868e-01
1.650513697104519750e+15,4.216313450188431400e-01
1.650513697106403750e+15,4.210908513206242376e-01
1.650513697108288000e+15,4.205502859008424243e-01
1.650513697110172000e+15,4.200097922026235775e-01
1.650513697112056000e+15,4.194692985044047306e-01
1.650513697113940000e+15,4.189288048061858283e-01
1.650513697115824250e+15,4.183882393864040150e-01
1.650513697117708250e+15,4.178477456881851682e-01
1.650513697119592250e+15,4.173072519899663213e-01
1.650513697121476500e+15,4.172427743048947590e-01
1.650513697123360500e+15,4.172427743048947035e-01
1.650513697125244500e+15,4.172427743048947590e-01
1.650513697127128500e+15,4.172427743048947590e-01
1.650513697129012750e+15,4.172427743048947590e-01
1.650513697130896750e+15,4.172427743048947035e-01
1.650513697132780750e+15,4.171484935748235867e-01
1.650513697134664750e+15,4.160570963677326928e-01
1.650513697136549000e+15,4.149655543361716603e-01
1.650513697138433000e+15,4.138741571290807109e-01
1.650513697140317000e+15,4.127827599219897614e-01
1.650513697142201000e+15,4.116913627148988675e-01
1.650513697144085250e+15,4.116762994343811100e-01
1.650513697145969250e+15,4.129020527179679823e-01
1.650513697147853250e+15,4.141278060015548546e-01
1.650513697149737500e+15,4.153537219381782664e-01
1.650513697151621500e+15,4.165794752217650831e-01
1.650513697153505500e+15,4.174883646361375877e-01
1.650513697155389500e+15,4.180235782672087064e-01
1.650513697157273750e+15,4.185588629191969168e-01
1.650513697159157750e+15,4.190940765502680909e-01
1.650513697161041750e+15,4.196292901813391540e-01
1.650513697162925750e+15,4.201645038124102727e-01
1.650513697164810000e+15,4.206997884643984831e-01
1.650513697166694000e+15,4.212350020954696017e-01
1.650513697168578000e+15,4.217702157265407203e-01
1.650513697170462000e+15,4.223054293576118390e-01
1.650513697172346250e+15,4.228407140096000494e-01
1.650513697174230250e+15,4.233759276406712235e-01
1.650513697176114250e+15,4.217095749648872016e-01
1.650513697177998500e+15,4.200315469244961797e-01
1.650513697179882500e+15,4.183537415228261169e-01
1.650513697181766500e+15,4.166759361211560542e-01
1.650513697183650500e+15,4.149981307194860469e-01
1.650513697185534750e+15,4.133201026790950250e-01
1.650513697187418750e+15,4.116422972774249622e-01
1.650513697189302750e+15,4.099644918757550105e-01
1.650513697191186750e+15,4.082866864740849477e-01
1.650513697193071000e+15,4.066086584336938703e-01
1.650513697194955000e+15,4.050221840890226299e-01
1.650513697196839000e+15,4.071681056070300952e-01
1.650513697198723000e+15,4.093140271250376161e-01
1.650513697200607250e+15,4.114602333990852179e-01
1.650513697202491250e+15,4.136061549170927387e-01
1.650513697204375250e+15,4.157520764351003151e-01
1.650513697206259500e+15,4.169780053333332348e-01
1.650513697208143500e+15,4.161112377531047679e-01
1.650513697210027500e+15,4.152444701728763565e-01
1.650513697211911500e+15,4.143777025926478341e-01
1.650513697213795750e+15,4.135108199954899977e-01
1.650513697215679750e+15,4.126440524152614753e-01
1.650513697217563750e+15,4.117772848350330639e-01
1.650513697219447750e+15,4.111068511533515490e-01
1.650513697221332000e+15,4.111068511533516046e-01
1.650513697223216000e+15,4.111068511533516601e-01
1.650513697225100000e+15,4.111068511533517711e-01
1.650513697226984000e+15,4.111068511533518266e-01
1.650513697228868250e+15,4.111068511533519376e-01
1.650513697230752250e+15,4.111068511533519931e-01
1.650513697232636250e+15,4.111068511533521042e-01
1.650513697234520500e+15,4.111068511533521042e-01
1.650513697236404500e+15,4.111068511533521597e-01
1.650513697238288500e+15,4.111068511533522152e-01
1.650513697240172500e+15,4.111068511533523817e-01
1.650513697242056750e+15,4.111068511533524372e-01
1.650513697243940750e+15,4.111068511533523262e-01
1.650513697245824750e+15,4.111068511533521597e-01
1.650513697247708750e+15,4.111068511533521042e-01
1.650513697249593000e+15,4.111068511533519931e-01
1.650513697251477000e+15,4.111068511533518821e-01
1.650513697253361000e+15,4.111068511533517711e-01
1.650513697255245000e+15,4.111068511533517156e-01
1.650513697257129250e+15,4.111068511533516046e-01
1.650513697259013250e+15,4.111068511533515490e-01
1.650513697260897250e+15,4.111068511533514380e-01
1.650513697262781500e+15,4.111068511533514380e-01
1.650513697264665500e+15,4.111068511533513270e-01
1.650513697266549500e+15,4.111068511533515490e-01
1.650513697268433500e+15,4.111068511533517711e-01
1.650513697270317750e+15,4.111068511533519931e-01
1.650513697272201750e+15,4.111068511533522707e-01
1.650513697274085750e+15,4.111068511533524372e-01
1.650513697275969750e+15,4.111068511533524372e-01
1.650513697277854000e+15,4.111068511533524372e-01
1.650513697279738000e+15,4.111068511533524372e-01
1.650513697281622000e+15,4.111068511533524372e-01
1.650513697283506000e+15,4.111068511533524372e-01
1.650513697285390250e+15,4.111068511533524372e-01
1.650513697287274250e+15,4.111068511533523817e-01
1.650513697289158250e+15,4.111068511533524372e-01
1.650513697291042500e+15,4.111068511533524372e-01
1.650513697292926500e+15,4.111068511533524372e-01
1.650513697294810500e+15,4.111068511533524372e-01
1.650513697296694500e+15,4.111068511533524372e-01
1.650513697298578750e+15,4.111068511533524372e-01
1.650513697300462750e+15,4.111068511533524372e-01
1.650513697302346750e+15,4.111068511533524372e-01
1.650513697304230750e+15,4.111068511533524372e-01
1.650513697306115000e+15,4.111068511533524372e-01
1.650513697307999000e+15,4.111068511533524372e-01
1.650513697309883000e+15,4.111068511533524372e-01
1.650513697311767000e+15,4.111068511533524372e-01
1.650513697313651250e+15,4.111068511533524372e-01
1.650513697315535250e+15,4.111068511533524372e-01
1.650513697317419250e+15,4.111068511533524372e-01
1.650513697319303500e+15,4.111068511533524372e-01
1.650513697321187500e+15,4.111068511533524372e-01
1.650513697323071500e+15,4.111068511533524372e-01
1.650513697324955500e+15,4.111068511533524372e-01
1.650513697326839750e+15,4.111068511533524372e-01
1.650513697328723750e+15,4.111068511533524372e-01
1.650513697330607750e+15,4.111068511533524372e-01
1.650513697332491750e+15,4.111068511533522707e-01
1.650513697334376000e+15,4.111068511533521042e-01
1.650513697336260000e+15,4.111068511533519376e-01
1.650513697338144000e+15,4.111068511533517711e-01
1.650513697340028000e+15,4.111068511533516601e-01
1.650513697341912250e+15,4.111068511533516601e-01
1.650513697343796250e+15,4.111068511533517711e-01
1.650513697345680250e+15,4.111068511533519376e-01
1.650513697347564500e+15,4.111068511533520486e-01
1.650513697349448500e+15,4.111068511533522152e-01
1.650513697351332500e+15,4.111068511533523817e-01
1.650513697353216500e+15,4.111068511533524372e-01
1.650513697355100750e+15,4.111068511533523262e-01
1.650513697356984750e+15,4.111068511533522152e-01
1.650513697358868750e+15,4.111068511533521042e-01
1.650513697360752750e+15,4.111068511533519931e-01
1.650513697362637000e+15,4.111068511533518266e-01
1.650513697364521000e+15,4.111068511533517156e-01
1.650513697366405000e+15,4.111068511533516046e-01
1.650513697368289000e+15,4.116105645190776818e-01
1.650513697370173250e+15,4.121843988052744656e-01
1.650513697372057250e+15,4.127581569558356200e-01
1.650513697373941250e+15,4.133319151063967745e-01
1.650513697375825500e+15,4.139057493925936138e-01
1.650513697377709500e+15,4.144795075431547682e-01
1.650513697379593500e+15,4.150532656937158671e-01
1.650513697381477500e+15,4.156270238442770215e-01
1.650513697383361750e+15,4.162008581304738608e-01
1.650513697385245750e+15,4.167746162810350152e-01
1.650513697387129750e+15,4.172427743048939264e-01
1.650513697389013750e+15,4.172427743048938709e-01
1.650513697390898000e+15,4.172427743048938709e-01
1.650513697392782000e+15,4.172427743048938709e-01
1.650513697394666000e+15,4.172427743048938709e-01
1.650513697396550000e+15,4.172427743048939264e-01
1.650513697398434250e+15,4.172427743048938709e-01
1.650513697400318250e+15,4.172427743048938709e-01
1.650513697402202250e+15,4.172427743048938709e-01
1.650513697404086500e+15,4.172427743048938709e-01
1.650513697405970500e+15,4.172427743048938709e-01
1.650513697407854500e+15,4.172427743048938709e-01
1.650513697409738500e+15,4.172427743048938709e-01
1.650513697411622750e+15,4.172427743048938709e-01
1.650513697413506750e+15,4.172427743048938709e-01
1.650513697415390750e+15,4.172427743048938709e-01
1.650513697417274750e+15,4.172427743048938709e-01
1.650513697419159000e+15,4.165271402846088544e-01
1.650513697421043000e+15,4.157114993322695295e-01
1.650513697422927000e+15,4.148958583799302047e-01
1.650513697424811000e+15,4.140802174275908798e-01
1.650513697426695250e+15,4.132644682426410698e-01
1.650513697428579250e+15,4.124488272903017450e-01
1.650513697430463250e+15,4.116331863379624201e-01
1.650513697432347500e+15,4.114953956855869066e-01
1.650513697434231500e+15,4.125904112409062852e-01
1.650513697436115500e+15,4.136854267962257747e-01
1.650513697437999500e+15,4.147804423515450978e-01
1.650513697439883750e+15,4.158756032114764856e-01
1.650513697441767750e+15,4.169706187667958641e-01
1.650513697443651750e+15,4.179733212060633973e-01
1.650513697445535750e+15,4.189454916894126413e-01
1.650513697447420000e+15,4.199177911762760895e-01
1.650513697449304000e+15,4.208899616596253890e-01
1.650513697451188000e+15,4.218621321429745219e-01
1.650513697453072000e+15,4.228343026263237658e-01
1.650513697454956250e+15,4.237806101162645001e-01
1.650513697456840250e+15,4.246937285378684646e-01
1.650513697458724250e+15,4.256068469594723735e-01
1.650513697460608500e+15,4.265200865485950232e-01
1.650513697462492500e+15,4.274332049701988767e-01
1.650513697464376500e+15,4.283463233918027857e-01
1.650513697466260500e+15,4.292594418134067502e-01
1.650513697468144750e+15,4.290696572122089658e-01
1.650513697470028750e+15,4.284522305595621638e-01
1.650513697471912750e+15,4.278348039069154174e-01
1.650513697473796750e+15,4.272173772542686709e-01
1.650513697475681000e+15,4.265998686713335930e-01
1.650513697477565000e+15,4.259824420186868466e-01
1.650513697479449000e+15,4.253650153660401001e-01
1.650513697481333000e+15,4.247475887133932981e-01
1.650513697483217250e+15,4.241300801304582202e-01
1.650513697485101250e+15,4.235126534778115293e-01
1.650513697486985250e+15,4.241057673865023525e-01
1.650513697488869500e+15,4.250344110168873257e-01
1.650513697490753500e+15,4.259629314359640873e-01
1.650513697492637500e+15,4.268914518550408488e-01
1.650513697494521500e+15,4.278199722741175548e-01
1.650513697496405750e+15,4.287486159045025280e-01
1.650513697498289750e+15,4.295146206079791806e-01
1.650513697500173750e+15,4.295146206079791806e-01
1.650513697502057750e+15,4.295146206079792917e-01
1.650513697503942000e+15,4.295146206079793472e-01
1.650513697505826000e+15,4.295146206079794027e-01
1.650513697507710000e+15,4.295146206079795137e-01
1.650513697509594000e+15,4.295146206079795137e-01
1.650513697511478250e+15,4.295146206079795692e-01
1.650513697513362250e+15,4.295146206079796247e-01
1.650513697515246250e+15,4.295146206079795137e-01
1.650513697517130500e+15,4.295146206079794027e-01
1.650513697519014500e+15,4.295146206079793472e-01
1.650513697520898500e+15,4.295146206079792917e-01
1.650513697522782500e+15,4.295146206079792361e-01
1.650513697524666750e+15,4.295146206079792361e-01
1.650513697526550750e+15,4.295146206079792361e-01
1.650513697528434750e+15,4.295146206079791806e-01
1.650513697530318750e+15,4.295146206079791806e-01
1.650513697532203000e+15,4.295146206079791806e-01
1.650513697534087000e+15,4.295146206079791806e-01
1.650513697535971000e+15,4.295146206079791806e-01
1.650513697537855000e+15,4.295146206079792361e-01
1.650513697539739250e+15,4.295146206079792361e-01
1.650513697541623250e+15,4.295146206079791806e-01
1.650513697543507250e+15,4.295146206079791806e-01
1.650513697545391500e+15,4.295146206079792361e-01
1.650513697547275500e+15,4.295146206079791806e-01
1.650513697549159500e+15,4.295146206079791806e-01
1.650513697551043500e+15,4.295146206079791806e-01
1.650513697552927750e+15,4.295146206079792361e-01
1.650513697554811750e+15,4.295146206079792361e-01
1.650513697556695750e+15,4.295146206079791251e-01
1.650513697558579750e+15,4.295146206079791251e-01
1.650513697560464000e+15,4.295146206079791806e-01
1.650513697562348000e+15,4.295146206079791251e-01
1.650513697564232000e+15,4.295146206079791806e-01
1.650513697566116000e+15,4.295146206079791251e-01
1.650513697568000250e+15,4.295146206079791806e-01
1.650513697569884250e+15,4.295146206079791806e-01
1.650513697571768250e+15,4.295146206079791806e-01
1.650513697573652500e+15,4.295146206079791806e-01
1.650513697575536500e+15,4.295146206079791806e-01
1.650513697577420500e+15,4.295146206079791806e-01
1.650513697579304500e+15,4.295146206079791806e-01
1.650513697581188750e+15,4.295146206079791806e-01
1.650513697583072750e+15,4.295146206079791806e-01
1.650513697584956750e+15,4.295146206079791806e-01
1.650513697586840750e+15,4.295146206079791806e-01
1.650513697588725000e+15,4.295146206079791806e-01
1.650513697590609000e+15,4.295146206079791806e-01
1.650513697592493000e+15,4.295146206079792917e-01
1.650513697594377000e+15,4.295146206079792917e-01
1.650513697596261250e+15,4.295146206079793472e-01
1.650513697598145250e+15,4.295146206079794027e-01
1.650513697600029250e+15,4.300376122181254201e-01
1.650513697601913500e+15,4.308884189881816429e-01
1.650513697603797500e+15,4.317391128742296691e-01
1.650513697605681500e+15,4.325898067602777508e-01
1.650513697607565500e+15,4.334405006463257770e-01
1.650513697609449750e+15,4.342913074163819998e-01
1.650513697611333750e+15,4.351420013024300260e-01
1.650513697613217750e+15,4.354133608911815445e-01
1.650513697615101750e+15,4.348236511927931480e-01
1.650513697616986000e+15,4.342338632420562616e-01
1.650513697618870000e+15,4.336441535436679207e-01
1.650513697620754000e+15,4.330544438452795797e-01
1.650513697622638000e+15,4.324647341468911832e-01
1.650513697624522250e+15,4.318749461961542968e-01
1.650513697626406250e+15,4.312852364977659558e-01
1.650513697628290250e+15,4.306955267993776704e-01
1.650513697630174500e+15,4.301057388486407285e-01
1.650513697632058500e+15,4.295160291502523875e-01
1.650513697633942500e+15,4.295146206079791806e-01
1.650513697635826500e+15,4.295146206079791806e-01
1.650513697637710750e+15,4.295146206079791806e-01
1.650513697639594750e+15,4.295146206079791806e-01
1.650513697641478750e+15,4.295146206079791806e-01
1.650513697643362750e+15,4.302249496247509963e-01
1.650513697645247000e+15,4.313760461200014662e-01
1.650513697647131000e+15,4.325269898891678233e-01
1.650513697649015000e+15,4.336779336583341804e-01
1.650513697650899000e+15,4.348288774275005375e-01
1.650513697652783250e+15,4.352420671668548180e-01
1.650513697654667250e+15,4.338149556219587644e-01
1.650513697656551250e+15,4.323878440770627107e-01
1.650513697658435500e+15,4.309605431596155722e-01
1.650513697660319500e+15,4.295334316147194631e-01
1.650513697662203500e+15,4.281063200698234095e-01
1.650513697664087500e+15,4.266792085249273558e-01
1.650513697665971750e+15,4.252519076074802173e-01
1.650513697667855750e+15,4.238247960625841637e-01
1.650513697669739750e+15,4.223976845176881101e-01
1.650513697671623750e+15,4.209705729727920009e-01
1.650513697673508000e+15,4.195432720553448624e-01
1.650513697675392000e+15,4.181161605104488643e-01
1.650513697677276000e+15,4.172427743048941484e-01
1.650513697679160000e+15,4.172427743048942039e-01
1.650513697681044250e+15,4.172427743048943150e-01
1.650513697682928250e+15,4.172427743048943150e-01
1.650513697684812250e+15,4.172427743048943705e-01
1.650513697686696500e+15,4.172427743048944815e-01
1.650513697688580500e+15,4.168025345005763604e-01
1.650513697690464500e+15,4.158273295724923546e-01
1.650513697692348500e+15,4.148521246444084043e-01
1.650513697694232750e+15,4.138767903101503443e-01
1.650513697696116750e+15,4.129015853820663384e-01
1.650513697698000750e+15,4.119263804539823326e-01
1.650513697699884750e+15,4.111068511533513825e-01
1.650513697701769000e+15,4.111068511533513270e-01
1.650513697703653000e+15,4.111068511533513270e-01
1.650513697705537000e+15,4.111068511533513825e-01
1.650513697707421000e+15,4.111068511533513825e-01
1.650513697709305250e+15,4.117808977351089528e-01
1.650513697711189250e+15,4.126005871074061027e-01
1.650513697713073250e+15,4.134202764797031970e-01
1.650513697714957500e+15,4.142400746218214413e-01
1.650513697716841500e+15,4.150597639941185912e-01
1.650513697718725500e+15,4.158794533664157966e-01
1.650513697720609500e+15,4.166991427387129465e-01
1.650513697722493750e+15,4.172427743048940929e-01
1.650513697724377750e+15,4.172427743048940929e-01
1.650513697726261750e+15,4.172427743048940929e-01
1.650513697728145750e+15,4.172427743048940929e-01
1.650513697730030000e+15,4.172427743048940929e-01
1.650513697731914000e+15,4.172427743048940929e-01
1.650513697733798000e+15,4.172427743048940929e-01
1.650513697735682000e+15,4.172427743048940929e-01
1.650513697737566250e+15,4.172427743048940929e-01
1.650513697739450250e+15,4.172427743048940374e-01
1.650513697741334250e+15,4.172427743048940374e-01
1.650513697743218500e+15,4.168359314924329762e-01
1.650513697745102500e+15,4.159828520726480128e-01
1.650513697746986500e+15,4.151297726528631049e-01
1.650513697748870500e+15,4.142766932330781415e-01
1.650513697750754750e+15,4.134235006127332523e-01
1.650513697752638750e+15,4.125704211929483445e-01
1.650513697754522750e+15,4.117173417731633811e-01
1.650513697756406750e+15,4.111068511533517711e-01
1.650513697758291000e+15,4.111068511533517156e-01
1.650513697760175000e+15,4.111068511533516046e-01
1.650513697762059000e+15,4.111068511533516601e-01
1.650513697763943000e+15,4.111068511533515490e-01
1.650513697765827250e+15,4.111068511533515490e-01
1.650513697767711250e+15,4.111068511533515490e-01
1.650513697769595250e+15,4.111068511533513825e-01
1.650513697771479500e+15,4.111068511533513270e-01
1.650513697773363500e+15,4.111068511533513270e-01
1.650513697775247500e+15,4.111068511533513270e-01
1.650513697777131500e+15,4.111068511533513270e-01
1.650513697779015750e+15,4.111068511533513825e-01
1.650513697780899750e+15,4.111068511533513270e-01
1.650513697782783750e+15,4.111068511533513270e-01
1.650513697784667750e+15,4.111068511533513270e-01
1.650513697786552000e+15,4.111068511533513270e-01
1.650513697788436000e+15,4.111068511533513270e-01
1.650513697790320000e+15,4.111068511533513270e-01
1.650513697792204000e+15,4.111068511533513825e-01
1.650513697794088250e+15,4.111068511533513270e-01
1.650513697795972250e+15,4.111068511533513270e-01
1.650513697797856250e+15,4.111068511533513825e-01
1.650513697799740500e+15,4.111068511533513825e-01
1.650513697801624500e+15,4.111068511533512715e-01
1.650513697803508500e+15,4.111068511533513270e-01
1.650513697805392500e+15,4.111068511533513270e-01
1.650513697807276750e+15,4.111068511533513270e-01
1.650513697809160750e+15,4.111068511533513270e-01
1.650513697811044750e+15,4.111068511533513270e-01
1.650513697812928750e+15,4.111068511533513270e-01
1.650513697814813000e+15,4.111068511533513270e-01
1.650513697816697000e+15,4.111068511533513270e-01
1.650513697818581000e+15,4.111068511533513270e-01
1.650513697820465000e+15,4.111068511533513270e-01
1.650513697822349250e+15,4.111068511533513270e-01
1.650513697824233250e+15,4.111068511533512715e-01
1.650513697826117250e+15,4.111068511533513270e-01
1.650513697828001500e+15,4.111068511533513270e-01
1.650513697829885500e+15,4.111068511533512715e-01
1.650513697831769500e+15,4.111068511533513270e-01
1.650513697833653500e+15,4.111068511533512715e-01
1.650513697835537750e+15,4.111068511533513270e-01
1.650513697837421750e+15,4.111068511533513270e-01
1.650513697839305750e+15,4.111068511533512715e-01
1.650513697841189750e+15,4.111068511533513270e-01
1.650513697843074000e+15,4.111068511533513270e-01
1.650513697844958000e+15,4.111068511533513825e-01
1.650513697846842000e+15,4.111068511533513270e-01
1.650513697848726000e+15,4.111068511533513270e-01
1.650513697850610250e+15,4.111068511533513270e-01
1.650513697852494250e+15,4.111068511533513270e-01
1.650513697854378250e+15,4.110044130127887829e-01
1.650513697856262500e+15,4.103940760440777380e-01
1.650513697858146500e+15,4.097838200541339959e-01
1.650513697860030500e+15,4.091735640641901428e-01
1.650513697861914500e+15,4.085633080742464007e-01
1.650513697863798750e+15,4.079529711055353003e-01
1.650513697865682750e+15,4.073427151155915582e-01
1.650513697867566750e+15,4.067324591256477606e-01
1.650513697869450750e+15,4.061222031357039630e-01
1.650513697871335000e+15,4.055118661669929181e-01
1.650513697873219000e+15,4.050267186015045762e-01
1.650513697875103000e+15,4.055178844418133033e-01
1.650513697876987000e+15,4.060090502821220304e-01
1.650513697878871250e+15,4.065002812983650182e-01
1.650513697880755250e+15,4.069914471386736898e-01
1.650513697882639250e+15,4.074826129789823614e-01
1.650513697884523500e+15,4.079738439952253493e-01
1.650513697886407500e+15,4.084650098355341319e-01
1.650513697888291500e+15,4.089561756758428590e-01
1.650513697890175500e+15,4.094473415161515306e-01
1.650513697892059750e+15,4.099385725323944629e-01
1.650513697893943750e+15,4.104297383727032456e-01
1.650513697895827750e+15,4.109209042130119172e-01
1.650513697897711750e+15,4.111068511533517156e-01
1.650513697899596000e+15,4.111068511533516601e-01
1.650513697901480000e+15,4.111068511533515490e-01
1.650513697903364000e+15,4.111068511533515490e-01
1.650513697905248000e+15,4.111068511533514380e-01
1.650513697907132250e+15,4.111068511533513825e-01
1.650513697909016250e+15,4.110932683827680512e-01
1.650513697910900250e+15,4.101541880239130133e-01
1.650513697912784500e+15,4.092149830524838272e-01
1.650513697914668500e+15,4.082759026936287339e-01
1.650513697916552500e+15,4.073368223347736405e-01
1.650513697918436500e+15,4.063977419759186027e-01
1.650513697920320750e+15,4.054585370044894166e-01
1.650513697922204750e+15,4.049709280018090052e-01
1.650513697924088750e+15,4.049709280018090052e-01
1.650513697925972750e+15,4.049709280018090607e-01
1.650513697927857000e+15,4.049709280018090052e-01
1.650513697929741000e+15,4.049709280018090607e-01
1.650513697931625000e+15,4.049709280018091162e-01
1.650513697933509000e+15,4.049709280018091162e-01
1.650513697935393250e+15,4.049709280018091717e-01
1.650513697937277250e+15,4.049709280018091162e-01
1.650513697939161250e+15,4.049709280018092272e-01
1.650513697941045500e+15,4.049709280018092272e-01
1.650513697942929500e+15,4.049709280018092272e-01
1.650513697944813500e+15,4.049709280018092272e-01
1.650513697946697500e+15,4.049709280018092827e-01
1.650513697948581750e+15,4.049709280018093382e-01
1.650513697950465750e+15,4.049709280018093382e-01
1.650513697952349750e+15,4.049709280018093382e-01
1.650513697954233750e+15,4.049709280018093938e-01
1.650513697956118000e+15,4.052815421246464545e-01
1.650513697958002000e+15,4.058911223407140056e-01
1.650513697959886000e+15,4.065007025567816679e-01
1.650513697961770000e+15,4.071102827728492191e-01
1.650513697963654250e+15,4.077199438780112484e-01
1.650513697965538250e+15,4.083295240940788551e-01
1.650513697967422250e+15,4.089391043101464618e-01
1.650513697969306500e+15,4.095487654153085466e-01
1.650513697971190500e+15,4.101583456313760978e-01
1.650513697973074500e+15,4.107679258474437600e-01
1.650513697974958500e+15,4.101983283254439505e-01
1.650513697976842750e+15,4.081518439996992820e-01
1.650513697978726750e+15,4.061056311990078882e-01
1.650513697980610750e+15,4.040594183983163834e-01
1.650513697982494750e+15,4.020132055976249341e-01
1.650513697984379000e+15,3.999667212718803766e-01
1.650513697986263000e+15,3.992754146442822338e-01
1.650513697988147000e+15,4.002608446346928028e-01
1.650513697990031000e+15,4.012462746251034273e-01
1.650513697991915250e+15,4.022318353785169776e-01
1.650513697993799250e+15,4.032172653689276021e-01
1.650513697995683250e+15,4.042026953593381711e-01
1.650513697997567500e+15,4.052554042425440817e-01
1.650513697999451500e+15,4.065453037312193318e-01
1.650513698001335500e+15,4.078352032198946375e-01
1.650513698003219500e+15,4.091251027085697767e-01
1.650513698005103750e+15,4.104151733622515286e-01
1.650513698006987750e+15,4.104499543998560429e-01
1.650513698008871750e+15,4.090335383957505733e-01
1.650513698010755750e+15,4.076171223916449926e-01
1.650513698012640000e+15,4.062005184342480923e-01
1.650513698014524000e+15,4.047841024301425672e-01
1.650513698016408000e+15,4.033676864260370420e-01
1.650513698018292000e+15,4.019512704219314614e-01
1.650513698020176250e+15,4.005346664645345611e-01
1.650513698022060250e+15,3.991182504604290915e-01
1.650513698023944250e+15,3.992631899593065969e-01
1.650513698025828500e+15,3.997984746112949184e-01
1.650513698027712500e+15,4.003336882423660925e-01
1.650513698029596500e+15,4.008689018734372667e-01
1.650513698031480500e+15,4.014041155045083853e-01
1.650513698033364750e+15,4.019394001564967067e-01
1.650513698035248750e+15,4.024746137875678809e-01
1.650513698037132750e+15,4.030098274186390550e-01
1.650513698039016750e+15,4.035450410497102847e-01
1.650513698040901000e+15,4.040803257016984951e-01
1.650513698042785000e+15,4.046155393327696692e-01
1.650513698044669000e+15,4.045256127811112101e-01
1.650513698046553000e+15,4.032002196123992688e-01
1.650513698048437250e+15,4.018746505687976756e-01
1.650513698050321250e+15,4.005492574000857897e-01
1.650513698052205250e+15,3.992238642313738484e-01
1.650513698054089500e+15,3.988350048502669054e-01
1.650513698055973500e+15,3.988350048502669054e-01
1.650513698057857500e+15,3.988350048502669054e-01
1.650513698059741500e+15,3.988350048502669054e-01
1.650513698061625750e+15,3.988350048502669054e-01
1.650513698063509750e+15,3.988350048502669054e-01
1.650513698065393750e+15,3.988350048502669054e-01
1.650513698067277750e+15,3.988350048502668499e-01
1.650513698069162000e+15,3.988350048502667389e-01
1.650513698071046000e+15,3.988350048502666834e-01
1.650513698072930000e+15,3.988350048502665723e-01
1.650513698074814000e+15,3.988350048502665168e-01
1.650513698076698250e+15,3.988350048502665168e-01
1.650513698078582250e+15,3.988350048502665168e-01
1.650513698080466250e+15,3.988350048502666834e-01
1.650513698082350500e+15,3.988350048502666834e-01
1.650513698084234500e+15,3.988350048502667944e-01
1.650513698086118500e+15,3.988350048502668499e-01
1.650513698088002500e+15,3.987643116399544052e-01
1.650513698089886750e+15,3.981813633619181725e-01
1.650513698091770750e+15,3.975984924287509492e-01
1.650513698093654750e+15,3.970156214955837815e-01
1.650513698095538750e+15,3.964327505624165582e-01
1.650513698097423000e+15,3.958498022843802699e-01
1.650513698099307000e+15,3.952669313512130467e-01
1.650513698101191000e+15,3.946840604180458789e-01
1.650513698103075000e+15,3.941011894848786556e-01
1.650513698104959250e+15,3.935182412068423674e-01
1.650513698106843250e+15,3.929353702736751996e-01
1.650513698108727250e+15,3.932126243143777566e-01
1.650513698110611500e+15,3.940763981805184279e-01
1.650513698112495500e+15,3.949400574421922938e-01
1.650513698114379500e+15,3.958037167038662707e-01
1.650513698116263500e+15,3.966673759655401921e-01
1.650513698118147750e+15,3.975311498316808079e-01
1.650513698120031750e+15,3.983948090933547848e-01
1.650513698121915750e+15,3.988350048502667944e-01
1.650513698123799750e+15,3.988350048502666834e-01
1.650513698125684000e+15,3.988350048502664613e-01
1.650513698127568000e+15,3.988350048502663503e-01
1.650513698129452000e+15,3.988350048502662393e-01
1.650513698131336000e+15,3.988350048502663503e-01
1.650513698133220250e+15,3.988350048502663503e-01
1.650513698135104250e+15,3.988350048502664058e-01
1.650513698136988250e+15,3.988350048502664613e-01
1.650513698138872500e+15,3.988350048502665723e-01
1.650513698140756500e+15,3.988350048502665723e-01
1.650513698142640500e+15,3.988350048502666834e-01
1.650513698144524500e+15,3.988350048502667389e-01
1.650513698146408750e+15,3.988350048502667389e-01
1.650513698148292750e+15,3.988350048502667944e-01
1.650513698150176750e+15,3.988350048502669054e-01
1.650513698152060750e+15,3.988350048502669054e-01
1.650513698153945000e+15,3.988350048502667944e-01
1.650513698155829000e+15,3.988350048502667389e-01
1.650513698157713000e+15,3.988350048502666279e-01
1.650513698159597000e+15,3.988350048502665723e-01
1.650513698161481250e+15,3.988350048502664613e-01
1.650513698163365250e+15,3.988350048502664058e-01
1.650513698165249250e+15,3.988350048502662948e-01
1.650513698167133500e+15,3.987367313708815031e-01
1.650513698169017500e+15,3.981897676037888800e-01
1.650513698170901500e+15,3.976428038366961459e-01
1.650513698172785500e+15,3.970958400696035784e-01
1.650513698174669750e+15,3.965488037223932061e-01
1.650513698176553750e+15,3.960018399553005275e-01
1.650513698178437750e+15,3.954548761882078489e-01
1.650513698180321750e+15,3.949079124211152259e-01
1.650513698182206000e+15,3.943608760739048535e-01
1.650513698184090000e+15,3.938139123068122305e-01
1.650513698185974000e+15,3.932669485397195519e-01
1.650513698187858000e+15,3.927199847726269288e-01
1.650513698189742250e+15,3.926990816987251942e-01
1.650513698191626250e+15,3.926990816987251942e-01
1.650513698193510250e+15,3.926990816987252497e-01
1.650513698195394500e+15,3.926990816987252497e-01
1.650513698197278500e+15,3.926990816987252497e-01
1.650513698199162500e+15,3.926990816987252497e-01
1.650513698201046500e+15,3.926990816987251942e-01
1.650513698202930750e+15,3.926990816987251942e-01
1.650513698204814750e+15,3.926990816987251942e-01
1.650513698206698750e+15,3.926990816987252497e-01
1.650513698208582750e+15,3.926990816987251942e-01
1.650513698210467000e+15,3.926990816987251942e-01
1.650513698212351000e+15,3.926990816987252497e-01
1.650513698214235000e+15,3.926990816987252497e-01
1.650513698216119000e+15,3.926990816987252497e-01
1.650513698218003250e+15,3.926990816987252497e-01
1.650513698219887250e+15,3.926990816987251942e-01
1.650513698221771250e+15,3.921122648005908040e-01
1.650513698223655500e+15,3.911181450071002375e-01
1.650513698225539500e+15,3.901241571122157636e-01
1.650513698227423500e+15,3.891301692173312343e-01
1.650513698229307500e+15,3.881361813224466495e-01
1.650513698231191750e+15,3.871420615289561384e-01
1.650513698233075750e+15,3.861304761469423474e-01
1.650513698234959750e+15,3.850943482256815598e-01
1.650513698236843750e+15,3.840582203044208276e-01
1.650513698238728000e+15,3.830219548927246143e-01
1.650513698240612000e+15,3.819858269714637711e-01
1.650513698242496000e+15,3.809496990502030389e-01
1.650513698244380000e+15,3.807412085629840459e-01
1.650513698246264250e+15,3.813746174929295019e-01
1.650513698248148250e+15,3.820079423829479404e-01
1.650513698250032250e+15,3.826412672729664344e-01
1.650513698251916500e+15,3.832746762029118903e-01
1.650513698253800500e+15,3.839080010929303288e-01
1.650513698255684500e+15,3.845413259829487118e-01
1.650513698257568500e+15,3.851746508729672058e-01
1.650513698259452750e+15,3.858080598029126618e-01
1.650513698261336750e+15,3.864413846929311003e-01
1.650513698263220750e+15,3.851346660732497540e-01
1.650513698265104750e+15,3.833661233948276181e-01
1.650513698266989000e+15,3.815973460371754333e-01
1.650513698268873000e+15,3.798288033587532420e-01
1.650513698270757000e+15,3.780602606803311616e-01
1.650513698272641000e+15,3.762917180019090257e-01
1.650513698274525250e+15,3.745229406442567854e-01
1.650513698276409250e+15,3.747253039574142131e-01
1.650513698278293250e+15,3.752247025757615151e-01
1.650513698280177500e+15,3.757241674625030892e-01
1.650513698282061500e+15,3.762235660808505022e-01
1.650513698283945500e+15,3.767229646991978043e-01
1.650513698285829500e+15,3.772223633175451618e-01
1.650513698287713750e+15,3.777218282042867359e-01
1.650513698289597750e+15,3.782212268226340379e-01
1.650513698291481750e+15,3.787206254409815065e-01
1.650513698293365750e+15,3.792200240593288085e-01
1.650513698295250000e+15,3.797194889460703271e-01
1.650513698297134000e+15,3.802188875644176846e-01
1.650513698299018000e+15,3.804272353956390518e-01
1.650513698300902000e+15,3.804272353956391073e-01
1.650513698302786250e+15,3.804272353956390518e-01
1.650513698304670250e+15,3.804272353956390518e-01
1.650513698306554250e+15,3.804272353956391073e-01
1.650513698308438500e+15,3.804272353956389963e-01
1.650513698310322500e+15,3.804272353956389963e-01
1.650513698312206500e+15,3.804272353956390518e-01
1.650513698314090500e+15,3.804272353956390518e-01
1.650513698315974750e+15,3.804272353956390518e-01
1.650513698317858750e+15,3.804272353956389963e-01
1.650513698319742750e+15,3.804272353956390518e-01
1.650513698321626750e+15,3.812715139583937041e-01
1.650513698323511000e+15,3.823287207248800557e-01
1.650513698325395000e+15,3.833857872224575858e-01
1.650513698327279000e+15,3.844428537200350604e-01
1.650513698329163000e+15,3.854999202176125905e-01
1.650513698331047250e+15,3.865571269840989976e-01
1.650513698332931250e+15,3.855007573970178347e-01
1.650513698334815250e+15,3.844322594565883211e-01
1.650513698336699500e+15,3.833636197303386117e-01
1.650513698338583500e+15,3.822951217899090426e-01
1.650513698340467500e+15,3.812266238494794734e-01
1.650513698342351500e+15,3.801477541827369966e-01
1.650513698344235750e+15,3.790379281017872137e-01
1.650513698346119750e+15,3.779282492712129904e-01
1.650513698348003750e+15,3.768185704406388226e-01
1.650513698349887750e+15,3.757088916100646547e-01
1.650513698351772000e+15,3.745990655291148164e-01
1.650513698353656000e+15,3.734893866985407040e-01
1.650513698355540000e+15,3.723797078679664807e-01
1.650513698357424000e+15,3.712700290373923129e-01
1.650513698359308250e+15,3.701602029564424745e-01
1.650513698361192250e+15,3.690505241258683067e-01
1.650513698363076250e+15,3.681553890925535200e-01
1.650513698364960500e+15,3.681553890925536865e-01
1.650513698366844500e+15,3.681553890925537975e-01
1.650513698368728500e+15,3.681553890925539640e-01
1.650513698370612500e+15,3.681553890925540751e-01
1.650513698372496750e+15,3.681553890925541861e-01
1.650513698374380750e+15,3.681553890925544081e-01
1.650513698376264750e+15,3.681553890925544081e-01
1.650513698378148750e+15,3.681553890925541861e-01
1.650513698380033000e+15,3.681553890925540751e-01
1.650513698381917000e+15,3.681553890925539640e-01
1.650513698383801000e+15,3.681553890925537975e-01
1.650513698385685000e+15,3.681553890925536310e-01
1.650513698387569250e+15,3.681553890925535200e-01
1.650513698389453250e+15,3.681553890925535200e-01
1.650513698391337250e+15,3.681553890925535200e-01
1.650513698393221500e+15,3.681553890925535200e-01
1.650513698395105500e+15,3.681553890925535755e-01
1.650513698396989500e+15,3.681553890925535200e-01
1.650513698398873500e+15,3.681553890925534644e-01
1.650513698400757750e+15,3.681553890925535200e-01
1.650513698402641750e+15,3.681553890925535200e-01
1.650513698404525750e+15,3.681553890925535200e-01
1.650513698406409750e+15,3.681553890925534644e-01
1.650513698408294000e+15,3.681553890925535200e-01
1.650513698410178000e+15,3.681553890925535200e-01
1.650513698412062000e+15,3.681553890925535200e-01
1.650513698413946000e+15,3.681553890925535200e-01
1.650513698415830250e+15,3.681553890925535200e-01
1.650513698417714250e+15,3.681553890925535200e-01
1.650513698419598250e+15,3.681553890925535200e-01
1.650513698421482500e+15,3.681553890925535200e-01
1.650513698423366500e+15,3.681553890925535200e-01
1.650513698425250500e+15,3.681553890925535200e-01
1.650513698427134500e+15,3.681553890925534644e-01
1.650513698429018750e+15,3.681553890925534644e-01
1.650513698430902750e+15,3.681553890925535200e-01
1.650513698432786750e+15,3.681553890925535200e-01
1.650513698434670750e+15,3.681553890925535200e-01
1.650513698436555000e+15,3.681553890925535200e-01
1.650513698438439000e+15,3.681553890925535200e-01
1.650513698440323000e+15,3.681553890925535200e-01
1.650513698442207000e+15,3.681553890925535200e-01
1.650513698444091250e+15,3.681553890925535200e-01
1.650513698445975250e+15,3.681553890925535200e-01
1.650513698447859250e+15,3.681553890925535200e-01
1.650513698449743500e+15,3.681553890925535755e-01
1.650513698451627500e+15,3.681553890925535200e-01
1.650513698453511500e+15,3.681553890925535200e-01
1.650513698455395500e+15,3.681553890925535200e-01
1.650513698457279750e+15,3.681553890925535200e-01
1.650513698459163750e+15,3.681553890925535200e-01
1.650513698461047750e+15,3.681553890925535200e-01
1.650513698462931750e+15,3.681553890925535200e-01
1.650513698464816000e+15,3.676399844402655770e-01
1.650513698466700000e+15,3.670879535335513366e-01
1.650513698468584000e+15,3.665359226268369852e-01
1.650513698470468000e+15,3.659838917201226893e-01
1.650513698472352250e+15,3.654317875608995569e-01
1.650513698474236250e+15,3.648797566541852611e-01
1.650513698476120250e+15,3.643277257474709652e-01
1.650513698478004500e+15,3.637756215882478328e-01
1.650513698479888500e+15,3.632235906815335369e-01
1.650513698481772500e+15,3.626715597748192410e-01
1.650513698483656500e+15,3.621195288681049451e-01
1.650513698485540750e+15,3.620194659410120863e-01
1.650513698487424750e+15,3.620194659410120863e-01
1.650513698489308750e+15,3.620194659410120863e-01
1.650513698491192750e+15,3.620194659410120863e-01
1.650513698493077000e+15,3.620194659410120308e-01
1.650513698494961000e+15,3.620194659410120308e-01
1.650513698496845000e+15,3.620194659410120863e-01
1.650513698498729000e+15,3.620194659410120863e-01
1.650513698500613250e+15,3.620194659410120863e-01
1.650513698502497250e+15,3.620194659410120863e-01
1.650513698504381250e+15,3.620194659410120863e-01
1.650513698506265500e+15,3.620194659410120863e-01
1.650513698508149500e+15,3.620194659410120863e-01
1.650513698510033500e+15,3.620194659410120863e-01
1.650513698511917500e+15,3.620194659410120308e-01
1.650513698513801750e+15,3.620194659410119198e-01
1.650513698515685750e+15,3.620194659410118643e-01
1.650513698517569750e+15,3.620194659410118643e-01
1.650513698519453750e+15,3.620194659410117533e-01
1.650513698521338000e+15,3.620194659410116422e-01
1.650513698523222000e+15,3.620194659410115867e-01
1.650513698525106000e+15,3.620194659410115312e-01
1.650513698526990000e+15,3.620194659410114757e-01
1.650513698528874250e+15,3.618732937336077149e-01
1.650513698530758250e+15,3.610419324090837212e-01
1.650513698532642250e+15,3.602105710845596720e-01
1.650513698534526500e+15,3.593790994413885720e-01
1.650513698536410500e+15,3.585477381168645783e-01
1.650513698538294500e+15,3.577163767923405291e-01
1.650513698540178500e+15,3.568850154678165354e-01
1.650513698542062750e+15,3.560535438246453799e-01
1.650513698543946750e+15,3.566109187938485414e-01
1.650513698545830750e+15,3.575252650105302243e-01
1.650513698547714750e+15,3.584396112272119073e-01
1.650513698549599000e+15,3.593540787743363385e-01
1.650513698551483000e+15,3.602684249910180769e-01
1.650513698553367000e+15,3.611827712076997599e-01
1.650513698555251000e+15,3.620194659410114202e-01
1.650513698557135250e+15,3.620194659410114757e-01
1.650513698559019250e+15,3.620194659410115312e-01
1.650513698560903250e+15,3.620194659410116422e-01
1.650513698562787500e+15,3.620194659410116977e-01
1.650513698564671500e+15,3.620194659410117533e-01
1.650513698566555500e+15,3.620194659410118088e-01
1.650513698568439500e+15,3.620194659410118643e-01
1.650513698570323750e+15,3.620194659410119753e-01
1.650513698572207750e+15,3.620194659410120308e-01
1.650513698574091750e+15,3.620194659410120863e-01
1.650513698575975750e+15,3.620194659410120863e-01
1.650513698577860000e+15,3.620194659410120863e-01
1.650513698579744000e+15,3.620194659410120863e-01
1.650513698581628000e+15,3.620194659410120863e-01
1.650513698583512000e+15,3.620194659410120863e-01
1.650513698585396250e+15,3.618956683337063440e-01
1.650513698587280250e+15,3.613229619072754195e-01
1.650513698589164250e+15,3.607502554808444950e-01
1.650513698591048500e+15,3.601774730583379713e-01
1.650513698592932500e+15,3.596047666319069913e-01
1.650513698594816500e+15,3.590320602054761223e-01
1.650513698596700500e+15,3.584593537790451978e-01
1.650513698598584750e+15,3.578865713565385631e-01
1.650513698600468750e+15,3.573138649301076941e-01
1.650513698602352750e+15,3.567411585036768251e-01
1.650513698604236750e+15,3.561684520772459006e-01
1.650513698606121000e+15,3.562562517612469781e-01
1.650513698608005000e+15,3.569977340240035324e-01
1.650513698609889000e+15,3.577392162867600867e-01
1.650513698611773000e+15,3.584806985495166409e-01
1.650513698613657250e+15,3.592222792042931712e-01
1.650513698615541250e+15,3.599637614670497254e-01
1.650513698617425250e+15,3.607052437298062797e-01
1.650513698619309500e+15,3.614468243845828654e-01
1.650513698621193500e+15,3.621883066473393642e-01
1.650513698623077500e+15,3.629297889100959185e-01
1.650513698624961500e+15,3.636712711728524727e-01
1.650513698626845750e+15,3.644128518276290585e-01
1.650513698628729750e+15,3.651543340903855572e-01
1.650513698630613750e+15,3.658958163531421115e-01
1.650513698632497750e+15,3.666372986158986658e-01
1.650513698634382000e+15,3.673788792706751960e-01
1.650513698636266000e+15,3.681203615334318058e-01
1.650513698638150000e+15,3.676523986346360018e-01
1.650513698640034000e+15,3.671244688169666426e-01
1.650513698641918250e+15,3.665964689449159319e-01
1.650513698643802250e+15,3.660685391272466283e-01
1.650513698645686250e+15,3.655406093095772135e-01
1.650513698647570500e+15,3.650126094375265584e-01
1.650513698649454500e+15,3.644846796198571992e-01
1.650513698651338500e+15,3.639567498021878400e-01
1.650513698653222500e+15,3.634288199845183698e-01
1.650513698655106750e+15,3.629008201124677702e-01
1.650513698656990750e+15,3.623728902947983554e-01
1.650513698658874750e+15,3.620194659410109761e-01
1.650513698660758750e+15,3.620194659410110316e-01
1.650513698662643000e+15,3.620194659410110871e-01
1.650513698664527000e+15,3.620194659410111426e-01
1.650513698666411000e+15,3.620194659410112537e-01
1.650513698668295000e+15,3.620194659410113092e-01
1.650513698670179250e+15,3.620194659410113092e-01
1.650513698672063250e+15,3.620194659410114202e-01
1.650513698673947250e+15,3.620194659410113647e-01
1.650513698675831500e+15,3.620194659410114202e-01
1.650513698677715500e+15,3.620194659410114202e-01
1.650513698679599500e+15,3.620194659410114202e-01
1.650513698681483500e+15,3.620194659410114202e-01
1.650513698683367750e+15,3.620194659410114202e-01
1.650513698685251750e+15,3.620194659410113092e-01
1.650513698687135750e+15,3.620194659410111981e-01
1.650513698689019750e+15,3.620194659410111426e-01
1.650513698690904000e+15,3.620194659410110871e-01
1.650513698692788000e+15,3.620194659410110316e-01
1.650513698694672000e+15,3.620194659410109761e-01
1.650513698696556000e+15,3.620194659410109761e-01
1.650513698698440250e+15,3.620194659410109761e-01
1.650513698700324250e+15,3.620194659410109761e-01
1.650513698702208250e+15,3.620194659410109761e-01
1.650513698704092500e+15,3.620194659410109761e-01
1.650513698705976500e+15,3.620194659410109761e-01
1.650513698707860500e+15,3.620194659410109761e-01
1.650513698709744500e+15,3.620194659410109761e-01
1.650513698711628750e+15,3.620194659410109761e-01
1.650513698713512750e+15,3.620194659410109761e-01
1.650513698715396750e+15,3.620194659410109761e-01
1.650513698717280750e+15,3.620194659410109761e-01
1.650513698719165000e+15,3.620194659410109761e-01
1.650513698721049000e+15,3.620194659410109206e-01
1.650513698722933000e+15,3.620194659410109206e-01
1.650513698724817000e+15,3.620194659410109761e-01
1.650513698726701250e+15,3.620194659410109761e-01
1.650513698728585250e+15,3.620194659410109761e-01
1.650513698730469250e+15,3.620194659410109761e-01
1.650513698732353500e+15,3.620194659410109761e-01
1.650513698734237500e+15,3.620194659410109761e-01
1.650513698736121500e+15,3.620194659410109761e-01
1.650513698738005500e+15,3.620194659410109206e-01
1.650513698739889750e+15,3.620194659410109761e-01
1.650513698741773750e+15,3.620194659410109761e-01
1.650513698743657750e+15,3.620194659410109761e-01
1.650513698745541750e+15,3.620194659410109761e-01
1.650513698747426000e+15,3.620194659410109761e-01
1.650513698749310000e+15,3.620194659410109761e-01
1.650513698751194000e+15,3.620194659410109761e-01
1.650513698753078000e+15,3.620194659410109761e-01
1.650513698754962250e+15,3.620194659410109761e-01
1.650513698756846250e+15,3.620194659410110316e-01
1.650513698758730250e+15,3.620194659410110871e-01
1.650513698760614500e+15,3.620194659410111426e-01
1.650513698762498500e+15,3.620194659410111981e-01
1.650513698764382500e+15,3.620194659410113092e-01
1.650513698766266500e+15,3.620194659410113647e-01
1.650513698768150750e+15,3.620194659410114202e-01
1.650513698770034750e+15,3.620194659410113647e-01
1.650513698771918750e+15,3.620194659410112537e-01
1.650513698773802750e+15,3.620194659410111981e-01
1.650513698775687000e+15,3.620194659410111426e-01
1.650513698777571000e+15,3.620194659410110871e-01
1.650513698779455000e+15,3.620194659410110316e-01
1.650513698781339000e+15,3.620194659410109761e-01
1.650513698783223250e+15,3.620194659410109761e-01
1.650513698785107250e+15,3.620194659410109761e-01
1.650513698786991250e+15,3.620194659410109761e-01
1.650513698788875500e+15,3.620194659410109761e-01
1.650513698790759500e+15,3.620194659410109761e-01
1.650513698792643500e+15,3.620194659410110316e-01
1.650513698794527500e+15,3.620194659410109761e-01
1.650513698796411750e+15,3.620194659410109761e-01
1.650513698798295750e+15,3.620194659410109206e-01
1.650513698800179750e+15,3.620194659410109761e-01
1.650513698802063750e+15,3.620194659410109761e-01
1.650513698803948000e+15,3.620194659410109761e-01
1.650513698805832000e+15,3.620194659410109761e-01
1.650513698807716000e+15,3.620194659410109761e-01
1.650513698809600000e+15,3.620194659410110316e-01
1.650513698811484250e+15,3.620194659410109761e-01
1.650513698813368250e+15,3.620194659410109761e-01
1.650513698815252250e+15,3.620194659410109761e-01
1.650513698817136500e+15,3.620194659410109761e-01
1.650513698819020500e+15,3.620194659410109761e-01
1.650513698820904500e+15,3.620194659410109761e-01
1.650513698822788500e+15,3.620194659410110316e-01
1.650513698824672750e+15,3.620194659410109761e-01
1.650513698826556750e+15,3.620194659410109761e-01
1.650513698828440750e+15,3.620194659410109761e-01
1.650513698830324750e+15,3.620194659410109761e-01
1.650513698832209000e+15,3.620194659410109761e-01
1.650513698834093000e+15,3.620194659410109761e-01
1.650513698835977000e+15,3.624066300104576421e-01
1.650513698837861000e+15,3.632508627730011153e-01
1.650513698839745250e+15,3.640952075621849415e-01
1.650513698841629250e+15,3.649394403247284147e-01
1.650513698843513250e+15,3.657836730872718878e-01
1.650513698845397500e+15,3.666280178764557696e-01
1.650513698847281500e+15,3.674722506389992427e-01
1.650513698849165500e+15,3.680471789197320431e-01
1.650513698851049500e+15,3.674800913937321112e-01
1.650513698852933750e+15,3.669129286172643223e-01
1.650513698854817750e+15,3.663458410912645569e-01
1.650513698856701750e+15,3.657787535652646804e-01
1.650513698858585750e+15,3.652116660392647485e-01
1.650513698860470000e+15,3.646445032627970151e-01
1.650513698862354000e+15,3.640774157367971386e-01
1.650513698864238000e+15,3.635103282107972622e-01
1.650513698866122000e+15,3.629432406847973858e-01
1.650513698868006250e+15,3.623760779083296524e-01
1.650513698869890250e+15,3.610283492249758419e-01
1.650513698871774250e+15,3.583579682553511003e-01
1.650513698873658500e+15,3.556872329358099494e-01
1.650513698875542500e+15,3.530168519661850968e-01
1.650513698877426500e+15,3.503464709965603552e-01
1.650513698879310500e+15,3.514537938551978158e-01
1.650513698881194750e+15,3.536534919522857368e-01
1.650513698883078750e+15,3.558528981961034399e-01
1.650513698884962750e+15,3.580523044399211985e-01
1.650513698886846750e+15,3.602517106837389016e-01
1.650513698888731000e+15,3.616193793138069434e-01
1.650513698890615000e+15,3.595821814606910416e-01
1.650513698892499000e+15,3.575449836075751398e-01
1.650513698894383000e+15,3.555077857544593489e-01
1.650513698896267250e+15,3.534703175725413260e-01
1.650513698898151250e+15,3.514331197194254797e-01
1.650513698900035250e+15,3.496098229794274426e-01
1.650513698901919500e+15,3.488115344205450219e-01
1.650513698903803500e+15,3.480133517776182739e-01
1.650513698905687500e+15,3.472151691346916369e-01
1.650513698907571500e+15,3.464169864917649999e-01
1.650513698909455750e+15,3.456186979328824682e-01
1.650513698911339750e+15,3.448205152899558312e-01
1.650513698913223750e+15,3.440223326470290832e-01
1.650513698915107750e+15,3.440833237196304073e-01
1.650513698916992000e+15,3.450548062167563268e-01
1.650513698918876000e+15,3.460261598187651666e-01
1.650513698920760000e+15,3.469975134207738954e-01
1.650513698922644000e+15,3.479688670227827907e-01
1.650513698924528250e+15,3.489403495199085992e-01
1.650513698926412250e+15,3.496451180609498888e-01
1.650513698928296250e+15,3.490383216084011475e-01
1.650513698930180500e+15,3.484314446361533313e-01
1.650513698932064500e+15,3.478246481836045345e-01
1.650513698933948500e+15,3.472178517310557933e-01
1.650513698935832500e+15,3.466110552785071075e-01
1.650513698937716750e+15,3.460041783062591803e-01
1.650513698939600750e+15,3.453973818537104390e-01
1.650513698941484750e+15,3.447905854011617532e-01
1.650513698943368750e+15,3.441837889486129565e-01
1.650513698945253000e+15,3.435457188180876531e-01
1.650513698947137000e+15,3.423947750489212405e-01
1.650513698949021000e+15,3.412438312797548834e-01
1.650513698950905000e+15,3.400928875105885263e-01
1.650513698952789250e+15,3.389417910153381119e-01
1.650513698954673250e+15,3.377908472461718103e-01
1.650513698956557250e+15,3.389702952488770071e-01
1.650513698958441500e+15,3.410284373402511782e-01
1.650513698960325500e+15,3.430863063598340590e-01
1.650513698962209500e+15,3.451441753794168843e-01
1.650513698964093500e+15,3.472020443989997096e-01
1.650513698965977750e+15,3.492601864903739362e-01
1.650513698967861750e+15,3.493235906299412274e-01
1.650513698969745750e+15,3.487679511578188341e-01
1.650513698971629750e+15,3.482123116856964407e-01
1.650513698973514000e+15,3.476565984822216349e-01
1.650513698975398000e+15,3.471009590100992415e-01
1.650513698977282000e+15,3.465453195379768481e-01
1.650513698979166000e+15,3.459896800658545102e-01
1.650513698981050250e+15,3.454339668623796489e-01
1.650513698982934250e+15,3.448783273902572555e-01
1.650513698984818250e+15,3.443226879181349176e-01
1.650513698986702500e+15,3.437669747146600563e-01
1.650513698988586500e+15,3.436116964863837886e-01
1.650513698990470500e+15,3.436116964863836776e-01
1.650513698992354500e+15,3.436116964863836221e-01
1.650513698994238750e+15,3.436116964863836221e-01
1.650513698996122750e+15,3.436116964863835666e-01
1.650513698998006750e+15,3.436116964863834555e-01
1.650513698999890750e+15,3.436116964863834000e-01
1.650513699001775000e+15,3.432211953473060517e-01
1.650513699003659000e+15,3.418408873810367399e-01
1.650513699005543000e+15,3.404605794147674280e-01
1.650513699007427000e+15,3.390802714484980607e-01
1.650513699009311250e+15,3.376997803203436455e-01
1.650513699011195250e+15,3.370863877009880882e-01
1.650513699013079250e+15,3.366215674670715030e-01
1.650513699014963500e+15,3.361566855531874509e-01
1.650513699016847500e+15,3.356918653192708657e-01
1.650513699018731500e+15,3.352270450853542250e-01
1.650513699020615500e+15,3.347622248514375842e-01
1.650513699022499750e+15,3.342973429375536432e-01
1.650513699024383750e+15,3.338325227036370024e-01
1.650513699026267750e+15,3.333677024697203617e-01
1.650513699028151750e+15,3.329028822358037210e-01
1.650513699030036000e+15,3.324380003219197799e-01
1.650513699031920000e+15,3.319731800880031392e-01
1.650513699033804000e+15,3.315083598540864984e-01
1.650513699035688000e+15,3.320716519414912415e-01
1.650513699037572250e+15,3.332197763901798560e-01
1.650513699039456250e+15,3.343677485071119282e-01
1.650513699041340250e+15,3.355157206240441115e-01
1.650513699043224500e+15,3.366638450727327259e-01
1.650513699045108500e+15,3.374757733348410227e-01
1.650513699046992500e+15,3.374757733348410227e-01
1.650513699048876500e+15,3.374757733348410227e-01
1.650513699050760750e+15,3.374757733348410227e-01
1.650513699052644750e+15,3.374757733348410227e-01
1.650513699054528750e+15,3.374757733348409672e-01
1.650513699056412750e+15,3.374757733348410227e-01
1.650513699058297000e+15,3.374757733348410227e-01
1.650513699060181000e+15,3.374757733348410227e-01
1.650513699062065000e+15,3.374757733348410227e-01
1.650513699063949000e+15,3.374757733348410227e-01
1.650513699065833250e+15,3.374757733348410227e-01
1.650513699067717250e+15,3.374757733348410227e-01
1.650513699069601250e+15,3.374757733348410227e-01
1.650513699071485500e+15,3.374757733348410227e-01
1.650513699073369500e+15,3.374757733348410227e-01
1.650513699075253500e+15,3.374757733348410227e-01
1.650513699077137500e+15,3.374757733348410227e-01
1.650513699079021750e+15,3.374757733348410227e-01
1.650513699080905750e+15,3.374757733348410227e-01
1.650513699082789750e+15,3.374757733348410227e-01
1.650513699084673750e+15,3.374757733348410227e-01
1.650513699086558000e+15,3.374757733348410227e-01
1.650513699088442000e+15,3.374757733348410227e-01
1.650513699090326000e+15,3.374757733348410227e-01
1.650513699092210000e+15,3.374757733348410227e-01
1.650513699094094250e+15,3.374757733348410782e-01
1.650513699095978250e+15,3.374757733348410227e-01
1.650513699097862250e+15,3.374757733348410227e-01
1.650513699099746500e+15,3.365578868310175609e-01
1.650513699101630500e+15,3.356198352046527722e-01
1.650513699103514500e+15,3.346817835782880390e-01
1.650513699105398500e+15,3.337437319519232504e-01
1.650513699107282750e+15,3.328055558494934507e-01
1.650513699109166750e+15,3.318675042231287176e-01
1.650513699111050750e+15,3.309294525967638734e-01
1.650513699112934750e+15,3.299914009703991402e-01
1.650513699114819000e+15,3.290532248679693406e-01
1.650513699116703000e+15,3.281151732416045519e-01
1.650513699118587000e+15,3.271771216152397632e-01
1.650513699120471000e+15,3.262390699888750301e-01
1.650513699122355250e+15,3.253008938864451749e-01
1.650513699124239250e+15,3.259773271350048796e-01
1.650513699126123250e+15,3.268398908730668628e-01
1.650513699128007500e+15,3.277025690702235483e-01
1.650513699129891500e+15,3.285651328082854206e-01
1.650513699131775500e+15,3.294276965463473483e-01
1.650513699133659500e+15,3.302902602844092206e-01
1.650513699135543750e+15,3.311529384815659061e-01
1.650513699137427750e+15,3.313398501832983678e-01
1.650513699139311750e+15,3.313398501832984233e-01
1.650513699141195750e+15,3.313398501832984788e-01
1.650513699143080000e+15,3.313398501832985898e-01
1.650513699144964000e+15,3.313398501832986454e-01
1.650513699146848000e+15,3.313398501832987564e-01
1.650513699148732000e+15,3.313398501832987009e-01
1.650513699150616250e+15,3.313398501832987009e-01
1.650513699152500250e+15,3.313398501832987009e-01
1.650513699154384250e+15,3.313398501832987009e-01
1.650513699156268500e+15,3.313398501832987009e-01
1.650513699158152500e+15,3.313398501832987009e-01
1.650513699160036500e+15,3.313398501832987009e-01
1.650513699161920500e+15,3.313398501832987009e-01
1.650513699163804750e+15,3.313398501832987009e-01
1.650513699165688750e+15,3.321299116708685273e-01
1.650513699167572750e+15,3.331932985918054646e-01
1.650513699169456750e+15,3.342566855127424574e-01
1.650513699171341000e+15,3.353202135412856610e-01
1.650513699173225000e+15,3.363836004622226539e-01
1.650513699175109000e+15,3.374469873831596467e-01
1.650513699176993000e+15,3.365893336172514072e-01
1.650513699178877250e+15,3.356781093740063282e-01
1.650513699180761250e+15,3.347670060308863826e-01
1.650513699182645250e+15,3.338559026877664371e-01
1.650513699184529500e+15,3.329446784445213581e-01
1.650513699186413500e+15,3.320335751014014680e-01
1.650513699188297500e+15,3.313398501832987009e-01
1.650513699190181500e+15,3.313398501832987009e-01
1.650513699192065750e+15,3.313398501832987009e-01
1.650513699193949750e+15,3.313398501832987009e-01
1.650513699195833750e+15,3.313398501832987009e-01
1.650513699197717750e+15,3.313398501832987009e-01
1.650513699199602000e+15,3.313398501832987009e-01
1.650513699201486000e+15,3.313398501832987009e-01
1.650513699203370000e+15,3.313398501832987009e-01
1.650513699205254000e+15,3.313398501832987009e-01
1.650513699207138250e+15,3.313398501832987564e-01
1.650513699209022250e+15,3.313398501832987009e-01
1.650513699210906250e+15,3.313398501832987009e-01
1.650513699212790500e+15,3.313398501832987009e-01
1.650513699214674500e+15,3.313398501832987009e-01
1.650513699216558500e+15,3.313398501832987009e-01
1.650513699218442500e+15,3.313398501832987009e-01
1.650513699220326750e+15,3.313398501832987009e-01
1.650513699222210750e+15,3.313398501832987009e-01
1.650513699224094750e+15,3.298741359200982881e-01
1.650513699225978750e+15,3.277785899729387387e-01
1.650513699227863000e+15,3.256827659543954923e-01
1.650513699229747000e+15,3.235872200072359428e-01
1.650513699231631000e+15,3.214916740600763934e-01
1.650513699233515000e+15,3.193961281129168439e-01
1.650513699235399250e+15,3.206733238026091004e-01
1.650513699237283250e+15,3.225763741306205690e-01
1.650513699239167250e+15,3.244794244586320375e-01
1.650513699241051500e+15,3.263827273145533114e-01
1.650513699242935500e+15,3.282857776425647800e-01
1.650513699244819500e+15,3.301888279705762486e-01
1.650513699246703500e+15,3.315496313546030249e-01
1.650513699248587750e+15,3.320805650980955814e-01
1.650513699250471750e+15,3.326114283979442754e-01
1.650513699252355750e+15,3.331422916977930249e-01
1.650513699254239750e+15,3.336731549976417188e-01
1.650513699256124000e+15,3.342040887411342753e-01
1.650513699258008000e+15,3.347349520409830248e-01
1.650513699259892000e+15,3.352658153408317188e-01
1.650513699261776000e+15,3.357966786406804127e-01
1.650513699263660250e+15,3.363276123841729692e-01
1.650513699265544250e+15,3.368584756840217187e-01
1.650513699267428250e+15,3.373893389838704127e-01
1.650513699269312500e+15,3.401850713675593219e-01
1.650513699271196500e+15,3.434207718389643005e-01
1.650513699273080500e+15,3.466564723103692236e-01
1.650513699274964500e+15,3.498921727817740912e-01
1.650513699276848750e+15,3.531283026189528385e-01
1.650513699278732750e+15,3.557252502312201470e-01
1.650513699280616750e+15,3.546592156298271070e-01
1.650513699282500750e+15,3.535931810284340671e-01
1.650513699284385000e+15,3.525270049680970241e-01
1.650513699286269000e+15,3.514609703667039842e-01
1.650513699288153000e+15,3.503949357653108332e-01
1.650513699290037000e+15,3.497476196379256663e-01
1.650513699291921250e+15,3.497476196379256663e-01
1.650513699293805250e+15,3.497476196379256663e-01
1.650513699295689250e+15,3.497476196379256663e-01
1.650513699297573250e+15,3.497476196379256663e-01
1.650513699299457500e+15,3.497476196379256663e-01
1.650513699301341500e+15,3.497476196379256663e-01
1.650513699303225500e+15,3.502425053341159389e-01
1.650513699305109750e+15,3.512780282358888284e-01
1.650513699306993750e+15,3.523134137457416548e-01
1.650513699308877750e+15,3.533487992555944257e-01
1.650513699310761750e+15,3.543841847654471966e-01
1.650513699312646000e+15,3.554197076672201416e-01
1.650513699314530000e+15,3.553471588206019716e-01
1.650513699316414000e+15,3.543754786308477289e-01
1.650513699318298000e+15,3.534037984410933753e-01
1.650513699320182250e+15,3.524319893128850523e-01
1.650513699322066250e+15,3.514603091231308096e-01
1.650513699323950250e+15,3.504886289333765115e-01
1.650513699325834250e+15,3.500571669425929233e-01
1.650513699327718500e+15,3.513612798745532895e-01
1.650513699329602500e+15,3.526652197783947118e-01
1.650513699331486500e+15,3.539691596822361896e-01
1.650513699333370750e+15,3.552732726141966113e-01
1.650513699335254750e+15,3.565772125180380336e-01
1.650513699337138750e+15,3.578811524218795115e-01
1.650513699339022750e+15,3.591850923257209893e-01
1.650513699340907000e+15,3.604892052576813555e-01
1.650513699342791000e+15,3.617931451615227778e-01
1.650513699344675000e+15,3.612755873809432305e-01
1.650513699346559000e+15,3.603754799903407524e-01
1.650513699348443250e+15,3.594752531587363520e-01
1.650513699350327250e+15,3.585751457681338739e-01
1.650513699352211250e+15,3.576750383775314512e-01
1.650513699354095250e+15,3.567749309869289731e-01
1.650513699355979500e+15,3.558835427894679881e-01
1.650513699357863500e+15,3.558835427894679326e-01
1.650513699359747500e+15,3.558835427894679881e-01
1.650513699361631750e+15,3.558835427894679881e-01
1.650513699363515750e+15,3.558835427894679881e-01
1.650513699365399750e+15,3.558835427894679881e-01
1.650513699367283750e+15,3.558835427894680437e-01
1.650513699369168000e+15,3.558835427894680992e-01
1.650513699371052000e+15,3.558835427894682102e-01
1.650513699372936000e+15,3.558835427894682102e-01
1.650513699374820000e+15,3.558835427894682657e-01
1.650513699376704250e+15,3.558835427894683212e-01
1.650513699378588250e+15,3.558835427894683212e-01
1.650513699380472250e+15,3.558835427894684322e-01
1.650513699382356250e+15,3.558835427894684322e-01
1.650513699384240500e+15,3.558835427894684322e-01
1.650513699386124500e+15,3.558835427894684322e-01
1.650513699388008500e+15,3.558835427894684322e-01
1.650513699389892750e+15,3.558835427894684322e-01
1.650513699391776750e+15,3.558835427894684322e-01
1.650513699393660750e+15,3.558835427894684322e-01
1.650513699395544750e+15,3.558835427894684322e-01
1.650513699397429000e+15,3.558835427894684322e-01
1.650513699399313000e+15,3.558835427894684322e-01
1.650513699401197000e+15,3.558835427894684322e-01
1.650513699403081000e+15,3.558835427894684322e-01
1.650513699404965250e+15,3.558835427894684877e-01
1.650513699406849250e+15,3.558835427894684322e-01
1.650513699408733250e+15,3.558835427894684877e-01
1.650513699410617250e+15,3.558835427894684877e-01
1.650513699412501500e+15,3.558835427894684322e-01
1.650513699414385500e+15,3.558835427894684322e-01
1.650513699416269500e+15,3.558835427894684322e-01
1.650513699418153750e+15,3.558835427894684322e-01
1.650513699420037750e+15,3.558835427894683767e-01
1.650513699421921750e+15,3.558835427894684322e-01
1.650513699423805750e+15,3.558835427894684877e-01
1.650513699425690000e+15,3.558835427894684322e-01
1.650513699427574000e+15,3.558835427894684322e-01
1.650513699429458000e+15,3.558835427894684322e-01
1.650513699431342000e+15,3.558835427894684322e-01
1.650513699433226250e+15,3.558835427894684877e-01
1.650513699435110250e+15,3.558835427894684322e-01
1.650513699436994250e+15,3.558835427894684322e-01
1.650513699438878250e+15,3.558835427894684322e-01
1.650513699440762500e+15,3.558835427894684877e-01
1.650513699442646500e+15,3.558835427894684877e-01
1.650513699444530500e+15,3.558835427894684877e-01
1.650513699446414750e+15,3.558835427894684322e-01
1.650513699448298750e+15,3.558835427894684322e-01
1.650513699450182750e+15,3.558835427894684322e-01
1.650513699452066750e+15,3.558835427894684322e-01
1.650513699453951000e+15,3.558835427894684322e-01
1.650513699455835000e+15,3.558835427894684322e-01
1.650513699457719000e+15,3.558835427894684877e-01
1.650513699459603000e+15,3.558835427894683767e-01
1.650513699461487250e+15,3.558835427894684322e-01
1.650513699463371250e+15,3.558835427894684322e-01
1.650513699465255250e+15,3.558835427894684322e-01
1.650513699467139250e+15,3.558835427894684322e-01
1.650513699469023500e+15,3.558835427894684322e-01
1.650513699470907500e+15,3.558835427894684322e-01
1.650513699472791500e+15,3.558835427894684322e-01
1.650513699474675750e+15,3.558835427894684322e-01
1.650513699476559750e+15,3.558835427894683767e-01
1.650513699478443750e+15,3.558835427894683767e-01
1.650513699480327750e+15,3.558835427894683767e-01
1.650513699482212000e+15,3.558835427894684322e-01
1.650513699484096000e+15,3.558835427894684322e-01
1.650513699485980000e+15,3.558835427894684322e-01
1.650513699487864000e+15,3.558835427894683767e-01
1.650513699489748250e+15,3.558835427894684322e-01
1.650513699491632250e+15,3.558835427894684322e-01
1.650513699493516250e+15,3.558835427894684322e-01
1.650513699495400250e+15,3.558835427894684322e-01
1.650513699497284500e+15,3.558835427894684322e-01
1.650513699499168500e+15,3.558835427894684322e-01
1.650513699501052500e+15,3.558835427894684322e-01
1.650513699502936750e+15,3.558835427894684322e-01
1.650513699504820750e+15,3.558835427894684877e-01
1.650513699506704750e+15,3.558835427894684322e-01
1.650513699508588750e+15,3.558835427894684877e-01
1.650513699510473000e+15,3.558835427894685433e-01
1.650513699512357000e+15,3.558835427894686543e-01
1.650513699514241000e+15,3.558835427894687653e-01
1.650513699516125000e+15,3.558835427894688763e-01
1.650513699518009250e+15,3.558835427894690429e-01
1.650513699519893250e+15,3.558835427894692094e-01
1.650513699521777250e+15,3.558835427894693204e-01
1.650513699523661250e+15,3.558835427894692094e-01
1.650513699525545500e+15,3.558835427894690984e-01
1.650513699527429500e+15,3.558835427894689873e-01
1.650513699529313500e+15,3.558835427894688763e-01
1.650513699531197750e+15,3.558835427894687653e-01
1.650513699533081750e+15,3.558835427894686543e-01
1.650513699534965750e+15,3.558835427894685433e-01
1.650513699536849750e+15,3.558835427894684877e-01
1.650513699538734000e+15,3.558835427894685988e-01
1.650513699540618000e+15,3.558835427894686543e-01
1.650513699542502000e+15,3.558835427894687653e-01
1.650513699544386000e+15,3.558835427894688763e-01
1.650513699546270250e+15,3.558835427894689318e-01
1.650513699548154250e+15,3.558835427894690429e-01
1.650513699550038250e+15,3.558835427894690984e-01
1.650513699551922250e+15,3.558835427894692649e-01
1.650513699553806500e+15,3.558835427894692094e-01
1.650513699555690500e+15,3.558835427894690984e-01
1.650513699557574500e+15,3.558835427894689318e-01
1.650513699559458750e+15,3.558835427894687653e-01
1.650513699561342750e+15,3.558835427894685988e-01
1.650513699563226750e+15,3.558835427894684322e-01
1.650513699565110750e+15,3.558835427894682657e-01
1.650513699566995000e+15,3.558835427894680992e-01
1.650513699568879000e+15,3.558835427894679326e-01
1.650513699570763000e+15,3.558835427894682102e-01
1.650513699572647000e+15,3.558835427894683212e-01
1.650513699574531250e+15,3.558835427894685433e-01
1.650513699576415250e+15,3.558835427894687098e-01
1.650513699578299250e+15,3.558835427894689318e-01
1.650513699580183250e+15,3.558835427894689873e-01
1.650513699582067500e+15,3.558835427894689873e-01
1.650513699583951500e+15,3.558835427894690984e-01
1.650513699585835500e+15,3.558835427894692094e-01
1.650513699587719750e+15,3.558835427894692094e-01
1.650513699589603750e+15,3.558835427894692649e-01
1.650513699591487750e+15,3.558835427894693204e-01
1.650513699593371750e+15,3.558835427894693204e-01
1.650513699595256000e+15,3.558835427894693204e-01
1.650513699597140000e+15,3.558835427894693204e-01
1.650513699599024000e+15,3.558835427894693204e-01
1.650513699600908000e+15,3.558835427894693204e-01
1.650513699602792250e+15,3.558835427894693204e-01
1.650513699604676250e+15,3.558835427894693204e-01
1.650513699606560250e+15,3.558835427894693204e-01
1.650513699608444250e+15,3.558835427894693204e-01
1.650513699610328500e+15,3.558835427894693204e-01
1.650513699612212500e+15,3.558835427894693759e-01
1.650513699614096500e+15,3.558835427894693759e-01
1.650513699615980750e+15,3.558835427894693759e-01
1.650513699617864750e+15,3.558835427894693204e-01
1.650513699619748750e+15,3.558835427894693759e-01
1.650513699621632750e+15,3.558835427894693759e-01
1.650513699623517000e+15,3.558835427894693204e-01
1.650513699625401000e+15,3.558835427894693759e-01
1.650513699627285000e+15,3.558835427894693204e-01
1.650513699629169000e+15,3.558835427894693204e-01
1.650513699631053250e+15,3.558835427894693204e-01
1.650513699632937250e+15,3.558835427894693204e-01
1.650513699634821250e+15,3.558835427894693204e-01
1.650513699636705250e+15,3.558835427894693204e-01
1.650513699638589500e+15,3.558835427894693204e-01
1.650513699640473500e+15,3.558835427894693204e-01
1.650513699642357500e+15,3.558835427894693204e-01
1.650513699644241750e+15,3.558835427894693759e-01
1.650513699646125750e+15,3.558835427894693759e-01
1.650513699648009750e+15,3.558835427894692649e-01
1.650513699649893750e+15,3.558835427894692094e-01
1.650513699651778000e+15,3.558835427894690984e-01
1.650513699653662000e+15,3.558835427894690984e-01
1.650513699655546000e+15,3.558835427894689873e-01
1.650513699657430000e+15,3.558835427894688763e-01
1.650513699659314250e+15,3.562718915395786112e-01
1.650513699661198250e+15,3.567579563429047473e-01
1.650513699663082250e+15,3.572440211462308834e-01
1.650513699664966250e+15,3.577300859495570196e-01
1.650513699666850500e+15,3.582162152519282050e-01
1.650513699668734500e+15,3.587022800552543966e-01
1.650513699670618500e+15,3.591883448585805327e-01
1.650513699672502750e+15,3.596744741609516627e-01
1.650513699674386750e+15,3.601605389642778543e-01
1.650513699676270750e+15,3.606466037676039349e-01
1.650513699678154750e+15,3.611326685709301265e-01
1.650513699680039000e+15,3.616187978733013120e-01
1.650513699681923000e+15,3.620194659410111981e-01
1.650513699683807000e+15,3.620194659410113092e-01
1.650513699685691000e+15,3.620194659410114202e-01
1.650513699687575250e+15,3.620194659410115312e-01
1.650513699689459250e+15,3.620194659410115867e-01
1.650513699691343250e+15,3.620194659410115867e-01
1.650513699693227250e+15,3.620194659410114757e-01
1.650513699695111500e+15,3.620194659410114202e-01
1.650513699696995500e+15,3.620194659410113647e-01
1.650513699698879500e+15,3.620194659410113092e-01
1.650513699700763750e+15,3.620194659410111981e-01
1.650513699702647750e+15,3.618027530436070394e-01
1.650513699704531750e+15,3.612966642940445006e-01
1.650513699706415750e+15,3.607905755444820728e-01
1.650513699708300000e+15,3.602844196387691711e-01
1.650513699710184000e+15,3.597783308892067433e-01
1.650513699712068000e+15,3.592722421396442600e-01
1.650513699713952000e+15,3.587661533900817767e-01
1.650513699715836250e+15,3.582599974843689861e-01
1.650513699717720250e+15,3.577539087348064473e-01
1.650513699719604250e+15,3.572478199852440195e-01
1.650513699721488250e+15,3.567417312356815362e-01
1.650513699723372500e+15,3.562355753299686900e-01
1.650513699725256500e+15,3.561566049394967459e-01
1.650513699727140500e+15,3.570536390993094278e-01
1.650513699729024750e+15,3.579507922923174101e-01
1.650513699730908750e+15,3.588478264521299810e-01
1.650513699732792750e+15,3.597448606119426628e-01
1.650513699734676750e+15,3.606418947717553447e-01
1.650513699736561000e+15,3.615390479647633271e-01
1.650513699738445000e+15,3.620194659410111981e-01
1.650513699740329000e+15,3.620194659410112537e-01
1.650513699742213000e+15,3.620194659410113092e-01
1.650513699744097250e+15,3.620194659410113092e-01
1.650513699745981250e+15,3.620194659410114202e-01
1.650513699747865250e+15,3.620194659410114202e-01
1.650513699749749250e+15,3.620194659410114757e-01
1.650513699751633500e+15,3.620194659410115312e-01
1.650513699753517500e+15,3.620194659410115867e-01
1.650513699755401500e+15,3.620194659410116422e-01
1.650513699757285750e+15,3.620194659410115312e-01
1.650513699759169750e+15,3.620194659410115312e-01
1.650513699761053750e+15,3.620194659410114202e-01
1.650513699762937750e+15,3.620194659410113647e-01
1.650513699764822000e+15,3.620194659410113092e-01
1.650513699766706000e+15,3.620194659410111981e-01
1.650513699768590000e+15,3.616602846582876452e-01
1.650513699770474000e+15,3.606380829412918487e-01
1.650513699772358250e+15,3.596157455818176363e-01
1.650513699774242250e+15,3.585935438648217843e-01
1.650513699776126250e+15,3.575713421478259324e-01
1.650513699778010250e+15,3.565491404308301360e-01
1.650513699779894500e+15,3.562166589212614753e-01
1.650513699781778500e+15,3.571711696319795348e-01
1.650513699783662500e+15,3.581256803426975388e-01
1.650513699785546750e+15,3.590803177135418189e-01
1.650513699787430750e+15,3.600348284242598229e-01
1.650513699789314750e+15,3.609893391349779379e-01
1.650513699791198750e+15,3.619438498456959974e-01
1.650513699793083000e+15,3.620194659410116422e-01
1.650513699794967000e+15,3.620194659410116422e-01
1.650513699796851000e+15,3.620194659410116422e-01
1.650513699798735000e+15,3.620194659410116422e-01
1.650513699800619250e+15,3.620194659410116422e-01
1.650513699802503250e+15,3.620194659410116422e-01
1.650513699804387250e+15,3.617828446707667678e-01
1.650513699806271250e+15,3.608121435860824899e-01
1.650513699808155500e+15,3.598413136928677591e-01
1.650513699810039500e+15,3.588706126081834258e-01
1.650513699811923500e+15,3.578999115234991479e-01
1.650513699813807750e+15,3.569290816302844727e-01
1.650513699815691750e+15,3.559583805456001393e-01
1.650513699817575750e+15,3.558835427894693204e-01
1.650513699819459750e+15,3.558835427894693204e-01
1.650513699821344000e+15,3.558835427894693204e-01
1.650513699823228000e+15,3.558835427894693204e-01
1.650513699825112000e+15,3.558835427894693204e-01
1.650513699826996000e+15,3.560635971201444039e-01
1.650513699828880250e+15,3.571687025682701577e-01
1.650513699830764250e+15,3.582736613923480640e-01
1.650513699832648250e+15,3.593786202164259702e-01
1.650513699834532250e+15,3.604835790405038765e-01
1.650513699836416500e+15,3.615886844886296303e-01
1.650513699838300500e+15,3.614312054186836765e-01
1.650513699840184500e+15,3.604670620310687079e-01
1.650513699842068750e+15,3.595027907051061566e-01
1.650513699843952750e+15,3.585386473174911881e-01
1.650513699845836750e+15,3.575745039298762751e-01
1.650513699847720750e+15,3.566103605422613620e-01
1.650513699849605000e+15,3.558835427894693204e-01
1.650513699851489000e+15,3.558835427894693204e-01
1.650513699853373000e+15,3.558835427894693204e-01
1.650513699855257000e+15,3.558835427894693204e-01
1.650513699857141250e+15,3.558835427894693204e-01
1.650513699859025250e+15,3.558835427894693204e-01
1.650513699860909250e+15,3.558835427894693204e-01
1.650513699862793250e+15,3.558835427894693204e-01
1.650513699864677500e+15,3.558835427894693204e-01
1.650513699866561500e+15,3.558835427894693204e-01
1.650513699868445500e+15,3.558835427894693759e-01
1.650513699870329750e+15,3.558835427894693759e-01
1.650513699872213750e+15,3.558835427894693204e-01
1.650513699874097750e+15,3.558835427894693204e-01
1.650513699875981750e+15,3.558835427894693204e-01
1.650513699877866000e+15,3.558835427894693759e-01
1.650513699879750000e+15,3.558835427894693204e-01
1.650513699881634000e+15,3.558835427894693204e-01
1.650513699883518000e+15,3.558835427894693204e-01
1.650513699885402250e+15,3.558835427894693204e-01
1.650513699887286250e+15,3.558835427894693204e-01
1.650513699889170250e+15,3.558835427894693204e-01
1.650513699891054250e+15,3.558835427894693204e-01
1.650513699892938500e+15,3.558835427894693204e-01
1.650513699894822500e+15,3.558835427894693204e-01
1.650513699896706500e+15,3.558835427894693204e-01
1.650513699898590750e+15,3.558835427894693204e-01
1.650513699900474750e+15,3.556432506725572540e-01
1.650513699902358750e+15,3.548596758594679268e-01
1.650513699904242750e+15,3.540761010463786551e-01
1.650513699906127000e+15,3.532924222557398131e-01
1.650513699908011000e+15,3.525088474426505414e-01
1.650513699909895000e+15,3.517252726295612142e-01
1.650513699911779000e+15,3.509416978164718870e-01
1.650513699913663250e+15,3.501580190258330449e-01
1.650513699915547250e+15,3.497476196379265545e-01
1.650513699917431250e+15,3.497476196379266100e-01
1.650513699919315250e+15,3.497476196379266100e-01
1.650513699921199500e+15,3.497476196379265545e-01
1.650513699923083500e+15,3.497476196379265545e-01
1.650513699924967500e+15,3.497476196379265545e-01
1.650513699926851750e+15,3.497476196379266100e-01
1.650513699928735750e+15,3.497476196379265545e-01
1.650513699930619750e+15,3.497476196379265545e-01
1.650513699932503750e+15,3.497476196379265545e-01
1.650513699934388000e+15,3.497476196379265545e-01
1.650513699936272000e+15,3.497476196379265545e-01
1.650513699938156000e+15,3.497476196379264435e-01
1.650513699940040000e+15,3.497476196379263880e-01
1.650513699941924250e+15,3.497476196379262769e-01
1.650513699943808250e+15,3.497476196379262214e-01
1.650513699945692250e+15,3.497476196379261659e-01
1.650513699947576250e+15,3.497476196379261104e-01
1.650513699949460500e+15,3.497476196379261104e-01
1.650513699951344500e+15,3.497476196379261104e-01
1.650513699953228500e+15,3.497476196379261104e-01
1.650513699955112750e+15,3.497476196379261104e-01
1.650513699956996750e+15,3.497476196379261104e-01
1.650513699958880750e+15,3.497476196379261104e-01
1.650513699960764750e+15,3.497476196379261104e-01
1.650513699962649000e+15,3.497476196379261104e-01
1.650513699964533000e+15,3.497476196379261104e-01
1.650513699966417000e+15,3.497476196379261104e-01
1.650513699968301000e+15,3.497476196379261104e-01
1.650513699970185250e+15,3.497476196379261104e-01
1.650513699972069250e+15,3.497476196379260549e-01
1.650513699973953250e+15,3.497476196379261104e-01
1.650513699975837250e+15,3.497476196379261104e-01
1.650513699977721500e+15,3.497476196379260549e-01
1.650513699979605500e+15,3.497476196379261104e-01
1.650513699981489500e+15,3.497476196379261659e-01
1.650513699983373750e+15,3.497476196379261104e-01
1.650513699985257750e+15,3.497476196379261104e-01
1.650513699987141750e+15,3.497476196379261659e-01
1.650513699989025750e+15,3.497476196379261104e-01
1.650513699990910000e+15,3.497476196379261104e-01
1.650513699992794000e+15,3.497476196379261104e-01
1.650513699994678000e+15,3.497476196379261659e-01
1.650513699996562000e+15,3.497476196379261104e-01
1.650513699998446250e+15,3.497476196379261659e-01
1.650513700000330250e+15,3.497476196379261659e-01
1.650513700002214250e+15,3.497476196379261104e-01
1.650513700004098250e+15,3.497476196379261104e-01
1.650513700005982500e+15,3.497476196379261104e-01
1.650513700007866500e+15,3.497476196379261104e-01
1.650513700009750500e+15,3.497476196379261659e-01
1.650513700011634750e+15,3.497476196379260549e-01
1.650513700013518750e+15,3.497476196379260549e-01
1.650513700015402750e+15,3.497476196379261104e-01
1.650513700017286750e+15,3.497476196379261104e-01
1.650513700019171000e+15,3.497476196379261104e-01
1.650513700021055000e+15,3.497476196379261104e-01
1.650513700022939000e+15,3.497476196379260549e-01
1.650513700024823000e+15,3.497476196379261104e-01
1.650513700026707250e+15,3.497476196379261104e-01
1.650513700028591250e+15,3.497476196379261104e-01
1.650513700030475250e+15,3.497476196379261104e-01
1.650513700032359250e+15,3.497476196379261104e-01
1.650513700034243500e+15,3.497476196379261104e-01
1.650513700036127500e+15,3.497476196379261104e-01
1.650513700038011500e+15,3.497476196379261104e-01
1.650513700039895750e+15,3.497476196379261104e-01
1.650513700041779750e+15,3.497476196379261659e-01
1.650513700043663750e+15,3.497476196379260549e-01
1.650513700045547750e+15,3.497476196379261104e-01
1.650513700047432000e+15,3.497476196379260549e-01
1.650513700049316000e+15,3.497476196379259439e-01
1.650513700051200000e+15,3.497476196379258884e-01
1.650513700053084000e+15,3.497476196379257773e-01
1.650513700054968250e+15,3.497476196379257773e-01
1.650513700056852250e+15,3.497476196379256663e-01
1.650513700058736250e+15,3.497476196379256663e-01
1.650513700060620250e+15,3.497476196379257773e-01
1.650513700062504500e+15,3.497476196379257773e-01
1.650513700064388500e+15,3.497476196379257773e-01
1.650513700066272500e+15,3.497476196379258329e-01
1.650513700068156750e+15,3.497476196379258884e-01
1.650513700070040750e+15,3.497476196379258884e-01
1.650513700071924750e+15,3.497476196379259994e-01
1.650513700073808750e+15,3.497476196379259994e-01
1.650513700075693000e+15,3.497476196379259994e-01
1.650513700077577000e+15,3.497476196379260549e-01
1.650513700079461000e+15,3.497476196379261104e-01
1.650513700081345000e+15,3.497476196379260549e-01
1.650513700083229250e+15,3.497476196379261104e-01
1.650513700085113250e+15,3.497476196379261104e-01
1.650513700086997250e+15,3.497476196379261104e-01
1.650513700088881250e+15,3.497476196379261104e-01
1.650513700090765500e+15,3.497476196379261104e-01
1.650513700092649500e+15,3.497476196379261104e-01
1.650513700094533500e+15,3.497476196379261104e-01
1.650513700096417750e+15,3.507685676518816908e-01
1.650513700098301750e+15,3.546251412023424532e-01
1.650513700100185750e+15,3.584817147528032155e-01
1.650513700102069750e+15,3.620194659410111981e-01
1.650513700103954000e+15,3.620194659410111981e-01
1.650513700105838000e+15,3.620194659410112537e-01
1.650513700107722000e+15,3.620194659410113092e-01
1.650513700109606000e+15,3.620194659410114202e-01
1.650513700111490250e+15,3.620194659410114202e-01
1.650513700113374250e+15,3.620194659410114757e-01
1.650513700115258250e+15,3.620194659410115867e-01
1.650513700117142250e+15,3.620194659410115867e-01
1.650513700119026500e+15,3.620194659410116422e-01
1.650513700120910500e+15,3.620194659410116422e-01
1.650513700122794500e+15,3.620194659410116422e-01
1.650513700124678750e+15,3.620194659410116422e-01
1.650513700126562750e+15,3.620194659410116422e-01
1.650513700128446750e+15,3.620194659410116422e-01
1.650513700130330750e+15,3.620194659410116422e-01
1.650513700132215000e+15,3.620194659410116422e-01
1.650513700134099000e+15,3.620194659410116422e-01
1.650513700135983000e+15,3.620194659410116422e-01
1.650513700137867000e+15,3.620194659410115867e-01
1.650513700139751250e+15,3.620194659410115312e-01
1.650513700141635250e+15,3.620194659410114202e-01
1.650513700143519250e+15,3.620194659410113092e-01
1.650513700145403250e+15,3.620194659410113092e-01
1.650513700147287500e+15,3.620194659410111981e-01
1.650513700149171500e+15,3.620194659410111981e-01
1.650513700151055500e+15,3.620194659410112537e-01
1.650513700152939750e+15,3.620194659410113092e-01
1.650513700154823750e+15,3.620194659410114202e-01
1.650513700156707750e+15,3.620194659410114202e-01
1.650513700158591750e+15,3.620194659410115312e-01
1.650513700160476000e+15,3.620194659410115867e-01
1.650513700162360000e+15,3.620194659410116422e-01
1.650513700164244000e+15,3.620194659410116422e-01
1.650513700166128000e+15,3.620194659410116422e-01
1.650513700168012250e+15,3.620194659410116977e-01
1.650513700169896250e+15,3.620194659410116422e-01
1.650513700171780250e+15,3.620194659410116422e-01
1.650513700173664250e+15,3.620194659410116422e-01
1.650513700175548500e+15,3.620194659410116422e-01
1.650513700177432500e+15,3.620194659410116422e-01
1.650513700179316500e+15,3.620194659410116422e-01
1.650513700181200750e+15,3.620194659410116422e-01
1.650513700183084750e+15,3.620194659410115867e-01
1.650513700184968750e+15,3.620194659410116422e-01
1.650513700186852750e+15,3.620194659410116422e-01
1.650513700188737000e+15,3.620194659410116422e-01
1.650513700190621000e+15,3.620194659410116422e-01
1.650513700192505000e+15,3.620194659410116422e-01
1.650513700194389000e+15,3.611464868617971780e-01
1.650513700196273250e+15,3.600967671234374112e-01
1.650513700198157250e+15,3.590471866606166906e-01
1.650513700200041250e+15,3.579976061977960256e-01
1.650513700201925250e+15,3.569480257349753050e-01
1.650513700203809500e+15,3.558983059966155382e-01
1.650513700205693500e+15,3.548487255337948731e-01
1.650513700207577500e+15,3.537991450709742081e-01
1.650513700209461750e+15,3.527494253326143858e-01
1.650513700211345750e+15,3.516998448697936652e-01
1.650513700213229750e+15,3.506502644069730557e-01
1.650513700215113750e+15,3.501066943508654439e-01
1.650513700216998000e+15,3.526719513285213048e-01
1.650513700218882000e+15,3.552368679509989580e-01
1.650513700220766000e+15,3.578017845734766667e-01
1.650513700222650000e+15,3.603667011959543753e-01
1.650513700224534250e+15,3.617206283816218337e-01
1.650513700226418250e+15,3.608806284384808438e-01
1.650513700228302250e+15,3.600406284953397429e-01
1.650513700230186250e+15,3.592006285521986975e-01
1.650513700232070500e+15,3.583605171440970016e-01
1.650513700233954500e+15,3.575205172009559007e-01
1.650513700235838500e+15,3.566805172578148553e-01
1.650513700237722750e+15,3.558835427894684877e-01
1.650513700239606750e+15,3.558835427894684322e-01
1.650513700241490750e+15,3.558835427894684322e-01
1.650513700243374750e+15,3.558835427894684322e-01
1.650513700245259000e+15,3.558835427894684322e-01
1.650513700247143000e+15,3.552437717602694445e-01
1.650513700249027000e+15,3.543784963697375612e-01
1.650513700250911000e+15,3.535132209792056779e-01
1.650513700252795250e+15,3.526478307697525905e-01
1.650513700254679250e+15,3.517825553792207072e-01
1.650513700256563250e+15,3.509172799886888794e-01
1.650513700258447250e+15,3.500520045981569961e-01
1.650513700260331500e+15,3.504669813933353195e-01
1.650513700262215500e+15,3.515765004659436310e-01
1.650513700264099500e+15,3.526860195385519425e-01
1.650513700265983750e+15,3.537956858403364935e-01
1.650513700267867750e+15,3.549052049129447495e-01
1.650513700269751750e+15,3.557744624317664139e-01
1.650513700271635750e+15,3.548518703154450726e-01
1.650513700273520000e+15,3.539291557744798089e-01
1.650513700275404000e+15,3.530065636581584121e-01
1.650513700277288000e+15,3.520839715418371263e-01
1.650513700279172000e+15,3.511613794255157295e-01
1.650513700281056250e+15,3.502386648845504658e-01
1.650513700282940250e+15,3.497476196379256663e-01
1.650513700284824250e+15,3.497476196379256663e-01
1.650513700286708250e+15,3.497476196379256663e-01
1.650513700288592500e+15,3.497476196379256663e-01
1.650513700290476500e+15,3.497476196379256663e-01
1.650513700292360500e+15,3.497476196379256663e-01
1.650513700294244750e+15,3.497476196379256663e-01
1.650513700296128750e+15,3.497476196379256663e-01
1.650513700298012750e+15,3.497476196379256663e-01
1.650513700299896750e+15,3.497476196379256663e-01
1.650513700301781000e+15,3.497476196379256663e-01
1.650513700303665000e+15,3.497476196379256108e-01
1.650513700305549000e+15,3.497476196379256663e-01
1.650513700307433000e+15,3.497476196379256663e-01
1.650513700309317250e+15,3.497476196379256663e-01
1.650513700311201250e+15,3.497476196379256663e-01
1.650513700313085250e+15,3.497476196379256663e-01
1.650513700314969250e+15,3.497476196379256663e-01
1.650513700316853500e+15,3.497476196379256663e-01
1.650513700318737500e+15,3.497476196379256663e-01
1.650513700320621500e+15,3.497476196379256663e-01
1.650513700322505750e+15,3.497476196379256663e-01
1.650513700324389750e+15,3.497476196379256663e-01
1.650513700326273750e+15,3.497476196379256108e-01
1.650513700328157750e+15,3.497476196379256663e-01
1.650513700330042000e+15,3.497476196379256663e-01
1.650513700331926000e+15,3.497476196379256663e-01
1.650513700333810000e+15,3.497476196379257218e-01
1.650513700335694000e+15,3.497476196379256663e-01
1.650513700337578250e+15,3.497476196379256663e-01
1.650513700339462250e+15,3.497476196379256663e-01
1.650513700341346250e+15,3.497476196379256108e-01
1.650513700343230250e+15,3.497476196379256663e-01
1.650513700345114500e+15,3.497476196379256663e-01
1.650513700346998500e+15,3.497476196379256663e-01
1.650513700348882500e+15,3.497476196379256108e-01
1.650513700350766750e+15,3.497476196379256663e-01
1.650513700352650750e+15,3.497476196379256663e-01
1.650513700354534750e+15,3.497476196379256663e-01
1.650513700356418750e+15,3.497476196379256108e-01
1.650513700358303000e+15,3.497476196379256663e-01
1.650513700360187000e+15,3.497476196379256663e-01
1.650513700362071000e+15,3.497476196379256663e-01
1.650513700363955000e+15,3.497476196379256663e-01
1.650513700365839250e+15,3.497476196379256108e-01
1.650513700367723250e+15,3.497476196379256663e-01
1.650513700369607250e+15,3.497476196379256663e-01
1.650513700371491250e+15,3.497476196379257218e-01
1.650513700373375500e+15,3.497476196379257773e-01
1.650513700375259500e+15,3.497476196379258329e-01
1.650513700377143500e+15,3.497476196379258884e-01
1.650513700379027750e+15,3.497476196379258884e-01
1.650513700380911750e+15,3.497476196379260549e-01
1.650513700382795750e+15,3.497476196379260549e-01
1.650513700384679750e+15,3.497476196379261104e-01
1.650513700386564000e+15,3.497476196379260549e-01
1.650513700388448000e+15,3.497476196379258884e-01
1.650513700390332000e+15,3.497476196379258329e-01
1.650513700392216000e+15,3.497476196379256663e-01
1.650513700394100250e+15,3.497476196379256663e-01
1.650513700395984250e+15,3.497476196379256663e-01
1.650513700397868250e+15,3.497476196379256663e-01
1.650513700399752250e+15,3.497476196379256663e-01
1.650513700401636500e+15,3.497476196379256663e-01
1.650513700403520500e+15,3.497476196379256663e-01
1.650513700405404500e+15,3.497476196379257218e-01
1.650513700407288750e+15,3.497476196379256663e-01
1.650513700409172750e+15,3.497476196379256663e-01
1.650513700411056750e+15,3.497476196379256663e-01
1.650513700412940750e+15,3.497476196379256663e-01
1.650513700414825000e+15,3.497476196379256663e-01
1.650513700416709000e+15,3.497476196379256663e-01
1.650513700418593000e+15,3.497476196379256663e-01
1.650513700420477000e+15,3.497476196379256663e-01
1.650513700422361250e+15,3.497476196379256663e-01
1.650513700424245250e+15,3.497476196379256663e-01
1.650513700426129250e+15,3.497476196379256663e-01
1.650513700428013250e+15,3.497476196379256663e-01
1.650513700429897500e+15,3.497476196379256663e-01
1.650513700431781500e+15,3.497476196379256663e-01
1.650513700433665500e+15,3.497476196379256663e-01
1.650513700435549750e+15,3.497476196379256663e-01
1.650513700437433750e+15,3.497476196379256663e-01
1.650513700439317750e+15,3.497476196379256663e-01
1.650513700441201750e+15,3.497476196379257218e-01
1.650513700443086000e+15,3.497476196379256663e-01
1.650513700444970000e+15,3.497476196379256663e-01
1.650513700446854000e+15,3.497476196379256663e-01
1.650513700448738000e+15,3.495458621648072084e-01
1.650513700450622250e+15,3.485660644361383564e-01
1.650513700452506250e+15,3.475863967058412940e-01
1.650513700454390250e+15,3.466067289755442316e-01
1.650513700456274250e+15,3.456270612452472246e-01
1.650513700458158500e+15,3.446472635165783727e-01
1.650513700460042500e+15,3.436675957862813657e-01
1.650513700461926500e+15,3.436116964863838441e-01
1.650513700463810750e+15,3.436116964863838996e-01
1.650513700465694750e+15,3.436116964863840106e-01
1.650513700467578750e+15,3.436116964863840662e-01
1.650513700469462750e+15,3.436116964863841217e-01
1.650513700471347000e+15,3.436116964863842327e-01
1.650513700473231000e+15,3.444155096041580100e-01
1.650513700475115000e+15,3.452615341370551816e-01
1.650513700476999000e+15,3.461075586699523532e-01
1.650513700478883250e+15,3.469536954672514106e-01
1.650513700480767250e+15,3.477997200001485822e-01
1.650513700482651250e+15,3.486457445330456983e-01
1.650513700484535250e+15,3.494917690659428144e-01
1.650513700486419500e+15,3.490799869102800268e-01
1.650513700488303500e+15,3.481231059221576163e-01
1.650513700490187500e+15,3.471662249340352613e-01
1.650513700492071750e+15,3.462092169712593925e-01
1.650513700493955750e+15,3.452523359831370375e-01
1.650513700495839750e+15,3.442954549950146825e-01
1.650513700497723750e+15,3.427686015179636780e-01
1.650513700499608000e+15,3.398144375119264704e-01
1.650513700501492000e+15,3.368606654607793072e-01
1.650513700503376000e+15,3.339068934096320884e-01
1.650513700505260000e+15,3.309531213584849807e-01
1.650513700507144250e+15,3.279989573524478286e-01
1.650513700509028250e+15,3.250451853013006653e-01
1.650513700510912250e+15,3.220914132501534466e-01
1.650513700512796250e+15,3.191376411990062834e-01
1.650513700514680500e+15,3.161834771929691312e-01
1.650513700516564500e+15,3.132297051418219680e-01
1.650513700518448500e+15,3.102759330906748048e-01
1.650513700520332750e+15,3.073217690846375971e-01
1.650513700522216750e+15,3.075238000718416020e-01
1.650513700524100750e+15,3.084089516198895708e-01
1.650513700525984750e+15,3.092941031679376507e-01
1.650513700527869000e+15,3.101793721724012687e-01
1.650513700529753000e+15,3.110645237204493485e-01
1.650513700531637000e+15,3.119496752684973728e-01
1.650513700533521000e+15,3.128348268165453971e-01
1.650513700535405250e+15,3.122239353281400787e-01
1.650513700537289250e+15,3.114284987894000989e-01
1.650513700539173250e+15,3.106330622506601191e-01
1.650513700541057250e+15,3.098376257119200838e-01
1.650513700542941500e+15,3.090420836216224432e-01
1.650513700544825500e+15,3.082466470828824634e-01
1.650513700546709500e+15,3.074512105441424836e-01
1.650513700548593750e+15,3.069027529842845992e-01
1.650513700550477750e+15,3.075062864090264969e-01
1.650513700552361750e+15,3.081098198337683947e-01
1.650513700554245750e+15,3.087133532585103479e-01
1.650513700556130000e+15,3.093169667699593450e-01
1.650513700558014000e+15,3.099205001947012983e-01
1.650513700559898000e+15,3.105240336194431405e-01
1.650513700561782000e+15,3.111275670441850938e-01
1.650513700563666250e+15,3.117311805556340909e-01
1.650513700565550250e+15,3.123347139803760442e-01
1.650513700567434250e+15,3.129236468464383081e-01
1.650513700569318250e+15,3.120982216970268897e-01
1.650513700571202500e+15,3.112726870166774296e-01
1.650513700573086500e+15,3.104472618672660111e-01
1.650513700574970500e+15,3.096218367178545927e-01
1.650513700576854750e+15,3.087963020375051881e-01
1.650513700578738750e+15,3.079708768880937697e-01
1.650513700580622750e+15,3.071454517386823513e-01
1.650513700582506750e+15,3.067961575771281368e-01
1.650513700584391000e+15,3.067961575771281924e-01
1.650513700586275000e+15,3.067961575771281924e-01
1.650513700588159000e+15,3.067961575771283034e-01
1.650513700590043000e+15,3.067961575771283034e-01
1.650513700591927250e+15,3.067961575771283034e-01
1.650513700593811250e+15,3.067961575771284144e-01
1.650513700595695250e+15,3.067961575771284699e-01
1.650513700597579250e+15,3.067961575771285254e-01
1.650513700599463500e+15,3.067961575771284699e-01
1.650513700601347500e+15,3.067961575771284144e-01
1.650513700603231500e+15,3.067961575771284144e-01
1.650513700605115750e+15,3.067961575771283034e-01
1.650513700606999750e+15,3.067961575771282479e-01
1.650513700608883750e+15,3.067961575771281924e-01
1.650513700610767750e+15,3.067961575771280813e-01
1.650513700612652000e+15,3.067961575771280258e-01
1.650513700614536000e+15,3.067961575771280813e-01
1.650513700616420000e+15,3.067961575771280813e-01
1.650513700618304000e+15,3.067961575771280813e-01
1.650513700620188250e+15,3.067961575771280813e-01
1.650513700622072250e+15,3.067961575771280813e-01
1.650513700623956250e+15,3.067961575771280813e-01
1.650513700625840250e+15,3.067961575771280813e-01
1.650513700627724500e+15,3.067961575771280813e-01
1.650513700629608500e+15,3.067961575771280813e-01
1.650513700631492500e+15,3.067961575771280258e-01
1.650513700633376750e+15,3.067961575771280813e-01
1.650513700635260750e+15,3.062409073310765617e-01
1.650513700637144750e+15,3.050808391707649503e-01
1.650513700639028750e+15,3.039207710104532278e-01
1.650513700640913000e+15,3.027605489132838001e-01
1.650513700642797000e+15,3.016004807529721332e-01
1.650513700644681000e+15,3.006602344255857595e-01
1.650513700646565000e+15,3.006602344255857595e-01
1.650513700648449250e+15,3.006602344255857595e-01
1.650513700650333250e+15,3.006602344255857595e-01
1.650513700652217250e+15,3.006602344255857595e-01
1.650513700654101250e+15,3.006602344255857595e-01
1.650513700655985500e+15,3.006602344255857595e-01
1.650513700657869500e+15,3.006602344255857595e-01
1.650513700659753500e+15,3.006602344255857595e-01
1.650513700661637750e+15,3.006602344255857595e-01
1.650513700663521750e+15,3.006602344255857595e-01
1.650513700665405750e+15,3.006602344255857595e-01
1.650513700667289750e+15,2.990481563821346667e-01
1.650513700669174000e+15,2.968640412979192678e-01
1.650513700671058000e+15,2.946802159994387216e-01
1.650513700672942000e+15,2.924963907009582309e-01
1.650513700674826000e+15,2.903125654024777402e-01
1.650513700676710250e+15,2.886259948858802549e-01
1.650513700678594250e+15,2.906222095668517524e-01
1.650513700680478250e+15,2.926184242478233055e-01
1.650513700682362250e+15,2.946146389287948031e-01
1.650513700684246500e+15,2.966111185002495154e-01
1.650513700686130500e+15,2.986073331812210130e-01
1.650513700688014500e+15,3.006035478621925106e-01
1.650513700689898750e+15,3.006602344255853154e-01
1.650513700691782750e+15,3.006602344255853154e-01
1.650513700693666750e+15,3.006602344255853154e-01
1.650513700695550750e+15,3.006602344255853154e-01
1.650513700697435000e+15,3.006602344255853154e-01
1.650513700699319000e+15,3.006602344255853154e-01
1.650513700701203000e+15,3.006602344255853154e-01
1.650513700703087000e+15,3.006602344255853709e-01
1.650513700704971250e+15,3.006602344255853154e-01
1.650513700706855250e+15,3.006602344255853154e-01
1.650513700708739250e+15,3.006602344255853154e-01
1.650513700710623250e+15,3.006602344255853154e-01
1.650513700712507500e+15,3.006602344255853154e-01
1.650513700714391500e+15,3.000733311948208804e-01
1.650513700716275500e+15,2.991063651373131460e-01
1.650513700718159750e+15,2.981392707668995556e-01
1.650513700720043750e+15,2.971723047093917658e-01
1.650513700721927750e+15,2.962053386518839759e-01
1.650513700723811750e+15,2.952383725943761861e-01
1.650513700725696000e+15,2.946848744435605627e-01
1.650513700727580000e+15,2.952984667587147949e-01
1.650513700729464000e+15,2.959120590738690826e-01
1.650513700731348000e+15,2.965256513890233703e-01
1.650513700733232250e+15,2.971393251256632118e-01
1.650513700735116250e+15,2.977529174408174995e-01
1.650513700737000250e+15,2.983665097559717871e-01
1.650513700738884250e+15,2.989801020711260193e-01
1.650513700740768500e+15,2.995937758077659163e-01
1.650513700742652500e+15,3.002073681229201485e-01
1.650513700744536500e+15,3.006602344255857595e-01
1.650513700746420750e+15,3.006602344255857040e-01
1.650513700748304750e+15,3.006602344255857595e-01
1.650513700750188750e+15,3.006602344255857595e-01
1.650513700752072750e+15,3.006602344255857595e-01
1.650513700753957000e+15,3.006602344255857595e-01
1.650513700755841000e+15,3.006602344255857595e-01
1.650513700757725000e+15,3.006602344255857595e-01
1.650513700759609000e+15,3.006602344255857595e-01
1.650513700761493250e+15,3.006602344255857595e-01
1.650513700763377250e+15,3.006602344255857595e-01
1.650513700765261250e+15,3.006602344255857595e-01
1.650513700767145250e+15,3.006602344255857595e-01
1.650513700769029500e+15,3.001896674769106155e-01
1.650513700770913500e+15,2.987230866145381691e-01
1.650513700772797500e+15,2.972565057521658893e-01
1.650513700774681750e+15,2.957897302798064842e-01
1.650513700776565750e+15,2.943231494174341489e-01
1.650513700778449750e+15,2.928565685550618136e-01
1.650513700780333750e+15,2.913899876926894228e-01
1.650513700782218000e+15,2.899232122203300177e-01
1.650513700784102000e+15,2.884566313579576824e-01
1.650513700785986000e+15,2.869900504955854026e-01
1.650513700787870000e+15,2.855234696332130118e-01
1.650513700789754250e+15,2.840566941608536067e-01
1.650513700791638250e+15,2.825901132984812714e-01
1.650513700793522250e+15,2.827138442705132704e-01
1.650513700795406250e+15,2.833132158273912182e-01
1.650513700797290500e+15,2.839126669187115315e-01
1.650513700799174500e+15,2.845120384755894793e-01
1.650513700801058500e+15,2.851114100324674827e-01
1.650513700802942750e+15,2.857108611237877405e-01
1.650513700804826750e+15,2.863102326806656883e-01
1.650513700806710750e+15,2.869096042375437472e-01
1.650513700808594750e+15,2.875089757944216950e-01
1.650513700810479000e+15,2.881084268857418973e-01
1.650513700812363000e+15,2.883883881225001722e-01
1.650513700814247000e+15,2.883883881225002277e-01
1.650513700816131000e+15,2.883883881225002277e-01
1.650513700818015250e+15,2.883883881225002277e-01
1.650513700819899250e+15,2.883883881225002277e-01
1.650513700821783250e+15,2.883883881225002277e-01
1.650513700823667250e+15,2.883883881225001722e-01
1.650513700825551500e+15,2.887468650407755133e-01
1.650513700827435500e+15,2.892567710536336212e-01
1.650513700829319500e+15,2.897666770664917291e-01
1.650513700831203750e+15,2.902766507420373454e-01
1.650513700833087750e+15,2.907865567548955088e-01
1.650513700834971750e+15,2.912964627677535612e-01
1.650513700836855750e+15,2.918063687806117246e-01
1.650513700838740000e+15,2.923163424561573409e-01
1.650513700840624000e+15,2.928262484690154488e-01
1.650513700842508000e+15,2.933361544818736122e-01
1.650513700844392000e+15,2.938460604947317201e-01
1.650513700846276250e+15,2.943560341702773364e-01
1.650513700848160250e+15,2.931873409653886764e-01
1.650513700850044250e+15,2.911918154660780855e-01
1.650513700851928250e+15,2.891962899667674947e-01
1.650513700853812500e+15,2.872004996684257017e-01
1.650513700855696500e+15,2.852049741691151108e-01
1.650513700857580500e+15,2.832094486698045199e-01
1.650513700859464750e+15,2.828081770986590193e-01
1.650513700861348750e+15,2.838756883386172047e-01
1.650513700863232750e+15,2.849431995785752791e-01
1.650513700865116750e+15,2.860107108185334646e-01
1.650513700867001000e+15,2.870783637133800803e-01
1.650513700868885000e+15,2.881458749533382102e-01
1.650513700870769000e+15,2.880301866025677948e-01
1.650513700872653000e+15,2.875666895808963730e-01
1.650513700874537250e+15,2.871031310548430859e-01
1.650513700876421250e+15,2.866396340331717196e-01
1.650513700878305250e+15,2.861761370115002978e-01
1.650513700880189250e+15,2.857126399898288760e-01
1.650513700882073500e+15,2.852490814637755889e-01
1.650513700883957500e+15,2.847855844421042226e-01
1.650513700885841500e+15,2.843220874204328008e-01
1.650513700887725750e+15,2.838585288943795693e-01
1.650513700889609750e+15,2.833950318727081474e-01
1.650513700891493750e+15,2.829315348510367256e-01
1.650513700893377750e+15,2.824680378293653593e-01
1.650513700895262000e+15,2.822524649709579059e-01
1.650513700897146000e+15,2.822524649709579059e-01
1.650513700899030000e+15,2.822524649709579059e-01
1.650513700900914000e+15,2.822524649709579059e-01
1.650513700902798250e+15,2.822524649709579059e-01
1.650513700904682250e+15,2.822524649709579059e-01
1.650513700906566250e+15,2.822524649709579059e-01
1.650513700908450250e+15,2.822524649709579059e-01
1.650513700910334500e+15,2.822524649709579059e-01
1.650513700912218500e+15,2.822752742546644211e-01
1.650513700914102500e+15,2.831262186210615206e-01
1.650513700915986750e+15,2.839772759047047290e-01
1.650513700917870750e+15,2.848282202711018840e-01
1.650513700919754750e+15,2.856791646374989835e-01
1.650513700921638750e+15,2.865301090038960830e-01
1.650513700923523000e+15,2.873811662875392914e-01
1.650513700925407000e+15,2.882321106539363909e-01
1.650513700927291000e+15,2.879774741711337849e-01
1.650513700929175000e+15,2.874741179394214585e-01
1.650513700931059250e+15,2.869706949141540009e-01
1.650513700932943250e+15,2.864673386824416745e-01
1.650513700934827250e+15,2.859639824507294037e-01
1.650513700936711250e+15,2.854606262190170773e-01
1.650513700938595500e+15,2.849572031937495642e-01
1.650513700940479500e+15,2.844538469620372934e-01
1.650513700942363500e+15,2.839504907303249670e-01
1.650513700944247750e+15,2.834470677050575094e-01
1.650513700946131750e+15,2.829437114733451830e-01
1.650513700948015750e+15,2.824403552416329122e-01
1.650513700949899750e+15,2.822524649709579059e-01
1.650513700951784000e+15,2.822524649709579059e-01
1.650513700953668000e+15,2.822524649709578504e-01
1.650513700955552000e+15,2.822524649709579059e-01
1.650513700957436000e+15,2.822524649709579614e-01
1.650513700959320250e+15,2.822524649709579059e-01
1.650513700961204250e+15,2.822524649709579614e-01
1.650513700963088250e+15,2.822524649709579059e-01
1.650513700964972250e+15,2.822524649709579059e-01
1.650513700966856500e+15,2.822524649709579059e-01
1.650513700968740500e+15,2.822524649709579059e-01
1.650513700970624500e+15,2.822524649709579059e-01
1.650513700972508750e+15,2.822524649709579059e-01
1.650513700974392750e+15,2.822524649709579059e-01
1.650513700976276750e+15,2.822524649709579059e-01
1.650513700978160750e+15,2.822524649709578504e-01
1.650513700980045000e+15,2.822524649709579059e-01
1.650513700981929000e+15,2.815393310453549458e-01
1.650513700983813000e+15,2.806364114782608499e-01
1.650513700985697000e+15,2.797334919111667539e-01
1.650513700987581250e+15,2.788304525299050152e-01
1.650513700989465250e+15,2.779275329628109192e-01
1.650513700991349250e+15,2.770246133957168233e-01
1.650513700993233250e+15,2.761216938286227274e-01
1.650513700995117500e+15,2.761165418194156396e-01
1.650513700997001500e+15,2.761165418194155841e-01
1.650513700998885500e+15,2.761165418194155841e-01
1.650513701000769750e+15,2.761165418194155841e-01
1.650513701002653750e+15,2.761165418194155841e-01
1.650513701004537750e+15,2.761165418194155841e-01
1.650513701006421750e+15,2.761165418194155841e-01
1.650513701008306000e+15,2.761165418194155841e-01
1.650513701010190000e+15,2.761165418194155841e-01
1.650513701012074000e+15,2.761165418194155841e-01
1.650513701013958000e+15,2.761165418194155841e-01
1.650513701015842250e+15,2.761165418194155841e-01
1.650513701017726250e+15,2.761165418194155841e-01
1.650513701019610250e+15,2.761165418194155841e-01
1.650513701021494250e+15,2.761165418194155841e-01
1.650513701023378500e+15,2.761165418194155841e-01
1.650513701025262500e+15,2.761165418194155841e-01
1.650513701027146500e+15,2.761165418194155841e-01
1.650513701029030750e+15,2.761165418194155841e-01
1.650513701030914750e+15,2.761165418194155841e-01
1.650513701032798750e+15,2.761165418194155841e-01
1.650513701034682750e+15,2.761165418194155841e-01
1.650513701036567000e+15,2.761165418194156396e-01
1.650513701038451000e+15,2.761165418194155841e-01
1.650513701040335000e+15,2.761165418194155841e-01
1.650513701042219000e+15,2.761165418194155841e-01
1.650513701044103250e+15,2.761165418194155841e-01
1.650513701045987250e+15,2.761165418194155841e-01
1.650513701047871250e+15,2.761165418194155841e-01
1.650513701049755250e+15,2.761165418194156396e-01
1.650513701051639500e+15,2.761165418194155841e-01
1.650513701053523500e+15,2.761165418194155841e-01
1.650513701055407500e+15,2.761165418194155841e-01
1.650513701057291750e+15,2.761165418194155841e-01
1.650513701059175750e+15,2.761165418194155841e-01
1.650513701061059750e+15,2.759952343924675366e-01
1.650513701062943750e+15,2.748735500127367226e-01
1.650513701064828000e+15,2.737517167895372472e-01
1.650513701066712000e+15,2.726300324098064332e-01
1.650513701068596000e+15,2.715083480300756191e-01
1.650513701070480000e+15,2.703866636503448051e-01
1.650513701072364250e+15,2.692648304271453297e-01
1.650513701074248250e+15,2.681431460474145156e-01
1.650513701076132250e+15,2.670214616676837016e-01
1.650513701078016250e+15,2.658997772879528876e-01
1.650513701079900500e+15,2.647779440647534677e-01
1.650513701081784500e+15,2.640043616905858870e-01
1.650513701083668500e+15,2.649547916188523256e-01
1.650513701085552750e+15,2.659053476657398107e-01
1.650513701087436750e+15,2.668557775940063048e-01
1.650513701089320750e+15,2.678062075222727434e-01
1.650513701091204750e+15,2.687566374505391820e-01
1.650513701093089000e+15,2.697071934974267227e-01
1.650513701094973000e+15,2.699806186678728182e-01
1.650513701096857000e+15,2.699806186678728737e-01
1.650513701098741000e+15,2.699806186678729292e-01
1.650513701100625250e+15,2.699806186678729292e-01
1.650513701102509250e+15,2.699806186678729847e-01
1.650513701104393250e+15,2.699806186678730402e-01
1.650513701106277250e+15,2.699806186678730957e-01
1.650513701108161500e+15,2.699806186678731512e-01
1.650513701110045500e+15,2.699806186678731512e-01
1.650513701111929500e+15,2.699806186678731512e-01
1.650513701113813750e+15,2.699806186678732067e-01
1.650513701115697750e+15,2.699806186678732622e-01
1.650513701117581750e+15,2.699806186678732622e-01
1.650513701119465750e+15,2.699806186678732622e-01
1.650513701121350000e+15,2.699806186678732622e-01
1.650513701123234000e+15,2.699806186678732622e-01
1.650513701125118000e+15,2.699806186678732622e-01
1.650513701127002000e+15,2.699806186678732622e-01
1.650513701128886250e+15,2.699806186678732622e-01
1.650513701130770250e+15,2.699806186678732622e-01
1.650513701132654250e+15,2.699806186678732622e-01
1.650513701134538250e+15,2.699806186678732622e-01
1.650513701136422500e+15,2.699806186678732622e-01
1.650513701138306500e+15,2.700446743063135702e-01
1.650513701140190500e+15,2.706465736720068960e-01
1.650513701142074750e+15,2.712485529075735480e-01
1.650513701143958750e+15,2.718504522732668738e-01
1.650513701145842750e+15,2.724523516389601441e-01
1.650513701147726750e+15,2.730542510046534699e-01
1.650513701149611000e+15,2.736562302402201219e-01
1.650513701151495000e+15,2.742581296059134477e-01
1.650513701153379000e+15,2.748600289716067735e-01
1.650513701155263000e+15,2.754619283373000993e-01
1.650513701157147250e+15,2.760639075728667513e-01
1.650513701159031250e+15,2.757106009305753669e-01
1.650513701160915250e+15,2.752657600787068448e-01
1.650513701162799250e+15,2.748209192268383227e-01
1.650513701164683500e+15,2.743760193461943775e-01
1.650513701166567500e+15,2.739311784943257999e-01
1.650513701168451500e+15,2.734863376424572778e-01
1.650513701170335750e+15,2.730414377618133326e-01
1.650513701172219750e+15,2.725965969099447550e-01
1.650513701174103750e+15,2.721517560580762329e-01
1.650513701175987750e+15,2.717069152062077109e-01
1.650513701177872000e+15,2.712620153255637101e-01
1.650513701179756000e+15,2.708171744736952435e-01
1.650513701181640000e+15,2.703723336218266660e-01
1.650513701183524000e+15,2.699806186678723741e-01
1.650513701185408250e+15,2.699806186678723741e-01
1.650513701187292250e+15,2.699806186678723741e-01
1.650513701189176250e+15,2.699806186678723741e-01
1.650513701191060250e+15,2.699806186678723741e-01
1.650513701192944500e+15,2.699806186678723741e-01
1.650513701194828500e+15,2.699806186678723741e-01
1.650513701196712500e+15,2.699806186678723741e-01
1.650513701198596750e+15,2.699806186678723741e-01
1.650513701200480750e+15,2.699806186678723741e-01
1.650513701202364750e+15,2.699806186678723741e-01
1.650513701204248750e+15,2.699806186678723741e-01
1.650513701206133000e+15,2.690498485281986318e-01
1.650513701208017000e+15,2.680122325855091026e-01
1.650513701209901000e+15,2.669746166428195733e-01
1.650513701211785000e+15,2.659370007001300440e-01
1.650513701213669250e+15,2.648992470695500367e-01
1.650513701215553250e+15,2.638616311268604520e-01
1.650513701217437250e+15,2.638446955163309404e-01
1.650513701219321250e+15,2.638446955163308849e-01
1.650513701221205500e+15,2.638446955163308294e-01
1.650513701223089500e+15,2.638446955163308294e-01
1.650513701224973500e+15,2.638446955163307739e-01
1.650513701226857750e+15,2.638446955163307184e-01
1.650513701228741750e+15,2.638446955163306629e-01
1.650513701230625750e+15,2.638446955163306629e-01
1.650513701232509750e+15,2.638446955163306074e-01
1.650513701234394000e+15,2.638446955163306074e-01
1.650513701236278000e+15,2.638446955163305518e-01
1.650513701238162000e+15,2.638446955163304963e-01
1.650513701240046000e+15,2.647230444812151973e-01
1.650513701241930250e+15,2.659646266545715454e-01
1.650513701243814250e+15,2.672060440963140993e-01
1.650513701245698250e+15,2.684474615380566531e-01
1.650513701247582250e+15,2.696888789797992070e-01
1.650513701249466500e+15,2.685930693349139475e-01
1.650513701251350500e+15,2.667795813409526429e-01
1.650513701253234500e+15,2.649660933469912827e-01
1.650513701255118750e+15,2.631523647097186447e-01
1.650513701257002750e+15,2.613388767157572845e-01
1.650513701258886750e+15,2.595253887217959798e-01
1.650513701260770750e+15,2.577119007278346197e-01
1.650513701262655000e+15,2.577087723647877304e-01
1.650513701264539000e+15,2.577087723647877304e-01
1.650513701266423000e+15,2.577087723647877304e-01
1.650513701268307000e+15,2.577087723647877304e-01
1.650513701270191250e+15,2.577087723647877304e-01
1.650513701272075250e+15,2.577087723647877304e-01
1.650513701273959250e+15,2.577087723647877304e-01
1.650513701275843250e+15,2.577087723647877304e-01
1.650513701277727500e+15,2.577087723647877304e-01
1.650513701279611500e+15,2.577087723647877304e-01
1.650513701281495500e+15,2.577087723647877859e-01
1.650513701283379750e+15,2.577087723647877304e-01
1.650513701285263750e+15,2.577087723647877304e-01
1.650513701287147750e+15,2.577087723647877304e-01
1.650513701289031750e+15,2.577087723647877304e-01
1.650513701290916000e+15,2.577087723647877304e-01
1.650513701292800000e+15,2.577087723647877859e-01
1.650513701294684000e+15,2.577087723647877304e-01
1.650513701296568000e+15,2.577087723647877304e-01
1.650513701298452250e+15,2.577087723647877304e-01
1.650513701300336250e+15,2.577087723647877304e-01
1.650513701302220250e+15,2.577087723647877304e-01
1.650513701304104250e+15,2.577087723647877304e-01
1.650513701305988500e+15,2.577087723647877859e-01
1.650513701307872500e+15,2.577087723647877304e-01
1.650513701309756500e+15,2.577087723647877304e-01
1.650513701311640750e+15,2.577087723647877304e-01
1.650513701313524750e+15,2.577087723647877304e-01
1.650513701315408750e+15,2.577087723647877304e-01
1.650513701317292750e+15,2.577087723647877304e-01
1.650513701319177000e+15,2.577087723647877304e-01
1.650513701321061000e+15,2.577087723647877304e-01
1.650513701322945000e+15,2.577087723647877304e-01
1.650513701324829000e+15,2.577087723647877304e-01
1.650513701326713250e+15,2.577087723647877304e-01
1.650513701328597250e+15,2.577087723647877304e-01
1.650513701330481250e+15,2.577087723647877304e-01
1.650513701332365250e+15,2.577087723647877304e-01
1.650513701334249500e+15,2.577087723647877304e-01
1.650513701336133500e+15,2.577087723647877304e-01
1.650513701338017500e+15,2.577087723647877304e-01
1.650513701339901750e+15,2.577087723647877304e-01
1.650513701341785750e+15,2.572608791420771257e-01
1.650513701343669750e+15,2.566635824996514326e-01
1.650513701345553750e+15,2.560662858572257949e-01
1.650513701347438000e+15,2.554689099556916032e-01
1.650513701349322000e+15,2.548716133132659656e-01
1.650513701351206000e+15,2.542743166708403280e-01
1.650513701353090000e+15,2.536770200284146903e-01
1.650513701354974250e+15,2.530796441268804431e-01
1.650513701356858250e+15,2.524823474844548055e-01
1.650513701358742250e+15,2.518850508420291678e-01
1.650513701360626250e+15,2.528002385790610873e-01
1.650513701362510500e+15,2.553720577756563026e-01
1.650513701364394500e+15,2.579435357464060496e-01
1.650513701366278500e+15,2.605150137171559077e-01
1.650513701368162750e+15,2.630868329137510675e-01
1.650513701370046750e+15,2.638446955163300522e-01
1.650513701371930750e+15,2.638446955163301078e-01
1.650513701373814750e+15,2.638446955163301633e-01
1.650513701375699000e+15,2.638446955163302743e-01
1.650513701377583000e+15,2.638446955163302743e-01
1.650513701379467000e+15,2.638446955163303298e-01
1.650513701381351000e+15,2.638446955163303853e-01
1.650513701383235250e+15,2.637490953815954664e-01
1.650513701385119250e+15,2.619159080651496940e-01
1.650513701387003250e+15,2.600827207487039217e-01
1.650513701388887250e+15,2.582495334322582048e-01
1.650513701390771500e+15,2.564161028584721058e-01
1.650513701392655500e+15,2.545829155420263334e-01
1.650513701394539500e+15,2.527497282255805611e-01
1.650513701396423750e+15,2.511399988058735655e-01
1.650513701398307750e+15,2.499314176017433387e-01
1.650513701400191750e+15,2.487228363976130840e-01
1.650513701402075750e+15,2.475142551934828572e-01
1.650513701403960000e+15,2.463055136149889801e-01
1.650513701405844000e+15,2.450969324108587533e-01
1.650513701407728000e+15,2.438883512067285264e-01
1.650513701409612000e+15,2.426797700025982996e-01
1.650513701411496250e+15,2.414710284241044502e-01
1.650513701413380250e+15,2.402624472199742234e-01
1.650513701415264250e+15,2.391165997278421051e-01
1.650513701417148250e+15,2.382148071373509646e-01
1.650513701419032500e+15,2.373128948822379458e-01
1.650513701420916500e+15,2.364111022917468330e-01
1.650513701422800500e+15,2.355093097012557202e-01
1.650513701424684750e+15,2.346073974461426737e-01
1.650513701426568750e+15,2.337056048556515886e-01
1.650513701428452750e+15,2.331650797586175550e-01
1.650513701430336750e+15,2.331650797586175550e-01
1.650513701432221000e+15,2.331650797586175827e-01
1.650513701434105000e+15,2.331650797586175550e-01
1.650513701435989000e+15,2.331650797586175550e-01
1.650513701437873000e+15,2.331650797586175550e-01
1.650513701439757250e+15,2.331650797586175550e-01
1.650513701441641250e+15,2.331650797586175550e-01
1.650513701443525250e+15,2.331650797586175550e-01
1.650513701445409250e+15,2.331650797586175550e-01
1.650513701447293500e+15,2.331650797586175550e-01
1.650513701449177500e+15,2.331650797586176382e-01
1.650513701451061500e+15,2.331650797586178048e-01
1.650513701452945750e+15,2.331650797586179713e-01
1.650513701454829750e+15,2.331650797586181378e-01
1.650513701456713750e+15,2.331650797586183044e-01
1.650513701458597750e+15,2.328434386256746647e-01
1.650513701460482000e+15,2.319063650968778423e-01
1.650513701462366000e+15,2.309694158978579104e-01
1.650513701464250000e+15,2.300324666988380340e-01
1.650513701466134000e+15,2.290955174998181576e-01
1.650513701468018250e+15,2.281584439710213352e-01
1.650513701469902250e+15,2.272214947720014311e-01
1.650513701471786250e+15,2.277688515296716898e-01
1.650513701473670250e+15,2.286996147516932310e-01
1.650513701475554500e+15,2.296305014826348911e-01
1.650513701477438500e+15,2.305612647046564045e-01
1.650513701479322500e+15,2.314920279266779457e-01
1.650513701481206750e+15,2.324229146576196059e-01
1.650513701483090750e+15,2.331650797586184154e-01
1.650513701484974750e+15,2.331650797586182766e-01
1.650513701486858750e+15,2.331650797586180546e-01
1.650513701488743000e+15,2.331650797586178880e-01
1.650513701490627000e+15,2.331650797586177770e-01
1.650513701492511000e+15,2.331650797586176105e-01
1.650513701494395000e+15,2.331650797586175827e-01
1.650513701496279250e+15,2.331650797586175550e-01
1.650513701498163250e+15,2.331650797586175550e-01
1.650513701500047250e+15,2.331650797586175550e-01
1.650513701501931250e+15,2.331650797586175550e-01
1.650513701503815500e+15,2.331650797586175550e-01
1.650513701505699500e+15,2.331650797586175550e-01
1.650513701507583500e+15,2.331650797586175550e-01
1.650513701509467750e+15,2.331650797586175550e-01
1.650513701511351750e+15,2.331650797586175550e-01
1.650513701513235750e+15,2.331650797586175550e-01
1.650513701515119750e+15,2.331650797586175550e-01
1.650513701517004000e+15,2.331650797586175550e-01
1.650513701518888000e+15,2.331650797586175550e-01
1.650513701520772000e+15,2.331650797586175550e-01
1.650513701522656000e+15,2.331650797586175550e-01
1.650513701524540250e+15,2.331650797586175827e-01
1.650513701526424250e+15,2.331650797586175550e-01
1.650513701528308250e+15,2.331650797586175827e-01
1.650513701530192250e+15,2.331650797586175827e-01
1.650513701532076500e+15,2.331650797586175550e-01
1.650513701533960500e+15,2.331650797586175550e-01
1.650513701535844500e+15,2.331650797586175550e-01
1.650513701537728750e+15,2.323932613661615632e-01
1.650513701539612750e+15,2.313964450155962527e-01
1.650513701541496750e+15,2.303996286650309977e-01
1.650513701543380750e+15,2.294028123144656872e-01
1.650513701545265000e+15,2.284058636899685135e-01
1.650513701547149000e+15,2.274090473394032030e-01
1.650513701549033000e+15,2.270291566070752332e-01
1.650513701550917000e+15,2.270291566070752332e-01
1.650513701552801250e+15,2.270291566070752332e-01
1.650513701554685250e+15,2.270291566070752332e-01
1.650513701556569250e+15,2.270291566070752332e-01
1.650513701558453250e+15,2.270291566070752332e-01
1.650513701560337500e+15,2.270291566070752609e-01
1.650513701562221500e+15,2.270291566070752054e-01
1.650513701564105500e+15,2.270291566070752332e-01
1.650513701565989750e+15,2.270291566070752332e-01
1.650513701567873750e+15,2.270291566070752332e-01
1.650513701569757750e+15,2.270291566070752332e-01
1.650513701571641750e+15,2.270291566070752332e-01
1.650513701573526000e+15,2.270291566070752609e-01
1.650513701575410000e+15,2.270291566070752332e-01
1.650513701577294000e+15,2.270291566070752609e-01
1.650513701579178000e+15,2.270291566070752609e-01
1.650513701581062250e+15,2.270291566070752054e-01
1.650513701582946250e+15,2.270291566070751221e-01
1.650513701584830250e+15,2.270291566070750389e-01
1.650513701586714250e+15,2.270291566070749834e-01
1.650513701588598500e+15,2.270291566070749001e-01
1.650513701590482500e+15,2.270291566070748446e-01
1.650513701592366500e+15,2.270291566070747891e-01
1.650513701594250750e+15,2.270291566070746780e-01
1.650513701596134750e+15,2.270291566070746225e-01
1.650513701598018750e+15,2.270291566070745393e-01
1.650513701599902750e+15,2.270291566070745115e-01
1.650513701601787000e+15,2.270291566070744282e-01
1.650513701603671000e+15,2.269800506132748918e-01
1.650513701605555000e+15,2.260062012204518966e-01
1.650513701607439000e+15,2.250323518276289014e-01
1.650513701609323250e+15,2.240583732085064395e-01
1.650513701611207250e+15,2.230845238156834720e-01
1.650513701613091250e+15,2.221106744228604768e-01
1.650513701614975250e+15,2.211368250300374538e-01
1.650513701616859500e+15,2.201628464109149919e-01
1.650513701618743500e+15,2.191889970180920244e-01
1.650513701620627500e+15,2.182151476252690570e-01
1.650513701622511750e+15,2.172411690061465672e-01
1.650513701624395750e+15,2.162673196133235720e-01
1.650513701626279750e+15,2.152934702205005768e-01
1.650513701628163750e+15,2.153477856908032340e-01
1.650513701630048000e+15,2.166617546870861777e-01
1.650513701631932000e+15,2.179755493475596106e-01
1.650513701633816000e+15,2.192893440080330714e-01
1.650513701635700000e+15,2.206031386685064766e-01
1.650513701637584250e+15,2.204690976254278789e-01
1.650513701639468250e+15,2.199248633983431900e-01
1.650513701641352250e+15,2.193806291712585010e-01
1.650513701643236250e+15,2.188363949441738399e-01
1.650513701645120500e+15,2.182920884991715327e-01
1.650513701647004500e+15,2.177478542720868715e-01
1.650513701648888500e+15,2.172036200450021548e-01
1.650513701650772750e+15,2.166593135999999031e-01
1.650513701652656750e+15,2.161150793729152142e-01
1.650513701654540750e+15,2.155708451458304975e-01
1.650513701656424750e+15,2.150266109187458363e-01
1.650513701658309000e+15,2.150093119795841168e-01
1.650513701660193000e+15,2.155080211779234201e-01
1.650513701662077000e+15,2.160067303762627788e-01
1.650513701663961000e+15,2.165054395746021099e-01
1.650513701665845250e+15,2.170042149498520589e-01
1.650513701667729250e+15,2.175029241481913900e-01
1.650513701669613250e+15,2.180016333465307210e-01
1.650513701671497250e+15,2.185003425448700520e-01
1.650513701673381500e+15,2.189991179201200011e-01
1.650513701675265500e+15,2.194978271184593321e-01
1.650513701677149500e+15,2.199965363167986632e-01
1.650513701679033750e+15,2.204953116920485845e-01
1.650513701680917750e+15,2.207891270101891290e-01
1.650513701682801750e+15,2.202739949208211978e-01
1.650513701684685750e+15,2.197588628314532944e-01
1.650513701686570000e+15,2.192436623859163602e-01
1.650513701688454000e+15,2.187285302965484290e-01
1.650513701690338000e+15,2.182133982071804978e-01
1.650513701692222000e+15,2.176982661178125666e-01
1.650513701694106250e+15,2.171830656722756603e-01
1.650513701695990250e+15,2.166679335829077568e-01
1.650513701697874250e+15,2.161528014935398256e-01
1.650513701699758250e+15,2.156376694041718944e-01
1.650513701701642500e+15,2.151224689586349881e-01
1.650513701703526500e+15,2.147573103039901454e-01
1.650513701705410500e+15,2.147573103039901454e-01
1.650513701707294750e+15,2.147573103039901454e-01
1.650513701709178750e+15,2.147573103039901454e-01
1.650513701711062750e+15,2.147573103039901454e-01
1.650513701712946750e+15,2.147573103039901732e-01
1.650513701714831000e+15,2.147573103039901177e-01
1.650513701716715000e+15,2.147573103039901454e-01
1.650513701718599000e+15,2.147573103039901454e-01
1.650513701720483000e+15,2.147573103039901454e-01
1.650513701722367250e+15,2.147573103039901454e-01
1.650513701724251250e+15,2.147573103039901177e-01
1.650513701726135250e+15,2.147573103039901177e-01
1.650513701728019250e+15,2.147573103039901454e-01
1.650513701729903500e+15,2.147573103039901454e-01
1.650513701731787500e+15,2.147573103039901177e-01
1.650513701733671500e+15,2.147573103039901454e-01
1.650513701735555750e+15,2.147573103039901732e-01
1.650513701737439750e+15,2.147573103039901177e-01
1.650513701739323750e+15,2.147573103039900622e-01
1.650513701741207750e+15,2.147573103039900344e-01
1.650513701743092000e+15,2.147573103039900067e-01
1.650513701744976000e+15,2.147573103039899789e-01
1.650513701746860000e+15,2.147573103039899234e-01
1.650513701748744000e+15,2.147573103039898956e-01
1.650513701750628250e+15,2.147573103039898401e-01
1.650513701752512250e+15,2.147573103039898124e-01
1.650513701754396250e+15,2.147573103039897846e-01
1.650513701756280250e+15,2.147573103039897291e-01
1.650513701758164500e+15,2.147573103039897569e-01
1.650513701760048500e+15,2.147573103039898124e-01
1.650513701761932500e+15,2.147573103039899234e-01
1.650513701763816750e+15,2.147573103039899789e-01
1.650513701765700750e+15,2.147573103039900622e-01
1.650513701767584750e+15,2.147573103039901177e-01
1.650513701769468750e+15,2.147573103039901454e-01
1.650513701771353000e+15,2.147573103039901454e-01
1.650513701773237000e+15,2.147573103039901454e-01
1.650513701775121000e+15,2.147573103039901454e-01
1.650513701777005000e+15,2.147573103039901454e-01
1.650513701778889250e+15,2.147573103039901454e-01
1.650513701780773250e+15,2.147573103039901454e-01
1.650513701782657250e+15,2.147573103039901177e-01
1.650513701784541250e+15,2.147573103039901177e-01
1.650513701786425500e+15,2.147573103039901177e-01
1.650513701788309500e+15,2.147573103039901454e-01
1.650513701790193500e+15,2.147573103039901454e-01
1.650513701792077750e+15,2.147573103039900344e-01
1.650513701793961750e+15,2.147573103039899789e-01
1.650513701795845750e+15,2.147573103039899234e-01
1.650513701797729750e+15,2.147573103039898124e-01
1.650513701799614000e+15,2.147573103039897569e-01
1.650513701801498000e+15,2.147573103039897013e-01
1.650513701803382000e+15,2.147573103039897291e-01
1.650513701805266000e+15,2.147573103039897846e-01
1.650513701807150250e+15,2.147573103039898124e-01
1.650513701809034250e+15,2.147573103039898679e-01
1.650513701810918250e+15,2.147573103039899234e-01
1.650513701812802250e+15,2.147573103039899234e-01
1.650513701814686500e+15,2.147573103039899511e-01
1.650513701816570500e+15,2.147573103039899789e-01
1.650513701818454500e+15,2.147573103039900344e-01
1.650513701820338750e+15,2.147573103039900622e-01
1.650513701822222750e+15,2.147573103039900899e-01
1.650513701824106750e+15,2.147573103039901177e-01
1.650513701825990750e+15,2.147573103039901177e-01
1.650513701827875000e+15,2.147573103039901454e-01
1.650513701829759000e+15,2.147573103039901177e-01
1.650513701831643000e+15,2.147573103039901454e-01
1.650513701833527000e+15,2.147573103039901177e-01
1.650513701835411250e+15,2.147573103039901454e-01
1.650513701837295250e+15,2.147573103039901454e-01
1.650513701839179250e+15,2.147573103039901454e-01
1.650513701841063250e+15,2.147573103039901454e-01
1.650513701842947500e+15,2.147573103039901454e-01
1.650513701844831500e+15,2.147573103039901454e-01
1.650513701846715500e+15,2.147573103039901454e-01
1.650513701848599750e+15,2.147573103039901454e-01
1.650513701850483750e+15,2.147573103039901454e-01
1.650513701852367750e+15,2.147573103039901177e-01
1.650513701854251750e+15,2.147573103039901454e-01
1.650513701856136000e+15,2.147573103039901454e-01
1.650513701858020000e+15,2.147573103039901454e-01
1.650513701859904000e+15,2.147573103039900899e-01
1.650513701861788000e+15,2.147573103039900344e-01
1.650513701863672250e+15,2.147573103039899511e-01
1.650513701865556250e+15,2.147573103039898679e-01
1.650513701867440250e+15,2.147573103039898401e-01
1.650513701869324250e+15,2.147573103039897569e-01
1.650513701871208500e+15,2.147573103039897013e-01
1.650513701873092500e+15,2.147573103039897013e-01
1.650513701874976500e+15,2.147573103039897013e-01
1.650513701876860750e+15,2.147573103039897013e-01
1.650513701878744750e+15,2.147573103039897013e-01
1.650513701880628750e+15,2.147573103039897013e-01
1.650513701882512750e+15,2.147573103039897013e-01
1.650513701884397000e+15,2.147573103039897013e-01
1.650513701886281000e+15,2.147573103039897291e-01
1.650513701888165000e+15,2.147573103039897013e-01
1.650513701890049000e+15,2.147573103039897013e-01
1.650513701891933250e+15,2.147573103039897291e-01
1.650513701893817250e+15,2.147573103039896181e-01
1.650513701895701250e+15,2.147573103039895626e-01
1.650513701897585250e+15,2.147573103039894793e-01
1.650513701899469500e+15,2.147573103039893960e-01
1.650513701901353500e+15,2.147573103039893128e-01
1.650513701903237500e+15,2.147573103039892850e-01
1.650513701905121750e+15,2.147573103039893128e-01
1.650513701907005750e+15,2.147573103039893683e-01
1.650513701908889750e+15,2.147573103039893960e-01
1.650513701910773750e+15,2.147573103039894238e-01
1.650513701912658000e+15,2.147573103039894793e-01
1.650513701914542000e+15,2.147573103039894793e-01
1.650513701916426000e+15,2.147573103039895348e-01
1.650513701918310000e+15,2.147573103039895626e-01
1.650513701920194250e+15,2.147573103039896181e-01
1.650513701922078250e+15,2.147573103039896458e-01
1.650513701923962250e+15,2.147573103039896736e-01
1.650513701925846250e+15,2.147573103039896736e-01
1.650513701927730500e+15,2.147573103039896181e-01
1.650513701929614500e+15,2.147573103039895348e-01
1.650513701931498500e+15,2.147573103039894793e-01
1.650513701933382750e+15,2.147573103039893960e-01
1.650513701935266750e+15,2.147573103039893128e-01
1.650513701937150750e+15,2.146660368409205877e-01
1.650513701939034750e+15,2.141397653660274125e-01
1.650513701940919000e+15,2.136134240568089704e-01
1.650513701942803000e+15,2.130871525819157952e-01
1.650513701944687000e+15,2.125608811070225646e-01
1.650513701946571000e+15,2.120346096321293894e-01
1.650513701948455250e+15,2.115082683229109195e-01
1.650513701950339250e+15,2.109819968480177166e-01
1.650513701952223250e+15,2.104557253731245414e-01
1.650513701954107250e+15,2.099294538982313385e-01
1.650513701955991500e+15,2.094031125890128964e-01
1.650513701957875500e+15,2.088768411141197212e-01
1.650513701959759500e+15,2.086213871524477681e-01
1.650513701961643750e+15,2.086213871524476293e-01
1.650513701963527750e+15,2.086213871524474628e-01
1.650513701965411750e+15,2.086213871524473240e-01
1.650513701967295750e+15,2.086213871524472130e-01
1.650513701969180000e+15,2.086213871524470742e-01
1.650513701971064000e+15,2.086307956724850476e-01
1.650513701972948000e+15,2.096155541031441139e-01
1.650513701974832000e+15,2.106003125338031801e-01
1.650513701976716250e+15,2.115852016383516498e-01
1.650513701978600250e+15,2.125699600690106883e-01
1.650513701980484250e+15,2.135547184996697545e-01
1.650513701982368250e+15,2.145394769303287930e-01
1.650513701984252500e+15,2.138512003945669260e-01
1.650513701986136500e+15,2.126879219827423617e-01
1.650513701988020500e+15,2.115246435709178252e-01
1.650513701989904750e+15,2.103612107962466449e-01
1.650513701991788750e+15,2.091979323844220806e-01
1.650513701993672750e+15,2.080346539725975441e-01
1.650513701995556750e+15,2.068713755607729798e-01
1.650513701997441000e+15,2.057079427861018273e-01
1.650513701999325000e+15,2.045446643742772908e-01
1.650513702001209000e+15,2.033813859624526987e-01
1.650513702003093000e+15,2.029850606019981685e-01
1.650513702004977250e+15,2.051591134786988069e-01
1.650513702006861250e+15,2.073328779047059756e-01
1.650513702008745250e+15,2.095066423307131442e-01
1.650513702010629250e+15,2.116804067567203407e-01
1.650513702012513500e+15,2.138544596334210068e-01
1.650513702014397500e+15,2.141730503323931445e-01
1.650513702016281500e+15,2.131737350473390524e-01
1.650513702018165750e+15,2.121742871567535160e-01
1.650513702020049750e+15,2.111749718716994240e-01
1.650513702021933750e+15,2.101756565866453319e-01
1.650513702023817750e+15,2.091763413015912398e-01
1.650513702025702000e+15,2.086213871524469354e-01
1.650513702027586000e+15,2.086213871524469354e-01
1.650513702029470000e+15,2.086213871524469354e-01
1.650513702031354000e+15,2.086213871524469354e-01
1.650513702033238250e+15,2.086213871524469354e-01
1.650513702035122250e+15,2.086213871524469354e-01
1.650513702037006250e+15,2.086213871524469354e-01
1.650513702038890250e+15,2.086213871524469354e-01
1.650513702040774500e+15,2.086213871524469354e-01
1.650513702042658500e+15,2.086213871524469354e-01
1.650513702044542500e+15,2.086213871524469354e-01
1.650513702046426750e+15,2.086213871524469354e-01
1.650513702048310750e+15,2.081371876084102124e-01
1.650513702050194750e+15,2.076143436817931287e-01
1.650513702052078750e+15,2.070914997551760173e-01
1.650513702053963000e+15,2.065685864490570123e-01
1.650513702055847000e+15,2.060457425224399008e-01
1.650513702057731000e+15,2.055228985958227894e-01
1.650513702059615000e+15,2.050000546692056780e-01
1.650513702061499250e+15,2.044771413630866452e-01
1.650513702063383250e+15,2.039542974364695616e-01
1.650513702065267250e+15,2.034314535098524501e-01
1.650513702067151250e+15,2.029086095832353387e-01
1.650513702069035500e+15,2.024854640009054463e-01
1.650513702070919500e+15,2.024854640009052520e-01
1.650513702072803500e+15,2.024854640009050022e-01
1.650513702074687750e+15,2.024854640009047801e-01
1.650513702076571750e+15,2.024854640009045303e-01
1.650513702078455750e+15,2.024854640009043083e-01
1.650513702080339750e+15,2.024854640009041973e-01
1.650513702082224000e+15,2.024854640009042805e-01
1.650513702084108000e+15,2.024854640009043916e-01
1.650513702085992000e+15,2.024854640009045026e-01
1.650513702087876000e+15,2.024854640009045581e-01
1.650513702089760250e+15,2.024854640009047246e-01
1.650513702091644250e+15,2.024854640009047801e-01
1.650513702093528250e+15,2.024854640009048912e-01
1.650513702095412250e+15,2.024854640009050022e-01
1.650513702097296500e+15,2.024854640009051132e-01
1.650513702099180500e+15,2.024854640009051687e-01
1.650513702101064500e+15,2.024854640009053075e-01
1.650513702102948750e+15,2.024854640009054185e-01
1.650513702104832750e+15,2.024854640009054740e-01
1.650513702106716750e+15,2.029876741266657958e-01
1.650513702108600750e+15,2.034953408614383896e-01
1.650513702110485000e+15,2.040030749617543493e-01
1.650513702112369000e+15,2.045107416965269431e-01
1.650513702114253000e+15,2.050184084312995092e-01
1.650513702116137000e+15,2.055260751660721030e-01
1.650513702118021250e+15,2.060338092663880349e-01
1.650513702119905250e+15,2.065414760011606288e-01
1.650513702121789250e+15,2.070491427359332226e-01
1.650513702123673250e+15,2.075568094707058164e-01
1.650513702125557500e+15,2.080645435710217761e-01
1.650513702127441500e+15,2.085722103057943422e-01
1.650513702129325500e+15,2.086213871524481844e-01
1.650513702131209750e+15,2.086213871524480734e-01
1.650513702133093750e+15,2.086213871524479346e-01
1.650513702134977750e+15,2.086213871524477959e-01
1.650513702136861750e+15,2.086213871524476571e-01
1.650513702138746000e+15,2.086213871524476016e-01
1.650513702140630000e+15,2.086213871524474628e-01
1.650513702142514000e+15,2.068743114964908814e-01
1.650513702144398000e+15,2.030778979603640177e-01
1.650513702146282250e+15,1.992809806538634321e-01
1.650513702148166250e+15,1.954845671177365962e-01
1.650513702150050250e+15,1.916881535816097326e-01
1.650513702151934250e+15,1.878917400454828412e-01
1.650513702153818500e+15,1.840948227389822556e-01
1.650513702155702500e+15,1.802984092028553920e-01
1.650513702157586500e+15,1.765019956667285006e-01
1.650513702159470750e+15,1.727050783602279704e-01
1.650513702161354750e+15,1.689086648241010791e-01
1.650513702163238750e+15,1.659429232399853016e-01
1.650513702165122750e+15,1.678013821793376270e-01
1.650513702167007000e+15,1.696600877294834053e-01
1.650513702168891000e+15,1.715185466688357585e-01
1.650513702170775000e+15,1.733770056081880839e-01
1.650513702172659000e+15,1.752354645475404094e-01
1.650513702174543250e+15,1.770941700976861877e-01
1.650513702176427250e+15,1.789526290370385131e-01
1.650513702178311250e+15,1.808110879763908663e-01
1.650513702180195250e+15,1.826695469157432195e-01
1.650513702182079500e+15,1.845282524658889700e-01
1.650513702183963500e+15,1.863867114052413232e-01
1.650513702185847500e+15,1.882451703445936209e-01
1.650513702187731750e+15,1.901038758947394269e-01
1.650513702189615750e+15,1.902136176978194426e-01
1.650513702191499750e+15,1.902136176978193871e-01
1.650513702193383750e+15,1.902136176978193038e-01
1.650513702195268000e+15,1.902136176978192206e-01
1.650513702197152000e+15,1.902136176978191651e-01
1.650513702199036000e+15,1.900341568754430610e-01
1.650513702200920000e+15,1.877496691095212611e-01
1.650513702202804250e+15,1.854648782003184282e-01
1.650513702204688250e+15,1.831803904343966560e-01
1.650513702206572250e+15,1.808959026684748561e-01
1.650513702208456250e+15,1.786114149025530839e-01
1.650513702210340500e+15,1.763266239933502511e-01
1.650513702212224500e+15,1.740421362274284234e-01
1.650513702214108500e+15,1.717576484615066512e-01
1.650513702215992750e+15,1.694728575523038183e-01
1.650513702217876750e+15,1.671883697863820462e-01
1.650513702219760750e+15,1.656699250916497945e-01
1.650513702221644750e+15,1.656699250916496835e-01
1.650513702223529000e+15,1.656699250916495725e-01
1.650513702225413000e+15,1.656699250916494892e-01
1.650513702227297000e+15,1.656699250916494059e-01
1.650513702229181000e+15,1.661028469677638120e-01
1.650513702231065250e+15,1.671818589321403259e-01
1.650513702232949250e+15,1.682607277345207764e-01
1.650513702234833250e+15,1.693395965369012268e-01
1.650513702236717250e+15,1.704184653392816773e-01
1.650513702238601500e+15,1.714974773036581912e-01
1.650513702240485500e+15,1.725763461060386694e-01
1.650513702242369500e+15,1.736552149084191199e-01
1.650513702244253750e+15,1.747342268727956616e-01
1.650513702246137750e+15,1.758130956751760843e-01
1.650513702248021750e+15,1.768919644775565347e-01
1.650513702249905750e+15,1.779907641732026147e-01
1.650513702251790000e+15,1.798097719136514949e-01
1.650513702253674000e+15,1.816285383103641293e-01
1.650513702255558000e+15,1.834473047070767082e-01
1.650513702257442000e+15,1.852660711037893149e-01
1.650513702259326250e+15,1.870850788442382229e-01
1.650513702261210250e+15,1.889038452409508295e-01
1.650513702263094250e+15,1.896266331234471858e-01
1.650513702264978250e+15,1.875291861094752766e-01
1.650513702266862500e+15,1.854314607718550167e-01
1.650513702268746500e+15,1.833340137578831075e-01
1.650513702270630500e+15,1.812365667439111983e-01
1.650513702272514750e+15,1.791388414062909384e-01
1.650513702274398750e+15,1.770413943923190292e-01
1.650513702276282750e+15,1.749439473783471199e-01
1.650513702278166750e+15,1.728465003643752385e-01
1.650513702280051000e+15,1.707487750267549786e-01
1.650513702281935000e+15,1.686513280127830694e-01
1.650513702283819000e+15,1.665538809988111324e-01
1.650513702285703000e+15,1.668472101180847045e-01
1.650513702287587250e+15,1.688823471007100951e-01
1.650513702289471250e+15,1.709172140638340331e-01
1.650513702291355250e+15,1.729520810269579711e-01
1.650513702293239250e+15,1.749869479900818814e-01
1.650513702295123500e+15,1.770220849727072443e-01
1.650513702297007500e+15,1.783992958154734243e-01
1.650513702298891500e+15,1.792341394074069838e-01
1.650513702300775750e+15,1.800690937800719649e-01
1.650513702302659750e+15,1.809039373720055244e-01
1.650513702304543750e+15,1.817387809639390839e-01
1.650513702306427750e+15,1.825736245558726711e-01
1.650513702308312000e+15,1.834085789285376522e-01
1.650513702310196000e+15,1.838823561687927544e-01
1.650513702312080000e+15,1.828983521495975706e-01
1.650513702313964000e+15,1.819143481304024146e-01
1.650513702315848250e+15,1.809302135374254994e-01
1.650513702317732250e+15,1.799462095182303156e-01
1.650513702319616250e+15,1.789622054990351596e-01
1.650513702321500250e+15,1.779782014798399759e-01
1.650513702323384500e+15,1.779417713947344382e-01
1.650513702325268500e+15,1.779417713947344382e-01
1.650513702327152500e+15,1.779417713947344382e-01
1.650513702329036750e+15,1.779417713947344382e-01
1.650513702330920750e+15,1.779417713947344382e-01
1.650513702332804750e+15,1.779417713947344659e-01
1.650513702334688750e+15,1.779417713947344382e-01
1.650513702336573000e+15,1.779417713947344937e-01
1.650513702338457000e+15,1.779417713947345492e-01
1.650513702340341000e+15,1.779417713947345769e-01
1.650513702342225000e+15,1.779417713947346602e-01
1.650513702344109250e+15,1.779417713947346602e-01
1.650513702345993250e+15,1.779417713947347157e-01
1.650513702347877250e+15,1.779417713947347712e-01
1.650513702349761250e+15,1.779417713947347712e-01
1.650513702351645500e+15,1.779417713947348267e-01
1.650513702353529500e+15,1.779417713947348545e-01
1.650513702355413500e+15,1.792435763552392980e-01
1.650513702357297750e+15,1.808504718657735211e-01
1.650513702359181750e+15,1.824571541753642889e-01
1.650513702361065750e+15,1.840638364849551123e-01
1.650513702362949750e+15,1.831553307260523344e-01
1.650513702364834000e+15,1.822248185974169876e-01
1.650513702366718000e+15,1.812944299279999616e-01
1.650513702368602000e+15,1.803640412585829078e-01
1.650513702370486000e+15,1.794336525891658818e-01
1.650513702372370250e+15,1.785031404605305350e-01
1.650513702374254250e+15,1.779417713947344382e-01
1.650513702376138250e+15,1.779417713947344382e-01
1.650513702378022250e+15,1.779417713947344382e-01
1.650513702379906500e+15,1.779417713947344382e-01
1.650513702381790500e+15,1.779417713947344382e-01
1.650513702383674500e+15,1.779417713947344104e-01
1.650513702385558750e+15,1.786463062820313197e-01
1.650513702387442750e+15,1.795122946869684988e-01
1.650513702389326750e+15,1.803782830919055946e-01
1.650513702391210750e+15,1.812442714968427182e-01
1.650513702393095000e+15,1.821103748153155566e-01
1.650513702394979000e+15,1.829763632202526802e-01
1.650513702396863000e+15,1.838423516251898038e-01
1.650513702398747000e+15,1.831026555650495380e-01
1.650513702400631250e+15,1.817635759729376577e-01
1.650513702402515250e+15,1.804246740482786659e-01
1.650513702404399250e+15,1.790857721236196742e-01
1.650513702406283250e+15,1.779417713947344382e-01
1.650513702408167500e+15,1.779417713947344382e-01
1.650513702410051500e+15,1.779417713947344382e-01
1.650513702411935500e+15,1.779417713947344382e-01
1.650513702413819750e+15,1.779417713947344382e-01
1.650513702415703750e+15,1.779417713947344382e-01
1.650513702417587750e+15,1.779417713947344382e-01
1.650513702419471750e+15,1.779417713947344382e-01
1.650513702421356000e+15,1.779417713947344382e-01
1.650513702423240000e+15,1.779417713947344382e-01
1.650513702425124000e+15,1.779417713947344382e-01
1.650513702427008000e+15,1.779417713947344382e-01
1.650513702428892250e+15,1.779417713947344104e-01
1.650513702430776250e+15,1.779417713947343826e-01
1.650513702432660250e+15,1.779417713947343271e-01
1.650513702434544250e+15,1.779417713947342716e-01
1.650513702436428500e+15,1.779417713947342161e-01
1.650513702438312500e+15,1.779417713947341606e-01
1.650513702440196500e+15,1.779417713947341051e-01
1.650513702442080750e+15,1.779417713947340773e-01
1.650513702443964750e+15,1.779417713947340496e-01
1.650513702445848750e+15,1.774235474975552895e-01
1.650513702447732750e+15,1.756312871537558662e-01
1.650513702449617000e+15,1.738387889834777378e-01
1.650513702451501000e+15,1.720465286396783422e-01
1.650513702453385000e+15,1.702542682958789189e-01
1.650513702455269000e+15,1.684620079520795233e-01
1.650513702457153250e+15,1.666695097818013671e-01
1.650513702459037250e+15,1.652818305139942268e-01
1.650513702460921250e+15,1.644043385436355087e-01
1.650513702462805250e+15,1.635268465732767906e-01
1.650513702464689500e+15,1.626492381629007777e-01
1.650513702466573500e+15,1.617717461925420597e-01
1.650513702468457500e+15,1.608942542221833416e-01
1.650513702470341750e+15,1.600166458118073287e-01
1.650513702472225750e+15,1.595340019401065290e-01
1.650513702474109750e+15,1.595340019401064735e-01
1.650513702475993750e+15,1.595340019401063902e-01
1.650513702477878000e+15,1.595340019401063070e-01
1.650513702479762000e+15,1.595340019401062515e-01
1.650513702481646000e+15,1.595340019401061682e-01
1.650513702483530000e+15,1.595340019401061404e-01
1.650513702485414250e+15,1.595340019401061404e-01
1.650513702487298250e+15,1.595340019401061404e-01
1.650513702489182250e+15,1.595340019401061404e-01
1.650513702491066250e+15,1.595340019401061404e-01
1.650513702492950500e+15,1.595340019401061404e-01
1.650513702494834500e+15,1.595340019401061404e-01
1.650513702496718500e+15,1.576881160445112451e-01
1.650513702498602750e+15,1.548978148020124790e-01
1.650513702500486750e+15,1.521078837732914302e-01
1.650513702502370750e+15,1.493179527445703259e-01
1.650513702504254750e+15,1.475469362298574560e-01
1.650513702506139000e+15,1.486293322602178224e-01
1.650513702508023000e+15,1.497115846795883387e-01
1.650513702509907000e+15,1.507938370989588273e-01
1.650513702511791000e+15,1.518760895183293436e-01
1.650513702513675250e+15,1.529584855486896822e-01
1.650513702515559250e+15,1.540407379680601985e-01
1.650513702517443250e+15,1.551229903874307425e-01
1.650513702519327250e+15,1.562052428068012311e-01
1.650513702521211500e+15,1.572876388371615697e-01
1.650513702523095500e+15,1.583698912565321137e-01
1.650513702524979500e+15,1.594521436759026023e-01
1.650513702526863750e+15,1.585042038914268037e-01
1.650513702528747750e+15,1.573903014807979950e-01
1.650513702530631750e+15,1.562763990701691585e-01
1.650513702532515750e+15,1.551624966595403776e-01
1.650513702534400000e+15,1.540484464380821317e-01
1.650513702536284000e+15,1.529961266035032852e-01
1.650513702538168000e+15,1.520302108934843410e-01
1.650513702540052000e+15,1.510642951834654246e-01
1.650513702541936250e+15,1.500982512999181062e-01
1.650513702543820250e+15,1.491323355898991621e-01
1.650513702545704250e+15,1.481664198798802456e-01
1.650513702547588250e+15,1.472291734386855511e-01
1.650513702549472500e+15,1.467123609046774579e-01
1.650513702551356500e+15,1.461956169407282735e-01
1.650513702553240500e+15,1.456788729767790613e-01
1.650513702555124750e+15,1.451620604427709682e-01
1.650513702557008750e+15,1.446453164788217838e-01
1.650513702558892750e+15,1.441285725148725994e-01
1.650513702560776750e+15,1.436118285509233872e-01
1.650513702562661000e+15,1.430950160169152663e-01
1.650513702564545000e+15,1.425782720529660819e-01
1.650513702566429000e+15,1.420615280890168974e-01
1.650513702568313000e+15,1.415447841250676853e-01
1.650513702570197250e+15,1.413281610606243743e-01
1.650513702572081250e+15,1.423900827230814292e-01
1.650513702573965250e+15,1.434520043855384563e-01
1.650513702575849250e+15,1.445139260479955112e-01
1.650513702577733500e+15,1.455759886236243639e-01
1.650513702579617500e+15,1.466379102860813910e-01
1.650513702581501500e+15,1.472621556370214968e-01
1.650513702583385750e+15,1.472621556370214968e-01
1.650513702585269750e+15,1.472621556370214968e-01
1.650513702587153750e+15,1.472621556370214968e-01
1.650513702589037750e+15,1.472621556370214968e-01
1.650513702590922000e+15,1.472621556370214968e-01
1.650513702592806000e+15,1.462687781475318638e-01
1.650513702594690000e+15,1.452313484412133815e-01
1.650513702596574000e+15,1.441939187348949269e-01
1.650513702598458250e+15,1.431563513653988928e-01
1.650513702600342250e+15,1.421189216590804105e-01
1.650513702602226250e+15,1.411262324854787309e-01
1.650513702604110250e+15,1.411262324854786476e-01
1.650513702605994500e+15,1.411262324854786199e-01
1.650513702607878500e+15,1.411262324854785366e-01
1.650513702609762500e+15,1.411262324854784811e-01
1.650513702611646750e+15,1.411262324854783978e-01
1.650513702613530750e+15,1.411262324854783423e-01
1.650513702615414750e+15,1.411262324854782590e-01
1.650513702617298750e+15,1.411262324854782868e-01
1.650513702619183000e+15,1.411262324854782868e-01
1.650513702621067000e+15,1.411262324854782868e-01
1.650513702622951000e+15,1.411262324854782868e-01
1.650513702624835000e+15,1.411262324854782868e-01
1.650513702626719250e+15,1.411262324854782868e-01
1.650513702628603250e+15,1.411262324854782868e-01
1.650513702630487250e+15,1.411262324854782868e-01
1.650513702632371250e+15,1.411262324854782868e-01
1.650513702634255500e+15,1.411262324854782868e-01
1.650513702636139500e+15,1.411262324854782868e-01
1.650513702638023500e+15,1.411262324854782313e-01
1.650513702639907750e+15,1.411262324854781758e-01
1.650513702641791750e+15,1.411262324854781203e-01
1.650513702643675750e+15,1.411262324854780648e-01
1.650513702645559750e+15,1.411262324854779815e-01
1.650513702647444000e+15,1.411262324854779260e-01
1.650513702649328000e+15,1.411262324854778705e-01
1.650513702651212000e+15,1.411262324854778427e-01
1.650513702653096000e+15,1.411262324854779260e-01
1.650513702654980250e+15,1.411262324854779537e-01
1.650513702656864250e+15,1.411262324854780092e-01
1.650513702658748250e+15,1.411262324854780370e-01
1.650513702660632250e+15,1.411262324854780648e-01
1.650513702662516500e+15,1.411262324854781203e-01
1.650513702664400500e+15,1.411262324854781758e-01
1.650513702666284500e+15,1.411262324854782035e-01
1.650513702668168750e+15,1.411262324854782590e-01
1.650513702670052750e+15,1.411262324854782868e-01
1.650513702671936750e+15,1.411262324854782035e-01
1.650513702673820750e+15,1.411262324854781203e-01
1.650513702675705000e+15,1.411262324854780370e-01
1.650513702677589000e+15,1.411262324854779537e-01
1.650513702679473000e+15,1.411262324854778982e-01
1.650513702681357000e+15,1.411262324854778705e-01
1.650513702683241250e+15,1.411262324854779537e-01
1.650513702685125250e+15,1.411262324854780092e-01
1.650513702687009250e+15,1.411262324854780648e-01
1.650513702688893250e+15,1.411262324854781203e-01
1.650513702690777500e+15,1.411262324854782035e-01
1.650513702692661500e+15,1.411262324854782868e-01
1.650513702694545500e+15,1.411262324854783701e-01
1.650513702696429750e+15,1.411262324854784256e-01
1.650513702698313750e+15,1.411262324854785088e-01
1.650513702700197750e+15,1.411262324854785644e-01
1.650513702702081750e+15,1.411262324854786476e-01
1.650513702703966000e+15,1.411262324854787309e-01
1.650513702705850000e+15,1.405209423948530212e-01
1.650513702707734000e+15,1.396115591964967040e-01
1.650513702709618000e+15,1.387021759981403590e-01
1.650513702711502250e+15,1.377926721279158495e-01
1.650513702713386250e+15,1.368832889295595323e-01
1.650513702715270250e+15,1.359739057312032151e-01
1.650513702717154250e+15,1.350645225328468702e-01
1.650513702719038500e+15,1.316827976486252272e-01
1.650513702720922500e+15,1.280819007892630423e-01
1.650513702722806500e+15,1.244810039299008575e-01
1.650513702724690750e+15,1.208796292445223075e-01
1.650513702726574750e+15,1.172787323851601227e-01
1.650513702728458750e+15,1.165825398793094436e-01
1.650513702730342750e+15,1.165825398793094297e-01
1.650513702732227000e+15,1.165825398793094436e-01
1.650513702734111000e+15,1.165825398793094436e-01
1.650513702735995000e+15,1.165825398793094436e-01
1.650513702737879000e+15,1.165825398793094436e-01
1.650513702739763250e+15,1.165825398793094436e-01
1.650513702741647250e+15,1.165825398793094436e-01
1.650513702743531250e+15,1.165825398793094436e-01
1.650513702745415250e+15,1.165825398793094297e-01
1.650513702747299500e+15,1.165825398793094297e-01
1.650513702749183500e+15,1.159642906851723054e-01
1.650513702751067500e+15,1.150503781847765639e-01
1.650513702752951750e+15,1.141363444114906200e-01
1.650513702754835750e+15,1.132224319110949062e-01
1.650513702756719750e+15,1.123085194106991369e-01
1.650513702758603750e+15,1.113946069103034092e-01
1.650513702760488000e+15,1.104805731370174932e-01
1.650513702762372000e+15,1.093716153179835893e-01
1.650513702764256000e+15,1.082551309431036834e-01
1.650513702766140000e+15,1.071386465682237776e-01
1.650513702768024250e+15,1.060220140398971111e-01
1.650513702769908250e+15,1.049055296650172053e-01
1.650513702771792250e+15,1.037890452901372718e-01
1.650513702773676250e+15,1.026725609152573659e-01
1.650513702775560500e+15,1.015559283869306856e-01
1.650513702777444500e+15,1.004394440120507798e-01
1.650513702779328500e+15,9.932295963717087395e-02
1.650513702781212750e+15,9.820632710884419359e-02
1.650513702783096750e+15,9.947447438276174614e-02
1.650513702784980750e+15,1.008119821020150852e-01
1.650513702786864750e+15,1.021494898212684244e-01
1.650513702788749000e+15,1.034871750229685861e-01
1.650513702790633000e+15,1.043106935762243281e-01
1.650513702792517000e+15,1.043106935762242587e-01
1.650513702794401000e+15,1.043106935762241894e-01
1.650513702796285250e+15,1.043106935762241200e-01
1.650513702798169250e+15,1.043106935762240506e-01
1.650513702800053250e+15,1.043106935762239673e-01
1.650513702801937250e+15,1.041649613560667736e-01
1.650513702803821500e+15,1.034027241990062296e-01
1.650513702805705500e+15,1.026405881746453030e-01
1.650513702807589500e+15,1.018784521502843488e-01
1.650513702809473750e+15,1.011162149932238186e-01
1.650513702811357750e+15,1.003540789688628920e-01
1.650513702813241750e+15,9.959194294450196550e-02
1.650513702815125750e+15,9.882980692014102508e-02
1.650513702817010000e+15,9.827259376935439106e-02
1.650513702818894000e+15,9.896806237827664166e-02
1.650513702820778000e+15,9.966353098719890613e-02
1.650513702822662000e+15,1.003589995961211567e-01
1.650513702824546250e+15,1.010545604912176376e-01
1.650513702826430250e+15,1.017500291001398882e-01
1.650513702828314250e+15,1.024454977090621388e-01
1.650513702830198250e+15,1.031409663179844033e-01
1.650513702832082500e+15,1.038365272130808703e-01
1.650513702833966500e+15,1.046177970934509260e-01
1.650513702835850500e+15,1.055829063952966607e-01
1.650513702837734750e+15,1.065481437636633527e-01
1.650513702839618750e+15,1.075132530655090873e-01
1.650513702841502750e+15,1.084783623673548220e-01
1.650513702843386750e+15,1.094434716692005705e-01
1.650513702845271000e+15,1.104087090375672348e-01
1.650513702847155000e+15,1.088538228319416434e-01
1.650513702849039000e+15,1.071959091856791169e-01
1.650513702850923000e+15,1.055379955394165764e-01
1.650513702852807250e+15,1.038798618939971719e-01
1.650513702854691250e+15,1.022219482477346175e-01
1.650513702856575250e+15,1.005640346014720909e-01
1.650513702858459250e+15,9.890612095520955049e-02
1.650513702860343500e+15,9.724798730979013206e-02
1.650513702862227500e+15,9.559007366352760549e-02
1.650513702864111500e+15,9.393216001726506503e-02
1.650513702865995750e+15,9.227402637184564660e-02
1.650513702867879750e+15,9.203884727313882408e-02
1.650513702869763750e+15,9.203884727313883796e-02
1.650513702871647750e+15,9.203884727313882408e-02
1.650513702873532000e+15,9.203884727313882408e-02
1.650513702875416000e+15,9.203884727313883796e-02
1.650513702877300000e+15,9.203884727313882408e-02
1.650513702879184000e+15,9.225357812789600209e-02
1.650513702881068250e+15,9.308439252846324730e-02
1.650513702882952250e+15,9.391509669758552059e-02
1.650513702884836250e+15,9.474580086670782164e-02
1.650513702886720250e+15,9.557650503583010881e-02
1.650513702888604500e+15,9.640731943639732626e-02
1.650513702890488500e+15,9.723802360551961343e-02
1.650513702892372500e+15,9.806872777464191449e-02
1.650513702894256750e+15,9.722915597874574878e-02
1.650513702896140750e+15,9.614533081303180961e-02
1.650513702898024750e+15,9.506150564731785657e-02
1.650513702899908750e+15,9.397768048160390353e-02
1.650513702901793000e+15,9.289371149620237467e-02
1.650513702903677000e+15,9.203884727313928205e-02
1.650513702905561000e+15,9.203884727313926817e-02
1.650513702907445000e+15,9.203884727313926817e-02
1.650513702909329250e+15,9.203884727313926817e-02
1.650513702911213250e+15,9.203884727313926817e-02
1.650513702913097250e+15,9.203884727313926817e-02
1.650513702914981250e+15,9.203884727313926817e-02
1.650513702916865500e+15,9.203884727313926817e-02
1.650513702918749500e+15,9.203884727313926817e-02
1.650513702920633500e+15,9.203884727313926817e-02
1.650513702922517750e+15,9.303407000946567473e-02
1.650513702924401750e+15,9.608905923185090403e-02
1.650513702926285750e+15,9.914404845423614721e-02
1.650513702928169750e+15,1.021990376766213904e-01
1.650513702930054000e+15,1.052544322850499370e-01
1.650513702931938000e+15,1.083094215074351663e-01
1.650513702933822000e+15,1.100034522228185985e-01
1.650513702935706000e+15,1.085283251427455742e-01
1.650513702937590250e+15,1.070530023186332391e-01
1.650513702939474250e+15,1.055778752385601871e-01
1.650513702941358250e+15,1.041027481584871489e-01
1.650513702943242250e+15,1.026276210784141107e-01
1.650513702945126500e+15,1.011522982543017757e-01
1.650513702947010500e+15,9.967717117422872364e-02
1.650513702948894500e+15,9.820204409415569935e-02
1.650513702950778750e+15,9.672672127004336429e-02
1.650513702952662750e+15,9.525159418997031224e-02
1.650513702954546750e+15,9.377646710989728795e-02
1.650513702956430750e+15,9.230134002982423591e-02
1.650513702958315000e+15,8.854163635905977492e-02
1.650513702960199000e+15,8.428808867531167870e-02
1.650513702962083000e+15,8.003454099156359636e-02
1.650513702963967000e+15,7.578099330781551402e-02
1.650513702965851250e+15,7.152688119364229713e-02
1.650513702967735250e+15,6.754368390421067181e-02
1.650513702969619250e+15,6.847425981224092295e-02
1.650513702971503250e+15,6.940483572027117409e-02
1.650513702973387500e+15,7.033553511236564915e-02
1.650513702975271500e+15,7.126611102039588641e-02
1.650513702977155500e+15,7.219668692842613755e-02
1.650513702979039750e+15,7.312738632052061261e-02
1.650513702980923750e+15,7.405796222855086375e-02
1.650513702982807750e+15,7.498853813658110101e-02
1.650513702984691750e+15,7.591911404461135215e-02
1.650513702986576000e+15,7.684981343670582721e-02
1.650513702988460000e+15,7.778038934473606447e-02
1.650513702990344000e+15,7.871096525276631561e-02
1.650513702992228000e+15,7.964154116079655288e-02
1.650513702994112250e+15,7.921531948330047535e-02
1.650513702995996250e+15,7.857776823591984539e-02
1.650513702997880250e+15,7.794021698853920155e-02
1.650513702999764250e+15,7.730266574115857159e-02
1.650513703001648500e+15,7.666502989302853566e-02
1.650513703003532500e+15,7.602747864564790570e-02
1.650513703005416500e+15,7.538992739826727574e-02
1.650513703007300750e+15,7.475229155013723981e-02
1.650513703009184750e+15,7.411474030275660985e-02
1.650513703011068750e+15,7.363107781851097045e-02
1.650513703012952750e+15,7.363107781851097045e-02
1.650513703014837000e+15,7.363107781851098432e-02
1.650513703016721000e+15,7.363107781851097045e-02
1.650513703018605000e+15,7.363107781851098432e-02
1.650513703020489000e+15,7.363107781851097045e-02
1.650513703022373250e+15,7.363107781851097045e-02
1.650513703024257250e+15,7.363107781851097045e-02
1.650513703026141250e+15,7.363107781851097045e-02
1.650513703028025250e+15,7.363107781851097045e-02
1.650513703029909500e+15,7.363107781851098432e-02
1.650513703031793500e+15,7.363107781851097045e-02
1.650513703033677500e+15,7.363107781851098432e-02
1.650513703035561750e+15,7.363107781851097045e-02
1.650513703037445750e+15,7.363107781851097045e-02
1.650513703039329750e+15,7.363107781851097045e-02
1.650513703041213750e+15,7.363107781851097045e-02
1.650513703043098000e+15,7.363107781851097045e-02
1.650513703044982000e+15,7.363107781851097045e-02
1.650513703046866000e+15,7.363107781851097045e-02
1.650513703048750000e+15,7.363107781851097045e-02
1.650513703050634250e+15,7.363107781851097045e-02
1.650513703052518250e+15,7.363107781851097045e-02
1.650513703054402250e+15,7.363107781851097045e-02
1.650513703056286250e+15,7.363107781851097045e-02
1.650513703058170500e+15,7.363107781851097045e-02
1.650513703060054500e+15,7.363107781851097045e-02
1.650513703061938500e+15,7.363107781851097045e-02
1.650513703063822750e+15,7.363107781851097045e-02
1.650513703065706750e+15,7.363107781851097045e-02
1.650513703067590750e+15,7.363107781851097045e-02
1.650513703069474750e+15,7.363107781851097045e-02
1.650513703071359000e+15,7.363107781851097045e-02
1.650513703073243000e+15,7.363107781851098432e-02
1.650513703075127000e+15,7.363107781851097045e-02
1.650513703077011000e+15,7.363107781851098432e-02
1.650513703078895250e+15,7.363107781851097045e-02
1.650513703080779250e+15,7.363107781851098432e-02
1.650513703082663250e+15,7.363107781851097045e-02
1.650513703084547250e+15,7.363107781851097045e-02
1.650513703086431500e+15,7.363107781851097045e-02
1.650513703088315500e+15,7.363107781851097045e-02
1.650513703090199500e+15,7.363107781851098432e-02
1.650513703092083750e+15,7.363107781851097045e-02
1.650513703093967750e+15,7.363107781851088718e-02
1.650513703095851750e+15,7.363107781851079003e-02
1.650513703097735750e+15,7.363107781851070677e-02
1.650513703099620000e+15,7.363107781851062350e-02
1.650513703101504000e+15,7.363107781851052636e-02
1.650513703103388000e+15,7.363107781851054023e-02
1.650513703105272000e+15,7.363107781851052636e-02
1.650513703107156250e+15,7.363107781851052636e-02
1.650513703109040250e+15,7.363107781851052636e-02
1.650513703110924250e+15,7.363107781851052636e-02
1.650513703112808250e+15,7.363107781851054023e-02
1.650513703114692500e+15,7.308189951142747554e-02
1.650513703116576500e+15,7.252368428048899807e-02
1.650513703118460500e+15,7.196546904955052060e-02
1.650513703120344750e+15,7.140717974546569036e-02
1.650513703122228750e+15,7.084896451452721289e-02
1.650513703124112750e+15,7.029074928358874930e-02
1.650513703125996750e+15,6.973253405265025795e-02
1.650513703127881000e+15,6.917424474856542771e-02
1.650513703129765000e+15,6.861602951762695024e-02
1.650513703131649000e+15,6.805781428668848665e-02
1.650513703133533000e+15,6.749959905575000918e-02
1.650513703135417250e+15,6.694516069214266618e-02
1.650513703137301250e+15,6.639082678893432066e-02
1.650513703139185250e+15,6.583649288572598901e-02
1.650513703141069250e+15,6.528215898251765736e-02
1.650513703142953500e+15,6.472775152120115172e-02
1.650513703144837500e+15,6.417341761799282007e-02
1.650513703146721500e+15,6.361908371478448843e-02
1.650513703148605750e+15,6.306467625346798278e-02
1.650513703150489750e+15,6.251034235025965113e-02
1.650513703152373750e+15,6.195600844705131255e-02
1.650513703154257750e+15,6.140167454384298090e-02
1.650513703156142000e+15,6.056984103234391847e-02
1.650513703158026000e+15,5.971512168169654244e-02
1.650513703159910000e+15,5.886040233104916641e-02
1.650513703161794000e+15,5.800568298040179038e-02
1.650513703163678250e+15,5.715085021158156087e-02
1.650513703165562250e+15,5.629613086093418484e-02
1.650513703167446250e+15,5.544141151028680881e-02
1.650513703169330250e+15,5.586846302913170415e-02
1.650513703171214500e+15,5.673476103589729369e-02
1.650513703173098500e+15,5.760094410329619219e-02
1.650513703174982500e+15,5.846712717069510457e-02
1.650513703176866750e+15,5.933342517746069411e-02
1.650513703178750750e+15,6.019960824485959955e-02
1.650513703180634750e+15,6.106579131225849111e-02
1.650513703182518750e+15,6.019199753405043291e-02
1.650513703184403000e+15,5.842650636053512564e-02
1.650513703186287000e+15,5.666124943024305333e-02
1.650513703188171000e+15,5.489599249995098101e-02
1.650513703190055000e+15,5.313073556965891564e-02
1.650513703191939250e+15,5.136524439614360837e-02
1.650513703193823250e+15,4.959998746585153606e-02
1.650513703195707250e+15,4.783473053555946375e-02
1.650513703197591250e+15,4.606947360526739144e-02
1.650513703199475500e+15,4.430398243175208417e-02
1.650513703201359500e+15,4.320518159034456712e-02
1.650513703203243500e+15,4.429032936256892955e-02
1.650513703205127750e+15,4.537562112998599906e-02
1.650513703207011750e+15,4.646076890221036149e-02
1.650513703208895750e+15,4.754591667443472391e-02
1.650513703210779750e+15,4.863106444665908634e-02
1.650513703212664000e+15,4.971635621407616279e-02
1.650513703214548000e+15,5.080150398630052522e-02
1.650513703216432000e+15,5.188665175852489458e-02
1.650513703218316000e+15,5.297179953074925007e-02
1.650513703220200250e+15,5.405709129816631958e-02
1.650513703222084250e+15,5.514223907039068895e-02
1.650513703223968250e+15,5.522330836388344988e-02
1.650513703225852250e+15,5.522330836388332498e-02
1.650513703227736500e+15,5.522330836388320008e-02
1.650513703229620500e+15,5.522330836388306130e-02
1.650513703231504500e+15,5.522330836388293640e-02
1.650513703233388750e+15,5.522330836388281150e-02
1.650513703235272750e+15,5.522330836388267966e-02
1.650513703237156750e+15,5.522330836388267272e-02
1.650513703239040750e+15,5.522330836388266578e-02
1.650513703240925000e+15,5.522330836388267272e-02
1.650513703242809000e+15,5.522330836388266578e-02
1.650513703244693000e+15,5.486666372760135718e-02
1.650513703246577000e+15,5.368162229064545043e-02
1.650513703248461250e+15,5.249642360296807170e-02
1.650513703250345250e+15,5.131138216601216495e-02
1.650513703252229250e+15,5.012634072905625821e-02
1.650513703254113250e+15,4.902799747472011416e-02
1.650513703255997500e+15,4.854618328909357516e-02
1.650513703257881500e+15,4.806443302998761324e-02
1.650513703259765500e+15,4.758268277088165826e-02
1.650513703261649750e+15,4.710086858525511927e-02
1.650513703263533750e+15,4.661911832614916429e-02
1.650513703265417750e+15,4.613736806704320237e-02
1.650513703267301750e+15,4.565561780793724045e-02
1.650513703269186000e+15,4.517380362231070146e-02
1.650513703271070000e+15,4.469205336320474647e-02
1.650513703272954000e+15,4.421030310409879149e-02
1.650513703274838000e+15,4.372855284499282957e-02
1.650513703276722250e+15,4.324673865936629058e-02
1.650513703278606250e+15,4.295146206079802909e-02
1.650513703280490250e+15,4.295146206079802909e-02
1.650513703282374250e+15,4.295146206079802909e-02
1.650513703284258500e+15,4.295146206079802909e-02
1.650513703286142500e+15,4.295146206079802909e-02
1.650513703288026500e+15,4.295146206079802909e-02
1.650513703289910750e+15,4.295146206079802909e-02
1.650513703291794750e+15,4.295146206079802909e-02
1.650513703293678750e+15,4.295146206079802909e-02
1.650513703295562750e+15,4.295146206079802909e-02
1.650513703297447000e+15,4.295146206079802909e-02
1.650513703299331000e+15,4.295146206079798745e-02
1.650513703301215000e+15,4.295146206079791806e-02
1.650513703303099000e+15,4.295146206079786255e-02
1.650513703304983250e+15,4.295146206079780704e-02
1.650513703306867250e+15,4.295146206079775153e-02
1.650513703308751250e+15,4.295146206079769602e-02
1.650513703310635250e+15,4.295146206079763357e-02
1.650513703312519500e+15,4.295146206079758500e-02
1.650513703314403500e+15,4.295146206079758500e-02
1.650513703316287500e+15,4.295146206079758500e-02
1.650513703318171750e+15,4.295146206079758500e-02
1.650513703320055750e+15,4.295146206079758500e-02
1.650513703321939750e+15,4.295146206079758500e-02
1.650513703323823750e+15,4.219962367519367041e-02
1.650513703325708000e+15,4.059116329702260745e-02
1.650513703327592000e+15,3.898291632741969492e-02
1.650513703329476000e+15,3.737466935781678240e-02
1.650513703331360000e+15,3.576642238821386988e-02
1.650513703333244250e+15,3.415796201004280691e-02
1.650513703335128250e+15,3.254971504043989439e-02
1.650513703337012250e+15,3.094146807083697839e-02
1.650513703338896250e+15,2.933322110123406934e-02
1.650513703340780500e+15,2.772476072306300290e-02
1.650513703342664500e+15,2.611651375346009038e-02
1.650513703344548500e+15,2.454369260617061954e-02
1.650513703346432750e+15,2.454369260617061954e-02
1.650513703348316750e+15,2.454369260617061954e-02
1.650513703350200750e+15,2.454369260617061954e-02
1.650513703352084750e+15,2.454369260617061954e-02
1.650513703353969000e+15,2.454369260617061954e-02
1.650513703355853000e+15,2.454369260617061954e-02
1.650513703357737000e+15,2.454369260617061954e-02
1.650513703359621000e+15,2.454369260617061954e-02
1.650513703361505250e+15,2.454369260617061954e-02
1.650513703363389250e+15,2.454369260617061954e-02
1.650513703365273250e+15,2.454369260617061954e-02
1.650513703367157250e+15,2.454369260617061954e-02
1.650513703369041500e+15,2.454369260617061954e-02
1.650513703370925500e+15,2.454369260617061954e-02
1.650513703372809500e+15,2.454369260617061954e-02
1.650513703374693750e+15,2.454369260617061954e-02
1.650513703376577750e+15,2.454369260617061954e-02
1.650513703378461750e+15,2.454369260617061954e-02
1.650513703380345750e+15,2.454369260617061954e-02
1.650513703382230000e+15,2.454369260617061954e-02
1.650513703384114000e+15,2.454369260617061954e-02
1.650513703385998000e+15,2.454369260617061954e-02
1.650513703387882000e+15,2.442335342074867729e-02
1.650513703389766250e+15,2.312764421999843195e-02
1.650513703391650250e+15,2.183210693237021272e-02
1.650513703393534250e+15,2.053656964474200042e-02
1.650513703395418250e+15,1.924103235711378118e-02
1.650513703397302500e+15,1.858293642493019301e-02
1.650513703399186500e+15,1.907366441310805183e-02
1.650513703401070500e+15,1.956439240128590717e-02
1.650513703402954750e+15,2.005518550729658636e-02
1.650513703404838750e+15,2.054591349547444171e-02
1.650513703406722750e+15,2.103664148365230052e-02
1.650513703408606750e+15,2.152736947183015240e-02
1.650513703410491000e+15,2.201816257784083505e-02
1.650513703412375000e+15,2.250889056601869040e-02
1.650513703414259000e+15,2.299961855419654574e-02
1.650513703416143000e+15,2.349034654237439762e-02
1.650513703418027250e+15,2.398113964838508028e-02
1.650513703419911250e+15,2.447186763656293562e-02
1.650513703421795250e+15,2.454369260617017545e-02
1.650513703423679250e+15,2.454369260617017545e-02
1.650513703425563500e+15,2.454369260617017545e-02
1.650513703427447500e+15,2.454369260617017545e-02
1.650513703429331500e+15,2.454369260617019974e-02
1.650513703431215750e+15,2.454369260617026219e-02
1.650513703433099750e+15,2.454369260617032117e-02
1.650513703434983750e+15,2.454369260617038362e-02
1.650513703436867750e+15,2.454369260617044260e-02
1.650513703438752000e+15,2.454369260617050505e-02
1.650513703440636000e+15,2.454369260617056750e-02
1.650513703442520000e+15,2.450142516232085149e-02
1.650513703444404000e+15,2.394063738617321566e-02
1.650513703446288250e+15,2.337977519551175803e-02
1.650513703448172250e+15,2.281898741936411873e-02
1.650513703450056250e+15,2.225819964321647942e-02
1.650513703451940250e+15,2.169741186706884012e-02
1.650513703453824500e+15,2.113654967640738597e-02
1.650513703455708500e+15,2.057576190025974666e-02
1.650513703457592500e+15,2.001497412411210736e-02
1.650513703459476750e+15,1.945411193345064974e-02
1.650513703461360750e+15,1.889332415730301390e-02
1.650513703463244750e+15,1.854206583292256072e-02
1.650513703465128750e+15,1.954311183374578612e-02
1.650513703467013000e+15,2.054429066976020193e-02
1.650513703468897000e+15,2.154533667058342386e-02
1.650513703470781000e+15,2.254638267140664579e-02
1.650513703472665000e+15,2.354742867222986424e-02
1.650513703474549250e+15,2.454870384483799975e-02
1.650513703476433250e+15,2.556937126647897823e-02
1.650513703478317250e+15,2.659003868811995672e-02
1.650513703480201250e+15,2.761070610976094214e-02
1.650513703482085500e+15,2.863150897028483161e-02
1.650513703483969500e+15,2.965217639192580662e-02
1.650513703485853500e+15,3.067284381356678857e-02
1.650513703487737750e+15,3.007040113014516555e-02
1.650513703489621750e+15,2.945719938934812654e-02
1.650513703491505750e+15,2.884399764855108753e-02
1.650513703493389750e+15,2.823079590775405198e-02
1.650513703495274000e+15,2.761751279729926858e-02
1.650513703497158000e+15,2.700431105650223304e-02
1.650513703499042000e+15,2.639110931570519403e-02
1.650513703500926000e+15,2.577790757490815848e-02
1.650513703502810250e+15,2.516462446445337509e-02
1.650513703504694250e+15,2.455142272365633607e-02
1.650513703506578250e+15,2.645340501083087714e-02
1.650513703508462250e+15,2.838749890701728479e-02
1.650513703510346500e+15,3.032184945048291280e-02
1.650513703512230500e+15,3.225594334666931351e-02
1.650513703514114500e+15,3.419003724285572116e-02
1.650513703515998750e+15,3.612438778632134917e-02
1.650513703517882750e+15,3.612055140228766226e-02
1.650513703519766750e+15,3.503910893842067387e-02
1.650513703521650750e+15,3.395766647455368548e-02
1.650513703523535000e+15,3.287608050717504699e-02
1.650513703525419000e+15,3.179463804330805166e-02
1.650513703527303000e+15,3.071319557944107020e-02
1.650513703529187000e+15,2.963175311557408875e-02
1.650513703531071250e+15,2.855016714819543985e-02
1.650513703532955250e+15,2.746872468432845493e-02
1.650513703534839250e+15,2.638728222046146654e-02
1.650513703536723250e+15,2.530583975659448162e-02
1.650513703538607500e+15,2.470583131622873518e-02
1.650513703540491500e+15,2.525474295998494240e-02
1.650513703542375500e+15,2.580365460374114961e-02
1.650513703544259750e+15,2.635263908609127709e-02
1.650513703546143750e+15,2.690155072984748430e-02
1.650513703548027750e+15,2.745046237360368804e-02
1.650513703549911750e+15,2.799937401735989873e-02
1.650513703551796000e+15,2.854835849971001926e-02
1.650513703553680000e+15,2.909727014346623342e-02
1.650513703555564000e+15,2.964618178722243716e-02
1.650513703557448000e+15,3.019509343097864784e-02
1.650513703559332250e+15,3.067961575771251462e-02
1.650513703561216250e+15,3.067961575771262911e-02
1.650513703563100250e+15,3.067961575771274360e-02
1.650513703564984250e+15,3.067961575771285809e-02
1.650513703566868500e+15,3.067961575771296912e-02
1.650513703568752500e+15,3.067961575771308708e-02
1.650513703570636500e+15,3.067961575771319810e-02
1.650513703572520750e+15,3.067961575771330912e-02
1.650513703574404750e+15,3.067961575771338545e-02
1.650513703576288750e+15,3.067961575771338545e-02
1.650513703578172750e+15,3.067961575771338545e-02
1.650513703580057000e+15,3.067961575771338198e-02
1.650513703581941000e+15,3.067961575771338198e-02
1.650513703583825000e+15,3.067961575771338198e-02
1.650513703585709000e+15,3.150679159442162230e-02
1.650513703587593250e+15,3.237412941874966144e-02
1.650513703589477250e+15,3.324135216574927720e-02
1.650513703591361250e+15,3.410857491274889991e-02
1.650513703593245250e+15,3.497579765974850874e-02
1.650513703595129500e+15,3.584313548407655481e-02
1.650513703597013500e+15,3.671035823107617058e-02
1.650513703598897500e+15,3.731863537685864429e-02
1.650513703600781750e+15,3.789124759013660221e-02
1.650513703602665750e+15,3.846378382992202138e-02
1.650513703604549750e+15,3.903632006970743362e-02
1.650513703606433750e+15,3.960885630949285974e-02
1.650513703608318000e+15,4.018146852277082459e-02
1.650513703610202000e+15,4.075400476255623683e-02
1.650513703612086000e+15,4.132654100234165601e-02
1.650513703613970000e+15,4.189907724212708212e-02
1.650513703615854250e+15,4.247168945540503310e-02
1.650513703617738250e+15,4.295146206079845930e-02
1.650513703619622250e+15,4.295146206079836909e-02
1.650513703621506250e+15,4.295146206079827195e-02
1.650513703623390500e+15,4.295146206079818174e-02
1.650513703625274500e+15,4.295146206079809154e-02
1.650513703627158500e+15,4.295146206079803602e-02
1.650513703629042750e+15,4.295146206079802909e-02
1.650513703630926750e+15,4.295146206079802909e-02
1.650513703632810750e+15,4.295146206079802909e-02
1.650513703634694750e+15,4.295146206079802909e-02
1.650513703636579000e+15,4.295146206079803602e-02
1.650513703638463000e+15,4.295146206079803602e-02
1.650513703640347000e+15,4.242796720166804730e-02
1.650513703642231000e+15,4.154342521547892131e-02
1.650513703644115250e+15,4.065876585376083929e-02
1.650513703645999250e+15,3.977422386757170636e-02
1.650513703647883250e+15,3.888968188138257343e-02
1.650513703649767250e+15,3.800513989519344743e-02
1.650513703651651500e+15,3.712048053347536541e-02
1.650513703653535500e+15,3.928880745428590948e-02
1.650513703655419500e+15,4.306332178303189095e-02
1.650513703657303750e+15,4.683833697620577718e-02
1.650513703659187750e+15,5.061285130495175172e-02
1.650513703661071750e+15,5.438736563369772625e-02
1.650513703662955750e+15,5.522330836388304742e-02
1.650513703664840000e+15,5.522330836388295028e-02
1.650513703666724000e+15,5.522330836388286007e-02
1.650513703668608000e+15,5.522330836388276987e-02
1.650513703670492000e+15,5.522330836388267966e-02
1.650513703672376250e+15,5.568255178571040326e-02
1.650513703674260250e+15,5.616024100957427156e-02
1.650513703676144250e+15,5.663793023343815375e-02
1.650513703678028250e+15,5.711561945730202899e-02
1.650513703679912500e+15,5.759337206880175974e-02
1.650513703681796500e+15,5.807106129266563499e-02
1.650513703683680500e+15,5.854875051652951023e-02
1.650513703685564750e+15,5.902650312802924099e-02
1.650513703687448750e+15,5.950419235189312317e-02
1.650513703689332750e+15,5.998188157575699148e-02
1.650513703691216750e+15,6.045957079962086672e-02
1.650513703693101000e+15,6.093732341112060441e-02
1.650513703694985000e+15,6.122390288451378532e-02
1.650513703696869000e+15,6.006499769980139236e-02
1.650513703698753000e+15,5.890609251508899247e-02
1.650513703700637250e+15,5.774703354784146980e-02
1.650513703702521250e+15,5.658812836312906991e-02
1.650513703704405250e+15,5.542922317841667001e-02
1.650513703706289250e+15,5.427031799370427706e-02
1.650513703708173500e+15,5.311125902645675440e-02
1.650513703710057500e+15,5.195235384174436144e-02
1.650513703711941500e+15,5.079344865703196155e-02
1.650513703713825750e+15,4.963438968978443888e-02
1.650513703715709750e+15,4.908738521233991375e-02
1.650513703717593750e+15,4.908738521233990681e-02
1.650513703719477750e+15,4.908738521233990681e-02
1.650513703721362000e+15,4.908738521233990681e-02
1.650513703723246000e+15,4.908738521233990681e-02
1.650513703725130000e+15,4.908738521233990681e-02
1.650513703727014000e+15,4.908738521233990681e-02
1.650513703728898250e+15,4.908738521233991375e-02
1.650513703730782250e+15,4.908738521233990681e-02
1.650513703732666250e+15,4.959499370998543544e-02
1.650513703734550250e+15,5.023672121178995170e-02
1.650513703736434500e+15,5.087853386851775433e-02
1.650513703738318500e+15,5.152026137032226366e-02
1.650513703740202500e+15,5.216198887212677993e-02
1.650513703742086750e+15,5.280380152885456868e-02
1.650513703743970750e+15,5.344552903065909188e-02
1.650513703745854750e+15,5.408725653246361509e-02
1.650513703747738750e+15,5.472898403426812441e-02
1.650513703749623000e+15,5.522330836388267966e-02
1.650513703751507000e+15,5.522330836388273517e-02
1.650513703753391000e+15,5.522330836388279068e-02
1.650513703755275000e+15,5.522330836388283926e-02
1.650513703757159250e+15,5.522330836388290171e-02
1.650513703759043250e+15,5.522330836388295722e-02
1.650513703760927250e+15,5.522330836388301273e-02
1.650513703762811250e+15,5.522330836388306130e-02
1.650513703764695500e+15,5.522330836388310987e-02
1.650513703766579500e+15,5.522330836388310987e-02
1.650513703768463500e+15,5.522330836388311681e-02
1.650513703770347750e+15,5.522330836388311681e-02
1.650513703772231750e+15,5.522330836388311681e-02
1.650513703774115750e+15,5.522330836388311681e-02
1.650513703775999750e+15,5.614154534587149914e-02
1.650513703777884000e+15,5.735167860924733629e-02
1.650513703779768000e+15,5.856165131361251719e-02
1.650513703781652000e+15,5.977162401797769808e-02
1.650513703783536000e+15,6.098159672234287898e-02
1.650513703785420250e+15,6.135923151542508475e-02
1.650513703787304250e+15,6.135923151542523046e-02
1.650513703789188250e+15,6.135923151542536230e-02
1.650513703791072250e+15,6.135923151542549414e-02
1.650513703792956500e+15,6.135923151542563292e-02
1.650513703794840500e+15,6.135923151542577864e-02
1.650513703796724500e+15,6.114294550903379838e-02
1.650513703798608750e+15,6.017146301190797603e-02
1.650513703800492750e+15,5.920010940989918480e-02
1.650513703802376750e+15,5.822875580789040051e-02
1.650513703804260750e+15,5.725740220588160234e-02
1.650513703806145000e+15,5.628591970875578693e-02
1.650513703808029000e+15,5.531456610674700264e-02
1.650513703809913000e+15,5.585162394994696439e-02
1.650513703811797000e+15,5.654509000978544253e-02
1.650513703813681250e+15,5.723864809006709575e-02
1.650513703815565250e+15,5.793211414990557390e-02
1.650513703817449250e+15,5.862558020974405898e-02
1.650513703819333250e+15,5.931904626958253712e-02
1.650513703821217500e+15,6.001260434986419728e-02
1.650513703823101500e+15,6.070607040970267543e-02
1.650513703824985500e+15,6.141228612574643059e-02
1.650513703826869750e+15,6.232523726269310893e-02
1.650513703828753750e+15,6.323806727039249509e-02
1.650513703830637750e+15,6.415089727809186737e-02
1.650513703832521750e+15,6.506372728579123965e-02
1.650513703834406000e+15,6.597667842273792493e-02
1.650513703836290000e+15,6.688950843043729722e-02
1.650513703838174000e+15,6.810124258129056363e-02
1.650513703840058000e+15,6.990229878094883498e-02
1.650513703841942250e+15,7.170359397426416537e-02
1.650513703843826250e+15,7.350465017392243672e-02
1.650513703845710250e+15,7.530570637358069419e-02
1.650513703847594250e+15,7.710676257323895166e-02
1.650513703849478500e+15,7.890805776655428205e-02
1.650513703851362500e+15,8.008552985047120987e-02
1.650513703853246500e+15,8.069446786234998892e-02
1.650513703855130750e+15,8.130348667810506635e-02
1.650513703857014750e+15,8.191242468998384541e-02
1.650513703858898750e+15,8.252136270186261058e-02
1.650513703860782750e+15,8.313030071374137575e-02
1.650513703862667000e+15,8.373931952949646706e-02
1.650513703864551000e+15,8.434825754137523224e-02
1.650513703866435000e+15,8.495719555325399741e-02
1.650513703868319000e+15,8.556613356513277646e-02
1.650513703870203250e+15,8.544807627135996009e-02
1.650513703872087250e+15,8.443064278979788007e-02
1.650513703873971250e+15,8.341320930823581392e-02
1.650513703875855250e+15,8.239577582667373390e-02
1.650513703877739500e+15,8.137820733536094142e-02
1.650513703879623500e+15,8.036077385379887528e-02
1.650513703881507500e+15,8.013040363594338411e-02
1.650513703883391750e+15,8.100324171523495820e-02
1.650513703885275750e+15,8.187596398743095250e-02
1.650513703887159750e+15,8.274868625962696067e-02
1.650513703889043750e+15,8.362140853182295497e-02
1.650513703890928000e+15,8.449424661111452906e-02
1.650513703892812000e+15,8.536696888331053723e-02
1.650513703894696000e+15,8.550958877804905323e-02
1.650513703896580000e+15,8.449027132654510219e-02
1.650513703898464250e+15,8.347081861529437319e-02
1.650513703900348250e+15,8.245150116379038052e-02
1.650513703902232250e+15,8.143218371228641561e-02
1.650513703904116250e+15,8.041286626078243682e-02
1.650513703906000500e+15,7.976700097005373635e-02
1.650513703907884500e+15,7.976700097005375023e-02
1.650513703909768500e+15,7.976700097005375023e-02
1.650513703911652750e+15,7.976700097005373635e-02
1.650513703913536750e+15,7.976700097005373635e-02
1.650513703915420750e+15,7.976700097005373635e-02
1.650513703917304750e+15,7.976700097005375023e-02
1.650513703919189000e+15,7.976700097005373635e-02
1.650513703921073000e+15,7.976700097005372248e-02
1.650513703922957000e+15,7.976700097005373635e-02
1.650513703924841000e+15,7.976700097005373635e-02
1.650513703926725250e+15,7.976700097005373635e-02
1.650513703928609250e+15,7.976700097005373635e-02
1.650513703930493250e+15,7.976700097005373635e-02
1.650513703932377250e+15,7.976700097005373635e-02
1.650513703934261500e+15,7.976700097005373635e-02
1.650513703936145500e+15,7.984505779400706549e-02
1.650513703938029500e+15,8.079689634629243222e-02
1.650513703939913750e+15,8.174886120411817281e-02
1.650513703941797750e+15,8.270069975640353954e-02
1.650513703943681750e+15,8.365253830868890628e-02
1.650513703945565750e+15,8.460437686097427301e-02
1.650513703947450000e+15,8.555634171880001360e-02
1.650513703949334000e+15,8.656171924039401944e-02
1.650513703951218000e+15,8.759775430200952839e-02
1.650513703953102000e+15,8.863378936362502347e-02
1.650513703954986250e+15,8.966996190335378702e-02
1.650513703956870250e+15,9.070599696496928210e-02
1.650513703958754250e+15,9.174203202658477718e-02
1.650513703960638250e+15,9.117597305026349519e-02
1.650513703962522500e+15,8.996647276798563908e-02
1.650513703964406500e+15,8.875713296073527159e-02
1.650513703966290500e+15,8.754779315348493185e-02
1.650513703968174750e+15,8.633829287120706186e-02
1.650513703970058750e+15,8.512895306395670825e-02
1.650513703971942750e+15,8.391961325670635463e-02
1.650513703973826750e+15,8.271027344945598714e-02
1.650513703975711000e+15,8.150077316717814491e-02
1.650513703977595000e+15,8.029143335992777741e-02
1.650513703979479000e+15,8.024903822544249277e-02
1.650513703981363000e+15,8.110017054892258714e-02
1.650513703983247250e+15,8.195141581458996460e-02
1.650513703985131250e+15,8.280254813807005898e-02
1.650513703987015250e+15,8.365368046155015336e-02
1.650513703988899250e+15,8.450481278503023386e-02
1.650513703990783500e+15,8.535605805069762519e-02
1.650513703992667500e+15,8.803829060110794635e-02
1.650513703994551500e+15,9.401160975092291705e-02
1.650513703996435750e+15,9.998572153862932133e-02
1.650513703998319750e+15,1.059590406884443059e-01
1.650513704000203750e+15,1.119323598382592905e-01
1.650513704002087750e+15,1.179056789880742473e-01
1.650513704003972000e+15,1.238797907757806654e-01
1.650513704005856000e+15,1.289600218490463412e-01
1.650513704007740000e+15,1.295918237410235152e-01
1.650513704009624000e+15,1.302236256330007169e-01
1.650513704011508250e+15,1.308555113628085409e-01
1.650513704013392250e+15,1.314873132547857426e-01
1.650513704015276250e+15,1.321191151467629443e-01
1.650513704017160250e+15,1.327509170387401183e-01
1.650513704019044500e+15,1.333828027685479700e-01
1.650513704020928500e+15,1.340146046605251717e-01
1.650513704022812500e+15,1.346464065525023734e-01
1.650513704024696750e+15,1.338151924725659025e-01
1.650513704026580750e+15,1.312371194980997413e-01
1.650513704028464750e+15,1.286590465236336078e-01
1.650513704030348750e+15,1.260809735491674188e-01
1.650513704032233000e+15,1.235025584737226845e-01
1.650513704034117000e+15,1.209244854992565232e-01
1.650513704036001000e+15,1.183464125247903620e-01
1.650513704037885000e+15,1.167647101440246887e-01
1.650513704039769250e+15,1.173416081630003771e-01
1.650513704041653250e+15,1.179184296398480408e-01
1.650513704043537250e+15,1.184952511166957323e-01
1.650513704045421250e+15,1.190720725935433960e-01
1.650513704047305500e+15,1.196489706125190844e-01
1.650513704049189500e+15,1.202257920893667620e-01
1.650513704051073500e+15,1.208026135662144257e-01
1.650513704052957750e+15,1.213795115851901002e-01
1.650513704054841750e+15,1.219563330620377778e-01
1.650513704056725750e+15,1.225331545388854415e-01
1.650513704058609750e+15,1.241581532565450285e-01
1.650513704060494000e+15,1.262795501736633796e-01
1.650513704062378000e+15,1.284006656264169433e-01
1.650513704064262000e+15,1.305217810791705069e-01
1.650513704066146000e+15,1.326428965319240982e-01
1.650513704068030250e+15,1.347642934490423938e-01
1.650513704069914250e+15,1.344955882224340427e-01
1.650513704071798250e+15,1.339418650238179687e-01
1.650513704073682250e+15,1.333881418252019224e-01
1.650513704075566500e+15,1.328343451495159755e-01
1.650513704077450500e+15,1.322806219508999293e-01
1.650513704079334500e+15,1.317268987522838830e-01
1.650513704081218750e+15,1.311731020765979361e-01
1.650513704083102750e+15,1.306193788779818621e-01
1.650513704084986750e+15,1.300656556793658158e-01
1.650513704086870750e+15,1.295119324807497696e-01
1.650513704088755000e+15,1.289581358050638227e-01
1.650513704090639000e+15,1.288543861823931991e-01
1.650513704092523000e+15,1.288543861823931991e-01
1.650513704094407000e+15,1.288543861823931991e-01
1.650513704096291250e+15,1.288543861823931991e-01
1.650513704098175250e+15,1.288543861823931991e-01
1.650513704100059250e+15,1.288543861823931991e-01
1.650513704101943250e+15,1.288543861823931991e-01
1.650513704103827500e+15,1.288543861823931991e-01
1.650513704105711500e+15,1.288543861823931991e-01
1.650513704107595500e+15,1.288543861823931991e-01
1.650513704109479750e+15,1.288543861823931991e-01
1.650513704111363750e+15,1.288543861823931991e-01
1.650513704113247750e+15,1.284932518566131721e-01
1.650513704115131750e+15,1.279544460203276002e-01
1.650513704117016000e+15,1.274155686864523185e-01
1.650513704118900000e+15,1.268767628501667466e-01
1.650513704120784000e+15,1.263379570138812025e-01
1.650513704122668000e+15,1.257991511775956583e-01
1.650513704124552250e+15,1.252602738437203489e-01
1.650513704126436250e+15,1.247214680074347770e-01
1.650513704128320250e+15,1.241826621711492329e-01
1.650513704130204250e+15,1.236438563348636888e-01
1.650513704132088500e+15,1.231049790009883932e-01
1.650513704133972500e+15,1.228547457869796078e-01
1.650513704135856500e+15,1.233369180171155072e-01
1.650513704137740750e+15,1.238191542297660402e-01
1.650513704139624750e+15,1.243013264599019257e-01
1.650513704141508750e+15,1.247834986900378251e-01
1.650513704143392750e+15,1.252656709201737384e-01
1.650513704145277000e+15,1.257479071328242437e-01
1.650513704147161000e+15,1.262300793629601570e-01
1.650513704149045000e+15,1.267122515930960702e-01
1.650513704150929000e+15,1.271944238232319557e-01
1.650513704152813250e+15,1.276766600358824610e-01
1.650513704154697250e+15,1.281588322660183743e-01
1.650513704156581250e+15,1.286410044961542598e-01
1.650513704158465250e+15,1.288543861823940873e-01
1.650513704160349500e+15,1.288543861823940873e-01
1.650513704162233500e+15,1.288543861823940873e-01
1.650513704164117500e+15,1.288543861823940873e-01
1.650513704166001750e+15,1.285752979163319876e-01
1.650513704167885750e+15,1.277783258916848630e-01
1.650513704169769750e+15,1.269813538670377384e-01
1.650513704171653750e+15,1.261843818423906416e-01
1.650513704173538000e+15,1.253873040624323698e-01
1.650513704175422000e+15,1.245903320377852452e-01
1.650513704177306000e+15,1.237933600131381207e-01
1.650513704179190000e+15,1.229963879884909961e-01
1.650513704181074250e+15,1.237061744274582098e-01
1.650513704182958250e+15,1.252224492461238015e-01
1.650513704184842250e+15,1.267387240647894209e-01
1.650513704186726250e+15,1.282549988834550125e-01
1.650513704188610500e+15,1.288543861823941428e-01
1.650513704190494500e+15,1.288543861823942260e-01
1.650513704192378500e+15,1.288543861823943093e-01
1.650513704194262750e+15,1.288543861823944203e-01
1.650513704196146750e+15,1.288543861823944758e-01
1.650513704198030750e+15,1.288543861823945869e-01
1.650513704199914750e+15,1.288543861823946701e-01
1.650513704201799000e+15,1.288543861823947811e-01
1.650513704203683000e+15,1.288543861823948367e-01
1.650513704205567000e+15,1.288543861823949477e-01
1.650513704207451000e+15,1.288543861823947256e-01
1.650513704209335250e+15,1.288543861823943093e-01
1.650513704211219250e+15,1.288543861823938930e-01
1.650513704213103250e+15,1.288543861823935044e-01
1.650513704214987250e+15,1.286210269873997170e-01
1.650513704216871500e+15,1.276879616013701368e-01
1.650513704218755500e+15,1.267550200133219507e-01
1.650513704220639500e+15,1.258220784252737923e-01
1.650513704222523750e+15,1.248890130392441844e-01
1.650513704224407750e+15,1.239560714511960121e-01
1.650513704226291750e+15,1.230231298631478398e-01
1.650513704228175750e+15,1.233511288169968634e-01
1.650513704230060000e+15,1.242907154239286938e-01
1.650513704231944000e+15,1.252301773676514074e-01
1.650513704233828000e+15,1.261696393113741488e-01
1.650513704235712000e+15,1.271091012550968902e-01
1.650513704237596250e+15,1.280486878620287206e-01
1.650513704239480250e+15,1.295014853274654154e-01
1.650513704241364250e+15,1.340462562102715249e-01
1.650513704243248250e+15,1.385910270930776067e-01
1.650513704245132500e+15,1.431364010505762341e-01
1.650513704247016500e+15,1.476811719333822881e-01
1.650513704248900500e+15,1.522259428161883976e-01
1.650513704250784750e+15,1.567713167736869695e-01
1.650513704252668750e+15,1.591262191739850063e-01
1.650513704254552750e+15,1.580862696222121999e-01
1.650513704256436750e+15,1.570463200704393936e-01
1.650513704258321000e+15,1.560062325211146184e-01
1.650513704260205000e+15,1.549662829693417843e-01
1.650513704262089000e+15,1.539263334175689779e-01
1.650513704263973000e+15,1.522367883105152642e-01
1.650513704265857250e+15,1.498763119531666133e-01
1.650513704267741250e+15,1.475161487809523164e-01
1.650513704269625250e+15,1.451559856087379918e-01
1.650513704271509250e+15,1.427958224365236672e-01
1.650513704273393500e+15,1.419599669927409102e-01
1.650513704275277500e+15,1.448081189631523769e-01
1.650513704277161500e+15,1.476562709335638435e-01
1.650513704279045750e+15,1.505048008434618223e-01
1.650513704280929750e+15,1.533529528138732889e-01
1.650513704282813750e+15,1.562011047842847833e-01
1.650513704284697750e+15,1.590492567546962221e-01
1.650513704286582000e+15,1.618977866645942287e-01
1.650513704288466000e+15,1.647459386350056953e-01
1.650513704290350000e+15,1.675940906054171620e-01
1.650513704292234000e+15,1.704422425758286286e-01
1.650513704294118250e+15,1.726664809028518044e-01
1.650513704296002250e+15,1.743172133343107444e-01
1.650513704297886250e+15,1.759679457657696844e-01
1.650513704299770250e+15,1.776186781972286521e-01
1.650513704301654500e+15,1.792696296749231866e-01
1.650513704303538500e+15,1.809203621063821266e-01
1.650513704305422500e+15,1.825710945378410943e-01
1.650513704307306750e+15,1.840369606405183600e-01
1.650513704309190750e+15,1.835711477212490506e-01
1.650513704311074750e+15,1.831053348019797411e-01
1.650513704312958750e+15,1.826395218827104316e-01
1.650513704314843000e+15,1.821736471517480249e-01
1.650513704316727000e+15,1.817078342324787155e-01
1.650513704318611000e+15,1.812420213132093783e-01
1.650513704320495000e+15,1.807762083939400688e-01
1.650513704322379250e+15,1.803103336629776343e-01
1.650513704324263250e+15,1.798445207437083249e-01
1.650513704326147250e+15,1.793787078244390154e-01
1.650513704328031250e+15,1.789128949051697060e-01
1.650513704329915500e+15,1.784470201742072715e-01
1.650513704331799500e+15,1.779812072549379620e-01
1.650513704333683500e+15,1.779417713947344382e-01
1.650513704335567750e+15,1.779417713947344382e-01
1.650513704337451750e+15,1.779417713947344382e-01
1.650513704339335750e+15,1.779417713947344382e-01
1.650513704341219750e+15,1.779417713947344104e-01
1.650513704343104000e+15,1.779417713947344382e-01
1.650513704344988000e+15,1.782491015752142860e-01
1.650513704346872000e+15,1.787521511495184234e-01
1.650513704348756000e+15,1.792552007238225609e-01
1.650513704350640250e+15,1.797583170509895467e-01
1.650513704352524250e+15,1.802613666252936842e-01
1.650513704354408250e+15,1.807644161995978216e-01
1.650513704356292250e+15,1.812674657739019590e-01
1.650513704358176500e+15,1.817705821010689449e-01
1.650513704360060500e+15,1.822736316753730546e-01
1.650513704361944500e+15,1.827766812496771920e-01
1.650513704363828750e+15,1.832797975768441501e-01
1.650513704365712750e+15,1.837828471511482875e-01
1.650513704367596750e+15,1.840776945462783976e-01
1.650513704369480750e+15,1.840776945462780090e-01
1.650513704371365000e+15,1.840776945462776482e-01
1.650513704373249000e+15,1.840776945462772596e-01
1.650513704375133000e+15,1.840776945462768988e-01
1.650513704377017000e+15,1.840776945462765379e-01
1.650513704378901250e+15,1.840776945462763436e-01
1.650513704380785250e+15,1.840776945462763159e-01
1.650513704382669250e+15,1.840776945462763436e-01
1.650513704384553250e+15,1.840776945462763159e-01
1.650513704386437500e+15,1.840776945462763159e-01
1.650513704388321500e+15,1.840776945462763159e-01
1.650513704390205500e+15,1.840776945462763159e-01
1.650513704392089750e+15,1.840776945462763992e-01
1.650513704393973750e+15,1.840776945462764824e-01
1.650513704395857750e+15,1.840776945462765657e-01
1.650513704397741750e+15,1.840776945462766490e-01
1.650513704399626000e+15,1.840776945462767600e-01
1.650513704401510000e+15,1.834295181372509742e-01
1.650513704403394000e+15,1.823919953211043665e-01
1.650513704405278000e+15,1.813544725049577311e-01
1.650513704407162250e+15,1.803168120132781493e-01
1.650513704409046250e+15,1.792792891971315417e-01
1.650513704410930250e+15,1.782417663809849062e-01
1.650513704412814250e+15,1.785568103200172174e-01
1.650513704414698500e+15,1.794221357596020860e-01
1.650513704416582500e+15,1.802873463888593208e-01
1.650513704418466500e+15,1.811525570181165556e-01
1.650513704420350750e+15,1.820178824577014243e-01
1.650513704422234750e+15,1.828830930869586313e-01
1.650513704424118750e+15,1.837483037162158661e-01
1.650513704426002750e+15,1.840776945462769265e-01
1.650513704427887000e+15,1.840776945462772596e-01
1.650513704429771000e+15,1.840776945462775926e-01
1.650513704431655000e+15,1.840776945462779257e-01
1.650513704433539000e+15,1.840776945462782310e-01
1.650513704435423250e+15,1.840776945462785363e-01
1.650513704437307250e+15,1.840776945462783420e-01
1.650513704439191250e+15,1.840776945462781755e-01
1.650513704441075250e+15,1.840776945462779812e-01
1.650513704442959500e+15,1.840776945462778147e-01
1.650513704444843500e+15,1.840776945462776482e-01
1.650513704446727500e+15,1.840776945462774816e-01
1.650513704448611750e+15,1.840776945462772873e-01
1.650513704450495750e+15,1.840776945462771208e-01
1.650513704452379750e+15,1.840776945462769265e-01
1.650513704454263750e+15,1.840789790534352044e-01
1.650513704456148000e+15,1.844999064644482212e-01
1.650513704458032000e+15,1.849207780273238733e-01
1.650513704459916000e+15,1.853416495901995253e-01
1.650513704461800000e+15,1.857625211530751774e-01
1.650513704463684250e+15,1.861834485640881387e-01
1.650513704465568250e+15,1.866043201269638185e-01
1.650513704467452250e+15,1.870251916898394706e-01
1.650513704469336250e+15,1.874460632527151227e-01
1.650513704471220500e+15,1.878669906637281117e-01
1.650513704473104500e+15,1.882878622266037638e-01
1.650513704474988500e+15,1.887087337894794437e-01
1.650513704476872750e+15,1.891296612004924049e-01
1.650513704478756750e+15,1.895505327633680848e-01
1.650513704480640750e+15,1.899714043262437368e-01
1.650513704482524750e+15,1.925899879353231980e-01
1.650513704484409000e+15,1.981888320991458952e-01
1.650513704486293000e+15,2.037869334151294343e-01
1.650513704488177000e+15,2.093850347311129179e-01
1.650513704490061000e+15,2.147573103039888132e-01
1.650513704491945250e+15,2.147573103039890907e-01
1.650513704493829250e+15,2.147573103039893405e-01
1.650513704495713250e+15,2.147573103039895903e-01
1.650513704497597250e+15,2.147573103039898679e-01
1.650513704499481500e+15,2.147573103039901177e-01
1.650513704501365500e+15,2.147573103039904230e-01
1.650513704503249500e+15,2.144705553731332537e-01
1.650513704505133750e+15,2.135539854351043709e-01
1.650513704507017750e+15,2.126375371064609110e-01
1.650513704508901750e+15,2.117210887778174788e-01
1.650513704510785750e+15,2.108046404491740744e-01
1.650513704512670000e+15,2.098880705111451916e-01
1.650513704514554000e+15,2.089716221825017317e-01
1.650513704516438000e+15,2.093818444084517005e-01
1.650513704518322000e+15,2.106126875960058487e-01
1.650513704520206250e+15,2.118436941120083739e-01
1.650513704522090250e+15,2.130745372995625220e-01
1.650513704523974250e+15,2.143053804871166146e-01
1.650513704525858250e+15,2.151427858218231681e-01
1.650513704527742500e+15,2.157519971822560167e-01
1.650513704529626500e+15,2.163611277132659327e-01
1.650513704531510500e+15,2.169702582442759042e-01
1.650513704533394750e+15,2.175794696047087251e-01
1.650513704535278750e+15,2.181886001357186688e-01
1.650513704537162750e+15,2.187977306667286126e-01
1.650513704539046750e+15,2.194068611977385563e-01
1.650513704540931000e+15,2.200160725581714050e-01
1.650513704542815000e+15,2.206252030891813209e-01
1.650513704544699000e+15,2.202808311164881072e-01
1.650513704546583000e+15,2.191872140484679432e-01
1.650513704548467250e+15,2.180934518614101036e-01
1.650513704550351250e+15,2.169998347933899674e-01
1.650513704552235250e+15,2.159062177253698311e-01
1.650513704554119250e+15,2.148126006573496394e-01
1.650513704556003500e+15,2.137188384702918276e-01
1.650513704557887500e+15,2.126252214022716636e-01
1.650513704559771500e+15,2.115316043342515273e-01
1.650513704561655750e+15,2.104378421471936877e-01
1.650513704563539750e+15,2.093442250791735237e-01
1.650513704565423750e+15,2.102884738870487435e-01
1.650513704567307750e+15,2.152055641539590281e-01
1.650513704569192000e+15,2.201233069010002652e-01
1.650513704571076000e+15,2.250403971679105497e-01
1.650513704572960000e+15,2.299574874348208064e-01
1.650513704574844000e+15,2.348745777017310910e-01
1.650513704576728250e+15,2.391506400445939096e-01
1.650513704578612250e+15,2.376458132784515509e-01
1.650513704580496250e+15,2.361409865123091645e-01
1.650513704582380250e+15,2.346361597461668058e-01
1.650513704584264500e+15,2.331311332949439763e-01
1.650513704586148500e+15,2.316263065288016176e-01
1.650513704588032500e+15,2.301214797626592312e-01
1.650513704589916750e+15,2.286164533114364017e-01
1.650513704591800750e+15,2.271116265452940430e-01
1.650513704593684750e+15,2.303146768492650709e-01
1.650513704595568750e+15,2.337906954573153728e-01
1.650513704597453000e+15,2.372671753204888268e-01
1.650513704599337000e+15,2.407431939285391564e-01
1.650513704601221000e+15,2.442192125365894861e-01
1.650513704603105000e+15,2.476952311446398158e-01
1.650513704604989250e+15,2.511717110078132698e-01
1.650513704606873250e+15,2.546477296158635717e-01
1.650513704608757250e+15,2.581237482239139291e-01
1.650513704610641250e+15,2.615997668319642311e-01
1.650513704612525500e+15,2.623615419028393347e-01
1.650513704614409500e+15,2.581753824903800787e-01
1.650513704616293500e+15,2.539892230779208782e-01
1.650513704618177750e+15,2.498025081772168865e-01
1.650513704620061750e+15,2.456163487647576305e-01
1.650513704621945750e+15,2.414301893522984299e-01
1.650513704623829750e+15,2.393010029101599045e-01
1.650513704625714000e+15,2.393010029101600433e-01
1.650513704627598000e+15,2.393010029101601543e-01
1.650513704629482000e+15,2.393010029101602931e-01
1.650513704631366000e+15,2.393010029101604319e-01
1.650513704633250250e+15,2.393010029101605152e-01
1.650513704635134250e+15,2.393010029101606262e-01
1.650513704637018250e+15,2.399503927715045115e-01
1.650513704638902250e+15,2.441655538353170174e-01
1.650513704640786500e+15,2.483812742357887626e-01
1.650513704642670500e+15,2.525964352996012963e-01
1.650513704644554500e+15,2.568115963634138299e-01
1.650513704646438750e+15,2.610273167638855751e-01
1.650513704648322750e+15,2.652424778276981088e-01
1.650513704650206750e+15,2.694576388915106424e-01
1.650513704652090750e+15,2.736727999553231760e-01
1.650513704653975000e+15,2.759124319812857884e-01
1.650513704655859000e+15,2.754268979724023847e-01
1.650513704657743000e+15,2.749413639635189810e-01
1.650513704659627000e+15,2.744558299546355218e-01
1.650513704661511250e+15,2.739702315171415603e-01
1.650513704663395250e+15,2.734846975082581011e-01
1.650513704665279250e+15,2.729991634993746974e-01
1.650513704667163250e+15,2.725136294904912382e-01
1.650513704669047500e+15,2.720280310529973322e-01
1.650513704670931500e+15,2.715424970441138730e-01
1.650513704672815500e+15,2.710569630352304138e-01
1.650513704674699750e+15,2.705713645977364523e-01
1.650513704676583750e+15,2.700858305888529931e-01
1.650513704678467750e+15,2.699806186678727071e-01
1.650513704680351750e+15,2.699806186678725406e-01
1.650513704682236000e+15,2.699806186678723741e-01
1.650513704684120000e+15,2.699806186678722630e-01
1.650513704686004000e+15,2.699806186678721520e-01
1.650513704687888000e+15,2.699806186678720410e-01
1.650513704689772250e+15,2.699806186678718745e-01
1.650513704691656250e+15,2.699806186678717079e-01
1.650513704693540250e+15,2.699806186678715969e-01
1.650513704695424250e+15,2.699806186678714859e-01
1.650513704697308500e+15,2.699806186678713193e-01
1.650513704699192500e+15,2.699806186678711528e-01
1.650513704701076500e+15,2.702896183891003723e-01
1.650513704702960750e+15,2.721769205762201715e-01
1.650513704704844750e+15,2.740639723583794818e-01
1.650513704706728750e+15,2.759510241405387365e-01
1.650513704708612750e+15,2.778380759226980468e-01
1.650513704710497000e+15,2.797253781098178460e-01
1.650513704712381000e+15,2.816124298919771007e-01
1.650513704714265000e+15,2.829318090637700234e-01
1.650513704716149000e+15,2.839598285584349902e-01
1.650513704718033250e+15,2.849879844675765050e-01
1.650513704719917250e+15,2.860160039622415273e-01
1.650513704721801250e+15,2.870440234569065496e-01
1.650513704723685250e+15,2.880720429515716274e-01
1.650513704725569500e+15,2.877324582895762206e-01
1.650513704727453500e+15,2.867851437589273855e-01
1.650513704729337500e+15,2.858378292282786060e-01
1.650513704731221750e+15,2.848903889924107591e-01
1.650513704733105750e+15,2.839430744617619240e-01
1.650513704734989750e+15,2.829957599311131444e-01
1.650513704736873750e+15,2.827773755378439335e-01
1.650513704738758000e+15,2.852149916454329026e-01
1.650513704740642000e+15,2.876522843330792667e-01
1.650513704742526000e+15,2.900895770207255753e-01
1.650513704744410000e+15,2.925268697083719394e-01
1.650513704746294250e+15,2.949644858159609084e-01
1.650513704748178250e+15,2.974017785036072170e-01
1.650513704750062250e+15,2.998390711912535256e-01
1.650513704751946250e+15,3.022763638788998897e-01
1.650513704753830500e+15,3.047139799864888587e-01
1.650513704755714500e+15,3.063203299324939177e-01
1.650513704757598500e+15,3.030545401966349139e-01
1.650513704759482750e+15,2.997883171022653892e-01
1.650513704761366750e+15,2.965225273664064409e-01
1.650513704763250750e+15,2.932567376305474371e-01
1.650513704765134750e+15,2.899909478946884889e-01
1.650513704767019000e+15,2.867247248003189086e-01
1.650513704768903000e+15,2.834589350644599604e-01
1.650513704770787000e+15,2.833341501919153238e-01
1.650513704772671000e+15,2.850495499867670701e-01
1.650513704774555250e+15,2.867651774089801098e-01
1.650513704776439250e+15,2.884805772038318006e-01
1.650513704778323250e+15,2.901959769986834914e-01
1.650513704780207250e+15,2.919113767935352932e-01
1.650513704782091500e+15,2.936270042157482774e-01
1.650513704783975500e+15,2.953424040105999682e-01
1.650513704785859500e+15,2.970578038054517145e-01
1.650513704787743750e+15,2.987734312276647541e-01
1.650513704789627750e+15,3.004888310225165005e-01
1.650513704791511750e+15,3.006602344255849824e-01
1.650513704793395750e+15,3.006602344255850379e-01
1.650513704795280000e+15,3.006602344255850934e-01
1.650513704797164000e+15,3.006602344255852044e-01
1.650513704799048000e+15,3.006602344255853154e-01
1.650513704800932000e+15,3.006602344255853709e-01
1.650513704802816250e+15,3.006602344255854264e-01
1.650513704804700250e+15,3.006602344255855375e-01
1.650513704806584250e+15,3.006602344255856485e-01
1.650513704808468250e+15,3.006602344255857595e-01
1.650513704810352500e+15,3.006602344255857595e-01
1.650513704812236500e+15,3.006602344255859260e-01
1.650513704814120500e+15,3.006602344255860926e-01
1.650513704816004750e+15,3.006602344255862036e-01
1.650513704817888750e+15,3.006602344255863701e-01
1.650513704819772750e+15,3.006602344255865367e-01
1.650513704821656750e+15,3.006602344255867032e-01
1.650513704823541000e+15,3.006602344255868697e-01
1.650513704825425000e+15,3.006602344255869808e-01
1.650513704827309000e+15,3.021728475775415368e-01
1.650513704829193000e+15,3.062323392844964465e-01
1.650513704831077250e+15,3.102923696713487667e-01
1.650513704832961250e+15,3.143518613783036764e-01
1.650513704834845250e+15,3.184113530852585305e-01
1.650513704836729250e+15,3.181442520558973031e-01
1.650513704838613500e+15,3.170420963649255297e-01
1.650513704840497500e+15,3.159400869066313899e-01
1.650513704842381500e+15,3.148380774483372502e-01
1.650513704844265750e+15,3.137359217573654768e-01
1.650513704846149750e+15,3.126339122990713371e-01
1.650513704848033750e+15,3.115319028407771973e-01
1.650513704849917750e+15,3.104298933824830020e-01
1.650513704851802000e+15,3.093277376915112842e-01
1.650513704853686000e+15,3.082257282332170889e-01
1.650513704855570000e+15,3.071237187749229491e-01
1.650513704857454000e+15,3.094896004034140558e-01
1.650513704859338250e+15,3.133227723410488275e-01
1.650513704861222250e+15,3.171554356980895717e-01
1.650513704863106250e+15,3.209880990551302604e-01
1.650513704864990250e+15,3.248207624121710047e-01
1.650513704866874500e+15,3.286539343498058319e-01
1.650513704868758500e+15,3.324865977068465761e-01
1.650513704870642500e+15,3.363192610638872648e-01
1.650513704872526750e+15,3.374757733348414113e-01
1.650513704874410750e+15,3.374757733348413558e-01
1.650513704876294750e+15,3.374757733348412447e-01
1.650513704878178750e+15,3.374757733348411892e-01
1.650513704880063000e+15,3.374757733348410782e-01
1.650513704881947000e+15,3.365678886629796529e-01
1.650513704883831000e+15,3.331538073819678702e-01
1.650513704885715000e+15,3.297397261009561431e-01
1.650513704887599250e+15,3.263251917836810234e-01
1.650513704889483250e+15,3.229111105026692963e-01
1.650513704891367250e+15,3.194970292216575136e-01
1.650513704893251250e+15,3.195167629003878851e-01
1.650513704895135500e+15,3.200300876439075015e-01
1.650513704897019500e+15,3.205433442801239874e-01
1.650513704898903500e+15,3.210566009163403622e-01
1.650513704900787750e+15,3.215699256598599787e-01
1.650513704902671750e+15,3.220831822960764645e-01
1.650513704904555750e+15,3.225964389322928394e-01
1.650513704906439750e+15,3.231096955685093253e-01
1.650513704908324000e+15,3.236230203120288862e-01
1.650513704910208000e+15,3.241362769482453166e-01
1.650513704912092000e+15,3.246495335844618579e-01
1.650513704913976000e+15,3.251627902206782883e-01
1.650513704915860250e+15,3.245510269886333621e-01
1.650513704917744250e+15,3.238413407453094583e-01
1.650513704919628250e+15,3.231316545019854436e-01
1.650513704921512250e+15,3.224219682586614844e-01
1.650513704923396500e+15,3.217121878425345249e-01
1.650513704925280500e+15,3.210025015992105657e-01
1.650513704927164500e+15,3.202928153558866065e-01
1.650513704929048750e+15,3.195830349397595915e-01
1.650513704930932750e+15,3.195199335108520611e-01
1.650513704932816750e+15,3.211676072875772059e-01
1.650513704934700750e+15,3.228152810643024617e-01
1.650513704936585000e+15,3.244631734813908097e-01
1.650513704938469000e+15,3.257778381265643564e-01
1.650513704940353000e+15,3.268205078494386129e-01
1.650513704942237000e+15,3.278631775723128694e-01
1.650513704944121250e+15,3.289059856536961091e-01
1.650513704946005250e+15,3.299486553765704211e-01
1.650513704947889250e+15,3.309913250994447331e-01
1.650513704949773250e+15,3.320339948223189896e-01
1.650513704951657500e+15,3.330768029037021738e-01
1.650513704953541500e+15,3.341194726265764858e-01
1.650513704955425500e+15,3.351621423494507979e-01
1.650513704957309750e+15,3.362049504308339265e-01
1.650513704959193750e+15,3.372476201537082385e-01
1.650513704961077750e+15,3.420532228059654511e-01
1.650513704962961750e+15,3.479128557623762941e-01
1.650513704964846000e+15,3.537732662709310860e-01
1.650513704966730000e+15,3.596328992273419289e-01
1.650513704968614000e+15,3.654925321837528274e-01
1.650513704970498000e+15,3.713521651401636148e-01
1.650513704972382250e+15,3.742913122440957863e-01
1.650513704974266250e+15,3.742913122440957308e-01
1.650513704976150250e+15,3.742913122440957308e-01
1.650513704978034250e+15,3.742913122440956197e-01
1.650513704979918500e+15,3.742913122440955087e-01
1.650513704981802500e+15,3.742913122440955087e-01
1.650513704983686500e+15,3.742913122440954532e-01
1.650513704985570750e+15,3.742007426074202003e-01
1.650513704987454750e+15,3.731774550782084310e-01
1.650513704989338750e+15,3.721541675489967727e-01
1.650513704991222750e+15,3.711308800197850033e-01
1.650513704993107000e+15,3.701074567040115171e-01
1.650513704994991000e+15,3.690841691747998032e-01
1.650513704996875000e+15,3.681553890925535200e-01
1.650513704998759000e+15,3.681553890925534644e-01
1.650513705000643250e+15,3.681553890925535200e-01
1.650513705002527250e+15,3.681553890925535200e-01
1.650513705004411250e+15,3.681553890925535200e-01
1.650513705006295250e+15,3.681553890925535200e-01
1.650513705008179500e+15,3.681553890925535200e-01
1.650513705010063500e+15,3.681553890925535200e-01
1.650513705011947500e+15,3.681553890925535200e-01
1.650513705013831750e+15,3.681553890925535200e-01
1.650513705015715750e+15,3.681553890925534644e-01
1.650513705017599750e+15,3.681553890925535755e-01
1.650513705019483750e+15,3.681553890925537420e-01
1.650513705021368000e+15,3.681553890925538530e-01
1.650513705023252000e+15,3.681553890925540751e-01
1.650513705025136000e+15,3.681553890925542416e-01
1.650513705027020000e+15,3.681553890925543526e-01
1.650513705028904250e+15,3.674240822529875050e-01
1.650513705030788250e+15,3.661819978845006207e-01
1.650513705032672250e+15,3.649399135160137364e-01
1.650513705034556250e+15,3.636978291475268521e-01
1.650513705036440500e+15,3.624555799589273541e-01
1.650513705038324500e+15,3.623785452159158926e-01
1.650513705040208500e+15,3.629319238285299010e-01
1.650513705042092750e+15,3.634853758724884143e-01
1.650513705043976750e+15,3.640387544851023671e-01
1.650513705045860750e+15,3.645921330977163755e-01
1.650513705047744750e+15,3.651455117103303838e-01
1.650513705049629000e+15,3.656989637542888416e-01
1.650513705051513000e+15,3.662523423669027944e-01
1.650513705053397000e+15,3.668057209795168028e-01
1.650513705055281000e+15,3.673590995921307556e-01
1.650513705057165250e+15,3.679125516360892689e-01
1.650513705059049250e+15,3.681553890925534644e-01
1.650513705060933250e+15,3.681553890925534644e-01
1.650513705062817250e+15,3.681553890925534644e-01
1.650513705064701500e+15,3.681553890925535200e-01
1.650513705066585500e+15,3.681553890925535200e-01
1.650513705068469500e+15,3.681553890925535200e-01
1.650513705070353750e+15,3.684538211632969462e-01
1.650513705072237750e+15,3.689099120343419802e-01
1.650513705074121750e+15,3.693660029053869032e-01
1.650513705076005750e+15,3.698220937764318261e-01
1.650513705077890000e+15,3.702782451690892485e-01
1.650513705079774000e+15,3.707343360401342269e-01
1.650513705081658000e+15,3.711904269111791499e-01
1.650513705083542000e+15,3.716465177822241284e-01
1.650513705085426250e+15,3.721026691748814397e-01
1.650513705087310250e+15,3.725587600459264737e-01
1.650513705089194250e+15,3.730148509169714521e-01
1.650513705091078250e+15,3.734709417880164306e-01
1.650513705092962500e+15,3.739270931806737419e-01
1.650513705094846500e+15,3.741706852840870345e-01
1.650513705096730500e+15,3.735718415616717802e-01
1.650513705098614750e+15,3.729729183748560217e-01
1.650513705100498750e+15,3.723740746524407119e-01
1.650513705102382750e+15,3.717752309300254576e-01
1.650513705104266750e+15,3.711763872076102588e-01
1.650513705106151000e+15,3.705774640207944448e-01
1.650513705108035000e+15,3.699786202983791905e-01
1.650513705109919000e+15,3.693797765759639362e-01
1.650513705111803000e+15,3.687809328535486819e-01
1.650513705113687250e+15,3.681820096667328679e-01
1.650513705115571250e+15,3.689442340296080758e-01
1.650513705117455250e+15,3.697697770716350529e-01
1.650513705119339250e+15,3.705953201136620301e-01
1.650513705121223500e+15,3.714209727022710350e-01
1.650513705123107500e+15,3.722465157442980122e-01
1.650513705124991500e+15,3.730720587863251003e-01
1.650513705126875750e+15,3.738977113749340497e-01
1.650513705128759750e+15,3.742913122440958418e-01
1.650513705130643750e+15,3.742913122440958418e-01
1.650513705132527750e+15,3.742913122440958973e-01
1.650513705134412000e+15,3.742913122440958418e-01
1.650513705136296000e+15,3.742913122440958973e-01
1.650513705138180000e+15,3.742913122440958418e-01
1.650513705140064000e+15,3.780772361406080639e-01
1.650513705141948250e+15,3.825836335518545406e-01
1.650513705143832250e+15,3.870894330597692834e-01
1.650513705145716250e+15,3.915952325676840262e-01
1.650513705147600250e+15,3.961010320755987135e-01
1.650513705149484500e+15,4.006074294868451902e-01
1.650513705151368500e+15,4.049375684049957291e-01
1.650513705153252500e+15,4.038812746168465861e-01
1.650513705155136750e+15,4.028248406623242683e-01
1.650513705157020750e+15,4.017685468741750698e-01
1.650513705158904750e+15,4.007122530860259269e-01
1.650513705160788750e+15,3.996559592978767839e-01
1.650513705162673000e+15,3.985995253433544105e-01
1.650513705164557000e+15,3.975432315552052676e-01
1.650513705166441000e+15,3.964869377670561246e-01
1.650513705168325000e+15,3.954306439789069261e-01
1.650513705170209250e+15,3.943742100243845528e-01
1.650513705172093250e+15,3.933179162362354653e-01
1.650513705173977250e+15,3.921919255505267876e-01
1.650513705175861250e+15,3.909673408876553902e-01
1.650513705177745500e+15,3.897425937268190754e-01
1.650513705179629500e+15,3.885180090639476225e-01
1.650513705181513500e+15,3.872934244010761140e-01
1.650513705183397750e+15,3.877794975216118933e-01
1.650513705185281750e+15,3.907917651888157540e-01
1.650513705187165750e+15,3.938040328560196146e-01
1.650513705189049750e+15,3.968163005232234752e-01
1.650513705190934000e+15,3.998289679074744640e-01
1.650513705192818000e+15,4.028412355746783247e-01
1.650513705194702000e+15,4.058599121434505186e-01
1.650513705196586000e+15,4.088940536703550843e-01
1.650513705198470250e+15,4.119285978168890638e-01
1.650513705200354250e+15,4.149627393437936851e-01
1.650513705202238250e+15,4.179968808706982508e-01
1.650513705204122250e+15,4.210310223976029276e-01
1.650513705206006500e+15,4.236139731216481130e-01
1.650513705207890500e+15,4.246532682054839913e-01
1.650513705209774500e+15,4.256925632893198141e-01
1.650513705211658750e+15,4.267319962838620473e-01
1.650513705213542750e+15,4.277712913676978701e-01
1.650513705215426750e+15,4.288105864515336374e-01
1.650513705217310750e+15,4.289500890499215457e-01
1.650513705219195000e+15,4.271998322201852050e-01
1.650513705221079000e+15,4.254498076123980344e-01
1.650513705222963000e+15,4.236997830046106972e-01
1.650513705224847000e+15,4.219497583968233601e-01
1.650513705226731250e+15,4.201995015670871303e-01
1.650513705228615250e+15,4.184494769592997931e-01
1.650513705230499250e+15,4.166994523515125115e-01
1.650513705232383250e+15,4.149494277437252299e-01
1.650513705234267500e+15,4.131991709139890001e-01
1.650513705236151500e+15,4.114491463062016630e-01
1.650513705238035500e+15,4.103718692108790922e-01
1.650513705239919750e+15,4.094580521702300135e-01
1.650513705241803750e+15,4.085443563737152228e-01
1.650513705243687750e+15,4.076306605772004321e-01
1.650513705245571750e+15,4.067169647806856414e-01
1.650513705247456000e+15,4.058031477400365628e-01
1.650513705249340000e+15,4.050561632498218545e-01
1.650513705251224000e+15,4.060120156739582264e-01
1.650513705253108000e+15,4.069678680980945429e-01
1.650513705254992250e+15,4.079238473603975512e-01
1.650513705256876250e+15,4.088796997845338677e-01
1.650513705258760250e+15,4.098355522086702396e-01
1.650513705260644250e+15,4.107914046328066116e-01
1.650513705262528500e+15,4.107470126649262476e-01
1.650513705264412500e+15,4.102100338829908766e-01
1.650513705266296500e+15,4.096730551010556165e-01
1.650513705268180750e+15,4.091360050639740731e-01
1.650513705270064750e+15,4.085990262820388130e-01
1.650513705271948750e+15,4.080620475001034975e-01
1.650513705273832750e+15,4.075250687181681819e-01
1.650513705275717000e+15,4.069880186810866385e-01
1.650513705277601000e+15,4.064510398991513784e-01
1.650513705279485000e+15,4.059140611172160629e-01
1.650513705281369000e+15,4.053770823352807473e-01
1.650513705283253250e+15,4.052176596984523038e-01
1.650513705285137250e+15,4.062298371975769928e-01
1.650513705287021250e+15,4.072420146967017374e-01
1.650513705288905250e+15,4.082541921958263709e-01
1.650513705290789500e+15,4.092665040072519522e-01
1.650513705292673500e+15,4.102786815063766412e-01
1.650513705294557500e+15,4.111068511533516046e-01
1.650513705296441750e+15,4.111068511533515490e-01
1.650513705298325750e+15,4.111068511533516046e-01
1.650513705300209750e+15,4.111068511533515490e-01
1.650513705302093750e+15,4.111068511533515490e-01
1.650513705303978000e+15,4.111068511533515490e-01
1.650513705305862000e+15,4.111068511533515490e-01
1.650513705307746000e+15,4.128349542742640876e-01
1.650513705309630000e+15,4.146024603979336365e-01
1.650513705311514250e+15,4.163702010632862605e-01
1.650513705313398250e+15,4.181377071869557538e-01
1.650513705315282250e+15,4.199052133106252471e-01
1.650513705317166250e+15,4.216727194342947960e-01
1.650513705319050500e+15,4.234404600996474199e-01
1.650513705320934500e+15,4.252079662233169133e-01
1.650513705322818500e+15,4.269754723469864066e-01
1.650513705324702750e+15,4.287432130123390306e-01
1.650513705326586750e+15,4.307321157315361915e-01
1.650513705328470750e+15,4.328924743967400568e-01
1.650513705330354750e+15,4.350528330619438666e-01
1.650513705332239000e+15,4.372134783989450879e-01
1.650513705334123000e+15,4.393738370641490087e-01
1.650513705336007000e+15,4.415341957293528186e-01
1.650513705337891000e+15,4.436945543945566284e-01
1.650513705339775250e+15,4.458551997315578497e-01
1.650513705341659250e+15,4.476365551331870640e-01
1.650513705343543250e+15,4.410087027390124925e-01
1.650513705345427250e+15,4.343808503448379765e-01
1.650513705347311500e+15,4.277521184585728609e-01
1.650513705349195500e+15,4.211242660643982894e-01
1.650513705351079500e+15,4.144964136702237179e-01
1.650513705352963750e+15,4.106227751322922281e-01
1.650513705354847750e+15,4.096322790978900175e-01
1.650513705356731750e+15,4.086417830634878623e-01
1.650513705358615750e+15,4.076512870290857626e-01
1.650513705360500000e+15,4.066606595594349227e-01
1.650513705362384000e+15,4.056701635250328231e-01
1.650513705364268000e+15,4.061101995312442758e-01
1.650513705366152000e+15,4.099845453100481873e-01
1.650513705368036250e+15,4.138594052005530877e-01
1.650513705369920250e+15,4.177337509793570547e-01
1.650513705371804250e+15,4.216080967581609107e-01
1.650513705373688250e+15,4.254824425369648777e-01
1.650513705375572500e+15,4.293573024274697780e-01
1.650513705377456500e+15,4.306663606875687500e-01
1.650513705379340500e+15,4.318668466128512406e-01
1.650513705381224750e+15,4.330674918382829697e-01
1.650513705383108750e+15,4.342679777635654048e-01
1.650513705384992750e+15,4.354684636888479510e-01
1.650513705386876750e+15,4.366689496141303306e-01
1.650513705388761000e+15,4.378695948395621151e-01
1.650513705390645000e+15,4.390700807648446058e-01
1.650513705392529000e+15,4.402705666901270964e-01
1.650513705394413000e+15,4.414710526154095316e-01
1.650513705396297250e+15,4.417864669110649345e-01
1.650513705398181250e+15,4.417864669110649345e-01
1.650513705400065250e+15,4.417864669110649345e-01
1.650513705401949250e+15,4.417864669110649345e-01
1.650513705403833500e+15,4.417864669110649345e-01
1.650513705405717500e+15,4.417864669110649345e-01
1.650513705407601500e+15,4.417864669110648790e-01
1.650513705409485750e+15,4.417864669110649345e-01
1.650513705411369750e+15,4.417864669110649345e-01
1.650513705413253750e+15,4.417864669110649345e-01
1.650513705415137750e+15,4.417864669110649345e-01
1.650513705417022000e+15,4.417864669110649345e-01
1.650513705418906000e+15,4.417864669110649345e-01
1.650513705420790000e+15,4.426532418002265823e-01
1.650513705422674000e+15,4.436459493328591130e-01
1.650513705424558250e+15,4.446387885941981422e-01
1.650513705426442250e+15,4.456314961268306729e-01
1.650513705428326250e+15,4.466242036594632037e-01
1.650513705430210250e+15,4.476169111920957344e-01
1.650513705432094500e+15,4.479223900626072008e-01
1.650513705433978500e+15,4.479223900626071453e-01
1.650513705435862500e+15,4.479223900626070898e-01
1.650513705437746750e+15,4.479223900626070343e-01
1.650513705439630750e+15,4.479223900626069232e-01
1.650513705441514750e+15,4.479223900626068677e-01
1.650513705443398750e+15,4.485294484395497827e-01
1.650513705445283000e+15,4.501388043969960506e-01
1.650513705447167000e+15,4.517479468270497178e-01
1.650513705449051000e+15,4.533570892571033850e-01
1.650513705450935000e+15,4.549662316871571632e-01
1.650513705452819250e+15,4.565755876446033201e-01
1.650513705454703250e+15,4.581847300746569873e-01
1.650513705456587250e+15,4.597938725047107100e-01
1.650513705458471250e+15,4.591887520560499203e-01
1.650513705460355500e+15,4.578500600861208358e-01
1.650513705462239500e+15,4.565115457322153625e-01
1.650513705464123500e+15,4.551730313783099446e-01
1.650513705466007750e+15,4.538343394083808602e-01
1.650513705467891750e+15,4.524958250544753868e-01
1.650513705469775750e+15,4.511573107005699690e-01
1.650513705471659750e+15,4.498187963466644956e-01
1.650513705473544000e+15,4.484801043767354112e-01
1.650513705475428000e+15,4.481902821468105591e-01
1.650513705477312000e+15,4.486495257197289921e-01
1.650513705479196000e+15,4.491087692926473696e-01
1.650513705481080250e+15,4.495680738055303771e-01
1.650513705482964250e+15,4.500273173784488101e-01
1.650513705484848250e+15,4.504865609513671876e-01
1.650513705486732250e+15,4.509458045242856206e-01
1.650513705488616500e+15,4.514051090371685726e-01
1.650513705490500500e+15,4.518643526100869501e-01
1.650513705492384500e+15,4.523235961830054386e-01
1.650513705494268750e+15,4.527829006958883906e-01
1.650513705496152750e+15,4.532421442688068236e-01
1.650513705498036750e+15,4.537013878417252566e-01
1.650513705499920750e+15,4.540583132141486900e-01
1.650513705501805000e+15,4.540583132141486900e-01
1.650513705503689000e+15,4.540583132141486900e-01
1.650513705505573000e+15,4.540583132141486900e-01
1.650513705507457000e+15,4.540583132141486900e-01
1.650513705509341250e+15,4.540583132141487455e-01
1.650513705511225250e+15,4.543852570580783623e-01
1.650513705513109250e+15,4.559127516692711435e-01
1.650513705514993250e+15,4.574402462804637581e-01
1.650513705516877500e+15,4.589679435846781841e-01
1.650513705518761500e+15,4.604974212364499886e-01
1.650513705520645500e+15,4.620349725056535628e-01
1.650513705522529750e+15,4.635727278023609177e-01
1.650513705524413750e+15,4.651102790715645474e-01
1.650513705526297750e+15,4.666478303407681216e-01
1.650513705528181750e+15,4.681853816099716958e-01
1.650513705530066000e+15,4.697231369066791062e-01
1.650513705531950000e+15,4.712606881758826805e-01
1.650513705533834000e+15,4.722571193416351676e-01
1.650513705535718000e+15,4.712898296405635956e-01
1.650513705537602250e+15,4.703224115836400765e-01
1.650513705539486250e+15,4.693551218825685600e-01
1.650513705541370250e+15,4.683878321814969881e-01
1.650513705543254250e+15,4.674205424804254716e-01
1.650513705545138500e+15,4.664531244235018970e-01
1.650513705547022500e+15,4.663301595172351099e-01
1.650513705548906500e+15,4.663301595172351099e-01
1.650513705550790750e+15,4.663301595172351099e-01
1.650513705552674750e+15,4.663301595172351099e-01
1.650513705554558750e+15,4.663301595172351099e-01
1.650513705556442750e+15,4.663301595172351099e-01
1.650513705558327000e+15,4.663301595172351099e-01
1.650513705560211000e+15,4.663301595172351099e-01
1.650513705562095000e+15,4.663301595172351099e-01
1.650513705563979000e+15,4.663610536043413801e-01
1.650513705565863250e+15,4.668421460310345772e-01
1.650513705567747250e+15,4.673231746269693732e-01
1.650513705569631250e+15,4.678042032229041136e-01
1.650513705571515250e+15,4.682852318188389096e-01
1.650513705573399500e+15,4.687663242455320511e-01
1.650513705575283500e+15,4.692473528414669026e-01
1.650513705577167500e+15,4.697283814374016431e-01
1.650513705579051750e+15,4.702094738640948401e-01
1.650513705580935750e+15,4.706905024600295806e-01
1.650513705582819750e+15,4.711715310559643766e-01
1.650513705584703750e+15,4.716525596518991170e-01
1.650513705586588000e+15,4.721336520785923141e-01
1.650513705588472000e+15,4.711473576783047346e-01
1.650513705590356000e+15,4.668784953380143987e-01
1.650513705592240000e+15,4.626096329977239519e-01
1.650513705594124250e+15,4.583402041948088645e-01
1.650513705596008250e+15,4.540713418545184732e-01
1.650513705597892250e+15,4.571756509635088173e-01
1.650513705599776250e+15,4.603025320069239479e-01
1.650513705601660500e+15,4.634298279761676076e-01
1.650513705603544500e+15,4.665567090195826827e-01
1.650513705605428500e+15,4.696835900629978688e-01
1.650513705607312750e+15,4.724660826687756554e-01
1.650513705609196750e+15,4.724660826687757109e-01
1.650513705611080750e+15,4.724660826687757664e-01
1.650513705612964750e+15,4.724660826687758775e-01
1.650513705614849000e+15,4.724660826687758775e-01
1.650513705616733000e+15,4.724660826687759885e-01
1.650513705618617000e+15,4.724660826687760995e-01
1.650513705620501000e+15,4.724660826687760995e-01
1.650513705622385250e+15,4.724660826687761550e-01
1.650513705624269250e+15,4.724660826687763215e-01
1.650513705626153250e+15,4.724660826687763771e-01
1.650513705628037250e+15,4.724660826687764326e-01
1.650513705629921500e+15,4.724660826687764881e-01
1.650513705631805500e+15,4.724660826687765991e-01
1.650513705633689500e+15,4.724660826687765436e-01
1.650513705635573750e+15,4.724660826687765991e-01
1.650513705637457750e+15,4.724660826687765436e-01
1.650513705639341750e+15,4.724660826687765991e-01
1.650513705641225750e+15,4.724660826687765436e-01
1.650513705643110000e+15,4.724660826687765436e-01
1.650513705644994000e+15,4.724660826687765436e-01
1.650513705646878000e+15,4.724660826687765436e-01
1.650513705648762000e+15,4.724660826687765436e-01
1.650513705650646250e+15,4.724660826687765436e-01
1.650513705652530250e+15,4.724660826687765436e-01
1.650513705654414250e+15,4.724149457250619855e-01
1.650513705656298250e+15,4.714539282491699290e-01
1.650513705658182500e+15,4.704927832497274309e-01
1.650513705660066500e+15,4.695317657738354300e-01
1.650513705661950500e+15,4.685707482979433181e-01
1.650513705663834750e+15,4.676096032985008755e-01
1.650513705665718750e+15,4.666485858226087635e-01
1.650513705667602750e+15,4.670104736512031285e-01
1.650513705669486750e+15,4.680279071327647644e-01
1.650513705671371000e+15,4.690454756240771683e-01
1.650513705673255000e+15,4.700629091056389153e-01
1.650513705675139000e+15,4.710803425872006622e-01
1.650513705677023000e+15,4.720977760687623537e-01
1.650513705678907250e+15,4.731096800871097408e-01
1.650513705680791250e+15,4.741182369897018467e-01
1.650513705682675250e+15,4.751267938922939527e-01
1.650513705684559250e+15,4.761353507948860586e-01
1.650513705686443500e+15,4.771440415293389248e-01
1.650513705688327500e+15,4.781525984319309752e-01
1.650513705690211500e+15,4.786020058203206418e-01
1.650513705692095750e+15,4.786020058203206973e-01
1.650513705693979750e+15,4.786020058203206418e-01
1.650513705695863750e+15,4.786020058203206418e-01
1.650513705697747750e+15,4.786020058203206418e-01
1.650513705699632000e+15,4.788545945663031933e-01
1.650513705701516000e+15,4.794041063416277781e-01
1.650513705703400000e+15,4.799536181169524185e-01
1.650513705705284000e+15,4.805031298922770033e-01
1.650513705707168250e+15,4.810527145858308762e-01
1.650513705709052250e+15,4.816022263611554610e-01
1.650513705710936250e+15,4.821517381364801014e-01
1.650513705712820250e+15,4.827012499118047417e-01
1.650513705714704500e+15,4.832508346053585035e-01
1.650513705716588500e+15,4.838003463806832549e-01
1.650513705718472500e+15,4.843498581560078398e-01
1.650513705720356750e+15,4.850888050978302002e-01
1.650513705722240750e+15,4.862825759715529439e-01
1.650513705724124750e+15,4.874763468452756876e-01
1.650513705726008750e+15,4.886701177189983758e-01
1.650513705727893000e+15,4.898640470018073567e-01
1.650513705729777000e+15,4.910578178755300449e-01
1.650513705731661000e+15,4.922515887492527886e-01
1.650513705733545000e+15,4.934453596229755323e-01
1.650513705735429250e+15,4.946392889057844577e-01
1.650513705737313250e+15,4.958330597795072014e-01
1.650513705739197250e+15,4.970268306532298896e-01
1.650513705741081250e+15,4.982206015269526334e-01
1.650513705742965500e+15,4.994145308097615588e-01
1.650513705744849500e+15,5.006083016834843580e-01
1.650513705746733500e+15,5.018020725572071017e-01
1.650513705748617750e+15,5.029960018400159161e-01
1.650513705750501750e+15,5.008830896376447184e-01
1.650513705752385750e+15,4.982960740356513485e-01
1.650513705754269750e+15,4.957090584336580896e-01
1.650513705756154000e+15,4.931216995440318440e-01
1.650513705758038000e+15,4.905346839420385852e-01
1.650513705759922000e+15,4.879476683400453263e-01
1.650513705761806000e+15,4.853606527380520119e-01
1.650513705763690250e+15,4.827732938484257663e-01
1.650513705765574250e+15,4.801862782464324519e-01
1.650513705767458250e+15,4.789662506588673319e-01
1.650513705769342250e+15,4.799059798965624735e-01
1.650513705771226500e+15,4.808458338329357207e-01
1.650513705773110500e+15,4.817855630706309178e-01
1.650513705774994500e+15,4.827252923083260594e-01
1.650513705776878750e+15,4.836651462446993621e-01
1.650513705778762750e+15,4.846048754823945592e-01
1.650513705780646750e+15,4.855446047200897564e-01
1.650513705782530750e+15,4.864843339577848980e-01
1.650513705784415000e+15,4.874241878941580897e-01
1.650513705786299000e+15,4.883639171318533423e-01
1.650513705788183000e+15,4.893036463695485394e-01
1.650513705790067000e+15,4.902433756072437365e-01
1.650513705791951250e+15,4.908738521234043972e-01
1.650513705793835250e+15,4.908738521234043972e-01
1.650513705795719250e+15,4.908738521234043972e-01
1.650513705797603250e+15,4.908738521234043972e-01
1.650513705799487500e+15,4.908738521234043972e-01
1.650513705801371500e+15,4.908738521234043972e-01
1.650513705803255500e+15,4.908738521234043972e-01
1.650513705805139750e+15,4.908738521234043972e-01
1.650513705807023750e+15,4.908738521234043972e-01
1.650513705808907750e+15,4.908738521234043972e-01
1.650513705810791750e+15,4.908738521234044527e-01
1.650513705812676000e+15,4.908738521234044527e-01
1.650513705814560000e+15,4.899776935925249655e-01
1.650513705816444000e+15,4.887811218900608434e-01
1.650513705818328000e+15,4.875845501875967214e-01
1.650513705820212250e+15,4.863878197043866036e-01
1.650513705822096250e+15,4.851912480019224816e-01
1.650513705823980250e+15,4.862850197650451234e-01
1.650513705825864250e+15,4.887757004352923373e-01
1.650513705827748500e+15,4.912667116098747844e-01
1.650513705829632500e+15,4.937573922801220538e-01
1.650513705831516500e+15,4.962480729503691568e-01
1.650513705833400750e+15,4.987390841249516593e-01
1.650513705835284750e+15,5.012297647951988733e-01
1.650513705837168750e+15,5.031456984264917054e-01
1.650513705839052750e+15,5.031456984264917054e-01
1.650513705840937000e+15,5.031456984264917054e-01
1.650513705842821000e+15,5.031456984264917054e-01
1.650513705844705000e+15,5.031456984264917054e-01
1.650513705846589000e+15,5.031456984264917054e-01
1.650513705848473250e+15,5.031456984264917054e-01
1.650513705850357250e+15,5.031456984264917054e-01
1.650513705852241250e+15,5.031456984264917054e-01
1.650513705854125250e+15,5.031456984264917054e-01
1.650513705856009500e+15,5.031456984264917054e-01
1.650513705857893500e+15,5.031456984264917054e-01
1.650513705859777500e+15,5.080131120911312026e-01
1.650513705861661750e+15,5.149743448786811006e-01
1.650513705863545750e+15,5.219346540583249539e-01
1.650513705865429750e+15,5.288949632379689181e-01
1.650513705867313750e+15,5.358552724176127713e-01
1.650513705869198000e+15,5.428165052051627804e-01
1.650513705871082000e+15,5.438540408473775400e-01
1.650513705872966000e+15,5.396110314080289072e-01
1.650513705874850000e+15,5.353680219686802744e-01
1.650513705876734250e+15,5.311244494972935382e-01
1.650513705878618250e+15,5.268814400579449053e-01
1.650513705880502250e+15,5.226384306185962725e-01
1.650513705882386250e+15,5.221037075843393271e-01
1.650513705884270500e+15,5.228430829887193987e-01
1.650513705886154500e+15,5.235823602936693355e-01
1.650513705888038500e+15,5.243216375986192723e-01
1.650513705889922750e+15,5.250610130029992328e-01
1.650513705891806750e+15,5.258002903079492807e-01
1.650513705893690750e+15,5.265395676128991065e-01
1.650513705895574750e+15,5.272788449178490433e-01
1.650513705897459000e+15,5.289946635663358432e-01
1.650513705899343000e+15,5.319291903604230765e-01
1.650513705901227000e+15,5.348637171545100877e-01
1.650513705903111000e+15,5.377982439485973210e-01
1.650513705904995250e+15,5.407331601437983526e-01
1.650513705906879250e+15,5.436676869378855859e-01
1.650513705908763250e+15,5.458989464816221826e-01
1.650513705910647250e+15,5.447472573939500240e-01
1.650513705912531500e+15,5.435954154812927541e-01
1.650513705914415500e+15,5.424437263936205955e-01
1.650513705916299500e+15,5.412920373059485479e-01
1.650513705918183750e+15,5.401401953932911670e-01
1.650513705920067750e+15,5.389885063056192305e-01
1.650513705921951750e+15,5.378368172179470719e-01
1.650513705923835750e+15,5.366851281302749133e-01
1.650513705925720000e+15,5.355332862176176434e-01
1.650513705927604000e+15,5.343815971299454848e-01
1.650513705929488000e+15,5.332963131530352729e-01
1.650513705931372000e+15,5.322730709120524484e-01
1.650513705933256250e+15,5.312496928905174887e-01
1.650513705935140250e+15,5.302264506495347751e-01
1.650513705937024250e+15,5.292032084085519505e-01
1.650513705938908250e+15,5.281799661675691260e-01
1.650513705940792500e+15,5.271565881460341663e-01
1.650513705942676500e+15,5.261333459050513417e-01
1.650513705944560500e+15,5.251101036640686281e-01
1.650513705946444750e+15,5.240867256425335574e-01
1.650513705948328750e+15,5.230634834015507328e-01
1.650513705950212750e+15,5.220402411605680193e-01
1.650513705952096750e+15,5.218048264616161891e-01
1.650513705953981000e+15,5.222843226957856189e-01
1.650513705955865000e+15,5.227637553109775181e-01
1.650513705957749000e+15,5.232431879261694174e-01
1.650513705959633000e+15,5.237226205413612057e-01
1.650513705961517250e+15,5.242021167755306355e-01
1.650513705963401250e+15,5.246815493907224237e-01
1.650513705965285250e+15,5.251609820059143230e-01
1.650513705967169250e+15,5.256404146211061112e-01
1.650513705969053500e+15,5.261199108552756520e-01
1.650513705970937500e+15,5.265993434704674403e-01
1.650513705972821500e+15,5.270787760856593396e-01
1.650513705974705750e+15,5.275582723198287693e-01
1.650513705976589750e+15,5.276893910326616588e-01
1.650513705978473750e+15,5.276893910326613257e-01
1.650513705980357750e+15,5.276893910326609927e-01
1.650513705982242000e+15,5.276893910326606596e-01
1.650513705984126000e+15,5.276893910326603265e-01
1.650513705986010000e+15,5.276893910326602155e-01
1.650513705987894000e+15,5.276893910326604376e-01
1.650513705989778250e+15,5.276893910326606596e-01
1.650513705991662250e+15,5.276893910326609927e-01
1.650513705993546250e+15,5.276893910326611037e-01
1.650513705995430250e+15,5.276893910326614368e-01
1.650513705997314500e+15,5.276893910326616588e-01
1.650513705999198500e+15,5.281374768492489435e-01
1.650513706001082500e+15,5.326159579020357526e-01
1.650513706002966750e+15,5.370950332330938215e-01
1.650513706004850750e+15,5.415735142858805196e-01
1.650513706006734750e+15,5.460519953386673286e-01
1.650513706008618750e+15,5.505304763914540267e-01
1.650513706010503000e+15,5.525593496062809473e-01
1.650513706012387000e+15,5.530856210811742057e-01
1.650513706014271000e+15,5.536118925560674642e-01
1.650513706016155000e+15,5.541381640309608336e-01
1.650513706018039250e+15,5.546645053401793035e-01
1.650513706019923250e+15,5.551907768150725619e-01
1.650513706021807250e+15,5.557170482899658204e-01
1.650513706023691250e+15,5.562433197648590788e-01
1.650513706025575500e+15,5.567696610740775487e-01
1.650513706027459500e+15,5.572959325489709181e-01
1.650513706029343500e+15,5.578222040238641766e-01
1.650513706031227750e+15,5.583485453330827575e-01
1.650513706033111750e+15,5.575221605368174682e-01
1.650513706034995750e+15,5.566410569379222073e-01
1.650513706036879750e+15,5.557599533390269464e-01
1.650513706038764000e+15,5.548787328208643066e-01
1.650513706040648000e+15,5.539976292219690457e-01
1.650513706042532000e+15,5.531165256230738958e-01
1.650513706044416000e+15,5.522354220241785239e-01
1.650513706046300250e+15,5.527757158074210198e-01
1.650513706048184250e+15,5.533197195353034559e-01
1.650513706050068250e+15,5.538637232631858920e-01
1.650513706051952250e+15,5.544077269910683281e-01
1.650513706053836500e+15,5.549518029062819879e-01
1.650513706055720500e+15,5.554958066341644241e-01
1.650513706057604500e+15,5.560398103620469712e-01
1.650513706059488750e+15,5.565838862772605200e-01
1.650513706061372750e+15,5.571278900051430671e-01
1.650513706063256750e+15,5.576718937330255033e-01
1.650513706065140750e+15,5.582158974609079394e-01
1.650513706067025000e+15,5.591318421541756623e-01
1.650513706068909000e+15,5.601932762940624588e-01
1.650513706070793000e+15,5.612547104339493664e-01
1.650513706072677000e+15,5.623161445738361630e-01
1.650513706074561250e+15,5.633777195622022838e-01
1.650513706076445250e+15,5.644391537020890803e-01
1.650513706078329250e+15,5.657556462267550046e-01
1.650513706080213250e+15,5.670889886970555960e-01
1.650513706082097500e+15,5.684225080970893851e-01
1.650513706083981500e+15,5.697558505673899765e-01
1.650513706085865500e+15,5.706408530934573564e-01
1.650513706087749750e+15,5.706408530934576895e-01
1.650513706089633750e+15,5.706408530934579115e-01
1.650513706091517750e+15,5.706408530934582446e-01
1.650513706093401750e+15,5.706408530934584666e-01
1.650513706095286000e+15,5.706408530934587997e-01
1.650513706097170000e+15,5.706169843112464113e-01
1.650513706099054000e+15,5.698416604200655655e-01
1.650513706100938000e+15,5.690663365288846087e-01
1.650513706102822250e+15,5.682909097550217226e-01
1.650513706104706250e+15,5.675155858638408768e-01
1.650513706106590250e+15,5.667402619726599200e-01
1.650513706108474250e+15,5.659649380814789632e-01
1.650513706110358500e+15,5.651895113076160770e-01
1.650513706112242500e+15,5.646430304885030615e-01
1.650513706114126500e+15,5.658229916212481614e-01
1.650513706116010750e+15,5.670031093305767378e-01
1.650513706117894750e+15,5.681830704633218376e-01
1.650513706119778750e+15,5.693630315960669375e-01
1.650513706121662750e+15,5.705429927288121483e-01
1.650513706123547000e+15,5.706408530934572454e-01
1.650513706125431000e+15,5.706408530934572454e-01
1.650513706127315000e+15,5.706408530934572454e-01
1.650513706129199000e+15,5.706408530934572454e-01
1.650513706131083250e+15,5.706408530934572454e-01
1.650513706132967250e+15,5.706408530934572454e-01
1.650513706134851250e+15,5.706408530934572454e-01
1.650513706136735250e+15,5.706408530934572454e-01
1.650513706138619500e+15,5.706408530934572454e-01
1.650513706140503500e+15,5.706408530934572454e-01
1.650513706142387500e+15,5.706408530934571344e-01
1.650513706144271750e+15,5.706408530934573564e-01
1.650513706146155750e+15,5.706408530934573564e-01
1.650513706148039750e+15,5.706408530934574674e-01
1.650513706149923750e+15,5.706408530934575785e-01
1.650513706151808000e+15,5.706408530934576895e-01
1.650513706153692000e+15,5.706408530934576895e-01
1.650513706155576000e+15,5.706408530934576895e-01
1.650513706157460000e+15,5.706408530934579115e-01
1.650513706159344250e+15,5.706408530934579115e-01
1.650513706161228250e+15,5.706408530934580225e-01
1.650513706163112250e+15,5.706408530934580225e-01
1.650513706164996250e+15,5.706408530934581336e-01
1.650513706166880500e+15,5.706408530934581336e-01
1.650513706168764500e+15,5.706408530934582446e-01
1.650513706170648500e+15,5.706408530934581336e-01
1.650513706172532750e+15,5.706408530934582446e-01
1.650513706174416750e+15,5.706408530934581336e-01
1.650513706176300750e+15,5.706408530934582446e-01
1.650513706178184750e+15,5.709223665684003413e-01
1.650513706180069000e+15,5.719568702547187522e-01
1.650513706181953000e+15,5.729912366843454841e-01
1.650513706183837000e+15,5.740256031139721049e-01
1.650513706185721000e+15,5.750599695435987257e-01
1.650513706187605250e+15,5.760944732299172477e-01
1.650513706189489250e+15,5.763640784559382890e-01
1.650513706191373250e+15,5.751515675247962367e-01
1.650513706193257250e+15,5.739390565936544064e-01
1.650513706195141500e+15,5.727263847666882457e-01
1.650513706197025500e+15,5.715138738355463044e-01
1.650513706198909500e+15,5.709479209066045113e-01
1.650513706200793750e+15,5.720447787775451154e-01
1.650513706202677750e+15,5.731414911187163730e-01
1.650513706204561750e+15,5.742382034598877416e-01
1.650513706206445750e+15,5.753349158010589992e-01
1.650513706208330000e+15,5.764317736719996033e-01
1.650513706210214000e+15,5.775284860131708609e-01
1.650513706212098000e+15,5.786251983543422295e-01
1.650513706213982000e+15,5.797219106955133761e-01
1.650513706215866250e+15,5.808187685664540911e-01
1.650513706217750250e+15,5.819154809076253487e-01
1.650513706219634250e+15,5.830121932487966063e-01
1.650513706221518250e+15,5.841089055899679749e-01
1.650513706223402500e+15,5.852057634609084680e-01
1.650513706225286500e+15,5.863024758020798366e-01
1.650513706227170500e+15,5.873991881432510942e-01
1.650513706229054750e+15,5.884960460141916982e-01
1.650513706230938750e+15,5.890486225480857652e-01
1.650513706232822750e+15,5.890486225480856541e-01
1.650513706234706750e+15,5.890486225480855431e-01
1.650513706236591000e+15,5.890486225480853211e-01
1.650513706238475000e+15,5.890486225480850990e-01
1.650513706240359000e+15,5.890486225480852100e-01
1.650513706242243000e+15,5.890486225480853211e-01
1.650513706244127250e+15,5.890486225480854321e-01
1.650513706246011250e+15,5.890486225480855431e-01
1.650513706247895250e+15,5.890486225480856541e-01
1.650513706249779250e+15,5.890486225480858762e-01
1.650513706251663500e+15,5.890486225480858762e-01
1.650513706253547500e+15,5.890486225480860982e-01
1.650513706255431500e+15,5.890486225480863203e-01
1.650513706257315750e+15,5.890486225480864313e-01
1.650513706259199750e+15,5.890486225480865423e-01
1.650513706261083750e+15,5.890486225480867644e-01
1.650513706262967750e+15,5.890486225480868754e-01
1.650513706264852000e+15,5.890486225480868754e-01
1.650513706266736000e+15,5.890486225480866533e-01
1.650513706268620000e+15,5.890486225480866533e-01
1.650513706270504000e+15,5.890486225480866533e-01
1.650513706272388250e+15,5.890486225480864313e-01
1.650513706274272250e+15,5.890486225480864313e-01
1.650513706276156250e+15,5.890486225480863203e-01
1.650513706278040250e+15,5.890486225480863203e-01
1.650513706279924500e+15,5.890486225480862092e-01
1.650513706281808500e+15,5.890486225480860982e-01
1.650513706283692500e+15,5.890486225480860982e-01
1.650513706285576750e+15,5.890486225480859872e-01
1.650513706287460750e+15,5.874804287457487950e-01
1.650513706289344750e+15,5.857205019409218449e-01
1.650513706291228750e+15,5.839605751360948949e-01
1.650513706293113000e+15,5.822004147953332431e-01
1.650513706294997000e+15,5.804404879905062931e-01
1.650513706296881000e+15,5.786805611856793430e-01
1.650513706298765000e+15,5.769206343808523929e-01
1.650513706300649250e+15,5.779120073220925802e-01
1.650513706302533250e+15,5.791481150228523500e-01
1.650513706304417250e+15,5.803842227236122309e-01
1.650513706306301250e+15,5.816203304243721117e-01
1.650513706308185500e+15,5.828566021521623952e-01
1.650513706310069500e+15,5.840927098529223871e-01
1.650513706311953500e+15,5.853288175536822679e-01
1.650513706313837750e+15,5.865650892814725514e-01
1.650513706315721750e+15,5.878011969822324323e-01
1.650513706317605750e+15,5.890373046829923132e-01
1.650513706319489750e+15,5.895005017710293060e-01
1.650513706321374000e+15,5.899566171725715291e-01
1.650513706323258000e+15,5.904126720572767661e-01
1.650513706325142000e+15,5.908687269419818922e-01
1.650513706327026000e+15,5.913247818266871292e-01
1.650513706328910250e+15,5.917808972282294633e-01
1.650513706330794250e+15,5.922369521129347003e-01
1.650513706332678250e+15,5.926930069976398263e-01
1.650513706334562250e+15,5.931490618823451744e-01
1.650513706336446500e+15,5.936051772838873974e-01
1.650513706338330500e+15,5.940612321685926345e-01
1.650513706340214500e+15,5.945172870532978715e-01
1.650513706342098750e+15,5.949734024548400946e-01
1.650513706343982750e+15,5.988136935124285243e-01
1.650513706345866750e+15,6.055716025604267472e-01
1.650513706347750750e+15,6.123295116084248590e-01
1.650513706349635000e+15,6.190883174065622274e-01
1.650513706351519000e+15,6.258462264545603393e-01
1.650513706353403000e+15,6.200573623630338815e-01
1.650513706355287000e+15,6.142351114350530494e-01
1.650513706357171250e+15,6.084120879153884776e-01
1.650513706359055250e+15,6.025898369874076455e-01
1.650513706360939250e+15,5.967675860594267023e-01
1.650513706362823250e+15,5.909453351314458702e-01
1.650513706364707500e+15,5.954572098038699579e-01
1.650513706366591500e+15,6.049603805161054559e-01
1.650513706368475500e+15,6.144635512283409540e-01
1.650513706370359750e+15,6.239679829770299335e-01
1.650513706372243750e+15,6.334711536892655426e-01
1.650513706374127750e+15,6.429743244015010406e-01
1.650513706376011750e+15,6.433444441077722509e-01
1.650513706377896000e+15,6.422701444238572144e-01
1.650513706379780000e+15,6.411959872767185598e-01
1.650513706381664000e+15,6.401218301295799051e-01
1.650513706383548000e+15,6.390476729824413615e-01
1.650513706385432250e+15,6.379848485861481233e-01
1.650513706387316250e+15,6.369864826462996454e-01
1.650513706389200250e+15,6.359881167064509455e-01
1.650513706391084250e+15,6.349897507666024676e-01
1.650513706392968500e+15,6.339912523471971095e-01
1.650513706394852500e+15,6.329928864073486316e-01
1.650513706396736500e+15,6.319945204675000427e-01
1.650513706398620750e+15,6.309960220480945736e-01
1.650513706400504750e+15,6.299976561082460957e-01
1.650513706402388750e+15,6.289992901683976179e-01
1.650513706404272750e+15,6.280009242285489179e-01
1.650513706406157000e+15,6.270024258091435598e-01
1.650513706408041000e+15,6.260040598692950820e-01
1.650513706409925000e+15,6.258641614573415834e-01
1.650513706411809000e+15,6.258641614573416945e-01
1.650513706413693250e+15,6.258641614573416945e-01
1.650513706415577250e+15,6.258641614573416945e-01
1.650513706417461250e+15,6.258641614573416945e-01
1.650513706419345250e+15,6.258641614573416945e-01
1.650513706421229500e+15,6.256038719951431126e-01
1.650513706423113500e+15,6.240544712154209028e-01
1.650513706424997500e+15,6.225050704356988041e-01
1.650513706426881750e+15,6.209554640560853711e-01
1.650513706428765750e+15,6.199015313556590634e-01
1.650513706430649750e+15,6.207349304773883691e-01
1.650513706432533750e+15,6.215683295991177859e-01
1.650513706434418000e+15,6.224018393099024493e-01
1.650513706436302000e+15,6.232352384316317551e-01
1.650513706438186000e+15,6.240686375533610608e-01
1.650513706440070000e+15,6.249020366750903666e-01
1.650513706441954250e+15,6.257355463858751410e-01
1.650513706443838250e+15,6.258641614573415834e-01
1.650513706445722250e+15,6.258641614573416945e-01
1.650513706447606250e+15,6.258641614573416945e-01
1.650513706449490500e+15,6.258641614573416945e-01
1.650513706451374500e+15,6.258641614573415834e-01
1.650513706453258500e+15,6.258641614573416945e-01
1.650513706455142750e+15,6.261229343425053218e-01
1.650513706457026750e+15,6.269908081576334169e-01
1.650513706458910750e+15,6.278586819727616231e-01
1.650513706460794750e+15,6.287265557878898292e-01
1.650513706462679000e+15,6.295945447667408157e-01
1.650513706464563000e+15,6.304624185818690218e-01
1.650513706466447000e+15,6.313302923969972280e-01
1.650513706468331000e+15,6.320000846088849045e-01
1.650513706470215250e+15,6.320000846088849045e-01
1.650513706472099250e+15,6.320000846088849045e-01
1.650513706473983250e+15,6.320000846088849045e-01
1.650513706475867250e+15,6.320000846088849045e-01
1.650513706477751500e+15,6.320000846088849045e-01
1.650513706479635500e+15,6.320000846088847934e-01
1.650513706481519500e+15,6.320000846088849045e-01
1.650513706483403750e+15,6.320000846088849045e-01
1.650513706485287750e+15,6.320000846088849045e-01
1.650513706487171750e+15,6.320000846088847934e-01
1.650513706489055750e+15,6.315711519691707965e-01
1.650513706490940000e+15,6.309719183629566297e-01
1.650513706492824000e+15,6.303727642623291327e-01
1.650513706494708000e+15,6.297736101617017468e-01
1.650513706496592000e+15,6.291744560610741388e-01
1.650513706498476250e+15,6.285752224548599720e-01
1.650513706500360250e+15,6.279760683542324751e-01
1.650513706502244250e+15,6.273769142536049781e-01
1.650513706504128250e+15,6.267777601529773701e-01
1.650513706506012500e+15,6.261785265467633144e-01
1.650513706507896500e+15,6.262776402128693576e-01
1.650513706509780500e+15,6.271475385662073077e-01
1.650513706511664750e+15,6.280175523519169190e-01
1.650513706513548750e+15,6.288874507052548690e-01
1.650513706515432750e+15,6.297573490585928191e-01
1.650513706517316750e+15,6.306272474119306581e-01
1.650513706519201000e+15,6.314972611976402694e-01
1.650513706521085000e+15,6.308729915161224167e-01
1.650513706522969000e+15,6.282019935453493353e-01
1.650513706524853000e+15,6.255309955745762540e-01
1.650513706526737250e+15,6.228596431720131443e-01
1.650513706528621250e+15,6.201886452012399520e-01
1.650513706530505250e+15,6.212336176109757302e-01
1.650513706532389250e+15,6.230525270937080640e-01
1.650513706534273500e+15,6.248716779391637610e-01
1.650513706536157500e+15,6.266905874218960948e-01
1.650513706538041500e+15,6.285094969046285396e-01
1.650513706539925750e+15,6.303286477500842366e-01
1.650513706541809750e+15,6.321475572328165704e-01
1.650513706543693750e+15,6.339664667155489042e-01
1.650513706545577750e+15,6.357853761982814600e-01
1.650513706547462000e+15,6.376045270437370460e-01
1.650513706549346000e+15,6.394234365264693798e-01
1.650513706551230000e+15,6.412423460092019356e-01
1.650513706553114000e+15,6.430612554919342694e-01
1.650513706554998250e+15,6.448210881920404258e-01
1.650513706556882250e+15,6.464626785381784035e-01
1.650513706558766250e+15,6.481042688843163813e-01
1.650513706560650250e+15,6.497458592304545810e-01
1.650513706562534500e+15,6.498007405057538710e-01
1.650513706564418500e+15,6.487835755944029170e-01
1.650513706566302500e+15,6.477664106830519630e-01
1.650513706568186750e+15,6.467491107975884557e-01
1.650513706570070750e+15,6.457319458862376127e-01
1.650513706571954750e+15,6.447147809748865477e-01
1.650513706573838750e+15,6.445633057725762560e-01
1.650513706575723000e+15,6.450794261778390881e-01
1.650513706577607000e+15,6.455954781048736102e-01
1.650513706579491000e+15,6.461115300319082433e-01
1.650513706581375000e+15,6.466275819589428764e-01
1.650513706583259250e+15,6.471437023642057085e-01
1.650513706585143250e+15,6.476597542912402306e-01
1.650513706587027250e+15,6.481758062182748636e-01
1.650513706588911250e+15,6.486918581453093857e-01
1.650513706590795500e+15,6.492079785505722178e-01
1.650513706592679500e+15,6.497240304776068509e-01
1.650513706594563500e+15,6.502400824046413730e-01
1.650513706596447750e+15,6.504078540635102046e-01
1.650513706598331750e+15,6.504078540635104266e-01
1.650513706600215750e+15,6.504078540635105377e-01
1.650513706602099750e+15,6.504078540635106487e-01
1.650513706603984000e+15,6.504078540635107597e-01
1.650513706605868000e+15,6.504078540635109817e-01
1.650513706607752000e+15,6.504078540635108707e-01
1.650513706609636000e+15,6.504078540635107597e-01
1.650513706611520250e+15,6.504078540635105377e-01
1.650513706613404250e+15,6.504078540635105377e-01
1.650513706615288250e+15,6.504078540635103156e-01
1.650513706617172250e+15,6.504078540635103156e-01
1.650513706619056500e+15,6.504078540635100936e-01
1.650513706620940500e+15,6.504078540635100936e-01
1.650513706622824500e+15,6.504078540635102046e-01
1.650513706624708750e+15,6.504078540635103156e-01
1.650513706626592750e+15,6.504078540635103156e-01
1.650513706628476750e+15,6.504078540635105377e-01
1.650513706630360750e+15,6.504078540635105377e-01
1.650513706632245000e+15,6.504078540635105377e-01
1.650513706634129000e+15,6.504078540635107597e-01
1.650513706636013000e+15,6.504078540635107597e-01
1.650513706637897000e+15,6.504078540635108707e-01
1.650513706639781250e+15,6.504078540635108707e-01
1.650513706641665250e+15,6.504078540635109817e-01
1.650513706643549250e+15,6.504078540635109817e-01
1.650513706645433250e+15,6.504078540635109817e-01
1.650513706647317500e+15,6.504078540635109817e-01
1.650513706649201500e+15,6.504078540635109817e-01
1.650513706651085500e+15,6.504078540635109817e-01
1.650513706652969750e+15,6.504078540635109817e-01
1.650513706654853750e+15,6.504078540635109817e-01
1.650513706656737750e+15,6.504078540635109817e-01
1.650513706658621750e+15,6.504078540635109817e-01
1.650513706660506000e+15,6.504078540635109817e-01
1.650513706662390000e+15,6.504078540635109817e-01
1.650513706664274000e+15,6.504078540635109817e-01
1.650513706666158000e+15,6.504078540635110928e-01
1.650513706668042250e+15,6.504078540635109817e-01
1.650513706669926250e+15,6.504078540635109817e-01
1.650513706671810250e+15,6.504078540635109817e-01
1.650513706673694250e+15,6.504078540635109817e-01
1.650513706675578500e+15,6.504078540635109817e-01
1.650513706677462500e+15,6.504078540635109817e-01
1.650513706679346500e+15,6.504078540635109817e-01
1.650513706681230750e+15,6.504078540635109817e-01
1.650513706683114750e+15,6.504078540635109817e-01
1.650513706684998750e+15,6.504078540635109817e-01
1.650513706686882750e+15,6.504078540635109817e-01
1.650513706688767000e+15,6.504078540635110928e-01
1.650513706690651000e+15,6.504078540635109817e-01
1.650513706692535000e+15,6.504078540635109817e-01
1.650513706694419000e+15,6.504078540635109817e-01
1.650513706696303250e+15,6.504078540635109817e-01
1.650513706698187250e+15,6.504078540635108707e-01
1.650513706700071250e+15,6.504078540635109817e-01
1.650513706701955250e+15,6.504078540635109817e-01
1.650513706703839500e+15,6.504078540635109817e-01
1.650513706705723500e+15,6.504078540635109817e-01
1.650513706707607500e+15,6.504078540635108707e-01
1.650513706709491750e+15,6.504078540635109817e-01
1.650513706711375750e+15,6.504078540635109817e-01
1.650513706713259750e+15,6.504078540635109817e-01
1.650513706715143750e+15,6.504078540635109817e-01
1.650513706717028000e+15,6.504078540635109817e-01
1.650513706718912000e+15,6.504078540635109817e-01
1.650513706720796000e+15,6.504078540635109817e-01
1.650513706722680000e+15,6.504078540635110928e-01
1.650513706724564250e+15,6.504078540635109817e-01
1.650513706726448250e+15,6.504078540635109817e-01
1.650513706728332250e+15,6.504078540635109817e-01
1.650513706730216250e+15,6.504078540635109817e-01
1.650513706732100500e+15,6.504078540635109817e-01
1.650513706733984500e+15,6.504078540635110928e-01
1.650513706735868500e+15,6.504078540635109817e-01
1.650513706737752750e+15,6.504078540635109817e-01
1.650513706739636750e+15,6.504078540635109817e-01
1.650513706741520750e+15,6.504078540635110928e-01
1.650513706743404750e+15,6.504078540635109817e-01
1.650513706745289000e+15,6.504078540635109817e-01
1.650513706747173000e+15,6.504078540635109817e-01
1.650513706749057000e+15,6.504078540635109817e-01
1.650513706750941000e+15,6.504078540635109817e-01
1.650513706752825250e+15,6.504078540635109817e-01
1.650513706754709250e+15,6.504078540635109817e-01
1.650513706756593250e+15,6.504078540635109817e-01
1.650513706758477250e+15,6.504078540635109817e-01
1.650513706760361500e+15,6.504078540635109817e-01
1.650513706762245500e+15,6.504078540635110928e-01
1.650513706764129500e+15,6.504078540635109817e-01
1.650513706766013750e+15,6.504078540635109817e-01
1.650513706767897750e+15,6.504078540635109817e-01
1.650513706769781750e+15,6.504078540635109817e-01
1.650513706771665750e+15,6.504078540635109817e-01
1.650513706773550000e+15,6.504078540635109817e-01
1.650513706775434000e+15,6.504078540635109817e-01
1.650513706777318000e+15,6.504078540635109817e-01
1.650513706779202000e+15,6.504078540635109817e-01
1.650513706781086250e+15,6.504078540635109817e-01
1.650513706782970250e+15,6.504078540635109817e-01
1.650513706784854250e+15,6.504078540635109817e-01
1.650513706786738250e+15,6.504078540635109817e-01
1.650513706788622500e+15,6.504078540635108707e-01
1.650513706790506500e+15,6.504078540635109817e-01
1.650513706792390500e+15,6.504078540635109817e-01
1.650513706794274750e+15,6.504078540635109817e-01
1.650513706796158750e+15,6.504078540635108707e-01
1.650513706798042750e+15,6.504078540635109817e-01
1.650513706799926750e+15,6.504078540635109817e-01
1.650513706801811000e+15,6.504078540635109817e-01
1.650513706803695000e+15,6.504078540635109817e-01
1.650513706805579000e+15,6.504078540635109817e-01
1.650513706807463000e+15,6.504078540635108707e-01
1.650513706809347250e+15,6.504078540635108707e-01
1.650513706811231250e+15,6.504078540635109817e-01
1.650513706813115250e+15,6.504078540635109817e-01
1.650513706814999250e+15,6.504078540635109817e-01
1.650513706816883500e+15,6.504078540635109817e-01
1.650513706818767500e+15,6.504078540635109817e-01
1.650513706820651500e+15,6.504078540635109817e-01
1.650513706822535750e+15,6.504078540635109817e-01
1.650513706824419750e+15,6.504078540635108707e-01
1.650513706826303750e+15,6.504078540635109817e-01
1.650513706828187750e+15,6.504078540635109817e-01
1.650513706830072000e+15,6.504078540635109817e-01
1.650513706831956000e+15,6.504078540635109817e-01
1.650513706833840000e+15,6.504078540635109817e-01
1.650513706835724000e+15,6.504078540635109817e-01
1.650513706837608250e+15,6.504078540635109817e-01
1.650513706839492250e+15,6.504078540635108707e-01
1.650513706841376250e+15,6.504078540635108707e-01
1.650513706843260250e+15,6.504078540635109817e-01
1.650513706845144500e+15,6.504078540635109817e-01
1.650513706847028500e+15,6.504078540635109817e-01
1.650513706848912500e+15,6.504078540635109817e-01
1.650513706850796750e+15,6.504078540635109817e-01
1.650513706852680750e+15,6.504078540635109817e-01
1.650513706854564750e+15,6.504078540635109817e-01
1.650513706856448750e+15,6.504078540635109817e-01
1.650513706858333000e+15,6.504078540635109817e-01
1.650513706860217000e+15,6.504078540635109817e-01
1.650513706862101000e+15,6.504078540635109817e-01
1.650513706863985000e+15,6.504078540635109817e-01
1.650513706865869250e+15,6.504078540635108707e-01
1.650513706867753250e+15,6.504078540635109817e-01
1.650513706869637250e+15,6.504078540635109817e-01
1.650513706871521250e+15,6.504078540635109817e-01
1.650513706873405500e+15,6.504078540635109817e-01
1.650513706875289500e+15,6.504078540635108707e-01
1.650513706877173500e+15,6.504078540635109817e-01
1.650513706879057750e+15,6.504078540635109817e-01
1.650513706880941750e+15,6.504078540635109817e-01
1.650513706882825750e+15,6.504078540635109817e-01
1.650513706884709750e+15,6.504078540635109817e-01
1.650513706886594000e+15,6.504078540635109817e-01
1.650513706888478000e+15,6.504078540635109817e-01
1.650513706890362000e+15,6.504078540635109817e-01
1.650513706892246000e+15,6.504078540635109817e-01
1.650513706894130250e+15,6.504078540635109817e-01
1.650513706896014250e+15,6.504078540635109817e-01
1.650513706897898250e+15,6.504078540635109817e-01
1.650513706899782250e+15,6.504078540635109817e-01
1.650513706901666500e+15,6.504078540635110928e-01
1.650513706903550500e+15,6.504078540635109817e-01
1.650513706905434500e+15,6.504078540635109817e-01
1.650513706907318750e+15,6.504078540635110928e-01
1.650513706909202750e+15,6.504078540635109817e-01
1.650513706911086750e+15,6.504078540635110928e-01
1.650513706912970750e+15,6.504078540635109817e-01
1.650513706914855000e+15,6.504078540635109817e-01
1.650513706916739000e+15,6.504078540635109817e-01
1.650513706918623000e+15,6.504078540635109817e-01
1.650513706920507000e+15,6.504078540635109817e-01
1.650513706922391250e+15,6.504078540635108707e-01
1.650513706924275250e+15,6.504078540635109817e-01
1.650513706926159250e+15,6.504078540635109817e-01
1.650513706928043250e+15,6.504078540635109817e-01
1.650513706929927500e+15,6.504078540635108707e-01
1.650513706931811500e+15,6.504078540635108707e-01
1.650513706933695500e+15,6.504078540635109817e-01
1.650513706935579750e+15,6.504078540635109817e-01
1.650513706937463750e+15,6.504078540635109817e-01
1.650513706939347750e+15,6.504078540635109817e-01
1.650513706941231750e+15,6.504078540635109817e-01
1.650513706943116000e+15,6.504078540635109817e-01
1.650513706945000000e+15,6.504078540635109817e-01
1.650513706946884000e+15,6.504078540635109817e-01
1.650513706948768000e+15,6.504078540635109817e-01
1.650513706950652250e+15,6.504078540635109817e-01
1.650513706952536250e+15,6.504078540635109817e-01
1.650513706954420250e+15,6.504078540635109817e-01
1.650513706956304250e+15,6.504078540635109817e-01
1.650513706958188500e+15,6.504078540635109817e-01
1.650513706960072500e+15,6.504078540635109817e-01
1.650513706961956500e+15,6.504078540635109817e-01
1.650513706963840750e+15,6.504078540635109817e-01
1.650513706965724750e+15,6.504078540635109817e-01
1.650513706967608750e+15,6.504078540635109817e-01
1.650513706969492750e+15,6.504078540635109817e-01
1.650513706971377000e+15,6.504078540635109817e-01
1.650513706973261000e+15,6.504078540635109817e-01
1.650513706975145000e+15,6.504078540635109817e-01
1.650513706977029000e+15,6.504078540635110928e-01
1.650513706978913250e+15,6.504078540635110928e-01
1.650513706980797250e+15,6.504078540635110928e-01
1.650513706982681250e+15,6.504078540635109817e-01
1.650513706984565250e+15,6.504078540635110928e-01
1.650513706986449500e+15,6.504078540635108707e-01
1.650513706988333500e+15,6.504078540635109817e-01
1.650513706990217500e+15,6.504078540635109817e-01
1.650513706992101750e+15,6.504078540635109817e-01
1.650513706993985750e+15,6.504078540635109817e-01
1.650513706995869750e+15,6.504078540635109817e-01
1.650513706997753750e+15,6.504078540635109817e-01
1.650513706999638000e+15,6.504078540635109817e-01
1.650513707001522000e+15,6.504078540635108707e-01
1.650513707003406000e+15,6.504078540635110928e-01
1.650513707005290000e+15,6.504078540635113148e-01
1.650513707007174250e+15,6.504078540635115369e-01
1.650513707009058250e+15,6.504078540635117589e-01
1.650513707010942250e+15,6.504078540635118699e-01
1.650513707012826250e+15,6.504078540635118699e-01
1.650513707014710500e+15,6.504078540635118699e-01
1.650513707016594500e+15,6.504078540635118699e-01
1.650513707018478500e+15,6.504078540635118699e-01
1.650513707020362750e+15,6.504078540635118699e-01
1.650513707022246750e+15,6.504078540635118699e-01
1.650513707024130750e+15,6.504078540635118699e-01
1.650513707026014750e+15,6.504078540635118699e-01
1.650513707027899000e+15,6.504078540635118699e-01
1.650513707029783000e+15,6.504078540635118699e-01
1.650513707031667000e+15,6.504078540635118699e-01
1.650513707033551000e+15,6.504078540635118699e-01
1.650513707035435250e+15,6.504078540635118699e-01
1.650513707037319250e+15,6.504078540635118699e-01
1.650513707039203250e+15,6.504078540635118699e-01
1.650513707041087250e+15,6.504078540635118699e-01
1.650513707042971500e+15,6.504078540635118699e-01
1.650513707044855500e+15,6.504078540635118699e-01
1.650513707046739500e+15,6.504078540635118699e-01
1.650513707048623750e+15,6.504078540635119809e-01
1.650513707050507750e+15,6.504078540635119809e-01
1.650513707052391750e+15,6.504078540635118699e-01
1.650513707054275750e+15,6.504078540635120920e-01
1.650513707056160000e+15,6.504078540635125361e-01
1.650513707058044000e+15,6.504078540635127581e-01
1.650513707059928000e+15,6.504078540635130912e-01
1.650513707061812000e+15,6.504078540635134242e-01
1.650513707063696250e+15,6.503443261933016251e-01
1.650513707065580250e+15,6.498245150859000008e-01
1.650513707067464250e+15,6.493047039784982655e-01
1.650513707069348250e+15,6.487848928710964191e-01
1.650513707071232500e+15,6.482650127866369516e-01
1.650513707073116500e+15,6.477452016792351053e-01
1.650513707075000500e+15,6.472253905718334810e-01
1.650513707076884750e+15,6.467055104873740135e-01
1.650513707078768750e+15,6.461856993799721671e-01
1.650513707080652750e+15,6.456658882725704318e-01
1.650513707082536750e+15,6.451460771651686965e-01
1.650513707084421000e+15,6.446261970807092290e-01
1.650513707086305000e+15,6.445452053991235219e-01
1.650513707088189000e+15,6.454032872887840444e-01
1.650513707090073000e+15,6.462613691784446779e-01
1.650513707091957250e+15,6.471195649324749111e-01
1.650513707093841250e+15,6.479776468221354335e-01
1.650513707095725250e+15,6.488357287117960670e-01
1.650513707097609250e+15,6.496938106014567005e-01
1.650513707099493500e+15,6.504078540635136463e-01
1.650513707101377500e+15,6.504078540635136463e-01
1.650513707103261500e+15,6.504078540635136463e-01
1.650513707105145750e+15,6.504078540635136463e-01
1.650513707107029750e+15,6.504078540635136463e-01
1.650513707108913750e+15,6.504078540635136463e-01
1.650513707110797750e+15,6.504078540635136463e-01
1.650513707112682000e+15,6.504078540635136463e-01
1.650513707114566000e+15,6.504078540635136463e-01
1.650513707116450000e+15,6.504078540635136463e-01
1.650513707118334000e+15,6.504078540635136463e-01
1.650513707120218250e+15,6.504078540635136463e-01
1.650513707122102250e+15,6.504078540635136463e-01
1.650513707123986250e+15,6.507573804538195894e-01
1.650513707125870250e+15,6.517592940625472897e-01
1.650513707127754500e+15,6.527613406215946323e-01
1.650513707129638500e+15,6.537632542303224437e-01
1.650513707131522500e+15,6.547651678390502550e-01
1.650513707133406750e+15,6.557672143980975976e-01
1.650513707135290750e+15,6.565437772150534146e-01
1.650513707137174750e+15,6.565437772150538587e-01
1.650513707139058750e+15,6.565437772150543028e-01
1.650513707140943000e+15,6.565437772150547469e-01
1.650513707142827000e+15,6.565437772150550799e-01
1.650513707144711000e+15,6.565437772150556350e-01
1.650513707146595000e+15,6.567814362103622239e-01
1.650513707148479250e+15,6.604823367219798680e-01
1.650513707150363250e+15,6.641827462026155260e-01
1.650513707152247250e+15,6.678831556832511840e-01
1.650513707154131250e+15,6.715835651638867310e-01
1.650513707156015500e+15,6.748488724040048181e-01
1.650513707157899500e+15,6.737076433978834711e-01
1.650513707159783500e+15,6.725664143917620130e-01
1.650513707161667750e+15,6.714250339486707020e-01
1.650513707163551750e+15,6.702838049425492439e-01
1.650513707165435750e+15,6.691425759364277859e-01
1.650513707167319750e+15,6.680013469303065499e-01
1.650513707169204000e+15,6.668599664872150168e-01
1.650513707171088000e+15,6.657187374810936698e-01
1.650513707172972000e+15,6.645775084749723227e-01
1.650513707174856000e+15,6.634362794688509757e-01
1.650513707176740250e+15,6.630047645966047343e-01
1.650513707178624250e+15,6.639688275786335137e-01
1.650513707180508250e+15,6.649328905606622930e-01
1.650513707182392250e+15,6.658969535426911834e-01
1.650513707184276500e+15,6.668611444523980802e-01
1.650513707186160500e+15,6.678252074344268596e-01
1.650513707188044500e+15,6.687892704164556390e-01
1.650513707189928750e+15,6.688156235181406117e-01
1.650513707191812750e+15,6.688156235181406117e-01
1.650513707193696750e+15,6.688156235181406117e-01
1.650513707195580750e+15,6.688156235181406117e-01
1.650513707197465000e+15,6.688156235181407228e-01
1.650513707199349000e+15,6.688156235181406117e-01
1.650513707201233000e+15,6.697514674101548993e-01
1.650513707203117000e+15,6.708978457538187223e-01
1.650513707205001250e+15,6.720443762177510383e-01
1.650513707206885250e+15,6.731907545614148614e-01
1.650513707208769250e+15,6.743371329050785734e-01
1.650513707210653250e+15,6.749515466696829336e-01
1.650513707212537500e+15,6.749515466696829336e-01
1.650513707214421500e+15,6.749515466696829336e-01
1.650513707216305500e+15,6.749515466696829336e-01
1.650513707218189750e+15,6.749515466696829336e-01
1.650513707220073750e+15,6.749515466696829336e-01
1.650513707221957750e+15,6.749515466696829336e-01
1.650513707223841750e+15,6.749515466696829336e-01
1.650513707225726000e+15,6.749515466696829336e-01
1.650513707227610000e+15,6.749515466696829336e-01
1.650513707229494000e+15,6.749515466696829336e-01
1.650513707231378000e+15,6.749515466696829336e-01
1.650513707233262250e+15,6.749515466696829336e-01
1.650513707235146250e+15,6.740487621064671364e-01
1.650513707237030250e+15,6.720920797744583952e-01
1.650513707238914250e+15,6.701353974424497650e-01
1.650513707240798500e+15,6.681784554657579367e-01
1.650513707242682500e+15,6.662217731337491955e-01
1.650513707244566500e+15,6.642650908017404543e-01
1.650513707246450750e+15,6.627868006060317896e-01
1.650513707248334750e+15,6.633508169612964966e-01
1.650513707250218750e+15,6.639148333165613147e-01
1.650513707252102750e+15,6.644788496718261328e-01
1.650513707253987000e+15,6.650429408700255784e-01
1.650513707255871000e+15,6.656069572252905076e-01
1.650513707257755000e+15,6.661709735805552146e-01
1.650513707259639000e+15,6.667349899358200327e-01
1.650513707261523250e+15,6.672990811340193673e-01
1.650513707263407250e+15,6.678630974892841854e-01
1.650513707265291250e+15,6.684271138445491145e-01
1.650513707267175250e+15,6.688156235181398346e-01
1.650513707269059500e+15,6.688156235181399456e-01
1.650513707270943500e+15,6.688156235181401676e-01
1.650513707272827500e+15,6.688156235181403897e-01
1.650513707274711750e+15,6.688156235181405007e-01
1.650513707276595750e+15,6.688156235181406117e-01
1.650513707278479750e+15,6.688156235181406117e-01
1.650513707280363750e+15,6.688156235181406117e-01
1.650513707282248000e+15,6.688156235181405007e-01
1.650513707284132000e+15,6.688156235181406117e-01
1.650513707286016000e+15,6.688156235181405007e-01
1.650513707287900000e+15,6.688303671696748109e-01
1.650513707289784250e+15,6.700382247959066895e-01
1.650513707291668250e+15,6.712459221650568519e-01
1.650513707293552250e+15,6.724536195342067924e-01
1.650513707295436250e+15,6.736613169033568438e-01
1.650513707297320500e+15,6.748691745295887223e-01
1.650513707299204500e+15,6.745196629002849775e-01
1.650513707301088500e+15,6.740561658786137222e-01
1.650513707302972750e+15,6.735926073525606572e-01
1.650513707304856750e+15,6.731291103308892909e-01
1.650513707306740750e+15,6.726656133092179246e-01
1.650513707308624750e+15,6.722021162875466693e-01
1.650513707310509000e+15,6.717385577614934933e-01
1.650513707312393000e+15,6.712750607398221270e-01
1.650513707314277000e+15,6.708115637181508717e-01
1.650513707316161000e+15,6.703480666964795054e-01
1.650513707318045250e+15,6.698845081704264404e-01
1.650513707319929250e+15,6.694210111487550741e-01
1.650513707321813250e+15,6.689575141270838188e-01
1.650513707323697250e+15,6.688156235181405007e-01
1.650513707325581500e+15,6.688156235181403897e-01
1.650513707327465500e+15,6.688156235181401676e-01
1.650513707329349500e+15,6.688156235181399456e-01
1.650513707331233750e+15,6.688156235181397236e-01
1.650513707333117750e+15,6.688156235181397236e-01
1.650513707335001750e+15,6.688156235181397236e-01
1.650513707336885750e+15,6.688156235181397236e-01
1.650513707338770000e+15,6.688156235181397236e-01
1.650513707340654000e+15,6.688156235181397236e-01
1.650513707342538000e+15,6.688156235181397236e-01
1.650513707344422000e+15,6.688156235181397236e-01
1.650513707346306250e+15,6.688156235181397236e-01
1.650513707348190250e+15,6.688156235181392795e-01
1.650513707350074250e+15,6.688156235181390574e-01
1.650513707351958250e+15,6.688156235181386133e-01
1.650513707353842500e+15,6.688156235181381692e-01
1.650513707355726500e+15,6.688156235181381692e-01
1.650513707357610500e+15,6.688156235181386133e-01
1.650513707359494750e+15,6.688156235181390574e-01
1.650513707361378750e+15,6.688156235181396125e-01
1.650513707363262750e+15,6.688156235181401676e-01
1.650513707365146750e+15,6.688156235181405007e-01
1.650513707367031000e+15,6.688156235181402787e-01
1.650513707368915000e+15,6.688156235181399456e-01
1.650513707370799000e+15,6.688156235181397236e-01
1.650513707372683000e+15,6.688156235181392795e-01
1.650513707374567250e+15,6.688156235181390574e-01
1.650513707376451250e+15,6.688156235181386133e-01
1.650513707378335250e+15,6.688156235181383913e-01
1.650513707380219250e+15,6.688156235181380582e-01
1.650513707382103500e+15,6.673634015189753299e-01
1.650513707383987500e+15,6.657713234006034098e-01
1.650513707385871500e+15,6.641792452822313786e-01
1.650513707387755750e+15,6.626797003665991781e-01
1.650513707389639750e+15,6.626797003665991781e-01
1.650513707391523750e+15,6.626797003665991781e-01
1.650513707393407750e+15,6.626797003665990671e-01
1.650513707395292000e+15,6.626797003665991781e-01
1.650513707397176000e+15,6.626797003665991781e-01
1.650513707399060000e+15,6.626797003665991781e-01
1.650513707400944000e+15,6.626797003665991781e-01
1.650513707402828250e+15,6.626797003665991781e-01
1.650513707404712250e+15,6.626797003665991781e-01
1.650513707406596250e+15,6.626797003665991781e-01
1.650513707408480250e+15,6.626797003665991781e-01
1.650513707410364500e+15,6.626797003665990671e-01
1.650513707412248500e+15,6.626797003665991781e-01
1.650513707414132500e+15,6.617262592691559586e-01
1.650513707416016750e+15,6.606616540022774986e-01
1.650513707417900750e+15,6.595971899859318643e-01
1.650513707419784750e+15,6.585327259695863411e-01
1.650513707421668750e+15,6.574682619532408179e-01
1.650513707423553000e+15,6.568548061249321890e-01
1.650513707425437000e+15,6.592176225209477325e-01
1.650513707427321000e+15,6.615804389169630539e-01
1.650513707429205000e+15,6.639432553129787085e-01
1.650513707431089250e+15,6.663063852462016712e-01
1.650513707432973250e+15,6.686692016422171037e-01
1.650513707434857250e+15,6.680136332667099275e-01
1.650513707436741250e+15,6.671586610592178390e-01
1.650513707438625500e+15,6.663035753999997368e-01
1.650513707440509500e+15,6.654486031925075373e-01
1.650513707442393500e+15,6.645936309850155599e-01
1.650513707444277750e+15,6.637385453257973467e-01
1.650513707446161750e+15,6.628835731183052582e-01
1.650513707448045750e+15,6.626797003665984009e-01
1.650513707449929750e+15,6.626797003665985120e-01
1.650513707451814000e+15,6.626797003665987340e-01
1.650513707453698000e+15,6.626797003665987340e-01
1.650513707455582000e+15,6.626797003665989561e-01
1.650513707457466000e+15,6.626797003665991781e-01
1.650513707459350250e+15,6.626797003665990671e-01
1.650513707461234250e+15,6.626797003665991781e-01
1.650513707463118250e+15,6.626797003665991781e-01
1.650513707465002250e+15,6.626797003665991781e-01
1.650513707466886500e+15,6.626797003665991781e-01
1.650513707468770500e+15,6.626797003665991781e-01
1.650513707470654500e+15,6.626797003665991781e-01
1.650513707472538750e+15,6.626797003665991781e-01
1.650513707474422750e+15,6.626797003665991781e-01
1.650513707476306750e+15,6.626797003665990671e-01
1.650513707478190750e+15,6.626797003665990671e-01
1.650513707480075000e+15,6.626797003665991781e-01
1.650513707481959000e+15,6.626797003665991781e-01
1.650513707483843000e+15,6.626797003665991781e-01
1.650513707485727000e+15,6.626797003665991781e-01
1.650513707487611250e+15,6.626797003665991781e-01
1.650513707489495250e+15,6.626797003665991781e-01
1.650513707491379250e+15,6.626797003665991781e-01
1.650513707493263250e+15,6.626797003665990671e-01
1.650513707495147500e+15,6.626797003665991781e-01
1.650513707497031500e+15,6.626797003665991781e-01
1.650513707498915500e+15,6.626797003665991781e-01
1.650513707500799750e+15,6.627676652592066064e-01
1.650513707502683750e+15,6.635150197470202071e-01
1.650513707504567750e+15,6.642623742348336968e-01
1.650513707506451750e+15,6.650097287226472975e-01
1.650513707508336000e+15,6.657571823817036716e-01
1.650513707510220000e+15,6.665045368695172723e-01
1.650513707512104000e+15,6.672518913573307620e-01
1.650513707513988000e+15,6.679992458451442516e-01
1.650513707515872250e+15,6.687466995042007367e-01
1.650513707517756250e+15,6.682229451848092916e-01
1.650513707519640250e+15,6.675700546834255622e-01
1.650513707521524250e+15,6.669171641820419438e-01
1.650513707523408500e+15,6.662641870444452330e-01
1.650513707525292500e+15,6.656112965430616146e-01
1.650513707527176500e+15,6.649584060416778852e-01
1.650513707529060750e+15,6.643054289040812854e-01
1.650513707530944750e+15,6.636525384026974450e-01
1.650513707532828750e+15,6.629996479013138266e-01
1.650513707534712750e+15,6.626797003665991781e-01
1.650513707536597000e+15,6.626797003665991781e-01
1.650513707538481000e+15,6.626797003665991781e-01
1.650513707540365000e+15,6.626797003665991781e-01
1.650513707542249000e+15,6.626797003665991781e-01
1.650513707544133250e+15,6.626797003665991781e-01
1.650513707546017250e+15,6.626797003665991781e-01
1.650513707547901250e+15,6.626797003665991781e-01
1.650513707549785250e+15,6.626797003665991781e-01
1.650513707551669500e+15,6.626797003665991781e-01
1.650513707553553500e+15,6.626797003665991781e-01
1.650513707555437500e+15,6.626797003665991781e-01
1.650513707557321750e+15,6.626797003665991781e-01
1.650513707559205750e+15,6.626797003665991781e-01
1.650513707561089750e+15,6.626797003665991781e-01
1.650513707562973750e+15,6.626797003665991781e-01
1.650513707564858000e+15,6.626797003665991781e-01
1.650513707566742000e+15,6.626797003665991781e-01
1.650513707568626000e+15,6.626797003665991781e-01
1.650513707570510000e+15,6.626797003665991781e-01
1.650513707572394250e+15,6.626797003665991781e-01
1.650513707574278250e+15,6.626797003665991781e-01
1.650513707576162250e+15,6.626797003665991781e-01
1.650513707578046250e+15,6.626797003665991781e-01
1.650513707579930500e+15,6.626797003665991781e-01
1.650513707581814500e+15,6.626797003665991781e-01
1.650513707583698500e+15,6.626797003665991781e-01
1.650513707585582750e+15,6.626797003665988450e-01
1.650513707587466750e+15,6.626797003665985120e-01
1.650513707589350750e+15,6.626797003665982899e-01
1.650513707591234750e+15,6.626797003665979569e-01
1.650513707593119000e+15,6.626797003665976238e-01
1.650513707595003000e+15,6.626797003665974017e-01
1.650513707596887000e+15,6.626797003665969577e-01
1.650513707598771000e+15,6.626797003665967356e-01
1.650513707600655250e+15,6.628286012546590333e-01
1.650513707602539250e+15,6.635174392487902528e-01
1.650513707604423250e+15,6.642062772429211392e-01
1.650513707606307250e+15,6.648951152370522477e-01
1.650513707608191500e+15,6.655840446374989838e-01
1.650513707610075500e+15,6.662728826316299813e-01
1.650513707611959500e+15,6.669617206257609787e-01
1.650513707613843750e+15,6.676506500262077148e-01
1.650513707615727750e+15,6.683394880203387123e-01
1.650513707617611750e+15,6.684869335279547409e-01
1.650513707619495750e+15,6.674224695116101058e-01
1.650513707621380000e+15,6.663578642447325340e-01
1.650513707623264000e+15,6.652934002283878989e-01
1.650513707625148000e+15,6.642289362120433749e-01
1.650513707627032000e+15,6.631644721956987398e-01
1.650513707628916250e+15,6.620122927212073183e-01
1.650513707630800250e+15,6.607870590998496940e-01
1.650513707632684250e+15,6.595618254784921808e-01
1.650513707634568250e+15,6.583365918571344455e-01
1.650513707636452500e+15,6.571111956516976216e-01
1.650513707638336500e+15,6.568298431381646152e-01
1.650513707640220500e+15,6.573626638985584636e-01
1.650513707642104750e+15,6.578955553623440089e-01
1.650513707643988750e+15,6.584283761227378573e-01
1.650513707645872750e+15,6.589611968831317057e-01
1.650513707647756750e+15,6.594940176435253321e-01
1.650513707649641000e+15,6.600269091073109884e-01
1.650513707651525000e+15,6.605597298677048368e-01
1.650513707653409000e+15,6.610925506280985742e-01
1.650513707655293000e+15,6.616253713884924226e-01
1.650513707657177250e+15,6.621582628522779679e-01
1.650513707659061250e+15,6.626797003665965136e-01
1.650513707660945250e+15,6.626797003665965136e-01
1.650513707662829250e+15,6.626797003665965136e-01
1.650513707664713500e+15,6.626797003665965136e-01
1.650513707666597500e+15,6.626797003665965136e-01
1.650513707668481500e+15,6.626797003665965136e-01
1.650513707670365750e+15,6.618474508014864366e-01
1.650513707672249750e+15,6.608244802057157141e-01
1.650513707674133750e+15,6.598015096099449917e-01
1.650513707676017750e+15,6.587785390141743802e-01
1.650513707677902000e+15,6.577554326738979107e-01
1.650513707679786000e+15,6.567324620781271882e-01
1.650513707681670000e+15,6.557094914823564658e-01
1.650513707683554000e+15,6.546865208865858543e-01
1.650513707685438250e+15,6.536634145463093848e-01
1.650513707687322250e+15,6.526404439505386623e-01
1.650513707689206250e+15,6.516174733547679399e-01
1.650513707691090250e+15,6.505945027589973284e-01
1.650513707692974500e+15,6.514019529871005743e-01
1.650513707694858500e+15,6.526177156434087578e-01
1.650513707696742500e+15,6.538334782997170525e-01
1.650513707698626750e+15,6.550494022833416308e-01
1.650513707700510750e+15,6.562651649396498144e-01
1.650513707702394750e+15,6.574809275959579979e-01
1.650513707704278750e+15,6.586966902522661815e-01
1.650513707706163000e+15,6.599126142358907599e-01
1.650513707708047000e+15,6.611283768921989434e-01
1.650513707709931000e+15,6.623441395485072380e-01
1.650513707711815000e+15,6.616059433355228059e-01
1.650513707713699250e+15,6.601226393136747639e-01
1.650513707715583250e+15,6.586395320948015275e-01
1.650513707717467250e+15,6.571564248759284022e-01
1.650513707719351250e+15,6.556733176570553878e-01
1.650513707721235500e+15,6.541900136352072348e-01
1.650513707723119500e+15,6.527069064163341094e-01
1.650513707725003500e+15,6.512237991974610951e-01
1.650513707726887750e+15,6.504078540635109817e-01
1.650513707728771750e+15,6.504078540635109817e-01
1.650513707730655750e+15,6.504078540635109817e-01
1.650513707732539750e+15,6.504078540635109817e-01
1.650513707734424000e+15,6.504078540635109817e-01
1.650513707736308000e+15,6.504078540635109817e-01
1.650513707738192000e+15,6.504078540635109817e-01
1.650513707740076000e+15,6.504078540635108707e-01
1.650513707741960250e+15,6.504078540635109817e-01
1.650513707743844250e+15,6.502906586726685534e-01
1.650513707745728250e+15,6.498250896345089123e-01
1.650513707747612250e+15,6.493595205963491601e-01
1.650513707749496500e+15,6.488938897788585347e-01
1.650513707751380500e+15,6.484283207406990046e-01
1.650513707753264500e+15,6.479627517025392525e-01
1.650513707755148750e+15,6.474971208850486271e-01
1.650513707757032750e+15,6.470315518468889859e-01
1.650513707758916750e+15,6.465659828087293448e-01
1.650513707760800750e+15,6.461004137705697037e-01
1.650513707762685000e+15,6.456347829530790783e-01
1.650513707764569000e+15,6.451692139149194372e-01
1.650513707766453000e+15,6.447036448767599071e-01
1.650513707768337000e+15,6.442719309119696591e-01
1.650513707770221250e+15,6.442719309119696591e-01
1.650513707772105250e+15,6.442719309119695481e-01
1.650513707773989250e+15,6.442719309119695481e-01
1.650513707775873250e+15,6.442719309119696591e-01
1.650513707777757500e+15,6.442719309119696591e-01
1.650513707779641500e+15,6.442719309119695481e-01
1.650513707781525500e+15,6.442719309119695481e-01
1.650513707783409750e+15,6.442719309119695481e-01
1.650513707785293750e+15,6.442719309119695481e-01
1.650513707787177750e+15,6.442719309119694371e-01
1.650513707789061750e+15,6.442719309119695481e-01
1.650513707790946000e+15,6.442719309119695481e-01
1.650513707792830000e+15,6.442719309119695481e-01
1.650513707794714000e+15,6.442719309119695481e-01
1.650513707796598000e+15,6.442719309119695481e-01
1.650513707798482250e+15,6.442719309119695481e-01
1.650513707800366250e+15,6.442719309119695481e-01
1.650513707802250250e+15,6.442719309119695481e-01
1.650513707804134250e+15,6.442719309119695481e-01
1.650513707806018500e+15,6.442719309119695481e-01
1.650513707807902500e+15,6.442719309119695481e-01
1.650513707809786500e+15,6.442719309119695481e-01
1.650513707811670750e+15,6.442719309119695481e-01
1.650513707813554750e+15,6.431197576790309567e-01
1.650513707815438750e+15,6.413952735711012654e-01
1.650513707817322750e+15,6.396707894631714630e-01
1.650513707819207000e+15,6.379460765224249652e-01
1.650513707821091000e+15,6.362215924144953849e-01
1.650513707822975000e+15,6.344971083065656936e-01
1.650513707824859000e+15,6.327726241986360023e-01
1.650513707826743250e+15,6.322907975829408223e-01
1.650513707828627250e+15,6.328173087515285289e-01
1.650513707830511250e+15,6.333438199201160135e-01
1.650513707832395250e+15,6.338703310887034981e-01
1.650513707834279500e+15,6.343969121234226405e-01
1.650513707836163500e+15,6.349234232920102361e-01
1.650513707838047500e+15,6.354499344605977207e-01
1.650513707839931750e+15,6.359765154953169741e-01
1.650513707841815750e+15,6.365030266639044587e-01
1.650513707843699750e+15,6.370295378324919433e-01
1.650513707845583750e+15,6.375560490010794279e-01
1.650513707847468000e+15,6.380826300357986813e-01
1.650513707849352000e+15,6.381360077604272263e-01
1.650513707851236000e+15,6.381360077604272263e-01
1.650513707853120000e+15,6.381360077604272263e-01
1.650513707855004250e+15,6.381360077604272263e-01
1.650513707856888250e+15,6.381360077604272263e-01
1.650513707858772250e+15,6.381360077604271153e-01
1.650513707860656250e+15,6.381360077604271153e-01
1.650513707862540500e+15,6.381360077604272263e-01
1.650513707864424500e+15,6.381360077604272263e-01
1.650513707866308500e+15,6.381360077604272263e-01
1.650513707868192750e+15,6.381360077604272263e-01
1.650513707870076750e+15,6.381360077604272263e-01
1.650513707871960750e+15,6.381360077604272263e-01
1.650513707873844750e+15,6.381360077604272263e-01
1.650513707875729000e+15,6.381360077604272263e-01
1.650513707877613000e+15,6.381360077604272263e-01
1.650513707879497000e+15,6.381360077604272263e-01
1.650513707881381000e+15,6.381360077604272263e-01
1.650513707883265250e+15,6.381360077604272263e-01
1.650513707885149250e+15,6.381360077604272263e-01
1.650513707887033250e+15,6.381360077604272263e-01
1.650513707888917250e+15,6.381360077604272263e-01
1.650513707890801500e+15,6.381360077604272263e-01
1.650513707892685500e+15,6.381360077604272263e-01
1.650513707894569500e+15,6.381360077604272263e-01
1.650513707896453750e+15,6.381360077604272263e-01
1.650513707898337750e+15,6.381360077604272263e-01
1.650513707900221750e+15,6.381360077604272263e-01
1.650513707902105750e+15,6.373447117327950551e-01
1.650513707903990000e+15,6.364886764004764608e-01
1.650513707905874000e+15,6.356327546458853117e-01
1.650513707907758000e+15,6.347768328912941627e-01
1.650513707909642000e+15,6.339209111367032357e-01
1.650513707911526250e+15,6.330648758043845303e-01
1.650513707913410250e+15,6.322089540497933813e-01
1.650513707915294250e+15,6.320000846088840163e-01
1.650513707917178250e+15,6.320000846088840163e-01
1.650513707919062500e+15,6.320000846088840163e-01
1.650513707920946500e+15,6.320000846088840163e-01
1.650513707922830500e+15,6.320000846088840163e-01
1.650513707924714750e+15,6.320000846088840163e-01
1.650513707926598750e+15,6.320000846088840163e-01
1.650513707928482750e+15,6.320000846088840163e-01
1.650513707930366750e+15,6.320000846088840163e-01
1.650513707932251000e+15,6.320000846088840163e-01
1.650513707934135000e+15,6.320000846088840163e-01
1.650513707936019000e+15,6.320000846088841273e-01
1.650513707937903000e+15,6.320000846088840163e-01
1.650513707939787250e+15,6.320000846088840163e-01
1.650513707941671250e+15,6.320000846088840163e-01
1.650513707943555250e+15,6.320000846088840163e-01
1.650513707945439250e+15,6.320000846088840163e-01
1.650513707947323500e+15,6.320000846088839053e-01
1.650513707949207500e+15,6.320000846088840163e-01
1.650513707951091500e+15,6.320000846088840163e-01
1.650513707952975750e+15,6.320000846088840163e-01
1.650513707954859750e+15,6.320000846088840163e-01
1.650513707956743750e+15,6.320000846088840163e-01
1.650513707958627750e+15,6.320000846088840163e-01
1.650513707960512000e+15,6.320000846088840163e-01
1.650513707962396000e+15,6.320000846088840163e-01
1.650513707964280000e+15,6.320000846088840163e-01
1.650513707966164000e+15,6.320000846088840163e-01
1.650513707968048250e+15,6.320000846088840163e-01
1.650513707969932250e+15,6.320000846088840163e-01
1.650513707971816250e+15,6.320000846088840163e-01
1.650513707973700250e+15,6.320000846088840163e-01
1.650513707975584500e+15,6.320000846088840163e-01
1.650513707977468500e+15,6.320000846088840163e-01
1.650513707979352500e+15,6.320000846088840163e-01
1.650513707981236750e+15,6.320000846088840163e-01
1.650513707983120750e+15,6.320000846088840163e-01
1.650513707985004750e+15,6.320000846088840163e-01
1.650513707986888750e+15,6.320000846088840163e-01
1.650513707988773000e+15,6.320000846088840163e-01
1.650513707990657000e+15,6.320000846088841273e-01
1.650513707992541000e+15,6.320000846088840163e-01
1.650513707994425000e+15,6.320000846088840163e-01
1.650513707996309250e+15,6.320000846088840163e-01
1.650513707998193250e+15,6.320000846088840163e-01
1.650513708000077250e+15,6.320000846088840163e-01
1.650513708001961250e+15,6.320000846088840163e-01
1.650513708003845500e+15,6.320000846088840163e-01
1.650513708005729500e+15,6.320000846088840163e-01
1.650513708007613500e+15,6.320000846088841273e-01
1.650513708009497750e+15,6.320000846088840163e-01
1.650513708011381750e+15,6.320000846088840163e-01
1.650513708013265750e+15,6.320000846088837942e-01
1.650513708015149750e+15,6.320000846088836832e-01
1.650513708017034000e+15,6.320000846088835722e-01
1.650513708018918000e+15,6.320000846088834612e-01
1.650513708020802000e+15,6.320000846088833502e-01
1.650513708022686000e+15,6.320000846088832391e-01
1.650513708024570250e+15,6.320000846088832391e-01
1.650513708026454250e+15,6.320000846088833502e-01
1.650513708028338250e+15,6.320000846088834612e-01
1.650513708030222250e+15,6.320000846088835722e-01
1.650513708032106500e+15,6.320000846088836832e-01
1.650513708033990500e+15,6.320000846088837942e-01
1.650513708035874500e+15,6.320000846088839053e-01
1.650513708037758750e+15,6.320000846088839053e-01
1.650513708039642750e+15,6.320000846088836832e-01
1.650513708041526750e+15,6.320000846088835722e-01
1.650513708043410750e+15,6.320000846088833502e-01
1.650513708045295000e+15,6.320000846088831281e-01
1.650513708047179000e+15,6.311679893346097137e-01
1.650513708049063000e+15,6.296355675391734907e-01
1.650513708050947000e+15,6.281031457437373788e-01
1.650513708052831250e+15,6.265705206014599016e-01
1.650513708054715250e+15,6.250380988060237897e-01
1.650513708056599250e+15,6.235056770105877888e-01
1.650513708058483250e+15,6.219732552151515659e-01
1.650513708060367500e+15,6.204406300728741996e-01
1.650513708062251500e+15,6.189082082774379767e-01
1.650513708064135500e+15,6.173757864820018648e-01
1.650513708066019750e+15,6.158431613397244986e-01
1.650513708067903750e+15,6.143107395442882757e-01
1.650513708069787750e+15,6.156439439861667307e-01
1.650513708071671750e+15,6.195063159265293828e-01
1.650513708073556000e+15,6.233692003897077782e-01
1.650513708075440000e+15,6.272315723300705415e-01
1.650513708077324000e+15,6.310939442704330826e-01
1.650513708079208000e+15,6.349563162107956238e-01
1.650513708081092250e+15,6.377944968810516091e-01
1.650513708082976250e+15,6.358637947152887548e-01
1.650513708084860250e+15,6.339330925495259006e-01
1.650513708086744250e+15,6.320023903837630463e-01
1.650513708088628500e+15,6.300714320207914110e-01
1.650513708090512500e+15,6.281407298550285567e-01
1.650513708092396500e+15,6.262100276892658135e-01
1.650513708094280750e+15,6.258641614573418055e-01
1.650513708096164750e+15,6.258641614573416945e-01
1.650513708098048750e+15,6.258641614573416945e-01
1.650513708099932750e+15,6.258641614573416945e-01
1.650513708101817000e+15,6.258641614573416945e-01
1.650513708103701000e+15,6.258641614573416945e-01
1.650513708105585000e+15,6.258641614573416945e-01
1.650513708107469000e+15,6.258641614573416945e-01
1.650513708109353250e+15,6.258641614573416945e-01
1.650513708111237250e+15,6.258641614573416945e-01
1.650513708113121250e+15,6.258641614573416945e-01
1.650513708115005250e+15,6.258641614573416945e-01
1.650513708116889500e+15,6.258641614573416945e-01
1.650513708118773500e+15,6.258641614573416945e-01
1.650513708120657500e+15,6.258641614573416945e-01
1.650513708122541750e+15,6.258641614573416945e-01
1.650513708124425750e+15,6.258641614573416945e-01
1.650513708126309750e+15,6.258641614573416945e-01
1.650513708128193750e+15,6.236111159285013805e-01
1.650513708130078000e+15,6.172819306318675370e-01
1.650513708131962000e+15,6.109535850838465620e-01
1.650513708133846000e+15,6.046252395358256981e-01
1.650513708135730000e+15,5.982968939878047232e-01
1.650513708137614250e+15,5.919677086911707686e-01
1.650513708139498250e+15,5.856393631431497937e-01
1.650513708141382250e+15,5.826033063281570445e-01
1.650513708143266250e+15,5.820596863320364189e-01
1.650513708145150500e+15,5.815159941995042825e-01
1.650513708147034500e+15,5.809723742033836569e-01
1.650513708148918500e+15,5.804287542072630313e-01
1.650513708150802750e+15,5.798850620747310058e-01
1.650513708152686750e+15,5.793414420786102692e-01
1.650513708154570750e+15,5.787978220824897546e-01
1.650513708156454750e+15,5.782542020863690180e-01
1.650513708158339000e+15,5.777105099538371036e-01
1.650513708160223000e+15,5.771668899577163669e-01
1.650513708162107000e+15,5.770215139205614463e-01
1.650513708163991000e+15,5.778882165159658912e-01
1.650513708165875250e+15,5.787550341196766590e-01
1.650513708167759250e+15,5.796217367150811040e-01
1.650513708169643250e+15,5.804884393104857709e-01
1.650513708171527250e+15,5.813551419058902159e-01
1.650513708173411500e+15,5.822219595096009837e-01
1.650513708175295500e+15,5.829126993965436654e-01
1.650513708177179500e+15,5.829126993965436654e-01
1.650513708179063750e+15,5.829126993965436654e-01
1.650513708180947750e+15,5.829126993965436654e-01
1.650513708182831750e+15,5.829126993965436654e-01
1.650513708184715750e+15,5.829126993965436654e-01
1.650513708186600000e+15,5.829126993965435544e-01
1.650513708188484000e+15,5.829126993965436654e-01
1.650513708190368000e+15,5.829126993965436654e-01
1.650513708192252000e+15,5.829126993965435544e-01
1.650513708194136250e+15,5.829126993965436654e-01
1.650513708196020250e+15,5.829126993965436654e-01
1.650513708197904250e+15,5.829126993965436654e-01
1.650513708199788250e+15,5.829126993965436654e-01
1.650513708201672500e+15,5.829126993965436654e-01
1.650513708203556500e+15,5.829126993965436654e-01
1.650513708205440500e+15,5.829126993965436654e-01
1.650513708207324750e+15,5.829126993965436654e-01
1.650513708209208750e+15,5.829126993965436654e-01
1.650513708211092750e+15,5.829126993965436654e-01
1.650513708212976750e+15,5.829126993965436654e-01
1.650513708214861000e+15,5.829126993965436654e-01
1.650513708216745000e+15,5.828863394162639988e-01
1.650513708218629000e+15,5.820853361445410545e-01
1.650513708220513000e+15,5.812843328728181103e-01
1.650513708222397250e+15,5.804832233108521145e-01
1.650513708224281250e+15,5.796822200391291702e-01
1.650513708226165250e+15,5.788812167674062259e-01
1.650513708228049250e+15,5.780802134956831706e-01
1.650513708229933500e+15,5.772791039337171748e-01
1.650513708231817500e+15,5.771456036612723217e-01
1.650513708233701500e+15,5.781347436644814763e-01
1.650513708235585750e+15,5.791240149229990308e-01
1.650513708237469750e+15,5.801131549262080744e-01
1.650513708239353750e+15,5.811022949294172291e-01
1.650513708241237750e+15,5.820914349326264947e-01
1.650513708243122000e+15,5.827051417423688706e-01
1.650513708245006000e+15,5.814831460534150009e-01
1.650513708246890000e+15,5.802611503644611313e-01
1.650513708248774000e+15,5.790391546755071506e-01
1.650513708250658250e+15,5.778169968321358319e-01
1.650513708252542250e+15,5.769563493927903908e-01
1.650513708254426250e+15,5.781635422935321733e-01
1.650513708256310250e+15,5.793707351942740669e-01
1.650513708258194500e+15,5.805780882851567792e-01
1.650513708260078500e+15,5.817852811858985618e-01
1.650513708261962500e+15,5.828484556464498256e-01
1.650513708263846750e+15,5.818761561595862108e-01
1.650513708265730750e+15,5.809039856762370224e-01
1.650513708267614750e+15,5.799318151928878340e-01
1.650513708269498750e+15,5.789596447095385345e-01
1.650513708271383000e+15,5.779873452226751418e-01
1.650513708273267000e+15,5.770151747393258423e-01
1.650513708275151000e+15,5.761032172885791613e-01
1.650513708277035000e+15,5.752108227218425407e-01
1.650513708278919250e+15,5.743183097375679225e-01
1.650513708280803250e+15,5.734259151708313018e-01
1.650513708282687250e+15,5.725335206040947922e-01
1.650513708284571250e+15,5.716411260373581715e-01
1.650513708286455500e+15,5.707486130530835533e-01
1.650513708288339500e+15,5.711296319682140910e-01
1.650513708290223500e+15,5.716855386389285698e-01
1.650513708292107750e+15,5.722415190764517101e-01
1.650513708293991750e+15,5.727974257471661890e-01
1.650513708295875750e+15,5.733533324178806678e-01
1.650513708297759750e+15,5.739092390885951467e-01
1.650513708299644000e+15,5.744652195261182870e-01
1.650513708301528000e+15,5.750211261968327658e-01
1.650513708303412000e+15,5.755770328675472447e-01
1.650513708305296000e+15,5.761329395382617236e-01
1.650513708307180250e+15,5.766889199757849749e-01
1.650513708309064250e+15,5.757815709178921715e-01
1.650513708310948250e+15,5.745995587279627559e-01
1.650513708312832250e+15,5.734175465380333403e-01
1.650513708314716500e+15,5.722353774993528264e-01
1.650513708316600500e+15,5.710533653094234108e-01
1.650513708318484500e+15,5.713400735473621594e-01
1.650513708320368750e+15,5.724142734171286939e-01
1.650513708322252750e+15,5.734883307633620309e-01
1.650513708324136750e+15,5.745623881095952568e-01
1.650513708326020750e+15,5.756364454558285937e-01
1.650513708327905000e+15,5.767106453255951282e-01
1.650513708329789000e+15,5.767767762450022317e-01
1.650513708331673000e+15,5.767767762450022317e-01
1.650513708333557000e+15,5.767767762450022317e-01
1.650513708335441250e+15,5.767767762450022317e-01
1.650513708337325250e+15,5.767767762450021207e-01
1.650513708339209250e+15,5.767767762450022317e-01
1.650513708341093250e+15,5.767767762450022317e-01
1.650513708342977500e+15,5.767767762450022317e-01
1.650513708344861500e+15,5.767767762450022317e-01
1.650513708346745500e+15,5.767767762450022317e-01
1.650513708348629750e+15,5.767767762450022317e-01
1.650513708350513750e+15,5.767767762450022317e-01
1.650513708352397750e+15,5.767767762450021207e-01
1.650513708354281750e+15,5.767767762450022317e-01
1.650513708356166000e+15,5.767767762450022317e-01
1.650513708358050000e+15,5.767767762450022317e-01
1.650513708359934000e+15,5.767767762450021207e-01
1.650513708361818000e+15,5.767767762450022317e-01
1.650513708363702250e+15,5.767767762450022317e-01
1.650513708365586250e+15,5.767767762450022317e-01
1.650513708367470250e+15,5.767767762450022317e-01
1.650513708369354250e+15,5.767767762450021207e-01
1.650513708371238500e+15,5.767767762450022317e-01
1.650513708373122500e+15,5.767767762450022317e-01
1.650513708375006500e+15,5.767767762450022317e-01
1.650513708376890750e+15,5.767767762450022317e-01
1.650513708378774750e+15,5.767767762450022317e-01
1.650513708380658750e+15,5.767767762450022317e-01
1.650513708382542750e+15,5.767767762450022317e-01
1.650513708384427000e+15,5.766451952407908310e-01
1.650513708386311000e+15,5.760893687566334131e-01
1.650513708388195000e+15,5.755335422724758843e-01
1.650513708390079000e+15,5.749777157883183554e-01
1.650513708391963250e+15,5.744218155479926535e-01
1.650513708393847250e+15,5.738659890638351246e-01
1.650513708395731250e+15,5.733101625796775958e-01
1.650513708397615250e+15,5.727543360955201779e-01
1.650513708399499500e+15,5.721984358551943650e-01
1.650513708401383500e+15,5.716426093710369472e-01
1.650513708403267500e+15,5.710867828868793072e-01
1.650513708405151750e+15,5.707449286920547316e-01
1.650513708407035750e+15,5.712709606913951577e-01
1.650513708408919750e+15,5.717969926907356948e-01
1.650513708410803750e+15,5.723230246900762319e-01
1.650513708412688000e+15,5.728491264919643999e-01
1.650513708414572000e+15,5.733751584913049371e-01
1.650513708416456000e+15,5.739011904906454742e-01
1.650513708418340000e+15,5.744272224899860113e-01
1.650513708420224250e+15,5.749533242918741793e-01
1.650513708422108250e+15,5.754793562912147165e-01
1.650513708423992250e+15,5.760053882905551426e-01
1.650513708425876250e+15,5.765314202898959017e-01
1.650513708427760500e+15,5.767767762450022317e-01
1.650513708429644500e+15,5.767767762450022317e-01
1.650513708431528500e+15,5.767767762450022317e-01
1.650513708433412750e+15,5.767767762450021207e-01
1.650513708435296750e+15,5.767767762450022317e-01
1.650513708437180750e+15,5.767767762450022317e-01
1.650513708439064750e+15,5.767767762450022317e-01
1.650513708440949000e+15,5.767767762450022317e-01
1.650513708442833000e+15,5.767767762450021207e-01
1.650513708444717000e+15,5.767767762450022317e-01
1.650513708446601000e+15,5.767767762450022317e-01
1.650513708448485250e+15,5.767767762450022317e-01
1.650513708450369250e+15,5.767767762450021207e-01
1.650513708452253250e+15,5.767767762450022317e-01
1.650513708454137250e+15,5.767767762450022317e-01
1.650513708456021500e+15,5.767767762450022317e-01
1.650513708457905500e+15,5.767767762450022317e-01
1.650513708459789500e+15,5.767767762450022317e-01
1.650513708461673750e+15,5.767767762450022317e-01
1.650513708463557750e+15,5.767767762450022317e-01
1.650513708465441750e+15,5.762616174826711291e-01
1.650513708467325750e+15,5.742469644297770737e-01
1.650513708469210000e+15,5.722320440396944097e-01
1.650513708471094000e+15,5.702173909868002433e-01
1.650513708472978000e+15,5.682027379339060769e-01
1.650513708474862000e+15,5.661880848810119105e-01
1.650513708476746250e+15,5.643145629261401286e-01
1.650513708478630250e+15,5.631585550043893829e-01
1.650513708480514250e+15,5.620025470826386371e-01
1.650513708482398250e+15,5.608465391608878914e-01
1.650513708484282500e+15,5.596903778410583508e-01
1.650513708486166500e+15,5.585343699193077160e-01
1.650513708488050500e+15,5.588420037311758737e-01
1.650513708489934750e+15,5.593940288074887857e-01
1.650513708491818750e+15,5.599459806417852459e-01
1.650513708493702750e+15,5.604979324760819281e-01
1.650513708495586750e+15,5.610498843103783884e-01
1.650513708497471000e+15,5.616019093866913003e-01
1.650513708499355000e+15,5.621538612209877606e-01
1.650513708501239000e+15,5.627058130552844428e-01
1.650513708503123000e+15,5.632577648895809030e-01
1.650513708505007250e+15,5.638097899658938150e-01
1.650513708506891250e+15,5.643617418001902752e-01
1.650513708508775250e+15,5.645049299419165889e-01
1.650513708510659250e+15,5.645049299419164779e-01
1.650513708512543500e+15,5.645049299419162558e-01
1.650513708514427500e+15,5.645049299419160338e-01
1.650513708516311500e+15,5.645049299419159228e-01
1.650513708518195750e+15,5.645049299419158118e-01
1.650513708520079750e+15,5.638110620199129341e-01
1.650513708521963750e+15,5.627683922970387886e-01
1.650513708523847750e+15,5.617257225741645321e-01
1.650513708525732000e+15,5.606829144927815145e-01
1.650513708527616000e+15,5.596402447699073690e-01
1.650513708529500000e+15,5.585975750470332235e-01
1.650513708531384000e+15,5.575549053241590780e-01
1.650513708533268250e+15,5.565120972427761714e-01
1.650513708535152250e+15,5.554694275199019149e-01
1.650513708537036250e+15,5.544267577970277694e-01
1.650513708538920250e+15,5.533840880741536239e-01
1.650513708540804500e+15,5.523412799927706063e-01
1.650513708542688500e+15,5.536890288666811433e-01
1.650513708544572500e+15,5.553135481496359604e-01
1.650513708546456750e+15,5.569382830004361296e-01
1.650513708548340750e+15,5.585628022833910578e-01
1.650513708550224750e+15,5.601873215663457639e-01
1.650513708552108750e+15,5.618118408493005811e-01
1.650513708553993000e+15,5.634365757001008612e-01
1.650513708555877000e+15,5.643089862627036490e-01
1.650513708557761000e+15,5.637366484462115190e-01
1.650513708559645000e+15,5.631643106297193890e-01
1.650513708561529250e+15,5.625918968660648112e-01
1.650513708563413250e+15,5.620195590495726812e-01
1.650513708565297250e+15,5.614472212330806622e-01
1.650513708567181250e+15,5.608748834165885322e-01
1.650513708569065500e+15,5.603024696529339543e-01
1.650513708570949500e+15,5.597301318364418243e-01
1.650513708572833500e+15,5.591577940199498054e-01
1.650513708574717750e+15,5.585853802562952275e-01
1.650513708576601750e+15,5.583690067903734899e-01
1.650513708578485750e+15,5.583690067903734899e-01
1.650513708580369750e+15,5.583690067903734899e-01
1.650513708582254000e+15,5.583690067903736010e-01
1.650513708584138000e+15,5.583690067903734899e-01
1.650513708586022000e+15,5.583690067903734899e-01
1.650513708587906000e+15,5.583690067903734899e-01
1.650513708589790250e+15,5.583690067903734899e-01
1.650513708591674250e+15,5.583690067903734899e-01
1.650513708593558250e+15,5.583690067903734899e-01
1.650513708595442250e+15,5.583690067903734899e-01
1.650513708597326500e+15,5.583690067903734899e-01
1.650513708599210500e+15,5.583690067903734899e-01
1.650513708601094500e+15,5.583690067903734899e-01
1.650513708602978750e+15,5.583690067903734899e-01
1.650513708604862750e+15,5.583690067903734899e-01
1.650513708606746750e+15,5.583690067903734899e-01
1.650513708608630750e+15,5.568510372915593809e-01
1.650513708610515000e+15,5.549800747220480224e-01
1.650513708612399000e+15,5.531093603895765876e-01
1.650513708614283000e+15,5.512386460571050417e-01
1.650513708616167000e+15,5.493679317246336069e-01
1.650513708618051250e+15,5.474969691551223594e-01
1.650513708619935250e+15,5.467239021531539178e-01
1.650513708621819250e+15,5.492136887604136541e-01
1.650513708623703250e+15,5.517034753676735015e-01
1.650513708625587500e+15,5.541935923606297054e-01
1.650513708627471500e+15,5.566833789678894417e-01
1.650513708629355500e+15,5.586580606912571190e-01
1.650513708631239750e+15,5.595531302273951679e-01
1.650513708633123750e+15,5.604480810067951069e-01
1.650513708635007750e+15,5.613430317861948238e-01
1.650513708636891750e+15,5.622379825655946517e-01
1.650513708638776000e+15,5.631330521017328117e-01
1.650513708640660000e+15,5.640280028811325286e-01
1.650513708642544000e+15,5.636158121462049309e-01
1.650513708644428000e+15,5.617122917744764576e-01
1.650513708646312250e+15,5.598085188124652944e-01
1.650513708648196250e+15,5.579049984407369323e-01
1.650513708650080250e+15,5.560014780690084590e-01
1.650513708651964250e+15,5.540979576972800968e-01
1.650513708653848500e+15,5.522074284432040292e-01
1.650513708655732500e+15,5.509519897792697352e-01
1.650513708657616500e+15,5.496965511153353301e-01
1.650513708659500750e+15,5.484409458592216513e-01
1.650513708661384750e+15,5.471855071952873573e-01
1.650513708663268750e+15,5.458766699842427794e-01
1.650513708665152750e+15,5.442200234927686564e-01
1.650513708667037000e+15,5.425631571702844713e-01
1.650513708668921000e+15,5.409065106788102373e-01
1.650513708670805000e+15,5.392498641873361143e-01
1.650513708672689000e+15,5.375932176958619912e-01
1.650513708674573250e+15,5.359363513733779172e-01
1.650513708676457250e+15,5.342797048819036831e-01
1.650513708678341250e+15,5.354528902689724701e-01
1.650513708680225250e+15,5.376956061904986095e-01
1.650513708682109500e+15,5.399386197123328124e-01
1.650513708683993500e+15,5.421813356338589518e-01
1.650513708685877500e+15,5.444240515553850912e-01
1.650513708687761750e+15,5.460971604872879581e-01
1.650513708689645750e+15,5.460971604872878471e-01
1.650513708691529750e+15,5.460971604872878471e-01
1.650513708693413750e+15,5.460971604872877361e-01
1.650513708695298000e+15,5.460971604872877361e-01
1.650513708697182000e+15,5.460971604872877361e-01
1.650513708699066000e+15,5.460971604872875140e-01
1.650513708700950000e+15,5.460971604872875140e-01
1.650513708702834250e+15,5.460971604872875140e-01
1.650513708704718250e+15,5.460971604872872920e-01
1.650513708706602250e+15,5.460971604872872920e-01
1.650513708708486250e+15,5.460971604872871810e-01
1.650513708710370500e+15,5.460971604872871810e-01
1.650513708712254500e+15,5.468920185739761797e-01
1.650513708714138500e+15,5.488873718522202516e-01
1.650513708716022750e+15,5.508829899066425284e-01
1.650513708717906750e+15,5.528783431848867114e-01
1.650513708719790750e+15,5.548736964631307833e-01
1.650513708721674750e+15,5.568690497413749663e-01
1.650513708723559000e+15,5.565649066068828477e-01
1.650513708725443000e+15,5.493022468938563163e-01
1.650513708727327000e+15,5.420395871808296739e-01
1.650513708729211000e+15,5.347769274678031426e-01
1.650513708731095250e+15,5.275133040260461259e-01
1.650513708732979250e+15,5.202506443130195946e-01
1.650513708734863250e+15,5.157896559219034005e-01
1.650513708736747250e+15,5.169020041747304228e-01
1.650513708738631500e+15,5.180145000321557669e-01
1.650513708740515500e+15,5.191268482849827892e-01
1.650513708742399500e+15,5.202391965378099226e-01
1.650513708744283750e+15,5.213516923952352666e-01
1.650513708746167750e+15,5.224640406480622890e-01
1.650513708748051750e+15,5.235763889008892003e-01
1.650513708749935750e+15,5.246887371537162226e-01
1.650513708751820000e+15,5.258012330111416777e-01
1.650513708753704000e+15,5.269135812639685890e-01
1.650513708755588000e+15,5.276893910326601045e-01
1.650513708757472000e+15,5.276893910326601045e-01
1.650513708759356250e+15,5.276893910326601045e-01
1.650513708761240250e+15,5.276893910326601045e-01
1.650513708763124250e+15,5.276893910326601045e-01
1.650513708765008250e+15,5.276893910326601045e-01
1.650513708766892500e+15,5.274598798836548363e-01
1.650513708768776500e+15,5.268671464981498076e-01
1.650513708770660500e+15,5.262744131126446678e-01
1.650513708772544750e+15,5.256816010735587685e-01
1.650513708774428750e+15,5.250888676880536288e-01
1.650513708776312750e+15,5.244961343025484890e-01
1.650513708778196750e+15,5.239034009170434603e-01
1.650513708780081000e+15,5.233105888779574499e-01
1.650513708781965000e+15,5.227178554924524212e-01
1.650513708783849000e+15,5.221251221069472814e-01
1.650513708785733000e+15,5.215202980528821364e-01
1.650513708787617250e+15,5.205874585177606706e-01
1.650513708789501250e+15,5.196547427506550410e-01
1.650513708791385250e+15,5.187220269835495223e-01
1.650513708793269250e+15,5.177893112164438927e-01
1.650513708795153500e+15,5.168564716813225379e-01
1.650513708797037500e+15,5.159237559142169083e-01
1.650513708798921500e+15,5.149910401471113897e-01
1.650513708800805750e+15,5.140582006119900349e-01
1.650513708802689750e+15,5.131254848448844053e-01
1.650513708804573750e+15,5.121927690777787756e-01
1.650513708806457750e+15,5.112600533106732570e-01
1.650513708808342000e+15,5.103272137755517912e-01
1.650513708810226000e+15,5.093944980084462726e-01
1.650513708812110000e+15,5.092816215780324729e-01
1.650513708813994000e+15,5.092816215780326949e-01
1.650513708815878250e+15,5.092816215780329170e-01
1.650513708817762250e+15,5.092816215780331390e-01
1.650513708819646250e+15,5.092816215780334721e-01
1.650513708821530250e+15,5.092816215780336941e-01
1.650513708823414500e+15,5.092816215780339162e-01
1.650513708825298500e+15,5.099714089583212706e-01
1.650513708827182500e+15,5.110722640404568029e-01
1.650513708829066750e+15,5.121732652020883902e-01
1.650513708830950750e+15,5.132741202842239225e-01
1.650513708832834750e+15,5.143749753663595659e-01
1.650513708834718750e+15,5.154175447295764600e-01
1.650513708836603000e+15,5.154175447295764600e-01
1.650513708838487000e+15,5.154175447295763490e-01
1.650513708840371000e+15,5.154175447295763490e-01
1.650513708842255000e+15,5.154175447295763490e-01
1.650513708844139250e+15,5.154175447295763490e-01
1.650513708846023250e+15,5.154175447295763490e-01
1.650513708847907250e+15,5.154175447295763490e-01
1.650513708849791250e+15,5.154175447295764600e-01
1.650513708851675500e+15,5.154175447295763490e-01
1.650513708853559500e+15,5.154175447295763490e-01
1.650513708855443500e+15,5.154175447295763490e-01
1.650513708857327750e+15,5.154175447295763490e-01
1.650513708859211750e+15,5.154175447295763490e-01
1.650513708861095750e+15,5.154175447295763490e-01
1.650513708862979750e+15,5.154175447295763490e-01
1.650513708864864000e+15,5.154175447295763490e-01
1.650513708866748000e+15,5.154175447295763490e-01
1.650513708868632000e+15,5.154175447295763490e-01
1.650513708870516000e+15,5.154175447295763490e-01
1.650513708872400250e+15,5.154175447295763490e-01
1.650513708874284250e+15,5.154175447295763490e-01
1.650513708876168250e+15,5.149026306247410645e-01
1.650513708878052250e+15,5.143655520511716261e-01
1.650513708879936500e+15,5.138284022092141079e-01
1.650513708881820500e+15,5.132913236356446696e-01
1.650513708883704500e+15,5.127542450620753423e-01
1.650513708885588750e+15,5.122170952201177130e-01
1.650513708887472750e+15,5.116800166465482747e-01
1.650513708889356750e+15,5.111429380729789473e-01
1.650513708891240750e+15,5.106058594994095090e-01
1.650513708893125000e+15,5.100687096574519908e-01
1.650513708895009000e+15,5.095316310838825524e-01
1.650513708896893000e+15,5.087956699764913937e-01
1.650513708898777000e+15,5.078865013396446360e-01
1.650513708900661250e+15,5.069772120594013831e-01
1.650513708902545250e+15,5.060680434225547364e-01
1.650513708904429250e+15,5.051588747857079786e-01
1.650513708906313250e+15,5.042497061488613319e-01
1.650513708908197500e+15,5.033404168686179680e-01
1.650513708910081500e+15,5.037782612163981266e-01
1.650513708911965500e+15,5.045832246045678371e-01
1.650513708913849750e+15,5.053882948084738036e-01
1.650513708915733750e+15,5.061932581966435141e-01
1.650513708917617750e+15,5.069982215848132245e-01
1.650513708919501750e+15,5.078031849729831571e-01
1.650513708921386000e+15,5.086082551768891236e-01
1.650513708923270000e+15,5.092816215780331390e-01
1.650513708925154000e+15,5.092816215780331390e-01
1.650513708927038000e+15,5.092816215780331390e-01
1.650513708928922250e+15,5.092816215780331390e-01
1.650513708930806250e+15,5.092816215780331390e-01
1.650513708932690250e+15,5.092816215780331390e-01
1.650513708934574250e+15,5.092816215780331390e-01
1.650513708936458500e+15,5.092816215780331390e-01
1.650513708938342500e+15,5.092816215780331390e-01
1.650513708940226500e+15,5.092816215780331390e-01
1.650513708942110750e+15,5.092816215780331390e-01
1.650513708943994750e+15,5.095717487172126692e-01
1.650513708945878750e+15,5.106546601193209245e-01
1.650513708947762750e+15,5.117375715214291798e-01
1.650513708949647000e+15,5.128206266219719200e-01
1.650513708951531000e+15,5.139035380240801754e-01
1.650513708953415000e+15,5.149864494261884307e-01
1.650513708955299000e+15,5.150808009433949231e-01
1.650513708957183250e+15,5.145212687748669245e-01
1.650513708959067250e+15,5.139618108443870792e-01
1.650513708960951250e+15,5.134023529139071229e-01
1.650513708962835250e+15,5.128428949834272776e-01
1.650513708964719500e+15,5.122833628148992791e-01
1.650513708966603500e+15,5.117239048844193228e-01
1.650513708968487500e+15,5.111644469539395885e-01
1.650513708970371750e+15,5.106049147854114789e-01
1.650513708972255750e+15,5.100454568549316337e-01
1.650513708974139750e+15,5.094859989244517884e-01
1.650513708976023750e+15,5.086618352874049398e-01
1.650513708977908000e+15,5.076851827111003024e-01
1.650513708979792000e+15,5.067086597158726446e-01
1.650513708981676000e+15,5.057321367206448759e-01
1.650513708983560000e+15,5.047556137254172182e-01
1.650513708985444250e+15,5.037789611491125807e-01
1.650513708987328250e+15,5.039969637678773928e-01
1.650513708989212250e+15,5.064186835159669720e-01
1.650513708991096250e+15,5.088404032640565511e-01
1.650513708992980500e+15,5.112624443656159645e-01
1.650513708994864500e+15,5.136841641137055436e-01
1.650513708996748500e+15,5.149148618185908077e-01
1.650513708998632750e+15,5.131460844609386784e-01
1.650513709000516750e+15,5.113775417825165981e-01
1.650513709002400750e+15,5.096089991040946288e-01
1.650513709004284750e+15,5.078404564256724374e-01
1.650513709006169000e+15,5.060716790680203081e-01
1.650513709008053000e+15,5.043031363895982278e-01
1.650513709009937000e+15,5.034443739141275520e-01
1.650513709011821000e+15,5.043087435281178310e-01
1.650513709013705250e+15,5.051732278408360699e-01
1.650513709015589250e+15,5.060375974548263489e-01
1.650513709017473250e+15,5.069019670688166279e-01
1.650513709019357250e+15,5.077663366828067959e-01
1.650513709021241500e+15,5.086308209955250348e-01
1.650513709023125500e+15,5.088364419915238912e-01
1.650513709025009500e+15,5.070346840087455176e-01
1.650513709026893750e+15,5.052326869391858821e-01
1.650513709028777750e+15,5.034309289564076195e-01
1.650513709030661750e+15,5.016291709736291349e-01
1.650513709032545750e+15,4.998274129908507613e-01
1.650513709034430000e+15,4.980254159212911258e-01
1.650513709036314000e+15,4.962236579385127522e-01
1.650513709038198000e+15,4.944218999557343786e-01
1.650513709040082000e+15,4.926201419729559494e-01
1.650513709041966250e+15,4.908738521234052854e-01
1.650513709043850250e+15,4.908738521234052854e-01
1.650513709045734250e+15,4.908738521234052854e-01
1.650513709047618250e+15,4.908738521234052854e-01
1.650513709049502500e+15,4.908738521234052854e-01
1.650513709051386500e+15,4.908738521234052854e-01
1.650513709053270500e+15,4.908738521234052854e-01
1.650513709055154750e+15,4.908738521234052299e-01
1.650513709057038750e+15,4.906118469002440641e-01
1.650513709058922750e+15,4.894414430106515113e-01
1.650513709060806750e+15,4.882710391210587919e-01
1.650513709062691000e+15,4.871004799230944649e-01
1.650513709064575000e+15,4.859300760335017455e-01
1.650513709066459000e+15,4.847596721439090817e-01
1.650513709068343000e+15,4.835892682543164733e-01
1.650513709070227250e+15,4.824187090563520353e-01
1.650513709072111250e+15,4.812483051667593714e-01
1.650513709073995250e+15,4.800779012771667631e-01
1.650513709075879250e+15,4.789074973875741548e-01
1.650513709077763500e+15,4.800913335157220851e-01
1.650513709079647500e+15,4.821063377370061742e-01
1.650513709081531500e+15,4.841213419582902078e-01
1.650513709083415750e+15,4.861366135633615193e-01
1.650513709085299750e+15,4.881516177846456084e-01
1.650513709087183750e+15,4.901666220059296419e-01
1.650513709089067750e+15,4.890927957356191458e-01
1.650513709090952000e+15,4.863481991306828345e-01
1.650513709092836000e+15,4.836039666754884392e-01
1.650513709094720000e+15,4.808597342202939884e-01
1.650513709096604000e+15,4.787642958371565727e-01
1.650513709098488250e+15,4.796798496222606234e-01
1.650513709100372250e+15,4.805952819328012660e-01
1.650513709102256250e+15,4.815107142433418530e-01
1.650513709104140250e+15,4.824261465538823845e-01
1.650513709106024500e+15,4.833417003389865463e-01
1.650513709107908500e+15,4.842571326495270778e-01
1.650513709109792500e+15,4.851725649600676649e-01
1.650513709111676750e+15,4.860881187451717711e-01
1.650513709113560750e+15,4.870035510557123581e-01
1.650513709115444750e+15,4.879189833662529452e-01
1.650513709117328750e+15,4.888344156767935877e-01
1.650513709119213000e+15,4.897499694618975830e-01
1.650513709121097000e+15,4.906654017724382255e-01
1.650513709122981000e+15,4.885222735153466611e-01
1.650513709124865000e+15,4.854773428640871691e-01
1.650513709126749250e+15,4.824320081615205424e-01
1.650513709128633250e+15,4.793870775102610504e-01
1.650513709130517250e+15,4.789685124864158650e-01
1.650513709132401250e+15,4.794623430309716272e-01
1.650513709134285500e+15,4.799562391050582466e-01
1.650513709136169500e+15,4.804500696496140089e-01
1.650513709138053500e+15,4.809439001941697711e-01
1.650513709139937750e+15,4.814377962682563350e-01
1.650513709141821750e+15,4.819316268128120972e-01
1.650513709143705750e+15,4.824254573573678595e-01
1.650513709145589750e+15,4.829192879019236218e-01
1.650513709147474000e+15,4.834131839760102411e-01
1.650513709149358000e+15,4.839070145205660034e-01
1.650513709151242000e+15,4.844008450651217657e-01
1.650513709153126000e+15,4.848809697501492710e-01
1.650513709155010250e+15,4.853316797609981137e-01
1.650513709156894250e+15,4.857823299721905630e-01
1.650513709158778250e+15,4.862329801833829013e-01
1.650513709160662250e+15,4.866836303945754061e-01
1.650513709162546500e+15,4.871343404054241932e-01
1.650513709164430500e+15,4.875849906166165870e-01
1.650513709166314500e+15,4.880356408278090363e-01
1.650513709168198750e+15,4.884863508386579345e-01
1.650513709170082750e+15,4.889370010498502728e-01
1.650513709171966750e+15,4.893876512610426666e-01
1.650513709173850750e+15,4.898383014722351159e-01
1.650513709175735000e+15,4.902890114830840140e-01
1.650513709177619000e+15,4.907396616942763523e-01
1.650513709179503000e+15,4.891128398495313001e-01
1.650513709181387000e+15,4.866050944799328870e-01
1.650513709183271250e+15,4.840970163415752592e-01
1.650513709185155250e+15,4.815892709719768461e-01
1.650513709187039250e+15,4.790815256023784885e-01
1.650513709188923250e+15,4.765737802327800754e-01
1.650513709190807500e+15,4.740657020944225031e-01
1.650513709192691500e+15,4.715579567248240900e-01
1.650513709194575500e+15,4.690502113552257324e-01
1.650513709196459750e+15,4.665421332168681046e-01
1.650513709198343750e+15,4.678031824771658465e-01
1.650513709200227750e+15,4.694122129201341309e-01
1.650513709202111750e+15,4.710212433631024709e-01
1.650513709203996000e+15,4.726304873186030209e-01
1.650513709205880000e+15,4.742395177615713053e-01
1.650513709207764000e+15,4.758485482045395898e-01
1.650513709209648000e+15,4.774575786475078742e-01
1.650513709211532250e+15,4.782471199355985414e-01
1.650513709213416250e+15,4.770186311770963083e-01
1.650513709215300250e+15,4.757901424185940753e-01
1.650513709217184250e+15,4.745616536600918978e-01
1.650513709219068500e+15,4.733330018855654853e-01
1.650513709220952500e+15,4.721045131270632522e-01
1.650513709222836500e+15,4.708760243685611302e-01
1.650513709224720750e+15,4.696473725940346622e-01
1.650513709226604750e+15,4.684188838355324291e-01
1.650513709228488750e+15,4.671903950770302516e-01
1.650513709230372750e+15,4.667973964348962057e-01
1.650513709232257000e+15,4.683563006617273983e-01
1.650513709234141000e+15,4.699149980550403338e-01
1.650513709236025000e+15,4.714736954483533249e-01
1.650513709237909000e+15,4.730323928416663715e-01
1.650513709239793250e+15,4.745912970684975640e-01
1.650513709241677250e+15,4.761499944618104996e-01
1.650513709243561250e+15,4.777086918551234906e-01
1.650513709245445250e+15,4.781442731244076594e-01
1.650513709247329500e+15,4.770718667429685866e-01
1.650513709249213500e+15,4.759996026471048913e-01
1.650513709251097500e+15,4.749273385512412515e-01
1.650513709252981750e+15,4.738549321698021788e-01
1.650513709254865750e+15,4.727826680739384280e-01
1.650513709256749750e+15,4.717104039780747327e-01
1.650513709258633750e+15,4.706381398822110373e-01
1.650513709260518000e+15,4.695657335007720201e-01
1.650513709262402000e+15,4.684934694049083248e-01
1.650513709264286000e+15,4.674212053090445740e-01
1.650513709266170000e+15,4.663489412131808787e-01
1.650513709268054250e+15,4.663301595172342218e-01
1.650513709269938250e+15,4.663301595172342218e-01
1.650513709271822250e+15,4.663301595172342218e-01
1.650513709273706250e+15,4.663301595172342218e-01
1.650513709275590500e+15,4.663301595172342218e-01
1.650513709277474500e+15,4.663301595172342218e-01
1.650513709279358500e+15,4.663301595172342773e-01
1.650513709281242750e+15,4.663301595172342218e-01
1.650513709283126750e+15,4.663301595172342218e-01
1.650513709285010750e+15,4.663301595172341663e-01
1.650513709286894750e+15,4.663301595172342218e-01
1.650513709288779000e+15,4.660859089510653863e-01
1.650513709290663000e+15,4.655380898240866205e-01
1.650513709292547000e+15,4.649902706971078548e-01
1.650513709294431000e+15,4.644424515701290890e-01
1.650513709296315250e+15,4.638945597495294226e-01
1.650513709298199250e+15,4.633467406225507124e-01
1.650513709300083250e+15,4.627989214955719466e-01
1.650513709301967250e+15,4.622511023685931808e-01
1.650513709303851500e+15,4.617032105479935700e-01
1.650513709305735500e+15,4.611553914210148042e-01
1.650513709307619500e+15,4.606075722940360384e-01
1.650513709309503750e+15,4.601942363656919555e-01
1.650513709311387750e+15,4.601942363656920665e-01
1.650513709313271750e+15,4.601942363656921220e-01
1.650513709315155750e+15,4.601942363656921220e-01
1.650513709317040000e+15,4.601942363656922330e-01
1.650513709318924000e+15,4.601942363656922885e-01
1.650513709320808000e+15,4.601942363656923440e-01
1.650513709322692000e+15,4.601942363656924551e-01
1.650513709324576250e+15,4.601942363656925661e-01
1.650513709326460250e+15,4.601942363656926216e-01
1.650513709328344250e+15,4.601942363656927326e-01
1.650513709330228250e+15,4.601942363656927326e-01
1.650513709332112500e+15,4.601942363656927326e-01
1.650513709333996500e+15,4.601942363656927881e-01
1.650513709335880500e+15,4.601942363656927881e-01
1.650513709337764750e+15,4.601942363656927881e-01
1.650513709339648750e+15,4.601942363656927326e-01
1.650513709341532750e+15,4.601942363656927881e-01
1.650513709343416750e+15,4.601942363656927881e-01
1.650513709345301000e+15,4.601942363656927326e-01
1.650513709347185000e+15,4.601942363656927881e-01
1.650513709349069000e+15,4.601942363656927881e-01
1.650513709350953000e+15,4.601942363656927326e-01
1.650513709352837250e+15,4.601942363656927881e-01
1.650513709354721250e+15,4.601942363656927881e-01
1.650513709356605250e+15,4.601942363656927326e-01
1.650513709358489250e+15,4.601942363656927881e-01
1.650513709360373500e+15,4.601942363656927326e-01
1.650513709362257500e+15,4.601942363656927881e-01
1.650513709364141500e+15,4.606800390616770935e-01
1.650513709366025750e+15,4.615080569087223195e-01
1.650513709367909750e+15,4.623359648953658807e-01
1.650513709369793750e+15,4.631638728820094419e-01
1.650513709371677750e+15,4.639917808686530032e-01
1.650513709373562000e+15,4.648197987156982292e-01
1.650513709375446000e+15,4.656477067023417349e-01
1.650513709377330000e+15,4.665740637520319756e-01
1.650513709379214000e+15,4.679623283392191357e-01
1.650513709381098250e+15,4.693507771441062792e-01
1.650513709382982250e+15,4.707390417312934394e-01
1.650513709384866250e+15,4.721273063184805996e-01
1.650513709386750250e+15,4.717847253829062226e-01
1.650513709388634500e+15,4.708833053612085373e-01
1.650513709390518500e+15,4.699820049388238052e-01
1.650513709392402500e+15,4.690807045164390732e-01
1.650513709394286750e+15,4.681792844947413879e-01
1.650513709396170750e+15,4.672779840723566558e-01
1.650513709398054750e+15,4.663766836499719237e-01
1.650513709399938750e+15,4.654753832275871916e-01
1.650513709401823000e+15,4.645739632058895063e-01
1.650513709403707000e+15,4.636726627835048298e-01
1.650513709405591000e+15,4.627713623611200977e-01
1.650513709407475000e+15,4.618700619387353656e-01
1.650513709409359250e+15,4.609686419170376803e-01
1.650513709411243250e+15,4.601942363656919555e-01
1.650513709413127250e+15,4.601942363656920665e-01
1.650513709415011250e+15,4.601942363656921775e-01
1.650513709416895500e+15,4.601942363656922330e-01
1.650513709418779500e+15,4.601942363656922885e-01
1.650513709420663500e+15,4.601942363656923995e-01
1.650513709422547750e+15,4.601942363656925106e-01
1.650513709424431750e+15,4.601942363656925661e-01
1.650513709426315750e+15,4.601942363656925661e-01
1.650513709428199750e+15,4.601942363656926771e-01
1.650513709430084000e+15,4.601942363656927881e-01
1.650513709431968000e+15,4.601942363656928436e-01
1.650513709433852000e+15,4.601942363656928436e-01
1.650513709435736000e+15,4.601942363656927881e-01
1.650513709437620250e+15,4.601942363656928436e-01
1.650513709439504250e+15,4.601942363656928436e-01
1.650513709441388250e+15,4.601942363656927881e-01
1.650513709443272250e+15,4.601942363656927881e-01
1.650513709445156500e+15,4.601942363656927881e-01
1.650513709447040500e+15,4.601942363656927881e-01
1.650513709448924500e+15,4.601942363656927881e-01
1.650513709450808750e+15,4.601942363656927881e-01
1.650513709452692750e+15,4.601942363656927881e-01
1.650513709454576750e+15,4.601942363656927881e-01
1.650513709456460750e+15,4.601942363656927881e-01
1.650513709458345000e+15,4.601942363656927881e-01
1.650513709460229000e+15,4.601942363656927881e-01
1.650513709462113000e+15,4.601942363656927881e-01
1.650513709463997000e+15,4.601942363656927881e-01
1.650513709465881250e+15,4.604364503876365311e-01
1.650513709467765250e+15,4.609038831326733865e-01
1.650513709469649250e+15,4.613713158777100753e-01
1.650513709471533250e+15,4.618387486227468752e-01
1.650513709473417500e+15,4.623062433944217786e-01
1.650513709475301500e+15,4.627736761394585230e-01
1.650513709477185500e+15,4.632411088844952674e-01
1.650513709479069750e+15,4.637086036561701707e-01
1.650513709480953750e+15,4.641760364012069706e-01
1.650513709482837750e+15,4.646434691462437150e-01
1.650513709484721750e+15,4.651109018912804594e-01
1.650513709486606000e+15,4.655783966629553627e-01
1.650513709488490000e+15,4.660458294079921071e-01
1.650513709490374000e+15,4.663301595172342218e-01
1.650513709492258000e+15,4.663301595172343883e-01
1.650513709494142250e+15,4.663301595172344438e-01
1.650513709496026250e+15,4.663301595172346103e-01
1.650513709497910250e+15,4.663301595172347769e-01
1.650513709499794250e+15,4.663301595172348324e-01
1.650513709501678500e+15,4.663301595172348879e-01
1.650513709503562500e+15,4.663301595172350544e-01
1.650513709505446500e+15,4.663301595172351099e-01
1.650513709507330750e+15,4.663301595172351099e-01
1.650513709509214750e+15,4.663301595172351099e-01
1.650513709511098750e+15,4.663301595172351099e-01
1.650513709512982750e+15,4.663301595172351655e-01
1.650513709514867000e+15,4.663301595172351099e-01
1.650513709516751000e+15,4.655495892094500543e-01
1.650513709518635000e+15,4.643664882763308688e-01
1.650513709520519000e+15,4.631833873432117388e-01
1.650513709522403250e+15,4.620001294168689099e-01
1.650513709524287250e+15,4.608170284837497799e-01
1.650513709526171250e+15,4.606996393134845658e-01
1.650513709528055250e+15,4.617668056386640685e-01
1.650513709529939500e+15,4.628341135729631128e-01
1.650513709531823500e+15,4.639012798981425600e-01
1.650513709533707500e+15,4.649684462233220072e-01
1.650513709535591750e+15,4.660357541576210516e-01
1.650513709537475750e+15,4.671029204828005543e-01
1.650513709539359750e+15,4.681700868079800015e-01
1.650513709541243750e+15,4.692372531331594487e-01
1.650513709543128000e+15,4.703045610674584931e-01
1.650513709545012000e+15,4.713717273926379958e-01
1.650513709546896000e+15,4.724388937178174430e-01
1.650513709548780000e+15,4.715608552757495353e-01
1.650513709550664250e+15,4.706318385462763820e-01
1.650513709552548250e+15,4.697029450776137871e-01
1.650513709554432250e+15,4.687740516089511922e-01
1.650513709556316250e+15,4.678451581402885973e-01
1.650513709558200500e+15,4.669161414108154440e-01
1.650513709560084500e+15,4.663301595172350544e-01
1.650513709561968500e+15,4.663301595172351099e-01
1.650513709563852750e+15,4.663301595172351099e-01
1.650513709565736750e+15,4.663301595172351099e-01
1.650513709567620750e+15,4.663301595172351099e-01
1.650513709569504750e+15,4.663301595172351099e-01
1.650513709571389000e+15,4.663301595172351099e-01
1.650513709573273000e+15,4.663301595172351099e-01
1.650513709575157000e+15,4.663301595172350544e-01
1.650513709577041000e+15,4.663301595172351099e-01
1.650513709578925250e+15,4.663301595172351099e-01
1.650513709580809250e+15,4.663301595172351099e-01
1.650513709582693250e+15,4.663301595172351099e-01
1.650513709584577250e+15,4.663301595172351099e-01
1.650513709586461500e+15,4.663301595172350544e-01
1.650513709588345500e+15,4.663301595172351099e-01
1.650513709590229500e+15,4.669135112562462497e-01
1.650513709592113750e+15,4.676554488291329026e-01
1.650513709593997750e+15,4.683972879626442376e-01
1.650513709595881750e+15,4.691391270961554616e-01
1.650513709597765750e+15,4.698809662296666856e-01
1.650513709599650000e+15,4.706229038025534495e-01
1.650513709601534000e+15,4.713647429360646735e-01
1.650513709603418000e+15,4.721065820695758419e-01
1.650513709605302000e+15,4.719514431783957686e-01
1.650513709607186250e+15,4.709527722620708845e-01
1.650513709609070250e+15,4.699542338481894066e-01
1.650513709610954250e+15,4.689556954343079842e-01
1.650513709612838250e+15,4.679571570204265063e-01
1.650513709614722500e+15,4.669584861041016222e-01
1.650513709616606500e+15,4.663301595172351099e-01
1.650513709618490500e+15,4.663301595172351099e-01
1.650513709620374750e+15,4.663301595172351099e-01
1.650513709622258750e+15,4.663301595172350544e-01
1.650513709624142750e+15,4.663301595172350544e-01
1.650513709626026750e+15,4.663301595172351099e-01
1.650513709627911000e+15,4.663301595172351099e-01
1.650513709629795000e+15,4.663301595172351099e-01
1.650513709631679000e+15,4.663301595172351099e-01
1.650513709633563000e+15,4.663301595172351099e-01
1.650513709635447250e+15,4.663301595172351099e-01
1.650513709637331250e+15,4.663301595172351099e-01
1.650513709639215250e+15,4.663301595172351099e-01
1.650513709641099250e+15,4.663301595172351099e-01
1.650513709642983500e+15,4.663301595172350544e-01
1.650513709644867500e+15,4.663301595172349989e-01
1.650513709646751500e+15,4.663301595172350544e-01
1.650513709648635750e+15,4.663301595172351099e-01
1.650513709650519750e+15,4.663301595172350544e-01
1.650513709652403750e+15,4.663301595172351099e-01
1.650513709654287750e+15,4.663301595172351099e-01
1.650513709656172000e+15,4.663301595172351099e-01
1.650513709658056000e+15,4.663301595172351099e-01
1.650513709659940000e+15,4.663301595172350544e-01
1.650513709661824000e+15,4.663301595172351099e-01
1.650513709663708250e+15,4.663301595172350544e-01
1.650513709665592250e+15,4.663301595172350544e-01
1.650513709667476250e+15,4.663301595172351099e-01
1.650513709669360250e+15,4.663301595172351099e-01
1.650513709671244500e+15,4.663301595172351655e-01
1.650513709673128500e+15,4.663301595172351655e-01
1.650513709675012500e+15,4.663301595172351655e-01
1.650513709676896750e+15,4.663301595172351655e-01
1.650513709678780750e+15,4.663301595172351099e-01
1.650513709680664750e+15,4.663301595172351099e-01
1.650513709682548750e+15,4.663301595172351099e-01
1.650513709684433000e+15,4.663301595172351655e-01
1.650513709686317000e+15,4.663301595172351655e-01
1.650513709688201000e+15,4.663301595172351655e-01
1.650513709690085000e+15,4.663301595172351099e-01
1.650513709691969250e+15,4.663301595172351655e-01
1.650513709693853250e+15,4.663301595172351099e-01
1.650513709695737250e+15,4.663301595172351099e-01
1.650513709697621250e+15,4.663301595172351099e-01
1.650513709699505500e+15,4.663301595172351099e-01
1.650513709701389500e+15,4.663301595172351099e-01
1.650513709703273500e+15,4.663301595172351099e-01
1.650513709705157750e+15,4.663301595172351099e-01
1.650513709707041750e+15,4.663301595172350544e-01
1.650513709708925750e+15,4.663301595172351099e-01
1.650513709710809750e+15,4.663301595172351099e-01
1.650513709712694000e+15,4.663301595172351099e-01
1.650513709714578000e+15,4.663301595172351099e-01
1.650513709716462000e+15,4.658271131859850755e-01
1.650513709718346000e+15,4.653183964452041188e-01
1.650513709720230250e+15,4.648096121995477503e-01
1.650513709722114250e+15,4.643008954587667381e-01
1.650513709723998250e+15,4.637921787179857258e-01
1.650513709725882250e+15,4.632834619772047136e-01
1.650513709727766500e+15,4.627746777315484006e-01
1.650513709729650500e+15,4.622659609907673328e-01
1.650513709731534500e+15,4.617572442499864316e-01
1.650513709733418750e+15,4.612484600043300076e-01
1.650513709735302750e+15,4.607397432635489953e-01
1.650513709737186750e+15,4.602310265227680386e-01
1.650513709739070750e+15,4.601942363656918444e-01
1.650513709740955000e+15,4.601942363656918444e-01
1.650513709742839000e+15,4.601942363656918444e-01
1.650513709744723000e+15,4.601942363656918444e-01
1.650513709746607000e+15,4.601942363656917889e-01
1.650513709748491250e+15,4.601942363656917889e-01
1.650513709750375250e+15,4.601942363656917889e-01
1.650513709752259250e+15,4.601942363656917889e-01
1.650513709754143250e+15,4.601942363656917334e-01
1.650513709756027500e+15,4.601942363656917334e-01
1.650513709757911500e+15,4.601942363656917334e-01
1.650513709759795500e+15,4.601942363656916779e-01
1.650513709761679750e+15,4.601942363656916224e-01
1.650513709763563750e+15,4.601942363656916779e-01
1.650513709765447750e+15,4.601942363656916779e-01
1.650513709767331750e+15,4.601942363656916779e-01
1.650513709769216000e+15,4.603264463194313150e-01
1.650513709771100000e+15,4.621852788033526394e-01
1.650513709772984000e+15,4.640441112872739637e-01
1.650513709774868000e+15,4.659029437711953436e-01
1.650513709776752250e+15,4.677620229154780818e-01
1.650513709778636250e+15,4.696208553993994617e-01
1.650513709780520250e+15,4.714796878833207860e-01
1.650513709782404250e+15,4.713435067526233202e-01
1.650513709784288500e+15,4.689514076064392745e-01
1.650513709786172500e+15,4.665596258410627528e-01
1.650513709788056500e+15,4.641678440756862312e-01
1.650513709789940750e+15,4.617757449295021299e-01
1.650513709791824750e+15,4.593839631641256638e-01
1.650513709793708750e+15,4.569921813987491976e-01
1.650513709795592750e+15,4.546003996333725650e-01
1.650513709797477000e+15,4.522083004871885192e-01
1.650513709799361000e+15,4.498165187218119976e-01
1.650513709801245000e+15,4.479223900626072563e-01
1.650513709803129000e+15,4.479223900626073118e-01
1.650513709805013250e+15,4.479223900626073118e-01
1.650513709806897250e+15,4.479223900626072563e-01
1.650513709808781250e+15,4.479223900626072563e-01
1.650513709810665250e+15,4.479223900626072563e-01
1.650513709812549500e+15,4.479223900626072563e-01
1.650513709814433500e+15,4.479223900626072563e-01
1.650513709816317500e+15,4.479223900626073118e-01
1.650513709818201750e+15,4.479223900626072563e-01
1.650513709820085750e+15,4.479223900626072563e-01
1.650513709821969750e+15,4.479223900626073118e-01
1.650513709823853750e+15,4.479223900626072563e-01
1.650513709825738000e+15,4.479223900626073118e-01
1.650513709827622000e+15,4.479223900626072563e-01
1.650513709829506000e+15,4.479223900626072563e-01
1.650513709831390000e+15,4.479223900626072563e-01
1.650513709833274250e+15,4.479223900626072563e-01
1.650513709835158250e+15,4.479223900626072563e-01
1.650513709837042250e+15,4.479223900626072563e-01
1.650513709838926250e+15,4.470827393620490087e-01
1.650513709840810500e+15,4.456927882682412134e-01
1.650513709842694500e+15,4.443030215914551828e-01
1.650513709844578500e+15,4.429132549146692632e-01
1.650513709846462750e+15,4.423209319353131885e-01
1.650513709848346750e+15,4.451434465973557741e-01
1.650513709850230750e+15,4.479659612593983598e-01
1.650513709852114750e+15,4.507884759214409454e-01
1.650513709853999000e+15,4.536113651209917608e-01
1.650513709855883000e+15,4.564338797830343464e-01
1.650513709857767000e+15,4.592563944450768765e-01
1.650513709859651000e+15,4.572838256407690816e-01
1.650513709861535250e+15,4.529245717389916992e-01
1.650513709863419250e+15,4.485658962177240250e-01
1.650513709865303250e+15,4.442072206964565173e-01
1.650513709867187250e+15,4.398485451751888986e-01
1.650513709869071500e+15,4.354892912734115162e-01
1.650513709870955500e+15,4.311306157521438975e-01
1.650513709872839500e+15,4.295146206079795692e-01
1.650513709874723750e+15,4.295146206079795137e-01
1.650513709876607750e+15,4.295146206079795692e-01
1.650513709878491750e+15,4.295146206079795692e-01
1.650513709880375750e+15,4.295146206079795137e-01
1.650513709882260000e+15,4.295146206079795137e-01
1.650513709884144000e+15,4.295146206079794582e-01
1.650513709886028000e+15,4.295146206079794582e-01
1.650513709887912000e+15,4.295146206079794027e-01
1.650513709889796250e+15,4.295146206079793472e-01
1.650513709891680250e+15,4.295146206079794027e-01
1.650513709893564250e+15,4.303645653248932001e-01
1.650513709895448250e+15,4.312481607707011055e-01
1.650513709897332500e+15,4.321318734664355565e-01
1.650513709899216500e+15,4.330154689122435729e-01
1.650513709901100500e+15,4.338990643580514783e-01
1.650513709902984750e+15,4.347827770537859293e-01
1.650513709904868750e+15,4.356880460062375060e-01
1.650513709906752750e+15,4.377815047562386708e-01
1.650513709908636750e+15,4.398749635062398911e-01
1.650513709910521000e+15,4.419687000506612451e-01
1.650513709912405000e+15,4.440621588006624099e-01
1.650513709914289000e+15,4.461556175506636301e-01
1.650513709916173000e+15,4.477524935278028306e-01
1.650513709918057250e+15,4.466636243247236182e-01
1.650513709919941250e+15,4.455748995914868837e-01
1.650513709921825250e+15,4.444861748582501493e-01
1.650513709923709250e+15,4.433974501250134703e-01
1.650513709925593500e+15,4.423085809219342579e-01
1.650513709927477500e+15,4.417864669110639908e-01
1.650513709929361500e+15,4.417864669110640463e-01
1.650513709931245750e+15,4.417864669110640463e-01
1.650513709933129750e+15,4.417864669110639908e-01
1.650513709935013750e+15,4.417864669110639908e-01
1.650513709936897750e+15,4.417864669110640463e-01
1.650513709938782000e+15,4.417864669110639908e-01
1.650513709940666000e+15,4.417864669110640463e-01
1.650513709942550000e+15,4.417864669110640463e-01
1.650513709944434000e+15,4.417864669110640463e-01
1.650513709946318250e+15,4.417864669110641573e-01
1.650513709948202250e+15,4.417864669110642684e-01
1.650513709950086250e+15,4.417864669110643794e-01
1.650513709951970250e+15,4.417864669110645459e-01
1.650513709953854500e+15,4.417864669110647124e-01
1.650513709955738500e+15,4.417864669110647680e-01
1.650513709957622500e+15,4.417864669110649345e-01
1.650513709959506750e+15,4.417864669110648235e-01
1.650513709961390750e+15,4.417864669110647124e-01
1.650513709963274750e+15,4.417864669110644904e-01
1.650513709965158750e+15,4.417864669110643794e-01
1.650513709967043000e+15,4.417864669110641573e-01
1.650513709968927000e+15,4.417864669110640463e-01
1.650513709970811000e+15,4.417864669110640463e-01
1.650513709972695000e+15,4.417864669110640463e-01
1.650513709974579250e+15,4.417864669110640463e-01
1.650513709976463250e+15,4.417864669110640463e-01
1.650513709978347250e+15,4.417864669110640463e-01
1.650513709980231250e+15,4.417864669110640463e-01
1.650513709982115500e+15,4.417864669110640463e-01
1.650513709983999500e+15,4.417864669110640463e-01
1.650513709985883500e+15,4.417864669110641018e-01
1.650513709987767750e+15,4.417864669110640463e-01
1.650513709989651750e+15,4.417864669110641018e-01
1.650513709991535750e+15,4.418763333910777913e-01
1.650513709993419750e+15,4.422895327769128526e-01
1.650513709995304000e+15,4.427027869928150117e-01
1.650513709997188000e+15,4.431159863786501285e-01
1.650513709999072000e+15,4.435291857644851343e-01
1.650513710000956000e+15,4.439423851503201401e-01
1.650513710002840250e+15,4.443556393662223547e-01
1.650513710004724250e+15,4.447688387520574160e-01
1.650513710006608250e+15,4.451820381378924774e-01
1.650513710008492250e+15,4.455952375237275387e-01
1.650513710010376500e+15,4.460084917396297532e-01
1.650513710012260500e+15,4.464216911254648146e-01
1.650513710014144500e+15,4.468348905112998759e-01
1.650513710016028750e+15,4.472481447272020350e-01
1.650513710017912750e+15,4.476613441130370963e-01
1.650513710019796750e+15,4.476398092947910246e-01
1.650513710021680750e+15,4.468724115772188532e-01
1.650513710023565000e+15,4.461049120287393088e-01
1.650513710025449000e+15,4.453375143111671930e-01
1.650513710027333000e+15,4.445701165935949661e-01
1.650513710029217000e+15,4.438027188760227393e-01
1.650513710031101250e+15,4.430352193275433059e-01
1.650513710032985250e+15,4.422678216099710791e-01
1.650513710034869250e+15,4.417864669110640463e-01
1.650513710036753250e+15,4.417864669110640463e-01
1.650513710038637500e+15,4.417864669110639908e-01
1.650513710040521500e+15,4.417864669110640463e-01
1.650513710042405500e+15,4.417864669110639908e-01
1.650513710044289750e+15,4.417864669110640463e-01
1.650513710046173750e+15,4.417864669110641018e-01
1.650513710048057750e+15,4.417864669110640463e-01
1.650513710049941750e+15,4.417864669110640463e-01
1.650513710051826000e+15,4.417864669110640463e-01
1.650513710053710000e+15,4.417864669110640463e-01
1.650513710055594000e+15,4.419341643855733137e-01
1.650513710057478000e+15,4.425443881618353892e-01
1.650513710059362250e+15,4.431546929125899648e-01
1.650513710061246250e+15,4.437649166888519847e-01
1.650513710063130250e+15,4.443751404651140047e-01
1.650513710065014250e+15,4.449853642413759691e-01
1.650513710066898500e+15,4.455956689921305447e-01
1.650513710068782500e+15,4.462058927683925647e-01
1.650513710070666500e+15,4.468161165446545846e-01
1.650513710072550750e+15,4.474264212954091602e-01
1.650513710074434750e+15,4.477872557121229669e-01
1.650513710076318750e+15,4.470655176077646953e-01
1.650513710078202750e+15,4.463437795034063682e-01
1.650513710080087000e+15,4.456219456270065216e-01
1.650513710081971000e+15,4.449002075226482500e-01
1.650513710083855000e+15,4.441784694182898674e-01
1.650513710085739000e+15,4.434567313139314848e-01
1.650513710087623250e+15,4.427348974375317492e-01
1.650513710089507250e+15,4.420131593331734221e-01
1.650513710091391250e+15,4.417864669110641018e-01
1.650513710093275250e+15,4.417864669110640463e-01
1.650513710095159500e+15,4.417864669110641018e-01
1.650513710097043500e+15,4.417864669110640463e-01
1.650513710098927500e+15,4.417864669110640463e-01
1.650513710100811750e+15,4.417864669110640463e-01
1.650513710102695750e+15,4.417864669110641573e-01
1.650513710104579750e+15,4.417864669110641573e-01
1.650513710106463750e+15,4.417864669110641573e-01
1.650513710108348000e+15,4.409032658513724612e-01
1.650513710110232000e+15,4.379840539277599643e-01
1.650513710112116000e+15,4.350648420041473563e-01
1.650513710114000000e+15,4.321456300805347484e-01
1.650513710115884250e+15,4.292260307880364500e-01
1.650513710117768250e+15,4.263068188644238421e-01
1.650513710119652250e+15,4.233876069408112897e-01
1.650513710121536250e+15,4.243017889790150488e-01
1.650513710123420500e+15,4.252278292832435969e-01
1.650513710125304500e+15,4.261537467215700259e-01
1.650513710127188500e+15,4.270796641598964549e-01
1.650513710129072750e+15,4.280057044641249475e-01
1.650513710130956750e+15,4.289316219024513765e-01
1.650513710132840750e+15,4.291730424701950541e-01
1.650513710134724750e+15,4.282507447825051883e-01
1.650513710136609000e+15,4.273283247092408699e-01
1.650513710138493000e+15,4.264060270215510040e-01
1.650513710140377000e+15,4.254837293338610271e-01
1.650513710142261000e+15,4.245614316461711057e-01
1.650513710144145250e+15,4.236390115729068984e-01
1.650513710146029250e+15,4.233786974564370253e-01
1.650513710147913250e+15,4.233786974564370809e-01
1.650513710149797250e+15,4.233786974564370809e-01
1.650513710151681500e+15,4.233786974564370809e-01
1.650513710153565500e+15,4.233786974564370809e-01
1.650513710155449500e+15,4.233786974564370809e-01
1.650513710157333750e+15,4.233786974564370253e-01
1.650513710159217750e+15,4.233786974564370809e-01
1.650513710161101750e+15,4.233786974564370253e-01
1.650513710162985750e+15,4.233786974564370809e-01
1.650513710164870000e+15,4.233786974564370809e-01
1.650513710166754000e+15,4.264691252595562698e-01
1.650513710168638000e+15,4.302038051704455968e-01
1.650513710170522000e+15,4.339384850813349237e-01
1.650513710172406250e+15,4.376736605707687300e-01
1.650513710174290250e+15,4.414083404816580569e-01
1.650513710176174250e+15,4.401332483771560611e-01
1.650513710178058250e+15,4.382937895152727581e-01
1.650513710179942500e+15,4.364540865638377731e-01
1.650513710181826500e+15,4.346146277019544701e-01
1.650513710183710500e+15,4.327751688400711672e-01
1.650513710185594750e+15,4.309354658886361267e-01
1.650513710187478750e+15,4.289471127951038909e-01
1.650513710189362750e+15,4.264533875019047571e-01
1.650513710191246750e+15,4.239596622087056788e-01
1.650513710193131000e+15,4.214656060071607646e-01
1.650513710195015000e+15,4.189718807139616308e-01
1.650513710196899000e+15,4.164781554207624970e-01
1.650513710198783000e+15,4.139844301275633631e-01
1.650513710200667250e+15,4.114903739260185045e-01
1.650513710202551250e+15,4.100582719396794751e-01
1.650513710204435250e+15,4.088191167014432192e-01
1.650513710206319250e+15,4.075799614632070189e-01
1.650513710208203500e+15,4.063406417935432335e-01
1.650513710210087500e+15,4.051014865553069777e-01
1.650513710211971500e+15,4.038623313170707774e-01
1.650513710213855750e+15,4.026230116474068810e-01
1.650513710215739750e+15,4.013838564091706806e-01
1.650513710217623750e+15,4.001447011709344248e-01
1.650513710219507750e+15,3.989055459326981690e-01
1.650513710221392000e+15,3.988350048502667944e-01
1.650513710223276000e+15,3.988350048502667944e-01
1.650513710225160000e+15,3.988350048502667389e-01
1.650513710227044000e+15,3.988350048502667944e-01
1.650513710228928250e+15,3.988350048502667944e-01
1.650513710230812250e+15,3.988350048502667944e-01
1.650513710232696250e+15,3.988350048502667944e-01
1.650513710234580250e+15,3.988350048502667944e-01
1.650513710236464500e+15,3.988350048502667944e-01
1.650513710238348500e+15,3.988350048502667944e-01
1.650513710240232500e+15,3.988350048502667944e-01
1.650513710242116750e+15,3.982137641216720314e-01
1.650513710244000750e+15,3.957221887461049303e-01
1.650513710245884750e+15,3.932306133705377738e-01
1.650513710247768750e+15,3.907390379949706727e-01
1.650513710249653000e+15,3.882471319963441969e-01
1.650513710251537000e+15,3.857555566207769848e-01
1.650513710253421000e+15,3.832639812452098838e-01
1.650513710255305000e+15,3.807724058696427827e-01
1.650513710257189250e+15,3.832112111495963869e-01
1.650513710259073250e+15,3.864423895389115238e-01
1.650513710260957250e+15,3.896735679282265497e-01
1.650513710262841250e+15,3.929047463175415755e-01
1.650513710264725500e+15,3.961363534725665381e-01
1.650513710266609500e+15,3.986559611383455048e-01
1.650513710268493500e+15,3.975695896302628984e-01
1.650513710270377750e+15,3.964830739646021951e-01
1.650513710272261750e+15,3.953967024565196442e-01
1.650513710274145750e+15,3.943103309484369823e-01
1.650513710276029750e+15,3.932239594403543759e-01
1.650513710277914000e+15,3.926990816987236954e-01
1.650513710279798000e+15,3.926990816987236399e-01
1.650513710281682000e+15,3.926990816987236399e-01
1.650513710283566000e+15,3.926990816987236399e-01
1.650513710285450250e+15,3.926990816987236954e-01
1.650513710287334250e+15,3.926990816987236954e-01
1.650513710289218250e+15,3.926990816987236954e-01
1.650513710291102250e+15,3.926990816987236954e-01
1.650513710292986500e+15,3.926990816987236954e-01
1.650513710294870500e+15,3.926990816987236954e-01
1.650513710296754500e+15,3.926990816987236954e-01
1.650513710298638750e+15,3.926990816987236399e-01
1.650513710300522750e+15,3.926990816987236954e-01
1.650513710302406750e+15,3.926990816987236399e-01
1.650513710304290750e+15,3.926990816987236954e-01
1.650513710306175000e+15,3.926990816987236954e-01
1.650513710308059000e+15,3.926990816987237509e-01
1.650513710309943000e+15,3.930602377468491726e-01
1.650513710311827000e+15,3.936457954014691563e-01
1.650513710313711250e+15,3.942314307574763532e-01
1.650513710315595250e+15,3.948169884120963369e-01
1.650513710317479250e+15,3.954025460667163205e-01
1.650513710319363250e+15,3.959881037213362487e-01
1.650513710321247500e+15,3.965737390773435012e-01
1.650513710323131500e+15,3.971592967319634848e-01
1.650513710325015500e+15,3.977448543865834130e-01
1.650513710326899750e+15,3.983304897425906099e-01
1.650513710328783750e+15,3.985280026509451790e-01
1.650513710330667750e+15,3.963098160986077145e-01
1.650513710332551750e+15,3.940916295462703056e-01
1.650513710334436000e+15,3.918731486485835802e-01
1.650513710336320000e+15,3.896549620962461713e-01
1.650513710338204000e+15,3.874367755439087624e-01
1.650513710340088000e+15,3.865631585471814291e-01
1.650513710341972250e+15,3.865631585471813736e-01
1.650513710343856250e+15,3.865631585471813736e-01
1.650513710345740250e+15,3.865631585471813736e-01
1.650513710347624250e+15,3.865631585471814291e-01
1.650513710349508500e+15,3.865631585471814291e-01
1.650513710351392500e+15,3.865631585471814291e-01
1.650513710353276500e+15,3.870176978847023608e-01
1.650513710355160750e+15,3.897152277956437150e-01
1.650513710357044750e+15,3.924123998015948134e-01
1.650513710358928750e+15,3.951095718075460228e-01
1.650513710360812750e+15,3.978067438134971767e-01
1.650513710362697000e+15,3.988350048502669609e-01
1.650513710364581000e+15,3.988350048502669609e-01
1.650513710366465000e+15,3.988350048502669609e-01
1.650513710368349000e+15,3.988350048502670164e-01
1.650513710370233250e+15,3.988350048502670164e-01
1.650513710372117250e+15,3.988350048502670164e-01
1.650513710374001250e+15,3.988350048502670164e-01
1.650513710375885250e+15,3.988350048502669609e-01
1.650513710377769500e+15,3.986295528779651987e-01
1.650513710379653500e+15,3.972593882202068438e-01
1.650513710381537500e+15,3.958892235624486000e-01
1.650513710383421750e+15,3.945188770887856355e-01
1.650513710385305750e+15,3.931487124310273362e-01
1.650513710387189750e+15,3.917785477732690369e-01
1.650513710389073750e+15,3.904083831155107376e-01
1.650513710390958000e+15,3.890380366418477731e-01
1.650513710392842000e+15,3.876678719840895293e-01
1.650513710394726000e+15,3.865631585471813181e-01
1.650513710396610000e+15,3.865631585471813181e-01
1.650513710398494250e+15,3.865631585471813181e-01
1.650513710400378250e+15,3.865631585471813181e-01
1.650513710402262250e+15,3.865631585471813736e-01
1.650513710404146250e+15,3.865631585471813736e-01
1.650513710406030500e+15,3.865631585471813736e-01
1.650513710407914500e+15,3.869414799627972079e-01
1.650513710409798500e+15,3.896775933870589292e-01
1.650513710411682750e+15,3.924140698836964258e-01
1.650513710413566750e+15,3.951501833079581472e-01
1.650513710415450750e+15,3.978862967322198685e-01
1.650513710417334750e+15,3.993042348377621731e-01
1.650513710419219000e+15,4.000226151781559603e-01
1.650513710421103000e+15,4.007409002047191970e-01
1.650513710422987000e+15,4.014591852312825448e-01
1.650513710424871000e+15,4.021774702578457816e-01
1.650513710426755250e+15,4.028958505982395133e-01
1.650513710428639250e+15,4.036141356248028611e-01
1.650513710430523250e+15,4.043324206513661534e-01
1.650513710432407250e+15,4.046511815394867595e-01
1.650513710434291500e+15,4.017719353190171705e-01
1.650513710436175500e+15,3.988930711134368035e-01
1.650513710438059500e+15,3.960142069078564919e-01
1.650513710439943750e+15,3.931349606873869029e-01
1.650513710441827750e+15,3.937326721674336838e-01
1.650513710443711750e+15,3.949506765102327455e-01
1.650513710445595750e+15,3.961686808530318626e-01
1.650513710447480000e+15,3.973868468206110394e-01
1.650513710449364000e+15,3.986048511634101010e-01
1.650513710451248000e+15,3.988350048502660172e-01
1.650513710453132000e+15,3.988350048502660172e-01
1.650513710455016250e+15,3.988350048502660172e-01
1.650513710456900250e+15,3.988350048502660172e-01
1.650513710458784250e+15,3.988350048502660172e-01
1.650513710460668250e+15,3.988350048502660172e-01
1.650513710462552500e+15,3.988350048502660172e-01
1.650513710464436500e+15,3.988350048502660172e-01
1.650513710466320500e+15,3.988350048502660727e-01
1.650513710468204750e+15,3.988350048502660172e-01
1.650513710470088750e+15,3.988350048502660172e-01
1.650513710471972750e+15,3.988350048502660172e-01
1.650513710473856750e+15,3.988350048502660172e-01
1.650513710475741000e+15,3.988350048502660727e-01
1.650513710477625000e+15,3.988350048502660727e-01
1.650513710479509000e+15,3.988350048502660172e-01
1.650513710481393000e+15,3.988350048502660727e-01
1.650513710483277250e+15,3.988350048502659617e-01
1.650513710485161250e+15,3.988350048502659617e-01
1.650513710487045250e+15,3.988350048502660172e-01
1.650513710488929250e+15,3.988350048502659617e-01
1.650513710490813500e+15,3.988350048502660172e-01
1.650513710492697500e+15,3.988350048502660172e-01
1.650513710494581500e+15,3.988350048502660172e-01
1.650513710496465750e+15,3.988350048502660172e-01
1.650513710498349750e+15,3.988350048502660727e-01
1.650513710500233750e+15,3.988350048502661283e-01
1.650513710502117750e+15,3.988350048502662393e-01
1.650513710504002000e+15,3.988350048502662948e-01
1.650513710505886000e+15,3.988350048502663503e-01
1.650513710507770000e+15,3.988350048502664613e-01
1.650513710509654000e+15,3.988350048502664613e-01
1.650513710511538250e+15,3.988350048502665723e-01
1.650513710513422250e+15,3.988350048502666279e-01
1.650513710515306250e+15,3.988350048502667389e-01
1.650513710517190250e+15,3.988350048502667944e-01
1.650513710519074500e+15,3.988350048502668499e-01
1.650513710520958500e+15,3.988350048502669609e-01
1.650513710522842500e+15,3.988350048502666834e-01
1.650513710524726750e+15,3.988350048502665723e-01
1.650513710526610750e+15,3.988350048502663503e-01
1.650513710528494750e+15,3.988350048502661838e-01
1.650513710530378750e+15,3.988350048502660172e-01
1.650513710532263000e+15,3.988350048502660172e-01
1.650513710534147000e+15,3.988350048502660172e-01
1.650513710536031000e+15,3.988350048502660172e-01
1.650513710537915000e+15,3.988350048502660172e-01
1.650513710539799250e+15,3.988350048502660727e-01
1.650513710541683250e+15,3.988350048502660172e-01
1.650513710543567250e+15,3.988350048502660172e-01
1.650513710545451250e+15,3.988350048502660172e-01
1.650513710547335500e+15,3.988350048502660172e-01
1.650513710549219500e+15,3.988350048502660172e-01
1.650513710551103500e+15,3.988350048502660172e-01
1.650513710552987750e+15,3.988350048502660172e-01
1.650513710554871750e+15,3.988350048502660172e-01
1.650513710556755750e+15,3.988350048502660172e-01
1.650513710558639750e+15,3.988350048502660172e-01
1.650513710560524000e+15,3.988350048502660172e-01
1.650513710562408000e+15,3.988350048502660172e-01
1.650513710564292000e+15,3.988350048502660172e-01
1.650513710566176000e+15,3.988350048502660727e-01
1.650513710568060250e+15,3.988350048502660172e-01
1.650513710569944250e+15,3.988350048502660172e-01
1.650513710571828250e+15,3.988350048502660172e-01
1.650513710573712250e+15,3.988350048502660727e-01
1.650513710575596500e+15,3.988350048502660172e-01
1.650513710577480500e+15,3.988350048502660172e-01
1.650513710579364500e+15,3.988350048502660172e-01
1.650513710581248750e+15,3.988350048502660172e-01
1.650513710583132750e+15,3.988350048502660172e-01
1.650513710585016750e+15,3.988350048502660172e-01
1.650513710586900750e+15,3.988350048502660172e-01
1.650513710588785000e+15,3.988350048502660172e-01
1.650513710590669000e+15,3.988350048502660172e-01
1.650513710592553000e+15,3.988350048502660172e-01
1.650513710594437000e+15,3.988350048502660172e-01
1.650513710596321250e+15,3.988350048502660172e-01
1.650513710598205250e+15,3.988350048502662393e-01
1.650513710600089250e+15,3.988350048502664058e-01
1.650513710601973250e+15,3.988350048502665723e-01
1.650513710603857500e+15,3.988350048502667944e-01
1.650513710605741500e+15,3.988350048502669054e-01
1.650513710607625500e+15,3.988350048502667944e-01
1.650513710609509750e+15,3.988350048502665723e-01
1.650513710611393750e+15,3.988350048502664613e-01
1.650513710613277750e+15,3.988350048502662948e-01
1.650513710615161750e+15,3.988350048502661283e-01
1.650513710617046000e+15,3.987293315396281956e-01
1.650513710618930000e+15,3.982829447296693526e-01
1.650513710620814000e+15,3.978365579197105095e-01
1.650513710622698000e+15,3.973901711097516665e-01
1.650513710624582250e+15,3.969437250658743865e-01
1.650513710626466250e+15,3.964973382559154880e-01
1.650513710628350250e+15,3.960509514459567004e-01
1.650513710630234250e+15,3.956045646359978019e-01
1.650513710632118500e+15,3.951581185921204664e-01
1.650513710634002500e+15,3.947117317821616789e-01
1.650513710635886500e+15,3.942653449722027803e-01
1.650513710637770750e+15,3.938188989283253894e-01
1.650513710639654750e+15,3.933725121183666018e-01
1.650513710641538750e+15,3.929261253084077588e-01
1.650513710643422750e+15,3.931895687773482306e-01
1.650513710645307000e+15,3.941878947594131821e-01
1.650513710647191000e+15,3.951860882848000078e-01
1.650513710649075000e+15,3.961842818101869446e-01
1.650513710650959000e+15,3.971824753355738258e-01
1.650513710652843250e+15,3.981808013176387773e-01
1.650513710654727250e+15,3.983345968479884980e-01
1.650513710656611250e+15,3.968825080127283411e-01
1.650513710658495250e+15,3.954304191774682398e-01
1.650513710660379500e+15,3.939781376552607406e-01
1.650513710662263500e+15,3.927613197481313878e-01
1.650513710664147500e+15,3.932836203498349947e-01
1.650513710666031750e+15,3.938059902589433059e-01
1.650513710667915750e+15,3.943282908606469128e-01
1.650513710669799750e+15,3.948505914623505753e-01
1.650513710671683750e+15,3.953728920640541267e-01
1.650513710673568000e+15,3.958952619731624933e-01
1.650513710675452000e+15,3.964175625748660448e-01
1.650513710677336000e+15,3.969398631765697072e-01
1.650513710679220000e+15,3.974621637782732586e-01
1.650513710681104250e+15,3.979845336873815698e-01
1.650513710682988250e+15,3.985068342890852322e-01
1.650513710684872250e+15,3.980688350594561165e-01
1.650513710686756250e+15,3.960074799921404209e-01
1.650513710688640500e+15,3.939458513904473547e-01
1.650513710690524500e+15,3.918844963231316036e-01
1.650513710692408500e+15,3.898231412558158526e-01
1.650513710694292750e+15,3.877615126541227863e-01
1.650513710696176750e+15,3.867884289524029517e-01
1.650513710698060750e+15,3.873265074860794965e-01
1.650513710699944750e+15,3.878645860197560413e-01
1.650513710701829000e+15,3.884027359545119684e-01
1.650513710703713000e+15,3.889408144881885132e-01
1.650513710705597000e+15,3.894788930218650580e-01
1.650513710707481000e+15,3.900169715555417138e-01
1.650513710709365250e+15,3.905551214902974744e-01
1.650513710711249250e+15,3.910932000239740747e-01
1.650513710713133250e+15,3.916312785576506750e-01
1.650513710715017250e+15,3.921693570913272198e-01
1.650513710716901500e+15,3.926823895433418921e-01
1.650513710718785500e+15,3.916163549419486856e-01
1.650513710720669500e+15,3.905503203405555901e-01
1.650513710722553750e+15,3.894841442802184917e-01
1.650513710724437750e+15,3.884181096788252852e-01
1.650513710726321750e+15,3.873520750774321897e-01
1.650513710728205750e+15,3.862812307525038125e-01
1.650513710730090000e+15,3.851965499008016547e-01
1.650513710731974000e+15,3.841120129632367153e-01
1.650513710733858000e+15,3.830274760256716648e-01
1.650513710735742000e+15,3.819429390881066699e-01
1.650513710737626250e+15,3.808582582364045122e-01
1.650513710739510250e+15,3.818894114573078147e-01
1.650513710741394250e+15,3.843159604114442796e-01
1.650513710743278250e+15,3.867425093655807999e-01
1.650513710745162500e+15,3.891693803140053309e-01
1.650513710747046500e+15,3.915959292681418513e-01
1.650513710748930500e+15,3.922817479436302435e-01
1.650513710750814750e+15,3.915164329771712581e-01
1.650513710752698750e+15,3.907512195517719444e-01
1.650513710754582750e+15,3.899860061263726863e-01
1.650513710756466750e+15,3.892207927009733170e-01
1.650513710758351000e+15,3.884554777345143872e-01
1.650513710760235000e+15,3.876902643091150735e-01
1.650513710762119000e+15,3.869250508837157598e-01
1.650513710764003000e+15,3.865631585471813736e-01
1.650513710765887250e+15,3.865631585471813181e-01
1.650513710767771250e+15,3.865631585471813736e-01
1.650513710769655250e+15,3.865631585471813736e-01
1.650513710771539250e+15,3.865631585471813736e-01
1.650513710773423500e+15,3.865631585471813736e-01
1.650513710775307500e+15,3.865631585471813736e-01
1.650513710777191500e+15,3.865631585471813736e-01
1.650513710779075750e+15,3.865631585471813736e-01
1.650513710780959750e+15,3.865631585471813736e-01
1.650513710782843750e+15,3.865631585471813736e-01
1.650513710784727750e+15,3.865631585471813736e-01
1.650513710786612000e+15,3.865631585471813736e-01
1.650513710788496000e+15,3.865631585471814291e-01
1.650513710790380000e+15,3.865631585471813736e-01
1.650513710792264000e+15,3.865631585471813736e-01
1.650513710794148250e+15,3.865631585471814291e-01
1.650513710796032250e+15,3.865631585471814291e-01
1.650513710797916250e+15,3.865631585471813736e-01
1.650513710799800250e+15,3.865631585471813736e-01
1.650513710801684500e+15,3.865631585471813736e-01
1.650513710803568500e+15,3.865631585471813736e-01
1.650513710805452500e+15,3.865631585471813736e-01
1.650513710807336750e+15,3.865631585471813181e-01
1.650513710809220750e+15,3.865631585471813736e-01
1.650513710811104750e+15,3.865631585471813181e-01
1.650513710812988750e+15,3.865631585471813181e-01
1.650513710814873000e+15,3.865631585471813736e-01
1.650513710816757000e+15,3.865631585471813181e-01
1.650513710818641000e+15,3.865631585471813736e-01
1.650513710820525000e+15,3.865631585471813736e-01
1.650513710822409250e+15,3.865631585471813736e-01
1.650513710824293250e+15,3.865631585471813736e-01
1.650513710826177250e+15,3.865631585471814291e-01
1.650513710828061250e+15,3.865631585471813736e-01
1.650513710829945500e+15,3.867069539616691531e-01
1.650513710831829500e+15,3.879355732854556926e-01
1.650513710833713500e+15,3.891641926092422321e-01
1.650513710835597750e+15,3.903929749663784809e-01
1.650513710837481750e+15,3.916215942901650204e-01
1.650513710839365750e+15,3.926306340361315761e-01
1.650513710841249750e+15,3.920741921965403831e-01
1.650513710843134000e+15,3.915176765191254460e-01
1.650513710845018000e+15,3.909612346795342530e-01
1.650513710846902000e+15,3.904047928399430045e-01
1.650513710848786000e+15,3.898483510003517560e-01
1.650513710850670250e+15,3.892918353229368744e-01
1.650513710852554250e+15,3.887353934833456259e-01
1.650513710854438250e+15,3.881789516437544330e-01
1.650513710856322250e+15,3.876225098041632400e-01
1.650513710858206500e+15,3.870659941267483029e-01
1.650513710860090500e+15,3.866718941507749085e-01
1.650513710861974500e+15,3.878005876889027981e-01
1.650513710863858750e+15,3.889294310005892985e-01
1.650513710865742750e+15,3.900581245387172435e-01
1.650513710867626750e+15,3.911868180768450776e-01
1.650513710869510750e+15,3.923155116149729671e-01
1.650513710871395000e+15,3.926990816987236954e-01
1.650513710873279000e+15,3.926990816987236954e-01
1.650513710875163000e+15,3.926990816987236954e-01
1.650513710877047000e+15,3.926990816987236954e-01
1.650513710878931250e+15,3.926990816987236954e-01
1.650513710880815250e+15,3.926990816987236954e-01
1.650513710882699250e+15,3.926990816987236954e-01
1.650513710884583250e+15,3.926990816987237509e-01
1.650513710886467500e+15,3.926990816987237509e-01
1.650513710888351500e+15,3.926990816987236954e-01
1.650513710890235500e+15,3.926990816987236954e-01
1.650513710892119750e+15,3.926990816987236954e-01
1.650513710894003750e+15,3.926990816987236954e-01
1.650513710895887750e+15,3.926990816987236954e-01
1.650513710897771750e+15,3.926990816987236954e-01
1.650513710899656000e+15,3.926990816987236954e-01
1.650513710901540000e+15,3.926990816987237509e-01
1.650513710903424000e+15,3.926990816987236954e-01
1.650513710905308000e+15,3.926990816987236954e-01
1.650513710907192250e+15,3.926990816987236954e-01
1.650513710909076250e+15,3.926990816987236954e-01
1.650513710910960250e+15,3.926990816987236954e-01
1.650513710912844250e+15,3.926990816987236954e-01
1.650513710914728500e+15,3.926990816987236954e-01
1.650513710916612500e+15,3.926990816987236954e-01
1.650513710918496500e+15,3.924975246370921989e-01
1.650513710920380750e+15,3.919277063424498331e-01
1.650513710922264750e+15,3.913579636506062664e-01
1.650513710924148750e+15,3.907882209587627553e-01
1.650513710926032750e+15,3.902184782669191887e-01
1.650513710927917000e+15,3.896486599722768229e-01
1.650513710929801000e+15,3.890789172804332563e-01
1.650513710931685000e+15,3.885091745885896897e-01
1.650513710933569000e+15,3.879394318967461786e-01
1.650513710935453250e+15,3.873696136021038128e-01
1.650513710937337250e+15,3.867998709102601906e-01
1.650513710939221250e+15,3.871662094504064733e-01
1.650513710941105250e+15,3.881978988049363810e-01
1.650513710942989500e+15,3.892297250609199621e-01
1.650513710944873500e+15,3.902614144154499254e-01
1.650513710946757500e+15,3.912931037699798331e-01
1.650513710948641750e+15,3.923249300259633587e-01
1.650513710950525750e+15,3.926990816987248611e-01
1.650513710952409750e+15,3.926990816987248056e-01
1.650513710954293750e+15,3.926990816987248611e-01
1.650513710956178000e+15,3.926990816987249167e-01
1.650513710958062000e+15,3.926990816987248611e-01
1.650513710959946000e+15,3.926990816987248611e-01
1.650513710961830000e+15,3.926990816987248611e-01
1.650513710963714250e+15,3.928396153594968521e-01
1.650513710965598250e+15,3.934369428651809941e-01
1.650513710967482250e+15,3.940342703708651362e-01
1.650513710969366250e+15,3.946315978765492227e-01
1.650513710971250500e+15,3.952290046454374206e-01
1.650513710973134500e+15,3.958263321511216182e-01
1.650513710975018500e+15,3.964236596568057047e-01
1.650513710976902750e+15,3.970210664256940136e-01
1.650513710978786750e+15,3.976183939313781002e-01
1.650513710980670750e+15,3.982157214370622422e-01
1.650513710982554750e+15,3.988130489427463843e-01
1.650513710984439000e+15,3.988350048502669609e-01
1.650513710986323000e+15,3.988350048502669054e-01
1.650513710988207000e+15,3.988350048502669054e-01
1.650513710990091000e+15,3.988350048502669054e-01
1.650513710991975250e+15,3.988350048502669054e-01
1.650513710993859250e+15,3.988350048502669054e-01
1.650513710995743250e+15,3.988350048502669054e-01
1.650513710997627250e+15,3.988350048502668499e-01
1.650513710999511500e+15,3.988350048502668499e-01
1.650513711001395500e+15,3.988350048502669054e-01
1.650513711003279500e+15,3.988350048502669054e-01
1.650513711005163750e+15,3.988350048502669054e-01
1.650513711007047750e+15,3.988350048502669609e-01
1.650513711008931750e+15,3.988350048502669054e-01
1.650513711010815750e+15,3.988350048502669054e-01
1.650513711012700000e+15,3.988350048502669054e-01
1.650513711014584000e+15,3.988350048502669054e-01
1.650513711016468000e+15,3.988350048502669609e-01
1.650513711018352000e+15,3.988350048502669609e-01
1.650513711020236250e+15,3.988350048502669054e-01
1.650513711022120250e+15,3.988350048502669054e-01
1.650513711024004250e+15,3.988350048502669054e-01
1.650513711025888250e+15,3.988350048502669054e-01
1.650513711027772500e+15,3.988350048502669054e-01
1.650513711029656500e+15,3.988350048502668499e-01
1.650513711031540500e+15,3.988350048502669054e-01
1.650513711033424750e+15,3.988350048502669054e-01
1.650513711035308750e+15,3.988350048502669054e-01
1.650513711037192750e+15,3.988350048502668499e-01
1.650513711039076750e+15,3.988350048502669054e-01
1.650513711040961000e+15,3.988350048502669054e-01
1.650513711042845000e+15,3.988350048502669054e-01
1.650513711044729000e+15,3.988350048502669054e-01
1.650513711046613000e+15,3.988350048502669054e-01
1.650513711048497250e+15,3.988350048502669054e-01
1.650513711050381250e+15,3.988350048502669054e-01
1.650513711052265250e+15,3.988350048502669054e-01
1.650513711054149250e+15,3.988350048502668499e-01
1.650513711056033500e+15,3.988350048502667944e-01
1.650513711057917500e+15,3.988350048502669054e-01
1.650513711059801500e+15,3.988350048502669054e-01
1.650513711061685750e+15,3.988350048502669054e-01
1.650513711063569750e+15,3.988350048502669054e-01
1.650513711065453750e+15,3.988350048502669054e-01
1.650513711067337750e+15,3.988350048502668499e-01
1.650513711069222000e+15,3.988350048502669054e-01
1.650513711071106000e+15,3.988350048502669054e-01
1.650513711072990000e+15,3.988350048502669054e-01
1.650513711074874000e+15,3.988350048502669054e-01
1.650513711076758250e+15,3.988350048502669054e-01
1.650513711078642250e+15,3.988350048502669054e-01
1.650513711080526250e+15,3.988350048502669054e-01
1.650513711082410250e+15,3.988350048502669054e-01
1.650513711084294500e+15,3.988350048502669054e-01
1.650513711086178500e+15,3.988350048502669054e-01
1.650513711088062500e+15,3.988350048502669054e-01
1.650513711089946750e+15,3.988350048502669054e-01
1.650513711091830750e+15,3.988350048502669054e-01
1.650513711093714750e+15,3.988350048502669054e-01
1.650513711095598750e+15,3.988350048502669054e-01
1.650513711097483000e+15,3.988350048502669054e-01
1.650513711099367000e+15,3.988350048502669054e-01
1.650513711101251000e+15,3.988350048502668499e-01
1.650513711103135000e+15,3.988350048502669054e-01
1.650513711105019250e+15,3.988350048502669054e-01
1.650513711106903250e+15,3.988350048502668499e-01
1.650513711108787250e+15,3.988350048502669054e-01
1.650513711110671250e+15,3.988350048502669054e-01
1.650513711112555500e+15,3.988350048502668499e-01
1.650513711114439500e+15,3.988350048502669054e-01
1.650513711116323500e+15,3.988350048502669054e-01
1.650513711118207750e+15,3.988350048502668499e-01
1.650513711120091750e+15,3.988350048502669054e-01
1.650513711121975750e+15,3.988350048502668499e-01
1.650513711123859750e+15,3.988350048502669054e-01
1.650513711125744000e+15,3.988350048502669054e-01
1.650513711127628000e+15,3.988350048502668499e-01
1.650513711129512000e+15,3.988350048502669054e-01
1.650513711131396000e+15,3.988350048502669054e-01
1.650513711133280250e+15,3.988350048502668499e-01
1.650513711135164250e+15,3.988350048502669054e-01
1.650513711137048250e+15,3.988350048502669054e-01
1.650513711138932250e+15,3.988350048502669054e-01
1.650513711140816500e+15,3.988350048502669609e-01
1.650513711142700500e+15,3.988350048502668499e-01
1.650513711144584500e+15,3.988350048502666834e-01
1.650513711146468750e+15,3.988350048502666834e-01
1.650513711148352750e+15,3.988350048502665723e-01
1.650513711150236750e+15,3.988350048502664613e-01
1.650513711152120750e+15,3.988350048502664058e-01
1.650513711154005000e+15,3.988350048502662948e-01
1.650513711155889000e+15,3.991536459429438910e-01
1.650513711157773000e+15,3.997347880713124635e-01
1.650513711159657000e+15,4.003159301996810360e-01
1.650513711161541250e+15,4.008971494435124017e-01
1.650513711163425250e+15,4.014782915718809742e-01
1.650513711165309250e+15,4.020594337002495466e-01
1.650513711167193250e+15,4.026405758286180081e-01
1.650513711169077500e+15,4.032217950724494848e-01
1.650513711170961500e+15,4.038029372008180018e-01
1.650513711172845500e+15,4.043840793291865188e-01
1.650513711174729750e+15,4.049652985730179955e-01
1.650513711176613750e+15,4.025485626569108022e-01
1.650513711178497750e+15,4.001025027293809710e-01
1.650513711180381750e+15,3.976564428018512509e-01
1.650513711182266000e+15,3.952100582909977011e-01
1.650513711184150000e+15,3.927639983634679810e-01
1.650513711186034000e+15,3.926990816987245836e-01
1.650513711187918000e+15,3.926990816987245281e-01
1.650513711189802250e+15,3.926990816987245281e-01
1.650513711191686250e+15,3.926990816987244726e-01
1.650513711193570250e+15,3.926990816987244726e-01
1.650513711195454250e+15,3.926990816987244726e-01
1.650513711197338500e+15,3.926990816987243615e-01
1.650513711199222500e+15,3.930829734781123852e-01
1.650513711201106500e+15,3.941697535117218987e-01
1.650513711202990750e+15,3.952566777571193679e-01
1.650513711204874750e+15,3.963434577907288814e-01
1.650513711206758750e+15,3.974302378243383949e-01
1.650513711208642750e+15,3.985170178579479638e-01
1.650513711210527000e+15,3.980480528551723629e-01
1.650513711212411000e+15,3.969358116257976632e-01
1.650513711214295000e+15,3.958235703964229635e-01
1.650513711216179000e+15,3.947113291670482083e-01
1.650513711218063250e+15,3.935989403472768822e-01
1.650513711219947250e+15,3.924866991179021825e-01
1.650513711221831250e+15,3.913744578885275383e-01
1.650513711223715250e+15,3.902622166591527830e-01
1.650513711225599500e+15,3.891498278393814014e-01
1.650513711227483500e+15,3.880375866100067017e-01
1.650513711229367500e+15,3.869253453806320020e-01
1.650513711231251750e+15,3.879449101588811621e-01
1.650513711233135750e+15,3.899934799298375165e-01
1.650513711235019750e+15,3.920420497007938709e-01
1.650513711236903750e+15,3.940906194717502808e-01
1.650513711238788000e+15,3.961394610805212269e-01
1.650513711240672000e+15,3.981880308514775813e-01
1.650513711242556000e+15,3.977729389254194281e-01
1.650513711244440000e+15,3.962206253471319828e-01
1.650513711246324250e+15,3.946681057824354966e-01
1.650513711248208250e+15,3.931157922041480512e-01
1.650513711250092250e+15,3.915634786258604949e-01
1.650513711251976250e+15,3.900111650475731606e-01
1.650513711253860500e+15,3.884586454828765634e-01
1.650513711255744500e+15,3.869063319045891736e-01
1.650513711257628500e+15,3.875195544287412530e-01
1.650513711259512750e+15,3.887475537063083131e-01
1.650513711261396750e+15,3.899753900544236096e-01
1.650513711263280750e+15,3.912032264025389616e-01
1.650513711265164750e+15,3.924310627506542581e-01
1.650513711267049000e+15,3.922112151974700978e-01
1.650513711268933000e+15,3.915872230125675424e-01
1.650513711270817000e+15,3.909632308276650425e-01
1.650513711272701000e+15,3.903392386427626537e-01
1.650513711274585250e+15,3.897151636563493948e-01
1.650513711276469250e+15,3.890911714714468395e-01
1.650513711278353250e+15,3.884671792865443951e-01
1.650513711280237250e+15,3.878431871016418953e-01
1.650513711282121500e+15,3.872191121152286919e-01
1.650513711284005500e+15,3.865951199303261365e-01
1.650513711285889500e+15,3.865631585471822618e-01
1.650513711287773750e+15,3.865631585471822618e-01
1.650513711289657750e+15,3.865631585471822618e-01
1.650513711291541750e+15,3.865631585471822618e-01
1.650513711293425750e+15,3.865631585471822618e-01
1.650513711295310000e+15,3.865631585471822618e-01
1.650513711297194000e+15,3.865631585471822618e-01
1.650513711299078000e+15,3.865631585471822063e-01
1.650513711300962000e+15,3.865631585471819287e-01
1.650513711302846250e+15,3.865631585471818177e-01
1.650513711304730250e+15,3.865631585471814846e-01
1.650513711306614250e+15,3.865631585471812626e-01
1.650513711308498250e+15,3.865631585471812071e-01
1.650513711310382500e+15,3.865631585471812071e-01
1.650513711312266500e+15,3.865631585471811515e-01
1.650513711314150500e+15,3.865631585471812626e-01
1.650513711316034750e+15,3.865631585471812626e-01
1.650513711317918750e+15,3.865631585471813181e-01
1.650513711319802750e+15,3.865631585471813181e-01
1.650513711321686750e+15,3.865631585471814846e-01
1.650513711323571000e+15,3.865631585471814846e-01
1.650513711325455000e+15,3.865631585471815956e-01
1.650513711327339000e+15,3.865631585471816511e-01
1.650513711329223000e+15,3.865631585471817622e-01
1.650513711331107250e+15,3.865631585471818177e-01
1.650513711332991250e+15,3.865631585471818177e-01
1.650513711334875250e+15,3.865631585471819287e-01
1.650513711336759250e+15,3.865631585471820397e-01
1.650513711338643500e+15,3.865631585471820952e-01
1.650513711340527500e+15,3.865631585471821507e-01
1.650513711342411500e+15,3.865631585471822618e-01
1.650513711344295750e+15,3.865631585471821507e-01
1.650513711346179750e+15,3.865631585471820952e-01
1.650513711348063750e+15,3.865631585471818732e-01
1.650513711349947750e+15,3.865631585471817067e-01
1.650513711351832000e+15,3.865631585471815956e-01
1.650513711353716000e+15,3.865631585471814291e-01
1.650513711355600000e+15,3.865631585471813736e-01
1.650513711357484000e+15,3.865631585471813736e-01
1.650513711359368250e+15,3.865631585471813736e-01
1.650513711361252250e+15,3.865631585471813736e-01
1.650513711363136250e+15,3.865631585471813736e-01
1.650513711365020250e+15,3.865631585471814846e-01
1.650513711366904500e+15,3.865631585471815956e-01
1.650513711368788500e+15,3.865631585471817067e-01
1.650513711370672500e+15,3.865631585471818177e-01
1.650513711372556750e+15,3.865631585471818732e-01
1.650513711374440750e+15,3.865631585471820397e-01
1.650513711376324750e+15,3.865631585471820952e-01
1.650513711378208750e+15,3.865631585471822618e-01
1.650513711380093000e+15,3.865631585471823173e-01
1.650513711381977000e+15,3.865631585471822618e-01
1.650513711383861000e+15,3.865631585471822618e-01
1.650513711385745000e+15,3.865631585471822618e-01
1.650513711387629250e+15,3.865631585471822618e-01
1.650513711389513250e+15,3.865631585471823173e-01
1.650513711391397250e+15,3.865631585471822618e-01
1.650513711393281250e+15,3.865631585471820397e-01
1.650513711395165500e+15,3.865631585471818177e-01
1.650513711397049500e+15,3.865631585471815956e-01
1.650513711398933500e+15,3.865631585471813736e-01
1.650513711400817750e+15,3.865631585471811515e-01
1.650513711402701750e+15,3.865631585471812626e-01
1.650513711404585750e+15,3.865631585471813736e-01
1.650513711406469750e+15,3.865631585471814291e-01
1.650513711408354000e+15,3.865631585471815956e-01
1.650513711410238000e+15,3.865631585471817067e-01
1.650513711412122000e+15,3.865631585471818177e-01
1.650513711414006000e+15,3.865631585471819287e-01
1.650513711415890250e+15,3.865631585471820397e-01
1.650513711417774250e+15,3.865631585471821507e-01
1.650513711419658250e+15,3.865631585471822618e-01
1.650513711421542250e+15,3.865631585471820397e-01
1.650513711423426500e+15,3.865631585471818177e-01
1.650513711425310500e+15,3.865631585471814846e-01
1.650513711427194500e+15,3.865631585471812626e-01
1.650513711429078750e+15,3.865631585471810405e-01
1.650513711430962750e+15,3.865631585471807075e-01
1.650513711432846750e+15,3.865631585471809295e-01
1.650513711434730750e+15,3.865631585471812071e-01
1.650513711436615000e+15,3.865631585471814846e-01
1.650513711438499000e+15,3.865631585471817067e-01
1.650513711440383000e+15,3.865631585471819842e-01
1.650513711442267000e+15,3.865631585471822618e-01
1.650513711444151250e+15,3.865631585471820952e-01
1.650513711446035250e+15,3.865631585471819287e-01
1.650513711447919250e+15,3.865631585471818177e-01
1.650513711449803250e+15,3.865631585471816511e-01
1.650513711451687500e+15,3.865631585471814846e-01
1.650513711453571500e+15,3.865631585471814291e-01
1.650513711455455500e+15,3.865631585471815956e-01
1.650513711457339750e+15,3.865631585471817067e-01
1.650513711459223750e+15,3.865631585471818177e-01
1.650513711461107750e+15,3.865631585471819842e-01
1.650513711462991750e+15,3.865631585471820952e-01
1.650513711464876000e+15,3.865631585471822063e-01
1.650513711466760000e+15,3.865631585471822618e-01
1.650513711468644000e+15,3.865631585471822618e-01
1.650513711470528000e+15,3.865631585471822618e-01
1.650513711472412250e+15,3.865631585471822618e-01
1.650513711474296250e+15,3.865631585471822618e-01
1.650513711476180250e+15,3.873297244076965296e-01
1.650513711478064250e+15,3.883961523797909710e-01
1.650513711479948500e+15,3.894627218630283272e-01
1.650513711481832500e+15,3.905291498351227686e-01
1.650513711483716500e+15,3.915955778072172100e-01
1.650513711485600750e+15,3.926621472904544552e-01
1.650513711487484750e+15,3.926990816987236954e-01
1.650513711489368750e+15,3.926990816987237509e-01
1.650513711491252750e+15,3.926990816987236954e-01
1.650513711493137000e+15,3.926990816987236954e-01
1.650513711495021000e+15,3.926990816987236954e-01
1.650513711496905000e+15,3.926990816987236954e-01
1.650513711498789000e+15,3.926990816987236954e-01
1.650513711500673250e+15,3.926990816987236954e-01
1.650513711502557250e+15,3.926990816987237509e-01
1.650513711504441250e+15,3.926990816987238064e-01
1.650513711506325250e+15,3.926990816987238064e-01
1.650513711508209500e+15,3.926990816987238619e-01
1.650513711510093500e+15,3.926990816987238619e-01
1.650513711511977500e+15,3.922734950984296809e-01
1.650513711513861750e+15,3.911188348369400991e-01
1.650513711515745750e+15,3.899643277743707337e-01
1.650513711517629750e+15,3.888098207118013683e-01
1.650513711519513750e+15,3.876553136492320584e-01
1.650513711521398000e+15,3.865631585471809295e-01
1.650513711523282000e+15,3.865631585471809295e-01
1.650513711525166000e+15,3.865631585471809295e-01
1.650513711527050000e+15,3.865631585471809850e-01
1.650513711528934250e+15,3.865631585471809850e-01
1.650513711530818250e+15,3.865631585471810405e-01
1.650513711532702250e+15,3.865631585471810405e-01
1.650513711534586250e+15,3.865631585471810960e-01
1.650513711536470500e+15,3.865631585471810960e-01
1.650513711538354500e+15,3.865631585471811515e-01
1.650513711540238500e+15,3.862972214485460021e-01
1.650513711542122750e+15,3.854384519916423946e-01
1.650513711544006750e+15,3.845797964752264986e-01
1.650513711545890750e+15,3.837211409588107136e-01
1.650513711547774750e+15,3.828624854423948731e-01
1.650513711549659000e+15,3.820037159854912101e-01
1.650513711551543000e+15,3.811450604690754251e-01
1.650513711553427000e+15,3.805175942696712443e-01
1.650513711555311000e+15,3.810685202200837507e-01
1.650513711557195250e+15,3.816195192763814359e-01
1.650513711559079250e+15,3.821704452267939423e-01
1.650513711560963250e+15,3.827213711772065041e-01
1.650513711562847250e+15,3.832722971276190105e-01
1.650513711564731500e+15,3.838232961839166957e-01
1.650513711566615500e+15,3.843742221343292575e-01
1.650513711568499500e+15,3.849251480847417639e-01
1.650513711570383750e+15,3.854761471410393936e-01
1.650513711572267750e+15,3.860270730914519555e-01
1.650513711574151750e+15,3.865422298490199249e-01
1.650513711576035750e+15,3.857652905911729824e-01
1.650513711577920000e+15,3.849882482362907421e-01
1.650513711579804000e+15,3.842113089784437996e-01
1.650513711581688000e+15,3.834343697205968571e-01
1.650513711583572000e+15,3.826574304627498591e-01
1.650513711585456250e+15,3.818803881078676188e-01
1.650513711587340250e+15,3.811034488500206763e-01
1.650513711589224250e+15,3.804272353956392738e-01
1.650513711591108250e+15,3.804272353956393293e-01
1.650513711592992500e+15,3.804272353956393848e-01
1.650513711594876500e+15,3.804272353956394404e-01
1.650513711596760500e+15,3.804272353956394404e-01
1.650513711598644750e+15,3.804272353956394959e-01
1.650513711600528750e+15,3.804272353956394404e-01
1.650513711602412750e+15,3.804272353956394404e-01
1.650513711604296750e+15,3.804272353956393848e-01
1.650513711606181000e+15,3.804272353956393848e-01
1.650513711608065000e+15,3.804272353956393293e-01
1.650513711609949000e+15,3.804272353956393293e-01
1.650513711611833000e+15,3.804272353956392738e-01
1.650513711613717250e+15,3.804272353956392738e-01
1.650513711615601250e+15,3.804272353956393848e-01
1.650513711617485250e+15,3.804272353956393848e-01
1.650513711619369250e+15,3.804272353956393848e-01
1.650513711621253500e+15,3.804272353956393848e-01
1.650513711623137500e+15,3.804272353956393848e-01
1.650513711625021500e+15,3.804272353956394404e-01
1.650513711626905750e+15,3.804272353956394404e-01
1.650513711628789750e+15,3.804272353956394959e-01
1.650513711630673750e+15,3.804272353956394404e-01
1.650513711632557750e+15,3.804272353956394404e-01
1.650513711634442000e+15,3.804272353956394959e-01
1.650513711636326000e+15,3.804272353956394959e-01
1.650513711638210000e+15,3.804272353956394404e-01
1.650513711640094000e+15,3.804272353956394959e-01
1.650513711641978250e+15,3.804272353956394959e-01
1.650513711643862250e+15,3.804272353956394959e-01
1.650513711645746250e+15,3.804272353956394959e-01
1.650513711647630250e+15,3.804272353956394959e-01
1.650513711649514500e+15,3.804272353956394404e-01
1.650513711651398500e+15,3.804272353956394404e-01
1.650513711653282500e+15,3.804272353956395514e-01
1.650513711655166750e+15,3.804272353956394959e-01
1.650513711657050750e+15,3.804272353956394959e-01
1.650513711658934750e+15,3.804272353956393848e-01
1.650513711660818750e+15,3.804272353956393848e-01
1.650513711662703000e+15,3.804272353956393293e-01
1.650513711664587000e+15,3.804272353956392738e-01
1.650513711666471000e+15,3.804272353956392738e-01
1.650513711668355000e+15,3.804272353956392738e-01
1.650513711670239250e+15,3.804272353956392183e-01
1.650513711672123250e+15,3.804272353956392738e-01
1.650513711674007250e+15,3.804272353956392738e-01
1.650513711675891250e+15,3.804272353956392183e-01
1.650513711677775500e+15,3.804272353956392738e-01
1.650513711679659500e+15,3.804272353956392738e-01
1.650513711681543500e+15,3.804272353956393293e-01
1.650513711683427750e+15,3.804272353956392738e-01
1.650513711685311750e+15,3.804272353956392738e-01
1.650513711687195750e+15,3.804272353956392738e-01
1.650513711689079750e+15,3.804272353956392738e-01
1.650513711690964000e+15,3.804272353956392738e-01
1.650513711692848000e+15,3.804272353956392738e-01
1.650513711694732000e+15,3.804272353956393293e-01
1.650513711696616000e+15,3.804272353956392738e-01
1.650513711698500250e+15,3.804272353956392738e-01
1.650513711700384250e+15,3.804272353956392738e-01
1.650513711702268250e+15,3.804272353956392738e-01
1.650513711704152250e+15,3.804272353956392738e-01
1.650513711706036500e+15,3.804272353956392738e-01
1.650513711707920500e+15,3.804272353956392738e-01
1.650513711709804500e+15,3.804272353956392738e-01
1.650513711711688750e+15,3.804272353956392738e-01
1.650513711713572750e+15,3.804272353956392738e-01
1.650513711715456750e+15,3.804272353956392738e-01
1.650513711717340750e+15,3.804272353956392738e-01
1.650513711719225000e+15,3.804272353956392738e-01
1.650513711721109000e+15,3.804272353956392738e-01
1.650513711722993000e+15,3.804272353956392738e-01
1.650513711724877000e+15,3.804272353956392183e-01
1.650513711726761250e+15,3.804272353956392738e-01
1.650513711728645250e+15,3.804272353956392738e-01
1.650513711730529250e+15,3.804272353956392738e-01
1.650513711732413250e+15,3.804272353956392738e-01
1.650513711734297500e+15,3.804272353956392183e-01
1.650513711736181500e+15,3.804272353956392183e-01
1.650513711738065500e+15,3.804272353956391628e-01
1.650513711739949750e+15,3.804272353956391628e-01
1.650513711741833750e+15,3.804272353956391073e-01
1.650513711743717750e+15,3.804272353956390518e-01
1.650513711745601750e+15,3.804272353956390518e-01
1.650513711747486000e+15,3.804272353956390518e-01
1.650513711749370000e+15,3.804272353956390518e-01
1.650513711751254000e+15,3.804272353956390518e-01
1.650513711753138000e+15,3.804272353956390518e-01
1.650513711755022250e+15,3.804272353956390518e-01
1.650513711756906250e+15,3.804272353956390518e-01
1.650513711758790250e+15,3.804272353956390518e-01
1.650513711760674250e+15,3.804272353956391073e-01
1.650513711762558500e+15,3.804272353956390518e-01
1.650513711764442500e+15,3.804272353956391073e-01
1.650513711766326500e+15,3.807224779220833022e-01
1.650513711768210750e+15,3.812968823933817752e-01
1.650513711770094750e+15,3.818712106533931339e-01
1.650513711771978750e+15,3.824455389134044370e-01
1.650513711773862750e+15,3.830198671734157401e-01
1.650513711775747000e+15,3.835942716447142131e-01
1.650513711777631000e+15,3.841685999047255162e-01
1.650513711779515000e+15,3.847429281647368748e-01
1.650513711781399000e+15,3.853172564247481779e-01
1.650513711783283250e+15,3.858916608960466510e-01
1.650513711785167250e+15,3.864659891560580096e-01
1.650513711787051250e+15,3.857319812461912911e-01
1.650513711788935250e+15,3.847315416773892105e-01
1.650513711790819500e+15,3.837309693538673017e-01
1.650513711792703500e+15,3.827305297850652765e-01
1.650513711794587500e+15,3.817300902162631959e-01
1.650513711796471750e+15,3.807295178927412871e-01
1.650513711798355750e+15,3.818584790687502561e-01
1.650513711800239750e+15,3.839094112460778585e-01
1.650513711802123750e+15,3.859603434234054609e-01
1.650513711804008000e+15,3.880115477520303946e-01
1.650513711805892000e+15,3.900624799293580525e-01
1.650513711807776000e+15,3.921134121066856548e-01
1.650513711809660000e+15,3.918535273028226351e-01
1.650513711811544250e+15,3.906698453782467273e-01
1.650513711813428250e+15,3.894863205031500186e-01
1.650513711815312250e+15,3.883027956280533655e-01
1.650513711817196250e+15,3.871192707529566013e-01
1.650513711819080500e+15,3.859355888283807490e-01
1.650513711820964500e+15,3.847520639532840958e-01
1.650513711822848500e+15,3.835685390781873871e-01
1.650513711824732750e+15,3.823848571536114793e-01
1.650513711826616750e+15,3.812013322785148262e-01
1.650513711828500750e+15,3.797927616666182948e-01
1.650513711830384750e+15,3.779587018193223402e-01
1.650513711832269000e+15,3.761243985989043415e-01
1.650513711834153000e+15,3.742903387516083868e-01
1.650513711836037000e+15,3.724562789043123767e-01
1.650513711837921000e+15,3.706222190570163666e-01
1.650513711839805250e+15,3.687879158365984233e-01
1.650513711841689250e+15,3.681553890925535200e-01
1.650513711843573250e+15,3.681553890925535200e-01
1.650513711845457250e+15,3.681553890925535200e-01
1.650513711847341500e+15,3.681553890925535200e-01
1.650513711849225500e+15,3.681553890925535200e-01
1.650513711851109500e+15,3.681553890925535200e-01
1.650513711852993750e+15,3.678486733322923197e-01
1.650513711854877750e+15,3.648193024681658514e-01
1.650513711856761750e+15,3.617899316040393831e-01
1.650513711858645750e+15,3.587605607399129148e-01
1.650513711860530000e+15,3.559252300310754014e-01
1.650513711862414000e+15,3.567519538541110702e-01
1.650513711864298000e+15,3.575786776771467390e-01
1.650513711866182000e+15,3.584054015001824078e-01
1.650513711868066250e+15,3.592322350264854358e-01
1.650513711869950250e+15,3.600589588495211046e-01
1.650513711871834250e+15,3.608856826725567180e-01
1.650513711873718250e+15,3.617124064955923313e-01
1.650513711875602500e+15,3.626277686672417233e-01
1.650513711877486500e+15,3.635953012431963338e-01
1.650513711879370500e+15,3.645628338191508888e-01
1.650513711881254750e+15,3.655304947831862217e-01
1.650513711883138750e+15,3.664980273591408322e-01
1.650513711885022750e+15,3.674655599350954427e-01
1.650513711886906750e+15,3.679869284688636055e-01
1.650513711888791000e+15,3.673999253617203364e-01
1.650513711890675000e+15,3.668130001374359517e-01
1.650513711892559000e+15,3.662260749131515114e-01
1.650513711894443000e+15,3.656391496888671266e-01
1.650513711896327250e+15,3.650521465817238576e-01
1.650513711898211250e+15,3.644652213574394173e-01
1.650513711900095250e+15,3.638782961331550325e-01
1.650513711901979250e+15,3.632913709088705922e-01
1.650513711903863500e+15,3.627043678017273787e-01
1.650513711905747500e+15,3.621174425774429939e-01
1.650513711907631500e+15,3.620194659410111426e-01
1.650513711909515750e+15,3.620194659410111426e-01
1.650513711911399750e+15,3.620194659410111426e-01
1.650513711913283750e+15,3.620194659410111426e-01
1.650513711915167750e+15,3.620194659410111981e-01
1.650513711917052000e+15,3.620194659410111981e-01
1.650513711918936000e+15,3.620194659410111981e-01
1.650513711920820000e+15,3.620194659410111981e-01
1.650513711922704000e+15,3.620194659410111981e-01
1.650513711924588250e+15,3.620194659410111981e-01
1.650513711926472250e+15,3.620194659410111981e-01
1.650513711928356250e+15,3.620194659410111981e-01
1.650513711930240250e+15,3.620194659410111426e-01
1.650513711932124500e+15,3.620194659410111426e-01
1.650513711934008500e+15,3.620194659410111981e-01
1.650513711935892500e+15,3.620194659410111426e-01
1.650513711937776750e+15,3.617044553629877313e-01
1.650513711939660750e+15,3.607665179011212420e-01
1.650513711941544750e+15,3.598285804392545861e-01
1.650513711943428750e+15,3.588906429773880413e-01
1.650513711945313000e+15,3.579525810546055897e-01
1.650513711947197000e+15,3.570146435927389339e-01
1.650513711949081000e+15,3.560767061308723891e-01
1.650513711950965000e+15,3.558835427894688763e-01
1.650513711952849250e+15,3.558835427894688763e-01
1.650513711954733250e+15,3.558835427894688763e-01
1.650513711956617250e+15,3.558835427894688763e-01
1.650513711958501250e+15,3.558835427894689318e-01
1.650513711960385500e+15,3.558835427894689318e-01
1.650513711962269500e+15,3.558835427894689873e-01
1.650513711964153500e+15,3.558835427894690984e-01
1.650513711966037750e+15,3.558835427894692094e-01
1.650513711967921750e+15,3.558835427894693204e-01
1.650513711969805750e+15,3.558835427894693204e-01
1.650513711971689750e+15,3.558835427894693204e-01
1.650513711973574000e+15,3.558835427894693204e-01
1.650513711975458000e+15,3.558835427894693204e-01
1.650513711977342000e+15,3.558835427894693204e-01
1.650513711979226000e+15,3.558835427894693204e-01
1.650513711981110250e+15,3.558835427894692649e-01
1.650513711982994250e+15,3.558835427894693204e-01
1.650513711984878250e+15,3.558835427894693204e-01
1.650513711986762250e+15,3.558835427894693204e-01
1.650513711988646500e+15,3.558835427894693204e-01
1.650513711990530500e+15,3.558835427894692649e-01
1.650513711992414500e+15,3.558835427894693204e-01
1.650513711994298750e+15,3.558835427894693204e-01
1.650513711996182750e+15,3.558835427894692094e-01
1.650513711998066750e+15,3.558835427894692094e-01
1.650513711999950750e+15,3.558835427894691539e-01
1.650513712001835000e+15,3.558835427894690984e-01
1.650513712003719000e+15,3.558835427894690429e-01
1.650513712005603000e+15,3.558835427894689873e-01
1.650513712007487000e+15,3.558835427894688763e-01
1.650513712009371250e+15,3.558835427894689318e-01
1.650513712011255250e+15,3.558835427894689873e-01
1.650513712013139250e+15,3.558835427894690984e-01
1.650513712015023250e+15,3.558835427894691539e-01
1.650513712016907500e+15,3.558835427894693204e-01
1.650513712018791500e+15,3.558835427894692649e-01
1.650513712020675500e+15,3.558835427894692649e-01
1.650513712022559750e+15,3.558835427894692094e-01
1.650513712024443750e+15,3.558835427894692094e-01
1.650513712026327750e+15,3.558835427894691539e-01
1.650513712028211750e+15,3.558835427894690984e-01
1.650513712030096000e+15,3.558835427894690984e-01
1.650513712031980000e+15,3.558835427894689873e-01
1.650513712033864000e+15,3.558835427894689873e-01
1.650513712035748000e+15,3.558835427894689318e-01
1.650513712037632250e+15,3.558835427894689318e-01
1.650513712039516250e+15,3.558835427894688763e-01
1.650513712041400250e+15,3.558835427894688763e-01
1.650513712043284250e+15,3.558835427894688763e-01
1.650513712045168500e+15,3.558835427894688208e-01
1.650513712047052500e+15,3.558835427894688763e-01
1.650513712048936500e+15,3.558835427894688763e-01
1.650513712050820750e+15,3.558835427894688208e-01
1.650513712052704750e+15,3.558835427894688208e-01
1.650513712054588750e+15,3.558835427894688763e-01
1.650513712056472750e+15,3.558835427894688763e-01
1.650513712058357000e+15,3.558835427894688208e-01
1.650513712060241000e+15,3.558835427894688208e-01
1.650513712062125000e+15,3.558835427894688763e-01
1.650513712064009000e+15,3.558835427894688763e-01
1.650513712065893250e+15,3.558835427894688763e-01
1.650513712067777250e+15,3.558835427894688763e-01
1.650513712069661250e+15,3.558835427894688763e-01
1.650513712071545250e+15,3.558835427894688763e-01
1.650513712073429500e+15,3.558835427894688763e-01
1.650513712075313500e+15,3.558835427894689318e-01
1.650513712077197500e+15,3.558835427894688763e-01
1.650513712079081750e+15,3.558835427894688763e-01
1.650513712080965750e+15,3.558835427894688763e-01
1.650513712082849750e+15,3.558835427894688763e-01
1.650513712084733750e+15,3.558835427894688763e-01
1.650513712086618000e+15,3.558835427894689318e-01
1.650513712088502000e+15,3.558835427894689318e-01
1.650513712090386000e+15,3.558835427894688763e-01
1.650513712092270000e+15,3.558835427894688763e-01
1.650513712094154250e+15,3.558835427894688763e-01
1.650513712096038250e+15,3.558835427894688763e-01
1.650513712097922250e+15,3.558835427894688763e-01
1.650513712099806250e+15,3.558835427894688763e-01
1.650513712101690500e+15,3.558835427894688763e-01
1.650513712103574500e+15,3.558835427894688763e-01
1.650513712105458500e+15,3.558835427894689318e-01
1.650513712107342750e+15,3.558835427894688763e-01
1.650513712109226750e+15,3.558835427894688763e-01
1.650513712111110750e+15,3.558835427894688208e-01
1.650513712112994750e+15,3.558835427894688208e-01
1.650513712114879000e+15,3.558835427894687653e-01
1.650513712116763000e+15,3.558835427894687653e-01
1.650513712118647000e+15,3.558835427894687653e-01
1.650513712120531000e+15,3.558835427894687653e-01
1.650513712122415250e+15,3.558835427894687098e-01
1.650513712124299250e+15,3.558835427894686543e-01
1.650513712126183250e+15,3.558835427894686543e-01
1.650513712128067250e+15,3.558835427894687653e-01
1.650513712129951500e+15,3.558835427894687098e-01
1.650513712131835500e+15,3.558835427894687653e-01
1.650513712133719500e+15,3.558835427894687653e-01
1.650513712135603750e+15,3.558835427894687653e-01
1.650513712137487750e+15,3.558835427894688763e-01
1.650513712139371750e+15,3.558835427894688763e-01
1.650513712141255750e+15,3.558835427894688763e-01
1.650513712143140000e+15,3.558835427894689873e-01
1.650513712145024000e+15,3.558835427894690984e-01
1.650513712146908000e+15,3.558835427894690984e-01
1.650513712148792000e+15,3.558835427894692094e-01
1.650513712150676250e+15,3.558835427894692649e-01
1.650513712152560250e+15,3.558835427894693204e-01
1.650513712154444250e+15,3.558835427894692094e-01
1.650513712156328250e+15,3.558835427894691539e-01
1.650513712158212500e+15,3.558835427894690984e-01
1.650513712160096500e+15,3.558835427894689873e-01
1.650513712161980500e+15,3.558835427894689318e-01
1.650513712163864750e+15,3.558835427894688763e-01
1.650513712165748750e+15,3.558835427894688208e-01
1.650513712167632750e+15,3.558835427894688208e-01
1.650513712169516750e+15,3.558835427894687653e-01
1.650513712171401000e+15,3.558835427894687098e-01
1.650513712173285000e+15,3.558835427894687098e-01
1.650513712175169000e+15,3.558835427894686543e-01
1.650513712177053000e+15,3.558835427894687098e-01
1.650513712178937250e+15,3.558835427894686543e-01
1.650513712180821250e+15,3.558835427894686543e-01
1.650513712182705250e+15,3.558835427894686543e-01
1.650513712184589250e+15,3.558835427894686543e-01
1.650513712186473500e+15,3.558835427894686543e-01
1.650513712188357500e+15,3.558835427894686543e-01
1.650513712190241500e+15,3.558835427894686543e-01
1.650513712192125750e+15,3.558835427894686543e-01
1.650513712194009750e+15,3.553210244615115920e-01
1.650513712195893750e+15,3.544362116626211812e-01
1.650513712197777750e+15,3.535513988637306593e-01
1.650513712199662000e+15,3.526664686533754201e-01
1.650513712201546000e+15,3.517816558544848982e-01
1.650513712203430000e+15,3.508968430555944318e-01
1.650513712205314000e+15,3.500120302567039099e-01
1.650513712207198250e+15,3.497476196379271096e-01
1.650513712209082250e+15,3.497476196379269986e-01
1.650513712210966250e+15,3.497476196379268876e-01
1.650513712212850250e+15,3.497476196379267765e-01
1.650513712214734500e+15,3.497476196379266655e-01
1.650513712216618500e+15,3.497476196379265545e-01
1.650513712218502500e+15,3.497476196379263880e-01
1.650513712220386750e+15,3.497476196379262769e-01
1.650513712222270750e+15,3.497476196379261659e-01
1.650513712224154750e+15,3.497476196379260549e-01
1.650513712226038750e+15,3.497476196379259439e-01
1.650513712227923000e+15,3.497476196379259994e-01
1.650513712229807000e+15,3.497476196379261104e-01
1.650513712231691000e+15,3.497476196379262214e-01
1.650513712233575000e+15,3.497476196379263325e-01
1.650513712235459250e+15,3.497476196379264435e-01
1.650513712237343250e+15,3.497476196379265545e-01
1.650513712239227250e+15,3.497476196379266655e-01
1.650513712241111250e+15,3.497476196379267765e-01
1.650513712242995500e+15,3.497476196379268876e-01
1.650513712244879500e+15,3.497476196379269986e-01
1.650513712246763500e+15,3.497476196379271096e-01
1.650513712248647750e+15,3.497476196379271096e-01
1.650513712250531750e+15,3.495820088452777918e-01
1.650513712252415750e+15,3.490801821732207322e-01
1.650513712254299750e+15,3.485783555011636725e-01
1.650513712256184000e+15,3.480764622385185136e-01
1.650513712258068000e+15,3.475746355664613985e-01
1.650513712259952000e+15,3.470728088944043388e-01
1.650513712261836000e+15,3.465709822223472791e-01
1.650513712263720250e+15,3.460690889597021203e-01
1.650513712265604250e+15,3.455672622876450051e-01
1.650513712267488250e+15,3.450654356155879454e-01
1.650513712269372250e+15,3.445636089435308858e-01
1.650513712271256500e+15,3.440617156808857269e-01
1.650513712273140500e+15,3.437337372935195812e-01
1.650513712275024500e+15,3.449158703559497274e-01
1.650513712276908750e+15,3.460981602831704751e-01
1.650513712278792750e+15,3.472802933456006214e-01
1.650513712280676750e+15,3.484624264080307121e-01
1.650513712282560750e+15,3.496445594704608584e-01
1.650513712284445000e+15,3.505058485207949714e-01
1.650513712286329000e+15,3.513363736459840236e-01
1.650513712288213000e+15,3.521668987711731313e-01
1.650513712290097000e+15,3.529974238963622390e-01
1.650513712291981250e+15,3.538280592292377680e-01
1.650513712293865250e+15,3.546585843544268757e-01
1.650513712295749250e+15,3.554891094796159279e-01
1.650513712297633250e+15,3.555715907914390739e-01
1.650513712299517500e+15,3.549774077716891241e-01
1.650513712301401500e+15,3.543833035874200954e-01
1.650513712303285500e+15,3.537891994031510112e-01
1.650513712305169750e+15,3.531950163834010614e-01
1.650513712307053750e+15,3.526009121991320328e-01
1.650513712308937750e+15,3.520068080148630041e-01
1.650513712310821750e+15,3.514127038305939754e-01
1.650513712312706000e+15,3.508185208108439701e-01
1.650513712314590000e+15,3.502244166265749414e-01
1.650513712316474000e+15,3.497476196379259439e-01
1.650513712318358000e+15,3.497476196379258884e-01
1.650513712320242250e+15,3.497476196379258884e-01
1.650513712322126250e+15,3.497476196379258884e-01
1.650513712324010250e+15,3.497476196379258884e-01
1.650513712325894250e+15,3.497476196379258884e-01
1.650513712327778500e+15,3.490005921962577862e-01
1.650513712329662500e+15,3.479630693801113450e-01
1.650513712331546500e+15,3.469255465639648484e-01
1.650513712333430750e+15,3.458878860722854887e-01
1.650513712335314750e+15,3.448503632561389365e-01
1.650513712337198750e+15,3.438128404399924953e-01
1.650513712339082750e+15,3.442575439662101111e-01
1.650513712340967000e+15,3.450588200905633229e-01
1.650513712342851000e+15,3.458599899025742719e-01
1.650513712344735000e+15,3.466611597145851653e-01
1.650513712346619000e+15,3.474623295265961143e-01
1.650513712348503250e+15,3.482636056509493261e-01
1.650513712350387250e+15,3.490647754629602195e-01
1.650513712352271250e+15,3.496567467074966906e-01
1.650513712354155250e+15,3.490414561381169345e-01
1.650513712356039500e+15,3.484260839218994432e-01
1.650513712357923500e+15,3.478107933525197426e-01
1.650513712359807500e+15,3.471955027831400420e-01
1.650513712361691750e+15,3.465801305669224952e-01
1.650513712363575750e+15,3.459648399975427946e-01
1.650513712365459750e+15,3.453495494281631495e-01
1.650513712367343750e+15,3.447342588587833934e-01
1.650513712369228000e+15,3.441188866425659021e-01
1.650513712371112000e+15,3.436116964863839551e-01
1.650513712372996000e+15,3.436116964863840106e-01
1.650513712374880000e+15,3.436116964863840106e-01
1.650513712376764250e+15,3.436116964863840106e-01
1.650513712378648250e+15,3.436116964863840106e-01
1.650513712380532250e+15,3.436116964863840106e-01
1.650513712382416250e+15,3.436116964863840106e-01
1.650513712384300500e+15,3.436116964863839551e-01
1.650513712386184500e+15,3.431910009698904140e-01
1.650513712388068500e+15,3.426126789318941213e-01
1.650513712389952750e+15,3.420342801526508048e-01
1.650513712391836750e+15,3.414559581146544565e-01
1.650513712393720750e+15,3.408776360766582192e-01
1.650513712395604750e+15,3.402993140386619264e-01
1.650513712397489000e+15,3.397209152594184989e-01
1.650513712399373000e+15,3.391425932214222061e-01
1.650513712401257000e+15,3.385642711834259133e-01
1.650513712403141000e+15,3.379859491454296760e-01
1.650513712405025250e+15,3.374757733348406341e-01
1.650513712406909250e+15,3.374757733348406341e-01
1.650513712408793250e+15,3.374757733348407451e-01
1.650513712410677250e+15,3.374757733348408006e-01
1.650513712412561500e+15,3.374757733348409117e-01
1.650513712414445500e+15,3.374757733348409117e-01
1.650513712416329500e+15,3.374757733348410227e-01
1.650513712418213750e+15,3.374757733348409672e-01
1.650513712420097750e+15,3.374757733348409672e-01
1.650513712421981750e+15,3.374757733348409117e-01
1.650513712423865750e+15,3.374757733348409117e-01
1.650513712425750000e+15,3.374757733348408006e-01
1.650513712427634000e+15,3.374757733348408006e-01
1.650513712429518000e+15,3.374757733348408006e-01
1.650513712431402000e+15,3.374757733348408006e-01
1.650513712433286250e+15,3.374757733348406896e-01
1.650513712435170250e+15,3.374757733348406341e-01
1.650513712437054250e+15,3.374757733348405786e-01
1.650513712438938250e+15,3.374757733348405786e-01
1.650513712440822500e+15,3.374757733348405786e-01
1.650513712442706500e+15,3.374757733348405786e-01
1.650513712444590500e+15,3.374757733348405786e-01
1.650513712446474750e+15,3.374757733348405786e-01
1.650513712448358750e+15,3.374757733348405786e-01
1.650513712450242750e+15,3.374757733348405786e-01
1.650513712452126750e+15,3.374757733348406341e-01
1.650513712454011000e+15,3.374757733348405786e-01
1.650513712455895000e+15,3.374757733348405786e-01
1.650513712457779000e+15,3.374757733348405786e-01
1.650513712459663000e+15,3.374757733348405786e-01
1.650513712461547250e+15,3.374757733348405786e-01
1.650513712463431250e+15,3.374757733348405786e-01
1.650513712465315250e+15,3.374757733348406341e-01
1.650513712467199250e+15,3.374757733348405786e-01
1.650513712469083500e+15,3.374757733348406341e-01
1.650513712470967500e+15,3.374757733348405786e-01
1.650513712472851500e+15,3.374757733348405786e-01
1.650513712474735750e+15,3.374757733348405786e-01
1.650513712476619750e+15,3.374757733348405786e-01
1.650513712478503750e+15,3.374757733348405786e-01
1.650513712480387750e+15,3.374757733348405786e-01
1.650513712482272000e+15,3.374757733348405786e-01
1.650513712484156000e+15,3.374757733348405786e-01
1.650513712486040000e+15,3.374757733348405786e-01
1.650513712487924000e+15,3.374757733348405786e-01
1.650513712489808250e+15,3.374757733348405786e-01
1.650513712491692250e+15,3.374757733348405786e-01
1.650513712493576250e+15,3.374757733348405786e-01
1.650513712495460250e+15,3.374757733348405786e-01
1.650513712497344500e+15,3.374757733348405786e-01
1.650513712499228500e+15,3.374757733348405786e-01
1.650513712501112500e+15,3.374757733348405786e-01
1.650513712502996750e+15,3.374757733348405786e-01
1.650513712504880750e+15,3.374757733348406341e-01
1.650513712506764750e+15,3.374757733348405786e-01
1.650513712508648750e+15,3.374757733348405786e-01
1.650513712510533000e+15,3.374757733348406341e-01
1.650513712512417000e+15,3.374757733348405786e-01
1.650513712514301000e+15,3.374757733348405786e-01
1.650513712516185000e+15,3.374757733348405786e-01
1.650513712518069250e+15,3.374757733348405786e-01
1.650513712519953250e+15,3.374757733348405786e-01
1.650513712521837250e+15,3.374757733348406341e-01
1.650513712523721250e+15,3.374757733348405786e-01
1.650513712525605500e+15,3.374757733348405231e-01
1.650513712527489500e+15,3.374757733348406896e-01
1.650513712529373500e+15,3.374757733348407451e-01
1.650513712531257750e+15,3.374757733348408006e-01
1.650513712533141750e+15,3.374757733348409672e-01
1.650513712535025750e+15,3.374757733348410227e-01
1.650513712536909750e+15,3.374757733348411892e-01
1.650513712538794000e+15,3.374757733348412447e-01
1.650513712540678000e+15,3.369315720813866877e-01
1.650513712542562000e+15,3.363500206568215689e-01
1.650513712544446000e+15,3.357684692322563946e-01
1.650513712546330250e+15,3.351868406379162058e-01
1.650513712548214250e+15,3.346052892133510870e-01
1.650513712550098250e+15,3.340237377887859127e-01
1.650513712551982250e+15,3.334421863642207384e-01
1.650513712553866500e+15,3.328605577698806051e-01
1.650513712555750500e+15,3.322790063453154308e-01
1.650513712557634500e+15,3.316974549207502565e-01
1.650513712559518750e+15,3.313398501832987009e-01
1.650513712561402750e+15,3.313398501832987009e-01
1.650513712563286750e+15,3.313398501832987009e-01
1.650513712565170750e+15,3.313398501832987009e-01
1.650513712567055000e+15,3.313398501832987009e-01
1.650513712568939000e+15,3.313398501832987009e-01
1.650513712570823000e+15,3.313398501832987009e-01
1.650513712572707000e+15,3.313398501832987564e-01
1.650513712574591250e+15,3.313398501832986454e-01
1.650513712576475250e+15,3.313398501832987009e-01
1.650513712578359250e+15,3.313398501832987009e-01
1.650513712580243250e+15,3.313398501832987009e-01
1.650513712582127500e+15,3.313398501832987009e-01
1.650513712584011500e+15,3.313398501832987009e-01
1.650513712585895500e+15,3.313398501832987009e-01
1.650513712587779750e+15,3.313398501832987009e-01
1.650513712589663750e+15,3.313398501832986454e-01
1.650513712591547750e+15,3.313398501832987009e-01
1.650513712593431750e+15,3.313398501832987009e-01
1.650513712595316000e+15,3.313398501832987009e-01
1.650513712597200000e+15,3.313398501832987009e-01
1.650513712599084000e+15,3.313398501832987009e-01
1.650513712600968000e+15,3.313398501832987009e-01
1.650513712602852250e+15,3.313398501832987009e-01
1.650513712604736250e+15,3.313398501832987009e-01
1.650513712606620250e+15,3.313398501832987009e-01
1.650513712608504250e+15,3.313398501832987009e-01
1.650513712610388500e+15,3.313398501832987564e-01
1.650513712612272500e+15,3.313398501832987009e-01
1.650513712614156500e+15,3.313398501832987009e-01
1.650513712616040750e+15,3.313398501832987009e-01
1.650513712617924750e+15,3.313398501832987009e-01
1.650513712619808750e+15,3.313398501832987009e-01
1.650513712621692750e+15,3.313398501832987009e-01
1.650513712623577000e+15,3.313398501832987009e-01
1.650513712625461000e+15,3.313398501832987009e-01
1.650513712627345000e+15,3.313398501832987009e-01
1.650513712629229000e+15,3.313398501832987009e-01
1.650513712631113250e+15,3.313398501832987009e-01
1.650513712632997250e+15,3.313398501832987009e-01
1.650513712634881250e+15,3.313398501832987009e-01
1.650513712636765250e+15,3.313398501832986454e-01
1.650513712638649500e+15,3.313398501832987009e-01
1.650513712640533500e+15,3.313398501832987564e-01
1.650513712642417500e+15,3.313398501832987009e-01
1.650513712644301750e+15,3.313398501832987009e-01
1.650513712646185750e+15,3.313398501832987564e-01
1.650513712648069750e+15,3.313398501832987009e-01
1.650513712649953750e+15,3.313398501832987009e-01
1.650513712651838000e+15,3.313398501832987009e-01
1.650513712653722000e+15,3.313398501832987009e-01
1.650513712655606000e+15,3.313398501832987564e-01
1.650513712657490000e+15,3.313398501832987009e-01
1.650513712659374250e+15,3.313398501832987009e-01
1.650513712661258250e+15,3.313398501832987009e-01
1.650513712663142250e+15,3.313398501832987009e-01
1.650513712665026250e+15,3.313398501832987009e-01
1.650513712666910500e+15,3.313398501832987564e-01
1.650513712668794500e+15,3.313398501832987009e-01
1.650513712670678500e+15,3.313398501832987009e-01
1.650513712672562750e+15,3.313398501832987009e-01
1.650513712674446750e+15,3.313398501832987009e-01
1.650513712676330750e+15,3.313398501832987009e-01
1.650513712678214750e+15,3.313398501832987009e-01
1.650513712680099000e+15,3.313398501832987009e-01
1.650513712681983000e+15,3.313398501832987009e-01
1.650513712683867000e+15,3.313398501832987009e-01
1.650513712685751000e+15,3.313398501832987009e-01
1.650513712687635250e+15,3.313398501832987009e-01
1.650513712689519250e+15,3.313398501832987009e-01
1.650513712691403250e+15,3.313398501832987009e-01
1.650513712693287250e+15,3.313398501832987009e-01
1.650513712695171500e+15,3.313398501832987009e-01
1.650513712697055500e+15,3.313398501832987009e-01
1.650513712698939500e+15,3.313398501832987564e-01
1.650513712700823750e+15,3.313398501832987009e-01
1.650513712702707750e+15,3.313398501832987009e-01
1.650513712704591750e+15,3.313398501832987009e-01
1.650513712706475750e+15,3.313398501832987009e-01
1.650513712708360000e+15,3.313398501832987009e-01
1.650513712710244000e+15,3.313398501832987009e-01
1.650513712712128000e+15,3.313398501832987009e-01
1.650513712714012000e+15,3.313398501832987009e-01
1.650513712715896250e+15,3.313398501832987009e-01
1.650513712717780250e+15,3.313398501832987009e-01
1.650513712719664250e+15,3.313398501832987009e-01
1.650513712721548250e+15,3.313398501832987009e-01
1.650513712723432500e+15,3.313398501832987009e-01
1.650513712725316500e+15,3.313398501832987009e-01
1.650513712727200500e+15,3.313398501832987009e-01
1.650513712729084750e+15,3.313398501832987009e-01
1.650513712730968750e+15,3.313398501832987009e-01
1.650513712732852750e+15,3.313398501832987009e-01
1.650513712734736750e+15,3.313398501832987009e-01
1.650513712736621000e+15,3.313398501832987009e-01
1.650513712738505000e+15,3.313398501832987009e-01
1.650513712740389000e+15,3.313398501832987009e-01
1.650513712742273000e+15,3.313398501832987009e-01
1.650513712744157250e+15,3.313398501832987009e-01
1.650513712746041250e+15,3.313398501832987009e-01
1.650513712747925250e+15,3.313398501832987009e-01
1.650513712749809250e+15,3.313398501832986454e-01
1.650513712751693500e+15,3.313398501832985898e-01
1.650513712753577500e+15,3.313398501832985343e-01
1.650513712755461500e+15,3.313398501832984788e-01
1.650513712757345750e+15,3.313398501832983678e-01
1.650513712759229750e+15,3.313398501832983123e-01
1.650513712761113750e+15,3.313398501832982568e-01
1.650513712762997750e+15,3.313398501832982568e-01
1.650513712764882000e+15,3.313398501832982568e-01
1.650513712766766000e+15,3.313398501832982568e-01
1.650513712768650000e+15,3.313398501832982568e-01
1.650513712770534000e+15,3.313398501832982568e-01
1.650513712772418250e+15,3.313398501832982568e-01
1.650513712774302250e+15,3.313398501832982568e-01
1.650513712776186250e+15,3.313398501832982568e-01
1.650513712778070250e+15,3.313398501832982568e-01
1.650513712779954500e+15,3.313398501832982568e-01
1.650513712781838500e+15,3.313398501832983123e-01
1.650513712783722500e+15,3.313398501832983123e-01
1.650513712785606750e+15,3.313398501832983678e-01
1.650513712787490750e+15,3.313398501832984233e-01
1.650513712789374750e+15,3.313398501832984788e-01
1.650513712791258750e+15,3.313398501832984788e-01
1.650513712793143000e+15,3.313398501832985343e-01
1.650513712795027000e+15,3.313398501832985898e-01
1.650513712796911000e+15,3.313398501832986454e-01
1.650513712798795000e+15,3.313398501832986454e-01
1.650513712800679250e+15,3.313398501832987564e-01
1.650513712802563250e+15,3.313398501832987009e-01
1.650513712804447250e+15,3.313398501832987009e-01
1.650513712806331250e+15,3.313398501832987009e-01
1.650513712808215500e+15,3.313398501832987009e-01
1.650513712810099500e+15,3.313398501832987009e-01
1.650513712811983500e+15,3.313398501832987009e-01
1.650513712813867750e+15,3.313398501832986454e-01
1.650513712815751750e+15,3.308992305257417166e-01
1.650513712817635750e+15,3.303740826941192199e-01
1.650513712819519750e+15,3.298489348624966677e-01
1.650513712821404000e+15,3.293237173456523559e-01
1.650513712823288000e+15,3.287985695140298592e-01
1.650513712825172000e+15,3.282734216824073070e-01
1.650513712827056000e+15,3.277482738507847548e-01
1.650513712828940250e+15,3.272230563339404430e-01
1.650513712830824250e+15,3.266979085023179463e-01
1.650513712832708250e+15,3.261727606706953941e-01
1.650513712834592250e+15,3.256476128390728975e-01
1.650513712836476500e+15,3.252762904509086672e-01
1.650513712838360500e+15,3.257423850891437156e-01
1.650513712840244500e+15,3.262084797273788195e-01
1.650513712842128750e+15,3.266746362146900617e-01
1.650513712844012750e+15,3.271407308529250546e-01
1.650513712845896750e+15,3.276068254911601585e-01
1.650513712847780750e+15,3.280729201293951514e-01
1.650513712849665000e+15,3.285390766167064491e-01
1.650513712851549000e+15,3.290051712549415530e-01
1.650513712853433000e+15,3.294712658931765459e-01
1.650513712855317000e+15,3.299373605314115943e-01
1.650513712857201250e+15,3.304035170187228365e-01
1.650513712859085250e+15,3.308696116569578849e-01
1.650513712860969250e+15,3.313357062951929333e-01
1.650513712862853250e+15,3.313398501832983123e-01
1.650513712864737500e+15,3.313398501832982568e-01
1.650513712866621500e+15,3.313398501832983123e-01
1.650513712868505500e+15,3.313398501832982568e-01
1.650513712870389750e+15,3.313398501832982568e-01
1.650513712872273750e+15,3.313398501832982568e-01
1.650513712874157750e+15,3.313398501832982568e-01
1.650513712876041750e+15,3.313398501832982568e-01
1.650513712877926000e+15,3.313398501832982568e-01
1.650513712879810000e+15,3.313398501832982568e-01
1.650513712881694000e+15,3.313398501832982568e-01
1.650513712883578000e+15,3.313398501832983123e-01
1.650513712885462250e+15,3.313398501832982568e-01
1.650513712887346250e+15,3.313398501832982568e-01
1.650513712889230250e+15,3.313398501832982568e-01
1.650513712891114250e+15,3.313398501832982568e-01
1.650513712892998500e+15,3.313398501832982568e-01
1.650513712894882500e+15,3.313398501832982568e-01
1.650513712896766500e+15,3.313398501832982568e-01
1.650513712898650750e+15,3.313398501832982568e-01
1.650513712900534750e+15,3.313398501832982568e-01
1.650513712902418750e+15,3.313398501832983123e-01
1.650513712904302750e+15,3.313398501832983123e-01
1.650513712906187000e+15,3.313398501832983123e-01
1.650513712908071000e+15,3.313398501832983678e-01
1.650513712909955000e+15,3.313398501832984788e-01
1.650513712911839000e+15,3.313398501832985898e-01
1.650513712913723250e+15,3.313398501832987009e-01
1.650513712915607250e+15,3.313398501832987009e-01
1.650513712917491250e+15,3.313398501832988119e-01
1.650513712919375250e+15,3.313398501832988674e-01
1.650513712921259500e+15,3.313398501832989784e-01
1.650513712923143500e+15,3.313398501832990894e-01
1.650513712925027500e+15,3.313398501832990894e-01
1.650513712926911750e+15,3.313398501832989229e-01
1.650513712928795750e+15,3.313398501832988119e-01
1.650513712930679750e+15,3.313398501832985898e-01
1.650513712932563750e+15,3.313398501832984233e-01
1.650513712934448000e+15,3.313398501832983123e-01
1.650513712936332000e+15,3.313398501832983678e-01
1.650513712938216000e+15,3.313398501832984788e-01
1.650513712940100000e+15,3.313398501832985898e-01
1.650513712941984250e+15,3.313398501832987009e-01
1.650513712943868250e+15,3.313398501832988119e-01
1.650513712945752250e+15,3.313398501832989229e-01
1.650513712947636250e+15,3.313398501832990894e-01
1.650513712949520500e+15,3.313398501832991450e-01
1.650513712951404500e+15,3.313398501832991450e-01
1.650513712953288500e+15,3.313398501832991450e-01
1.650513712955172750e+15,3.313398501832991450e-01
1.650513712957056750e+15,3.313398501832991450e-01
1.650513712958940750e+15,3.313398501832992005e-01
1.650513712960824750e+15,3.313398501832991450e-01
1.650513712962709000e+15,3.304048133854988745e-01
1.650513712964593000e+15,3.293031189970963002e-01
1.650513712966477000e+15,3.282014246086937259e-01
1.650513712968361000e+15,3.270997302202911516e-01
1.650513712970245250e+15,3.259978896410196114e-01
1.650513712972129250e+15,3.262768725570917572e-01
1.650513712974013250e+15,3.301180685090793765e-01
1.650513712975897250e+15,3.339592644610670513e-01
1.650513712977781500e+15,3.378009701258932740e-01
1.650513712979665500e+15,3.416421660778808933e-01
1.650513712981549500e+15,3.454833620298685681e-01
1.650513712983433750e+15,3.493250676946948463e-01
1.650513712985317750e+15,3.497476196379268876e-01
1.650513712987201750e+15,3.497476196379268321e-01
1.650513712989085750e+15,3.497476196379267210e-01
1.650513712990970000e+15,3.497476196379266655e-01
1.650513712992854000e+15,3.497476196379265545e-01
1.650513712994738000e+15,3.497476196379264435e-01
1.650513712996622000e+15,3.497476196379264435e-01
1.650513712998506250e+15,3.497476196379263325e-01
1.650513713000390250e+15,3.497476196379262214e-01
1.650513713002274250e+15,3.497476196379261659e-01
1.650513713004158250e+15,3.493131999299882162e-01
1.650513713006042500e+15,3.484079687055680608e-01
1.650513713007926500e+15,3.475028575861266456e-01
1.650513713009810500e+15,3.465977464666851193e-01
1.650513713011694750e+15,3.456925152422649639e-01
1.650513713013578750e+15,3.447874041228234931e-01
1.650513713015462750e+15,3.438822930033819669e-01
1.650513713017346750e+15,3.431914724520354620e-01
1.650513713019231000e+15,3.425919591931143593e-01
1.650513713021115000e+15,3.419925254768839684e-01
1.650513713022999000e+15,3.413930917606534110e-01
1.650513713024883000e+15,3.407936580444229646e-01
1.650513713026767250e+15,3.401941447855018064e-01
1.650513713028651250e+15,3.395947110692713600e-01
1.650513713030535250e+15,3.389952773530409136e-01
1.650513713032419250e+15,3.383958436368104117e-01
1.650513713034303500e+15,3.377963303778893089e-01
1.650513713036187500e+15,3.379697241653269457e-01
1.650513713038071500e+15,3.390314507650243336e-01
1.650513713039955750e+15,3.400933182520093911e-01
1.650513713041839750e+15,3.411550448517067236e-01
1.650513713043723750e+15,3.422167714514040560e-01
1.650513713045607750e+15,3.432784980511014439e-01
1.650513713047492000e+15,3.433075699622546995e-01
1.650513713049376000e+15,3.428644343308097642e-01
1.650513713051260000e+15,3.424212986993647734e-01
1.650513713053144000e+15,3.419781630679198381e-01
1.650513713055028250e+15,3.415349686339760327e-01
1.650513713056912250e+15,3.410918330025309864e-01
1.650513713058796250e+15,3.406486973710860511e-01
1.650513713060680250e+15,3.402055617396411158e-01
1.650513713062564500e+15,3.397623673056971993e-01
1.650513713064448500e+15,3.393192316742522641e-01
1.650513713066332500e+15,3.388760960428072733e-01
1.650513713068216750e+15,3.384329016088634678e-01
1.650513713070100750e+15,3.379897659774185326e-01
1.650513713071984750e+15,3.375466303459735418e-01
1.650513713073868750e+15,3.374757733348414668e-01
1.650513713075753000e+15,3.374757733348414668e-01
1.650513713077637000e+15,3.374757733348414668e-01
1.650513713079521000e+15,3.374757733348414668e-01
1.650513713081405000e+15,3.374757733348414668e-01
1.650513713083289250e+15,3.374757733348414668e-01
1.650513713085173250e+15,3.374757733348414668e-01
1.650513713087057250e+15,3.374757733348414668e-01
1.650513713088941250e+15,3.374757733348414668e-01
1.650513713090825500e+15,3.375052380545723318e-01
1.650513713092709500e+15,3.380314137130842056e-01
1.650513713094593500e+15,3.385575893715960238e-01
1.650513713096477750e+15,3.390838348517186129e-01
1.650513713098361750e+15,3.396100105102303757e-01
1.650513713100245750e+15,3.401361861687421939e-01
1.650513713102129750e+15,3.406623618272540677e-01
1.650513713104014000e+15,3.411886073073766568e-01
1.650513713105898000e+15,3.417147829658884750e-01
1.650513713107782000e+15,3.422409586244002933e-01
1.650513713109666000e+15,3.427671342829121670e-01
1.650513713111550250e+15,3.432933797630347006e-01
1.650513713113434250e+15,3.436116964863832890e-01
1.650513713115318250e+15,3.436116964863833445e-01
1.650513713117202250e+15,3.436116964863833445e-01
1.650513713119086500e+15,3.436116964863833445e-01
1.650513713120970500e+15,3.436116964863833445e-01
1.650513713122854500e+15,3.436116964863833445e-01
1.650513713124738750e+15,3.436116964863832890e-01
1.650513713126622750e+15,3.436116964863832890e-01
1.650513713128506750e+15,3.436116964863833445e-01
1.650513713130390750e+15,3.436116964863832890e-01
1.650513713132275000e+15,3.436116964863832890e-01
1.650513713134159000e+15,3.436116964863833445e-01
1.650513713136043000e+15,3.436116964863833445e-01
1.650513713137927000e+15,3.436116964863833445e-01
1.650513713139811250e+15,3.446216660546497779e-01
1.650513713141695250e+15,3.456495027415446009e-01
1.650513713143579250e+15,3.466773394284393683e-01
1.650513713145463250e+15,3.477051761153341358e-01
1.650513713147347500e+15,3.487331491924474669e-01
1.650513713149231500e+15,3.497395668139909319e-01
1.650513713151115500e+15,3.491203210877478758e-01
1.650513713152999750e+15,3.485009931898320201e-01
1.650513713154883750e+15,3.478817474635889084e-01
1.650513713156767750e+15,3.472625017373458522e-01
1.650513713158651750e+15,3.466432560111027961e-01
1.650513713160536000e+15,3.460239281131869404e-01
1.650513713162420000e+15,3.454046823869438287e-01
1.650513713164304000e+15,3.447854366607007170e-01
1.650513713166188000e+15,3.441661909344576609e-01
1.650513713168072250e+15,3.436116964863833445e-01
1.650513713169956250e+15,3.436116964863833445e-01
1.650513713171840250e+15,3.436116964863834000e-01
1.650513713173724250e+15,3.436116964863834000e-01
1.650513713175608500e+15,3.436116964863833445e-01
1.650513713177492500e+15,3.436116964863833445e-01
1.650513713179376500e+15,3.436116964863833445e-01
1.650513713181260750e+15,3.436116964863833445e-01
1.650513713183144750e+15,3.436116964863833445e-01
1.650513713185028750e+15,3.436116964863833445e-01
1.650513713186912750e+15,3.436116964863833445e-01
1.650513713188797000e+15,3.436116964863833445e-01
1.650513713190681000e+15,3.436116964863833445e-01
1.650513713192565000e+15,3.436116964863833445e-01
1.650513713194449000e+15,3.436116964863834000e-01
1.650513713196333250e+15,3.436116964863833445e-01
1.650513713198217250e+15,3.436116964863833445e-01
1.650513713200101250e+15,3.436116964863833445e-01
1.650513713201985250e+15,3.436116964863833445e-01
1.650513713203869500e+15,3.436116964863833445e-01
1.650513713205753500e+15,3.430848420910637131e-01
1.650513713207637500e+15,3.421462192250759315e-01
1.650513713209521750e+15,3.412074718072216628e-01
1.650513713211405750e+15,3.402688489412338257e-01
1.650513713213289750e+15,3.393302260752460442e-01
1.650513713215173750e+15,3.383916032092582626e-01
1.650513713217058000e+15,3.375185647940542877e-01
1.650513713218942000e+15,3.392711541235730599e-01
1.650513713220826000e+15,3.410237434530918321e-01
1.650513713222710000e+15,3.427763327826106043e-01
1.650513713224594250e+15,3.445291546744077005e-01
1.650513713226478250e+15,3.462817440039264172e-01
1.650513713228362250e+15,3.480343333334451894e-01
1.650513713230246250e+15,3.497476196379256663e-01
1.650513713232130500e+15,3.497476196379257773e-01
1.650513713234014500e+15,3.497476196379258329e-01
1.650513713235898500e+15,3.497476196379258884e-01
1.650513713237782750e+15,3.497476196379259994e-01
1.650513713239666750e+15,3.497476196379261104e-01
1.650513713241550750e+15,3.497476196379261659e-01
1.650513713243434750e+15,3.497476196379262214e-01
1.650513713245319000e+15,3.497476196379263325e-01
1.650513713247203000e+15,3.497476196379264435e-01
1.650513713249087000e+15,3.497476196379264990e-01
1.650513713250971000e+15,3.497476196379264990e-01
1.650513713252855250e+15,3.497476196379263880e-01
1.650513713254739250e+15,3.497476196379263325e-01
1.650513713256623250e+15,3.497476196379262769e-01
1.650513713258507250e+15,3.497476196379262214e-01
1.650513713260391500e+15,3.497476196379261104e-01
1.650513713262275500e+15,3.497476196379259994e-01
1.650513713264159500e+15,3.497476196379259994e-01
1.650513713266043750e+15,3.497476196379258884e-01
1.650513713267927750e+15,3.497476196379258329e-01
1.650513713269811750e+15,3.497476196379257773e-01
1.650513713271695750e+15,3.497476196379256663e-01
1.650513713273580000e+15,3.497476196379256663e-01
1.650513713275464000e+15,3.497476196379257218e-01
1.650513713277348000e+15,3.497476196379257773e-01
1.650513713279232000e+15,3.497476196379258329e-01
1.650513713281116250e+15,3.497476196379258884e-01
1.650513713283000250e+15,3.497476196379259994e-01
1.650513713284884250e+15,3.497476196379259994e-01
1.650513713286768250e+15,3.497476196379261104e-01
1.650513713288652500e+15,3.497476196379261104e-01
1.650513713290536500e+15,3.497476196379262214e-01
1.650513713292420500e+15,3.497476196379262769e-01
1.650513713294304750e+15,3.497476196379263325e-01
1.650513713296188750e+15,3.497476196379263880e-01
1.650513713298072750e+15,3.497476196379264435e-01
1.650513713299956750e+15,3.497476196379264435e-01
1.650513713301841000e+15,3.493464274479165521e-01
1.650513713303725000e+15,3.486642558901738576e-01
1.650513713305609000e+15,3.479820843324311630e-01
1.650513713307493000e+15,3.472999127746885240e-01
1.650513713309377250e+15,3.466176506952423075e-01
1.650513713311261250e+15,3.459354791374996685e-01
1.650513713313145250e+15,3.452533075797569184e-01
1.650513713315029250e+15,3.445711360220142794e-01
1.650513713316913500e+15,3.438888739425680630e-01
1.650513713318797500e+15,3.439086816456286000e-01
1.650513713320681500e+15,3.444089230761321341e-01
1.650513713322565750e+15,3.449092308868679790e-01
1.650513713324449750e+15,3.454094723173715131e-01
1.650513713326333750e+15,3.459097137478749362e-01
1.650513713328217750e+15,3.464099551783784703e-01
1.650513713330102000e+15,3.469102629891143152e-01
1.650513713331986000e+15,3.474105044196177938e-01
1.650513713333870000e+15,3.479107458501213834e-01
1.650513713335754000e+15,3.484109872806248620e-01
1.650513713337638250e+15,3.489112950913606515e-01
1.650513713339522250e+15,3.494115365218641300e-01
1.650513713341406250e+15,3.494316234289759904e-01
1.650513713343290250e+15,3.484686847186465597e-01
1.650513713345174500e+15,3.475056182298258411e-01
1.650513713347058500e+15,3.465426795194964105e-01
1.650513713348942500e+15,3.455797408091669798e-01
1.650513713350826750e+15,3.446166743203462612e-01
1.650513713352710750e+15,3.436537356100168306e-01
1.650513713354594750e+15,3.448993041661287950e-01
1.650513713356478750e+15,3.462456912168514478e-01
1.650513713358363000e+15,3.475922569282762220e-01
1.650513713360247000e+15,3.489386439789988748e-01
1.650513713362131000e+15,3.497476196379256663e-01
1.650513713364015000e+15,3.497476196379256663e-01
1.650513713365899250e+15,3.497476196379256663e-01
1.650513713367783250e+15,3.497476196379256663e-01
1.650513713369667250e+15,3.497476196379256663e-01
1.650513713371551250e+15,3.497476196379257218e-01
1.650513713373435500e+15,3.497476196379256663e-01
1.650513713375319500e+15,3.497476196379256663e-01
1.650513713377203500e+15,3.497476196379256663e-01
1.650513713379087750e+15,3.497476196379256663e-01
1.650513713380971750e+15,3.497476196379256663e-01
1.650513713382855750e+15,3.497476196379256663e-01
1.650513713384739750e+15,3.497476196379256663e-01
1.650513713386624000e+15,3.497476196379256663e-01
1.650513713388508000e+15,3.497476196379256663e-01
1.650513713390392000e+15,3.497476196379256663e-01
1.650513713392276000e+15,3.497476196379256108e-01
1.650513713394160250e+15,3.497476196379256663e-01
1.650513713396044250e+15,3.495183936693260773e-01
1.650513713397928250e+15,3.483766574503132096e-01
1.650513713399812250e+15,3.472349212313003974e-01
1.650513713401696500e+15,3.460930335080122378e-01
1.650513713403580500e+15,3.449512972889994256e-01
1.650513713405464500e+15,3.438095610699865579e-01
1.650513713407348750e+15,3.444459667394443869e-01
1.650513713409232750e+15,3.454549637908108650e-01
1.650513713411116750e+15,3.464639608421773431e-01
1.650513713413000750e+15,3.474729578935438212e-01
1.650513713414885000e+15,3.484820888351771728e-01
1.650513713416769000e+15,3.494910858865436509e-01
1.650513713418653000e+15,3.505000829379101290e-01
1.650513713420537000e+15,3.515090799892766071e-01
1.650513713422421250e+15,3.525182109309099587e-01
1.650513713424305250e+15,3.535272079822764923e-01
1.650513713426189250e+15,3.545362050336429149e-01
1.650513713428073250e+15,3.555452020850093930e-01
1.650513713429957500e+15,3.551722754366403723e-01
1.650513713431841500e+15,3.541023930472367853e-01
1.650513713433725500e+15,3.530325106578331429e-01
1.650513713435609750e+15,3.519624862988980363e-01
1.650513713437493750e+15,3.508926039094943938e-01
1.650513713439377750e+15,3.498227215200907514e-01
1.650513713441261750e+15,3.487528391306871089e-01
1.650513713443146000e+15,3.476828147717520023e-01
1.650513713445030000e+15,3.466129323823483599e-01
1.650513713446914000e+15,3.455430499929448285e-01
1.650513713448798000e+15,3.444731676035411305e-01
1.650513713450682250e+15,3.437772550623441892e-01
1.650513713452566250e+15,3.446265739380701687e-01
1.650513713454450250e+15,3.454758928137960927e-01
1.650513713456334250e+15,3.463252116895220167e-01
1.650513713458218500e+15,3.471746432667973115e-01
1.650513713460102500e+15,3.480239621425232355e-01
1.650513713461986500e+15,3.488732810182491040e-01
1.650513713463870750e+15,3.497227125955243987e-01
1.650513713465754750e+15,3.497476196379256663e-01
1.650513713467638750e+15,3.497476196379256663e-01
1.650513713469522750e+15,3.497476196379256663e-01
1.650513713471407000e+15,3.497476196379256663e-01
1.650513713473291000e+15,3.497476196379256663e-01
1.650513713475175000e+15,3.497476196379256663e-01
1.650513713477059000e+15,3.490534488424054116e-01
1.650513713478943250e+15,3.479804452973200846e-01
1.650513713480827250e+15,3.469075841170410901e-01
1.650513713482711250e+15,3.458347229367620401e-01
1.650513713484595250e+15,3.447618617564829901e-01
1.650513713486479500e+15,3.436888582113976631e-01
1.650513713488363500e+15,3.430997595855634352e-01
1.650513713490247500e+15,3.425481501368109472e-01
1.650513713492131750e+15,3.419964674914755531e-01
1.650513713494015750e+15,3.414448580427230096e-01
1.650513713495899750e+15,3.408932485939705215e-01
1.650513713497783750e+15,3.403416391452179779e-01
1.650513713499668000e+15,3.397899564998825284e-01
1.650513713501552000e+15,3.392383470511300403e-01
1.650513713503436000e+15,3.386867376023774967e-01
1.650513713505320000e+15,3.381351281536249531e-01
1.650513713507204250e+15,3.375834455082896146e-01
1.650513713509088250e+15,3.381109176192835797e-01
1.650513713510972250e+15,3.389001092643892932e-01
1.650513713512856250e+15,3.396893009094950067e-01
1.650513713514740500e+15,3.404785972774835301e-01
1.650513713516624500e+15,3.412677889225892436e-01
1.650513713518508500e+15,3.420569805676949571e-01
1.650513713520392750e+15,3.428462769356834250e-01
1.650513713522276750e+15,3.436116964863837331e-01
1.650513713524160750e+15,3.436116964863837886e-01
1.650513713526044750e+15,3.436116964863837886e-01
1.650513713527929000e+15,3.436116964863837886e-01
1.650513713529813000e+15,3.436116964863837886e-01
1.650513713531697000e+15,3.436116964863837886e-01
1.650513713533581000e+15,3.436116964863837886e-01
1.650513713535465250e+15,3.436116964863837886e-01
1.650513713537349250e+15,3.436116964863837886e-01
1.650513713539233250e+15,3.436116964863837331e-01
1.650513713541117250e+15,3.436116964863837886e-01
1.650513713543001500e+15,3.436116964863837886e-01
1.650513713544885500e+15,3.436116964863838441e-01
1.650513713546769500e+15,3.436116964863837886e-01
1.650513713548653750e+15,3.436116964863837886e-01
1.650513713550537750e+15,3.436116964863837886e-01
1.650513713552421750e+15,3.436116964863837886e-01
1.650513713554305750e+15,3.436116964863838441e-01
1.650513713556190000e+15,3.436116964863837886e-01
1.650513713558074000e+15,3.436116964863837886e-01
1.650513713559958000e+15,3.436116964863837331e-01
1.650513713561842000e+15,3.436116964863837886e-01
1.650513713563726250e+15,3.436116964863837886e-01
1.650513713565610250e+15,3.436116964863837886e-01
1.650513713567494250e+15,3.436116964863837886e-01
1.650513713569378250e+15,3.436116964863837886e-01
1.650513713571262500e+15,3.436116964863837886e-01
1.650513713573146500e+15,3.436116964863837886e-01
1.650513713575030500e+15,3.436116964863837331e-01
1.650513713576914750e+15,3.436116964863837886e-01
1.650513713578798750e+15,3.436116964863837886e-01
1.650513713580682750e+15,3.436116964863837886e-01
1.650513713582566750e+15,3.436116964863837331e-01
1.650513713584451000e+15,3.436116964863837331e-01
1.650513713586335000e+15,3.436116964863837886e-01
1.650513713588219000e+15,3.436116964863837886e-01
1.650513713590103000e+15,3.436116964863837886e-01
1.650513713591987250e+15,3.436116964863837886e-01
1.650513713593871250e+15,3.436116964863837886e-01
1.650513713595755250e+15,3.436116964863837886e-01
1.650513713597639250e+15,3.436116964863837886e-01
1.650513713599523500e+15,3.436116964863837886e-01
1.650513713601407500e+15,3.436116964863837886e-01
1.650513713603291500e+15,3.436116964863837886e-01
1.650513713605175750e+15,3.436116964863837886e-01
1.650513713607059750e+15,3.436116964863837331e-01
1.650513713608943750e+15,3.436116964863835666e-01
1.650513713610827750e+15,3.436116964863833445e-01
1.650513713612712000e+15,3.436116964863832335e-01
1.650513713614596000e+15,3.436116964863830670e-01
1.650513713616480000e+15,3.436116964863829004e-01
1.650513713618364000e+15,3.436116964863830114e-01
1.650513713620248250e+15,3.436116964863831780e-01
1.650513713622132250e+15,3.436116964863833445e-01
1.650513713624016250e+15,3.436116964863834555e-01
1.650513713625900250e+15,3.436116964863836776e-01
1.650513713627784500e+15,3.436116964863837886e-01
1.650513713629668500e+15,3.436116964863837886e-01
1.650513713631552500e+15,3.436116964863836776e-01
1.650513713633436750e+15,3.436116964863837331e-01
1.650513713635320750e+15,3.436116964863836776e-01
1.650513713637204750e+15,3.436116964863835666e-01
1.650513713639088750e+15,3.436116964863835666e-01
1.650513713640973000e+15,3.436116964863835666e-01
1.650513713642857000e+15,3.436116964863835110e-01
1.650513713644741000e+15,3.436116964863834555e-01
1.650513713646625000e+15,3.436116964863834555e-01
1.650513713648509250e+15,3.436116964863834555e-01
1.650513713650393250e+15,3.436116964863834000e-01
1.650513713652277250e+15,3.436116964863834000e-01
1.650513713654161250e+15,3.436116964863834555e-01
1.650513713656045500e+15,3.436116964863835666e-01
1.650513713657929500e+15,3.436116964863835666e-01
1.650513713659813500e+15,3.436116964863836776e-01
1.650513713661697750e+15,3.436116964863837886e-01
1.650513713663581750e+15,3.436116964863837886e-01
1.650513713665465750e+15,3.436116964863837331e-01
1.650513713667349750e+15,3.436116964863835666e-01
1.650513713669234000e+15,3.436116964863835666e-01
1.650513713671118000e+15,3.436116964863834555e-01
1.650513713673002000e+15,3.436116964863833445e-01
1.650513713674886000e+15,3.436116964863833445e-01
1.650513713676770250e+15,3.436116964863833445e-01
1.650513713678654250e+15,3.436116964863833445e-01
1.650513713680538250e+15,3.436116964863833445e-01
1.650513713682422250e+15,3.436116964863833445e-01
1.650513713684306500e+15,3.436116964863833445e-01
1.650513713686190500e+15,3.437788874658575522e-01
1.650513713688074500e+15,3.443141258776321600e-01
1.650513713689958750e+15,3.448494353136120627e-01
1.650513713691842750e+15,3.453846737253866150e-01
1.650513713693726750e+15,3.459199121371612229e-01
1.650513713695610750e+15,3.464551505489358307e-01
1.650513713697495000e+15,3.469904599849157889e-01
1.650513713699379000e+15,3.475256983966903412e-01
1.650513713701263000e+15,3.480609368084649491e-01
1.650513713703147000e+15,3.485961752202395569e-01
1.650513713705031250e+15,3.491314846562195151e-01
1.650513713706915250e+15,3.496667230679940674e-01
1.650513713708799250e+15,3.480399932392308493e-01
1.650513713710683250e+15,3.460283201830215982e-01
1.650513713712567500e+15,3.440163801850586456e-01
1.650513713714451500e+15,3.420047071288493390e-01
1.650513713716335500e+15,3.399930340726400324e-01
1.650513713718219750e+15,3.379810940746770243e-01
1.650513713720103750e+15,3.374757733348410227e-01
1.650513713721987750e+15,3.374757733348410782e-01
1.650513713723871750e+15,3.374757733348411337e-01
1.650513713725756000e+15,3.374757733348411337e-01
1.650513713727640000e+15,3.374757733348412447e-01
1.650513713729524000e+15,3.374757733348412447e-01
1.650513713731408000e+15,3.374757733348413002e-01
1.650513713733292250e+15,3.374757733348413558e-01
1.650513713735176250e+15,3.374757733348413558e-01
1.650513713737060250e+15,3.374757733348414113e-01
1.650513713738944250e+15,3.374757733348414113e-01
1.650513713740828500e+15,3.378050409653639008e-01
1.650513713742712500e+15,3.383120619836754717e-01
1.650513713744596500e+15,3.388190830019870980e-01
1.650513713746480750e+15,3.393261713001578528e-01
1.650513713748364750e+15,3.398331923184694237e-01
1.650513713750248750e+15,3.403402133367811055e-01
1.650513713752132750e+15,3.408472343550926764e-01
1.650513713754017000e+15,3.413543226532634312e-01
1.650513713755901000e+15,3.418613436715750575e-01
1.650513713757785000e+15,3.423683646898866284e-01
1.650513713759669000e+15,3.428753857081983103e-01
1.650513713761553250e+15,3.433824740063690095e-01
1.650513713763437250e+15,3.429897594603444899e-01
1.650513713765321250e+15,3.418546377775572020e-01
1.650513713767205250e+15,3.407195160947698587e-01
1.650513713769089500e+15,3.395842437854322826e-01
1.650513713770973500e+15,3.384491221026448837e-01
1.650513713772857500e+15,3.373140004198575959e-01
1.650513713774741750e+15,3.361787281105200198e-01
1.650513713776625750e+15,3.350436064277326764e-01
1.650513713778509750e+15,3.339084847449453330e-01
1.650513713780393750e+15,3.327733630621579897e-01
1.650513713782278000e+15,3.316380907528204136e-01
1.650513713784162000e+15,3.313398501832983678e-01
1.650513713786046000e+15,3.313398501832984233e-01
1.650513713787930000e+15,3.313398501832984788e-01
1.650513713789814250e+15,3.313398501832985898e-01
1.650513713791698250e+15,3.313398501832986454e-01
1.650513713793582250e+15,3.313398501832987009e-01
1.650513713795466250e+15,3.320449713168997508e-01
1.650513713797350500e+15,3.329917908401406335e-01
1.650513713799234500e+15,3.339384847405179046e-01
1.650513713801118500e+15,3.348851786408951758e-01
1.650513713803002750e+15,3.358319981641360585e-01
1.650513713804886750e+15,3.367786920645132742e-01
1.650513713806770750e+15,3.374757733348414668e-01
1.650513713808654750e+15,3.374757733348415223e-01
1.650513713810539000e+15,3.374757733348414668e-01
1.650513713812423000e+15,3.374757733348414668e-01
1.650513713814307000e+15,3.374757733348414668e-01
1.650513713816191000e+15,3.374757733348414668e-01
1.650513713818075250e+15,3.374757733348415223e-01
1.650513713819959250e+15,3.374757733348414668e-01
1.650513713821843250e+15,3.374757733348414668e-01
1.650513713823727250e+15,3.374056765717643458e-01
1.650513713825611500e+15,3.365025666515725766e-01
1.650513713827495500e+15,3.355995765549074084e-01
1.650513713829379500e+15,3.346965864582422401e-01
1.650513713831263750e+15,3.337934765380504709e-01
1.650513713833147750e+15,3.328904864413853026e-01
1.650513713835031750e+15,3.319874963447200789e-01
1.650513713836915750e+15,3.316076621658465284e-01
1.650513713838800000e+15,3.325548695391297715e-01
1.650513713840684000e+15,3.335019512380898998e-01
1.650513713842568000e+15,3.344490329370500836e-01
1.650513713844452000e+15,3.353961146360101564e-01
1.650513713846336250e+15,3.363433220092933995e-01
1.650513713848220250e+15,3.372904037082535833e-01
1.650513713850104250e+15,3.369723917671437752e-01
1.650513713851988250e+15,3.363465076730719483e-01
1.650513713853872500e+15,3.357205405264398479e-01
1.650513713855756500e+15,3.350946564323679100e-01
1.650513713857640500e+15,3.344687723382960831e-01
1.650513713859524750e+15,3.338428051916639827e-01
1.650513713861408750e+15,3.332169210975921003e-01
1.650513713863292750e+15,3.325910370035202734e-01
1.650513713865176750e+15,3.319651529094483910e-01
1.650513713867061000e+15,3.313406792500664388e-01
1.650513713868945000e+15,3.321216601457229745e-01
1.650513713870829000e+15,3.329026410413794546e-01
1.650513713872713000e+15,3.336836219370359347e-01
1.650513713874597250e+15,3.344647064660384306e-01
1.650513713876481250e+15,3.352456873616949662e-01
1.650513713878365250e+15,3.360266682573514463e-01
1.650513713880249250e+15,3.368076491530079264e-01
1.650513713882133500e+15,3.373157695971576997e-01
1.650513713884017500e+15,3.362095419208412928e-01
1.650513713885901500e+15,3.351033142445248858e-01
1.650513713887785750e+15,3.339969397757885927e-01
1.650513713889669750e+15,3.328907120994721303e-01
1.650513713891553750e+15,3.317844844231556678e-01
1.650513713893437750e+15,3.321280001389531611e-01
1.650513713895322000e+15,3.334460134994517988e-01
1.650513713897206000e+15,3.347638519875397178e-01
1.650513713899090000e+15,3.360816904756275258e-01
1.650513713900974000e+15,3.373995289637153894e-01
1.650513713902858250e+15,3.374757733348414113e-01
1.650513713904742250e+15,3.374757733348413558e-01
1.650513713906626250e+15,3.374757733348412447e-01
1.650513713908510250e+15,3.374757733348412447e-01
1.650513713910394500e+15,3.374757733348411337e-01
1.650513713912278500e+15,3.374757733348410782e-01
1.650513713914162500e+15,3.374757733348410227e-01
1.650513713916046750e+15,3.374757733348410227e-01
1.650513713917930750e+15,3.374757733348410227e-01
1.650513713919814750e+15,3.374757733348410227e-01
1.650513713921698750e+15,3.374757733348410227e-01
1.650513713923583000e+15,3.374757733348410227e-01
1.650513713925467000e+15,3.378130320604811332e-01
1.650513713927351000e+15,3.383849451469852498e-01
1.650513713929235000e+15,3.389568582334892555e-01
1.650513713931119250e+15,3.395288472107956812e-01
1.650513713933003250e+15,3.401007602972997423e-01
1.650513713934887250e+15,3.406726733838038035e-01
1.650513713936771250e+15,3.412445864703078646e-01
1.650513713938655500e+15,3.418165754476142348e-01
1.650513713940539500e+15,3.423884885341182960e-01
1.650513713942423500e+15,3.429604016206224126e-01
1.650513713944307750e+15,3.435323905979287828e-01
1.650513713946191750e+15,3.427519201895039003e-01
1.650513713948075750e+15,3.417537266641169080e-01
1.650513713949959750e+15,3.407555331387299713e-01
1.650513713951844000e+15,3.397572071566650198e-01
1.650513713953728000e+15,3.387590136312780276e-01
1.650513713955612000e+15,3.377608201058909798e-01
1.650513713957496000e+15,3.384318919458592645e-01
1.650513713959380250e+15,3.397703514501766997e-01
1.650513713961264250e+15,3.411086333693137407e-01
1.650513713963148250e+15,3.424469152884507261e-01
1.650513713965032250e+15,3.434183658323889388e-01
1.650513713966916500e+15,3.419269296612982845e-01
1.650513713968800500e+15,3.404356913721462985e-01
1.650513713970684500e+15,3.389444530829942570e-01
1.650513713972568750e+15,3.374530169119036582e-01
1.650513713974452750e+15,3.359617786227516167e-01
1.650513713976336750e+15,3.344705403335995753e-01
1.650513713978220750e+15,3.329793020444475893e-01
1.650513713980105000e+15,3.314878658733568795e-01
1.650513713981989000e+15,3.318968259301909862e-01
1.650513713983873000e+15,3.325151773191991622e-01
1.650513713985757000e+15,3.331335287082072272e-01
1.650513713987641250e+15,3.337519621502128553e-01
1.650513713989525250e+15,3.343703135392208647e-01
1.650513713991409250e+15,3.349886649282290407e-01
1.650513713993293250e+15,3.356070163172371057e-01
1.650513713995177500e+15,3.362254497592427338e-01
1.650513713997061500e+15,3.368438011482508543e-01
1.650513713998945500e+15,3.374621525372589748e-01
1.650513714000829750e+15,3.374757733348405786e-01
1.650513714002713750e+15,3.374757733348405786e-01
1.650513714004597750e+15,3.374757733348405786e-01
1.650513714006481750e+15,3.374757733348405786e-01
1.650513714008366000e+15,3.374757733348405786e-01
1.650513714010250000e+15,3.374757733348405786e-01
1.650513714012134000e+15,3.374757733348405786e-01
1.650513714014018000e+15,3.374757733348405786e-01
1.650513714015902250e+15,3.374757733348405786e-01
1.650513714017786250e+15,3.374757733348405786e-01
1.650513714019670250e+15,3.374757733348405786e-01
1.650513714021554250e+15,3.374757733348405231e-01
1.650513714023438500e+15,3.374757733348405231e-01
1.650513714025322500e+15,3.374757733348405786e-01
1.650513714027206500e+15,3.374757733348405786e-01
1.650513714029090750e+15,3.374757733348405786e-01
1.650513714030974750e+15,3.374757733348405786e-01
1.650513714032858750e+15,3.374757733348405231e-01
1.650513714034742750e+15,3.374757733348405786e-01
1.650513714036627000e+15,3.372286663061018763e-01
1.650513714038511000e+15,3.356233227125027807e-01
1.650513714040395000e+15,3.340179791189037961e-01
1.650513714042279000e+15,3.324126355253048115e-01
1.650513714044163250e+15,3.311567156207648743e-01
1.650513714046047250e+15,3.306048955235045828e-01
1.650513714047931250e+15,3.300530754262442912e-01
1.650513714049815250e+15,3.295012553289840551e-01
1.650513714051699500e+15,3.289493620071885505e-01
1.650513714053583500e+15,3.283975419099282589e-01
1.650513714055467500e+15,3.278457218126680228e-01
1.650513714057351750e+15,3.272938284908725182e-01
1.650513714059235750e+15,3.267420083936122266e-01
1.650513714061119750e+15,3.261901882963519350e-01
1.650513714063003750e+15,3.256383681990916434e-01
1.650513714064888000e+15,3.254404458420763757e-01
1.650513714066772000e+15,3.265516713748559119e-01
1.650513714068656000e+15,3.276628969076355036e-01
1.650513714070540000e+15,3.287741224404150397e-01
1.650513714072424250e+15,3.298854954288120145e-01
1.650513714074308250e+15,3.309967209615916062e-01
1.650513714076192250e+15,3.309857709559261840e-01
1.650513714078076250e+15,3.304735150416484579e-01
1.650513714079960500e+15,3.299611911528597674e-01
1.650513714081844500e+15,3.294489352385820413e-01
1.650513714083728500e+15,3.289366793243042597e-01
1.650513714085612750e+15,3.284243554355156247e-01
1.650513714087496750e+15,3.279120995212378986e-01
1.650513714089380750e+15,3.273998436069601725e-01
1.650513714091264750e+15,3.268875876926824464e-01
1.650513714093149000e+15,3.263752638038937559e-01
1.650513714095033000e+15,3.258630078896160298e-01
1.650513714096917000e+15,3.253507519753383037e-01
1.650513714098801000e+15,3.255249844449639718e-01
1.650513714100685250e+15,3.259750978607660610e-01
1.650513714102569250e+15,3.264251515560672168e-01
1.650513714104453250e+15,3.268752052513684281e-01
1.650513714106337250e+15,3.273252589466695839e-01
1.650513714108221500e+15,3.277753723624717286e-01
1.650513714110105500e+15,3.282254260577728844e-01
1.650513714111989500e+15,3.286754797530740402e-01
1.650513714113873750e+15,3.291255931688761849e-01
1.650513714115757750e+15,3.295756468641773407e-01
1.650513714117641750e+15,3.300257005594784965e-01
1.650513714119525750e+15,3.304757542547796523e-01
1.650513714121410000e+15,3.309258676705817970e-01
1.650513714123294000e+15,3.313398501832977572e-01
1.650513714125178000e+15,3.313398501832977572e-01
1.650513714127062000e+15,3.313398501832978127e-01
1.650513714128946250e+15,3.313398501832978127e-01
1.650513714130830250e+15,3.313398501832978127e-01
1.650513714132714250e+15,3.313398501832978127e-01
1.650513714134598250e+15,3.313398501832978127e-01
1.650513714136482500e+15,3.302133731408600781e-01
1.650513714138366500e+15,3.281776103130877309e-01
1.650513714140250500e+15,3.261418474853153837e-01
1.650513714142134750e+15,3.241058145191635376e-01
1.650513714144018750e+15,3.220700516913911904e-01
1.650513714145902750e+15,3.200342888636188432e-01
1.650513714147786750e+15,3.190680038802136687e-01
1.650513714149671000e+15,3.190680038802136131e-01
1.650513714151555000e+15,3.190680038802136131e-01
1.650513714153439000e+15,3.190680038802136131e-01
1.650513714155323000e+15,3.190680038802136131e-01
1.650513714157207250e+15,3.190680038802136131e-01
1.650513714159091250e+15,3.190680038802136131e-01
1.650513714160975250e+15,3.174978588344044006e-01
1.650513714162859250e+15,3.150536090791434818e-01
1.650513714164743500e+15,3.126090349807621460e-01
1.650513714166627500e+15,3.101647852255012272e-01
1.650513714168511500e+15,3.077205354702402529e-01
1.650513714170395750e+15,3.078993057095132380e-01
1.650513714172279750e+15,3.096730040934804751e-01
1.650513714174163750e+15,3.114467024774477122e-01
1.650513714176047750e+15,3.132204008614150048e-01
1.650513714177932000e+15,3.149943346087558660e-01
1.650513714179816000e+15,3.167680329927231031e-01
1.650513714181700000e+15,3.185417313766903957e-01
1.650513714183584000e+15,3.190680038802136131e-01
1.650513714185468250e+15,3.190680038802136131e-01
1.650513714187352250e+15,3.190680038802136131e-01
1.650513714189236250e+15,3.190680038802136131e-01
1.650513714191120250e+15,3.190680038802136131e-01
1.650513714193004500e+15,3.190680038802136131e-01
1.650513714194888500e+15,3.177331477643530744e-01
1.650513714196772500e+15,3.160356324607545564e-01
1.650513714198656750e+15,3.143378919030020979e-01
1.650513714200540750e+15,3.126403765994035799e-01
1.650513714202424750e+15,3.109428612958050619e-01
1.650513714204308750e+15,3.092453459922065440e-01
1.650513714206193000e+15,3.075476054344541410e-01
1.650513714208077000e+15,3.058500901308556230e-01
1.650513714209961000e+15,3.041525748272571050e-01
1.650513714211845000e+15,3.024550595236585315e-01
1.650513714213729250e+15,3.007573189659061841e-01
1.650513714215613250e+15,3.034423489113367012e-01
1.650513714217497250e+15,3.063932306516062853e-01
1.650513714219381250e+15,3.093441123918758695e-01
1.650513714221265500e+15,3.122953857035016823e-01
1.650513714223149500e+15,3.122679176183119631e-01
1.650513714225033500e+15,3.114210253679451368e-01
1.650513714226917750e+15,3.105740207380333628e-01
1.650513714228801750e+15,3.097271284876664810e-01
1.650513714230685750e+15,3.088802362372996546e-01
1.650513714232569750e+15,3.080333439869328283e-01
1.650513714234454000e+15,3.071863393570211098e-01
1.650513714236338000e+15,3.053851961462792364e-01
1.650513714238222000e+15,3.027688070363193651e-01
1.650513714240106000e+15,3.001524179263594938e-01
1.650513714241990250e+15,2.975356816310081864e-01
1.650513714243874250e+15,2.949192925210483152e-01
1.650513714245758250e+15,2.923029034110884439e-01
1.650513714247642250e+15,2.896865143011285726e-01
1.650513714249526500e+15,2.890215521753605188e-01
1.650513714251410500e+15,2.902778776894078261e-01
1.650513714253294500e+15,2.915342032034551889e-01
1.650513714255178750e+15,2.927906954273636897e-01
1.650513714257062750e+15,2.940470209414111080e-01
1.650513714258946750e+15,2.953033464554584153e-01
1.650513714260830750e+15,2.965596719695057226e-01
1.650513714262715000e+15,2.978161641934142789e-01
1.650513714264599000e+15,2.990724897074615862e-01
1.650513714266483000e+15,3.003288152215089490e-01
1.650513714268367000e+15,2.991008161184510183e-01
1.650513714270251250e+15,2.969823345429502548e-01
1.650513714272135250e+15,2.948641340450102732e-01
1.650513714274019250e+15,2.927459335470702917e-01
1.650513714275903250e+15,2.906277330491303657e-01
1.650513714277787500e+15,2.885092514736296021e-01
1.650513714279671500e+15,2.892192164364264517e-01
1.650513714281555500e+15,2.901003200353219347e-01
1.650513714283439500e+15,2.909814236342174731e-01
1.650513714285323750e+15,2.918626441523803905e-01
1.650513714287207750e+15,2.927437477512758734e-01
1.650513714289091750e+15,2.936248513501713564e-01
1.650513714290976000e+15,2.945060718683342738e-01
1.650513714292860000e+15,2.940246300322272854e-01
1.650513714294744000e+15,2.935143864226975041e-01
1.650513714296628000e+15,2.930041428131677228e-01
1.650513714298512250e+15,2.924938314961526564e-01
1.650513714300396250e+15,2.919835878866228751e-01
1.650513714302280250e+15,2.914733442770930938e-01
1.650513714304164250e+15,2.909631006675633125e-01
1.650513714306048500e+15,2.904527893505481906e-01
1.650513714307932500e+15,2.899425457410184093e-01
1.650513714309816500e+15,2.894323021314886279e-01
1.650513714311700500e+15,2.889220585219589021e-01
1.650513714313584750e+15,2.884117472049437803e-01
1.650513714315468750e+15,2.883883881225011714e-01
1.650513714317352750e+15,2.883883881225011159e-01
1.650513714319237000e+15,2.883883881225011159e-01
1.650513714321121000e+15,2.883883881225011159e-01
1.650513714323005000e+15,2.883883881225011159e-01
1.650513714324889000e+15,2.883883881225011159e-01
1.650513714326773250e+15,2.883883881225011159e-01
1.650513714328657250e+15,2.883883881225010604e-01
1.650513714330541250e+15,2.883883881225010049e-01
1.650513714332425250e+15,2.883883881225009493e-01
1.650513714334309500e+15,2.883883881225008938e-01
1.650513714336193500e+15,2.883883881225008938e-01
1.650513714338077500e+15,2.883883881225008383e-01
1.650513714339961500e+15,2.883883881225007828e-01
1.650513714341845750e+15,2.883883881225007273e-01
1.650513714343729750e+15,2.883883881225006718e-01
1.650513714345613750e+15,2.892834506528961791e-01
1.650513714347498000e+15,2.904278249177970617e-01
1.650513714349382000e+15,2.915720473485112763e-01
1.650513714351266000e+15,2.927162697792254908e-01
1.650513714353150000e+15,2.938604922099396499e-01
1.650513714355034250e+15,2.941623183428128674e-01
1.650513714356918250e+15,2.933003977330971290e-01
1.650513714358802250e+15,2.924384771233813907e-01
1.650513714360686250e+15,2.915765565136656523e-01
1.650513714362570500e+15,2.907145215301960017e-01
1.650513714364454500e+15,2.898526009204802634e-01
1.650513714366338500e+15,2.889906803107645250e-01
1.650513714368222500e+15,2.877070191001927513e-01
1.650513714370106750e+15,2.854446938485943885e-01
1.650513714371990750e+15,2.831826687595609959e-01
1.650513714373874750e+15,2.809206436705276033e-01
1.650513714375759000e+15,2.786583184189292406e-01
1.650513714377643000e+15,2.763962933298958480e-01
1.650513714379527000e+15,2.761165418194155841e-01
1.650513714381411000e+15,2.761165418194155841e-01
1.650513714383295250e+15,2.761165418194155841e-01
1.650513714385179250e+15,2.761165418194155841e-01
1.650513714387063250e+15,2.761165418194155841e-01
1.650513714388947250e+15,2.761165418194155841e-01
1.650513714390831500e+15,2.761165418194155841e-01
1.650513714392715500e+15,2.761165418194155841e-01
1.650513714394599500e+15,2.761165418194155841e-01
1.650513714396483500e+15,2.761165418194155841e-01
1.650513714398367750e+15,2.761165418194156396e-01
1.650513714400251750e+15,2.754206118491356325e-01
1.650513714402135750e+15,2.745498616821043791e-01
1.650513714404020000e+15,2.736789959696687702e-01
1.650513714405904000e+15,2.728082458026374613e-01
1.650513714407788000e+15,2.719374956356061523e-01
1.650513714409672000e+15,2.710667454685748989e-01
1.650513714411556250e+15,2.701958797561392900e-01
1.650513714413440250e+15,2.707301684533742203e-01
1.650513714415324250e+15,2.717258686443739801e-01
1.650513714417208250e+15,2.727215688353737399e-01
1.650513714419092500e+15,2.737174011521950612e-01
1.650513714420976500e+15,2.747131013431948210e-01
1.650513714422860500e+15,2.757088015341946363e-01
1.650513714424744500e+15,2.756220319305362487e-01
1.650513714426628750e+15,2.747844766423375162e-01
1.650513714428512750e+15,2.739470324799565537e-01
1.650513714430396750e+15,2.731095883175755912e-01
1.650513714432281000e+15,2.722720330293769697e-01
1.650513714434165000e+15,2.714345888669960072e-01
1.650513714436049000e+15,2.705971447046151002e-01
1.650513714437933000e+15,2.702348964804565656e-01
1.650513714439817250e+15,2.711989265978829167e-01
1.650513714441701250e+15,2.721628288089649184e-01
1.650513714443585250e+15,2.731267310200469201e-01
1.650513714445469250e+15,2.740906332311289773e-01
1.650513714447353500e+15,2.750546633485553283e-01
1.650513714449237500e+15,2.760185655596373300e-01
1.650513714451121500e+15,2.761165418194155841e-01
1.650513714453005500e+15,2.761165418194155841e-01
1.650513714454889750e+15,2.761165418194155841e-01
1.650513714456773750e+15,2.761165418194155841e-01
1.650513714458657750e+15,2.761165418194155841e-01
1.650513714460542000e+15,2.760130339281153256e-01
1.650513714462426000e+15,2.748522668613910813e-01
1.650513714464310000e+15,2.736914997946668926e-01
1.650513714466194000e+15,2.725307327279426484e-01
1.650513714468078250e+15,2.713698116316183295e-01
1.650513714469962250e+15,2.702090445648940298e-01
1.650513714471846250e+15,2.704961758976935915e-01
1.650513714473730250e+15,2.711380459264279841e-01
1.650513714475614500e+15,2.717800011289984718e-01
1.650513714477498500e+15,2.724218711577328644e-01
1.650513714479382500e+15,2.730637411864672570e-01
1.650513714481266500e+15,2.737056112152016496e-01
1.650513714483150750e+15,2.743475664177721374e-01
1.650513714485034750e+15,2.749894364465065855e-01
1.650513714486918750e+15,2.756313064752409780e-01
1.650513714488803000e+15,2.760029319075772980e-01
1.650513714490687000e+15,2.755376252251788838e-01
1.650513714492571000e+15,2.750723185427804696e-01
1.650513714494455000e+15,2.746070118603819998e-01
1.650513714496339250e+15,2.741416434334663088e-01
1.650513714498223250e+15,2.736763367510678946e-01
1.650513714500107250e+15,2.732110300686694249e-01
1.650513714501991250e+15,2.727457233862710106e-01
1.650513714503875500e+15,2.722803549593552641e-01
1.650513714505759500e+15,2.718150482769569054e-01
1.650513714507643500e+15,2.713497415945584357e-01
1.650513714509527500e+15,2.708844349121600215e-01
1.650513714511411750e+15,2.704190664852442749e-01
1.650513714513295750e+15,2.699806186678728182e-01
1.650513714515179750e+15,2.699806186678728182e-01
1.650513714517064000e+15,2.699806186678728182e-01
1.650513714518948000e+15,2.699806186678728182e-01
1.650513714520832000e+15,2.699806186678728182e-01
1.650513714522716000e+15,2.699806186678728182e-01
1.650513714524600250e+15,2.699806186678728182e-01
1.650513714526484250e+15,2.699806186678727626e-01
1.650513714528368250e+15,2.699806186678728182e-01
1.650513714530252250e+15,2.699806186678728182e-01
1.650513714532136500e+15,2.699806186678727626e-01
1.650513714534020500e+15,2.699806186678728182e-01
1.650513714535904500e+15,2.699806186678728182e-01
1.650513714537788500e+15,2.699806186678728182e-01
1.650513714539672750e+15,2.699806186678728182e-01
1.650513714541556750e+15,2.699806186678728182e-01
1.650513714543440750e+15,2.699806186678728182e-01
1.650513714545325000e+15,2.699806186678728182e-01
1.650513714547209000e+15,2.699806186678728182e-01
1.650513714549093000e+15,2.699806186678728182e-01
1.650513714550977000e+15,2.699806186678728182e-01
1.650513714552861250e+15,2.699806186678728182e-01
1.650513714554745250e+15,2.699806186678728182e-01
1.650513714556629250e+15,2.699806186678728182e-01
1.650513714558513250e+15,2.699806186678728182e-01
1.650513714560397500e+15,2.699806186678728182e-01
1.650513714562281500e+15,2.699806186678728182e-01
1.650513714564165500e+15,2.699806186678728182e-01
1.650513714566049500e+15,2.699806186678728182e-01
1.650513714567933750e+15,2.699806186678728182e-01
1.650513714569817750e+15,2.699806186678728182e-01
1.650513714571701750e+15,2.699806186678728182e-01
1.650513714573586000e+15,2.699806186678728182e-01
1.650513714575470000e+15,2.699806186678728182e-01
1.650513714577354000e+15,2.699806186678728737e-01
1.650513714579238000e+15,2.699806186678728182e-01
1.650513714581122250e+15,2.699806186678728182e-01
1.650513714583006250e+15,2.699806186678728182e-01
1.650513714584890250e+15,2.699806186678728182e-01
1.650513714586774250e+15,2.699806186678727626e-01
1.650513714588658500e+15,2.699806186678728182e-01
1.650513714590542500e+15,2.699806186678727626e-01
1.650513714592426500e+15,2.699806186678728182e-01
1.650513714594310500e+15,2.699806186678728182e-01
1.650513714596194750e+15,2.699806186678728182e-01
1.650513714598078750e+15,2.699806186678728182e-01
1.650513714599962750e+15,2.699806186678728182e-01
1.650513714601847000e+15,2.699806186678727626e-01
1.650513714603731000e+15,2.699806186678728182e-01
1.650513714605615000e+15,2.699806186678728182e-01
1.650513714607499000e+15,2.699806186678728182e-01
1.650513714609383250e+15,2.699806186678728737e-01
1.650513714611267250e+15,2.699806186678728182e-01
1.650513714613151250e+15,2.699806186678728182e-01
1.650513714615035250e+15,2.699806186678728182e-01
1.650513714616919500e+15,2.699806186678728182e-01
1.650513714618803500e+15,2.699806186678728182e-01
1.650513714620687500e+15,2.699806186678728737e-01
1.650513714622571500e+15,2.699806186678728182e-01
1.650513714624455750e+15,2.701789378671210495e-01
1.650513714626339750e+15,2.707393178766951958e-01
1.650513714628223750e+15,2.712996978862693420e-01
1.650513714630108000e+15,2.718601522562482109e-01
1.650513714631992000e+15,2.724205322658224127e-01
1.650513714633876000e+15,2.729809122753965589e-01
1.650513714635760000e+15,2.735412922849707051e-01
1.650513714637644250e+15,2.741017466549495740e-01
1.650513714639528250e+15,2.746621266645237758e-01
1.650513714641412250e+15,2.752225066740979775e-01
1.650513714643296250e+15,2.757828866836721238e-01
1.650513714645180500e+15,2.758915205899494238e-01
1.650513714647064500e+15,2.753355337095384492e-01
1.650513714648948500e+15,2.747795468291274190e-01
1.650513714650832500e+15,2.742235599487164444e-01
1.650513714652716750e+15,2.736674992908531001e-01
1.650513714654600750e+15,2.731115124104421255e-01
1.650513714656484750e+15,2.725555255300310953e-01
1.650513714658369000e+15,2.719994648721678066e-01
1.650513714660253000e+15,2.714434779917567764e-01
1.650513714662137000e+15,2.708874911113458017e-01
1.650513714664021000e+15,2.703315042309347715e-01
1.650513714665905250e+15,2.693351351497747515e-01
1.650513714667789250e+15,2.675859931891897969e-01
1.650513714669673250e+15,2.658368512286047869e-01
1.650513714671557250e+15,2.640877092680198324e-01
1.650513714673441500e+15,2.623383352026099624e-01
1.650513714675325500e+15,2.605891932420249524e-01
1.650513714677209500e+15,2.588400512814399979e-01
1.650513714679093500e+15,2.583306817247255083e-01
1.650513714680977750e+15,2.600915122453307249e-01
1.650513714682861750e+15,2.618521091410823676e-01
1.650513714684745750e+15,2.636127060368340658e-01
1.650513714686630000e+15,2.653735365574392824e-01
1.650513714688514000e+15,2.671341334531910361e-01
1.650513714690398000e+15,2.688947303489427343e-01
1.650513714692282000e+15,2.691835448075964865e-01
1.650513714694166250e+15,2.671033697089469916e-01
1.650513714696050250e+15,2.650234706054015454e-01
1.650513714697934250e+15,2.629435715018560438e-01
1.650513714699818250e+15,2.608636723983105421e-01
1.650513714701702500e+15,2.587834972996611027e-01
1.650513714703586500e+15,2.571481905837843529e-01
1.650513714705470500e+15,2.559882388260574237e-01
1.650513714707354500e+15,2.548282870683304946e-01
1.650513714709238750e+15,2.536681813891919490e-01
1.650513714711122750e+15,2.525082296314650754e-01
1.650513714713006750e+15,2.517549696436726103e-01
1.650513714714891000e+15,2.526957795711113341e-01
1.650513714716775000e+15,2.536364646730322470e-01
1.650513714718659000e+15,2.545771497749532708e-01
1.650513714720543000e+15,2.555178348768741836e-01
1.650513714722427250e+15,2.564586448043129074e-01
1.650513714724311250e+15,2.573993299062338203e-01
1.650513714726195250e+15,2.561976511328138972e-01
1.650513714728079250e+15,2.539457607622078728e-01
1.650513714729963500e+15,2.516935715738774504e-01
1.650513714731847500e+15,2.494416812032714259e-01
1.650513714733731500e+15,2.471897908326653737e-01
1.650513714735615500e+15,2.455769046375055331e-01
1.650513714737499750e+15,2.462086522577608960e-01
1.650513714739383750e+15,2.468403160585098122e-01
1.650513714741267750e+15,2.474719798592587283e-01
1.650513714743152000e+15,2.481037274795140912e-01
1.650513714745036000e+15,2.487353912802630074e-01
1.650513714746920000e+15,2.493670550810118958e-01
1.650513714748804000e+15,2.499987188817607842e-01
1.650513714750688250e+15,2.506304665020162026e-01
1.650513714752572250e+15,2.512621303027651187e-01
1.650513714754456250e+15,2.515728492132449645e-01
1.650513714756340250e+15,2.515728492132449645e-01
1.650513714758224500e+15,2.515728492132449645e-01
1.650513714760108500e+15,2.515728492132449645e-01
1.650513714761992500e+15,2.515728492132449645e-01
1.650513714763876500e+15,2.515728492132449645e-01
1.650513714765760750e+15,2.515728492132449645e-01
1.650513714767644750e+15,2.515728492132449645e-01
1.650513714769528750e+15,2.515728492132449645e-01
1.650513714771413000e+15,2.515728492132449645e-01
1.650513714773297000e+15,2.515728492132449645e-01
1.650513714775181000e+15,2.515728492132449645e-01
1.650513714777065000e+15,2.515728492132449645e-01
1.650513714778949250e+15,2.515728492132450200e-01
1.650513714780833250e+15,2.515728492132449645e-01
1.650513714782717250e+15,2.515728492132449645e-01
1.650513714784601250e+15,2.515728492132449645e-01
1.650513714786485500e+15,2.515728492132449645e-01
1.650513714788369500e+15,2.516135685735242933e-01
1.650513714790253500e+15,2.521069143919565936e-01
1.650513714792137500e+15,2.526002602103890049e-01
1.650513714794021750e+15,2.530936714940307808e-01
1.650513714795905750e+15,2.535870173124631366e-01
1.650513714797789750e+15,2.540803631308954369e-01
1.650513714799674000e+15,2.545737744145372128e-01
1.650513714801558000e+15,2.550671202329695686e-01
1.650513714803442000e+15,2.555604660514019244e-01
1.650513714805326000e+15,2.560538118698342247e-01
1.650513714807210250e+15,2.565472231534760006e-01
1.650513714809094250e+15,2.570405689719083564e-01
1.650513714810978250e+15,2.575339147903407122e-01
1.650513714812862250e+15,2.569942169709669155e-01
1.650513714814746500e+15,2.558872068983610859e-01
1.650513714816630500e+15,2.547803437025062956e-01
1.650513714818514500e+15,2.536734805066515053e-01
1.650513714820398500e+15,2.525666173107967150e-01
1.650513714822282750e+15,2.515728492132445759e-01
1.650513714824166750e+15,2.515728492132445759e-01
1.650513714826050750e+15,2.515728492132446314e-01
1.650513714827935000e+15,2.515728492132446870e-01
1.650513714829819000e+15,2.515728492132447425e-01
1.650513714831703000e+15,2.515728492132447980e-01
1.650513714833587000e+15,2.515728492132449090e-01
1.650513714835471250e+15,2.515728492132449645e-01
1.650513714837355250e+15,2.515728492132449645e-01
1.650513714839239250e+15,2.515728492132449090e-01
1.650513714841123250e+15,2.515728492132448535e-01
1.650513714843007500e+15,2.515728492132448535e-01
1.650513714844891500e+15,2.515728492132447980e-01
1.650513714846775500e+15,2.515728492132447425e-01
1.650513714848659500e+15,2.515728492132447425e-01
1.650513714850543750e+15,2.515728492132446870e-01
1.650513714852427750e+15,2.515728492132446314e-01
1.650513714854311750e+15,2.515728492132445759e-01
1.650513714856196000e+15,2.515728492132445759e-01
1.650513714858080000e+15,2.513504523949216529e-01
1.650513714859964000e+15,2.503960204912306642e-01
1.650513714861848000e+15,2.494415885875396754e-01
1.650513714863732250e+15,2.484870300341799898e-01
1.650513714865616250e+15,2.475325981304890566e-01
1.650513714867500250e+15,2.465781662267980678e-01
1.650513714869384250e+15,2.456237343231071069e-01
1.650513714871268500e+15,2.463992059329876139e-01
1.650513714873152500e+15,2.475954680758453430e-01
1.650513714875036500e+15,2.487917302187030999e-01
1.650513714876920500e+15,2.499879923615608013e-01
1.650513714878804750e+15,2.511844132440871902e-01
1.650513714880688750e+15,2.523806753869449193e-01
1.650513714882572750e+15,2.535769375298027040e-01
1.650513714884457000e+15,2.547733584123290651e-01
1.650513714886341000e+15,2.559696205551867387e-01
1.650513714888225000e+15,2.571658826980445234e-01
1.650513714890109000e+15,2.571126185622249483e-01
1.650513714891993250e+15,2.560209734674940840e-01
1.650513714893877250e+15,2.549294732109076977e-01
1.650513714895761250e+15,2.538379729543213115e-01
1.650513714897645250e+15,2.527464726977348697e-01
1.650513714899529500e+15,2.516548276030040610e-01
1.650513714901413500e+15,2.511162839176786510e-01
1.650513714903297500e+15,2.506226431619563710e-01
1.650513714905181500e+15,2.501290024062340356e-01
1.650513714907065750e+15,2.496352961461651976e-01
1.650513714908949750e+15,2.491416553904428621e-01
1.650513714910833750e+15,2.486480146347205822e-01
1.650513714912718000e+15,2.481543083746517164e-01
1.650513714914602000e+15,2.476606676189294087e-01
1.650513714916486000e+15,2.471670268632070733e-01
1.650513714918370000e+15,2.466733861074847933e-01
1.650513714920254250e+15,2.461796798474159276e-01
1.650513714922138250e+15,2.456860390916936199e-01
1.650513714924022250e+15,2.457261210660547923e-01
1.650513714925906250e+15,2.463099339652773390e-01
1.650513714927790500e+15,2.468938243343644645e-01
1.650513714929674500e+15,2.474776372335870112e-01
1.650513714931558500e+15,2.480614501328095578e-01
1.650513714933442500e+15,2.486452630320321044e-01
1.650513714935326750e+15,2.492291534011191745e-01
1.650513714937210750e+15,2.498129663003417211e-01
1.650513714939094750e+15,2.503967791995642678e-01
1.650513714940979000e+15,2.509806695686513933e-01
1.650513714942863000e+15,2.515644824678739400e-01
1.650513714944747000e+15,2.507585556884529554e-01
1.650513714946631000e+15,2.499324226778400770e-01
1.650513714948515250e+15,2.491061800423584605e-01
1.650513714950399250e+15,2.482800470317456099e-01
1.650513714952283250e+15,2.474539140211326482e-01
1.650513714954167250e+15,2.466277810105197976e-01
1.650513714956051500e+15,2.458015383750381810e-01
1.650513714957935500e+15,2.449754053644253304e-01
1.650513714959819500e+15,2.441492723538124243e-01
1.650513714961703500e+15,2.433231393431995460e-01
1.650513714963587750e+15,2.424968967077179294e-01
1.650513714965471750e+15,2.416707636971050510e-01
1.650513714967355750e+15,2.408446306864921449e-01
1.650513714969240000e+15,2.400183880510105561e-01
1.650513714971124000e+15,2.397205532111200688e-01
1.650513714973008000e+15,2.429077821103497736e-01
1.650513714974892000e+15,2.460950110095794785e-01
1.650513714976776250e+15,2.492826628425803270e-01
1.650513714978660250e+15,2.512346047750387834e-01
1.650513714980544250e+15,2.500328084118507155e-01
1.650513714982428250e+15,2.488310120486627031e-01
1.650513714984312500e+15,2.476290562114349392e-01
1.650513714986196500e+15,2.464272598482469268e-01
1.650513714988080500e+15,2.453474067181264928e-01
1.650513714989964500e+15,2.448386451998839919e-01
1.650513714991848750e+15,2.443298161708242766e-01
1.650513714993732750e+15,2.438210546525817479e-01
1.650513714995616750e+15,2.433122931343392747e-01
1.650513714997501000e+15,2.428034641052795317e-01
1.650513714999385000e+15,2.422947025870370585e-01
1.650513715001269000e+15,2.417859410687945299e-01
1.650513715003153000e+15,2.412771795505519734e-01
1.650513715005037250e+15,2.407683505214922859e-01
1.650513715006921250e+15,2.402595890032497850e-01
1.650513715008805250e+15,2.397508274850072563e-01
1.650513715010689250e+15,2.393614727569865763e-01
1.650513715012573500e+15,2.398835360279291118e-01
1.650513715014457500e+15,2.404055300321513988e-01
1.650513715016341500e+15,2.409275240363736026e-01
1.650513715018225500e+15,2.414495180405958896e-01
1.650513715020109750e+15,2.419715813115383973e-01
1.650513715021993750e+15,2.424935753157606289e-01
1.650513715023877750e+15,2.430155693199828604e-01
1.650513715025762000e+15,2.435376325909254236e-01
1.650513715027646000e+15,2.440596265951476829e-01
1.650513715029530000e+15,2.445816205993699144e-01
1.650513715031414000e+15,2.451036146035921459e-01
1.650513715033298250e+15,2.451191445772116784e-01
1.650513715035182250e+15,2.442403184241399572e-01
1.650513715037066250e+15,2.433614922710681805e-01
1.650513715038950250e+15,2.424826661179964593e-01
1.650513715040834500e+15,2.416037233478662283e-01
1.650513715042718500e+15,2.407248971947944516e-01
1.650513715044602500e+15,2.398460710417227026e-01
1.650513715046486500e+15,2.393010029101599045e-01
1.650513715048370750e+15,2.393010029101599878e-01
1.650513715050254750e+15,2.393010029101600711e-01
1.650513715052138750e+15,2.393010029101601543e-01
1.650513715054023000e+15,2.393010029101602654e-01
1.650513715055907000e+15,2.393010029101603209e-01
1.650513715057791000e+15,2.393010029101602376e-01
1.650513715059675000e+15,2.393010029101601543e-01
1.650513715061559250e+15,2.393010029101600711e-01
1.650513715063443250e+15,2.393010029101600156e-01
1.650513715065327250e+15,2.393010029101599601e-01
1.650513715067211250e+15,2.393010029101598768e-01
1.650513715069095500e+15,2.393010029101598768e-01
1.650513715070979500e+15,2.393010029101599323e-01
1.650513715072863500e+15,2.393010029101599878e-01
1.650513715074747500e+15,2.393010029101599878e-01
1.650513715076631750e+15,2.393010029101600433e-01
1.650513715078515750e+15,2.393010029101600988e-01
1.650513715080399750e+15,2.393010029101600988e-01
1.650513715082284000e+15,2.393010029101601543e-01
1.650513715084168000e+15,2.393010029101602099e-01
1.650513715086052000e+15,2.393010029101602099e-01
1.650513715087936000e+15,2.393010029101602654e-01
1.650513715089820250e+15,2.393010029101602931e-01
1.650513715091704250e+15,2.399508516463728092e-01
1.650513715093588250e+15,2.413048079848016669e-01
1.650513715095472250e+15,2.426587643232305802e-01
1.650513715097356500e+15,2.440129003267786367e-01
1.650513715099240500e+15,2.453668566652075222e-01
1.650513715101124500e+15,2.441866701923837701e-01
1.650513715103008500e+15,2.428681803755370627e-01
1.650513715104892750e+15,2.415495155998504950e-01
1.650513715106776750e+15,2.402310257830037599e-01
1.650513715108660750e+15,2.389125359661570247e-01
1.650513715110545000e+15,2.375938711904704848e-01
1.650513715112429000e+15,2.362753813736237496e-01
1.650513715114313000e+15,2.349568915567770144e-01
1.650513715116197000e+15,2.336384017399302793e-01
1.650513715118081250e+15,2.323197369642437116e-01
1.650513715119965250e+15,2.310012471473970042e-01
1.650513715121849250e+15,2.296827573305502690e-01
1.650513715123733250e+15,2.283642675137035061e-01
1.650513715125617500e+15,2.270456027380169661e-01
1.650513715127501500e+15,2.275513837353197455e-01
1.650513715129385500e+15,2.280802071212989501e-01
1.650513715131269500e+15,2.286090305072781825e-01
1.650513715133153750e+15,2.291379240662120564e-01
1.650513715135037750e+15,2.296667474521912611e-01
1.650513715136921750e+15,2.301955708381704935e-01
1.650513715138806000e+15,2.307244643971042841e-01
1.650513715140690000e+15,2.312532877830835165e-01
1.650513715142574000e+15,2.317821111690627212e-01
1.650513715144458000e+15,2.323109345550419813e-01
1.650513715146342250e+15,2.328398281139757997e-01
1.650513715148226250e+15,2.323781516833459126e-01
1.650513715150110250e+15,2.303339290100469561e-01
1.650513715151994250e+15,2.282897063367479440e-01
1.650513715153878500e+15,2.262452124024785238e-01
1.650513715155762500e+15,2.242009897291795673e-01
1.650513715157646500e+15,2.221567670558805829e-01
1.650513715159530500e+15,2.208932334555320509e-01
1.650513715161414750e+15,2.208932334555320232e-01
1.650513715163298750e+15,2.208932334555320232e-01
1.650513715165182750e+15,2.208932334555320232e-01
1.650513715167067000e+15,2.208932334555320509e-01
1.650513715168951000e+15,2.208932334555320232e-01
1.650513715170835000e+15,2.208932334555320232e-01
1.650513715172719000e+15,2.208932334555320232e-01
1.650513715174603250e+15,2.208932334555320509e-01
1.650513715176487250e+15,2.208932334555320509e-01
1.650513715178371250e+15,2.208932334555320232e-01
1.650513715180255250e+15,2.208932334555320787e-01
1.650513715182139500e+15,2.208932334555320787e-01
1.650513715184023500e+15,2.208932334555321342e-01
1.650513715185907500e+15,2.208932334555321619e-01
1.650513715187791500e+15,2.208932334555321897e-01
1.650513715189675750e+15,2.208932334555322452e-01
1.650513715191559750e+15,2.208932334555322730e-01
1.650513715193443750e+15,2.208932334555323007e-01
1.650513715195328000e+15,2.208932334555323562e-01
1.650513715197212000e+15,2.208932334555323840e-01
1.650513715199096000e+15,2.208932334555324395e-01
1.650513715200980000e+15,2.208932334555324395e-01
1.650513715202864250e+15,2.205785013142503581e-01
1.650513715204748250e+15,2.199956009906569032e-01
1.650513715206632250e+15,2.194127006670634206e-01
1.650513715208516250e+15,2.188298003434699379e-01
1.650513715210400500e+15,2.182468226711074266e-01
1.650513715212284500e+15,2.176639223475139717e-01
1.650513715214168500e+15,2.170810220239204891e-01
1.650513715216052500e+15,2.164981217003270064e-01
1.650513715217936750e+15,2.159151440279644951e-01
1.650513715219820750e+15,2.153322437043710125e-01
1.650513715221704750e+15,2.147697492916418593e-01
1.650513715223589000e+15,2.156799691938850461e-01
1.650513715225473000e+15,2.165900683292578122e-01
1.650513715227357000e+15,2.175001674646305783e-01
1.650513715229241000e+15,2.184102666000033444e-01
1.650513715231125250e+15,2.193204865022465311e-01
1.650513715233009250e+15,2.202305856376192694e-01
1.650513715234893250e+15,2.208932334555320232e-01
1.650513715236777250e+15,2.208932334555320232e-01
1.650513715238661500e+15,2.208932334555320232e-01
1.650513715240545500e+15,2.208932334555320232e-01
1.650513715242429500e+15,2.208932334555320232e-01
1.650513715244313500e+15,2.208932334555320232e-01
1.650513715246197750e+15,2.208932334555320232e-01
1.650513715248081750e+15,2.208932334555320232e-01
1.650513715249965750e+15,2.208932334555320509e-01
1.650513715251850000e+15,2.208932334555320232e-01
1.650513715253734000e+15,2.208932334555320232e-01
1.650513715255618000e+15,2.201330346968039531e-01
1.650513715257502000e+15,2.192581327655616363e-01
1.650513715259386250e+15,2.183831147379908799e-01
1.650513715261270250e+15,2.175082128067485354e-01
1.650513715263154250e+15,2.166333108755061909e-01
1.650513715265038250e+15,2.157584089442638464e-01
1.650513715266922500e+15,2.148833909166930622e-01
1.650513715268806500e+15,2.147573103039901454e-01
1.650513715270690500e+15,2.147573103039901177e-01
1.650513715272574500e+15,2.147573103039901454e-01
1.650513715274458750e+15,2.147573103039901454e-01
1.650513715276342750e+15,2.147573103039901454e-01
1.650513715278226750e+15,2.147573103039901454e-01
1.650513715280111000e+15,2.145333254485867758e-01
1.650513715281995000e+15,2.139930085886892763e-01
1.650513715283879000e+15,2.134526917287918324e-01
1.650513715285763000e+15,2.129123748688943329e-01
1.650513715287647250e+15,2.123719863108997075e-01
1.650513715289531250e+15,2.118316694510022635e-01
1.650513715291415250e+15,2.112913525911047641e-01
1.650513715293299250e+15,2.107510357312072924e-01
1.650513715295183500e+15,2.102106471732127224e-01
1.650513715297067500e+15,2.096703303133152230e-01
1.650513715298951500e+15,2.091300134534177513e-01
1.650513715300835500e+15,2.086894272435909081e-01
1.650513715302719750e+15,2.098496493407603081e-01
1.650513715304603750e+15,2.110097175010718640e-01
1.650513715306487750e+15,2.121697856613834476e-01
1.650513715308372000e+15,2.133300077585528198e-01
1.650513715310256000e+15,2.144900759188644312e-01
1.650513715312140000e+15,2.138874346127753179e-01
1.650513715314024000e+15,2.127571961284670798e-01
1.650513715315908250e+15,2.116268076655913877e-01
1.650513715317792250e+15,2.104965691812831219e-01
1.650513715319676250e+15,2.093663306969748561e-01
1.650513715321560250e+15,2.086213871524473518e-01
1.650513715323444500e+15,2.086213871524473795e-01
1.650513715325328500e+15,2.086213871524473518e-01
1.650513715327212500e+15,2.086213871524473795e-01
1.650513715329096500e+15,2.086213871524473795e-01
1.650513715330980750e+15,2.086213871524473795e-01
1.650513715332864750e+15,2.086213871524473795e-01
1.650513715334748750e+15,2.086213871524473518e-01
1.650513715336633000e+15,2.086213871524473795e-01
1.650513715338517000e+15,2.086213871524473795e-01
1.650513715340401000e+15,2.086213871524473795e-01
1.650513715342285000e+15,2.086213871524473795e-01
1.650513715344169250e+15,2.086213871524473795e-01
1.650513715346053250e+15,2.086213871524473795e-01
1.650513715347937250e+15,2.086213871524473795e-01
1.650513715349821250e+15,2.086213871524473795e-01
1.650513715351705500e+15,2.086213871524473795e-01
1.650513715353589500e+15,2.086213871524473795e-01
1.650513715355473500e+15,2.086213871524473795e-01
1.650513715357357500e+15,2.086213871524474073e-01
1.650513715359241750e+15,2.086213871524474073e-01
1.650513715361125750e+15,2.086213871524473795e-01
1.650513715363009750e+15,2.086213871524473795e-01
1.650513715364894000e+15,2.086213871524473795e-01
1.650513715366778000e+15,2.086213871524474073e-01
1.650513715368662000e+15,2.079900022776590418e-01
1.650513715370546000e+15,2.069391815143187818e-01
1.650513715372430250e+15,2.058882213108559345e-01
1.650513715374314250e+15,2.048374005475156745e-01
1.650513715376198250e+15,2.037865797841753590e-01
1.650513715378082250e+15,2.027357590208350713e-01
1.650513715379966500e+15,2.032570230131715006e-01
1.650513715381850500e+15,2.042696438275991289e-01
1.650513715383734500e+15,2.052822646420267572e-01
1.650513715385618500e+15,2.062948854564543577e-01
1.650513715387502750e+15,2.073076406420091555e-01
1.650513715389386750e+15,2.083202614564368116e-01
1.650513715391270750e+15,2.093328822708644399e-01
1.650513715393155000e+15,2.103456374564192377e-01
1.650513715395039000e+15,2.113582582708468383e-01
1.650513715396923000e+15,2.123708790852744666e-01
1.650513715398807000e+15,2.133834998997020949e-01
1.650513715400691250e+15,2.143962550852568927e-01
1.650513715402575250e+15,2.142489537675993372e-01
1.650513715404459250e+15,2.134588991463920171e-01
1.650513715406343250e+15,2.126688445251846693e-01
1.650513715408227500e+15,2.118786850665806964e-01
1.650513715410111500e+15,2.110886304453733209e-01
1.650513715411995500e+15,2.102985758241660008e-01
1.650513715413879500e+15,2.095085212029586530e-01
1.650513715415763750e+15,2.087183617443546801e-01
1.650513715417647750e+15,2.102984413923529583e-01
1.650513715419531750e+15,2.122101462406257577e-01
1.650513715421416000e+15,2.141221047652319409e-01
1.650513715423300000e+15,2.140984121968924070e-01
1.650513715425184000e+15,2.131116363353895982e-01
1.650513715427068000e+15,2.121248604738867616e-01
1.650513715428952250e+15,2.111379536707888027e-01
1.650513715430836250e+15,2.101511778092859661e-01
1.650513715432720250e+15,2.091644019477831851e-01
1.650513715434604250e+15,2.081776260862803762e-01
1.650513715436488500e+15,2.071907192831823619e-01
1.650513715438372500e+15,2.062039434216795808e-01
1.650513715440256500e+15,2.052171675601767720e-01
1.650513715442140500e+15,2.042303916986739631e-01
1.650513715444024750e+15,2.032434848955759488e-01
1.650513715445908750e+15,2.024854640009050577e-01
1.650513715447792750e+15,2.024854640009050022e-01
1.650513715449677000e+15,2.024854640009049189e-01
1.650513715451561000e+15,2.024854640009048634e-01
1.650513715453445000e+15,2.024854640009047801e-01
1.650513715455329000e+15,2.024854640009047246e-01
1.650513715457213250e+15,2.024854640009046691e-01
1.650513715459097250e+15,2.031801245204545026e-01
1.650513715460981250e+15,2.053936389709103971e-01
1.650513715462865250e+15,2.076071534213662362e-01
1.650513715464749500e+15,2.098209615972003450e-01
1.650513715466633500e+15,2.120344760476561841e-01
1.650513715468517500e+15,2.142479904981120509e-01
1.650513715470401500e+15,2.128498614117235732e-01
1.650513715472285750e+15,2.103720188917292955e-01
1.650513715474169750e+15,2.078945051288691448e-01
1.650513715476053750e+15,2.054169913660090496e-01
1.650513715477938000e+15,2.029391488460147719e-01
1.650513715479822000e+15,2.032461523954777471e-01
1.650513715481706000e+15,2.041773654788922032e-01
1.650513715483590000e+15,2.051085785623066871e-01
1.650513715485474250e+15,2.060399152143362889e-01
1.650513715487358250e+15,2.069711282977507727e-01
1.650513715489242250e+15,2.079023413811652565e-01
1.650513715491126250e+15,2.075964649745356549e-01
1.650513715493010500e+15,2.030974326769658389e-01
1.650513715494894500e+15,1.985989973055334035e-01
1.650513715496778500e+15,1.941005619341009680e-01
1.650513715498662500e+15,1.896021265626685326e-01
1.650513715500546750e+15,1.851030942650986888e-01
1.650513715502430750e+15,1.806046588936662811e-01
1.650513715504314750e+15,1.781571984555090082e-01
1.650513715506199000e+15,1.786852224415474422e-01
1.650513715508083000e+15,1.792131763700051117e-01
1.650513715509967000e+15,1.797411302984627535e-01
1.650513715511851000e+15,1.802690842269204230e-01
1.650513715513735250e+15,1.807971082129588292e-01
1.650513715515619250e+15,1.813250621414164987e-01
1.650513715517503250e+15,1.818530160698741960e-01
1.650513715519387250e+15,1.823809699983318378e-01
1.650513715521271500e+15,1.829089939843702162e-01
1.650513715523155500e+15,1.834369479128279135e-01
1.650513715525039500e+15,1.839649018412855830e-01
1.650513715526923500e+15,1.840776945462772318e-01
1.650513715528807750e+15,1.840776945462772041e-01
1.650513715530691750e+15,1.840776945462772041e-01
1.650513715532575750e+15,1.840776945462772041e-01
1.650513715534460000e+15,1.840776945462772041e-01
1.650513715536344000e+15,1.840776945462772041e-01
1.650513715538228000e+15,1.840776945462772041e-01
1.650513715540112000e+15,1.840776945462772041e-01
1.650513715541996250e+15,1.840776945462772041e-01
1.650513715543880250e+15,1.840776945462772041e-01
1.650513715545764250e+15,1.840776945462772041e-01
1.650513715547648250e+15,1.840776945462772041e-01
1.650513715549532500e+15,1.838568178656408425e-01
1.650513715551416500e+15,1.832071197136986851e-01
1.650513715553300500e+15,1.825574215617565277e-01
1.650513715555184500e+15,1.819077234098144258e-01
1.650513715557068750e+15,1.812579390452724870e-01
1.650513715558952750e+15,1.806082408933303296e-01
1.650513715560836750e+15,1.799585427413881999e-01
1.650513715562721000e+15,1.793087583768462612e-01
1.650513715564605000e+15,1.786590602249041315e-01
1.650513715566489000e+15,1.780093620729619741e-01
1.650513715568373000e+15,1.779417713947344382e-01
1.650513715570257250e+15,1.779417713947344382e-01
1.650513715572141250e+15,1.779417713947344382e-01
1.650513715574025250e+15,1.779417713947344382e-01
1.650513715575909250e+15,1.779417713947344382e-01
1.650513715577793500e+15,1.779417713947344382e-01
1.650513715579677500e+15,1.788052000257624730e-01
1.650513715581561500e+15,1.800205153345834364e-01
1.650513715583445500e+15,1.812358306434043997e-01
1.650513715585329750e+15,1.824513072201803254e-01
1.650513715587213750e+15,1.836666225290012888e-01
1.650513715589097750e+15,1.840776945462763714e-01
1.650513715590982000e+15,1.840776945462764269e-01
1.650513715592866000e+15,1.840776945462764824e-01
1.650513715594750000e+15,1.840776945462765934e-01
1.650513715596634000e+15,1.840776945462766490e-01
1.650513715598518250e+15,1.840776945462767322e-01
1.650513715600402250e+15,1.834646040239873988e-01
1.650513715602286250e+15,1.827083018180661877e-01
1.650513715604170250e+15,1.819519996121449767e-01
1.650513715606054500e+15,1.811955970476507860e-01
1.650513715607938500e+15,1.804392948417295750e-01
1.650513715609822500e+15,1.796829926358083640e-01
1.650513715611706500e+15,1.789266904298871530e-01
1.650513715613590750e+15,1.781702878653929623e-01
1.650513715615474750e+15,1.779417713947344104e-01
1.650513715617358750e+15,1.779417713947343826e-01
1.650513715619243000e+15,1.779417713947343271e-01
1.650513715621127000e+15,1.779417713947342716e-01
1.650513715623011000e+15,1.779417713947342439e-01
1.650513715624895000e+15,1.779417713947342161e-01
1.650513715626779250e+15,1.779417713947341606e-01
1.650513715628663250e+15,1.779417713947341606e-01
1.650513715630547250e+15,1.779417713947341051e-01
1.650513715632431250e+15,1.779417713947340496e-01
1.650513715634315500e+15,1.779417713947339941e-01
1.650513715636199500e+15,1.779417713947340496e-01
1.650513715638083500e+15,1.779417713947341328e-01
1.650513715639967500e+15,1.779417713947342161e-01
1.650513715641851750e+15,1.779417713947343271e-01
1.650513715643735750e+15,1.779417713947344104e-01
1.650513715645619750e+15,1.779417713947344382e-01
1.650513715647504000e+15,1.779417713947344382e-01
1.650513715649388000e+15,1.779417713947344382e-01
1.650513715651272000e+15,1.779417713947344382e-01
1.650513715653156000e+15,1.779417713947344382e-01
1.650513715655040250e+15,1.779417713947344382e-01
1.650513715656924250e+15,1.779417713947344382e-01
1.650513715658808250e+15,1.779417713947344382e-01
1.650513715660692250e+15,1.779417713947344382e-01
1.650513715662576500e+15,1.779417713947344382e-01
1.650513715664460500e+15,1.779417713947344382e-01
1.650513715666344500e+15,1.779417713947344382e-01
1.650513715668228500e+15,1.779417713947344382e-01
1.650513715670112750e+15,1.779417713947343826e-01
1.650513715671996750e+15,1.779417713947342994e-01
1.650513715673880750e+15,1.779417713947342161e-01
1.650513715675765000e+15,1.779417713947341051e-01
1.650513715677649000e+15,1.779417713947340218e-01
1.650513715679533000e+15,1.785693626117207666e-01
1.650513715681417000e+15,1.795571502915896678e-01
1.650513715683301250e+15,1.805450690473184294e-01
1.650513715685185250e+15,1.815328567271873306e-01
1.650513715687069250e+15,1.825206444070562317e-01
1.650513715688953250e+15,1.835084320869251329e-01
1.650513715690837500e+15,1.840776945462763159e-01
1.650513715692721500e+15,1.840776945462762881e-01
1.650513715694605500e+15,1.840776945462763159e-01
1.650513715696489500e+15,1.840776945462763159e-01
1.650513715698373750e+15,1.840776945462763159e-01
1.650513715700257750e+15,1.840776945462763159e-01
1.650513715702141750e+15,1.840776945462763159e-01
1.650513715704026000e+15,1.840776945462763159e-01
1.650513715705910000e+15,1.840776945462763159e-01
1.650513715707794000e+15,1.840776945462763159e-01
1.650513715709678000e+15,1.840776945462763159e-01
1.650513715711562250e+15,1.840776945462763159e-01
1.650513715713446250e+15,1.840776945462763159e-01
1.650513715715330250e+15,1.840776945462762881e-01
1.650513715717214250e+15,1.840776945462763159e-01
1.650513715719098500e+15,1.840776945462763159e-01
1.650513715720982500e+15,1.840776945462763714e-01
1.650513715722866500e+15,1.840776945462765102e-01
1.650513715724750500e+15,1.840776945462766490e-01
1.650513715726634750e+15,1.840776945462768155e-01
1.650513715728518750e+15,1.840776945462769820e-01
1.650513715730402750e+15,1.840776945462771486e-01
1.650513715732287000e+15,1.840776945462772873e-01
1.650513715734171000e+15,1.840776945462774539e-01
1.650513715736055000e+15,1.840776945462775926e-01
1.650513715737939000e+15,1.840776945462777592e-01
1.650513715739823250e+15,1.840776945462779257e-01
1.650513715741707250e+15,1.840776945462780922e-01
1.650513715743591250e+15,1.833188891664992437e-01
1.650513715745475250e+15,1.824964589432843121e-01
1.650513715747359500e+15,1.816739195865471890e-01
1.650513715749243500e+15,1.808514893633322851e-01
1.650513715751127500e+15,1.800290591401173534e-01
1.650513715753011500e+15,1.792066289169023663e-01
1.650513715754895750e+15,1.783840895601652987e-01
1.650513715756779750e+15,1.779417713947339941e-01
1.650513715758663750e+15,1.779417713947340218e-01
1.650513715760548000e+15,1.779417713947340218e-01
1.650513715762432000e+15,1.779417713947339941e-01
1.650513715764316000e+15,1.779417713947339941e-01
1.650513715766200000e+15,1.779417713947339941e-01
1.650513715768084250e+15,1.779417713947339941e-01
1.650513715769968250e+15,1.779417713947340218e-01
1.650513715771852250e+15,1.779417713947339941e-01
1.650513715773736250e+15,1.779417713947339941e-01
1.650513715775620500e+15,1.772881391316159516e-01
1.650513715777504500e+15,1.762889965890484523e-01
1.650513715779388500e+15,1.752898540464809807e-01
1.650513715781272500e+15,1.742907115039135091e-01
1.650513715783156750e+15,1.732914363787368683e-01
1.650513715785040750e+15,1.722922938361693967e-01
1.650513715786924750e+15,1.722326039055481206e-01
1.650513715788809000e+15,1.730643746392384053e-01
1.650513715790693000e+15,1.738960350145986600e-01
1.650513715792577000e+15,1.747276953899589147e-01
1.650513715794461000e+15,1.755593557653191694e-01
1.650513715796345250e+15,1.763911264990094541e-01
1.650513715798229250e+15,1.772227868743697088e-01
1.650513715800113250e+15,1.778276588712790762e-01
1.650513715801997250e+15,1.769853944474171215e-01
1.650513715803881500e+15,1.761430182581061876e-01
1.650513715805765500e+15,1.753007538342442606e-01
1.650513715807649500e+15,1.744584894103823336e-01
1.650513715809533500e+15,1.736162249865204343e-01
1.650513715811417750e+15,1.727738487972094727e-01
1.650513715813301750e+15,1.719315843733475735e-01
1.650513715815185750e+15,1.718058482431929213e-01
1.650513715817070000e+15,1.718058482431928380e-01
1.650513715818954000e+15,1.718058482431927270e-01
1.650513715820838000e+15,1.718058482431926437e-01
1.650513715822722000e+15,1.718058482431925604e-01
1.650513715824606250e+15,1.718058482431924494e-01
1.650513715826490250e+15,1.718058482431923661e-01
1.650513715828374250e+15,1.718058482431922829e-01
1.650513715830258250e+15,1.718058482431921719e-01
1.650513715832142500e+15,1.720850034581712928e-01
1.650513715834026500e+15,1.732345737860855606e-01
1.650513715835910500e+15,1.743841441139998005e-01
1.650513715837794500e+15,1.755337144419140682e-01
1.650513715839678750e+15,1.766834373136616232e-01
1.650513715841562750e+15,1.778330076415758909e-01
1.650513715843446750e+15,1.774396436401890764e-01
1.650513715845331000e+15,1.768849701994726353e-01
1.650513715847215000e+15,1.763303703521541810e-01
1.650513715849099000e+15,1.757757705048357266e-01
1.650513715850983000e+15,1.752211706575173000e-01
1.650513715852867250e+15,1.746664972168008312e-01
1.650513715854751250e+15,1.741118973694824046e-01
1.650513715856635250e+15,1.735572975221639225e-01
1.650513715858519250e+15,1.730026976748454959e-01
1.650513715860403500e+15,1.724480242341290270e-01
1.650513715862287500e+15,1.718934243868106004e-01
1.650513715864171500e+15,1.710552397090011334e-01
1.650513715866055500e+15,1.701638772895773810e-01
1.650513715867939750e+15,1.692723965895778226e-01
1.650513715869823750e+15,1.683810341701540980e-01
1.650513715871707750e+15,1.674896717507303456e-01
1.650513715873592000e+15,1.665981910507307873e-01
1.650513715875476000e+15,1.657068286313070071e-01
1.650513715877360000e+15,1.664331647921580282e-01
1.650513715879244000e+15,1.672293683335524528e-01
1.650513715881128250e+15,1.680256775282830684e-01
1.650513715883012250e+15,1.688218810696775207e-01
1.650513715884896250e+15,1.696180846110719176e-01
1.650513715886780250e+15,1.704142881524663700e-01
1.650513715888664500e+15,1.712105973471969578e-01
1.650513715890548500e+15,1.718058482431916723e-01
1.650513715892432500e+15,1.718058482431916723e-01
1.650513715894316500e+15,1.718058482431916723e-01
1.650513715896200750e+15,1.718058482431916723e-01
1.650513715898084750e+15,1.718058482431916723e-01
1.650513715899968750e+15,1.718058482431916723e-01
1.650513715901853000e+15,1.718058482431916723e-01
1.650513715903737000e+15,1.718058482431916723e-01
1.650513715905621000e+15,1.718058482431916445e-01
1.650513715907505000e+15,1.718058482431917000e-01
1.650513715909389250e+15,1.718058482431916723e-01
1.650513715911273250e+15,1.718058482431916723e-01
1.650513715913157250e+15,1.718058482431917278e-01
1.650513715915041250e+15,1.718058482431918388e-01
1.650513715916925500e+15,1.718058482431918943e-01
1.650513715918809500e+15,1.718058482431919776e-01
1.650513715920693500e+15,1.718058482431920886e-01
1.650513715922577500e+15,1.713095240283658283e-01
1.650513715924461750e+15,1.704635729638824815e-01
1.650513715926345750e+15,1.696177341391582050e-01
1.650513715928229750e+15,1.687718953144339284e-01
1.650513715930114000e+15,1.679259442499505539e-01
1.650513715931998000e+15,1.670801054252262774e-01
1.650513715933882000e+15,1.662342666005020009e-01
1.650513715935766000e+15,1.656699250916493504e-01
1.650513715937650250e+15,1.656699250916493504e-01
1.650513715939534250e+15,1.656699250916493504e-01
1.650513715941418250e+15,1.656699250916493504e-01
1.650513715943302250e+15,1.656699250916493504e-01
1.650513715945186500e+15,1.656699250916493504e-01
1.650513715947070500e+15,1.656699250916493504e-01
1.650513715948954500e+15,1.656699250916493504e-01
1.650513715950838500e+15,1.656699250916493504e-01
1.650513715952722750e+15,1.656699250916493504e-01
1.650513715954606750e+15,1.656699250916493504e-01
1.650513715956490750e+15,1.656699250916493504e-01
1.650513715958375000e+15,1.656699250916493504e-01
1.650513715960259000e+15,1.656699250916493504e-01
1.650513715962143000e+15,1.656699250916493504e-01
1.650513715964027000e+15,1.656699250916493504e-01
1.650513715965911250e+15,1.649229745311087680e-01
1.650513715967795250e+15,1.639849609626645721e-01
1.650513715969679250e+15,1.630469473942203207e-01
1.650513715971563250e+15,1.621089338257761248e-01
1.650513715973447500e+15,1.611707957863169893e-01
1.650513715975331500e+15,1.602327822178727657e-01
1.650513715977215500e+15,1.595340019401065568e-01
1.650513715979099500e+15,1.595340019401064735e-01
1.650513715980983750e+15,1.595340019401064180e-01
1.650513715982867750e+15,1.595340019401063347e-01
1.650513715984751750e+15,1.595340019401062515e-01
1.650513715986636000e+15,1.595340019401061682e-01
1.650513715988520000e+15,1.595340019401061682e-01
1.650513715990404000e+15,1.595340019401061959e-01
1.650513715992288000e+15,1.595340019401062237e-01
1.650513715994172250e+15,1.595340019401062792e-01
1.650513715996056250e+15,1.595340019401063070e-01
1.650513715997940250e+15,1.595340019401063625e-01
1.650513715999824250e+15,1.595340019401064180e-01
1.650513716001708500e+15,1.595340019401064457e-01
1.650513716003592500e+15,1.595340019401064735e-01
1.650513716005476500e+15,1.595340019401065013e-01
1.650513716007360500e+15,1.595340019401065568e-01
1.650513716009244750e+15,1.595340019401065845e-01
1.650513716011128750e+15,1.595340019401065568e-01
1.650513716013012750e+15,1.595340019401065845e-01
1.650513716014897000e+15,1.595340019401065845e-01
1.650513716016781000e+15,1.595340019401065845e-01
1.650513716018665000e+15,1.595340019401065845e-01
1.650513716020549000e+15,1.595340019401065845e-01
1.650513716022433250e+15,1.595340019401065845e-01
1.650513716024317250e+15,1.595340019401065568e-01
1.650513716026201250e+15,1.595340019401065290e-01
1.650513716028085250e+15,1.595340019401064735e-01
1.650513716029969500e+15,1.595340019401064180e-01
1.650513716031853500e+15,1.595340019401064180e-01
1.650513716033737500e+15,1.595340019401063625e-01
1.650513716035621500e+15,1.595340019401063347e-01
1.650513716037505750e+15,1.595340019401063070e-01
1.650513716039389750e+15,1.595340019401062515e-01
1.650513716041273750e+15,1.595340019401062515e-01
1.650513716043158000e+15,1.595340019401061959e-01
1.650513716045042000e+15,1.595340019401061682e-01
1.650513716046926000e+15,1.589779339044975204e-01
1.650513716048810000e+15,1.579744548057555598e-01
1.650513716050694250e+15,1.569708425489590997e-01
1.650513716052578250e+15,1.559673634502171669e-01
1.650513716054462250e+15,1.549638843514751785e-01
1.650513716056346250e+15,1.539604052527332456e-01
1.650513716058230500e+15,1.537514755442843939e-01
1.650513716060114500e+15,1.545550959278441938e-01
1.650513716061998500e+15,1.553587163114039382e-01
1.650513716063882500e+15,1.561623366949637104e-01
1.650513716065766750e+15,1.569660637160478767e-01
1.650513716067650750e+15,1.577696840996076488e-01
1.650513716069534750e+15,1.585733044831674210e-01
1.650513716071419000e+15,1.593770315042515595e-01
1.650513716073303000e+15,1.576754485939047268e-01
1.650513716075187000e+15,1.553657424565409173e-01
1.650513716077071000e+15,1.530560363191771356e-01
1.650513716078955250e+15,1.507460236921454588e-01
1.650513716080839250e+15,1.484363175547816771e-01
1.650513716082723250e+15,1.482471467668509957e-01
1.650513716084607250e+15,1.502506267005609131e-01
1.650513716086491500e+15,1.522543724888267835e-01
1.650513716088375500e+15,1.542578524225366732e-01
1.650513716090259500e+15,1.562613323562465906e-01
1.650513716092143500e+15,1.582648122899565080e-01
1.650513716094027750e+15,1.587812466045363802e-01
1.650513716095911750e+15,1.567281289031766112e-01
1.650513716097795750e+15,1.546750112018168422e-01
1.650513716099680000e+15,1.526216210591485323e-01
1.650513716101564000e+15,1.505685033577887633e-01
1.650513716103448000e+15,1.485153856564290220e-01
1.650513716105332000e+15,1.481035881626137363e-01
1.650513716107216250e+15,1.502636279941493291e-01
1.650513716109100250e+15,1.524233812342253025e-01
1.650513716110984250e+15,1.545831344743012759e-01
1.650513716112868250e+15,1.567428877143772215e-01
1.650513716114752500e+15,1.589029275459128698e-01
1.650513716116636500e+15,1.580258914392163871e-01
1.650513716118520500e+15,1.558951976381829918e-01
1.650513716120404500e+15,1.537645038371496242e-01
1.650513716122288750e+15,1.516335273007392570e-01
1.650513716124172750e+15,1.495028334997058894e-01
1.650513716126056750e+15,1.473721396986725218e-01
1.650513716127941000e+15,1.461020948380576390e-01
1.650513716129825000e+15,1.448790648742926956e-01
1.650513716131709000e+15,1.436560349105277523e-01
1.650513716133593000e+15,1.424330049467628367e-01
1.650513716135477250e+15,1.412098126913360341e-01
1.650513716137361250e+15,1.399867827275710908e-01
1.650513716139245250e+15,1.387637527638061752e-01
1.650513716141129250e+15,1.375407228000412319e-01
1.650513716143013500e+15,1.363175305446144292e-01
1.650513716144897500e+15,1.350945005808494859e-01
1.650513716146781500e+15,1.349903093339364091e-01
1.650513716148665500e+15,1.349903093339364091e-01
1.650513716150549750e+15,1.349903093339364091e-01
1.650513716152433750e+15,1.349903093339364091e-01
1.650513716154317750e+15,1.349903093339364091e-01
1.650513716156202000e+15,1.349903093339364091e-01
1.650513716158086000e+15,1.349903093339364091e-01
1.650513716159970000e+15,1.349903093339364091e-01
1.650513716161854000e+15,1.349903093339364091e-01
1.650513716163738250e+15,1.349903093339364091e-01
1.650513716165622250e+15,1.349903093339364091e-01
1.650513716167506250e+15,1.349903093339364091e-01
1.650513716169390250e+15,1.349903093339364091e-01
1.650513716171274500e+15,1.349903093339364091e-01
1.650513716173158500e+15,1.349903093339364091e-01
1.650513716175042500e+15,1.349903093339364091e-01
1.650513716176926500e+15,1.349903093339364091e-01
1.650513716178810750e+15,1.349903093339364091e-01
1.650513716180694750e+15,1.349903093339364091e-01
1.650513716182578750e+15,1.349903093339364091e-01
1.650513716184463000e+15,1.349903093339364091e-01
1.650513716186347000e+15,1.349903093339364091e-01
1.650513716188231000e+15,1.349903093339364091e-01
1.650513716190115000e+15,1.349903093339364091e-01
1.650513716191999250e+15,1.349903093339364091e-01
1.650513716193883250e+15,1.349903093339364091e-01
1.650513716195767250e+15,1.349903093339364091e-01
1.650513716197651250e+15,1.349903093339364091e-01
1.650513716199535500e+15,1.349903093339364091e-01
1.650513716201419500e+15,1.349903093339364091e-01
1.650513716203303500e+15,1.371921149450351929e-01
1.650513716205187500e+15,1.399548200874328741e-01
1.650513716207071750e+15,1.427178918308313893e-01
1.650513716208955750e+15,1.454805969732290705e-01
1.650513716210839750e+15,1.482433021156267516e-01
1.650513716212724000e+15,1.510063738590252946e-01
1.650513716214608000e+15,1.529418964326013652e-01
1.650513716216492000e+15,1.495448705091497188e-01
1.650513716218376000e+15,1.461478445856981001e-01
1.650513716220260250e+15,1.427503678891674233e-01
1.650513716222144250e+15,1.393533419657157768e-01
1.650513716224028250e+15,1.359563160422641581e-01
1.650513716225912250e+15,1.325592901188124839e-01
1.650513716227796500e+15,1.291618134222818348e-01
1.650513716229680500e+15,1.269357905035312095e-01
1.650513716231564500e+15,1.248262869966869359e-01
1.650513716233448500e+15,1.227167834898426901e-01
1.650513716235332750e+15,1.206070000594969688e-01
1.650513716237216750e+15,1.184974965526527091e-01
1.650513716239100750e+15,1.166916278407922891e-01
1.650513716240985000e+15,1.178746436187820823e-01
1.650513716242869000e+15,1.190575024356761713e-01
1.650513716244753000e+15,1.202403612525702881e-01
1.650513716246637000e+15,1.214232200694644048e-01
1.650513716248521250e+15,1.226062358474541703e-01
1.650513716250405250e+15,1.237890946643482731e-01
1.650513716252289250e+15,1.249719534812423899e-01
1.650513716254173250e+15,1.261548122981365205e-01
1.650513716256057500e+15,1.273378280761262860e-01
1.650513716257941500e+15,1.285206868930203750e-01
1.650513716259825500e+15,1.267879429397488766e-01
1.650513716261709500e+15,1.239094371584973098e-01
1.650513716263593750e+15,1.210305494099180867e-01
1.650513716265477750e+15,1.181520436286665199e-01
1.650513716267361750e+15,1.152735378474149253e-01
1.650513716269246000e+15,1.123946500988357022e-01
1.650513716271130000e+15,1.102717640208597250e-01
1.650513716273014000e+15,1.097308403758498196e-01
1.650513716274898000e+15,1.091899167308399282e-01
1.650513716276782250e+15,1.086489213072147075e-01
1.650513716278666250e+15,1.081079976622048022e-01
1.650513716280550250e+15,1.075670740171949247e-01
1.650513716282434250e+15,1.070261503721850194e-01
1.650513716284318500e+15,1.064851549485597987e-01
1.650513716286202500e+15,1.059442313035499073e-01
1.650513716288086500e+15,1.054033076585400019e-01
1.650513716289970500e+15,1.048623840135300966e-01
1.650513716291854750e+15,1.043213885899048898e-01
1.650513716293738750e+15,1.043106935762230930e-01
1.650513716295622750e+15,1.043106935762231763e-01
1.650513716297507000e+15,1.043106935762232595e-01
1.650513716299391000e+15,1.043106935762233428e-01
1.650513716301275000e+15,1.043106935762234122e-01
1.650513716303159000e+15,1.043106935762234955e-01
1.650513716305043250e+15,1.043106935762235787e-01
1.650513716306927250e+15,1.043106935762236620e-01
1.650513716308811250e+15,1.043106935762237314e-01
1.650513716310695250e+15,1.043106935762238147e-01
1.650513716312579500e+15,1.043106935762238979e-01
1.650513716314463500e+15,1.043106935762239118e-01
1.650513716316347500e+15,1.043106935762239118e-01
1.650513716318231500e+15,1.043106935762239118e-01
1.650513716320115750e+15,1.043106935762239118e-01
1.650513716321999750e+15,1.043106935762239118e-01
1.650513716323883750e+15,1.043106935762239118e-01
1.650513716325768000e+15,1.043106935762239118e-01
1.650513716327652000e+15,1.043106935762239118e-01
1.650513716329536000e+15,1.043106935762239118e-01
1.650513716331420000e+15,1.043106935762239118e-01
1.650513716333304250e+15,1.043106935762239118e-01
1.650513716335188250e+15,1.043106935762238979e-01
1.650513716337072250e+15,1.043106935762239118e-01
1.650513716338956250e+15,1.043106935762239118e-01
1.650513716340840500e+15,1.043106935762239118e-01
1.650513716342724500e+15,1.043106935762238979e-01
1.650513716344608500e+15,1.038344470048648549e-01
1.650513716346492500e+15,1.022914572534625449e-01
1.650513716348376750e+15,1.007482627528893809e-01
1.650513716350260750e+15,9.920527300148707095e-02
1.650513716352144750e+15,9.766228325008476097e-02
1.650513716354029000e+15,9.611908874951161086e-02
1.650513716355913000e+15,9.457609899810928700e-02
1.650513716357797000e+15,9.303310924670697701e-02
1.650513716359681000e+15,9.203884727313886571e-02
1.650513716361565250e+15,9.203884727313893510e-02
1.650513716363449250e+15,9.203884727313903225e-02
1.650513716365333250e+15,9.203884727313911551e-02
1.650513716367217250e+15,9.203884727313921266e-02
1.650513716369101500e+15,9.203884727313929592e-02
1.650513716370985500e+15,9.203884727313937919e-02
1.650513716372869500e+15,9.203884727313946246e-02
1.650513716374753500e+15,9.203884727313953185e-02
1.650513716376637750e+15,9.203884727313962899e-02
1.650513716378521750e+15,9.203884727313971226e-02
1.650513716380405750e+15,9.203884727313971226e-02
1.650513716382290000e+15,9.203884727313971226e-02
1.650513716384174000e+15,9.203884727313971226e-02
1.650513716386058000e+15,9.203884727313971226e-02
1.650513716387942000e+15,9.203884727313972614e-02
1.650513716389826250e+15,9.203884727313971226e-02
1.650513716391710250e+15,9.203884727313954572e-02
1.650513716393594250e+15,9.203884727313935143e-02
1.650513716395478250e+15,9.203884727313914327e-02
1.650513716397362500e+15,9.203884727313896286e-02
1.650513716399246500e+15,9.203884727313876857e-02
1.650513716401130500e+15,9.203884727313857428e-02
1.650513716403014500e+15,9.203884727313836611e-02
1.650513716404898750e+15,9.203884727313837999e-02
1.650513716406782750e+15,9.203884727313837999e-02
1.650513716408666750e+15,9.203884727313837999e-02
1.650513716410551000e+15,9.203884727313837999e-02
1.650513716412435000e+15,9.203884727313837999e-02
1.650513716414319000e+15,9.324131334593610543e-02
1.650513716416203000e+15,9.527492742237317347e-02
1.650513716418087250e+15,9.730881135205818322e-02
1.650513716419971250e+15,9.934242542849527902e-02
1.650513716421855250e+15,1.013760395049323471e-01
1.650513716423739250e+15,1.034096535813694290e-01
1.650513716425623500e+15,1.021645008258342674e-01
1.650513716427507500e+15,9.831178320626868250e-02
1.650513716429391500e+15,9.445906558670308373e-02
1.650513716431275500e+15,9.060634796713748496e-02
1.650513716433159750e+15,8.675311910584954100e-02
1.650513716435043750e+15,8.290040148628394223e-02
1.650513716436927750e+15,7.976700097005284817e-02
1.650513716438812000e+15,7.976700097005284817e-02
1.650513716440696000e+15,7.976700097005284817e-02
1.650513716442580000e+15,7.976700097005284817e-02
1.650513716444464000e+15,7.976700097005284817e-02
1.650513716446348250e+15,7.976700097005284817e-02
1.650513716448232250e+15,7.976700097005284817e-02
1.650513716450116250e+15,7.976700097005284817e-02
1.650513716452000250e+15,7.976700097005284817e-02
1.650513716453884500e+15,7.976700097005284817e-02
1.650513716455768500e+15,7.976700097005284817e-02
1.650513716457652500e+15,7.829625297800382744e-02
1.650513716459536500e+15,7.621990287158167399e-02
1.650513716461420750e+15,7.414327724099464834e-02
1.650513716463304750e+15,7.206692713457250876e-02
1.650513716465188750e+15,6.999057702815035531e-02
1.650513716467073000e+15,6.791395139756334354e-02
1.650513716468957000e+15,6.817904590899623307e-02
1.650513716470841000e+15,6.903572882121697396e-02
1.650513716472725000e+15,6.989241173343770097e-02
1.650513716474609250e+15,7.074920832438882923e-02
1.650513716476493250e+15,7.160589123660955624e-02
1.650513716478377250e+15,7.246257414883028325e-02
1.650513716480261250e+15,7.331925706105102414e-02
1.650513716482145500e+15,7.271924844503037388e-02
1.650513716484029500e+15,7.128588462388872615e-02
1.650513716485913500e+15,6.985252080274709230e-02
1.650513716487797500e+15,6.841915698160543069e-02
1.650513716489681750e+15,6.715789290818731383e-02
1.650513716491565750e+15,6.620917897979135269e-02
1.650513716493449750e+15,6.526046505139537768e-02
1.650513716495334000e+15,6.431162523208533432e-02
1.650513716497218000e+15,6.336291130368937319e-02
1.650513716499102000e+15,6.241419737529339817e-02
1.650513716500986000e+15,6.146548344689743010e-02
1.650513716502870250e+15,6.135923151542627130e-02
1.650513716504754250e+15,6.135923151542618803e-02
1.650513716506638250e+15,6.135923151542611170e-02
1.650513716508522250e+15,6.135923151542603537e-02
1.650513716510406500e+15,6.135923151542596599e-02
1.650513716512290500e+15,6.135923151542588272e-02
1.650513716514174500e+15,6.135923151542581333e-02
1.650513716516058500e+15,6.135923151542573006e-02
1.650513716517942750e+15,6.135923151542565374e-02
1.650513716519826750e+15,6.135923151542557741e-02
1.650513716521710750e+15,6.135923151542550802e-02
1.650513716523595000e+15,6.135923151542545251e-02
1.650513716525479000e+15,6.135923151542552190e-02
1.650513716527363000e+15,6.135923151542557741e-02
1.650513716529247000e+15,6.135923151542563292e-02
1.650513716531131250e+15,6.135923151542570231e-02
1.650513716533015250e+15,6.135923151542575782e-02
1.650513716534899250e+15,6.135923151542582027e-02
1.650513716536783250e+15,6.135923151542588272e-02
1.650513716538667500e+15,6.135923151542588272e-02
1.650513716540551500e+15,6.135923151542588272e-02
1.650513716542435500e+15,6.135923151542588272e-02
1.650513716544319500e+15,6.135923151542588272e-02
1.650513716546203750e+15,6.135923151542588272e-02
1.650513716548087750e+15,6.135923151542588272e-02
1.650513716549971750e+15,6.135923151542588272e-02
1.650513716551856000e+15,6.135923151542588272e-02
1.650513716553740000e+15,6.135923151542587578e-02
1.650513716555624000e+15,6.135923151542588272e-02
1.650513716557508000e+15,6.135923151542587578e-02
1.650513716559392250e+15,6.178982620251739083e-02
1.650513716561276250e+15,6.333137563810956050e-02
1.650513716563160250e+15,6.487292507370173711e-02
1.650513716565044250e+15,6.641447450929391372e-02
1.650513716566928500e+15,6.723733700267067737e-02
1.650513716568812500e+15,6.637535212328019019e-02
1.650513716570696500e+15,6.551336724388971688e-02
1.650513716572580500e+15,6.465138236449922970e-02
1.650513716574464750e+15,6.378928310282645786e-02
1.650513716576348750e+15,6.292729822343597068e-02
1.650513716578232750e+15,6.206531334404549044e-02
1.650513716580117000e+15,6.135923151542586884e-02
1.650513716582001000e+15,6.135923151542580639e-02
1.650513716583885000e+15,6.135923151542574394e-02
1.650513716585769000e+15,6.135923151542568843e-02
1.650513716587653250e+15,6.135923151542562598e-02
1.650513716589537250e+15,6.135923151542556353e-02
1.650513716591421250e+15,6.135923151542549414e-02
1.650513716593305250e+15,6.135923151542544557e-02
1.650513716595189500e+15,6.135923151542544557e-02
1.650513716597073500e+15,6.135923151542543863e-02
1.650513716598957500e+15,6.135923151542543863e-02
1.650513716600841500e+15,6.135923151542543863e-02
1.650513716602725750e+15,6.135923151542543863e-02
1.650513716604609750e+15,6.135923151542544557e-02
1.650513716606493750e+15,6.085589546705925945e-02
1.650513716608378000e+15,6.018170961375628181e-02
1.650513716610262000e+15,5.950761321061295850e-02
1.650513716612146000e+15,5.883351680746963519e-02
1.650513716614030000e+15,5.815942040432631188e-02
1.650513716615914250e+15,5.748523455102332036e-02
1.650513716617798250e+15,5.681113814787999705e-02
1.650513716619682250e+15,5.613704174473667374e-02
1.650513716621566250e+15,5.546294534159335043e-02
1.650513716623450500e+15,5.472474151651959828e-02
1.650513716625334500e+15,5.395133687227611496e-02
1.650513716627218500e+15,5.317793222803261777e-02
1.650513716629102500e+15,5.240452758378913445e-02
1.650513716630986750e+15,5.163102031154084143e-02
1.650513716632870750e+15,5.085761566729735117e-02
1.650513716634754750e+15,5.008421102305386091e-02
1.650513716636639000e+15,4.931070375080556789e-02
1.650513716638523000e+15,5.004189380568459244e-02
1.650513716640407000e+15,5.138390439513276786e-02
1.650513716642291000e+15,5.272591498458094328e-02
1.650513716644175250e+15,5.406810365399056240e-02
1.650513716646059250e+15,5.522330836388310987e-02
1.650513716647943250e+15,5.522330836388303354e-02
1.650513716649827250e+15,5.522330836388295028e-02
1.650513716651711500e+15,5.522330836388288089e-02
1.650513716653595500e+15,5.522330836388279762e-02
1.650513716655479500e+15,5.522330836388272823e-02
1.650513716657363500e+15,5.522330836388271436e-02
1.650513716659247750e+15,5.522330836388282538e-02
1.650513716661131750e+15,5.522330836388293640e-02
1.650513716663015750e+15,5.522330836388304742e-02
1.650513716664900000e+15,5.522330836388315844e-02
1.650513716666784000e+15,5.522330836388326947e-02
1.650513716668668000e+15,5.522330836388338049e-02
1.650513716670552000e+15,5.522330836388349845e-02
1.650513716672436250e+15,5.547998794390817529e-02
1.650513716674320250e+15,5.614585276837133487e-02
1.650513716676204250e+15,5.681171759283448752e-02
1.650513716678088250e+15,5.747758241729765405e-02
1.650513716679972500e+15,5.814353559961968343e-02
1.650513716681856500e+15,5.880940042408283608e-02
1.650513716683740500e+15,5.947526524854598873e-02
1.650513716685624500e+15,6.014113007300915525e-02
1.650513716687508750e+15,6.080708325533119157e-02
1.650513716689392750e+15,6.083961830599311782e-02
1.650513716691276750e+15,5.779703466474844786e-02
1.650513716693161000e+15,5.475404728363630208e-02
1.650513716695045000e+15,5.171146364239161825e-02
1.650513716696929000e+15,4.866888000114694829e-02
1.650513716698813000e+15,4.562629635990226445e-02
1.650513716700697250e+15,4.258330897879011173e-02
1.650513716702581250e+15,3.954072533754543484e-02
1.650513716704465250e+15,3.649814169630075794e-02
1.650513716706349250e+15,3.345555805505608105e-02
1.650513716708233500e+15,3.041257067394392832e-02
1.650513716710117500e+15,2.736998703269924796e-02
1.650513716712001500e+15,2.432740339145457453e-02
1.650513716713885500e+15,2.128481975020989070e-02
1.650513716715769750e+15,1.855814298869188847e-02
1.650513716717653750e+15,2.131535698555298355e-02
1.650513716719537750e+15,2.407257098241407864e-02
1.650513716721422000e+15,2.683015085162083341e-02
1.650513716723306000e+15,2.958736484848192849e-02
1.650513716725190000e+15,3.234457884534302358e-02
1.650513716727074000e+15,3.510179284220411866e-02
1.650513716728958250e+15,3.638773371005313978e-02
1.650513716730842250e+15,3.525771619123533457e-02
1.650513716732726250e+15,3.412769867241752936e-02
1.650513716734610250e+15,3.299768115359971721e-02
1.650513716736494500e+15,3.186751368553578795e-02
1.650513716738378500e+15,3.073749616671798274e-02
1.650513716740262500e+15,2.960747864790017753e-02
1.650513716742146500e+15,2.847746112908237232e-02
1.650513716744030750e+15,2.734729366101843612e-02
1.650513716745914750e+15,2.621727614220063438e-02
1.650513716747798750e+15,2.508725862338282916e-02
1.650513716749683000e+15,2.482353465253322317e-02
1.650513716751567000e+15,2.536261687681542337e-02
1.650513716753451000e+15,2.590169910109762011e-02
1.650513716755335000e+15,2.644078132537981338e-02
1.650513716757219250e+15,2.697993508392743794e-02
1.650513716759103250e+15,2.751901730820963815e-02
1.650513716760987250e+15,2.805809953249183142e-02
1.650513716762871250e+15,2.859718175677402469e-02
1.650513716764755500e+15,2.913633551532165272e-02
1.650513716766639500e+15,2.967541773960385293e-02
1.650513716768523500e+15,3.021449996388604620e-02
1.650513716770407500e+15,3.055809138331298108e-02
1.650513716772291750e+15,2.967227976836537759e-02
1.650513716774175750e+15,2.878658568182628635e-02
1.650513716776059750e+15,2.790089159528719165e-02
1.650513716777944000e+15,2.701507998033958469e-02
1.650513716779828000e+15,2.612938589380049345e-02
1.650513716781712000e+15,2.524369180726140222e-02
1.650513716783596000e+15,2.435631806849218595e-02
1.650513716785480250e+15,2.346249408717847665e-02
1.650513716787364250e+15,2.256878869734431706e-02
1.650513716789248250e+15,2.167508330751015400e-02
1.650513716791132250e+15,2.078137791767599094e-02
1.650513716793016500e+15,1.988755393636228511e-02
1.650513716794900500e+15,1.899384854652812205e-02
1.650513716796784500e+15,1.840776945462782588e-02
1.650513716798668500e+15,1.840776945462774608e-02
1.650513716800552750e+15,1.840776945462766628e-02
1.650513716802436750e+15,1.840776945462758649e-02
1.650513716804320750e+15,1.840776945462750669e-02
1.650513716806205000e+15,1.840776945462742342e-02
1.650513716808089000e+15,1.923675421164501922e-02
1.650513716809973000e+15,2.027726539233868502e-02
1.650513716811857000e+15,2.131777657303234735e-02
1.650513716813741250e+15,2.235842582580412075e-02
1.650513716815625250e+15,2.339893700649778308e-02
1.650513716817509250e+15,2.443944818719144194e-02
1.650513716819393250e+15,2.402590059448951251e-02
1.650513716821277500e+15,2.345038099678457486e-02
1.650513716823161500e+15,2.287493775832041484e-02
1.650513716825045500e+15,2.229949451985625136e-02
1.650513716826929500e+15,2.172405128139208788e-02
1.650513716828813750e+15,2.114853168368715369e-02
1.650513716830697750e+15,2.057308844522298674e-02
1.650513716832581750e+15,1.999764520675882673e-02
1.650513716834466000e+15,1.942212560905388907e-02
1.650513716836350000e+15,1.884668237058972559e-02
1.650513716838234000e+15,1.840776945462743383e-02
1.650513716840118000e+15,1.840776945462753444e-02
1.650513716842002250e+15,1.840776945462763853e-02
1.650513716843886250e+15,1.840776945462773567e-02
1.650513716845770250e+15,1.840776945462783629e-02
1.650513716847654250e+15,1.840776945462782241e-02
1.650513716849538500e+15,1.840776945462778424e-02
1.650513716851422500e+15,1.840776945462774955e-02
1.650513716853306500e+15,1.840776945462771139e-02
1.650513716855190500e+15,1.840776945462767322e-02
1.650513716857074750e+15,1.840776945462763506e-02
1.650513716858958750e+15,1.840776945462759689e-02
1.650513716860842750e+15,1.840776945462755873e-02
1.650513716862727000e+15,1.840776945462752057e-02
1.650513716864611000e+15,1.840776945462748587e-02
1.650513716866495000e+15,1.840776945462744771e-02
1.650513716868379000e+15,1.840776945462741301e-02
1.650513716870263250e+15,1.840776945462740954e-02
1.650513716872147250e+15,1.840776945462740954e-02
1.650513716874031250e+15,1.840776945462740954e-02
1.650513716875915250e+15,1.840776945462740954e-02
1.650513716877799500e+15,1.840776945462740954e-02
1.650513716879683500e+15,1.840776945462740954e-02
1.650513716881567500e+15,1.840776945462740954e-02
1.650513716883451500e+15,1.896221026638543472e-02
1.650513716885335750e+15,2.001269302109138018e-02
1.650513716887219750e+15,2.106303639902212116e-02
1.650513716889103750e+15,2.211337977695286214e-02
1.650513716890988000e+15,2.316386253165880760e-02
1.650513716892872000e+15,2.421420590958954511e-02
1.650513716894756000e+15,2.372830220175613930e-02
1.650513716896640000e+15,2.254021595124167804e-02
1.650513716898524250e+15,2.135197204596998161e-02
1.650513716900408250e+15,2.016388579545551687e-02
1.650513716902292250e+15,1.897579954494105214e-02
1.650513716904176250e+15,1.840776945462740954e-02
1.650513716906060500e+15,1.840776945462740607e-02
1.650513716907944500e+15,1.840776945462740954e-02
1.650513716909828500e+15,1.840776945462740607e-02
1.650513716911712500e+15,1.840776945462740954e-02
1.650513716913596750e+15,1.840776945462740607e-02
1.650513716915480750e+15,1.840776945462740954e-02
1.650513716917364750e+15,1.742409438586514994e-02
1.650513716919249000e+15,1.634002376249022240e-02
1.650513716921133000e+15,1.525609697228809056e-02
1.650513716923017000e+15,1.417217018208595872e-02
1.650513716924901000e+15,1.308824339188382688e-02
1.650513716926785250e+15,1.247588734706014772e-02
1.650513716928669250e+15,1.330213845259268536e-02
1.650513716930553250e+15,1.412838955812522300e-02
1.650513716932437250e+15,1.495464066365776064e-02
1.650513716934321500e+15,1.578100140972978072e-02
1.650513716936205500e+15,1.660725251526231488e-02
1.650513716938089500e+15,1.743350362079485599e-02
1.650513716939973500e+15,1.825975472632739363e-02
1.650513716941857750e+15,1.889977252018721840e-02
1.650513716943741750e+15,1.949905086220415223e-02
1.650513716945625750e+15,2.009832920422108260e-02
1.650513716947510000e+15,2.069768706831099508e-02
1.650513716949394000e+15,2.129696541032792545e-02
1.650513716951278000e+15,2.189624375234485582e-02
1.650513716953162000e+15,2.249552209436178271e-02
1.650513716955046250e+15,2.309487995845169866e-02
1.650513716956930250e+15,2.369415830046862556e-02
1.650513716958814250e+15,2.429343664248555940e-02
1.650513716960698250e+15,2.454369260617015464e-02
1.650513716962582500e+15,2.454369260617011994e-02
1.650513716964466500e+15,2.454369260617008525e-02
1.650513716966350500e+15,2.454369260617005055e-02
1.650513716968234500e+15,2.454369260617001586e-02
1.650513716970118750e+15,2.454369260616997422e-02
1.650513716972002750e+15,2.454369260616993953e-02
1.650513716973886750e+15,2.454369260616990484e-02
1.650513716975771000e+15,2.454369260616987014e-02
1.650513716977655000e+15,2.454369260616983545e-02
1.650513716979539000e+15,2.454369260616979381e-02
1.650513716981423000e+15,2.454369260616976259e-02
1.650513716983307250e+15,2.454369260616973136e-02
1.650513716985191250e+15,2.454369260616973136e-02
1.650513716987075250e+15,2.454369260616973136e-02
1.650513716988959250e+15,2.454369260616973136e-02
1.650513716990843500e+15,2.454369260616973136e-02
1.650513716992727500e+15,2.454369260616973136e-02
1.650513716994611500e+15,2.454369260616973136e-02
1.650513716996495500e+15,2.454369260616977994e-02
1.650513716998379750e+15,2.454369260616984932e-02
1.650513717000263750e+15,2.454369260616992565e-02
1.650513717002147750e+15,2.454369260616999504e-02
1.650513717004032000e+15,2.454369260617006790e-02
1.650513717005916000e+15,2.454369260617014423e-02
1.650513717007800000e+15,2.403584883034426065e-02
1.650513717009684000e+15,2.305150965991624445e-02
1.650513717011568250e+15,2.206703987123313782e-02
1.650513717013452250e+15,2.108270070080512509e-02
1.650513717015336250e+15,2.009836153037711237e-02
1.650513717017220250e+15,1.911402235994909965e-02
1.650513717019104500e+15,1.876230277474421823e-02
1.650513717020988500e+15,2.001665164817158227e-02
1.650513717022872500e+15,2.127100052159894283e-02
1.650513717024756500e+15,2.252534939502630687e-02
1.650513717026640750e+15,2.377986471602179866e-02
1.650513717028524750e+15,2.454369260617017545e-02
1.650513717030408750e+15,2.454369260617017892e-02
1.650513717032293000e+15,2.454369260617017545e-02
1.650513717034177000e+15,2.454369260617017545e-02
1.650513717036061000e+15,2.454369260617017545e-02
1.650513717037945000e+15,2.454369260617017545e-02
1.650513717039829250e+15,2.454369260617017545e-02
1.650513717041713250e+15,2.454369260617017545e-02
1.650513717043597250e+15,2.454369260617017545e-02
1.650513717045481250e+15,2.454369260617017545e-02
1.650513717047365500e+15,2.454369260617017545e-02
1.650513717049249500e+15,2.454369260617017545e-02
1.650513717051133500e+15,2.454369260617017545e-02
1.650513717053017500e+15,2.454369260617017545e-02
1.650513717054901750e+15,2.454369260617017545e-02
1.650513717056785750e+15,2.454369260617017545e-02
1.650513717058669750e+15,2.454369260617017545e-02
1.650513717060554000e+15,2.454369260617017545e-02
1.650513717062438000e+15,2.454369260617017545e-02
1.650513717064322000e+15,2.454369260617017545e-02
1.650513717066206000e+15,2.454369260617017545e-02
1.650513717068090250e+15,2.454369260617017198e-02
1.650513717069974250e+15,2.454369260617017198e-02
1.650513717071858250e+15,2.454369260617017545e-02
1.650513717073742250e+15,2.454369260617017545e-02
1.650513717075626500e+15,2.454369260617017545e-02
1.650513717077510500e+15,2.454369260617017545e-02
1.650513717079394500e+15,2.454369260617017545e-02
1.650513717081278500e+15,2.454369260617017545e-02
1.650513717083162750e+15,2.454369260617017545e-02
1.650513717085046750e+15,2.454369260617017545e-02
1.650513717086930750e+15,2.454369260617017198e-02
1.650513717088815000e+15,2.454369260617017198e-02
1.650513717090699000e+15,2.454369260617017198e-02
1.650513717092583000e+15,2.454369260617017545e-02
1.650513717094467000e+15,2.454369260617017545e-02
1.650513717096351250e+15,2.513643809864219911e-02
1.650513717098235250e+15,2.607942522789471335e-02
1.650513717100119250e+15,2.702241235714723105e-02
1.650513717102003250e+15,2.796539948639974182e-02
1.650513717103887500e+15,2.890851174664074708e-02
1.650513717105771500e+15,2.985149887589326131e-02
1.650513717107655500e+15,3.075901327481256331e-02
1.650513717109539500e+15,3.141079942825780735e-02
1.650513717111423750e+15,3.206267207137310227e-02
1.650513717113307750e+15,3.271445822481834631e-02
1.650513717115191750e+15,3.336624437826359035e-02
1.650513717117076000e+15,3.401811702137887833e-02
1.650513717118960000e+15,3.466990317482412931e-02
1.650513717120844000e+15,3.532168932826937335e-02
1.650513717122728000e+15,3.597347548171462434e-02
1.650513717124612250e+15,3.662534812482991231e-02
1.650513717126496250e+15,3.681553890925488154e-02
1.650513717128380250e+15,3.681553890925496481e-02
1.650513717130264250e+15,3.681553890925504113e-02
1.650513717132148500e+15,3.681553890925513134e-02
1.650513717134032500e+15,3.681553890925520767e-02
1.650513717135916500e+15,3.681553890925525624e-02
1.650513717137800500e+15,3.681553890925526318e-02
1.650513717139684750e+15,3.681553890925526318e-02
1.650513717141568750e+15,3.681553890925526318e-02
1.650513717143452750e+15,3.681553890925526318e-02
1.650513717145337000e+15,3.681553890925526318e-02
1.650513717147221000e+15,3.681553890925526318e-02
1.650513717149105000e+15,3.681553890925526318e-02
1.650513717150989000e+15,3.584525708173420117e-02
1.650513717152873250e+15,3.471531052208862156e-02
1.650513717154757250e+15,3.358551388237930591e-02
1.650513717156641250e+15,3.245571724266998331e-02
1.650513717158525250e+15,3.132592060296066766e-02
1.650513717160409500e+15,3.113249596469737368e-02
1.650513717162293500e+15,3.219043311281723219e-02
1.650513717164177500e+15,3.324837026093709069e-02
1.650513717166061500e+15,3.430630740905695614e-02
1.650513717167945750e+15,3.536438494161792123e-02
1.650513717169829750e+15,3.642232208973777974e-02
1.650513717171713750e+15,3.717115208088996731e-02
1.650513717173598000e+15,3.773720413466202794e-02
1.650513717175482000e+15,3.830318108533554977e-02
1.650513717177366000e+15,3.886915803600905772e-02
1.650513717179250000e+15,3.943513498668257955e-02
1.650513717181134250e+15,4.000118704045464713e-02
1.650513717183018250e+15,4.056716399112816201e-02
1.650513717184902250e+15,4.113314094180167690e-02
1.650513717186786250e+15,4.169911789247519179e-02
1.650513717188670500e+15,4.226516994624725243e-02
1.650513717190554500e+15,4.283114689692077426e-02
1.650513717192438500e+15,4.545356266423766084e-02
1.650513717194322500e+15,4.863115453271103783e-02
1.650513717196206750e+15,5.180916805615634613e-02
1.650513717198090750e+15,5.498675992462973006e-02
1.650513717199974750e+15,5.816435179310310705e-02
1.650513717201859000e+15,6.134236531654841534e-02
1.650513717203743000e+15,6.451995718502179233e-02
1.650513717205627000e+15,6.768179871720525487e-02
1.650513717207511000e+15,7.061211030592691451e-02
1.650513717209395250e+15,7.354281073641991129e-02
1.650513717211279250e+15,7.647312232514158481e-02
1.650513717213163250e+15,7.940343391386325833e-02
1.650513717215047250e+15,7.933883034208535912e-02
1.650513717216931500e+15,7.884994653311684643e-02
1.650513717218815500e+15,7.836112758865795835e-02
1.650513717220699500e+15,7.787230864419907028e-02
1.650513717222583500e+15,7.738348969974018221e-02
1.650513717224467750e+15,7.689460589077168340e-02
1.650513717226351750e+15,7.640578694631278145e-02
1.650513717228235750e+15,7.591696800185389338e-02
1.650513717230120000e+15,7.542808419288540844e-02
1.650513717232004000e+15,7.493926524842650649e-02
1.650513717233888000e+15,7.445044630396761842e-02
1.650513717235772000e+15,7.396162735950874423e-02
1.650513717237656250e+15,7.363107781851052636e-02
1.650513717239540250e+15,7.363107781851052636e-02
1.650513717241424250e+15,7.363107781851052636e-02
1.650513717243308250e+15,7.363107781851052636e-02
1.650513717245192500e+15,7.363107781851052636e-02
1.650513717247076500e+15,7.363107781851052636e-02
1.650513717248960500e+15,7.363107781851052636e-02
1.650513717250844500e+15,7.363107781851052636e-02
1.650513717252728750e+15,7.363107781851052636e-02
1.650513717254612750e+15,7.363107781851052636e-02
1.650513717256496750e+15,7.363107781851052636e-02
1.650513717258381000e+15,7.363107781851051248e-02
1.650513717260265000e+15,7.363107781851051248e-02
1.650513717262149000e+15,7.363107781851052636e-02
1.650513717264033000e+15,7.363107781851052636e-02
1.650513717265917250e+15,7.363107781851052636e-02
1.650513717267801250e+15,7.363107781851052636e-02
1.650513717269685250e+15,7.363107781851052636e-02
1.650513717271569250e+15,7.363107781851052636e-02
1.650513717273453500e+15,7.363107781851052636e-02
1.650513717275337500e+15,7.363107781851052636e-02
1.650513717277221500e+15,7.363107781851052636e-02
1.650513717279105500e+15,7.363107781851052636e-02
1.650513717280989750e+15,7.363107781851052636e-02
1.650513717282873750e+15,7.363107781851052636e-02
1.650513717284757750e+15,7.363107781851052636e-02
1.650513717286642000e+15,7.363107781851052636e-02
1.650513717288526000e+15,7.363107781851052636e-02
1.650513717290410000e+15,7.363107781851052636e-02
1.650513717292294000e+15,7.418077467703972083e-02
1.650513717294178250e+15,7.520628587078589944e-02
1.650513717296062250e+15,7.623166100095324360e-02
1.650513717297946250e+15,7.725703613112058776e-02
1.650513717299830250e+15,7.828241126128791805e-02
1.650513717301714500e+15,7.930792245503411053e-02
1.650513717303598500e+15,7.976700097005329226e-02
1.650513717305482500e+15,7.976700097005327839e-02
1.650513717307366500e+15,7.976700097005329226e-02
1.650513717309250750e+15,7.976700097005329226e-02
1.650513717311134750e+15,7.976700097005329226e-02
1.650513717313018750e+15,7.976700097005329226e-02
1.650513717314903000e+15,7.976700097005329226e-02
1.650513717316787000e+15,7.976700097005329226e-02
1.650513717318671000e+15,7.934768959295471213e-02
1.650513717320555000e+15,7.874921790018676870e-02
1.650513717322439250e+15,7.815066679238528990e-02
1.650513717324323250e+15,7.755219509961733260e-02
1.650513717326207250e+15,7.695372340684938917e-02
1.650513717328091250e+15,7.635525171408143186e-02
1.650513717329975500e+15,7.575670060627993918e-02
1.650513717331859500e+15,7.515822891351199575e-02
1.650513717333743500e+15,7.455975722074403844e-02
1.650513717335627500e+15,7.396128552797609501e-02
1.650513717337511750e+15,7.363107781851097045e-02
1.650513717339395750e+15,7.363107781851097045e-02
1.650513717341279750e+15,7.363107781851097045e-02
1.650513717343164000e+15,7.363107781851097045e-02
1.650513717345048000e+15,7.363107781851097045e-02
1.650513717346932000e+15,7.363107781851091493e-02
1.650513717348816000e+15,7.363107781851085942e-02
1.650513717350700250e+15,7.363107781851080391e-02
1.650513717352584250e+15,7.363107781851074840e-02
1.650513717354468250e+15,7.363107781851069289e-02
1.650513717356352250e+15,7.363107781851062350e-02
1.650513717358236500e+15,7.363107781851056799e-02
1.650513717360120500e+15,7.367432685570776685e-02
1.650513717362004500e+15,7.674908859456039401e-02
1.650513717363888500e+15,7.982385033341303504e-02
1.650513717365772750e+15,8.289902008205055073e-02
1.650513717367656750e+15,8.597378182090317789e-02
1.650513717369540750e+15,8.904854355975581892e-02
1.650513717371425000e+15,9.205573364539983150e-02
1.650513717373309000e+15,9.266753990194953605e-02
1.650513717375193000e+15,9.327934615849922673e-02
1.650513717377077000e+15,9.389115241504894516e-02
1.650513717378961250e+15,9.450303985608066171e-02
1.650513717380845250e+15,9.511484611263035238e-02
1.650513717382729250e+15,9.572665236918004306e-02
1.650513717384613250e+15,9.633845862572976149e-02
1.650513717386497500e+15,9.695034606676147804e-02
1.650513717388381500e+15,9.756215232331116871e-02
1.650513717390265500e+15,9.817395857986087326e-02
1.650513717392149500e+15,9.372249915216769589e-02
1.650513717394033750e+15,8.926372044090886970e-02
1.650513717395917750e+15,8.480553331499053604e-02
1.650513717397801750e+15,8.034734618907221626e-02
1.650513717399686000e+15,7.588856747781339007e-02
1.650513717401570000e+15,7.143038035189504253e-02
1.650513717403454000e+15,6.871736198241742977e-02
1.650513717405338000e+15,7.913654108787597508e-02
1.650513717407222250e+15,8.955710278079544173e-02
1.650513717409106250e+15,9.997628188625398704e-02
1.650513717410990250e+15,1.103954609917125185e-01
1.650513717412874250e+15,1.162421124747039375e-01
1.650513717414758500e+15,1.154038892311533143e-01
1.650513717416642500e+15,1.145657772020439169e-01
1.650513717418526500e+15,1.137276651729345472e-01
1.650513717420410500e+15,1.128895531438251498e-01
1.650513717422294750e+15,1.120513299002745544e-01
1.650513717424178750e+15,1.112132178711651570e-01
1.650513717426062750e+15,1.105516369201229865e-01
1.650513717427947000e+15,1.117826434361252064e-01
1.650513717429831000e+15,1.130134866236789520e-01
1.650513717431715000e+15,1.142443298112326977e-01
1.650513717433599000e+15,1.154751729987864711e-01
1.650513717435483250e+15,1.168398272034805035e-01
1.650513717437367250e+15,1.194011446076547189e-01
1.650513717439251250e+15,1.219624620118289482e-01
1.650513717441135250e+15,1.245237794160031497e-01
1.650513717443019500e+15,1.270854366977522409e-01
1.650513717444903500e+15,1.296467541019264424e-01
1.650513717446787500e+15,1.322080715061006717e-01
1.650513717448671500e+15,1.347693889102748732e-01
1.650513717450555750e+15,1.349903093339364091e-01
1.650513717452439750e+15,1.349903093339364091e-01
1.650513717454323750e+15,1.349903093339364091e-01
1.650513717456208000e+15,1.349903093339364091e-01
1.650513717458092000e+15,1.349903093339364091e-01
1.650513717459976000e+15,1.349903093339364091e-01
1.650513717461860000e+15,1.343667750510128267e-01
1.650513717463744250e+15,1.323305627934760198e-01
1.650513717465628250e+15,1.302946206981068500e-01
1.650513717467512250e+15,1.282586786027376802e-01
1.650513717469396250e+15,1.262227365073685104e-01
1.650513717471280500e+15,1.241865242498316896e-01
1.650513717473164500e+15,1.227184630308513630e-01
1.650513717475048500e+15,1.227184630308515156e-01
1.650513717476932500e+15,1.227184630308516544e-01
1.650513717478816750e+15,1.227184630308518209e-01
1.650513717480700750e+15,1.227184630308519736e-01
1.650513717482584750e+15,1.227184630308521263e-01
1.650513717484469000e+15,1.222004359245746630e-01
1.650513717486353000e+15,1.211838077285049831e-01
1.650513717488237000e+15,1.201671795324353309e-01
1.650513717490121000e+15,1.191505513363656510e-01
1.650513717492005250e+15,1.181337882374037251e-01
1.650513717493889250e+15,1.171171600413340452e-01
1.650513717495773250e+15,1.175635517560072174e-01
1.650513717497657250e+15,1.196326548914119492e-01
1.650513717499541500e+15,1.217020325893346105e-01
1.650513717501425500e+15,1.237711357247393285e-01
1.650513717503309500e+15,1.258402388601440602e-01
1.650513717505193500e+15,1.279093419955487643e-01
1.650513717507077750e+15,1.305782202456185759e-01
1.650513717508961750e+15,1.337505800747915696e-01
1.650513717510845750e+15,1.369229399039645356e-01
1.650513717512730000e+15,1.400957206938366895e-01
1.650513717514614000e+15,1.432680805230096555e-01
1.650513717516498000e+15,1.464404403521826215e-01
1.650513717518382000e+15,1.456657063369463101e-01
1.650513717520266250e+15,1.435109000377581545e-01
1.650513717522150250e+15,1.413563796356509528e-01
1.650513717524034250e+15,1.392018592335437788e-01
1.650513717525918250e+15,1.370473388314365770e-01
1.650513717527802500e+15,1.348925325322484214e-01
1.650513717529686500e+15,1.327380121301412474e-01
1.650513717531570500e+15,1.305834917280340179e-01
1.650513717533454500e+15,1.284289713259268439e-01
1.650513717535338750e+15,1.262741650267386884e-01
1.650513717537222750e+15,1.241196446246315005e-01
1.650513717539106750e+15,1.238962134318066510e-01
1.650513717540991000e+15,1.272649818462280313e-01
1.650513717542875000e+15,1.306333032965503738e-01
1.650513717544759000e+15,1.340016247468727162e-01
1.650513717546643000e+15,1.373699461971950586e-01
1.650513717548527250e+15,1.407387146116164389e-01
1.650513717550411250e+15,1.404451327601523025e-01
1.650513717552295250e+15,1.396754870066565235e-01
1.650513717554179250e+15,1.389058412531607445e-01
1.650513717556063500e+15,1.381360933704513794e-01
1.650513717557947500e+15,1.373664476169556004e-01
1.650513717559831500e+15,1.365968018634598213e-01
1.650513717561715500e+15,1.358271561099640423e-01
1.650513717563599750e+15,1.350574082272547050e-01
1.650513717565483750e+15,1.339074715874134791e-01
1.650513717567367750e+15,1.327212140997268142e-01
1.650513717569252000e+15,1.315347991999531452e-01
1.650513717571136000e+15,1.303485417122665080e-01
1.650513717573020000e+15,1.291622842245798153e-01
1.650513717574904000e+15,1.311448900080297020e-01
1.650513717576788250e+15,1.342387121108646331e-01
1.650513717578672250e+15,1.373321237291429964e-01
1.650513717580556250e+15,1.404255353474213874e-01
1.650513717582440250e+15,1.435189469656997785e-01
1.650513717584324500e+15,1.466127690685347096e-01
1.650513717586208500e+15,1.463950407019534161e-01
1.650513717588092500e+15,1.452975300955253180e-01
1.650513717589976500e+15,1.442000194890971920e-01
1.650513717591860750e+15,1.431023632469728690e-01
1.650513717593744750e+15,1.420048526405447431e-01
1.650513717595628750e+15,1.412167891674968312e-01
1.650513717597513000e+15,1.416708980912319560e-01
1.650513717599397000e+15,1.421249467643469766e-01
1.650513717601281000e+15,1.425789954374619972e-01
1.650513717603165000e+15,1.430330441105769901e-01
1.650513717605049250e+15,1.434871530343121149e-01
1.650513717606933250e+15,1.439412017074271355e-01
1.650513717608817250e+15,1.443952503805421561e-01
1.650513717610701250e+15,1.448492990536571490e-01
1.650513717612585500e+15,1.453034079773922738e-01
1.650513717614469500e+15,1.457574566505072944e-01
1.650513717616353500e+15,1.462115053236223150e-01
1.650513717618237500e+15,1.466655539967373079e-01
1.650513717620121750e+15,1.471196629204724327e-01
1.650513717622005750e+15,1.480082605755684011e-01
1.650513717623889750e+15,1.490956028337169226e-01
1.650513717625774000e+15,1.501830893782585274e-01
1.650513717627658000e+15,1.512704316364070767e-01
1.650513717629542000e+15,1.523577738945555704e-01
1.650513717631426000e+15,1.534451161527041196e-01
1.650513717633310250e+15,1.545326026972457245e-01
1.650513717635194250e+15,1.556199449553942737e-01
1.650513717637078250e+15,1.567072872135427952e-01
1.650513717638962250e+15,1.577946294716913445e-01
1.650513717640846500e+15,1.588821160162329493e-01
1.650513717642730500e+15,1.589210189519787153e-01
1.650513717644614500e+15,1.573903894627358968e-01
1.650513717646498500e+15,1.558597599734930506e-01
1.650513717648382750e+15,1.543289273752415647e-01
1.650513717650266750e+15,1.527982978859986907e-01
1.650513717652150750e+15,1.512676683967558444e-01
1.650513717654035000e+15,1.497368357985043585e-01
1.650513717655919000e+15,1.482062063092615123e-01
1.650513717657803000e+15,1.472621556370214968e-01
1.650513717659687000e+15,1.472621556370214968e-01
1.650513717661571250e+15,1.472621556370214968e-01
1.650513717663455250e+15,1.472621556370214968e-01
1.650513717665339250e+15,1.472621556370214968e-01
1.650513717667223250e+15,1.472621556370214968e-01
1.650513717669107500e+15,1.472621556370214968e-01
1.650513717670991500e+15,1.475270432127605003e-01
1.650513717672875500e+15,1.481551718379238713e-01
1.650513717674759500e+15,1.487833004630872424e-01
1.650513717676643750e+15,1.494115124386520277e-01
1.650513717678527750e+15,1.500396410638153988e-01
1.650513717680411750e+15,1.506677696889787699e-01
1.650513717682296000e+15,1.512959816645435551e-01
1.650513717684180000e+15,1.519241102897069262e-01
1.650513717686064000e+15,1.525522389148702973e-01
1.650513717687948000e+15,1.531803675400336684e-01
1.650513717689832250e+15,1.541112046504046484e-01
1.650513717691716250e+15,1.552023958168674000e-01
1.650513717693600250e+15,1.562935869833301794e-01
1.650513717695484250e+15,1.573847781497929588e-01
1.650513717697368500e+15,1.584761141133850249e-01
1.650513717699252500e+15,1.595655709792277999e-01
1.650513717701136500e+15,1.605999374088543097e-01
1.650513717703020500e+15,1.616343038384808750e-01
1.650513717704904750e+15,1.626688075247992304e-01
1.650513717706788750e+15,1.637031739544257403e-01
1.650513717708672750e+15,1.647375403840523056e-01
1.650513717710557000e+15,1.657720440703706610e-01
1.650513717712441000e+15,1.668064104999971708e-01
1.650513717714325000e+15,1.678407769296237362e-01
1.650513717716209000e+15,1.688751433592502460e-01
1.650513717718093250e+15,1.699096470455686292e-01
1.650513717719977250e+15,1.709440134751951668e-01
1.650513717721861250e+15,1.716642760074819918e-01
1.650513717723745250e+15,1.708155183556827328e-01
1.650513717725629500e+15,1.699666480768065313e-01
1.650513717727513500e+15,1.691178904250073001e-01
1.650513717729397500e+15,1.682691327732080411e-01
1.650513717731281500e+15,1.674203751214088098e-01
1.650513717733165750e+15,1.665715048425326361e-01
1.650513717735049750e+15,1.657227471907333771e-01
1.650513717736933750e+15,1.661823396420368248e-01
1.650513717738818000e+15,1.667288329866338514e-01
1.650513717740702000e+15,1.672752538231580821e-01
1.650513717742586000e+15,1.678216746596822850e-01
1.650513717744470000e+15,1.683680954962065157e-01
1.650513717746354250e+15,1.689145888408035423e-01
1.650513717748238250e+15,1.694610096773277730e-01
1.650513717750122250e+15,1.700074305138520037e-01
1.650513717752006250e+15,1.705538513503762343e-01
1.650513717753890500e+15,1.711003446949732609e-01
1.650513717755774500e+15,1.716467655314974916e-01
1.650513717757658500e+15,1.738684018220711947e-01
1.650513717759542500e+15,1.767780618315113461e-01
1.650513717761426750e+15,1.796881079423328087e-01
1.650513717763310750e+15,1.825977679517729602e-01
1.650513717765194750e+15,1.833243350160993490e-01
1.650513717767079000e+15,1.817909645653971173e-01
1.650513717768963000e+15,1.802577975604227334e-01
1.650513717770847000e+15,1.787246305554482939e-01
1.650513717772731000e+15,1.771914635504738822e-01
1.650513717774615250e+15,1.756580930997716505e-01
1.650513717776499250e+15,1.741249260947972388e-01
1.650513717778383250e+15,1.725917590898228549e-01
1.650513717780267250e+15,1.736521545568682212e-01
1.650513717782151500e+15,1.774407771232127673e-01
1.650513717784035500e+15,1.812288970197196147e-01
1.650513717785919500e+15,1.850170169162265177e-01
1.650513717787803500e+15,1.888051368127334206e-01
1.650513717789687750e+15,1.902136176978199700e-01
1.650513717791571750e+15,1.902136176978199700e-01
1.650513717793455750e+15,1.902136176978199700e-01
1.650513717795340000e+15,1.902136176978199700e-01
1.650513717797224000e+15,1.902136176978199700e-01
1.650513717799108000e+15,1.902136176978199700e-01
1.650513717800992000e+15,1.902136176978199700e-01
1.650513717802876250e+15,1.902136176978199700e-01
1.650513717804760250e+15,1.902136176978199700e-01
1.650513717806644250e+15,1.902136176978199700e-01
1.650513717808528250e+15,1.902136176978200255e-01
1.650513717810412500e+15,1.902136176978200810e-01
1.650513717812296500e+15,1.902136176978201365e-01
1.650513717814180500e+15,1.902136176978201920e-01
1.650513717816064500e+15,1.902136176978202753e-01
1.650513717817948750e+15,1.902136176978203308e-01
1.650513717819832750e+15,1.902136176978204141e-01
1.650513717821716750e+15,1.902136176978203863e-01
1.650513717823601000e+15,1.902136176978203586e-01
1.650513717825485000e+15,1.902136176978203030e-01
1.650513717827369000e+15,1.902136176978202753e-01
1.650513717829253000e+15,1.902136176978202475e-01
1.650513717831137250e+15,1.902136176978201920e-01
1.650513717833021250e+15,1.902136176978201365e-01
1.650513717834905250e+15,1.902136176978201088e-01
1.650513717836789250e+15,1.902136176978200810e-01
1.650513717838673500e+15,1.902136176978200255e-01
1.650513717840557500e+15,1.902136176978199977e-01
1.650513717842441500e+15,1.896622866185810885e-01
1.650513717844325500e+15,1.889422119195959537e-01
1.650513717846209750e+15,1.882220416692972353e-01
1.650513717848093750e+15,1.875019669703121006e-01
1.650513717849977750e+15,1.867818922713269658e-01
1.650513717851862000e+15,1.860617220210282752e-01
1.650513717853746000e+15,1.853416473220431682e-01
1.650513717855630000e+15,1.846215726230580056e-01
1.650513717857514000e+15,1.846829174556880726e-01
1.650513717859398250e+15,1.871566512237103075e-01
1.650513717861282250e+15,1.896300567797425951e-01
1.650513717863166250e+15,1.921034623357748550e-01
1.650513717865050250e+15,1.945768678918071704e-01
1.650513717866934500e+15,1.970506016598294052e-01
1.650513717868818500e+15,1.995240072158616929e-01
1.650513717870702500e+15,2.019974127718939805e-01
1.650513717872586500e+15,2.044708183279262681e-01
1.650513717874470750e+15,2.069445520959485030e-01
1.650513717876354750e+15,2.084570610855238648e-01
1.650513717878238750e+15,2.079468174759941113e-01
1.650513717880123000e+15,2.074365061589789894e-01
1.650513717882007000e+15,2.069262625494492081e-01
1.650513717883891000e+15,2.064160189399194545e-01
1.650513717885775000e+15,2.059057753303896732e-01
1.650513717887659250e+15,2.053954640133745513e-01
1.650513717889543250e+15,2.048852204038447700e-01
1.650513717891427250e+15,2.043749767943149886e-01
1.650513717893311250e+15,2.038647331847852073e-01
1.650513717895195500e+15,2.033544218677701132e-01
1.650513717897079500e+15,2.028441782582403319e-01
1.650513717898963500e+15,2.030474297896233404e-01
1.650513717900847500e+15,2.049397328208079350e-01
1.650513717902731750e+15,2.068322869537747577e-01
1.650513717904615750e+15,2.087245899849593522e-01
1.650513717906499750e+15,2.106168930161439190e-01
1.650513717908384000e+15,2.125094471491107417e-01
1.650513717910268000e+15,2.144017501802953363e-01
1.650513717912152000e+15,2.134315141704120344e-01
1.650513717914036000e+15,2.117989652059286687e-01
1.650513717915920250e+15,2.101661996080901873e-01
1.650513717917804250e+15,2.085336506436068216e-01
1.650513717919688250e+15,2.069011016791234558e-01
1.650513717921572250e+15,2.052685527146401456e-01
1.650513717923456500e+15,2.036357871168016365e-01
1.650513717925340500e+15,2.032269310730134559e-01
1.650513717927224500e+15,2.057371268750886051e-01
1.650513717929108500e+15,2.082473226771636710e-01
1.650513717930992750e+15,2.107578515731615698e-01
1.650513717932876750e+15,2.132680473752366912e-01
1.650513717934760750e+15,2.157782431773117848e-01
1.650513717936645000e+15,2.182887720733096559e-01
1.650513717938529000e+15,2.207989678753847773e-01
1.650513717940413000e+15,2.233091636774598987e-01
1.650513717942297000e+15,2.258193594795349923e-01
1.650513717944181250e+15,2.270291566070743450e-01
1.650513717946065250e+15,2.270291566070743450e-01
1.650513717947949250e+15,2.270291566070743450e-01
1.650513717949833250e+15,2.270291566070743450e-01
1.650513717951717500e+15,2.270291566070743450e-01
1.650513717953601500e+15,2.270291566070743450e-01
1.650513717955485500e+15,2.270291566070743450e-01
1.650513717957369500e+15,2.270291566070743172e-01
1.650513717959253750e+15,2.270291566070743450e-01
1.650513717961137750e+15,2.262531919458633245e-01
1.650513717963021750e+15,2.250871561159757117e-01
1.650513717964906000e+15,2.239209655573420887e-01
1.650513717966790000e+15,2.227549297274544760e-01
1.650513717968674000e+15,2.215888938975668632e-01
1.650513717970558000e+15,2.204228580676793059e-01
1.650513717972442250e+15,2.192566675090456829e-01
1.650513717974326250e+15,2.180906316791580701e-01
1.650513717976210250e+15,2.169245958492704573e-01
1.650513717978094250e+15,2.157585600193828446e-01
1.650513717979978500e+15,2.147573103039897291e-01
1.650513717981862500e+15,2.147573103039898679e-01
1.650513717983746500e+15,2.147573103039900344e-01
1.650513717985630500e+15,2.147573103039902009e-01
1.650513717987514750e+15,2.147573103039903397e-01
1.650513717989398750e+15,2.147573103039905063e-01
1.650513717991282750e+15,2.154313646508444757e-01
1.650513717993167000e+15,2.166744152043648119e-01
1.650513717995051000e+15,2.179173008314484461e-01
1.650513717996935000e+15,2.191601864585320802e-01
1.650513717998819000e+15,2.204030720856157144e-01
1.650513718000703250e+15,2.208932334555324672e-01
1.650513718002587250e+15,2.208932334555323840e-01
1.650513718004471250e+15,2.208932334555323285e-01
1.650513718006355250e+15,2.208932334555322452e-01
1.650513718008239500e+15,2.208932334555321897e-01
1.650513718010123500e+15,2.208932334555321342e-01
1.650513718012007500e+15,2.208932334555321064e-01
1.650513718013891500e+15,2.213408702247737780e-01
1.650513718015775750e+15,2.231966668858162417e-01
1.650513718017659750e+15,2.250522173220131095e-01
1.650513718019543750e+15,2.269077677582099772e-01
1.650513718021428000e+15,2.287635644192524409e-01
1.650513718023312000e+15,2.306191148554493364e-01
1.650513718025196000e+15,2.324746652916462042e-01
1.650513718027080000e+15,2.331650797586174717e-01
1.650513718028964250e+15,2.331650797586173884e-01
1.650513718030848250e+15,2.331650797586173329e-01
1.650513718032732250e+15,2.331650797586172219e-01
1.650513718034616250e+15,2.331650797586171386e-01
1.650513718036500500e+15,2.331650797586170554e-01
1.650513718038384500e+15,2.331650797586169721e-01
1.650513718040268500e+15,2.331650797586168611e-01
1.650513718042152500e+15,2.331650797586167778e-01
1.650513718044036750e+15,2.331474567698516021e-01
1.650513718045920750e+15,2.314663574871488050e-01
1.650513718047804750e+15,2.297852582044460079e-01
1.650513718049689000e+15,2.281039358459360789e-01
1.650513718051573000e+15,2.264228365632332818e-01
1.650513718053457000e+15,2.247417372805304847e-01
1.650513718055341000e+15,2.230606379978277154e-01
1.650513718057225250e+15,2.213793156393177586e-01
1.650513718059109250e+15,2.221807438481215868e-01
1.650513718060993250e+15,2.239919587666497347e-01
1.650513718062877250e+15,2.258031736851778271e-01
1.650513718064761500e+15,2.276146289453883642e-01
1.650513718066645500e+15,2.294258438639164566e-01
1.650513718068529500e+15,2.312370587824446044e-01
1.650513718070413500e+15,2.330482737009727245e-01
1.650513718072297750e+15,2.331650797586166945e-01
1.650513718074181750e+15,2.331650797586167501e-01
1.650513718076065750e+15,2.331650797586167778e-01
1.650513718077950000e+15,2.331650797586168333e-01
1.650513718079834000e+15,2.331650797586168611e-01
1.650513718081718000e+15,2.331650797586168888e-01
1.650513718083602000e+15,2.331650797586169166e-01
1.650513718085486250e+15,2.331650797586169999e-01
1.650513718087370250e+15,2.331650797586170276e-01
1.650513718089254250e+15,2.331650797586170554e-01
1.650513718091138250e+15,2.331650797586170831e-01
1.650513718093022500e+15,2.331650797586172219e-01
1.650513718094906500e+15,2.331650797586172774e-01
1.650513718096790500e+15,2.331650797586173607e-01
1.650513718098674500e+15,2.331650797586174440e-01
1.650513718100558750e+15,2.331650797586175550e-01
1.650513718102442750e+15,2.331650797586174995e-01
1.650513718104326750e+15,2.331650797586174162e-01
1.650513718106211000e+15,2.331650797586173329e-01
1.650513718108095000e+15,2.331650797586172497e-01
1.650513718109979000e+15,2.331650797586172219e-01
1.650513718111863000e+15,2.331650797586171109e-01
1.650513718113747250e+15,2.331650797586170276e-01
1.650513718115631250e+15,2.331650797586169443e-01
1.650513718117515250e+15,2.331650797586168888e-01
1.650513718119399250e+15,2.331650797586168333e-01
1.650513718121283500e+15,2.331650797586167223e-01
1.650513718123167500e+15,2.335941541669145638e-01
1.650513718125051500e+15,2.355926119796047935e-01
1.650513718126935500e+15,2.375910697922950510e-01
1.650513718128819750e+15,2.395897927931239513e-01
1.650513718130703750e+15,2.415882506058141810e-01
1.650513718132587750e+15,2.435867084185044107e-01
1.650513718134472000e+15,2.455854314193333110e-01
1.650513718136356000e+15,2.475838892320235685e-01
1.650513718138240000e+15,2.495823470447138259e-01
1.650513718140124000e+15,2.515808048574040834e-01
1.650513718142008250e+15,2.535795278582329559e-01
1.650513718143892250e+15,2.555779856709232134e-01
1.650513718145776250e+15,2.575764434836134709e-01
1.650513718147660250e+15,2.577087723647880635e-01
1.650513718149544500e+15,2.577087723647880080e-01
1.650513718151428500e+15,2.577087723647879525e-01
1.650513718153312500e+15,2.577087723647878970e-01
1.650513718155196500e+15,2.577087723647877859e-01
1.650513718157080750e+15,2.577087723647877304e-01
1.650513718158964750e+15,2.581564467181215461e-01
1.650513718160848750e+15,2.586797403316974386e-01
1.650513718162733000e+15,2.592031033844470755e-01
1.650513718164617000e+15,2.597263969980229681e-01
1.650513718166501000e+15,2.602496906115988606e-01
1.650513718168385000e+15,2.607729842251747532e-01
1.650513718170269250e+15,2.612963472779244456e-01
1.650513718172153250e+15,2.618196408915003381e-01
1.650513718174037250e+15,2.623429345050762307e-01
1.650513718175921250e+15,2.628662281186520677e-01
1.650513718177805500e+15,2.633895911714017046e-01
1.650513718179689500e+15,2.639129867999321366e-01
1.650513718181573500e+15,2.644370632899815110e-01
1.650513718183457500e+15,2.649611397800308854e-01
1.650513718185341750e+15,2.654852858131389048e-01
1.650513718187225750e+15,2.660093623031882792e-01
1.650513718189109750e+15,2.665334387932376536e-01
1.650513718190994000e+15,2.670575848263456731e-01
1.650513718192878000e+15,2.675816613163950475e-01
1.650513718194762000e+15,2.681057378064444219e-01
1.650513718196646000e+15,2.686298142964937963e-01
1.650513718198530250e+15,2.691539603296018157e-01
1.650513718200414250e+15,2.696780368196511901e-01
1.650513718202298250e+15,2.712450412375982389e-01
1.650513718204182250e+15,2.742367801655242743e-01
1.650513718206066500e+15,2.772289160864077617e-01
1.650513718207950500e+15,2.802206550143337416e-01
1.650513718209834500e+15,2.832123939422597214e-01
1.650513718211718500e+15,2.862041328701857568e-01
1.650513718213602750e+15,2.883883881225011159e-01
1.650513718215486750e+15,2.883883881225011159e-01
1.650513718217370750e+15,2.883883881225011159e-01
1.650513718219255000e+15,2.883883881225011159e-01
1.650513718221139000e+15,2.883883881225011159e-01
1.650513718223023000e+15,2.883883881225011159e-01
1.650513718224907000e+15,2.890422876001110808e-01
1.650513718226791250e+15,2.902179651675601546e-01
1.650513718228675250e+15,2.913934867475383994e-01
1.650513718230559250e+15,2.925690083275166997e-01
1.650513718232443250e+15,2.937445299074949445e-01
1.650513718234327500e+15,2.949202074749439628e-01
1.650513718236211500e+15,2.960957290549222631e-01
1.650513718238095500e+15,2.972712506349005079e-01
1.650513718239979500e+15,2.984467722148787527e-01
1.650513718241863750e+15,2.996224497823278266e-01
1.650513718243747750e+15,3.007669219677808203e-01
1.650513718245631750e+15,3.016774512067149638e-01
1.650513718247516000e+15,3.025881012695926797e-01
1.650513718249400000e+15,3.034986305085267677e-01
1.650513718251284000e+15,3.044091597474608557e-01
1.650513718253168000e+15,3.053196889863949437e-01
1.650513718255052250e+15,3.062303390492726596e-01
1.650513718256936250e+15,3.055381963273915424e-01
1.650513718258820250e+15,3.022153796509021162e-01
1.650513718260704250e+15,2.988925629744126344e-01
1.650513718262588500e+15,2.955693053721433761e-01
1.650513718264472500e+15,2.922464886956539498e-01
1.650513718266356500e+15,2.889236720191644681e-01
1.650513718268240500e+15,2.892316773869366142e-01
1.650513718270124750e+15,2.902370350563535650e-01
1.650513718272008750e+15,2.912422593361367329e-01
1.650513718273892750e+15,2.922474836159199008e-01
1.650513718275777000e+15,2.932528412853367961e-01
1.650513718277661000e+15,2.942580655651200194e-01
1.650513718279545000e+15,2.952632898449031873e-01
1.650513718281429000e+15,2.962685141246863552e-01
1.650513718283313250e+15,2.972738717941032505e-01
1.650513718285197250e+15,2.982790960738864738e-01
1.650513718287081250e+15,2.992843203536696417e-01
1.650513718288965250e+15,3.002895446334527541e-01
1.650513718290849500e+15,2.996318891506640214e-01
1.650513718292733500e+15,2.980031354743686300e-01
1.650513718294617500e+15,2.963743817980732942e-01
1.650513718296501500e+15,2.947456281217778473e-01
1.650513718298385750e+15,2.931166583157483463e-01
1.650513718300269750e+15,2.914879046394529549e-01
1.650513718302153750e+15,2.898591509631575081e-01
1.650513718304038000e+15,2.883883881225006718e-01
1.650513718305922000e+15,2.883883881225005608e-01
1.650513718307806000e+15,2.883883881225004497e-01
1.650513718309690000e+15,2.883883881225003942e-01
1.650513718311574250e+15,2.883883881225003387e-01
1.650513718313458250e+15,2.883883881225002277e-01
1.650513718315342250e+15,2.883883881225001167e-01
1.650513718317226250e+15,2.883883881225000612e-01
1.650513718319110500e+15,2.883883881224999501e-01
1.650513718320994500e+15,2.883883881224998391e-01
1.650513718322878500e+15,2.907304721461828612e-01
1.650513718324762500e+15,2.949630729141626828e-01
1.650513718326646750e+15,2.991962353329874480e-01
1.650513718328530750e+15,3.034288361009672697e-01
1.650513718330414750e+15,3.076614368689470358e-01
1.650513718332299000e+15,3.118945992877718010e-01
1.650513718334183000e+15,3.161272000557516781e-01
1.650513718336067000e+15,3.194120296041795259e-01
1.650513718337951000e+15,3.205392373675755024e-01
1.650513718339835250e+15,3.216665947073730214e-01
1.650513718341719250e+15,3.227938024707689424e-01
1.650513718343603250e+15,3.239210102341648634e-01
1.650513718345487250e+15,3.250482179975607844e-01
1.650513718347371500e+15,3.261755753373583588e-01
1.650513718349255500e+15,3.273027831007542243e-01
1.650513718351139500e+15,3.284299908641501453e-01
1.650513718353023500e+15,3.295571986275460108e-01
1.650513718354907750e+15,3.306845559673436408e-01
1.650513718356791750e+15,3.299853275452412915e-01
1.650513718358675750e+15,3.267499289397261530e-01
1.650513718360560000e+15,3.235141010084936486e-01
1.650513718362444000e+15,3.202787024029785101e-01
1.650513718364328000e+15,3.170433037974632606e-01
1.650513718366212000e+15,3.138079051919481222e-01
1.650513718368096250e+15,3.153762234507027085e-01
1.650513718369980250e+15,3.187269710499796016e-01
1.650513718371864250e+15,3.220777186492566058e-01
1.650513718373748250e+15,3.254284662485334989e-01
1.650513718375632500e+15,3.287796584799228539e-01
1.650513718377516500e+15,3.313398501832982568e-01
1.650513718379400500e+15,3.313398501832981458e-01
1.650513718381284500e+15,3.313398501832982013e-01
1.650513718383168750e+15,3.313398501832981458e-01
1.650513718385052750e+15,3.313398501832980902e-01
1.650513718386936750e+15,3.313398501832980347e-01
1.650513718388821000e+15,3.313398501832980347e-01
1.650513718390705000e+15,3.313398501832980347e-01
1.650513718392589000e+15,3.313398501832979792e-01
1.650513718394473000e+15,3.313398501832979237e-01
1.650513718396357250e+15,3.313398501832978682e-01
1.650513718398241250e+15,3.313398501832978127e-01
1.650513718400125250e+15,3.313398501832978682e-01
1.650513718402009250e+15,3.321284811682508886e-01
1.650513718403893500e+15,3.354069763329454168e-01
1.650513718405777500e+15,3.386850365108859950e-01
1.650513718407661500e+15,3.419630966888265733e-01
1.650513718409545500e+15,3.436116964863841217e-01
1.650513718411429750e+15,3.436116964863840106e-01
1.650513718413313750e+15,3.436116964863838996e-01
1.650513718415197750e+15,3.436116964863836776e-01
1.650513718417082000e+15,3.436116964863835666e-01
1.650513718418966000e+15,3.436116964863834000e-01
1.650513718420850000e+15,3.441676074410652264e-01
1.650513718422734000e+15,3.451052406000811312e-01
1.650513718424618250e+15,3.460429981796329657e-01
1.650513718426502250e+15,3.469806313386488705e-01
1.650513718428386250e+15,3.479182644976647198e-01
1.650513718430270250e+15,3.488558976566805692e-01
1.650513718432154500e+15,3.497936552362324036e-01
1.650513718434038500e+15,3.507312883952482530e-01
1.650513718435922500e+15,3.516689215542641023e-01
1.650513718437806500e+15,3.526065547132799516e-01
1.650513718439690750e+15,3.535443122928318416e-01
1.650513718441574750e+15,3.544819454518476909e-01
1.650513718443458750e+15,3.554195786108635402e-01
1.650513718445343000e+15,3.558835427894689873e-01
1.650513718447227000e+15,3.558835427894690984e-01
1.650513718449111000e+15,3.558835427894693204e-01
1.650513718450995000e+15,3.558835427894695425e-01
1.650513718452879250e+15,3.558835427894697645e-01
1.650513718454763250e+15,3.558835427894699310e-01
1.650513718456647250e+15,3.558835427894701531e-01
1.650513718458531250e+15,3.550377602579489200e-01
1.650513718460415500e+15,3.538670232625263923e-01
1.650513718462299500e+15,3.526964415990654911e-01
1.650513718464183500e+15,3.515258599356046454e-01
1.650513718466067500e+15,3.503552782721437442e-01
1.650513718467951750e+15,3.491845412767211609e-01
1.650513718469835750e+15,3.480139596132603153e-01
1.650513718471719750e+15,3.468433779497994141e-01
1.650513718473604000e+15,3.456726409543768308e-01
1.650513718475488000e+15,3.445020592909159296e-01
1.650513718477372000e+15,3.436116964863834555e-01
1.650513718479256000e+15,3.436116964863836776e-01
1.650513718481140250e+15,3.436116964863838441e-01
1.650513718483024250e+15,3.436116964863840106e-01
1.650513718484908250e+15,3.436116964863842327e-01
1.650513718486792250e+15,3.436116964863844547e-01
1.650513718488676500e+15,3.436116964863847323e-01
1.650513718490560500e+15,3.436116964863848988e-01
1.650513718492444500e+15,3.436116964863851209e-01
1.650513718494328500e+15,3.450981113690546609e-01
1.650513718496212750e+15,3.468758182828406422e-01
1.650513718498096750e+15,3.486532893326339533e-01
1.650513718499980750e+15,3.504307603824272088e-01
1.650513718501865000e+15,3.522084672962132457e-01
1.650513718503749000e+15,3.539859383460065567e-01
1.650513718505633000e+15,3.557634093957998123e-01
1.650513718507517000e+15,3.575408804455930678e-01
1.650513718509401250e+15,3.593185873593791047e-01
1.650513718511285250e+15,3.610960584091724157e-01
1.650513718513169250e+15,3.607955936411473274e-01
1.650513718515053250e+15,3.582484791280907688e-01
1.650513718516937500e+15,3.557010266221317663e-01
1.650513718518821500e+15,3.531539121090752076e-01
1.650513718520705500e+15,3.506067975960187599e-01
1.650513718522589500e+15,3.516132012731316703e-01
1.650513718524473750e+15,3.544287576977506182e-01
1.650513718526357750e+15,3.572439405577651494e-01
1.650513718528241750e+15,3.600591234177795696e-01
1.650513718530126000e+15,3.628746798423986286e-01
1.650513718532010000e+15,3.656898627024130488e-01
1.650513718533894000e+15,3.680193904169706820e-01
1.650513718535778000e+15,3.669244267212562471e-01
1.650513718537662250e+15,3.658293177278114094e-01
1.650513718539546250e+15,3.647343540320969191e-01
1.650513718541430250e+15,3.636393903363824287e-01
1.650513718543314250e+15,3.625444266406678828e-01
1.650513718545198500e+15,3.614493176472231006e-01
1.650513718547082500e+15,3.603543539515086103e-01
1.650513718548966500e+15,3.592593902557941199e-01
1.650513718550850500e+15,3.581644265600796295e-01
1.650513718552734750e+15,3.570693175666347918e-01
1.650513718554618750e+15,3.559743538709203015e-01
1.650513718556502750e+15,3.571630738353017143e-01
1.650513718558387000e+15,3.585585051032001425e-01
1.650513718560271000e+15,3.599537512269737616e-01
1.650513718562155000e+15,3.613489973507474362e-01
1.650513718564039000e+15,3.627442434745210553e-01
1.650513718565923250e+15,3.641396747424194835e-01
1.650513718567807250e+15,3.655349208661931026e-01
1.650513718569691250e+15,3.669301669899667773e-01
1.650513718571575250e+15,3.683254131137404519e-01
1.650513718573459500e+15,3.697208443816387691e-01
1.650513718575343500e+15,3.711160905054124992e-01
1.650513718577227500e+15,3.725113366291861183e-01
1.650513718579111500e+15,3.739065827529597374e-01
1.650513718580995750e+15,3.734945471517011617e-01
1.650513718582879750e+15,3.723946347618337649e-01
1.650513718584763750e+15,3.712947223719663126e-01
1.650513718586648000e+15,3.701946640276947420e-01
1.650513718588532000e+15,3.690947516378272897e-01
1.650513718590416000e+15,3.679834444380797320e-01
1.650513718592300000e+15,3.668054672416153905e-01
1.650513718594184250e+15,3.656273337318287631e-01
1.650513718596068250e+15,3.644493565353643660e-01
1.650513718597952250e+15,3.632713793388999690e-01
1.650513718599836250e+15,3.620934021424355720e-01
1.650513718601720500e+15,3.609152686326489445e-01
1.650513718603604500e+15,3.597372914361845475e-01
1.650513718605488500e+15,3.585593142397202060e-01
1.650513718607372500e+15,3.573813370432558090e-01
1.650513718609256750e+15,3.562032035334691815e-01
1.650513718611140750e+15,3.575841461624327255e-01
1.650513718613024750e+15,3.599181011831281696e-01
1.650513718614909000e+15,3.622523659112307781e-01
1.650513718616793000e+15,3.645863209319262221e-01
1.650513718618677000e+15,3.669202759526216107e-01
1.650513718620561000e+15,3.681553890925544636e-01
1.650513718622445250e+15,3.681553890925544636e-01
1.650513718624329250e+15,3.681553890925544636e-01
1.650513718626213250e+15,3.681553890925544636e-01
1.650513718628097250e+15,3.681553890925544636e-01
1.650513718629981500e+15,3.681553890925544081e-01
1.650513718631865500e+15,3.681553890925544636e-01
1.650513718633749500e+15,3.681553890925544081e-01
1.650513718635633500e+15,3.681553890925543526e-01
1.650513718637517750e+15,3.681553890925544081e-01
1.650513718639401750e+15,3.681553890925544081e-01
1.650513718641285750e+15,3.681553890925543526e-01
1.650513718643170000e+15,3.681553890925544081e-01
1.650513718645054000e+15,3.681553890925544081e-01
1.650513718646938000e+15,3.681553890925544081e-01
1.650513718648822000e+15,3.681553890925544081e-01
1.650513718650706250e+15,3.681553890925544081e-01
1.650513718652590250e+15,3.681553890925544081e-01
1.650513718654474250e+15,3.681553890925544081e-01
1.650513718656358250e+15,3.686917587062337742e-01
1.650513718658242500e+15,3.697442496664788414e-01
1.650513718660126500e+15,3.707966009835024224e-01
1.650513718662010500e+15,3.718489523005260033e-01
1.650513718663894500e+15,3.729013036175495843e-01
1.650513718665778750e+15,3.739537945777946515e-01
1.650513718667662750e+15,3.757312036263617538e-01
1.650513718669546750e+15,3.778509577691155363e-01
1.650513718671431000e+15,3.799709931955930209e-01
1.650513718673315000e+15,3.820907473383468034e-01
1.650513718675199000e+15,3.842105014811004748e-01
1.650513718677083000e+15,3.863302556238542573e-01
1.650513718678967250e+15,3.898284800688527341e-01
1.650513718680851250e+15,3.934963088044777235e-01
1.650513718682735250e+15,3.971641375401027130e-01
1.650513718684619250e+15,4.008319662757277024e-01
1.650513718686503500e+15,4.045002817189875532e-01
1.650513718688387500e+15,4.081681104546125427e-01
1.650513718690271500e+15,4.105149131780168603e-01
1.650513718692155500e+15,4.075370463007609856e-01
1.650513718694039750e+15,4.045587842713186943e-01
1.650513718695923750e+15,4.015809173940628751e-01
1.650513718697807750e+15,3.986030505168070004e-01
1.650513718699692000e+15,3.956247884873647092e-01
1.650513718701576000e+15,3.926990816987232513e-01
1.650513718703460000e+15,3.926990816987233068e-01
1.650513718705344000e+15,3.926990816987234734e-01
1.650513718707228250e+15,3.926990816987235844e-01
1.650513718709112250e+15,3.926990816987236399e-01
1.650513718710996250e+15,3.926990816987238064e-01
1.650513718712880250e+15,3.926990816987239175e-01
1.650513718714764500e+15,3.926990816987240285e-01
1.650513718716648500e+15,3.926990816987241395e-01
1.650513718718532500e+15,3.926990816987242505e-01
1.650513718720416500e+15,3.926990816987243615e-01
1.650513718722300750e+15,3.926990816987244726e-01
1.650513718724184750e+15,3.929824214305885355e-01
1.650513718726068750e+15,3.941719747561188703e-01
1.650513718727953000e+15,3.953616859310818965e-01
1.650513718729837000e+15,3.965512392566121758e-01
1.650513718731721000e+15,3.977407925821424550e-01
1.650513718733605000e+15,3.986134437053320267e-01
1.650513718735489250e+15,3.958486980938026312e-01
1.650513718737373250e+15,3.930843193053608631e-01
1.650513718739257250e+15,3.903199405169190950e-01
1.650513718741141250e+15,3.875555617284773824e-01
1.650513718743025500e+15,3.847908161169479868e-01
1.650513718744909500e+15,3.820264373285062187e-01
1.650513718746793500e+15,3.792620585400644506e-01
1.650513718748677500e+15,3.764976797516227380e-01
1.650513718750561750e+15,3.737329341400932869e-01
1.650513718752445750e+15,3.709685553516515744e-01
1.650513718754329750e+15,3.682041765632098063e-01
1.650513718756214000e+15,3.721966621332260527e-01
1.650513718758098000e+15,3.763099838018518217e-01
1.650513718759982000e+15,3.804233054704775352e-01
1.650513718761866000e+15,3.845366271391032487e-01
1.650513718763750250e+15,3.886504946306679753e-01
1.650513718765634250e+15,3.927638162992937443e-01
1.650513718767518250e+15,3.968771379679194578e-01
1.650513718769402250e+15,3.998831387946138460e-01
1.650513718771286500e+15,4.018835909441588194e-01
1.650513718773170500e+15,4.038837776761438625e-01
1.650513718775054500e+15,4.058839644081288500e-01
1.650513718776938500e+15,4.078841511401138931e-01
1.650513718778822750e+15,4.098846032896589220e-01
1.650513718780706750e+15,4.105137245068598006e-01
1.650513718782590750e+15,4.089887151557969336e-01
1.650513718784475000e+15,4.074635034414973989e-01
1.650513718786359000e+15,4.059384940904345318e-01
1.650513718788243000e+15,4.044134847393716647e-01
1.650513718790127000e+15,4.028884753883088532e-01
1.650513718792011250e+15,4.013632636740093740e-01
1.650513718793895250e+15,3.998382543229465069e-01
1.650513718795779250e+15,3.983132449718836954e-01
1.650513718797663250e+15,3.967882356208207728e-01
1.650513718799547500e+15,3.952630239065212936e-01
1.650513718801431500e+15,3.937380145554584265e-01
1.650513718803315500e+15,3.938207321865471733e-01
1.650513718805199500e+15,3.973397821766558868e-01
1.650513718807083750e+15,4.008592991319968046e-01
1.650513718808967750e+15,4.043783491221055737e-01
1.650513718810851750e+15,4.078973991122142873e-01
1.650513718812736000e+15,4.109602812315629183e-01
1.650513718814620000e+15,4.092968009143853059e-01
1.650513718816504000e+15,4.076333205972076934e-01
1.650513718818388000e+15,4.059698402800300809e-01
1.650513718820272250e+15,4.043061392250184571e-01
1.650513718822156250e+15,4.026426589078407892e-01
1.650513718824040250e+15,4.009791785906632322e-01
1.650513718825924250e+15,3.993156982734855642e-01
1.650513718827808500e+15,3.976519972184739404e-01
1.650513718829692500e+15,3.959885169012963280e-01
1.650513718831576500e+15,3.943250365841187155e-01
1.650513718833460500e+15,3.927310461604946457e-01
1.650513718835344750e+15,3.941481999743814968e-01
1.650513718837228750e+15,3.955651657620226636e-01
1.650513718839112750e+15,3.969821315496637748e-01
1.650513718840997000e+15,3.983992853635506259e-01
1.650513718842881000e+15,3.998162511511918482e-01
1.650513718844765000e+15,4.012332169388329595e-01
1.650513718846649000e+15,4.026501827264741262e-01
1.650513718848533250e+15,4.040673365403609774e-01
1.650513718850417250e+15,4.054843023280021441e-01
1.650513718852301250e+15,4.069012681156432554e-01
1.650513718854185250e+15,4.083182339032844221e-01
1.650513718856069500e+15,4.097353877171712733e-01
1.650513718857953500e+15,4.111068511533516046e-01
1.650513718859837500e+15,4.111068511533516601e-01
1.650513718861721500e+15,4.111068511533517711e-01
1.650513718863605750e+15,4.111068511533518821e-01
1.650513718865489750e+15,4.111068511533518821e-01
1.650513718867373750e+15,4.120608748295107038e-01
1.650513718869258000e+15,4.149614300724345228e-01
1.650513718871142000e+15,4.178616004732138567e-01
1.650513718873026000e+15,4.207617708739932461e-01
1.650513718874910000e+15,4.236619412747726354e-01
1.650513718876794250e+15,4.265624965176965100e-01
1.650513718878678250e+15,4.294626669184758438e-01
1.650513718880562250e+15,4.312888027944377645e-01
1.650513718882446250e+15,4.330953474447746254e-01
1.650513718884330500e+15,4.349021318170661621e-01
1.650513718886214500e+15,4.367086764674030785e-01
1.650513718888098500e+15,4.385152211177399395e-01
1.650513718889982500e+15,4.403217657680768005e-01
1.650513718891866750e+15,4.410234865749503852e-01
1.650513718893750750e+15,4.369941804691624410e-01
1.650513718895634750e+15,4.329648743633745522e-01
1.650513718897519000e+15,4.289350335832095573e-01
1.650513718899403000e+15,4.249057274774216131e-01
1.650513718901287000e+15,4.208764213716337244e-01
1.650513718903171000e+15,4.177349250887830712e-01
1.650513718905055250e+15,4.227475473295345676e-01
1.650513718906939250e+15,4.277595045016592268e-01
1.650513718908823250e+15,4.327714616737839415e-01
1.650513718910707250e+15,4.377834188459085452e-01
1.650513718912591500e+15,4.421247024889588539e-01
1.650513718914475500e+15,4.438038482827719178e-01
1.650513718916359500e+15,4.454829940765850371e-01
1.650513718918243500e+15,4.471621398703980454e-01
1.650513718920127750e+15,4.488415084807974020e-01
1.650513718922011750e+15,4.505206542746104659e-01
1.650513718923895750e+15,4.521998000684235297e-01
1.650513718925780000e+15,4.538791686788228863e-01
1.650513718927664000e+15,4.528417544977635933e-01
1.650513718929548000e+15,4.514799026726464826e-01
1.650513718931432000e+15,4.501180508475293163e-01
1.650513718933316250e+15,4.487560183095904431e-01
1.650513718935200250e+15,4.473941664844733324e-01
1.650513718937084250e+15,4.460323146593562216e-01
1.650513718938968250e+15,4.446704628342391108e-01
1.650513718940852500e+15,4.433084302963001821e-01
1.650513718942736500e+15,4.419465784711830714e-01
1.650513718944620500e+15,4.394867752569233676e-01
1.650513718946504500e+15,4.368806885944260254e-01
1.650513718948388750e+15,4.342742561136347934e-01
1.650513718950272750e+15,4.316681694511375067e-01
1.650513718952156750e+15,4.290620827886401645e-01
1.650513718954041000e+15,4.264556503078488769e-01
1.650513718955925000e+15,4.238495636453515347e-01
1.650513718957809000e+15,4.212434769828541370e-01
1.650513718959693000e+15,4.186373903203568503e-01
1.650513718961577250e+15,4.160309578395656738e-01
1.650513718963461250e+15,4.134248711770682760e-01
1.650513718965345250e+15,4.114746709565506033e-01
1.650513718967229250e+15,4.148022700404613294e-01
1.650513718969113500e+15,4.181303106847600315e-01
1.650513718970997500e+15,4.214579097686708686e-01
1.650513718972881500e+15,4.247855088525815948e-01
1.650513718974765500e+15,4.281131079364923764e-01
1.650513718976649750e+15,4.314411485807910784e-01
1.650513718978533750e+15,4.347687476647018601e-01
1.650513718980417750e+15,4.380963467486125307e-01
1.650513718982302000e+15,4.414243873929113438e-01
1.650513718984186000e+15,4.447519864768221254e-01
1.650513718986070000e+15,4.480795855607329070e-01
1.650513718987954000e+15,4.514071846446435776e-01
1.650513718989838250e+15,4.542327895865960752e-01
1.650513718991722250e+15,4.550904894840218651e-01
1.650513718993606250e+15,4.559481893814475439e-01
1.650513718995490250e+15,4.568058892788732783e-01
1.650513718997374500e+15,4.576637029899797149e-01
1.650513718999258500e+15,4.585214028874054493e-01
1.650513719001142500e+15,4.593791027848311836e-01
1.650513719003026500e+15,4.603317339845457434e-01
1.650513719004910750e+15,4.631026418810814116e-01
1.650513719006794750e+15,4.658731821369250237e-01
1.650513719008678750e+15,4.686437223927685802e-01
1.650513719010563000e+15,4.714146302893043594e-01
1.650513719012447000e+15,4.724660826687779314e-01
1.650513719014331000e+15,4.724660826687780424e-01
1.650513719016215000e+15,4.724660826687782089e-01
1.650513719018099250e+15,4.724660826687783199e-01
1.650513719019983250e+15,4.724660826687784310e-01
1.650513719021867250e+15,4.724660826687785420e-01
1.650513719023751250e+15,4.724660826687787085e-01
1.650513719025635500e+15,4.732203249928699229e-01
1.650513719027519500e+15,4.748910981129024766e-01
1.650513719029403500e+15,4.765618712329350304e-01
1.650513719031287500e+15,4.782326443529675286e-01
1.650513719033171750e+15,4.799036391785627131e-01
1.650513719035055750e+15,4.815744122985953224e-01
1.650513719036939750e+15,4.832451854186278761e-01
1.650513719038824000e+15,4.849161802442230051e-01
1.650513719040708000e+15,4.865869533642555589e-01
1.650513719042592000e+15,4.882577264842881126e-01
1.650513719044476000e+15,4.899284996043206108e-01
1.650513719046360250e+15,4.911479238041052686e-01
1.650513719048244250e+15,4.917789669406032460e-01
1.650513719050128250e+15,4.924100100771012789e-01
1.650513719052012250e+15,4.930410532135993673e-01
1.650513719053896500e+15,4.936721800872438948e-01
1.650513719055780500e+15,4.943032232237419832e-01
1.650513719057664500e+15,4.949342663602399606e-01
1.650513719059548500e+15,4.955653094967379935e-01
1.650513719061432750e+15,4.961964363703825764e-01
1.650513719063316750e+15,4.968274795068806093e-01
1.650513719065200750e+15,4.948446068961295796e-01
1.650513719067085000e+15,4.917994727160298618e-01
1.650513719068969000e+15,4.887547425606322826e-01
1.650513719070853000e+15,4.857100124052347034e-01
1.650513719072737000e+15,4.826652822498371243e-01
1.650513719074621250e+15,4.796201480697374064e-01
1.650513719076505250e+15,4.765754179143398828e-01
1.650513719078389250e+15,4.735306877589423036e-01
1.650513719080273250e+15,4.724660826687787640e-01
1.650513719082157500e+15,4.724660826687787640e-01
1.650513719084041500e+15,4.724660826687787640e-01
1.650513719085925500e+15,4.724660826687787640e-01
1.650513719087809500e+15,4.724660826687787640e-01
1.650513719089693750e+15,4.724660826687787640e-01
1.650513719091577750e+15,4.724660826687787640e-01
1.650513719093461750e+15,4.724660826687787640e-01
1.650513719095346000e+15,4.724660826687787640e-01
1.650513719097230000e+15,4.724660826687787640e-01
1.650513719099114000e+15,4.724660826687787640e-01
1.650513719100998000e+15,4.724660826687788195e-01
1.650513719102882250e+15,4.724660826687787640e-01
1.650513719104766250e+15,4.724660826687787640e-01
1.650513719106650250e+15,4.724660826687787640e-01
1.650513719108534250e+15,4.724660826687787640e-01
1.650513719110418500e+15,4.724660826687788195e-01
1.650513719112302500e+15,4.726639315964717425e-01
1.650513719114186500e+15,4.735567396917376159e-01
1.650513719116070500e+15,4.744495477870035449e-01
1.650513719117954750e+15,4.753424743546812992e-01
1.650513719119838750e+15,4.762352824499472836e-01
1.650513719121722750e+15,4.771280905452131571e-01
1.650513719123607000e+15,4.780210171128908558e-01
1.650513719125491000e+15,4.786020058203197536e-01
1.650513719127375000e+15,4.786020058203197536e-01
1.650513719129259000e+15,4.786020058203197536e-01
1.650513719131143250e+15,4.786020058203197536e-01
1.650513719133027250e+15,4.786020058203197536e-01
1.650513719134911250e+15,4.786020058203197536e-01
1.650513719136795250e+15,4.786020058203197536e-01
1.650513719138679500e+15,4.786020058203197536e-01
1.650513719140563500e+15,4.786020058203197536e-01
1.650513719142447500e+15,4.786020058203197536e-01
1.650513719144331500e+15,4.785499234975716387e-01
1.650513719146215750e+15,4.780374633584691391e-01
1.650513719148099750e+15,4.775250712119550878e-01
1.650513719149983750e+15,4.770126790654409810e-01
1.650513719151868000e+15,4.765002189263384258e-01
1.650513719153752000e+15,4.759878267798243190e-01
1.650513719155636000e+15,4.754754346333103232e-01
1.650513719157520000e+15,4.749630424867962164e-01
1.650513719159404250e+15,4.744505823476937167e-01
1.650513719161288250e+15,4.739381902011796655e-01
1.650513719163172250e+15,4.734257980546655586e-01
1.650513719165056250e+15,4.729134059081514518e-01
1.650513719166940500e+15,4.726013633090060950e-01
1.650513719168824500e+15,4.736655333557246994e-01
1.650513719170708500e+15,4.747297034024432483e-01
1.650513719172592500e+15,4.757938734491617971e-01
1.650513719174476750e+15,4.768581847074046531e-01
1.650513719176360750e+15,4.779223547541232575e-01
1.650513719178244750e+15,4.786020058203198091e-01
1.650513719180129000e+15,4.786020058203197536e-01
1.650513719182013000e+15,4.786020058203196981e-01
1.650513719183897000e+15,4.786020058203197536e-01
1.650513719185781000e+15,4.786020058203197536e-01
1.650513719187665250e+15,4.786020058203197536e-01
1.650513719189549250e+15,4.786020058203197536e-01
1.650513719191433250e+15,4.786020058203197536e-01
1.650513719193317250e+15,4.786020058203197536e-01
1.650513719195201500e+15,4.786020058203197536e-01
1.650513719197085500e+15,4.786020058203196981e-01
1.650513719198969500e+15,4.786020058203197536e-01
1.650513719200853500e+15,4.786020058203197536e-01
1.650513719202737750e+15,4.786020058203197536e-01
1.650513719204621750e+15,4.786020058203197536e-01
1.650513719206505750e+15,4.786020058203197536e-01
1.650513719208390000e+15,4.786020058203197536e-01
1.650513719210274000e+15,4.786020058203197536e-01
1.650513719212158000e+15,4.786020058203197536e-01
1.650513719214042000e+15,4.786020058203197536e-01
1.650513719215926250e+15,4.786020058203197536e-01
1.650513719217810250e+15,4.786020058203197536e-01
1.650513719219694250e+15,4.786020058203197536e-01
1.650513719221578250e+15,4.786020058203197536e-01
1.650513719223462500e+15,4.780065735938296423e-01
1.650513719225346500e+15,4.771109294303906290e-01
1.650513719227230500e+15,4.762152852669516712e-01
1.650513719229114500e+15,4.753196411035126023e-01
1.650513719230998750e+15,4.744238780913258013e-01
1.650513719232882750e+15,4.735282339278867880e-01
1.650513719234766750e+15,4.726325897644477747e-01
1.650513719236651000e+15,4.716296385103774802e-01
1.650513719238535000e+15,4.706023498569069652e-01
1.650513719240419000e+15,4.695750612034363947e-01
1.650513719242303000e+15,4.685477725499658797e-01
1.650513719244187250e+15,4.675203475789988516e-01
1.650513719246071250e+15,4.664930589255283366e-01
1.650513719247955250e+15,4.679792181212840685e-01
1.650513719249839250e+15,4.699390518446892595e-01
1.650513719251723500e+15,4.718991456309559185e-01
1.650513719253607500e+15,4.738589793543611095e-01
1.650513719255491500e+15,4.758188130777663005e-01
1.650513719257375500e+15,4.777786468011715471e-01
1.650513719259259750e+15,4.799793743543888103e-01
1.650513719261143750e+15,4.823540824927426973e-01
1.650513719263027750e+15,4.847287906310965289e-01
1.650513719264912000e+15,4.871038138846491838e-01
1.650513719266796000e+15,4.894785220230030709e-01
1.650513719268680000e+15,4.908738521234053409e-01
1.650513719270564000e+15,4.908738521234054519e-01
1.650513719272448250e+15,4.908738521234055074e-01
1.650513719274332250e+15,4.908738521234056185e-01
1.650513719276216250e+15,4.908738521234056740e-01
1.650513719278100250e+15,4.908738521234057850e-01
1.650513719279984500e+15,4.908738521234058960e-01
1.650513719281868500e+15,4.908738521234060070e-01
1.650513719283752500e+15,4.908738521234060070e-01
1.650513719285636500e+15,4.908738521234061736e-01
1.650513719287520750e+15,4.908738521234060626e-01
1.650513719289404750e+15,4.908738521234058405e-01
1.650513719291288750e+15,4.908738521234057295e-01
1.650513719293173000e+15,4.908738521234055630e-01
1.650513719295057000e+15,4.908738521234053964e-01
1.650513719296941000e+15,4.908738521234053409e-01
1.650513719298825000e+15,4.908738521234053409e-01
1.650513719300709250e+15,4.908738521234052854e-01
1.650513719302593250e+15,4.908738521234053964e-01
1.650513719304477250e+15,4.908738521234052854e-01
1.650513719306361250e+15,4.908738521234052854e-01
1.650513719308245500e+15,4.908738521234053409e-01
1.650513719310129500e+15,4.908738521234053409e-01
1.650513719312013500e+15,4.908738521234053964e-01
1.650513719313897500e+15,4.908738521234053964e-01
1.650513719315781750e+15,4.908738521234055074e-01
1.650513719317665750e+15,4.908738521234055630e-01
1.650513719319549750e+15,4.908738521234057295e-01
1.650513719321434000e+15,4.908738521234057295e-01
1.650513719323318000e+15,4.908738521234057850e-01
1.650513719325202000e+15,4.908738521234058960e-01
1.650513719327086000e+15,4.908738521234059515e-01
1.650513719328970250e+15,4.908738521234060626e-01
1.650513719330854250e+15,4.908738521234061736e-01
1.650513719332738250e+15,4.908738521234061736e-01
1.650513719334622250e+15,4.908738521234061736e-01
1.650513719336506500e+15,4.908738521234061736e-01
1.650513719338390500e+15,4.908738521234062291e-01
1.650513719340274500e+15,4.908738521234062291e-01
1.650513719342158500e+15,4.908738521234061736e-01
1.650513719344042750e+15,4.908738521234061736e-01
1.650513719345926750e+15,4.908738521234061736e-01
1.650513719347810750e+15,4.912970584175109234e-01
1.650513719349695000e+15,4.918679740857886951e-01
1.650513719351579000e+15,4.924388140056693564e-01
1.650513719353463000e+15,4.930096539255500732e-01
1.650513719355347000e+15,4.935804938454307900e-01
1.650513719357231250e+15,4.941514095137084506e-01
1.650513719359115250e+15,4.947222494335891674e-01
1.650513719360999250e+15,4.952930893534698842e-01
1.650513719362883250e+15,4.958639292733505455e-01
1.650513719364767500e+15,4.964348449416282616e-01
1.650513719366651500e+15,4.970056848615090339e-01
1.650513719368535500e+15,4.980013298542098066e-01
1.650513719370419500e+15,4.990000408017265521e-01
1.650513719372303750e+15,4.999988842745812789e-01
1.650513719374187750e+15,5.009975952220979689e-01
1.650513719376071750e+15,5.019963061696146589e-01
1.650513719377956000e+15,5.029951496424693858e-01
1.650513719379840000e+15,5.053866199152980965e-01
1.650513719381724000e+15,5.080253049683696176e-01
1.650513719383608000e+15,5.106639900214411387e-01
1.650513719385492250e+15,5.133030252184954678e-01
1.650513719387376250e+15,5.149979888392955951e-01
1.650513719389260250e+15,5.128859159006525781e-01
1.650513719391144250e+15,5.107738429620095610e-01
1.650513719393028500e+15,5.086614897589107898e-01
1.650513719394912500e+15,5.065494168202677727e-01
1.650513719396796500e+15,5.044373438816246447e-01
1.650513719398680500e+15,5.023252709429816276e-01
1.650513719400564750e+15,5.002129177398827453e-01
1.650513719402448750e+15,4.981008448012397283e-01
1.650513719404332750e+15,4.973019888291343449e-01
1.650513719406217000e+15,4.979065492348178079e-01
1.650513719408101000e+15,4.985110294281615007e-01
1.650513719409985000e+15,4.991155096215051934e-01
1.650513719411869000e+15,4.997199898148488306e-01
1.650513719413753250e+15,5.003245502205324602e-01
1.650513719415637250e+15,5.009290304138760419e-01
1.650513719417521250e+15,5.015335106072196236e-01
1.650513719419405250e+15,5.021379908005633164e-01
1.650513719421289500e+15,5.027425512062468904e-01
1.650513719423173500e+15,5.049937793411445330e-01
1.650513719425057500e+15,5.105424398084130733e-01
1.650513719426941500e+15,5.160911002756813915e-01
1.650513719428825750e+15,5.216404970301667943e-01
1.650513719430709750e+15,5.271891574974353345e-01
1.650513719432593750e+15,5.327378179647037637e-01
1.650513719434478000e+15,5.327061773519170540e-01
1.650513719436362000e+15,5.313144586773104194e-01
1.650513719438246000e+15,5.299227400027037849e-01
1.650513719440130000e+15,5.285310213280971503e-01
1.650513719442014250e+15,5.271391179774456148e-01
1.650513719443898250e+15,5.257473993028389803e-01
1.650513719445782250e+15,5.243556806282323457e-01
1.650513719447666250e+15,5.229639619536258222e-01
1.650513719449550500e+15,5.215720586029742867e-01
1.650513719451434500e+15,5.201803399283675411e-01
1.650513719453318500e+15,5.187886212537610175e-01
1.650513719455202500e+15,5.173969025791543830e-01
1.650513719457086750e+15,5.160049992285028475e-01
1.650513719458970750e+15,5.154175447295745727e-01
1.650513719460854750e+15,5.154175447295745727e-01
1.650513719462739000e+15,5.154175447295745727e-01
1.650513719464623000e+15,5.154175447295745727e-01
1.650513719466507000e+15,5.154175447295745727e-01
1.650513719468391000e+15,5.154175447295745727e-01
1.650513719470275250e+15,5.154175447295745727e-01
1.650513719472159250e+15,5.154175447295746837e-01
1.650513719474043250e+15,5.154175447295749057e-01
1.650513719475927250e+15,5.154175447295750168e-01
1.650513719477811500e+15,5.154175447295752388e-01
1.650513719479695500e+15,5.154175447295753498e-01
1.650513719481579500e+15,5.154175447295754608e-01
1.650513719483463500e+15,5.154175447295753498e-01
1.650513719485347750e+15,5.154175447295753498e-01
1.650513719487231750e+15,5.154175447295752388e-01
1.650513719489115750e+15,5.154175447295750168e-01
1.650513719491000000e+15,5.154175447295750168e-01
1.650513719492884000e+15,5.154175447295750168e-01
1.650513719494768000e+15,5.154175447295747947e-01
1.650513719496652000e+15,5.154175447295747947e-01
1.650513719498536250e+15,5.154175447295746837e-01
1.650513719500420250e+15,5.154175447295746837e-01
1.650513719502304250e+15,5.160609816091480395e-01
1.650513719504188250e+15,5.168636534059475318e-01
1.650513719506072500e+15,5.176664317143974126e-01
1.650513719507956500e+15,5.184691035111969049e-01
1.650513719509840500e+15,5.192717753079963972e-01
1.650513719511724500e+15,5.200744471047958895e-01
1.650513719513608750e+15,5.208772254132457702e-01
1.650513719515492750e+15,5.216798972100452625e-01
1.650513719517376750e+15,5.224825690068447548e-01
1.650513719519261000e+15,5.232853473152945245e-01
1.650513719521145000e+15,5.240880191120941278e-01
1.650513719523029000e+15,5.248906909088936201e-01
1.650513719524913000e+15,5.256933627056931124e-01
1.650513719526797250e+15,5.264961410141428821e-01
1.650513719528681250e+15,5.272988128109424855e-01
1.650513719530565250e+15,5.281191500238496817e-01
1.650513719532449250e+15,5.289562303437268520e-01
1.650513719534333500e+15,5.297934217411411906e-01
1.650513719536217500e+15,5.306305020610184719e-01
1.650513719538101500e+15,5.314675823808956423e-01
1.650513719539985500e+15,5.323046627007728127e-01
1.650513719541869750e+15,5.331418540981871512e-01
1.650513719543753750e+15,5.338253141842015381e-01
1.650513719545637750e+15,5.338253141842015381e-01
1.650513719547522000e+15,5.338253141842015381e-01
1.650513719549406000e+15,5.338253141842015381e-01
1.650513719551290000e+15,5.338253141842015381e-01
1.650513719553174000e+15,5.338253141842015381e-01
1.650513719555058250e+15,5.338253141842015381e-01
1.650513719556942250e+15,5.338253141842017602e-01
1.650513719558826250e+15,5.338253141842018712e-01
1.650513719560710250e+15,5.338253141842019822e-01
1.650513719562594500e+15,5.338253141842022043e-01
1.650513719564478500e+15,5.338253141842024263e-01
1.650513719566362500e+15,5.338253141842024263e-01
1.650513719568246500e+15,5.338253141842026483e-01
1.650513719570130750e+15,5.338253141842028704e-01
1.650513719572014750e+15,5.338253141842029814e-01
1.650513719573898750e+15,5.338253141842030924e-01
1.650513719575783000e+15,5.338253141842033145e-01
1.650513719577667000e+15,5.344047115431667105e-01
1.650513719579551000e+15,5.349872006703210170e-01
1.650513719581435000e+15,5.355696897974753234e-01
1.650513719583319250e+15,5.361522562188343333e-01
1.650513719585203250e+15,5.367347453459887507e-01
1.650513719587087250e+15,5.373172344731429462e-01
1.650513719588971250e+15,5.378997236002972526e-01
1.650513719590855500e+15,5.384822900216563735e-01
1.650513719592739500e+15,5.390647791488105689e-01
1.650513719594623500e+15,5.396472682759648754e-01
1.650513719596507500e+15,5.397148073122944867e-01
1.650513719598391750e+15,5.391801662395411254e-01
1.650513719600275750e+15,5.386455961023155492e-01
1.650513719602159750e+15,5.381110259650900840e-01
1.650513719604044000e+15,5.375763848923367227e-01
1.650513719605928000e+15,5.370418147551111465e-01
1.650513719607812000e+15,5.365072446178857923e-01
1.650513719609696000e+15,5.359726744806601051e-01
1.650513719611580250e+15,5.354380334079068549e-01
1.650513719613464250e+15,5.349034632706812786e-01
1.650513719615348250e+15,5.343688931334557024e-01
1.650513719617232250e+15,5.338343229962301262e-01
1.650513719619116500e+15,5.346868268140536617e-01
1.650513719621000500e+15,5.355629886465159695e-01
1.650513719622884500e+15,5.364391504789782772e-01
1.650513719624768500e+15,5.373153123114404739e-01
1.650513719626652750e+15,5.381915904074157098e-01
1.650513719628536750e+15,5.390677522398779065e-01
1.650513719630420750e+15,5.399439140723402142e-01
1.650513719632305000e+15,5.387891357677568882e-01
1.650513719634189000e+15,5.375935540925570466e-01
1.650513719636073000e+15,5.363979724173572050e-01
1.650513719637957000e+15,5.352023907421573634e-01
1.650513719639841250e+15,5.340066504175844386e-01
1.650513719641725250e+15,5.338253141842040916e-01
1.650513719643609250e+15,5.338253141842039806e-01
1.650513719645493250e+15,5.338253141842038696e-01
1.650513719647377500e+15,5.338253141842037586e-01
1.650513719649261500e+15,5.338253141842036475e-01
1.650513719651145500e+15,5.338253141842035365e-01
1.650513719653029500e+15,5.338253141842035365e-01
1.650513719654913750e+15,5.338253141842033145e-01
1.650513719656797750e+15,5.347599370571585187e-01
1.650513719658681750e+15,5.358157484753252042e-01
1.650513719660566000e+15,5.368716999958562663e-01
1.650513719662450000e+15,5.379275114140230629e-01
1.650513719664334000e+15,5.389833228321897485e-01
1.650513719666218000e+15,5.399199629785036425e-01
1.650513719668102250e+15,5.393604578876068922e-01
1.650513719669986250e+15,5.388010270311655026e-01
1.650513719671870250e+15,5.382415961747240019e-01
1.650513719673754250e+15,5.376821653182825012e-01
1.650513719675638500e+15,5.371226602273856399e-01
1.650513719677522500e+15,5.365632293709442502e-01
1.650513719679406500e+15,5.360037985145028605e-01
1.650513719681290500e+15,5.354443676580613598e-01
1.650513719683174750e+15,5.348848625671644985e-01
1.650513719685058750e+15,5.343254317107229978e-01
1.650513719686942750e+15,5.339124251045681557e-01
1.650513719688827000e+15,5.347341460141840086e-01
1.650513719690711000e+15,5.355557578988683343e-01
1.650513719692595000e+15,5.363773697835525489e-01
1.650513719694479000e+15,5.371989816682367636e-01
1.650513719696363250e+15,5.380207025778526164e-01
1.650513719698247250e+15,5.388423144625369421e-01
1.650513719700131250e+15,5.396639263472211567e-01
1.650513719702015250e+15,5.399612373357474127e-01
1.650513719703899500e+15,5.399612373357474127e-01
1.650513719705783500e+15,5.399612373357474127e-01
1.650513719707667500e+15,5.399612373357474127e-01
1.650513719709551500e+15,5.399612373357474127e-01
1.650513719711435750e+15,5.403093525389275342e-01
1.650513719713319750e+15,5.414367251952083571e-01
1.650513719715203750e+15,5.425640978514891799e-01
1.650513719717088000e+15,5.436916201060524312e-01
1.650513719718972000e+15,5.448189927623331430e-01
1.650513719720856000e+15,5.459463654186139658e-01
1.650513719722740000e+15,5.470737380748947887e-01
1.650513719724624250e+15,5.482012603294579289e-01
1.650513719726508250e+15,5.493286329857387518e-01
1.650513719728392250e+15,5.504560056420195746e-01
1.650513719730276250e+15,5.515833782983002864e-01
1.650513719732160500e+15,5.522330836388293918e-01
1.650513719734044500e+15,5.522330836388293918e-01
1.650513719735928500e+15,5.522330836388293918e-01
1.650513719737812500e+15,5.522330836388293918e-01
1.650513719739696750e+15,5.522330836388293918e-01
1.650513719741580750e+15,5.522330836388293918e-01
1.650513719743464750e+15,5.522330836388293918e-01
1.650513719745349000e+15,5.522330836388293918e-01
1.650513719747233000e+15,5.522330836388293918e-01
1.650513719749117000e+15,5.522330836388293918e-01
1.650513719751001000e+15,5.522330836388293918e-01
1.650513719752885250e+15,5.522330836388293918e-01
1.650513719754769250e+15,5.522330836388297248e-01
1.650513719756653250e+15,5.522330836388300579e-01
1.650513719758537250e+15,5.522330836388302799e-01
1.650513719760421500e+15,5.522330836388306130e-01
1.650513719762305500e+15,5.522330836388309461e-01
1.650513719764189500e+15,5.525702980279291188e-01
1.650513719766073500e+15,5.547349041916791457e-01
1.650513719767957750e+15,5.568997975908541731e-01
1.650513719769841750e+15,5.590644037546039780e-01
1.650513719771725750e+15,5.612290099183540049e-01
1.650513719773610000e+15,5.633939033175291433e-01
1.650513719775494000e+15,5.645049299419165889e-01
1.650513719777378000e+15,5.645049299419164779e-01
1.650513719779262000e+15,5.645049299419163669e-01
1.650513719781146250e+15,5.645049299419162558e-01
1.650513719783030250e+15,5.645049299419161448e-01
1.650513719784914250e+15,5.645049299419160338e-01
1.650513719786798250e+15,5.645049299419159228e-01
1.650513719788682500e+15,5.645049299419158118e-01
1.650513719790566500e+15,5.645049299419157007e-01
1.650513719792450500e+15,5.645049299419155897e-01
1.650513719794334500e+15,5.645049299419153677e-01
1.650513719796218750e+15,5.645049299419151456e-01
1.650513719798102750e+15,5.645049299419150346e-01
1.650513719799986750e+15,5.645049299419149236e-01
1.650513719801871000e+15,5.645049299419151456e-01
1.650513719803755000e+15,5.645049299419151456e-01
1.650513719805639000e+15,5.645049299419152566e-01
1.650513719807523000e+15,5.645049299419153677e-01
1.650513719809407250e+15,5.645049299419154787e-01
1.650513719811291250e+15,5.645049299419154787e-01
1.650513719813175250e+15,5.645049299419155897e-01
1.650513719815059250e+15,5.645049299419157007e-01
1.650513719816943500e+15,5.645049299419157007e-01
1.650513719818827500e+15,5.645049299419158118e-01
1.650513719820711500e+15,5.645049299419157007e-01
1.650513719822595500e+15,5.645049299419155897e-01
1.650513719824479750e+15,5.645049299419155897e-01
1.650513719826363750e+15,5.645049299419154787e-01
1.650513719828247750e+15,5.645049299419153677e-01
1.650513719830132000e+15,5.645049299419153677e-01
1.650513719832016000e+15,5.645049299419153677e-01
1.650513719833900000e+15,5.645049299419152566e-01
1.650513719835784000e+15,5.645049299419151456e-01
1.650513719837668250e+15,5.645049299419150346e-01
1.650513719839552250e+15,5.645049299419150346e-01
1.650513719841436250e+15,5.645049299419150346e-01
1.650513719843320250e+15,5.645049299419149236e-01
1.650513719845204500e+15,5.645049299419150346e-01
1.650513719847088500e+15,5.645049299419151456e-01
1.650513719848972500e+15,5.645049299419151456e-01
1.650513719850856500e+15,5.645049299419151456e-01
1.650513719852740750e+15,5.645049299419153677e-01
1.650513719854624750e+15,5.645049299419153677e-01
1.650513719856508750e+15,5.645049299419154787e-01
1.650513719858393000e+15,5.645049299419155897e-01
1.650513719860277000e+15,5.645049299419155897e-01
1.650513719862161000e+15,5.645049299419157007e-01
1.650513719864045000e+15,5.645049299419157007e-01
1.650513719865929250e+15,5.645049299419158118e-01
1.650513719867813250e+15,5.645049299419158118e-01
1.650513719869697250e+15,5.645049299419158118e-01
1.650513719871581250e+15,5.645049299419158118e-01
1.650513719873465500e+15,5.645049299419158118e-01
1.650513719875349500e+15,5.645049299419158118e-01
1.650513719877233500e+15,5.645049299419158118e-01
1.650513719879117500e+15,5.645049299419158118e-01
1.650513719881001750e+15,5.645049299419158118e-01
1.650513719882885750e+15,5.645049299419158118e-01
1.650513719884769750e+15,5.645049299419158118e-01
1.650513719886654000e+15,5.645049299419158118e-01
1.650513719888538000e+15,5.645049299419158118e-01
1.650513719890422000e+15,5.645049299419159228e-01
1.650513719892306000e+15,5.645049299419160338e-01
1.650513719894190250e+15,5.645049299419162558e-01
1.650513719896074250e+15,5.645049299419163669e-01
1.650513719897958250e+15,5.645049299419164779e-01
1.650513719899842250e+15,5.645049299419166999e-01
1.650513719901726500e+15,5.645049299419166999e-01
1.650513719903610500e+15,5.645049299419165889e-01
1.650513719905494500e+15,5.645049299419164779e-01
1.650513719907378500e+15,5.645049299419163669e-01
1.650513719909262750e+15,5.645049299419162558e-01
1.650513719911146750e+15,5.645049299419162558e-01
1.650513719913030750e+15,5.645049299419161448e-01
1.650513719914915000e+15,5.645049299419160338e-01
1.650513719916799000e+15,5.645049299419160338e-01
1.650513719918683000e+15,5.645049299419159228e-01
1.650513719920567000e+15,5.645049299419159228e-01
1.650513719922451250e+15,5.645049299419158118e-01
1.650513719924335250e+15,5.645049299419155897e-01
1.650513719926219250e+15,5.645049299419153677e-01
1.650513719928103250e+15,5.645049299419152566e-01
1.650513719929987500e+15,5.645049299419150346e-01
1.650513719931871500e+15,5.645049299419150346e-01
1.650513719933755500e+15,5.645049299419151456e-01
1.650513719935639500e+15,5.645049299419152566e-01
1.650513719937523750e+15,5.645049299419153677e-01
1.650513719939407750e+15,5.645049299419155897e-01
1.650513719941291750e+15,5.645049299419157007e-01
1.650513719943176000e+15,5.645049299419158118e-01
1.650513719945060000e+15,5.645049299419158118e-01
1.650513719946944000e+15,5.645049299419158118e-01
1.650513719948828000e+15,5.645049299419158118e-01
1.650513719950712250e+15,5.645049299419158118e-01
1.650513719952596250e+15,5.645049299419158118e-01
1.650513719954480250e+15,5.645049299419158118e-01
1.650513719956364250e+15,5.645049299419158118e-01
1.650513719958248500e+15,5.645049299419158118e-01
1.650513719960132500e+15,5.645049299419158118e-01
1.650513719962016500e+15,5.645049299419158118e-01
1.650513719963900500e+15,5.645049299419159228e-01
1.650513719965784750e+15,5.645049299419158118e-01
1.650513719967668750e+15,5.645049299419158118e-01
1.650513719969552750e+15,5.645049299419158118e-01
1.650513719971437000e+15,5.645049299419158118e-01
1.650513719973321000e+15,5.645049299419158118e-01
1.650513719975205000e+15,5.645049299419158118e-01
1.650513719977089000e+15,5.645049299419158118e-01
1.650513719978973250e+15,5.645049299419158118e-01
1.650513719980857250e+15,5.645049299419158118e-01
1.650513719982741250e+15,5.645049299419158118e-01
1.650513719984625250e+15,5.645049299419158118e-01
1.650513719986509500e+15,5.645049299419158118e-01
1.650513719988393500e+15,5.645920741394857556e-01
1.650513719990277500e+15,5.657361833256999706e-01
1.650513719992161500e+15,5.668802925119142966e-01
1.650513719994045750e+15,5.680245535172880889e-01
1.650513719995929750e+15,5.691686627035023038e-01
1.650513719997813750e+15,5.703127718897166298e-01
1.650513719999698000e+15,5.706408530934599099e-01
1.650513720001582000e+15,5.706408530934599099e-01
1.650513720003466000e+15,5.706408530934599099e-01
1.650513720005350000e+15,5.706408530934599099e-01
1.650513720007234250e+15,5.706408530934599099e-01
1.650513720009118250e+15,5.706408530934599099e-01
1.650513720011002250e+15,5.694277033546927269e-01
1.650513720012886250e+15,5.676590253838378342e-01
1.650513720014770500e+15,5.658901127158001421e-01
1.650513720016654500e+15,5.641214347449452493e-01
1.650513720018538500e+15,5.623527567740903566e-01
1.650513720020422500e+15,5.605840788032354638e-01
1.650513720022306750e+15,5.588151661351975497e-01
1.650513720024190750e+15,5.587958911668728934e-01
1.650513720026074750e+15,5.593667874687892061e-01
1.650513720027959000e+15,5.599377595265844221e-01
1.650513720029843000e+15,5.605086558285008458e-01
1.650513720031727000e+15,5.610795521304172695e-01
1.650513720033611000e+15,5.616504484323336932e-01
1.650513720035495250e+15,5.622214204901287982e-01
1.650513720037379250e+15,5.627923167920452219e-01
1.650513720039263250e+15,5.633632130939616456e-01
1.650513720041147250e+15,5.639341093958780693e-01
1.650513720043031500e+15,5.645049299419158118e-01
1.650513720044915500e+15,5.645049299419158118e-01
1.650513720046799500e+15,5.645049299419158118e-01
1.650513720048683500e+15,5.645049299419158118e-01
1.650513720050567750e+15,5.645049299419158118e-01
1.650513720052451750e+15,5.645049299419158118e-01
1.650513720054335750e+15,5.645049299419158118e-01
1.650513720056220000e+15,5.655046351960187900e-01
1.650513720058104000e+15,5.667111981035971580e-01
1.650513720059988000e+15,5.679177610111756369e-01
1.650513720061872000e+15,5.691243239187541159e-01
1.650513720063756250e+15,5.703310469328753962e-01
1.650513720065640250e+15,5.711947356613392701e-01
1.650513720067524250e+15,5.719399702679345276e-01
1.650513720069408250e+15,5.726852048745296742e-01
1.650513720071292500e+15,5.734305383710673887e-01
1.650513720073176500e+15,5.741757729776624242e-01
1.650513720075060500e+15,5.749210075842576817e-01
1.650513720076944500e+15,5.756662421908528282e-01
1.650513720078828750e+15,5.764115756873904317e-01
1.650513720080712750e+15,5.767767762450014546e-01
1.650513720082596750e+15,5.767767762450015656e-01
1.650513720084481000e+15,5.767767762450016766e-01
1.650513720086365000e+15,5.767767762450017877e-01
1.650513720088249000e+15,5.767767762450020097e-01
1.650513720090133000e+15,5.767767762450022317e-01
1.650513720092017250e+15,5.758570296891690754e-01
1.650513720093901250e+15,5.743453153936930455e-01
1.650513720095785250e+15,5.728336010982169046e-01
1.650513720097669250e+15,5.713218868027408748e-01
1.650513720099553500e+15,5.692605036640827620e-01
1.650513720101437500e+15,5.667490808490692755e-01
1.650513720103321500e+15,5.642376580340556780e-01
1.650513720105205500e+15,5.617262352190420804e-01
1.650513720107089750e+15,5.592144791472856147e-01
1.650513720108973750e+15,5.567030563322720171e-01
1.650513720110857750e+15,5.541916335172584196e-01
1.650513720112742000e+15,5.523521581353414422e-01
1.650513720114626000e+15,5.528927276568520455e-01
1.650513720116510000e+15,5.534332971783626487e-01
1.650513720118394000e+15,5.539738666998733629e-01
1.650513720120278250e+15,5.545145079530084953e-01
1.650513720122162250e+15,5.550550774745190985e-01
1.650513720124046250e+15,5.555956469960298127e-01
1.650513720125930250e+15,5.561362165175405270e-01
1.650513720127814500e+15,5.566768577706755483e-01
1.650513720129698500e+15,5.572174272921862626e-01
1.650513720131582500e+15,5.577579968136968658e-01
1.650513720133466500e+15,5.582985663352075800e-01
1.650513720135350750e+15,5.620487803397313797e-01
1.650513720137234750e+15,5.662792568413281824e-01
1.650513720139118750e+15,5.705097333429250961e-01
1.650513720141003000e+15,5.747407712134845470e-01
1.650513720142887000e+15,5.789712477150814607e-01
1.650513720144771000e+15,5.832017242166782633e-01
1.650513720146655000e+15,5.874322007182751770e-01
1.650513720148539250e+15,5.916632385888345169e-01
1.650513720150423250e+15,5.958937150904314306e-01
1.650513720152307250e+15,6.001241915920283443e-01
1.650513720154191250e+15,5.975693757316471455e-01
1.650513720156075500e+15,5.923386654926361405e-01
1.650513720157959500e+15,5.871086492579024041e-01
1.650513720159843500e+15,5.818786330231687787e-01
1.650513720161727500e+15,5.766486167884351532e-01
1.650513720163611750e+15,5.714179065494240373e-01
1.650513720165495750e+15,5.661878903146904118e-01
1.650513720167379750e+15,5.666190396377182026e-01
1.650513720169264000e+15,5.697366379114932045e-01
1.650513720171148000e+15,5.728538225461180522e-01
1.650513720173032000e+15,5.759710071807430110e-01
1.650513720174916000e+15,5.790881918153677477e-01
1.650513720176800250e+15,5.822057900891426385e-01
1.650513720178684250e+15,5.853229747237674863e-01
1.650513720180568250e+15,5.884401593583923340e-01
1.650513720182452250e+15,5.915573439930172928e-01
1.650513720184336500e+15,5.946749422667921836e-01
1.650513720186220500e+15,5.977921269014169203e-01
1.650513720188104500e+15,6.009093115360418791e-01
1.650513720189988500e+15,6.004359115735736774e-01
1.650513720191872750e+15,5.994168182991537197e-01
1.650513720193756750e+15,5.983978602367908683e-01
1.650513720195640750e+15,5.973789021744280170e-01
1.650513720197525000e+15,5.963598089000080593e-01
1.650513720199409000e+15,5.953408508376452080e-01
1.650513720201293000e+15,5.943218927752823566e-01
1.650513720203177000e+15,5.933029347129195052e-01
1.650513720205061250e+15,5.922838414384995476e-01
1.650513720206945250e+15,5.912648833761365852e-01
1.650513720208829250e+15,5.902459253137737338e-01
1.650513720210713250e+15,5.892269672514109935e-01
1.650513720212597500e+15,5.890486225480859872e-01
1.650513720214481500e+15,5.890486225480859872e-01
1.650513720216365500e+15,5.890486225480859872e-01
1.650513720218249500e+15,5.890486225480859872e-01
1.650513720220133750e+15,5.890486225480859872e-01
1.650513720222017750e+15,5.890486225480858762e-01
1.650513720223901750e+15,5.890486225480859872e-01
1.650513720225786000e+15,5.890486225480858762e-01
1.650513720227670000e+15,5.890486225480859872e-01
1.650513720229554000e+15,5.890486225480859872e-01
1.650513720231438000e+15,5.890486225480858762e-01
1.650513720233322250e+15,5.893395661390679052e-01
1.650513720235206250e+15,5.908569024031788963e-01
1.650513720237090250e+15,5.923742386672897764e-01
1.650513720238974250e+15,5.938915749314006565e-01
1.650513720240858500e+15,5.954091125405572837e-01
1.650513720242742500e+15,5.969264488046681638e-01
1.650513720244626500e+15,5.984437850687790439e-01
1.650513720246510500e+15,5.999611213328899240e-01
1.650513720248394750e+15,6.014786589420465512e-01
1.650513720250278750e+15,6.029959952061574313e-01
1.650513720252162750e+15,6.045133314702683114e-01
1.650513720254047000e+15,6.060308690794249387e-01
1.650513720255931000e+15,6.071761455126193363e-01
1.650513720257815000e+15,6.025447035184263722e-01
1.650513720259699000e+15,5.979132615242334081e-01
1.650513720261583250e+15,5.932812049544042843e-01
1.650513720263467250e+15,5.886497629602112092e-01
1.650513720265351250e+15,5.840183209660181340e-01
1.650513720267235250e+15,5.793868789718251699e-01
1.650513720269119500e+15,5.783134037063266675e-01
1.650513720271003500e+15,5.818331680067951872e-01
1.650513720272887500e+15,5.853529323072637069e-01
1.650513720274771500e+15,5.888726966077320046e-01
1.650513720276655750e+15,5.923929279682190741e-01
1.650513720278539750e+15,5.949622482420792169e-01
1.650513720280423750e+15,5.938876917057800409e-01
1.650513720282308000e+15,5.928129925797069877e-01
1.650513720284192000e+15,5.917384360434079227e-01
1.650513720286076000e+15,5.906638795071088577e-01
1.650513720287960000e+15,5.895893229708096817e-01
1.650513720289844250e+15,5.890486225480860982e-01
1.650513720291728250e+15,5.890486225480860982e-01
1.650513720293612250e+15,5.890486225480859872e-01
1.650513720295496250e+15,5.890486225480859872e-01
1.650513720297380500e+15,5.890486225480859872e-01
1.650513720299264500e+15,5.890486225480859872e-01
1.650513720301148500e+15,5.890486225480859872e-01
1.650513720303032500e+15,5.890486225480859872e-01
1.650513720304916750e+15,5.890486225480859872e-01
1.650513720306800750e+15,5.890486225480859872e-01
1.650513720308684750e+15,5.890486225480859872e-01
1.650513720310569000e+15,5.890486225480859872e-01
1.650513720312453000e+15,5.890486225480859872e-01
1.650513720314337000e+15,5.890486225480859872e-01
1.650513720316221000e+15,5.890486225480859872e-01
1.650513720318105250e+15,5.890486225480859872e-01
1.650513720319989250e+15,5.890486225480859872e-01
1.650513720321873250e+15,5.890486225480859872e-01
1.650513720323757250e+15,5.890486225480859872e-01
1.650513720325641500e+15,5.890486225480859872e-01
1.650513720327525500e+15,5.890486225480859872e-01
1.650513720329409500e+15,5.890486225480859872e-01
1.650513720331293500e+15,5.890486225480859872e-01
1.650513720333177750e+15,5.890486225480859872e-01
1.650513720335061750e+15,5.890486225480859872e-01
1.650513720336945750e+15,5.890486225480859872e-01
1.650513720338830000e+15,5.890486225480859872e-01
1.650513720340714000e+15,5.890486225480859872e-01
1.650513720342598000e+15,5.890486225480859872e-01
1.650513720344482000e+15,5.890486225480859872e-01
1.650513720346366250e+15,5.890486225480859872e-01
1.650513720348250250e+15,5.890486225480859872e-01
1.650513720350134250e+15,5.890486225480859872e-01
1.650513720352018250e+15,5.890486225480859872e-01
1.650513720353902500e+15,5.890486225480859872e-01
1.650513720355786500e+15,5.890486225480859872e-01
1.650513720357670500e+15,5.890486225480859872e-01
1.650513720359554500e+15,5.890486225480859872e-01
1.650513720361438750e+15,5.890486225480859872e-01
1.650513720363322750e+15,5.890486225480859872e-01
1.650513720365206750e+15,5.890486225480859872e-01
1.650513720367091000e+15,5.890486225480858762e-01
1.650513720368975000e+15,5.890486225480859872e-01
1.650513720370859000e+15,5.890486225480859872e-01
1.650513720372743000e+15,5.890486225480859872e-01
1.650513720374627250e+15,5.890486225480859872e-01
1.650513720376511250e+15,5.890486225480859872e-01
1.650513720378395250e+15,5.890486225480859872e-01
1.650513720380279250e+15,5.896133563261509725e-01
1.650513720382163500e+15,5.906255795093320327e-01
1.650513720384047500e+15,5.916376683919712942e-01
1.650513720385931500e+15,5.926497572746105558e-01
1.650513720387815500e+15,5.936618461572498173e-01
1.650513720389699750e+15,5.946740693404308775e-01
1.650513720391583750e+15,5.945094640167306599e-01
1.650513720393467750e+15,5.931473714966992716e-01
1.650513720395352000e+15,5.917850982319068365e-01
1.650513720397236000e+15,5.904230057118755592e-01
1.650513720399120000e+15,5.890609131918441710e-01
1.650513720401004000e+15,5.890486225480858762e-01
1.650513720402888250e+15,5.890486225480859872e-01
1.650513720404772250e+15,5.890486225480859872e-01
1.650513720406656250e+15,5.890486225480859872e-01
1.650513720408540250e+15,5.890486225480859872e-01
1.650513720410424500e+15,5.890486225480859872e-01
1.650513720412308500e+15,5.890486225480859872e-01
1.650513720414192500e+15,5.890486225480859872e-01
1.650513720416076500e+15,5.890486225480859872e-01
1.650513720417960750e+15,5.890486225480859872e-01
1.650513720419844750e+15,5.890486225480858762e-01
1.650513720421728750e+15,5.890486225480858762e-01
1.650513720423613000e+15,5.890486225480859872e-01
1.650513720425497000e+15,5.890486225480859872e-01
1.650513720427381000e+15,5.890486225480859872e-01
1.650513720429265000e+15,5.890486225480859872e-01
1.650513720431149250e+15,5.890486225480859872e-01
1.650513720433033250e+15,5.890486225480859872e-01
1.650513720434917250e+15,5.890486225480859872e-01
1.650513720436801250e+15,5.890486225480859872e-01
1.650513720438685500e+15,5.890486225480859872e-01
1.650513720440569500e+15,5.890486225480859872e-01
1.650513720442453500e+15,5.890486225480860982e-01
1.650513720444337500e+15,5.890486225480859872e-01
1.650513720446221750e+15,5.890486225480859872e-01
1.650513720448105750e+15,5.890486225480859872e-01
1.650513720449989750e+15,5.890486225480859872e-01
1.650513720451874000e+15,5.890486225480860982e-01
1.650513720453758000e+15,5.890486225480859872e-01
1.650513720455642000e+15,5.890486225480859872e-01
1.650513720457526000e+15,5.889561638329132709e-01
1.650513720459410250e+15,5.884048494846088051e-01
1.650513720461294250e+15,5.878536082840220001e-01
1.650513720463178250e+15,5.873023670834351950e-01
1.650513720465062250e+15,5.867511258828483900e-01
1.650513720466946500e+15,5.861998115345439242e-01
1.650513720468830500e+15,5.856485703339571192e-01
1.650513720470714500e+15,5.850973291333702031e-01
1.650513720472598500e+15,5.845460879327835091e-01
1.650513720474482750e+15,5.839947735844789323e-01
1.650513720476366750e+15,5.834435323838921272e-01
1.650513720478250750e+15,5.829540142570341921e-01
1.650513720480135000e+15,5.840701078180239314e-01
1.650513720482019000e+15,5.851860532970765139e-01
1.650513720483903000e+15,5.863019987761290963e-01
1.650513720485787000e+15,5.874179442551816788e-01
1.650513720487671250e+15,5.885340378161716401e-01
1.650513720489555250e+15,5.897385656181494129e-01
1.650513720491439250e+15,5.910188933640244668e-01
1.650513720493323250e+15,5.922992211098996318e-01
1.650513720495207500e+15,5.935797187506453021e-01
1.650513720497091500e+15,5.948600464965203560e-01
1.650513720498975500e+15,5.946404670265325043e-01
1.650513720500859500e+15,5.939116762550343820e-01
1.650513720502743750e+15,5.931827887756311313e-01
1.650513720504627750e+15,5.924539980041327869e-01
1.650513720506511750e+15,5.917252072326345536e-01
1.650513720508396000e+15,5.909963197532313028e-01
1.650513720510280000e+15,5.902675289817330695e-01
1.650513720512164000e+15,5.895387382102348361e-01
1.650513720514048000e+15,5.894047046196154716e-01
1.650513720515932250e+15,5.904921400220133343e-01
1.650513720517816250e+15,5.915794311448034914e-01
1.650513720519700250e+15,5.926667222675937596e-01
1.650513720521584250e+15,5.937540133903840278e-01
1.650513720523468500e+15,5.948414487927817795e-01
1.650513720525352500e+15,5.951845456996283090e-01
1.650513720527236500e+15,5.951845456996283090e-01
1.650513720529120500e+15,5.951845456996283090e-01
1.650513720531004750e+15,5.951845456996283090e-01
1.650513720532888750e+15,5.951845456996283090e-01
1.650513720534772750e+15,5.951845456996283090e-01
1.650513720536657000e+15,5.951845456996283090e-01
1.650513720538541000e+15,5.951845456996283090e-01
1.650513720540425000e+15,5.951845456996283090e-01
1.650513720542309000e+15,5.951845456996283090e-01
1.650513720544193250e+15,5.951845456996283090e-01
1.650513720546077250e+15,5.951845456996283090e-01
1.650513720547961250e+15,5.951845456996283090e-01
1.650513720549845250e+15,5.951845456996283090e-01
1.650513720551729500e+15,5.951845456996283090e-01
1.650513720553613500e+15,5.961622966395858647e-01
1.650513720555497500e+15,5.976865686883076068e-01
1.650513720557381500e+15,5.992108407370293488e-01
1.650513720559265750e+15,6.007353150511502982e-01
1.650513720561149750e+15,6.013204688511707419e-01
1.650513720563033750e+15,6.013204688511706308e-01
1.650513720564918000e+15,6.013204688511706308e-01
1.650513720566802000e+15,6.013204688511706308e-01
1.650513720568686000e+15,6.013204688511706308e-01
1.650513720570570000e+15,6.013204688511706308e-01
1.650513720572454250e+15,6.013204688511706308e-01
1.650513720574338250e+15,6.013204688511706308e-01
1.650513720576222250e+15,6.013204688511706308e-01
1.650513720578106250e+15,6.013204688511706308e-01
1.650513720579990500e+15,6.013204688511706308e-01
1.650513720581874500e+15,6.013204688511706308e-01
1.650513720583758500e+15,6.013204688511706308e-01
1.650513720585642500e+15,6.013204688511706308e-01
1.650513720587526750e+15,6.013204688511706308e-01
1.650513720589410750e+15,6.013204688511706308e-01
1.650513720591294750e+15,6.013204688511706308e-01
1.650513720593179000e+15,6.016155823063700225e-01
1.650513720595063000e+15,6.026357543239764247e-01
1.650513720596947000e+15,6.036559263415827159e-01
1.650513720598831000e+15,6.046760983591890071e-01
1.650513720600715250e+15,6.056964057499399923e-01
1.650513720602599250e+15,6.067165777675462834e-01
1.650513720604483250e+15,6.077367497851527967e-01
1.650513720606367250e+15,6.087569218027590878e-01
1.650513720608251500e+15,6.097772291935100730e-01
1.650513720610135500e+15,6.107974012111164752e-01
1.650513720612019500e+15,6.118175732287227664e-01
1.650513720613903500e+15,6.128377452463291686e-01
1.650513720615787750e+15,6.127597241072646472e-01
1.650513720617671750e+15,6.095633888397514744e-01
1.650513720619555750e+15,6.063670535722384125e-01
1.650513720621440000e+15,6.031702941625719516e-01
1.650513720623324000e+15,5.999739588950588898e-01
1.650513720625208000e+15,5.967776236275458279e-01
1.650513720627092000e+15,5.951845456996291972e-01
1.650513720628976250e+15,5.951845456996289752e-01
1.650513720630860250e+15,5.951845456996289752e-01
1.650513720632744250e+15,5.951845456996287531e-01
1.650513720634628250e+15,5.951845456996286421e-01
1.650513720636512500e+15,5.951845456996285311e-01
1.650513720638396500e+15,5.951845456996284200e-01
1.650513720640280500e+15,5.958946301260633627e-01
1.650513720642164500e+15,5.969627331675033677e-01
1.650513720644048750e+15,5.980309779423619299e-01
1.650513720645932750e+15,5.990990809838020459e-01
1.650513720647816750e+15,6.001671840252420509e-01
1.650513720649701000e+15,6.012354288001005020e-01
1.650513720651585000e+15,6.013204688511708529e-01
1.650513720653469000e+15,6.013204688511711860e-01
1.650513720655353000e+15,6.013204688511714080e-01
1.650513720657237250e+15,6.013204688511717411e-01
1.650513720659121250e+15,6.013204688511720741e-01
1.650513720661005250e+15,6.013204688511722962e-01
1.650513720662889250e+15,6.013204688511724072e-01
1.650513720664773500e+15,6.013204688511724072e-01
1.650513720666657500e+15,6.013204688511724072e-01
1.650513720668541500e+15,6.013204688511724072e-01
1.650513720670425500e+15,6.013204688511724072e-01
1.650513720672309750e+15,6.013204688511724072e-01
1.650513720674193750e+15,6.013204688511724072e-01
1.650513720676077750e+15,6.013204688511724072e-01
1.650513720677962000e+15,6.013204688511724072e-01
1.650513720679846000e+15,6.013204688511724072e-01
1.650513720681730000e+15,6.013204688511724072e-01
1.650513720683614000e+15,6.013204688511724072e-01
1.650513720685498250e+15,6.013204688511724072e-01
1.650513720687382250e+15,6.013204688511724072e-01
1.650513720689266250e+15,6.013204688511724072e-01
1.650513720691150250e+15,6.013204688511724072e-01
1.650513720693034500e+15,6.013204688511724072e-01
1.650513720694918500e+15,6.013204688511724072e-01
1.650513720696802500e+15,6.013204688511724072e-01
1.650513720698686500e+15,6.013204688511724072e-01
1.650513720700570750e+15,6.013204688511724072e-01
1.650513720702454750e+15,6.013204688511724072e-01
1.650513720704338750e+15,6.013204688511724072e-01
1.650513720706223000e+15,6.013204688511724072e-01
1.650513720708107000e+15,6.013204688511724072e-01
1.650513720709991000e+15,6.013204688511724072e-01
1.650513720711875000e+15,6.013204688511724072e-01
1.650513720713759250e+15,6.013204688511722962e-01
1.650513720715643250e+15,6.013968095436448280e-01
1.650513720717527250e+15,6.018790421157083070e-01
1.650513720719411250e+15,6.023612746877717861e-01
1.650513720721295500e+15,6.028435712503569244e-01
1.650513720723179500e+15,6.033258038224205144e-01
1.650513720725063500e+15,6.038080363944839934e-01
1.650513720726947500e+15,6.042902689665474725e-01
1.650513720728831750e+15,6.047725655291326108e-01
1.650513720730715750e+15,6.052547981011962008e-01
1.650513720732599750e+15,6.057370306732596799e-01
1.650513720734484000e+15,6.062193272358448182e-01
1.650513720736368000e+15,6.067015598079082972e-01
1.650513720738252000e+15,6.071837923799718872e-01
1.650513720740136000e+15,6.074563920027147290e-01
1.650513720742020250e+15,6.074563920027147290e-01
1.650513720743904250e+15,6.074563920027147290e-01
1.650513720745788250e+15,6.074563920027147290e-01
1.650513720747672250e+15,6.074563920027147290e-01
1.650513720749556500e+15,6.074563920027147290e-01
1.650513720751440500e+15,6.074563920027147290e-01
1.650513720753324500e+15,6.074563920027147290e-01
1.650513720755208500e+15,6.074563920027147290e-01
1.650513720757092750e+15,6.074563920027147290e-01
1.650513720758976750e+15,6.074563920027146180e-01
1.650513720760860750e+15,6.074563920027147290e-01
1.650513720762745000e+15,6.074563920027147290e-01
1.650513720764629000e+15,6.074563920027147290e-01
1.650513720766513000e+15,6.074563920027147290e-01
1.650513720768397000e+15,6.074563920027147290e-01
1.650513720770281250e+15,6.074563920027147290e-01
1.650513720772165250e+15,6.074563920027148400e-01
1.650513720774049250e+15,6.074563920027147290e-01
1.650513720775933250e+15,6.074563920027146180e-01
1.650513720777817500e+15,6.074563920027147290e-01
1.650513720779701500e+15,6.074563920027147290e-01
1.650513720781585500e+15,6.074563920027147290e-01
1.650513720783469500e+15,6.074563920027147290e-01
1.650513720785353750e+15,6.074281316937996111e-01
1.650513720787237750e+15,6.068996709295707559e-01
1.650513720789121750e+15,6.063712101653417896e-01
1.650513720791006000e+15,6.058426792762768853e-01
1.650513720792890000e+15,6.053142185120480301e-01
1.650513720794774000e+15,6.047857577478190638e-01
1.650513720796658000e+15,6.042572969835902086e-01
1.650513720798542250e+15,6.037287660945251933e-01
1.650513720800426250e+15,6.032003053302963380e-01
1.650513720802310250e+15,6.026718445660673718e-01
1.650513720804194250e+15,6.021433838018385165e-01
1.650513720806078500e+15,6.016148529127735012e-01
1.650513720807962500e+15,6.013204688511715190e-01
1.650513720809846500e+15,6.013204688511715190e-01
1.650513720811730500e+15,6.013204688511716300e-01
1.650513720813614750e+15,6.013204688511717411e-01
1.650513720815498750e+15,6.013204688511717411e-01
1.650513720817382750e+15,6.013204688511719631e-01
1.650513720819267000e+15,6.013204688511719631e-01
1.650513720821151000e+15,6.013204688511719631e-01
1.650513720823035000e+15,6.013204688511720741e-01
1.650513720824919000e+15,6.013204688511721852e-01
1.650513720826803250e+15,6.013204688511722962e-01
1.650513720828687250e+15,6.013204688511722962e-01
1.650513720830571250e+15,6.013204688511722962e-01
1.650513720832455250e+15,6.013204688511722962e-01
1.650513720834339500e+15,6.013204688511724072e-01
1.650513720836223500e+15,6.013204688511724072e-01
1.650513720838107500e+15,6.013204688511724072e-01
1.650513720839991500e+15,6.013204688511724072e-01
1.650513720841875750e+15,6.013204688511722962e-01
1.650513720843759750e+15,6.019955744030567324e-01
1.650513720845643750e+15,6.031115198821094259e-01
1.650513720847528000e+15,6.042276134430991652e-01
1.650513720849412000e+15,6.053435589221518587e-01
1.650513720851296000e+15,6.064595044012043301e-01
1.650513720853180000e+15,6.074563920027147290e-01
1.650513720855064250e+15,6.074563920027147290e-01
1.650513720856948250e+15,6.074563920027147290e-01
1.650513720858832250e+15,6.074563920027147290e-01
1.650513720860716250e+15,6.074563920027147290e-01
1.650513720862600500e+15,6.074563920027147290e-01
1.650513720864484500e+15,6.074563920027147290e-01
1.650513720866368500e+15,6.074563920027147290e-01
1.650513720868252500e+15,6.074563920027147290e-01
1.650513720870136750e+15,6.074563920027147290e-01
1.650513720872020750e+15,6.074563920027147290e-01
1.650513720873904750e+15,6.072375422140646739e-01
1.650513720875789000e+15,6.062802172825176861e-01
1.650513720877673000e+15,6.053230193676790716e-01
1.650513720879557000e+15,6.043658214528404571e-01
1.650513720881441000e+15,6.034086235380018426e-01
1.650513720883325250e+15,6.024512986064548548e-01
1.650513720885209250e+15,6.014941006916161292e-01
1.650513720887093250e+15,6.031427541352982757e-01
1.650513720888977250e+15,6.053688429505311719e-01
1.650513720890861500e+15,6.075952271597153675e-01
1.650513720892745500e+15,6.098213159749482637e-01
1.650513720894629500e+15,6.120474047901811598e-01
1.650513720896513500e+15,6.133822207373847979e-01
1.650513720898397750e+15,6.126955418041846180e-01
1.650513720900281750e+15,6.120089539787106903e-01
1.650513720902165750e+15,6.113223661532367625e-01
1.650513720904050000e+15,6.106356872200365826e-01
1.650513720905934000e+15,6.099490993945626549e-01
1.650513720907818000e+15,6.092625115690887272e-01
1.650513720909702000e+15,6.085759237436149105e-01
1.650513720911586250e+15,6.078892448104147306e-01
1.650513720913470250e+15,6.074563920027148400e-01
1.650513720915354250e+15,6.074563920027147290e-01
1.650513720917238250e+15,6.074563920027147290e-01
1.650513720919122500e+15,6.074563920027147290e-01
1.650513720921006500e+15,6.074563920027147290e-01
1.650513720922890500e+15,6.074563920027147290e-01
1.650513720924774500e+15,6.074563920027147290e-01
1.650513720926658750e+15,6.074563920027147290e-01
1.650513720928542750e+15,6.074563920027147290e-01
1.650513720930426750e+15,6.074563920027147290e-01
1.650513720932311000e+15,6.074563920027147290e-01
1.650513720934195000e+15,6.074563920027147290e-01
1.650513720936079000e+15,6.079963654084652447e-01
1.650513720937963000e+15,6.089515859684971888e-01
1.650513720939847250e+15,6.099069332828496171e-01
1.650513720941731250e+15,6.108621538428814501e-01
1.650513720943615250e+15,6.118173744029133942e-01
1.650513720945499250e+15,6.127725949629452273e-01
1.650513720947383500e+15,6.135923151542570508e-01
1.650513720949267500e+15,6.135923151542570508e-01
1.650513720951151500e+15,6.135923151542570508e-01
1.650513720953035500e+15,6.135923151542569398e-01
1.650513720954919750e+15,6.135923151542570508e-01
1.650513720956803750e+15,6.135923151542569398e-01
1.650513720958687750e+15,6.135923151542570508e-01
1.650513720960572000e+15,6.135923151542570508e-01
1.650513720962456000e+15,6.135923151542568288e-01
1.650513720964340000e+15,6.135923151542568288e-01
1.650513720966224000e+15,6.135923151542567178e-01
1.650513720968108250e+15,6.135923151542567178e-01
1.650513720969992250e+15,6.135923151542566067e-01
1.650513720971876250e+15,6.135923151542566067e-01
1.650513720973760250e+15,6.135923151542564957e-01
1.650513720975644500e+15,6.135923151542564957e-01
1.650513720977528500e+15,6.135923151542563847e-01
1.650513720979412500e+15,6.135923151542563847e-01
1.650513720981296500e+15,6.135923151542563847e-01
1.650513720983180750e+15,6.135923151542562737e-01
1.650513720985064750e+15,6.135923151542561627e-01
1.650513720986948750e+15,6.132803387606597934e-01
1.650513720988833000e+15,6.120289464889537845e-01
1.650513720990717000e+15,6.107777202504535152e-01
1.650513720992601000e+15,6.095264940119532460e-01
1.650513720994485000e+15,6.082752677734528657e-01
1.650513720996369250e+15,6.078878344506137843e-01
1.650513720998253250e+15,6.091359535628471100e-01
1.650513721000137250e+15,6.103840726750802137e-01
1.650513721002021250e+15,6.116321917873135394e-01
1.650513721003905500e+15,6.128804765204480809e-01
1.650513721005789500e+15,6.135923151542561627e-01
1.650513721007673500e+15,6.135923151542561627e-01
1.650513721009557500e+15,6.135923151542561627e-01
1.650513721011441750e+15,6.135923151542561627e-01
1.650513721013325750e+15,6.135923151542561627e-01
1.650513721015209750e+15,6.135923151542561627e-01
1.650513721017094000e+15,6.135923151542561627e-01
1.650513721018978000e+15,6.135923151542561627e-01
1.650513721020862000e+15,6.135923151542561627e-01
1.650513721022746000e+15,6.135923151542561627e-01
1.650513721024630250e+15,6.135923151542560516e-01
1.650513721026514250e+15,6.135923151542560516e-01
1.650513721028398250e+15,6.138132695308733400e-01
1.650513721030282250e+15,6.142463286159677294e-01
1.650513721032166500e+15,6.146794451664393533e-01
1.650513721034050500e+15,6.151125042515336316e-01
1.650513721035934500e+15,6.155455633366279100e-01
1.650513721037818500e+15,6.159786224217220774e-01
1.650513721039702750e+15,6.164117389721939233e-01
1.650513721041586750e+15,6.168447980572880907e-01
1.650513721043470750e+15,6.172778571423823690e-01
1.650513721045355000e+15,6.177109736928541039e-01
1.650513721047239000e+15,6.181440327779483823e-01
1.650513721049123000e+15,6.185770918630426607e-01
1.650513721051007000e+15,6.190101509481368280e-01
1.650513721052891250e+15,6.194432674986086740e-01
1.650513721054775250e+15,6.197282383057984845e-01
1.650513721056659250e+15,6.197282383057984845e-01
1.650513721058543250e+15,6.197282383057984845e-01
1.650513721060427500e+15,6.197282383057984845e-01
1.650513721062311500e+15,6.197282383057984845e-01
1.650513721064195500e+15,6.197282383057984845e-01
1.650513721066079500e+15,6.197282383057984845e-01
1.650513721067963750e+15,6.188211364742175480e-01
1.650513721069847750e+15,6.178957378817180324e-01
1.650513721071731750e+15,6.169703392892184057e-01
1.650513721073616000e+15,6.160448178996658086e-01
1.650513721075500000e+15,6.151194193071662930e-01
1.650513721077384000e+15,6.141940207146667774e-01
1.650513721079268000e+15,6.133758729448112179e-01
1.650513721081152250e+15,6.127570091615814896e-01
1.650513721083036250e+15,6.121382274884464847e-01
1.650513721084920250e+15,6.115194458153113688e-01
1.650513721086804250e+15,6.109006641421763639e-01
1.650513721088688500e+15,6.102818003589467466e-01
1.650513721090572500e+15,6.096630186858116307e-01
1.650513721092456500e+15,6.090442370126765148e-01
1.650513721094340500e+15,6.084254553395415099e-01
1.650513721096224750e+15,6.078065915563118926e-01
1.650513721098108750e+15,6.076799153080041371e-01
1.650513721099992750e+15,6.081948867628110822e-01
1.650513721101877000e+15,6.087099265524714697e-01
1.650513721103761000e+15,6.092248980072784148e-01
1.650513721105645000e+15,6.097398694620854709e-01
1.650513721107529000e+15,6.102548409168924159e-01
1.650513721109413250e+15,6.107698807065526925e-01
1.650513721111297250e+15,6.112848521613597486e-01
1.650513721113181250e+15,6.117998236161668046e-01
1.650513721115065250e+15,6.123147950709737497e-01
1.650513721116949500e+15,6.128298348606340262e-01
1.650513721118833500e+15,6.133448063154410823e-01
1.650513721120717500e+15,6.135923151542562737e-01
1.650513721122601500e+15,6.135923151542563847e-01
1.650513721124485750e+15,6.135923151542563847e-01
1.650513721126369750e+15,6.135923151542563847e-01
1.650513721128253750e+15,6.135923151542564957e-01
1.650513721130138000e+15,6.135923151542566067e-01
1.650513721132022000e+15,6.135923151542566067e-01
1.650513721133906000e+15,6.135923151542566067e-01
1.650513721135790000e+15,6.135923151542567178e-01
1.650513721137674250e+15,6.135923151542568288e-01
1.650513721139558250e+15,6.135923151542568288e-01
1.650513721141442250e+15,6.135923151542570508e-01
1.650513721143326250e+15,6.135923151542570508e-01
1.650513721145210500e+15,6.135923151542570508e-01
1.650513721147094500e+15,6.135923151542570508e-01
1.650513721148978500e+15,6.135923151542570508e-01
1.650513721150862500e+15,6.135923151542570508e-01
1.650513721152746750e+15,6.135923151542571619e-01
1.650513721154630750e+15,6.135923151542570508e-01
1.650513721156514750e+15,6.135923151542570508e-01
1.650513721158399000e+15,6.135923151542570508e-01
1.650513721160283000e+15,6.135923151542570508e-01
1.650513721162167000e+15,6.135923151542570508e-01
1.650513721164051000e+15,6.135923151542570508e-01
1.650513721165935250e+15,6.136353348972539701e-01
1.650513721167819250e+15,6.141540497504131002e-01
1.650513721169703250e+15,6.146727646035721193e-01
1.650513721171587250e+15,6.151914794567313605e-01
1.650513721173471500e+15,6.157102631414792526e-01
1.650513721175355500e+15,6.162289779946383828e-01
1.650513721177239500e+15,6.167476928477974019e-01
1.650513721179123500e+15,6.172664077009566430e-01
1.650513721181007750e+15,6.177851913857044241e-01
1.650513721182891750e+15,6.183039062388635543e-01
1.650513721184775750e+15,6.188226210920226844e-01
1.650513721186660000e+15,6.193414047767706876e-01
1.650513721188544000e+15,6.196118380210622334e-01
1.650513721190428000e+15,6.191540131015572657e-01
1.650513721192312000e+15,6.186961881820521869e-01
1.650513721194196250e+15,6.182383025108326713e-01
1.650513721196080250e+15,6.177804775913275925e-01
1.650513721197964250e+15,6.173226526718224028e-01
1.650513721199848250e+15,6.168648277523172130e-01
1.650513721201732500e+15,6.164069420810978084e-01
1.650513721203616500e+15,6.159491171615927296e-01
1.650513721205500500e+15,6.154912922420876509e-01
1.650513721207384500e+15,6.150334673225824611e-01
1.650513721209268750e+15,6.145755816513630565e-01
1.650513721211152750e+15,6.141177567318578667e-01
1.650513721213036750e+15,6.136599318123527880e-01
1.650513721214921000e+15,6.118185247517049508e-01
1.650513721216805000e+15,6.097376896842031657e-01
1.650513721218689000e+15,6.076568546167013807e-01
1.650513721220573000e+15,6.055760195491993736e-01
1.650513721222457250e+15,6.034949083623946109e-01
1.650513721224341250e+15,6.014140732948927148e-01
1.650513721226225250e+15,6.022148353231751017e-01
1.650513721228109250e+15,6.031513291029468871e-01
1.650513721229993500e+15,6.040879471520631538e-01
1.650513721231877500e+15,6.050244409318350503e-01
1.650513721233761500e+15,6.059609347116069467e-01
1.650513721235645500e+15,6.068974284913788431e-01
1.650513721237529750e+15,6.074563920027129527e-01
1.650513721239413750e+15,6.074563920027129527e-01
1.650513721241297750e+15,6.074563920027129527e-01
1.650513721243182000e+15,6.074563920027129527e-01
1.650513721245066000e+15,6.074563920027129527e-01
1.650513721246950000e+15,6.074563920027129527e-01
1.650513721248834000e+15,6.074563920027129527e-01
1.650513721250718250e+15,6.074563920027129527e-01
1.650513721252602250e+15,6.074563920027129527e-01
1.650513721254486250e+15,6.074563920027129527e-01
1.650513721256370250e+15,6.074563920027129527e-01
1.650513721258254500e+15,6.074563920027128416e-01
1.650513721260138500e+15,6.074563920027129527e-01
1.650513721262022500e+15,6.074563920027129527e-01
1.650513721263906500e+15,6.074563920027129527e-01
1.650513721265790750e+15,6.074563920027129527e-01
1.650513721267674750e+15,6.074563920027129527e-01
1.650513721269558750e+15,6.074563920027129527e-01
1.650513721271443000e+15,6.074563920027129527e-01
1.650513721273327000e+15,6.074563920027129527e-01
1.650513721275211000e+15,6.074563920027128416e-01
1.650513721277095000e+15,6.074563920027129527e-01
1.650513721278979250e+15,6.074563920027129527e-01
1.650513721280863250e+15,6.074563920027129527e-01
1.650513721282747250e+15,6.074563920027129527e-01
1.650513721284631250e+15,6.074563920027129527e-01
1.650513721286515500e+15,6.074563920027129527e-01
1.650513721288399500e+15,6.074563920027129527e-01
1.650513721290283500e+15,6.074563920027129527e-01
1.650513721292167500e+15,6.074563920027129527e-01
1.650513721294051750e+15,6.074563920027129527e-01
1.650513721295935750e+15,6.074563920027129527e-01
1.650513721297819750e+15,6.074563920027129527e-01
1.650513721299704000e+15,6.074563920027129527e-01
1.650513721301588000e+15,6.074563920027129527e-01
1.650513721303472000e+15,6.069321183983612533e-01
1.650513721305356000e+15,6.059262818702568776e-01
1.650513721307240250e+15,6.049203118712755955e-01
1.650513721309124250e+15,6.039144753431711088e-01
1.650513721311008250e+15,6.029086388150667331e-01
1.650513721312892250e+15,6.019028022869623573e-01
1.650513721314776500e+15,6.018046911307088909e-01
1.650513721316660500e+15,6.029543757868505161e-01
1.650513721318544500e+15,6.041040604429921412e-01
1.650513721320428500e+15,6.052537450991337664e-01
1.650513721322312750e+15,6.064035823142795989e-01
1.650513721324196750e+15,6.073919859064218496e-01
1.650513721326080750e+15,6.066276326124846463e-01
1.650513721327965000e+15,6.058631778916242494e-01
1.650513721329849000e+15,6.050988245976871571e-01
1.650513721331733000e+15,6.043344713037499538e-01
1.650513721333617000e+15,6.035701180098127505e-01
1.650513721335501250e+15,6.028056632889522426e-01
1.650513721337385250e+15,6.020413099950151503e-01
1.650513721339269250e+15,6.013204688511706308e-01
1.650513721341153250e+15,6.013204688511707419e-01
1.650513721343037500e+15,6.013204688511707419e-01
1.650513721344921500e+15,6.013204688511708529e-01
1.650513721346805500e+15,6.013204688511709639e-01
1.650513721348689500e+15,6.013204688511710749e-01
1.650513721350573750e+15,6.013204688511710749e-01
1.650513721352457750e+15,6.013204688511711860e-01
1.650513721354341750e+15,6.013204688511712970e-01
1.650513721356226000e+15,6.013204688511714080e-01
1.650513721358110000e+15,6.013204688511715190e-01
1.650513721359994000e+15,6.018238677472570464e-01
1.650513721361878000e+15,6.025295251283767639e-01
1.650513721363762250e+15,6.032352761476840186e-01
1.650513721365646250e+15,6.039409335288037362e-01
1.650513721367530250e+15,6.046465909099234537e-01
1.650513721369414250e+15,6.053522482910433933e-01
1.650513721371298500e+15,6.060579993103506480e-01
1.650513721373182500e+15,6.067636566914703655e-01
1.650513721375066500e+15,6.074563920027129527e-01
1.650513721376950500e+15,6.074563920027129527e-01
1.650513721378834750e+15,6.074563920027130637e-01
1.650513721380718750e+15,6.074563920027131747e-01
1.650513721382602750e+15,6.074563920027132857e-01
1.650513721384487000e+15,6.074563920027133967e-01
1.650513721386371000e+15,6.074563920027133967e-01
1.650513721388255000e+15,6.074563920027135078e-01
1.650513721390139000e+15,6.074563920027136188e-01
1.650513721392023250e+15,6.074563920027136188e-01
1.650513721393907250e+15,6.074563920027137298e-01
1.650513721395791250e+15,6.074563920027138408e-01
1.650513721397675250e+15,6.046707246396492152e-01
1.650513721399559500e+15,6.009248593558993434e-01
1.650513721401443500e+15,5.971794910690026992e-01
1.650513721403327500e+15,5.934341227821062770e-01
1.650513721405211500e+15,5.896887544952096327e-01
1.650513721407095750e+15,5.859428892114597609e-01
1.650513721408979750e+15,5.831553639767412811e-01
1.650513721410863750e+15,5.844261911319664771e-01
1.650513721412748000e+15,5.856971869213684068e-01
1.650513721414632000e+15,5.869680140765937137e-01
1.650513721416516000e+15,5.882388412318189097e-01
1.650513721418400000e+15,5.895096683870442167e-01
1.650513721420284250e+15,5.907806641764461464e-01
1.650513721422168250e+15,5.920514913316714534e-01
1.650513721424052250e+15,5.933223184868967603e-01
1.650513721425936250e+15,5.945931456421219563e-01
1.650513721427820500e+15,5.951845456996291972e-01
1.650513721429704500e+15,5.951845456996291972e-01
1.650513721431588500e+15,5.951845456996291972e-01
1.650513721433472500e+15,5.951845456996291972e-01
1.650513721435356750e+15,5.951845456996291972e-01
1.650513721437240750e+15,5.951845456996291972e-01
1.650513721439124750e+15,5.951845456996291972e-01
1.650513721441009000e+15,5.951845456996290862e-01
1.650513721442893000e+15,5.951845456996291972e-01
1.650513721444777000e+15,5.951845456996291972e-01
1.650513721446661000e+15,5.951845456996291972e-01
1.650513721448545250e+15,5.951845456996291972e-01
1.650513721450429250e+15,5.951845456996291972e-01
1.650513721452313250e+15,5.951845456996291972e-01
1.650513721454197250e+15,5.951845456996291972e-01
1.650513721456081500e+15,5.951845456996291972e-01
1.650513721457965500e+15,5.951845456996291972e-01
1.650513721459849500e+15,5.951845456996291972e-01
1.650513721461733500e+15,5.951845456996290862e-01
1.650513721463617750e+15,5.951845456996289752e-01
1.650513721465501750e+15,5.951845456996287531e-01
1.650513721467385750e+15,5.951845456996287531e-01
1.650513721469270000e+15,5.951845456996286421e-01
1.650513721471154000e+15,5.951845456996285311e-01
1.650513721473038000e+15,5.951845456996284200e-01
1.650513721474922000e+15,5.935499058438180597e-01
1.650513721476806250e+15,5.911604022376810708e-01
1.650513721478690250e+15,5.887712156679785203e-01
1.650513721480574250e+15,5.863820290982759698e-01
1.650513721482458250e+15,5.839928425285734193e-01
1.650513721484342500e+15,5.838360165508055255e-01
1.650513721486226500e+15,5.855207909029889191e-01
1.650513721488110500e+15,5.872055652551723126e-01
1.650513721489994500e+15,5.888903396073557062e-01
1.650513721491878750e+15,5.905753375230148317e-01
1.650513721493762750e+15,5.922601118751982252e-01
1.650513721495646750e+15,5.939448862273817298e-01
1.650513721497531000e+15,5.951845456996290862e-01
1.650513721499415000e+15,5.951845456996291972e-01
1.650513721501299000e+15,5.951845456996291972e-01
1.650513721503183000e+15,5.951845456996291972e-01
1.650513721505067250e+15,5.951845456996291972e-01
1.650513721506951250e+15,5.951845456996291972e-01
1.650513721508835250e+15,5.951845456996291972e-01
1.650513721510719250e+15,5.951845456996291972e-01
1.650513721512603500e+15,5.951845456996291972e-01
1.650513721514487500e+15,5.951845456996291972e-01
1.650513721516371500e+15,5.951845456996291972e-01
1.650513721518255500e+15,5.951845456996290862e-01
1.650513721520139750e+15,5.951845456996288641e-01
1.650513721522023750e+15,5.951845456996287531e-01
1.650513721523907750e+15,5.951845456996286421e-01
1.650513721525792000e+15,5.951845456996285311e-01
1.650513721527676000e+15,5.951845456996283090e-01
1.650513721529560000e+15,5.951845456996284200e-01
1.650513721531444000e+15,5.951845456996285311e-01
1.650513721533328250e+15,5.951845456996285311e-01
1.650513721535212250e+15,5.951845456996286421e-01
1.650513721537096250e+15,5.951845456996287531e-01
1.650513721538980250e+15,5.951845456996287531e-01
1.650513721540864500e+15,5.951845456996288641e-01
1.650513721542748500e+15,5.951845456996289752e-01
1.650513721544632500e+15,5.951845456996289752e-01
1.650513721546516500e+15,5.951845456996291972e-01
1.650513721548400750e+15,5.951845456996291972e-01
1.650513721550284750e+15,5.956178618342082842e-01
1.650513721552168750e+15,5.961243718993840535e-01
1.650513721554053000e+15,5.966309491766171869e-01
1.650513721555937000e+15,5.971374592417928451e-01
1.650513721557821000e+15,5.976439693069687253e-01
1.650513721559705000e+15,5.981504793721443836e-01
1.650513721561589250e+15,5.986570566493776280e-01
1.650513721563473250e+15,5.991635667145532862e-01
1.650513721565357250e+15,5.996700767797291665e-01
1.650513721567241250e+15,6.001765868449048247e-01
1.650513721569125500e+15,6.006831641221380691e-01
1.650513721571009500e+15,6.011896741873138383e-01
1.650513721572893500e+15,6.007778533601710880e-01
1.650513721574777500e+15,6.000463416714092446e-01
1.650513721576661750e+15,5.993147329136865320e-01
1.650513721578545750e+15,5.985832212249246886e-01
1.650513721580429750e+15,5.978517095361628453e-01
1.650513721582314000e+15,5.971201007784400216e-01
1.650513721584198000e+15,5.963885890896781783e-01
1.650513721586082000e+15,5.956570774009162239e-01
1.650513721587966000e+15,5.951845456996299744e-01
1.650513721589850250e+15,5.951845456996296413e-01
1.650513721591734250e+15,5.951845456996293082e-01
1.650513721593618250e+15,5.951845456996289752e-01
1.650513721595502250e+15,5.951845456996287531e-01
1.650513721597386500e+15,5.951845456996284200e-01
1.650513721599270500e+15,5.947667280934577638e-01
1.650513721601154500e+15,5.941768679435697198e-01
1.650513721603038500e+15,5.935870077936818978e-01
1.650513721604922750e+15,5.929970693714810004e-01
1.650513721606806750e+15,5.924072092215930674e-01
1.650513721608690750e+15,5.918173490717051344e-01
1.650513721610575000e+15,5.912274106495042370e-01
1.650513721612459000e+15,5.906375504996163039e-01
1.650513721614343000e+15,5.900476903497283709e-01
1.650513721616227000e+15,5.894578301998403269e-01
1.650513721618111250e+15,5.890486225480867644e-01
1.650513721619995250e+15,5.890486225480864313e-01
1.650513721621879250e+15,5.890486225480862092e-01
1.650513721623763250e+15,5.890486225480857652e-01
1.650513721625647500e+15,5.890486225480856541e-01
1.650513721627531500e+15,5.890486225480853211e-01
1.650513721629415500e+15,5.890486225480850990e-01
1.650513721631299500e+15,5.890486225480850990e-01
1.650513721633183750e+15,5.890486225480850990e-01
1.650513721635067750e+15,5.890486225480850990e-01
1.650513721636951750e+15,5.890486225480850990e-01
1.650513721638836000e+15,5.890486225480850990e-01
1.650513721640720000e+15,5.890486225480853211e-01
1.650513721642604000e+15,5.890486225480854321e-01
1.650513721644488000e+15,5.890486225480855431e-01
1.650513721646372250e+15,5.890486225480857652e-01
1.650513721648256250e+15,5.890486225480857652e-01
1.650513721650140250e+15,5.890486225480859872e-01
1.650513721652024250e+15,5.890486225480862092e-01
1.650513721653908500e+15,5.890486225480864313e-01
1.650513721655792500e+15,5.890486225480865423e-01
1.650513721657676500e+15,5.890486225480866533e-01
1.650513721659560500e+15,5.890486225480868754e-01
1.650513721661444750e+15,5.890486225480866533e-01
1.650513721663328750e+15,5.890486225480864313e-01
1.650513721665212750e+15,5.890486225480862092e-01
1.650513721667097000e+15,5.890486225480859872e-01
1.650513721668981000e+15,5.890486225480857652e-01
1.650513721670865000e+15,5.890486225480856541e-01
1.650513721672749000e+15,5.890486225480854321e-01
1.650513721674633250e+15,5.890486225480850990e-01
1.650513721676517250e+15,5.890486225480850990e-01
1.650513721678401250e+15,5.890486225480850990e-01
1.650513721680285250e+15,5.890486225480850990e-01
1.650513721682169500e+15,5.890486225480850990e-01
1.650513721684053500e+15,5.890486225480850990e-01
1.650513721685937500e+15,5.890486225480850990e-01
1.650513721687821500e+15,5.890486225480850990e-01
1.650513721689705750e+15,5.890486225480850990e-01
1.650513721691589750e+15,5.890486225480850990e-01
1.650513721693473750e+15,5.890486225480850990e-01
1.650513721695358000e+15,5.890486225480850990e-01
1.650513721697242000e+15,5.890486225480850990e-01
1.650513721699126000e+15,5.890486225480850990e-01
1.650513721701010000e+15,5.890486225480850990e-01
1.650513721702894250e+15,5.890486225480850990e-01
1.650513721704778250e+15,5.890486225480850990e-01
1.650513721706662250e+15,5.890486225480850990e-01
1.650513721708546250e+15,5.885754142053324367e-01
1.650513721710430500e+15,5.880466415916443257e-01
1.650513721712314500e+15,5.875179391348639424e-01
1.650513721714198500e+15,5.869892366780835591e-01
1.650513721716082500e+15,5.864605342213030648e-01
1.650513721717966750e+15,5.859317616076148427e-01
1.650513721719850750e+15,5.854030591508344594e-01
1.650513721721734750e+15,5.848743566940539651e-01
1.650513721723619000e+15,5.843455840803657431e-01
1.650513721725503000e+15,5.838168816235853598e-01
1.650513721727387000e+15,5.832881791668049765e-01
1.650513721729271000e+15,5.829126993965436654e-01
1.650513721731155250e+15,5.829126993965436654e-01
1.650513721733039250e+15,5.829126993965436654e-01
1.650513721734923250e+15,5.829126993965436654e-01
1.650513721736807250e+15,5.829126993965436654e-01
1.650513721738691500e+15,5.829126993965436654e-01
1.650513721740575500e+15,5.829126993965436654e-01
1.650513721742459500e+15,5.829126993965436654e-01
1.650513721744343500e+15,5.829126993965436654e-01
1.650513721746227750e+15,5.829126993965436654e-01
1.650513721748111750e+15,5.829126993965436654e-01
1.650513721749995750e+15,5.821237434592788640e-01
1.650513721751880000e+15,5.782397716113594210e-01
1.650513721753764000e+15,5.743563150841045628e-01
1.650513721755648000e+15,5.704728585568495935e-01
1.650513721757532000e+15,5.665894020295946243e-01
1.650513721759416250e+15,5.627054301816751813e-01
1.650513721761300250e+15,5.588219736544203231e-01
1.650513721763184250e+15,5.604687415617828350e-01
1.650513721765068250e+15,5.628457283782680731e-01
1.650513721766952500e+15,5.652230306123244841e-01
1.650513721768836500e+15,5.676000174288097222e-01
1.650513721770720500e+15,5.699770042452948493e-01
1.650513721772604500e+15,5.723539910617800874e-01
1.650513721774488750e+15,5.747312932958363874e-01
1.650513721776372750e+15,5.767767762450013436e-01
1.650513721778256750e+15,5.767767762450013436e-01
1.650513721780141000e+15,5.767767762450013436e-01
1.650513721782025000e+15,5.767767762450013436e-01
1.650513721783909000e+15,5.767767762450013436e-01
1.650513721785793000e+15,5.767767762450013436e-01
1.650513721787677250e+15,5.767767762450013436e-01
1.650513721789561250e+15,5.767767762450013436e-01
1.650513721791445250e+15,5.767767762450013436e-01
1.650513721793329250e+15,5.777231561256642722e-01
1.650513721795213500e+15,5.792547999222192878e-01
1.650513721797097500e+15,5.807862405021367858e-01
1.650513721798981500e+15,5.823176810820542837e-01
1.650513721800865500e+15,5.838491216619718926e-01
1.650513721802749750e+15,5.853807654585267972e-01
1.650513721804633750e+15,5.869122060384442952e-01
1.650513721806517750e+15,5.884436466183619041e-01
1.650513721808402000e+15,5.875913407995962956e-01
1.650513721810286000e+15,5.851829909626157233e-01
1.650513721812170000e+15,5.827746411256350401e-01
1.650513721814054000e+15,5.803662912886544678e-01
1.650513721815938250e+15,5.779576218723430081e-01
1.650513721817822250e+15,5.755492720353624359e-01
1.650513721819706250e+15,5.731409221983817526e-01
1.650513721821590250e+15,5.707325723614011803e-01
1.650513721823474500e+15,5.683239029450897206e-01
1.650513721825358500e+15,5.659155531081091484e-01
1.650513721827242500e+15,5.653266677627426517e-01
1.650513721829126500e+15,5.673102091521569079e-01
1.650513721831010750e+15,5.692940137503543774e-01
1.650513721832894750e+15,5.712775551397687446e-01
1.650513721834778750e+15,5.732610965291830007e-01
1.650513721836663000e+15,5.752449011273803592e-01
1.650513721838547000e+15,5.763901549580788819e-01
1.650513721840431000e+15,5.746922656700556020e-01
1.650513721842315000e+15,5.729943763820323221e-01
1.650513721844199250e+15,5.712962617902287432e-01
1.650513721846083250e+15,5.695983725022054633e-01
1.650513721847967250e+15,5.679004832141821835e-01
1.650513721849851250e+15,5.662025939261589036e-01
1.650513721851735500e+15,5.645054666741717853e-01
1.650513721853619500e+15,5.665278738150931748e-01
1.650513721855503500e+15,5.685502809560145643e-01
1.650513721857387500e+15,5.705726880969359538e-01
1.650513721859271750e+15,5.725953636039853301e-01
1.650513721861155750e+15,5.746177707449067196e-01
1.650513721863039750e+15,5.766401778858281091e-01
1.650513721864924000e+15,5.746674401117083386e-01
1.650513721866808000e+15,5.724056363125482605e-01
1.650513721868692000e+15,5.701438325133882934e-01
1.650513721870576000e+15,5.678820287142283263e-01
1.650513721872460250e+15,5.656199247818679554e-01
1.650513721874344250e+15,5.650978229816194798e-01
1.650513721876228250e+15,5.662671613608938337e-01
1.650513721878112250e+15,5.674364997401681876e-01
1.650513721879996500e+15,5.686059932864248045e-01
1.650513721881880500e+15,5.697753316656990474e-01
1.650513721883764500e+15,5.700272189918481613e-01
1.650513721885648500e+15,5.676654485170103959e-01
1.650513721887532750e+15,5.653033646437549686e-01
1.650513721889416750e+15,5.629415941689170921e-01
1.650513721891300750e+15,5.605798236940793267e-01
1.650513721893185000e+15,5.582177398208238994e-01
1.650513721895069000e+15,5.558559693459860229e-01
1.650513721896953000e+15,5.534941988711481464e-01
1.650513721898837000e+15,5.522330836388302799e-01
1.650513721900721250e+15,5.522330836388302799e-01
1.650513721902605250e+15,5.522330836388302799e-01
1.650513721904489250e+15,5.522330836388302799e-01
1.650513721906373250e+15,5.522330836388302799e-01
1.650513721908257500e+15,5.522330836388302799e-01
1.650513721910141500e+15,5.522330836388302799e-01
1.650513721912025500e+15,5.522330836388302799e-01
1.650513721913909500e+15,5.522330836388302799e-01
1.650513721915793750e+15,5.521170017383620898e-01
1.650513721917677750e+15,5.516318141610304648e-01
1.650513721919561750e+15,5.511466265836988399e-01
1.650513721921446000e+15,5.506613746237269957e-01
1.650513721923330000e+15,5.501761870463953707e-01
1.650513721925214000e+15,5.496909994690637458e-01
1.650513721927098000e+15,5.492058118917322318e-01
1.650513721928982250e+15,5.487205599317602767e-01
1.650513721930866250e+15,5.482353723544287627e-01
1.650513721932750250e+15,5.477501847770971377e-01
1.650513721934634250e+15,5.472649971997656237e-01
1.650513721936518500e+15,5.467797452397936686e-01
1.650513721938402500e+15,5.462945576624621546e-01
1.650513721940286500e+15,5.454547683079894460e-01
1.650513721942170500e+15,5.443717554526859015e-01
1.650513721944054750e+15,5.432885988854851966e-01
1.650513721945938750e+15,5.422055860301816521e-01
1.650513721947822750e+15,5.411225731748779966e-01
1.650513721949707000e+15,5.400394166076775138e-01
1.650513721951591000e+15,5.399612373357448591e-01
1.650513721953475000e+15,5.399612373357449702e-01
1.650513721955359000e+15,5.399612373357451922e-01
1.650513721957243250e+15,5.399612373357453032e-01
1.650513721959127250e+15,5.399612373357454143e-01
1.650513721961011250e+15,5.399612373357456363e-01
1.650513721962895250e+15,5.399612373357458583e-01
1.650513721964779500e+15,5.399612373357459694e-01
1.650513721966663500e+15,5.399612373357460804e-01
1.650513721968547500e+15,5.399612373357461914e-01
1.650513721970431500e+15,5.399612373357464135e-01
1.650513721972315750e+15,5.401624473095330004e-01
1.650513721974199750e+15,5.406394269768668437e-01
1.650513721976083750e+15,5.411164066442007980e-01
1.650513721977968000e+15,5.415934496050149871e-01
1.650513721979852000e+15,5.420704292723488305e-01
1.650513721981736000e+15,5.425474089396826738e-01
1.650513721983620000e+15,5.430243886070165171e-01
1.650513721985504250e+15,5.435014315678307062e-01
1.650513721987388250e+15,5.439784112351646606e-01
1.650513721989272250e+15,5.444553909024985039e-01
1.650513721991156250e+15,5.449323705698323472e-01
1.650513721993040500e+15,5.454094135306465363e-01
1.650513721994924500e+15,5.458863931979804907e-01
1.650513721996808500e+15,5.460971604872880691e-01
1.650513721998692500e+15,5.460971604872884022e-01
1.650513722000576750e+15,5.460971604872885132e-01
1.650513722002460750e+15,5.460971604872888463e-01
1.650513722004344750e+15,5.460971604872890683e-01
1.650513722006229000e+15,5.460971604872892904e-01
1.650513722008113000e+15,5.460971604872895124e-01
1.650513722009997000e+15,5.458248219504954202e-01
1.650513722011881000e+15,5.448764193565577285e-01
1.650513722013765250e+15,5.439278909130188522e-01
1.650513722015649250e+15,5.429794883190810495e-01
1.650513722017533250e+15,5.420310857251433578e-01
1.650513722019417250e+15,5.410826831312056662e-01
1.650513722021301500e+15,5.401341546876666788e-01
1.650513722023185500e+15,5.399612373357463024e-01
1.650513722025069500e+15,5.399612373357459694e-01
1.650513722026953500e+15,5.399612373357456363e-01
1.650513722028837750e+15,5.399612373357453032e-01
1.650513722030721750e+15,5.399612373357449702e-01
1.650513722032605750e+15,5.399612373357447481e-01
1.650513722034490000e+15,5.399612373357447481e-01
1.650513722036374000e+15,5.399612373357447481e-01
1.650513722038258000e+15,5.399612373357447481e-01
1.650513722040142000e+15,5.399612373357447481e-01
1.650513722042026250e+15,5.399612373357447481e-01
1.650513722043910250e+15,5.399612373357447481e-01
1.650513722045794250e+15,5.399612373357447481e-01
1.650513722047678250e+15,5.399612373357447481e-01
1.650513722049562500e+15,5.399612373357447481e-01
1.650513722051446500e+15,5.409090833641314600e-01
1.650513722053330500e+15,5.419647983611641795e-01
1.650513722055214500e+15,5.430205133581967880e-01
1.650513722057098750e+15,5.440763684447991189e-01
1.650513722058982750e+15,5.451320834418317274e-01
1.650513722060866750e+15,5.460574642401971879e-01
1.650513722062751000e+15,5.455950367064682505e-01
1.650513722064635000e+15,5.451326705270624906e-01
1.650513722066519000e+15,5.446703043476566197e-01
1.650513722068403000e+15,5.442079381682507488e-01
1.650513722070287250e+15,5.437455106345218114e-01
1.650513722072171250e+15,5.432831444551160516e-01
1.650513722074055250e+15,5.428207782757101807e-01
1.650513722075939250e+15,5.423584120963044208e-01
1.650513722077823500e+15,5.418959845625753724e-01
1.650513722079707500e+15,5.414336183831696125e-01
1.650513722081591500e+15,5.409712522037638527e-01
1.650513722083475500e+15,5.405088860243579818e-01
1.650513722085359750e+15,5.400464584906290444e-01
1.650513722087243750e+15,5.399612373357465245e-01
1.650513722089127750e+15,5.399612373357465245e-01
1.650513722091012000e+15,5.399612373357465245e-01
1.650513722092896000e+15,5.399612373357465245e-01
1.650513722094780000e+15,5.399612373357465245e-01
1.650513722096664000e+15,5.399612373357465245e-01
1.650513722098548250e+15,5.399612373357463024e-01
1.650513722100432250e+15,5.399612373357459694e-01
1.650513722102316250e+15,5.399612373357456363e-01
1.650513722104200250e+15,5.399612373357451922e-01
1.650513722106084500e+15,5.399612373357449702e-01
1.650513722107968500e+15,5.392642034867002332e-01
1.650513722109852500e+15,5.379923276788552977e-01
1.650513722111736500e+15,5.367204518710104733e-01
1.650513722113620750e+15,5.354484072898364477e-01
1.650513722115504750e+15,5.341765314819915123e-01
1.650513722117388750e+15,5.338253141842039806e-01
1.650513722119273000e+15,5.338253141842037586e-01
1.650513722121157000e+15,5.338253141842034255e-01
1.650513722123041000e+15,5.338253141842032035e-01
1.650513722124925000e+15,5.338253141842028704e-01
1.650513722126809250e+15,5.338253141842026483e-01
1.650513722128693250e+15,5.338253141842024263e-01
1.650513722130577250e+15,5.338253141842026483e-01
1.650513722132461250e+15,5.338253141842028704e-01
1.650513722134345500e+15,5.338253141842030924e-01
1.650513722136229500e+15,5.338253141842033145e-01
1.650513722138113500e+15,5.338253141842035365e-01
1.650513722139997500e+15,5.338253141842037586e-01
1.650513722141881750e+15,5.338253141842040916e-01
1.650513722143765750e+15,5.337110454480358257e-01
1.650513722145649750e+15,5.331159319748051129e-01
1.650513722147534000e+15,5.325207395321642778e-01
1.650513722149418000e+15,5.319256260589335650e-01
1.650513722151302000e+15,5.313305125857028521e-01
1.650513722153186000e+15,5.307353991124721393e-01
1.650513722155070250e+15,5.301402066698315263e-01
1.650513722156954250e+15,5.295450931966007024e-01
1.650513722158838250e+15,5.289499797233698786e-01
1.650513722160722250e+15,5.283548662501391657e-01
1.650513722162606500e+15,5.277596738074984417e-01
1.650513722164490500e+15,5.276893910326609927e-01
1.650513722166374500e+15,5.276893910326608816e-01
1.650513722168258500e+15,5.276893910326609927e-01
1.650513722170142750e+15,5.276893910326609927e-01
1.650513722172026750e+15,5.276893910326609927e-01
1.650513722173910750e+15,5.276893910326608816e-01
1.650513722175795000e+15,5.276893910326609927e-01
1.650513722177679000e+15,5.276893910326609927e-01
1.650513722179563000e+15,5.276893910326609927e-01
1.650513722181447000e+15,5.276893910326609927e-01
1.650513722183331250e+15,5.276893910326609927e-01
1.650513722185215250e+15,5.276893910326609927e-01
1.650513722187099250e+15,5.271084099421421421e-01
1.650513722188983250e+15,5.260818510914622159e-01
1.650513722190867500e+15,5.250551560201277557e-01
1.650513722192751500e+15,5.240285971694478295e-01
1.650513722194635500e+15,5.230020383187679034e-01
1.650513722196519500e+15,5.219754794680878662e-01
1.650513722198403750e+15,5.218132870476862584e-01
1.650513722200287750e+15,5.222543767614189480e-01
1.650513722202171750e+15,5.226954664751516377e-01
1.650513722204056000e+15,5.231366147198974748e-01
1.650513722205940000e+15,5.235777044336300534e-01
1.650513722207824000e+15,5.240187941473628541e-01
1.650513722209708000e+15,5.244598838610955438e-01
1.650513722211592250e+15,5.249010321058412698e-01
1.650513722213476250e+15,5.253421218195739595e-01
1.650513722215360250e+15,5.257832115333067602e-01
1.650513722217244250e+15,5.262243012470394499e-01
1.650513722219128500e+15,5.266654494917851759e-01
1.650513722221012500e+15,5.271065392055178656e-01
1.650513722222896500e+15,5.275476289192506663e-01
1.650513722224780500e+15,5.285704307619114584e-01
1.650513722226664750e+15,5.298689048407851931e-01
1.650513722228548750e+15,5.311672066396962988e-01
1.650513722230432750e+15,5.324655084386072934e-01
1.650513722232317000e+15,5.337639825174811392e-01
1.650513722234201000e+15,5.318609870828973074e-01
1.650513722236085000e+15,5.297992643760123244e-01
1.650513722237969000e+15,5.277375416691271193e-01
1.650513722239853250e+15,5.256755453790802335e-01
1.650513722241737250e+15,5.236138226721951394e-01
1.650513722243621250e+15,5.215540443489081746e-01
1.650513722245505250e+15,5.224228966012572917e-01
1.650513722247389500e+15,5.232918641471644428e-01
1.650513722249273500e+15,5.241607163995135599e-01
1.650513722251157500e+15,5.250295686518627880e-01
1.650513722253041500e+15,5.258984209042119051e-01
1.650513722254925750e+15,5.267673884501189452e-01
1.650513722256809750e+15,5.276362407024681733e-01
1.650513722258693750e+15,5.276893910326609927e-01
1.650513722260578000e+15,5.276893910326609927e-01
1.650513722262462000e+15,5.276893910326609927e-01
1.650513722264346000e+15,5.276893910326609927e-01
1.650513722266230000e+15,5.276893910326611037e-01
1.650513722268114250e+15,5.276893910326609927e-01
1.650513722269998250e+15,5.276893910326609927e-01
1.650513722271882250e+15,5.276893910326609927e-01
1.650513722273766250e+15,5.276893910326609927e-01
1.650513722275650500e+15,5.276893910326611037e-01
1.650513722277534500e+15,5.276893910326609927e-01
1.650513722279418500e+15,5.276893910326609927e-01
1.650513722281302500e+15,5.276893910326609927e-01
1.650513722283186750e+15,5.276893910326609927e-01
1.650513722285070750e+15,5.276893910326611037e-01
1.650513722286954750e+15,5.276893910326609927e-01
1.650513722288839000e+15,5.276893910326609927e-01
1.650513722290723000e+15,5.276893910326609927e-01
1.650513722292607000e+15,5.272291196730781726e-01
1.650513722294491000e+15,5.266479191091010259e-01
1.650513722296375250e+15,5.260666414219068443e-01
1.650513722298259250e+15,5.254854408579295866e-01
1.650513722300143250e+15,5.249042402939525509e-01
1.650513722302027250e+15,5.243230397299752932e-01
1.650513722303911500e+15,5.237417620427811116e-01
1.650513722305795500e+15,5.231605614788038539e-01
1.650513722307679500e+15,5.225793609148267072e-01
1.650513722309563500e+15,5.219981603508495605e-01
1.650513722311447750e+15,5.215534678811186708e-01
1.650513722313331750e+15,5.215534678811186708e-01
1.650513722315215750e+15,5.215534678811186708e-01
1.650513722317100000e+15,5.215534678811186708e-01
1.650513722318984000e+15,5.215534678811186708e-01
1.650513722320868000e+15,5.215534678811186708e-01
1.650513722322752000e+15,5.214972912432578322e-01
1.650513722324636250e+15,5.210468621798988176e-01
1.650513722326520250e+15,5.205964928789206247e-01
1.650513722328404250e+15,5.201461235779424319e-01
1.650513722330288250e+15,5.196957542769642391e-01
1.650513722332172500e+15,5.192453252136052244e-01
1.650513722334056500e+15,5.187949559126270316e-01
1.650513722335940500e+15,5.183445866116488387e-01
1.650513722337824500e+15,5.178942173106706459e-01
1.650513722339708750e+15,5.174437882473116312e-01
1.650513722341592750e+15,5.169934189463334384e-01
1.650513722343476750e+15,5.165430496453551346e-01
1.650513722345361000e+15,5.160926205819963419e-01
1.650513722347245000e+15,5.156422512810180381e-01
1.650513722349129000e+15,5.158217816934280719e-01
1.650513722351013000e+15,5.166285427526443597e-01
1.650513722352897250e+15,5.174354108661411988e-01
1.650513722354781250e+15,5.182421719253574866e-01
1.650513722356665250e+15,5.190489329845736632e-01
1.650513722358549250e+15,5.198556940437898399e-01
1.650513722360433500e+15,5.206625621572867901e-01
1.650513722362317500e+15,5.214693232165029668e-01
1.650513722364201500e+15,5.220881353559831961e-01
1.650513722366085500e+15,5.226850618879209653e-01
1.650513722367969750e+15,5.232820676298549634e-01
1.650513722369853750e+15,5.238789941617927326e-01
1.650513722371737750e+15,5.244759206937303908e-01
1.650513722373622000e+15,5.250729264356643888e-01
1.650513722375506000e+15,5.256698529676020470e-01
1.650513722377390000e+15,5.262667794995398163e-01
1.650513722379274000e+15,5.268637060314774745e-01
1.650513722381158250e+15,5.274607117734114725e-01
1.650513722383042250e+15,5.270936367464673644e-01
1.650513722384926250e+15,5.261279227648036905e-01
1.650513722386810250e+15,5.251622087831399055e-01
1.650513722388694500e+15,5.241963666547164724e-01
1.650513722390578500e+15,5.232306526730526874e-01
1.650513722392462500e+15,5.222649386913890135e-01
1.650513722394346500e+15,5.212992247097252285e-01
1.650513722396230750e+15,5.203333825813016844e-01
1.650513722398114750e+15,5.193676685996380105e-01
1.650513722399998750e+15,5.184019546179742255e-01
1.650513722401883000e+15,5.174361124895506814e-01
1.650513722403767000e+15,5.164703985078870074e-01
1.650513722405651000e+15,5.155046845262232225e-01
1.650513722407535000e+15,5.154175447295763490e-01
1.650513722409419250e+15,5.154175447295763490e-01
1.650513722411303250e+15,5.154175447295763490e-01
1.650513722413187250e+15,5.154175447295763490e-01
1.650513722415071250e+15,5.154175447295763490e-01
1.650513722416955500e+15,5.154175447295763490e-01
1.650513722418839500e+15,5.153429186371927262e-01
1.650513722420723500e+15,5.147303018265139141e-01
1.650513722422607500e+15,5.141176850158351019e-01
1.650513722424491750e+15,5.135049869131167455e-01
1.650513722426375750e+15,5.128923701024379334e-01
1.650513722428259750e+15,5.122797532917590102e-01
1.650513722430144000e+15,5.116670551890406538e-01
1.650513722432028000e+15,5.110544383783617306e-01
1.650513722433912000e+15,5.104418215676829185e-01
1.650513722435796000e+15,5.098292047570042174e-01
1.650513722437680250e+15,5.092187425743427420e-01
1.650513722439564250e+15,5.086271618355112656e-01
1.650513722441448250e+15,5.080355810966797891e-01
1.650513722443332250e+15,5.074440003578483127e-01
1.650513722445216500e+15,5.068523411183880611e-01
1.650513722447100500e+15,5.062607603795565847e-01
1.650513722448984500e+15,5.056691796407251083e-01
1.650513722450868500e+15,5.050775989018936318e-01
1.650513722452752750e+15,5.044859396624332692e-01
1.650513722454636750e+15,5.038943589236019038e-01
1.650513722456520750e+15,5.033027781847704274e-01
1.650513722458405000e+15,5.031456984264899290e-01
1.650513722460289000e+15,5.031456984264899290e-01
1.650513722462173000e+15,5.031456984264899290e-01
1.650513722464057000e+15,5.031456984264899290e-01
1.650513722465941250e+15,5.031456984264899290e-01
1.650513722467825250e+15,5.031456984264899290e-01
1.650513722469709250e+15,5.031456984264899290e-01
1.650513722471593250e+15,5.031456984264899290e-01
1.650513722473477500e+15,5.031456984264899290e-01
1.650513722475361500e+15,5.031456984264899290e-01
1.650513722477245500e+15,5.031456984264899290e-01
1.650513722479129500e+15,5.031456984264899290e-01
1.650513722481013750e+15,5.025167505761860554e-01
1.650513722482897750e+15,5.014392895623444035e-01
1.650513722484781750e+15,5.003618285485027517e-01
1.650513722486666000e+15,4.992842245594734107e-01
1.650513722488550000e+15,4.982067635456317589e-01
1.650513722490434000e+15,4.971293025317901071e-01
1.650513722492318000e+15,4.970097752749468301e-01
1.650513722494202250e+15,4.970097752749468856e-01
1.650513722496086250e+15,4.970097752749469411e-01
1.650513722497970250e+15,4.970097752749469966e-01
1.650513722499854250e+15,4.970097752749470521e-01
1.650513722501738500e+15,4.970097752749471076e-01
1.650513722503622500e+15,4.970097752749471631e-01
1.650513722505506500e+15,4.970097752749472741e-01
1.650513722507390500e+15,4.970097752749472741e-01
1.650513722509274750e+15,4.970097752749474407e-01
1.650513722511158750e+15,4.970097752749474407e-01
1.650513722513042750e+15,4.970097752749475517e-01
1.650513722514927000e+15,4.970097752749475517e-01
1.650513722516811000e+15,4.968129071546594222e-01
1.650513722518695000e+15,4.945513246020809550e-01
1.650513722520579000e+15,4.922897420495024878e-01
1.650513722522463250e+15,4.900278593930821325e-01
1.650513722524347250e+15,4.877662768405036653e-01
1.650513722526231250e+15,4.855046942879251426e-01
1.650513722528115250e+15,4.860979179905898784e-01
1.650513722529999500e+15,4.881557853333199914e-01
1.650513722531883500e+15,4.902133796407120436e-01
1.650513722533767500e+15,4.922709739481040403e-01
1.650513722535651500e+15,4.943285682554960925e-01
1.650513722537535750e+15,4.963864355982261500e-01
1.650513722539419750e+15,4.984440299056181467e-01
1.650513722541303750e+15,5.005016242130102544e-01
1.650513722543188000e+15,5.025594915557403120e-01
1.650513722545072000e+15,5.046170858631322531e-01
1.650513722546956000e+15,5.066746801705243053e-01
1.650513722548840000e+15,5.087322744779163575e-01
1.650513722550724250e+15,5.082868746469210164e-01
1.650513722552608250e+15,5.069300578373545640e-01
1.650513722554492250e+15,5.055732410277882227e-01
1.650513722556376250e+15,5.042164242182217704e-01
1.650513722558260500e+15,5.027936953304099621e-01
1.650513722560144500e+15,5.011253334863479125e-01
1.650513722562028500e+15,4.994569716422858630e-01
1.650513722563912500e+15,4.977886097982239244e-01
1.650513722565796750e+15,4.961200265685668520e-01
1.650513722567680750e+15,4.944516647245048580e-01
1.650513722569564750e+15,4.927833028804428084e-01
1.650513722571449000e+15,4.911147196507857360e-01
1.650513722573333000e+15,4.900291080700885371e-01
1.650513722575217000e+15,4.890418265586438107e-01
1.650513722577101000e+15,4.880545450471991953e-01
1.650513722578985250e+15,4.870671325270613528e-01
1.650513722580869250e+15,4.860798510156166818e-01
1.650513722582753250e+15,4.850925695041720109e-01
1.650513722584637250e+15,4.850745306542685320e-01
1.650513722586521500e+15,4.855998913666915717e-01
1.650513722588405500e+15,4.861251823748937162e-01
1.650513722590289500e+15,4.866504733830959162e-01
1.650513722592173500e+15,4.871757643912980607e-01
1.650513722594057750e+15,4.877011251037211559e-01
1.650513722595941750e+15,4.882264161119233004e-01
1.650513722597825750e+15,4.887517071201256114e-01
1.650513722599710000e+15,4.892770678325485401e-01
1.650513722601594000e+15,4.898023588407507400e-01
1.650513722603478000e+15,4.903276498489529955e-01
1.650513722605362000e+15,4.908529408571551955e-01
1.650513722607246250e+15,4.923885770465773470e-01
1.650513722609130250e+15,4.939658835300683171e-01
1.650513722611014250e+15,4.955431900135593981e-01
1.650513722612898250e+15,4.967902052724335049e-01
1.650513722614782500e+15,4.936618515693166342e-01
1.650513722616666500e+15,4.905339129323671443e-01
1.650513722618550500e+15,4.874059742954176544e-01
1.650513722620434500e+15,4.842780356584681645e-01
1.650513722622318750e+15,4.811496819553513493e-01
1.650513722624202750e+15,4.780217433184018039e-01
1.650513722626086750e+15,4.748938046814522584e-01
1.650513722627971000e+15,4.720536329124934705e-01
1.650513722629855000e+15,4.702122695455763779e-01
1.650513722631739000e+15,4.683709061786591743e-01
1.650513722633623000e+15,4.665295428117420817e-01
1.650513722635507250e+15,4.646879351025522409e-01
1.650513722637391250e+15,4.628465717356351483e-01
1.650513722639275250e+15,4.610052083687180002e-01
1.650513722641159250e+15,4.611506638045208550e-01
1.650513722643043500e+15,4.628600765639344083e-01
1.650513722644927500e+15,4.645692625205406490e-01
1.650513722646811500e+15,4.662784484771467231e-01
1.650513722648695500e+15,4.679876344337529082e-01
1.650513722650579750e+15,4.696970471931664615e-01
1.650513722652463750e+15,4.714062331497725911e-01
1.650513722654347750e+15,4.724660826687774318e-01
1.650513722656232000e+15,4.724660826687774318e-01
1.650513722658116000e+15,4.724660826687774318e-01
1.650513722660000000e+15,4.724660826687774318e-01
1.650513722661884000e+15,4.724660826687774318e-01
1.650513722663768250e+15,4.709710237814799805e-01
1.650513722665652250e+15,4.690539293838836832e-01
1.650513722667536250e+15,4.671368349862873304e-01
1.650513722669420250e+15,4.652197405886910331e-01
1.650513722671304500e+15,4.633023917995876539e-01
1.650513722673188500e+15,4.613852974019913566e-01
1.650513722675072500e+15,4.601942363656926771e-01
1.650513722676956500e+15,4.601942363656926216e-01
1.650513722678840750e+15,4.601942363656925661e-01
1.650513722680724750e+15,4.601942363656924551e-01
1.650513722682608750e+15,4.601942363656923440e-01
1.650513722684493000e+15,4.601942363656922885e-01
1.650513722686377000e+15,4.601942363656921775e-01
1.650513722688261000e+15,4.601942363656921220e-01
1.650513722690145000e+15,4.601942363656920110e-01
1.650513722692029250e+15,4.601942363656919555e-01
1.650513722693913250e+15,4.601942363656920110e-01
1.650513722695797250e+15,4.601942363656921220e-01
1.650513722697681250e+15,4.601942363656922330e-01
1.650513722699565500e+15,4.601942363656923440e-01
1.650513722701449500e+15,4.601942363656924551e-01
1.650513722703333500e+15,4.601942363656926216e-01
1.650513722705217500e+15,4.601942363656927326e-01
1.650513722707101750e+15,4.601942363656927881e-01
1.650513722708985750e+15,4.601942363656927881e-01
1.650513722710869750e+15,4.601942363656927881e-01
1.650513722712754000e+15,4.601942363656927881e-01
1.650513722714638000e+15,4.601942363656927881e-01
1.650513722716522000e+15,4.601942363656927881e-01
1.650513722718406000e+15,4.601942363656926771e-01
1.650513722720290250e+15,4.601942363656925661e-01
1.650513722722174250e+15,4.601942363656925106e-01
1.650513722724058250e+15,4.601942363656924551e-01
1.650513722725942250e+15,4.601942363656923995e-01
1.650513722727826500e+15,4.601942363656923440e-01
1.650513722729710500e+15,4.601942363656923440e-01
1.650513722731594500e+15,4.601942363656922330e-01
1.650513722733478500e+15,4.601942363656920665e-01
1.650513722735362750e+15,4.601942363656920110e-01
1.650513722737246750e+15,4.601942363656920110e-01
1.650513722739130750e+15,4.601942363656918999e-01
1.650513722741015000e+15,4.601942363656919555e-01
1.650513722742899000e+15,4.601942363656920665e-01
1.650513722744783000e+15,4.601942363656921220e-01
1.650513722746667000e+15,4.601942363656922330e-01
1.650513722748551250e+15,4.601942363656922885e-01
1.650513722750435250e+15,4.601942363656924551e-01
1.650513722752319250e+15,4.601942363656924551e-01
1.650513722754203250e+15,4.601942363656925661e-01
1.650513722756087500e+15,4.601942363656926771e-01
1.650513722757971500e+15,4.601942363656927326e-01
1.650513722759855500e+15,4.601942363656927326e-01
1.650513722761739500e+15,4.601942363656927881e-01
1.650513722763623750e+15,4.601942363656927881e-01
1.650513722765507750e+15,4.601942363656927326e-01
1.650513722767391750e+15,4.601942363656927881e-01
1.650513722769276000e+15,4.601942363656927326e-01
1.650513722771160000e+15,4.601942363656927881e-01
1.650513722773044000e+15,4.601942363656927881e-01
1.650513722774928000e+15,4.601942363656927881e-01
1.650513722776812250e+15,4.601942363656927881e-01
1.650513722778696250e+15,4.601942363656927881e-01
1.650513722780580250e+15,4.601942363656927881e-01
1.650513722782464250e+15,4.601942363656927881e-01
1.650513722784348500e+15,4.601942363656927881e-01
1.650513722786232500e+15,4.601942363656928436e-01
1.650513722788116500e+15,4.601942363656927326e-01
1.650513722790000500e+15,4.601942363656927881e-01
1.650513722791884750e+15,4.601942363656927881e-01
1.650513722793768750e+15,4.601942363656927881e-01
1.650513722795652750e+15,4.601942363656927881e-01
1.650513722797537000e+15,4.601942363656927881e-01
1.650513722799421000e+15,4.601942363656927881e-01
1.650513722801305000e+15,4.601942363656927881e-01
1.650513722803189000e+15,4.601942363656927881e-01
1.650513722805073250e+15,4.601942363656927881e-01
1.650513722806957250e+15,4.601942363656927326e-01
1.650513722808841250e+15,4.601942363656926216e-01
1.650513722810725250e+15,4.601942363656925106e-01
1.650513722812609500e+15,4.601942363656924551e-01
1.650513722814493500e+15,4.601942363656923440e-01
1.650513722816377500e+15,4.601942363656923440e-01
1.650513722818261500e+15,4.601942363656922330e-01
1.650513722820145750e+15,4.601942363656921220e-01
1.650513722822029750e+15,4.601942363656921220e-01
1.650513722823913750e+15,4.601942363656920110e-01
1.650513722825798000e+15,4.601942363656918999e-01
1.650513722827682000e+15,4.601942363656920110e-01
1.650513722829566000e+15,4.601942363656921775e-01
1.650513722831450000e+15,4.601942363656922330e-01
1.650513722833334250e+15,4.601942363656923440e-01
1.650513722835218250e+15,4.601942363656924551e-01
1.650513722837102250e+15,4.601942363656925661e-01
1.650513722838986250e+15,4.601942363656927326e-01
1.650513722840870500e+15,4.601942363656927326e-01
1.650513722842754500e+15,4.601942363656927881e-01
1.650513722844638500e+15,4.601942363656926771e-01
1.650513722846522500e+15,4.601942363656927326e-01
1.650513722848406750e+15,4.601942363656927881e-01
1.650513722850290750e+15,4.601942363656927881e-01
1.650513722852174750e+15,4.609653902359046040e-01
1.650513722854059000e+15,4.619460190059040405e-01
1.650513722855943000e+15,4.629265176672701099e-01
1.650513722857827000e+15,4.639070163286361792e-01
1.650513722859711000e+15,4.648875149900022485e-01
1.650513722861595250e+15,4.658681437600016850e-01
1.650513722863479250e+15,4.663301595172351099e-01
1.650513722865363250e+15,4.663301595172351099e-01
1.650513722867247250e+15,4.663301595172351099e-01
1.650513722869131500e+15,4.663301595172351099e-01
1.650513722871015500e+15,4.663301595172351099e-01
1.650513722872899500e+15,4.663301595172351099e-01
1.650513722874783500e+15,4.659814664814128093e-01
1.650513722876667750e+15,4.654191859056762692e-01
1.650513722878551750e+15,4.648569799326431884e-01
1.650513722880435750e+15,4.642947739596099965e-01
1.650513722882320000e+15,4.637324933838734564e-01
1.650513722884204000e+15,4.631702874108403201e-01
1.650513722886088000e+15,4.626080814378071282e-01
1.650513722887972000e+15,4.620458754647740474e-01
1.650513722889856250e+15,4.614835948890374517e-01
1.650513722891740250e+15,4.609213889160043154e-01
1.650513722893624250e+15,4.603591829429711235e-01
1.650513722895508250e+15,4.595847871606265622e-01
1.650513722897392500e+15,4.587221733280298919e-01
1.650513722899276500e+15,4.578596739459880882e-01
1.650513722901160500e+15,4.569971745639463401e-01
1.650513722903044500e+15,4.561346751819045364e-01
1.650513722904928750e+15,4.552720613493078661e-01
1.650513722906812750e+15,4.544095619672661179e-01
1.650513722908696750e+15,4.544196257466823763e-01
1.650513722910581000e+15,4.550292547052003922e-01
1.650513722912465000e+15,4.556388027788890183e-01
1.650513722914349000e+15,4.562483508525777554e-01
1.650513722916233000e+15,4.568578989262663814e-01
1.650513722918117250e+15,4.574675278847843973e-01
1.650513722920001250e+15,4.580770759584730234e-01
1.650513722921885250e+15,4.586866240321617605e-01
1.650513722923769250e+15,4.592961721058503866e-01
1.650513722925653500e+15,4.599058010643684025e-01
1.650513722927537500e+15,4.593003055432469672e-01
1.650513722929421500e+15,4.576034131810443051e-01
1.650513722931305500e+15,4.559065208188416429e-01
1.650513722933189750e+15,4.542094032851471397e-01
1.650513722935073750e+15,4.525125109229444220e-01
1.650513722936957750e+15,4.508156185607417599e-01
1.650513722938842000e+15,4.491185010270473121e-01
1.650513722940726000e+15,4.479223900626072008e-01
1.650513722942610000e+15,4.479223900626072563e-01
1.650513722944494000e+15,4.479223900626072563e-01
1.650513722946378250e+15,4.479223900626072563e-01
1.650513722948262250e+15,4.479223900626072563e-01
1.650513722950146250e+15,4.479223900626072563e-01
1.650513722952030250e+15,4.479223900626072563e-01
1.650513722953914500e+15,4.479223900626072563e-01
1.650513722955798500e+15,4.479223900626072563e-01
1.650513722957682500e+15,4.479223900626072563e-01
1.650513722959566500e+15,4.479223900626072563e-01
1.650513722961450750e+15,4.479223900626072563e-01
1.650513722963334750e+15,4.479223900626072008e-01
1.650513722965218750e+15,4.479223900626072563e-01
1.650513722967103000e+15,4.479223900626073118e-01
1.650513722968987000e+15,4.479223900626072563e-01
1.650513722970871000e+15,4.479223900626072563e-01
1.650513722972755000e+15,4.479223900626072563e-01
1.650513722974639250e+15,4.479223900626072563e-01
1.650513722976523250e+15,4.479223900626072563e-01
1.650513722978407250e+15,4.479223900626072563e-01
1.650513722980291250e+15,4.479223900626072008e-01
1.650513722982175500e+15,4.479223900626072563e-01
1.650513722984059500e+15,4.479223900626072008e-01
1.650513722985943500e+15,4.479223900626072563e-01
1.650513722987827500e+15,4.479223900626072008e-01
1.650513722989711750e+15,4.479223900626072563e-01
1.650513722991595750e+15,4.479223900626072563e-01
1.650513722993479750e+15,4.479223900626072563e-01
1.650513722995364000e+15,4.479223900626072563e-01
1.650513722997248000e+15,4.479223900626072008e-01
1.650513722999132000e+15,4.479223900626072563e-01
1.650513723001016000e+15,4.479223900626072563e-01
1.650513723002900250e+15,4.479223900626072563e-01
1.650513723004784250e+15,4.480135794742650113e-01
1.650513723006668250e+15,4.485673291972725463e-01
1.650513723008552250e+15,4.491210789202800813e-01
1.650513723010436500e+15,4.496749021238771737e-01
1.650513723012320500e+15,4.502286518468847643e-01
1.650513723014204500e+15,4.507824015698922993e-01
1.650513723016088500e+15,4.513361512928998343e-01
1.650513723017972750e+15,4.518899744964970377e-01
1.650513723019856750e+15,4.524437242195045172e-01
1.650513723021740750e+15,4.529974739425121077e-01
1.650513723023625000e+15,4.535512971461092002e-01
1.650513723025509000e+15,4.539871370427702724e-01
1.650513723027393000e+15,4.531437665592578101e-01
1.650513723029277000e+15,4.523003960757452924e-01
1.650513723031161250e+15,4.514569136800136717e-01
1.650513723033045250e+15,4.506135431965011540e-01
1.650513723034929250e+15,4.497701727129886362e-01
1.650513723036813250e+15,4.489268022294761740e-01
1.650513723038697500e+15,4.480833198337444978e-01
1.650513723040581500e+15,4.479223900626072008e-01
1.650513723042465500e+15,4.479223900626072008e-01
1.650513723044349500e+15,4.479223900626072008e-01
1.650513723046233750e+15,4.479223900626072008e-01
1.650513723048117750e+15,4.479223900626071453e-01
1.650513723050001750e+15,4.479223900626072008e-01
1.650513723051886000e+15,4.479223900626071453e-01
1.650513723053770000e+15,4.479223900626072008e-01
1.650513723055654000e+15,4.479223900626072008e-01
1.650513723057538000e+15,4.479223900626071453e-01
1.650513723059422250e+15,4.479223900626072008e-01
1.650513723061306250e+15,4.479223900626072008e-01
1.650513723063190250e+15,4.469986626614131930e-01
1.650513723065074250e+15,4.460308870885787424e-01
1.650513723066958500e+15,4.450629830954189181e-01
1.650513723068842500e+15,4.440952075225844120e-01
1.650513723070726500e+15,4.431274319497500169e-01
1.650513723072610500e+15,4.421596563769155663e-01
1.650513723074494750e+15,4.417864669110641018e-01
1.650513723076378750e+15,4.417864669110641018e-01
1.650513723078262750e+15,4.417864669110641018e-01
1.650513723080147000e+15,4.417864669110641573e-01
1.650513723082031000e+15,4.417864669110641573e-01
1.650513723083915000e+15,4.417864669110641573e-01
1.650513723085799000e+15,4.417864669110640463e-01
1.650513723087683250e+15,4.417864669110641573e-01
1.650513723089567250e+15,4.417864669110641573e-01
1.650513723091451250e+15,4.417864669110641573e-01
1.650513723093335250e+15,4.417864669110641573e-01
1.650513723095219500e+15,4.417864669110641018e-01
1.650513723097103500e+15,4.417864669110641573e-01
1.650513723098987500e+15,4.417864669110641573e-01
1.650513723100871500e+15,4.417864669110641573e-01
1.650513723102755750e+15,4.417864669110641018e-01
1.650513723104639750e+15,4.417864669110641018e-01
1.650513723106523750e+15,4.417864669110641573e-01
1.650513723108408000e+15,4.417864669110641018e-01
1.650513723110292000e+15,4.421786319807530785e-01
1.650513723112176000e+15,4.428336310865101377e-01
1.650513723114060000e+15,4.434886301922673080e-01
1.650513723115944250e+15,4.441437162140415840e-01
1.650513723117828250e+15,4.447987153197986987e-01
1.650513723119712250e+15,4.454537144255558134e-01
1.650513723121596250e+15,4.461087135313129282e-01
1.650513723123480500e+15,4.467637995530872042e-01
1.650513723125364500e+15,4.474187986588443189e-01
1.650513723127248500e+15,4.479223900626072563e-01
1.650513723129132500e+15,4.479223900626072563e-01
1.650513723131016750e+15,4.479223900626072563e-01
1.650513723132900750e+15,4.479223900626073673e-01
1.650513723134784750e+15,4.479223900626073673e-01
1.650513723136669000e+15,4.479223900626073673e-01
1.650513723138553000e+15,4.479223900626074228e-01
1.650513723140437000e+15,4.479223900626073673e-01
1.650513723142321000e+15,4.479223900626074228e-01
1.650513723144205250e+15,4.479223900626074228e-01
1.650513723146089250e+15,4.479223900626073673e-01
1.650513723147973250e+15,4.479223900626073673e-01
1.650513723149857250e+15,4.479223900626073673e-01
1.650513723151741500e+15,4.479223900626073673e-01
1.650513723153625500e+15,4.479223900626073673e-01
1.650513723155509500e+15,4.479223900626074228e-01
1.650513723157393500e+15,4.479223900626074228e-01
1.650513723159277750e+15,4.479223900626074228e-01
1.650513723161161750e+15,4.479223900626073673e-01
1.650513723163045750e+15,4.472171270555690414e-01
1.650513723164930000e+15,4.462921979997054311e-01
1.650513723166814000e+15,4.453673916623047679e-01
1.650513723168698000e+15,4.444425853249042158e-01
1.650513723170582000e+15,4.435177789875035526e-01
1.650513723172466250e+15,4.425928499316398312e-01
1.650513723174350250e+15,4.419452794269216889e-01
1.650513723176234250e+15,4.431854982036095292e-01
1.650513723178118250e+15,4.444257169802973695e-01
1.650513723180002500e+15,4.456661003295405710e-01
1.650513723181886500e+15,4.469063191062283558e-01
1.650513723183770500e+15,4.481465378829162516e-01
1.650513723185654500e+15,4.493867566596041474e-01
1.650513723187538750e+15,4.506271400088472379e-01
1.650513723189422750e+15,4.518673587855350782e-01
1.650513723191306750e+15,4.531075775622229185e-01
1.650513723193191000e+15,4.540583132141503553e-01
1.650513723195075000e+15,4.540583132141502443e-01
1.650513723196959000e+15,4.540583132141501332e-01
1.650513723198843000e+15,4.540583132141499667e-01
1.650513723200727250e+15,4.540583132141499112e-01
1.650513723202611250e+15,4.540583132141497447e-01
1.650513723204495250e+15,4.542681041747448911e-01
1.650513723206379250e+15,4.547487927363277338e-01
1.650513723208263500e+15,4.552295450835477375e-01
1.650513723210147500e+15,4.557102336451305247e-01
1.650513723212031500e+15,4.561909222067133673e-01
1.650513723213915500e+15,4.566716107682962100e-01
1.650513723215799750e+15,4.571523631155162137e-01
1.650513723217683750e+15,4.576330516770990564e-01
1.650513723219567750e+15,4.581137402386818991e-01
1.650513723221452000e+15,4.585944925859018473e-01
1.650513723223336000e+15,4.590751811474847455e-01
1.650513723225220000e+15,4.595558697090674771e-01
1.650513723227104000e+15,4.600365582706503753e-01
1.650513723228988250e+15,4.595750943869971739e-01
1.650513723230872250e+15,4.586538991349846106e-01
1.650513723232756250e+15,4.577327038829720474e-01
1.650513723234640250e+15,4.568115086309595396e-01
1.650513723236524500e+15,4.558901911396618933e-01
1.650513723238408500e+15,4.549689958876493301e-01
1.650513723240292500e+15,4.540515211455836142e-01
1.650513723242176500e+15,4.534563463930992300e-01
1.650513723244060750e+15,4.528610926630732281e-01
1.650513723245944750e+15,4.522659179105888438e-01
1.650513723247828750e+15,4.516707431581044041e-01
1.650513723249713000e+15,4.510754894280784577e-01
1.650513723251597000e+15,4.504803146755940180e-01
1.650513723253481000e+15,4.498851399231095227e-01
1.650513723255365000e+15,4.492899651706250830e-01
1.650513723257249250e+15,4.486947114405991366e-01
1.650513723259133250e+15,4.480995366881146968e-01
1.650513723261017250e+15,4.485014344436001332e-01
1.650513723262901250e+15,4.493258588636191431e-01
1.650513723264785500e+15,4.501503926817831402e-01
1.650513723266669500e+15,4.509748171018020946e-01
1.650513723268553500e+15,4.517992415218211599e-01
1.650513723270437500e+15,4.526236659418401698e-01
1.650513723272321750e+15,4.534481997600041669e-01
1.650513723274205750e+15,4.540583132141504108e-01
1.650513723276089750e+15,4.540583132141503553e-01
1.650513723277974000e+15,4.540583132141502443e-01
1.650513723279858000e+15,4.540583132141501332e-01
1.650513723281742000e+15,4.540583132141501332e-01
1.650513723283626000e+15,4.540583132141500222e-01
1.650513723285510250e+15,4.540583132141500222e-01
1.650513723287394250e+15,4.540583132141499112e-01
1.650513723289278250e+15,4.540583132141498002e-01
1.650513723291162250e+15,4.540583132141497447e-01
1.650513723293046500e+15,4.540583132141496892e-01
1.650513723294930500e+15,4.540583132141495781e-01
1.650513723296814500e+15,4.540583132141496336e-01
1.650513723298698500e+15,4.540583132141495781e-01
1.650513723300582750e+15,4.540583132141495781e-01
1.650513723302466750e+15,4.540583132141495781e-01
1.650513723304350750e+15,4.540583132141496336e-01
1.650513723306235000e+15,4.540583132141495781e-01
1.650513723308119000e+15,4.540583132141495781e-01
1.650513723310003000e+15,4.540583132141495781e-01
1.650513723311887000e+15,4.540583132141495781e-01
1.650513723313771250e+15,4.540583132141495781e-01
1.650513723315655250e+15,4.540583132141496336e-01
1.650513723317539250e+15,4.540583132141495781e-01
1.650513723319423250e+15,4.540583132141495781e-01
1.650513723321307500e+15,4.540583132141496336e-01
1.650513723323191500e+15,4.540583132141495781e-01
1.650513723325075500e+15,4.540583132141495781e-01
1.650513723326959500e+15,4.540583132141495781e-01
1.650513723328843750e+15,4.540583132141495781e-01
1.650513723330727750e+15,4.540583132141495781e-01
1.650513723332611750e+15,4.540583132141495226e-01
1.650513723334496000e+15,4.540583132141495781e-01
1.650513723336380000e+15,4.540583132141495781e-01
1.650513723338264000e+15,4.540583132141495781e-01
1.650513723340148000e+15,4.540583132141495781e-01
1.650513723342032250e+15,4.540583132141495781e-01
1.650513723343916250e+15,4.540583132141495226e-01
1.650513723345800250e+15,4.540583132141495226e-01
1.650513723347684250e+15,4.540583132141495781e-01
1.650513723349568500e+15,4.540583132141495781e-01
1.650513723351452500e+15,4.540583132141495781e-01
1.650513723353336500e+15,4.540583132141496336e-01
1.650513723355220500e+15,4.540583132141496336e-01
1.650513723357104750e+15,4.540583132141496336e-01
1.650513723358988750e+15,4.540583132141496336e-01
1.650513723360872750e+15,4.540583132141496336e-01
1.650513723362757000e+15,4.540583132141495781e-01
1.650513723364641000e+15,4.540583132141496892e-01
1.650513723366525000e+15,4.540583132141496892e-01
1.650513723368409000e+15,4.540583132141496336e-01
1.650513723370293250e+15,4.540583132141496892e-01
1.650513723372177250e+15,4.540583132141496336e-01
1.650513723374061250e+15,4.540583132141496892e-01
1.650513723375945250e+15,4.540583132141495781e-01
1.650513723377829500e+15,4.540583132141495781e-01
1.650513723379713500e+15,4.540583132141496336e-01
1.650513723381597500e+15,4.540583132141495781e-01
1.650513723383481500e+15,4.540583132141496336e-01
1.650513723385365750e+15,4.540583132141496336e-01
1.650513723387249750e+15,4.540583132141495781e-01
1.650513723389133750e+15,4.540583132141496336e-01
1.650513723391018000e+15,4.540583132141495781e-01
1.650513723392902000e+15,4.540583132141495781e-01
1.650513723394786000e+15,4.540583132141495781e-01
1.650513723396670000e+15,4.540583132141495781e-01
1.650513723398554250e+15,4.540583132141495781e-01
1.650513723400438250e+15,4.540583132141495781e-01
1.650513723402322250e+15,4.540583132141496336e-01
1.650513723404206250e+15,4.540583132141495781e-01
1.650513723406090500e+15,4.540583132141495781e-01
1.650513723407974500e+15,4.540583132141495226e-01
1.650513723409858500e+15,4.540583132141495781e-01
1.650513723411742500e+15,4.540583132141495781e-01
1.650513723413626750e+15,4.540583132141496892e-01
1.650513723415510750e+15,4.540583132141495781e-01
1.650513723417394750e+15,4.540583132141495781e-01
1.650513723419279000e+15,4.540583132141495781e-01
1.650513723421163000e+15,4.540583132141495781e-01
1.650513723423047000e+15,4.540583132141496336e-01
1.650513723424931000e+15,4.540583132141495781e-01
1.650513723426815250e+15,4.540583132141495781e-01
1.650513723428699250e+15,4.540583132141495781e-01
1.650513723430583250e+15,4.540583132141495781e-01
1.650513723432467250e+15,4.540583132141495781e-01
1.650513723434351500e+15,4.540583132141496336e-01
1.650513723436235500e+15,4.540583132141495781e-01
1.650513723438119500e+15,4.540583132141495781e-01
1.650513723440003500e+15,4.540583132141495781e-01
1.650513723441887750e+15,4.540583132141495781e-01
1.650513723443771750e+15,4.540583132141495781e-01
1.650513723445655750e+15,4.540583132141495781e-01
1.650513723447540000e+15,4.540583132141495226e-01
1.650513723449424000e+15,4.540583132141495226e-01
1.650513723451308000e+15,4.540583132141495781e-01
1.650513723453192000e+15,4.540583132141495781e-01
1.650513723455076250e+15,4.540583132141495226e-01
1.650513723456960250e+15,4.540583132141495781e-01
1.650513723458844250e+15,4.540583132141495781e-01
1.650513723460728250e+15,4.540583132141495781e-01
1.650513723462612500e+15,4.540583132141495781e-01
1.650513723464496500e+15,4.540583132141495781e-01
1.650513723466380500e+15,4.540583132141495781e-01
1.650513723468264500e+15,4.540583132141495781e-01
1.650513723470148750e+15,4.540583132141495226e-01
1.650513723472032750e+15,4.540583132141495226e-01
1.650513723473916750e+15,4.540583132141495781e-01
1.650513723475801000e+15,4.540583132141495781e-01
1.650513723477685000e+15,4.540583132141495781e-01
1.650513723479569000e+15,4.540583132141495781e-01
1.650513723481453000e+15,4.540583132141495781e-01
1.650513723483337250e+15,4.540583132141495226e-01
1.650513723485221250e+15,4.540583132141495226e-01
1.650513723487105250e+15,4.537588266294543260e-01
1.650513723488989250e+15,4.529829823866686755e-01
1.650513723490873500e+15,4.522070351921523290e-01
1.650513723492757500e+15,4.514311909493667896e-01
1.650513723494641500e+15,4.506553467065811391e-01
1.650513723496525500e+15,4.498795024637954887e-01
1.650513723498409750e+15,4.491035552692791422e-01
1.650513723500293750e+15,4.483277110264936027e-01
1.650513723502177750e+15,4.479223900626073673e-01
1.650513723504062000e+15,4.479223900626071453e-01
1.650513723505946000e+15,4.479223900626070343e-01
1.650513723507830000e+15,4.479223900626068677e-01
1.650513723509714000e+15,4.479223900626067012e-01
1.650513723511598250e+15,4.479223900626065347e-01
1.650513723513482250e+15,4.479223900626064236e-01
1.650513723515366250e+15,4.479223900626065902e-01
1.650513723517250250e+15,4.479223900626067012e-01
1.650513723519134500e+15,4.479223900626069232e-01
1.650513723521018500e+15,4.479223900626070898e-01
1.650513723522902500e+15,4.479223900626072008e-01
1.650513723524786500e+15,4.479223900626073673e-01
1.650513723526670750e+15,4.479223900626073118e-01
1.650513723528554750e+15,4.479223900626072563e-01
1.650513723530438750e+15,4.479223900626073118e-01
1.650513723532323000e+15,4.479223900626073673e-01
1.650513723534207000e+15,4.479223900626073118e-01
1.650513723536091000e+15,4.479223900626072563e-01
1.650513723537975000e+15,4.479223900626071453e-01
1.650513723539859250e+15,4.479223900626070343e-01
1.650513723541743250e+15,4.479223900626069232e-01
1.650513723543627250e+15,4.479223900626068122e-01
1.650513723545511250e+15,4.479223900626067012e-01
1.650513723547395500e+15,4.479223900626065902e-01
1.650513723549279500e+15,4.479223900626064792e-01
1.650513723551163500e+15,4.479223900626063681e-01
1.650513723553047500e+15,4.479223900626064236e-01
1.650513723554931750e+15,4.479223900626065347e-01
1.650513723556815750e+15,4.479223900626067012e-01
1.650513723558699750e+15,4.479223900626068677e-01
1.650513723560584000e+15,4.479223900626070343e-01
1.650513723562468000e+15,4.479223900626071453e-01
1.650513723564352000e+15,4.479223900626072008e-01
1.650513723566236000e+15,4.479223900626072563e-01
1.650513723568120250e+15,4.479223900626072563e-01
1.650513723570004250e+15,4.479223900626072563e-01
1.650513723571888250e+15,4.479223900626073118e-01
1.650513723573772250e+15,4.479223900626072563e-01
1.650513723575656500e+15,4.479223900626073673e-01
1.650513723577540500e+15,4.479223900626073673e-01
1.650513723579424500e+15,4.479223900626074228e-01
1.650513723581308500e+15,4.479223900626074228e-01
1.650513723583192750e+15,4.479223900626073673e-01
1.650513723585076750e+15,4.479223900626073673e-01
1.650513723586960750e+15,4.479223900626074228e-01
1.650513723588845000e+15,4.479223900626074228e-01
1.650513723590729000e+15,4.479223900626074228e-01
1.650513723592613000e+15,4.479223900626073673e-01
1.650513723594497000e+15,4.479223900626073673e-01
1.650513723596381250e+15,4.479223900626073673e-01
1.650513723598265250e+15,4.479223900626073673e-01
1.650513723600149250e+15,4.479223900626073673e-01
1.650513723602033250e+15,4.479223900626073673e-01
1.650513723603917500e+15,4.479223900626073673e-01
1.650513723605801500e+15,4.479223900626073118e-01
1.650513723607685500e+15,4.479223900626073673e-01
1.650513723609569500e+15,4.479223900626073673e-01
1.650513723611453750e+15,4.479223900626073673e-01
1.650513723613337750e+15,4.479223900626073118e-01
1.650513723615221750e+15,4.479223900626073673e-01
1.650513723617106000e+15,4.479223900626073673e-01
1.650513723618990000e+15,4.479223900626073673e-01
1.650513723620874000e+15,4.487330849811893008e-01
1.650513723622758000e+15,4.497671738279113152e-01
1.650513723624642250e+15,4.508013998944908618e-01
1.650513723626526250e+15,4.518354887412129317e-01
1.650513723628410250e+15,4.528695775879348351e-01
1.650513723630294250e+15,4.539036664346569050e-01
1.650513723632178500e+15,4.540583132141493561e-01
1.650513723634062500e+15,4.540583132141493561e-01
1.650513723635946500e+15,4.540583132141493561e-01
1.650513723637830500e+15,4.540583132141493561e-01
1.650513723639714750e+15,4.540583132141493561e-01
1.650513723641598750e+15,4.540583132141493561e-01
1.650513723643482750e+15,4.540583132141493561e-01
1.650513723645367000e+15,4.540583132141493006e-01
1.650513723647251000e+15,4.540583132141493561e-01
1.650513723649135000e+15,4.540583132141493561e-01
1.650513723651019000e+15,4.540583132141493561e-01
1.650513723652903250e+15,4.540583132141493561e-01
1.650513723654787250e+15,4.540583132141493561e-01
1.650513723656671250e+15,4.540583132141493561e-01
1.650513723658555250e+15,4.540583132141493006e-01
1.650513723660439500e+15,4.540583132141493561e-01
1.650513723662323500e+15,4.540583132141493561e-01
1.650513723664207500e+15,4.540583132141493006e-01
1.650513723666091500e+15,4.540583132141494116e-01
1.650513723667975750e+15,4.540583132141494116e-01
1.650513723669859750e+15,4.540583132141494116e-01
1.650513723671743750e+15,4.540583132141494671e-01
1.650513723673628000e+15,4.540583132141494671e-01
1.650513723675512000e+15,4.540583132141494671e-01
1.650513723677396000e+15,4.540583132141494671e-01
1.650513723679280000e+15,4.540583132141494671e-01
1.650513723681164250e+15,4.540583132141495226e-01
1.650513723683048250e+15,4.540583132141495781e-01
1.650513723684932250e+15,4.540583132141495781e-01
1.650513723686816250e+15,4.540583132141495781e-01
1.650513723688700500e+15,4.540583132141496336e-01
1.650513723690584500e+15,4.540583132141496336e-01
1.650513723692468500e+15,4.540583132141495781e-01
1.650513723694352500e+15,4.540583132141495781e-01
1.650513723696236750e+15,4.540583132141496336e-01
1.650513723698120750e+15,4.540583132141496336e-01
1.650513723700004750e+15,4.540583132141496336e-01
1.650513723701889000e+15,4.540583132141496336e-01
1.650513723703773000e+15,4.540583132141495781e-01
1.650513723705657000e+15,4.540583132141495781e-01
1.650513723707541000e+15,4.540583132141495781e-01
1.650513723709425250e+15,4.540583132141496336e-01
1.650513723711309250e+15,4.540583132141496336e-01
1.650513723713193250e+15,4.540583132141495781e-01
1.650513723715077250e+15,4.540583132141495226e-01
1.650513723716961500e+15,4.540583132141495226e-01
1.650513723718845500e+15,4.540583132141494671e-01
1.650513723720729500e+15,4.540583132141495226e-01
1.650513723722613500e+15,4.540583132141494671e-01
1.650513723724497750e+15,4.540583132141494671e-01
1.650513723726381750e+15,4.540583132141493561e-01
1.650513723728265750e+15,4.540583132141493561e-01
1.650513723730150000e+15,4.540583132141494116e-01
1.650513723732034000e+15,4.540583132141494116e-01
1.650513723733918000e+15,4.540583132141494116e-01
1.650513723735802000e+15,4.540583132141493561e-01
1.650513723737686250e+15,4.540583132141493561e-01
1.650513723739570250e+15,4.540583132141493561e-01
1.650513723741454250e+15,4.540583132141493561e-01
1.650513723743338250e+15,4.540583132141493561e-01
1.650513723745222500e+15,4.540583132141493561e-01
1.650513723747106500e+15,4.540583132141493561e-01
1.650513723748990500e+15,4.540583132141493561e-01
1.650513723750874500e+15,4.540583132141494116e-01
1.650513723752758750e+15,4.540583132141494671e-01
1.650513723754642750e+15,4.540583132141494671e-01
1.650513723756526750e+15,4.540583132141494671e-01
1.650513723758411000e+15,4.540583132141494671e-01
1.650513723760295000e+15,4.540583132141494671e-01
1.650513723762179000e+15,4.540583132141495781e-01
1.650513723764063000e+15,4.540583132141495226e-01
1.650513723765947250e+15,4.540583132141495781e-01
1.650513723767831250e+15,4.540583132141495781e-01
1.650513723769715250e+15,4.540583132141495781e-01
1.650513723771599250e+15,4.540583132141495781e-01
1.650513723773483500e+15,4.540583132141495781e-01
1.650513723775367500e+15,4.540583132141495781e-01
1.650513723777251500e+15,4.540583132141495781e-01
1.650513723779135500e+15,4.540583132141495781e-01
1.650513723781019750e+15,4.540583132141495781e-01
1.650513723782903750e+15,4.540583132141495781e-01
1.650513723784787750e+15,4.540583132141495781e-01
1.650513723786672000e+15,4.540583132141495781e-01
1.650513723788556000e+15,4.540583132141495781e-01
1.650513723790440000e+15,4.540583132141495226e-01
1.650513723792324000e+15,4.540583132141495781e-01
1.650513723794208250e+15,4.540583132141495781e-01
1.650513723796092250e+15,4.540583132141495781e-01
1.650513723797976250e+15,4.540583132141495226e-01
1.650513723799860250e+15,4.540583132141495226e-01
1.650513723801744500e+15,4.540583132141495781e-01
1.650513723803628500e+15,4.540583132141495226e-01
1.650513723805512500e+15,4.540583132141495781e-01
1.650513723807396500e+15,4.540583132141495781e-01
1.650513723809280750e+15,4.540583132141495781e-01
1.650513723811164750e+15,4.540583132141495781e-01
1.650513723813048750e+15,4.540583132141495781e-01
1.650513723814933000e+15,4.540583132141495781e-01
1.650513723816817000e+15,4.540583132141495781e-01
1.650513723818701000e+15,4.540583132141495781e-01
1.650513723820585000e+15,4.540583132141495781e-01
1.650513723822469250e+15,4.540583132141496336e-01
1.650513723824353250e+15,4.540583132141495781e-01
1.650513723826237250e+15,4.540583132141495226e-01
1.650513723828121250e+15,4.540583132141495226e-01
1.650513723830005500e+15,4.540583132141495781e-01
1.650513723831889500e+15,4.540583132141495781e-01
1.650513723833773500e+15,4.540583132141495781e-01
1.650513723835657500e+15,4.540583132141495781e-01
1.650513723837541750e+15,4.540583132141495781e-01
1.650513723839425750e+15,4.540583132141495781e-01
1.650513723841309750e+15,4.540583132141495781e-01
1.650513723843194000e+15,4.540583132141495781e-01
1.650513723845078000e+15,4.540583132141495781e-01
1.650513723846962000e+15,4.540583132141496336e-01
1.650513723848846000e+15,4.540583132141495781e-01
1.650513723850730250e+15,4.540583132141495781e-01
1.650513723852614250e+15,4.540583132141495781e-01
1.650513723854498250e+15,4.540583132141495781e-01
1.650513723856382250e+15,4.540583132141495781e-01
1.650513723858266500e+15,4.540583132141495781e-01
1.650513723860150500e+15,4.540583132141495781e-01
1.650513723862034500e+15,4.540583132141495781e-01
1.650513723863918500e+15,4.540583132141495781e-01
1.650513723865802750e+15,4.540583132141495781e-01
1.650513723867686750e+15,4.540583132141495781e-01
1.650513723869570750e+15,4.540583132141495781e-01
1.650513723871455000e+15,4.540583132141495781e-01
1.650513723873339000e+15,4.540583132141495781e-01
1.650513723875223000e+15,4.540583132141495781e-01
1.650513723877107000e+15,4.540583132141495781e-01
1.650513723878991250e+15,4.540583132141496336e-01
1.650513723880875250e+15,4.540583132141495781e-01
1.650513723882759250e+15,4.540583132141495781e-01
1.650513723884643250e+15,4.540583132141495781e-01
1.650513723886527500e+15,4.540583132141496336e-01
1.650513723888411500e+15,4.540583132141495781e-01
1.650513723890295500e+15,4.540583132141496336e-01
1.650513723892179500e+15,4.540583132141496336e-01
1.650513723894063750e+15,4.540583132141495781e-01
1.650513723895947750e+15,4.540583132141495781e-01
1.650513723897831750e+15,4.540583132141495781e-01
1.650513723899716000e+15,4.540583132141495781e-01
1.650513723901600000e+15,4.540583132141495226e-01
1.650513723903484000e+15,4.540583132141495781e-01
1.650513723905368000e+15,4.540583132141495781e-01
1.650513723907252250e+15,4.540583132141495781e-01
1.650513723909136250e+15,4.540583132141495781e-01
1.650513723911020250e+15,4.540583132141495226e-01
1.650513723912904250e+15,4.540583132141495226e-01
1.650513723914788500e+15,4.540583132141495226e-01
1.650513723916672500e+15,4.540583132141495781e-01
1.650513723918556500e+15,4.540583132141495226e-01
1.650513723920440500e+15,4.540583132141495226e-01
1.650513723922324750e+15,4.540583132141495781e-01
1.650513723924208750e+15,4.540583132141495781e-01
1.650513723926092750e+15,4.540583132141495781e-01
1.650513723927977000e+15,4.540583132141495781e-01
1.650513723929861000e+15,4.540583132141495781e-01
1.650513723931745000e+15,4.540583132141495781e-01
1.650513723933629000e+15,4.540583132141495781e-01
1.650513723935513250e+15,4.540583132141495781e-01
1.650513723937397250e+15,4.540583132141495781e-01
1.650513723939281250e+15,4.540583132141495781e-01
1.650513723941165250e+15,4.540583132141495781e-01
1.650513723943049500e+15,4.540583132141495781e-01
1.650513723944933500e+15,4.540583132141494671e-01
1.650513723946817500e+15,4.540583132141495226e-01
1.650513723948701500e+15,4.540583132141495226e-01
1.650513723950585750e+15,4.540583132141496336e-01
1.650513723952469750e+15,4.540583132141495781e-01
1.650513723954353750e+15,4.540583132141496336e-01
1.650513723956238000e+15,4.540583132141495781e-01
1.650513723958122000e+15,4.540583132141495781e-01
1.650513723960006000e+15,4.540583132141496336e-01
1.650513723961890000e+15,4.540583132141495781e-01
1.650513723963774250e+15,4.540583132141495781e-01
1.650513723965658250e+15,4.540583132141495781e-01
1.650513723967542250e+15,4.540583132141495781e-01
1.650513723969426250e+15,4.540583132141495781e-01
1.650513723971310500e+15,4.540583132141495781e-01
1.650513723973194500e+15,4.540583132141495781e-01
1.650513723975078500e+15,4.540583132141495781e-01
1.650513723976962500e+15,4.540583132141495781e-01
1.650513723978846750e+15,4.540583132141496336e-01
1.650513723980730750e+15,4.540583132141495781e-01
1.650513723982614750e+15,4.540583132141496336e-01
1.650513723984499000e+15,4.540583132141495781e-01
1.650513723986383000e+15,4.540583132141495781e-01
1.650513723988267000e+15,4.540583132141495781e-01
1.650513723990151000e+15,4.540583132141496336e-01
1.650513723992035250e+15,4.540583132141495226e-01
1.650513723993919250e+15,4.540583132141495781e-01
1.650513723995803250e+15,4.540583132141495781e-01
1.650513723997687250e+15,4.540583132141495781e-01
1.650513723999571500e+15,4.540583132141495781e-01
1.650513724001455500e+15,4.540583132141496336e-01
1.650513724003339500e+15,4.540583132141496336e-01
1.650513724005223500e+15,4.540583132141495781e-01
1.650513724007107750e+15,4.540583132141495781e-01
1.650513724008991750e+15,4.540583132141495781e-01
1.650513724010875750e+15,4.540583132141495781e-01
1.650513724012760000e+15,4.540583132141496892e-01
1.650513724014644000e+15,4.540583132141497447e-01
1.650513724016528000e+15,4.540583132141499112e-01
1.650513724018412000e+15,4.540583132141499667e-01
1.650513724020296250e+15,4.540583132141500777e-01
1.650513724022180250e+15,4.540583132141501888e-01
1.650513724024064250e+15,4.540583132141502998e-01
1.650513724025948250e+15,4.540583132141502998e-01
1.650513724027832500e+15,4.540583132141501332e-01
1.650513724029716500e+15,4.540583132141500222e-01
1.650513724031600500e+15,4.540583132141499667e-01
1.650513724033484500e+15,4.540583132141498002e-01
1.650513724035368750e+15,4.540583132141496892e-01
1.650513724037252750e+15,4.540583132141495781e-01
1.650513724039136750e+15,4.540583132141495781e-01
1.650513724041021000e+15,4.540583132141495781e-01
1.650513724042905000e+15,4.540583132141496336e-01
1.650513724044789000e+15,4.540583132141495781e-01
1.650513724046673000e+15,4.540583132141495781e-01
1.650513724048557250e+15,4.540583132141496336e-01
1.650513724050441250e+15,4.540583132141498002e-01
1.650513724052325250e+15,4.540583132141499667e-01
1.650513724054209250e+15,4.540583132141501332e-01
1.650513724056093500e+15,4.540583132141502443e-01
1.650513724057977500e+15,4.540583132141504663e-01
1.650513724059861500e+15,4.531098452915029995e-01
1.650513724061745500e+15,4.520071525631673137e-01
1.650513724063629750e+15,4.509043135114866319e-01
1.650513724065513750e+15,4.498016207831510016e-01
1.650513724067397750e+15,4.486989280548153713e-01
1.650513724069282000e+15,4.475960890031347450e-01
1.650513724071166000e+15,4.464933962747990592e-01
1.650513724073050000e+15,4.453907035464634845e-01
1.650513724074934000e+15,4.442880108181277987e-01
1.650513724076818250e+15,4.431851717664471169e-01
1.650513724078702250e+15,4.420824790381114866e-01
1.650513724080586250e+15,4.400927284605113954e-01
1.650513724082470250e+15,4.377774712569250104e-01
1.650513724084354500e+15,4.354619068270643711e-01
1.650513724086238500e+15,4.331466496234780417e-01
1.650513724088122500e+15,4.308313924198917122e-01
1.650513724090006500e+15,4.287447877542691077e-01
1.650513724091890750e+15,4.269594861486030180e-01
1.650513724093774750e+15,4.251744214145841694e-01
1.650513724095658750e+15,4.233893566805654318e-01
1.650513724097543000e+15,4.216040550748992866e-01
1.650513724099427000e+15,4.198189903408804935e-01
1.650513724101311000e+15,4.180339256068617004e-01
1.650513724103195000e+15,4.172427743048947590e-01
1.650513724105079250e+15,4.172427743048948146e-01
1.650513724106963250e+15,4.172427743048947590e-01
1.650513724108847250e+15,4.172427743048947590e-01
1.650513724110731250e+15,4.172427743048947590e-01
1.650513724112615500e+15,4.172427743048948146e-01
1.650513724114499500e+15,4.172427743048947590e-01
1.650513724116383500e+15,4.172427743048947590e-01
1.650513724118267500e+15,4.172427743048947590e-01
1.650513724120151750e+15,4.172427743048947590e-01
1.650513724122035750e+15,4.172427743048947590e-01
1.650513724123919750e+15,4.172427743048947590e-01
1.650513724125804000e+15,4.172427743048947590e-01
1.650513724127688000e+15,4.172427743048947590e-01
1.650513724129572000e+15,4.172427743048947590e-01
1.650513724131456000e+15,4.172427743048947035e-01
1.650513724133340250e+15,4.172427743048947590e-01
1.650513724135224250e+15,4.172427743048947590e-01
1.650513724137108250e+15,4.172427743048947035e-01
1.650513724138992250e+15,4.172427743048947590e-01
1.650513724140876500e+15,4.172427743048947590e-01
1.650513724142760500e+15,4.172427743048947590e-01
1.650513724144644500e+15,4.172427743048947590e-01
1.650513724146528500e+15,4.182413657197536216e-01
1.650513724148412750e+15,4.200549521037996725e-01
1.650513724150296750e+15,4.218682978634084035e-01
1.650513724152180750e+15,4.236816436230171901e-01
1.650513724154065000e+15,4.254952300070632409e-01
1.650513724155949000e+15,4.273085757666719164e-01
1.650513724157833000e+15,4.291219215262806475e-01
1.650513724159717000e+15,4.279368117975828056e-01
1.650513724161601250e+15,4.259225934703539940e-01
1.650513724163485250e+15,4.239086423871647469e-01
1.650513724165369250e+15,4.218946913039756108e-01
1.650513724167253250e+15,4.198807402207864747e-01
1.650513724169137500e+15,4.178665218935576631e-01
1.650513724171021500e+15,4.164610572145164280e-01
1.650513724172905500e+15,4.153286043131148575e-01
1.650513724174789500e+15,4.141961514117132870e-01
1.650513724176673750e+15,4.130635482378990364e-01
1.650513724178557750e+15,4.119310953364975214e-01
1.650513724180441750e+15,4.113830269430244213e-01
1.650513724182326000e+15,4.123979157420319397e-01
1.650513724184210000e+15,4.134126698868270111e-01
1.650513724186094000e+15,4.144274240316221380e-01
1.650513724187978000e+15,4.154421781764172095e-01
1.650513724189862250e+15,4.164570669754247279e-01
1.650513724191746250e+15,4.172427743048939264e-01
1.650513724193630250e+15,4.172427743048940374e-01
1.650513724195514250e+15,4.172427743048942039e-01
1.650513724197398500e+15,4.172427743048943150e-01
1.650513724199282500e+15,4.172427743048944815e-01
1.650513724201166500e+15,4.172427743048946480e-01
1.650513724203050500e+15,4.172427743048948146e-01
1.650513724204934750e+15,4.172427743048947590e-01
1.650513724206818750e+15,4.172427743048947590e-01
1.650513724208702750e+15,4.172427743048947590e-01
1.650513724210587000e+15,4.172427743048947590e-01
1.650513724212471000e+15,4.172427743048947590e-01
1.650513724214355000e+15,4.172427743048947590e-01
1.650513724216239000e+15,4.172427743048948146e-01
1.650513724218123250e+15,4.172427743048947590e-01
1.650513724220007250e+15,4.172427743048947590e-01
1.650513724221891250e+15,4.172427743048947590e-01
1.650513724223775250e+15,4.172427743048947590e-01
1.650513724225659500e+15,4.172427743048947590e-01
1.650513724227543500e+15,4.172427743048947590e-01
1.650513724229427500e+15,4.172427743048947590e-01
1.650513724231311500e+15,4.172427743048947590e-01
1.650513724233195750e+15,4.177170765320343815e-01
1.650513724235079750e+15,4.190394374583105153e-01
1.650513724236963750e+15,4.203617983845866490e-01
1.650513724238848000e+15,4.216843347833847955e-01
1.650513724240732000e+15,4.230066957096608737e-01
1.650513724242616000e+15,4.228348351922848747e-01
1.650513724244500000e+15,4.220780874037599051e-01
1.650513724246384250e+15,4.213212391975347804e-01
1.650513724248268250e+15,4.205644914090098108e-01
1.650513724250152250e+15,4.198077436204848967e-01
1.650513724252036250e+15,4.190509958319598716e-01
1.650513724253920500e+15,4.182941476257346913e-01
1.650513724255804500e+15,4.175373998372097217e-01
1.650513724257688500e+15,4.172427743048939819e-01
1.650513724259572500e+15,4.172427743048940929e-01
1.650513724261456750e+15,4.172427743048943150e-01
1.650513724263340750e+15,4.172427743048944260e-01
1.650513724265224750e+15,4.172427743048945370e-01
1.650513724267109000e+15,4.172427743048947035e-01
1.650513724268993000e+15,4.172427743048947590e-01
1.650513724270877000e+15,4.172427743048947590e-01
1.650513724272761000e+15,4.172427743048947590e-01
1.650513724274645250e+15,4.172427743048947590e-01
1.650513724276529250e+15,4.172427743048946480e-01
1.650513724278413250e+15,4.172427743048947035e-01
1.650513724280297250e+15,4.172427743048945925e-01
1.650513724282181500e+15,4.172427743048946480e-01
1.650513724284065500e+15,4.172427743048946480e-01
1.650513724285949500e+15,4.172427743048945925e-01
1.650513724287833500e+15,4.172427743048945925e-01
1.650513724289717750e+15,4.172427743048946480e-01
1.650513724291601750e+15,4.172427743048946480e-01
1.650513724293485750e+15,4.172427743048947035e-01
1.650513724295370000e+15,4.172427743048947590e-01
1.650513724297254000e+15,4.172427743048947590e-01
1.650513724299138000e+15,4.172427743048948701e-01
1.650513724301022000e+15,4.172427743048948701e-01
1.650513724302906250e+15,4.172427743048949811e-01
1.650513724304790250e+15,4.172427743048950921e-01
1.650513724306674250e+15,4.172427743048950921e-01
1.650513724308558250e+15,4.173041517054838501e-01
1.650513724310442500e+15,4.177320901589868796e-01
1.650513724312326500e+15,4.181599718341360017e-01
1.650513724314210500e+15,4.185878535092850683e-01
1.650513724316094500e+15,4.190157351844341904e-01
1.650513724317978750e+15,4.194436736379372199e-01
1.650513724319862750e+15,4.198715553130862865e-01
1.650513724321746750e+15,4.202994369882354087e-01
1.650513724323631000e+15,4.207273754417383826e-01
1.650513724325515000e+15,4.211552571168875048e-01
1.650513724327399000e+15,4.215831387920365714e-01
1.650513724329283000e+15,4.220110204671857490e-01
1.650513724331167250e+15,4.224389589206887230e-01
1.650513724333051250e+15,4.228668405958378451e-01
1.650513724334935250e+15,4.232947222709869672e-01
1.650513724336819250e+15,4.222782211290382337e-01
1.650513724338703500e+15,4.209088484891838622e-01
1.650513724340587500e+15,4.195396575360269553e-01
1.650513724342471500e+15,4.181704665828701040e-01
1.650513724344355500e+15,4.168525750675286523e-01
1.650513724346239750e+15,4.156423151284209250e-01
1.650513724348123750e+15,4.144322157651310068e-01
1.650513724350007750e+15,4.132221164018411441e-01
1.650513724351892000e+15,4.120118564627334168e-01
1.650513724353776000e+15,4.112895136938994889e-01
1.650513724355660000e+15,4.120140110126201405e-01
1.650513724357544000e+15,4.127385083313407921e-01
1.650513724359428250e+15,4.134631017882406945e-01
1.650513724361312250e+15,4.141875991069613461e-01
1.650513724363196250e+15,4.149120964256820532e-01
1.650513724365080250e+15,4.156365937444027048e-01
1.650513724366964500e+15,4.163611872013025517e-01
1.650513724368848500e+15,4.170856845200232588e-01
1.650513724370732500e+15,4.172427743048945925e-01
1.650513724372616500e+15,4.172427743048946480e-01
1.650513724374500750e+15,4.172427743048947590e-01
1.650513724376384750e+15,4.172427743048948146e-01
1.650513724378268750e+15,4.172427743048948701e-01
1.650513724380153000e+15,4.172427743048949811e-01
1.650513724382037000e+15,4.172427743048949811e-01
1.650513724383921000e+15,4.172427743048950921e-01
1.650513724385805000e+15,4.172427743048951476e-01
1.650513724387689250e+15,4.173146374414886117e-01
1.650513724389573250e+15,4.181290142796361131e-01
1.650513724391457250e+15,4.189433911177835590e-01
1.650513724393341250e+15,4.197577679559310049e-01
1.650513724395225500e+15,4.205722528589455056e-01
1.650513724397109500e+15,4.213866296970930625e-01
1.650513724398993500e+15,4.222010065352405084e-01
1.650513724400877500e+15,4.230153833733879543e-01
1.650513724402761750e+15,4.233786974564363037e-01
1.650513724404645750e+15,4.233786974564364702e-01
1.650513724406529750e+15,4.233786974564366368e-01
1.650513724408414000e+15,4.233786974564368588e-01
1.650513724410298000e+15,4.233786974564370253e-01
1.650513724412182000e+15,4.233786974564372474e-01
1.650513724414066000e+15,4.233786974564373029e-01
1.650513724415950250e+15,4.233786974564373029e-01
1.650513724417834250e+15,4.233786974564371919e-01
1.650513724419718250e+15,4.233786974564371364e-01
1.650513724421602250e+15,4.233786974564370809e-01
1.650513724423486500e+15,4.233786974564370809e-01
1.650513724425370500e+15,4.233786974564370809e-01
1.650513724427254500e+15,4.233786974564370809e-01
1.650513724429138500e+15,4.233786974564370809e-01
1.650513724431022750e+15,4.233786974564370809e-01
1.650513724432906750e+15,4.233786974564370809e-01
1.650513724434790750e+15,4.233786974564370809e-01
1.650513724436675000e+15,4.233786974564370809e-01
1.650513724438559000e+15,4.233786974564370253e-01
1.650513724440443000e+15,4.233786974564370253e-01
1.650513724442327000e+15,4.233786974564369698e-01
1.650513724444211250e+15,4.233786974564369698e-01
1.650513724446095250e+15,4.233786974564369143e-01
1.650513724447979250e+15,4.233786974564369698e-01
1.650513724449863250e+15,4.233786974564369143e-01
1.650513724451747500e+15,4.233786974564368588e-01
1.650513724453631500e+15,4.233786974564368588e-01
1.650513724455515500e+15,4.233786974564368033e-01
1.650513724457399500e+15,4.233786974564368588e-01
1.650513724459283750e+15,4.233786974564368588e-01
1.650513724461167750e+15,4.233786974564369698e-01
1.650513724463051750e+15,4.233786974564369698e-01
1.650513724464936000e+15,4.233786974564369698e-01
1.650513724466820000e+15,4.233786974564370253e-01
1.650513724468704000e+15,4.233786974564370809e-01
1.650513724470588000e+15,4.233786974564371364e-01
1.650513724472472250e+15,4.233786974564371364e-01
1.650513724474356250e+15,4.233786974564371919e-01
1.650513724476240250e+15,4.233786974564372474e-01
1.650513724478124250e+15,4.233786974564372474e-01
1.650513724480008500e+15,4.233786974564371919e-01
1.650513724481892500e+15,4.233786974564371919e-01
1.650513724483776500e+15,4.233786974564371364e-01
1.650513724485660500e+15,4.233786974564371364e-01
1.650513724487544750e+15,4.233786974564370809e-01
1.650513724489428750e+15,4.233786974564370809e-01
1.650513724491312750e+15,4.233786974564370809e-01
1.650513724493197000e+15,4.233786974564370809e-01
1.650513724495081000e+15,4.233786974564370809e-01
1.650513724496965000e+15,4.233786974564370809e-01
1.650513724498849000e+15,4.233786974564370809e-01
1.650513724500733250e+15,4.233786974564370809e-01
1.650513724502617250e+15,4.233786974564370809e-01
1.650513724504501250e+15,4.233786974564370809e-01
1.650513724506385250e+15,4.233786974564370809e-01
1.650513724508269500e+15,4.233786974564370809e-01
1.650513724510153500e+15,4.233786974564370253e-01
1.650513724512037500e+15,4.233786974564370809e-01
1.650513724513921500e+15,4.233786974564370809e-01
1.650513724515805750e+15,4.233786974564370809e-01
1.650513724517689750e+15,4.233786974564370809e-01
1.650513724519573750e+15,4.233786974564370253e-01
1.650513724521458000e+15,4.233786974564370809e-01
1.650513724523342000e+15,4.233786974564370809e-01
1.650513724525226000e+15,4.233786974564370809e-01
1.650513724527110000e+15,4.233786974564370809e-01
1.650513724528994250e+15,4.233786974564370809e-01
1.650513724530878250e+15,4.233786974564371364e-01
1.650513724532762250e+15,4.233786974564370809e-01
1.650513724534646250e+15,4.233786974564370809e-01
1.650513724536530500e+15,4.233786974564370809e-01
1.650513724538414500e+15,4.233786974564370809e-01
1.650513724540298500e+15,4.233786974564370809e-01
1.650513724542182500e+15,4.233786974564370809e-01
1.650513724544066750e+15,4.233786974564371364e-01
1.650513724545950750e+15,4.233786974564371364e-01
1.650513724547834750e+15,4.233786974564370809e-01
1.650513724549719000e+15,4.233786974564371364e-01
1.650513724551603000e+15,4.233786974564371364e-01
1.650513724553487000e+15,4.233786974564371364e-01
1.650513724555371000e+15,4.233786974564371364e-01
1.650513724557255250e+15,4.233786974564370809e-01
1.650513724559139250e+15,4.233786974564370809e-01
1.650513724561023250e+15,4.233786974564370809e-01
1.650513724562907250e+15,4.233786974564370809e-01
1.650513724564791500e+15,4.233786974564370809e-01
1.650513724566675500e+15,4.233786974564370809e-01
1.650513724568559500e+15,4.233786974564370253e-01
1.650513724570443500e+15,4.233786974564370253e-01
1.650513724572327750e+15,4.233786974564370809e-01
1.650513724574211750e+15,4.233786974564370253e-01
1.650513724576095750e+15,4.233786974564370809e-01
1.650513724577980000e+15,4.233786974564370809e-01
1.650513724579864000e+15,4.233786974564370253e-01
1.650513724581748000e+15,4.233786974564370809e-01
1.650513724583632000e+15,4.233786974564370809e-01
1.650513724585516250e+15,4.233786974564370809e-01
1.650513724587400250e+15,4.233786974564370253e-01
1.650513724589284250e+15,4.233786974564370809e-01
1.650513724591168250e+15,4.233786974564370253e-01
1.650513724593052500e+15,4.233786974564370253e-01
1.650513724594936500e+15,4.233786974564370809e-01
1.650513724596820500e+15,4.233786974564370809e-01
1.650513724598704500e+15,4.233786974564370809e-01
1.650513724600588750e+15,4.233786974564370253e-01
1.650513724602472750e+15,4.233786974564370809e-01
1.650513724604356750e+15,4.233786974564370809e-01
1.650513724606241000e+15,4.233786974564370253e-01
1.650513724608125000e+15,4.233786974564370253e-01
1.650513724610009000e+15,4.233786974564369698e-01
1.650513724611893000e+15,4.233786974564368033e-01
1.650513724613777250e+15,4.233786974564366368e-01
1.650513724615661250e+15,4.233786974564365257e-01
1.650513724617545250e+15,4.233786974564364147e-01
1.650513724619429250e+15,4.233786974564362482e-01
1.650513724621313500e+15,4.233786974564361927e-01
1.650513724623197500e+15,4.233786974564361927e-01
1.650513724625081500e+15,4.233786974564361927e-01
1.650513724626965500e+15,4.233786974564361927e-01
1.650513724628849750e+15,4.232636736159351432e-01
1.650513724630733750e+15,4.224357656292916374e-01
1.650513724632617750e+15,4.216078576426480207e-01
1.650513724634502000e+15,4.207798397956028502e-01
1.650513724636386000e+15,4.199519318089592890e-01
1.650513724638270000e+15,4.191240238223157277e-01
1.650513724640154000e+15,4.182961158356721665e-01
1.650513724642038250e+15,4.174680979886269960e-01
1.650513724643922250e+15,4.172427743048947035e-01
1.650513724645806250e+15,4.172427743048947590e-01
1.650513724647690250e+15,4.172427743048947590e-01
1.650513724649574500e+15,4.172427743048947590e-01
1.650513724651458500e+15,4.172427743048947590e-01
1.650513724653342500e+15,4.172427743048947590e-01
1.650513724655226500e+15,4.172427743048947035e-01
1.650513724657110750e+15,4.172427743048947035e-01
1.650513724658994750e+15,4.172427743048947590e-01
1.650513724660878750e+15,4.172427743048947590e-01
1.650513724662763000e+15,4.172427743048947590e-01
1.650513724664647000e+15,4.172427743048948146e-01
1.650513724666531000e+15,4.172427743048947590e-01
1.650513724668415000e+15,4.172427743048947590e-01
1.650513724670299250e+15,4.172427743048947590e-01
1.650513724672183250e+15,4.169273922753543582e-01
1.650513724674067250e+15,4.147919754068762344e-01
1.650513724675951250e+15,4.126565585383979995e-01
1.650513724677835500e+15,4.105208583078088225e-01
1.650513724679719500e+15,4.083854414393306986e-01
1.650513724681603500e+15,4.062500245708525193e-01
1.650513724683487500e+15,4.049709280018092272e-01
1.650513724685371750e+15,4.049709280018092272e-01
1.650513724687255750e+15,4.049709280018092272e-01
1.650513724689139750e+15,4.049709280018092272e-01
1.650513724691024000e+15,4.049709280018092272e-01
1.650513724692908000e+15,4.049709280018092272e-01
1.650513724694792000e+15,4.052868846284908844e-01
1.650513724696676000e+15,4.061433771244163382e-01
1.650513724698560250e+15,4.069999832738045997e-01
1.650513724700444250e+15,4.078564757697300536e-01
1.650513724702328250e+15,4.087129682656555074e-01
1.650513724704212250e+15,4.095694607615809057e-01
1.650513724706096500e+15,4.104260669109692783e-01
1.650513724707980500e+15,4.111068511533515490e-01
1.650513724709864500e+15,4.111068511533515490e-01
1.650513724711748500e+15,4.111068511533515490e-01
1.650513724713632750e+15,4.111068511533515490e-01
1.650513724715516750e+15,4.111068511533515490e-01
1.650513724717400750e+15,4.111068511533515490e-01
1.650513724719285000e+15,4.111068511533515490e-01
1.650513724721169000e+15,4.111068511533515490e-01
1.650513724723053000e+15,4.111068511533515490e-01
1.650513724724937000e+15,4.111068511533514935e-01
1.650513724726821250e+15,4.111068511533514935e-01
1.650513724728705250e+15,4.111068511533515490e-01
1.650513724730589250e+15,4.111068511533515490e-01
1.650513724732473250e+15,4.111068511533516046e-01
1.650513724734357500e+15,4.111068511533517156e-01
1.650513724736241500e+15,4.111068511533518821e-01
1.650513724738125500e+15,4.111068511533519376e-01
1.650513724740009500e+15,4.111068511533521597e-01
1.650513724741893750e+15,4.111068511533521597e-01
1.650513724743777750e+15,4.111068511533521042e-01
1.650513724745661750e+15,4.111068511533520486e-01
1.650513724747546000e+15,4.111068511533519931e-01
1.650513724749430000e+15,4.111068511533519931e-01
1.650513724751314000e+15,4.111068511533518821e-01
1.650513724753198000e+15,4.111068511533518266e-01
1.650513724755082250e+15,4.111068511533517711e-01
1.650513724756966250e+15,4.111068511533517156e-01
1.650513724758850250e+15,4.111068511533516601e-01
1.650513724760734250e+15,4.111068511533516046e-01
1.650513724762618500e+15,4.111068511533515490e-01
1.650513724764502500e+15,4.111068511533515490e-01
1.650513724766386500e+15,4.111068511533515490e-01
1.650513724768270500e+15,4.111068511533515490e-01
1.650513724770154750e+15,4.111068511533515490e-01
1.650513724772038750e+15,4.111068511533515490e-01
1.650513724773922750e+15,4.111068511533515490e-01
1.650513724775807000e+15,4.111068511533515490e-01
1.650513724777691000e+15,4.111068511533515490e-01
1.650513724779575000e+15,4.111068511533515490e-01
1.650513724781459000e+15,4.111068511533515490e-01
1.650513724783343250e+15,4.111068511533516046e-01
1.650513724785227250e+15,4.111068511533515490e-01
1.650513724787111250e+15,4.111068511533515490e-01
1.650513724788995250e+15,4.111068511533514935e-01
1.650513724790879500e+15,4.111068511533515490e-01
1.650513724792763500e+15,4.111068511533515490e-01
1.650513724794647500e+15,4.111068511533514935e-01
1.650513724796531500e+15,4.111068511533515490e-01
1.650513724798415750e+15,4.111068511533515490e-01
1.650513724800299750e+15,4.111068511533515490e-01
1.650513724802183750e+15,4.111068511533515490e-01
1.650513724804068000e+15,4.111068511533515490e-01
1.650513724805952000e+15,4.111068511533515490e-01
1.650513724807836000e+15,4.110597804847835879e-01
1.650513724809720000e+15,4.105671074871061199e-01
1.650513724811604250e+15,4.100743691134999258e-01
1.650513724813488250e+15,4.095816961158224578e-01
1.650513724815372250e+15,4.090890231181448788e-01
1.650513724817256250e+15,4.085963501204673554e-01
1.650513724819140500e+15,4.081036117468612723e-01
1.650513724821024500e+15,4.076109387491837488e-01
1.650513724822908500e+15,4.071182657515062253e-01
1.650513724824792500e+15,4.066255927538285908e-01
1.650513724826676750e+15,4.061328543802225077e-01
1.650513724828560750e+15,4.056401813825449842e-01
1.650513724830444750e+15,4.051475083848674608e-01
1.650513724832329000e+15,4.055459924274072425e-01
1.650513724834213000e+15,4.064421225993069542e-01
1.650513724836097000e+15,4.073382527712066103e-01
1.650513724837981000e+15,4.082343829431062665e-01
1.650513724839865250e+15,4.091306320282453446e-01
1.650513724841749250e+15,4.100267622001450007e-01
1.650513724843633250e+15,4.109228923720446569e-01
1.650513724845517250e+15,4.101079372750601193e-01
1.650513724847401500e+15,4.088508302620891821e-01
1.650513724849285500e+15,4.075938900405489118e-01
1.650513724851169500e+15,4.063369498190086415e-01
1.650513724853053500e+15,4.050800095974684267e-01
1.650513724854937750e+15,4.060384024495917732e-01
1.650513724856821750e+15,4.072071497165522524e-01
1.650513724858705750e+15,4.083758969835128427e-01
1.650513724860590000e+15,4.095447993390173291e-01
1.650513724862474000e+15,4.107135466059778084e-01
1.650513724864358000e+15,4.118822938729383432e-01
1.650513724866242000e+15,4.130510411398988779e-01
1.650513724868126250e+15,4.142199434954033643e-01
1.650513724870010250e+15,4.153886907623638436e-01
1.650513724871894250e+15,4.165574380293243784e-01
1.650513724873778250e+15,4.169102233161731119e-01
1.650513724875662500e+15,4.161061049966366943e-01
1.650513724877546500e+15,4.153020933665415582e-01
1.650513724879430500e+15,4.144980817364464776e-01
1.650513724881314500e+15,4.136940701063514525e-01
1.650513724883198750e+15,4.128899517868149793e-01
1.650513724885082750e+15,4.120859401567198987e-01
1.650513724886966750e+15,4.112819285266248182e-01
1.650513724888851000e+15,4.111068511533517711e-01
1.650513724890735000e+15,4.111068511533517711e-01
1.650513724892619000e+15,4.111068511533517711e-01
1.650513724894503000e+15,4.111068511533517711e-01
1.650513724896387250e+15,4.111068511533517711e-01
1.650513724898271250e+15,4.111068511533517711e-01
1.650513724900155250e+15,4.111068511533517711e-01
1.650513724902039250e+15,4.111068511533517711e-01
1.650513724903923500e+15,4.111068511533517711e-01
1.650513724905807500e+15,4.111068511533517711e-01
1.650513724907691500e+15,4.111068511533517156e-01
1.650513724909575500e+15,4.111068511533517711e-01
1.650513724911459750e+15,4.111068511533517711e-01
1.650513724913343750e+15,4.111068511533517156e-01
1.650513724915227750e+15,4.111068511533517711e-01
1.650513724917112000e+15,4.111068511533517711e-01
1.650513724918996000e+15,4.111068511533517711e-01
1.650513724920880000e+15,4.111068511533517711e-01
1.650513724922764000e+15,4.111068511533517711e-01
1.650513724924648250e+15,4.111068511533517711e-01
1.650513724926532250e+15,4.111068511533517711e-01
1.650513724928416250e+15,4.111068511533517711e-01
1.650513724930300250e+15,4.111068511533517711e-01
1.650513724932184500e+15,4.111068511533517711e-01
1.650513724934068500e+15,4.111068511533517711e-01
1.650513724935952500e+15,4.111068511533517711e-01
1.650513724937836500e+15,4.111068511533517711e-01
1.650513724939720750e+15,4.111068511533517711e-01
1.650513724941604750e+15,4.111068511533517711e-01
1.650513724943488750e+15,4.111068511533517711e-01
1.650513724945373000e+15,4.111068511533517711e-01
1.650513724947257000e+15,4.111068511533517711e-01
1.650513724949141000e+15,4.111068511533517711e-01
1.650513724951025000e+15,4.111068511533517156e-01
1.650513724952909250e+15,4.116311479136851026e-01
1.650513724954793250e+15,4.125012426914590469e-01
1.650513724956677250e+15,4.133713374692331022e-01
1.650513724958561250e+15,4.142414322470071020e-01
1.650513724960445500e+15,4.151116424832176355e-01
1.650513724962329500e+15,4.159817372609916353e-01
1.650513724964213500e+15,4.168518320387656351e-01
1.650513724966097500e+15,4.172427743048939819e-01
1.650513724967981750e+15,4.172427743048940374e-01
1.650513724969865750e+15,4.172427743048940929e-01
1.650513724971749750e+15,4.172427743048942039e-01
1.650513724973634000e+15,4.172427743048942594e-01
1.650513724975518000e+15,4.172427743048943150e-01
1.650513724977402000e+15,4.172427743048944260e-01
1.650513724979286000e+15,4.172427743048944815e-01
1.650513724981170250e+15,4.172427743048946480e-01
1.650513724983054250e+15,4.172427743048946480e-01
1.650513724984938250e+15,4.172427743048947590e-01
1.650513724986822250e+15,4.179207670487104509e-01
1.650513724988706500e+15,4.188133489369442741e-01
1.650513724990590500e+15,4.197058123984980238e-01
1.650513724992474500e+15,4.205982758600516624e-01
1.650513724994358500e+15,4.214907393216053011e-01
1.650513724996242750e+15,4.223833212098391798e-01
1.650513724998126750e+15,4.232757846713928185e-01
1.650513725000010750e+15,4.233786974564366368e-01
1.650513725001895000e+15,4.233786974564365813e-01
1.650513725003779000e+15,4.233786974564366368e-01
1.650513725005663000e+15,4.233786974564366368e-01
1.650513725007547000e+15,4.233786974564366368e-01
1.650513725009431250e+15,4.233786974564366368e-01
1.650513725011315250e+15,4.233786974564366368e-01
1.650513725013199250e+15,4.233786974564366923e-01
1.650513725015083250e+15,4.233786974564367478e-01
1.650513725016967500e+15,4.233786974564368588e-01
1.650513725018851500e+15,4.233786974564369143e-01
1.650513725020735500e+15,4.233786974564369698e-01
1.650513725022619500e+15,4.233786974564370809e-01
1.650513725024503750e+15,4.233786974564370809e-01
1.650513725026387750e+15,4.233786974564370809e-01
1.650513725028271750e+15,4.233786974564370809e-01
1.650513725030156000e+15,4.233786974564370809e-01
1.650513725032040000e+15,4.233786974564370809e-01
1.650513725033924000e+15,4.233786974564370809e-01
1.650513725035808000e+15,4.233786974564370809e-01
1.650513725037692250e+15,4.233786974564370809e-01
1.650513725039576250e+15,4.233786974564370809e-01
1.650513725041460250e+15,4.233786974564370809e-01
1.650513725043344250e+15,4.233786974564370809e-01
1.650513725045228500e+15,4.233786974564370809e-01
1.650513725047112500e+15,4.233786974564370809e-01
1.650513725048996500e+15,4.233786974564370253e-01
1.650513725050880500e+15,4.233786974564370253e-01
1.650513725052764750e+15,4.233786974564370253e-01
1.650513725054648750e+15,4.233786974564369698e-01
1.650513725056532750e+15,4.233786974564368588e-01
1.650513725058417000e+15,4.233786974564368033e-01
1.650513725060301000e+15,4.233786974564367478e-01
1.650513725062185000e+15,4.233786974564366368e-01
1.650513725064069000e+15,4.242173713825704295e-01
1.650513725065953250e+15,4.253931685145030395e-01
1.650513725067837250e+15,4.265688096431012322e-01
1.650513725069721250e+15,4.277444507716994804e-01
1.650513725071605250e+15,4.289200919002976731e-01
1.650513725073489500e+15,4.295146206079792361e-01
1.650513725075373500e+15,4.295146206079792917e-01
1.650513725077257500e+15,4.295146206079792917e-01
1.650513725079141500e+15,4.295146206079793472e-01
1.650513725081025750e+15,4.295146206079793472e-01
1.650513725082909750e+15,4.295146206079794027e-01
1.650513725084793750e+15,4.295146206079794027e-01
1.650513725086678000e+15,4.295146206079794582e-01
1.650513725088562000e+15,4.290710735655957619e-01
1.650513725090446000e+15,4.285367752101925110e-01
1.650513725092330000e+15,4.280024768547893155e-01
1.650513725094214250e+15,4.274681075999227087e-01
1.650513725096098250e+15,4.269338092445194022e-01
1.650513725097982250e+15,4.263995108891160957e-01
1.650513725099866250e+15,4.258652125337128447e-01
1.650513725101750500e+15,4.253308432788462934e-01
1.650513725103634500e+15,4.247965449234429869e-01
1.650513725105518500e+15,4.242622465680397359e-01
1.650513725107402500e+15,4.237279482126364294e-01
1.650513725109286750e+15,4.233786974564373029e-01
1.650513725111170750e+15,4.233786974564370809e-01
1.650513725113054750e+15,4.233786974564369698e-01
1.650513725114939000e+15,4.233786974564366923e-01
1.650513725116823000e+15,4.233786974564366368e-01
1.650513725118707000e+15,4.233786974564366368e-01
1.650513725120591000e+15,4.233786974564366923e-01
1.650513725122475250e+15,4.233786974564366368e-01
1.650513725124359250e+15,4.233786974564366368e-01
1.650513725126243250e+15,4.233786974564366923e-01
1.650513725128127250e+15,4.233786974564366368e-01
1.650513725130011500e+15,4.233786974564366923e-01
1.650513725131895500e+15,4.229775907117219180e-01
1.650513725133779500e+15,4.223325330019118695e-01
1.650513725135663500e+15,4.216874752921017100e-01
1.650513725137547750e+15,4.210423319854617041e-01
1.650513725139431750e+15,4.203972742756516001e-01
1.650513725141315750e+15,4.197522165658414961e-01
1.650513725143200000e+15,4.191070732592015458e-01
1.650513725145084000e+15,4.184620155493914417e-01
1.650513725146968000e+15,4.178169578395813377e-01
1.650513725148852000e+15,4.172427743048936488e-01
1.650513725150736250e+15,4.172427743048937043e-01
1.650513725152620250e+15,4.172427743048936488e-01
1.650513725154504250e+15,4.172427743048936488e-01
1.650513725156388250e+15,4.172427743048936488e-01
1.650513725158272500e+15,4.172427743048937043e-01
1.650513725160156500e+15,4.172427743048936488e-01
1.650513725162040500e+15,4.172427743048936488e-01
1.650513725163924500e+15,4.172427743048936488e-01
1.650513725165808750e+15,4.172427743048936488e-01
1.650513725167692750e+15,4.172427743048935933e-01
1.650513725169576750e+15,4.172427743048935933e-01
1.650513725171461000e+15,4.172427743048936488e-01
1.650513725173345000e+15,4.172427743048935933e-01
1.650513725175229000e+15,4.172427743048936488e-01
1.650513725177113000e+15,4.172427743048936488e-01
1.650513725178997250e+15,4.172427743048935933e-01
1.650513725180881250e+15,4.172427743048935933e-01
1.650513725182765250e+15,4.172427743048936488e-01
1.650513725184649250e+15,4.172427743048936488e-01
1.650513725186533500e+15,4.172427743048937043e-01
1.650513725188417500e+15,4.172427743048937043e-01
1.650513725190301500e+15,4.172427743048936488e-01
1.650513725192185500e+15,4.172427743048936488e-01
1.650513725194069750e+15,4.172427743048937043e-01
1.650513725195953750e+15,4.172427743048937043e-01
1.650513725197837750e+15,4.168958721098516840e-01
1.650513725199722000e+15,4.164913228534644074e-01
1.650513725201606000e+15,4.160868272721808259e-01
1.650513725203490000e+15,4.156823316908971333e-01
1.650513725205374000e+15,4.152778361096135518e-01
1.650513725207258250e+15,4.148732868532263307e-01
1.650513725209142250e+15,4.144687912719426937e-01
1.650513725211026250e+15,4.140642956906590566e-01
1.650513725212910250e+15,4.136598001093754196e-01
1.650513725214794500e+15,4.132552508529881985e-01
1.650513725216678500e+15,4.128507552717045059e-01
1.650513725218562500e+15,4.124462596904209244e-01
1.650513725220446500e+15,4.120417641091372873e-01
1.650513725222330750e+15,4.116372148527500108e-01
1.650513725224214750e+15,4.112327192714663737e-01
1.650513725226098750e+15,4.115276562196688026e-01
1.650513725227983000e+15,4.121386382625950029e-01
1.650513725229867000e+15,4.127495392411662523e-01
1.650513725231751000e+15,4.133604402197375571e-01
1.650513725233635000e+15,4.139713411983088065e-01
1.650513725235519250e+15,4.145823232412350068e-01
1.650513725237403250e+15,4.151932242198063117e-01
1.650513725239287250e+15,4.158041251983776165e-01
1.650513725241171250e+15,4.164150261769488659e-01
1.650513725243055500e+15,4.170260082198750662e-01
1.650513725244939500e+15,4.167413143041742152e-01
1.650513725246823500e+15,4.159640616169217875e-01
1.650513725248707500e+15,4.151868089296693043e-01
1.650513725250591750e+15,4.144094531037906259e-01
1.650513725252475750e+15,4.136322004165381427e-01
1.650513725254359750e+15,4.128549477292857151e-01
1.650513725256244000e+15,4.120775919034070367e-01
1.650513725258128000e+15,4.113003392161545535e-01
1.650513725260012000e+15,4.102801199345899041e-01
1.650513725261896000e+15,4.091793696758291299e-01
1.650513725263780250e+15,4.080784733514820073e-01
1.650513725265664250e+15,4.069777230927212330e-01
1.650513725267548250e+15,4.058769728339604033e-01
1.650513725269432250e+15,4.051541699043317846e-01
1.650513725271316500e+15,4.061902495887385056e-01
1.650513725273200500e+15,4.072261918073519782e-01
1.650513725275084500e+15,4.082621340259653397e-01
1.650513725276968500e+15,4.092980762445788123e-01
1.650513725278852750e+15,4.103341559289855334e-01
1.650513725280736750e+15,4.111068511533519931e-01
1.650513725282620750e+15,4.111068511533519931e-01
1.650513725284505000e+15,4.111068511533519931e-01
1.650513725286389000e+15,4.111068511533519931e-01
1.650513725288273000e+15,4.111068511533519931e-01
1.650513725290157000e+15,4.111068511533519931e-01
1.650513725292041250e+15,4.111068511533519931e-01
1.650513725293925250e+15,4.111068511533519931e-01
1.650513725295809250e+15,4.111068511533519376e-01
1.650513725297693250e+15,4.111068511533519931e-01
1.650513725299577500e+15,4.111068511533519931e-01
1.650513725301461500e+15,4.111068511533519931e-01
1.650513725303345500e+15,4.111068511533520486e-01
1.650513725305229500e+15,4.111068511533519931e-01
1.650513725307113750e+15,4.111068511533519931e-01
1.650513725308997750e+15,4.111068511533519931e-01
1.650513725310881750e+15,4.111068511533519931e-01
1.650513725312766000e+15,4.111068511533519931e-01
1.650513725314650000e+15,4.111068511533519931e-01
1.650513725316534000e+15,4.111068511533519931e-01
1.650513725318418000e+15,4.111068511533520486e-01
1.650513725320302250e+15,4.111068511533519931e-01
1.650513725322186250e+15,4.111068511533519931e-01
1.650513725324070250e+15,4.116163033047294251e-01
1.650513725325954250e+15,4.124640028880325326e-01
1.650513725327838500e+15,4.133118149580107259e-01
1.650513725329722500e+15,4.141595145413138890e-01
1.650513725331606500e+15,4.150072141246170521e-01
1.650513725333490500e+15,4.158549137079201596e-01
1.650513725335374750e+15,4.167027257778983529e-01
1.650513725337258750e+15,4.172427743048938709e-01
1.650513725339142750e+15,4.172427743048938709e-01
1.650513725341027000e+15,4.172427743048938709e-01
1.650513725342911000e+15,4.172427743048937598e-01
1.650513725344795000e+15,4.172427743048938709e-01
1.650513725346679000e+15,4.172427743048938709e-01
1.650513725348563250e+15,4.172427743048938709e-01
1.650513725350447250e+15,4.172427743048938709e-01
1.650513725352331250e+15,4.172427743048938154e-01
1.650513725354215250e+15,4.172427743048939264e-01
1.650513725356099500e+15,4.172427743048940374e-01
1.650513725357983500e+15,4.172427743048942039e-01
1.650513725359867500e+15,4.172427743048943150e-01
1.650513725361751500e+15,4.172427743048944260e-01
1.650513725363635750e+15,4.172427743048945370e-01
1.650513725365519750e+15,4.172427743048945925e-01
1.650513725367403750e+15,4.172167332897891989e-01
1.650513725369288000e+15,4.166760414692637915e-01
1.650513725371172000e+15,4.161354213870720464e-01
1.650513725373056000e+15,4.155948013048802459e-01
1.650513725374940000e+15,4.150541812226885008e-01
1.650513725376824250e+15,4.145134894021631489e-01
1.650513725378708250e+15,4.139728693199713483e-01
1.650513725380592250e+15,4.134322492377795477e-01
1.650513725382476250e+15,4.128916291555878026e-01
1.650513725384360500e+15,4.123509373350623952e-01
1.650513725386244500e+15,4.118103172528706502e-01
1.650513725388128500e+15,4.112696971706789051e-01
1.650513725390012500e+15,4.114959433372065711e-01
1.650513725391896750e+15,4.120528342961340407e-01
1.650513725393780750e+15,4.126096513674458732e-01
1.650513725395664750e+15,4.131664684387577613e-01
1.650513725397549000e+15,4.137233593976852308e-01
1.650513725399433000e+15,4.142801764689970634e-01
1.650513725401317000e+15,4.148369935403090070e-01
1.650513725403201000e+15,4.153938106116207840e-01
1.650513725405085250e+15,4.159507015705482535e-01
1.650513725406969250e+15,4.165075186418600861e-01
1.650513725408853250e+15,4.170643357131719187e-01
1.650513725410737250e+15,4.165500480602061240e-01
1.650513725412621500e+15,4.155305054501272632e-01
1.650513725414505500e+15,4.145110981117228199e-01
1.650513725416389500e+15,4.134916907733183766e-01
1.650513725418273500e+15,4.124722834349139888e-01
1.650513725420157750e+15,4.114527408248351281e-01
1.650513725422041750e+15,4.104324711840007245e-01
1.650513725423925750e+15,4.094117587017698234e-01
1.650513725425810000e+15,4.083909107746766520e-01
1.650513725427694000e+15,4.073701982924456955e-01
1.650513725429578000e+15,4.063494858102147389e-01
1.650513725431462000e+15,4.053287733279837823e-01
1.650513725433346250e+15,4.043079254008905554e-01
1.650513725435230250e+15,4.032872129186596544e-01
1.650513725437114250e+15,4.022665004364287533e-01
1.650513725438998250e+15,4.012457879541977968e-01
1.650513725440882500e+15,4.002249400271046254e-01
1.650513725442766500e+15,3.992042275448736133e-01
1.650513725444650500e+15,4.003233452617094845e-01
1.650513725446534500e+15,4.026551817150642587e-01
1.650513725448418750e+15,4.049873275947000195e-01
1.650513725450302750e+15,4.073191640480547937e-01
1.650513725452186750e+15,4.096510005014096234e-01
1.650513725454071000e+15,4.104579738432257985e-01
1.650513725455955000e+15,4.087313003230605979e-01
1.650513725457839000e+15,4.070046268028953973e-01
1.650513725459723000e+15,4.052779532827301967e-01
1.650513725461607250e+15,4.035510506392210872e-01
1.650513725463491250e+15,4.018243771190559421e-01
1.650513725465375250e+15,4.000977035988906860e-01
1.650513725467259250e+15,3.990916187367159473e-01
1.650513725469143500e+15,4.000467292859348767e-01
1.650513725471027500e+15,4.010017131122469158e-01
1.650513725472911500e+15,4.019566969385588995e-01
1.650513725474795500e+15,4.029116807648709386e-01
1.650513725476679750e+15,4.038667913140898680e-01
1.650513725478563750e+15,4.048217751404019071e-01
1.650513725480447750e+15,4.049709280018096158e-01
1.650513725482332000e+15,4.049709280018096158e-01
1.650513725484216000e+15,4.049709280018096713e-01
1.650513725486100000e+15,4.049709280018096158e-01
1.650513725487984000e+15,4.049709280018096713e-01
1.650513725489868250e+15,4.049709280018096158e-01
1.650513725491752250e+15,4.049709280018096158e-01
1.650513725493636250e+15,4.036967658209221765e-01
1.650513725495520250e+15,4.018548156587952169e-01
1.650513725497404500e+15,4.000126210765300727e-01
1.650513725499288500e+15,3.988350048502659062e-01
1.650513725501172500e+15,3.988350048502660727e-01
1.650513725503056500e+15,3.988350048502663503e-01
1.650513725504940750e+15,3.988350048502665723e-01
1.650513725506824750e+15,3.988350048502667944e-01
1.650513725508708750e+15,3.988350048502669609e-01
1.650513725510593000e+15,3.988350048502671830e-01
1.650513725512477000e+15,3.988350048502674605e-01
1.650513725514361000e+15,3.988350048502675715e-01
1.650513725516245000e+15,3.988350048502675715e-01
1.650513725518129250e+15,3.988350048502676271e-01
1.650513725520013250e+15,3.988350048502675715e-01
1.650513725521897250e+15,3.988350048502675715e-01
1.650513725523781250e+15,3.988350048502675715e-01
1.650513725525665500e+15,3.988350048502675715e-01
1.650513725527549500e+15,3.988350048502676271e-01
1.650513725529433500e+15,3.988350048502675715e-01
1.650513725531317500e+15,3.988350048502675715e-01
1.650513725533201750e+15,3.988350048502675715e-01
1.650513725535085750e+15,3.988350048502675715e-01
1.650513725536969750e+15,3.988350048502675715e-01
1.650513725538854000e+15,3.988350048502675715e-01
1.650513725540738000e+15,3.988350048502675715e-01
1.650513725542622000e+15,3.988350048502675160e-01
1.650513725544506000e+15,3.988350048502675715e-01
1.650513725546390250e+15,3.988350048502675715e-01
1.650513725548274250e+15,3.989001142599077343e-01
1.650513725550158250e+15,3.994835441184676483e-01
1.650513725552042250e+15,4.000669739770274513e-01
1.650513725553926500e+15,4.006504812546236582e-01
1.650513725555810500e+15,4.012339111131835168e-01
1.650513725557694500e+15,4.018173409717433753e-01
1.650513725559578500e+15,4.024007708303032338e-01
1.650513725561462750e+15,4.029842781078994962e-01
1.650513725563346750e+15,4.035677079664592437e-01
1.650513725565230750e+15,4.041511378250191577e-01
1.650513725567115000e+15,4.047346451026154202e-01
1.650513725568999000e+15,4.044218444340852425e-01
1.650513725570883000e+15,4.034990313728970546e-01
1.650513725572767000e+15,4.025762183117088666e-01
1.650513725574651250e+15,4.016532827965582086e-01
1.650513725576535250e+15,4.007304697353700207e-01
1.650513725578419250e+15,3.998076566741818327e-01
1.650513725580303250e+15,3.988848436129936448e-01
1.650513725582187500e+15,3.994344722669638248e-01
1.650513725584071500e+15,4.000680748549333421e-01
1.650513725585955500e+15,4.007016774429029704e-01
1.650513725587839500e+15,4.013352800308724877e-01
1.650513725589723750e+15,4.019689666956185459e-01
1.650513725591607750e+15,4.026025692835880632e-01
1.650513725593491750e+15,4.032361718715576360e-01
1.650513725595376000e+15,4.038698585363037497e-01
1.650513725597260000e+15,4.045034611242733225e-01
1.650513725599144000e+15,4.046912245749510473e-01
1.650513725601028000e+15,4.036245013842613139e-01
1.650513725602912250e+15,4.025576366432544462e-01
1.650513725604796250e+15,4.014909134525647127e-01
1.650513725606680250e+15,4.004241902618749238e-01
1.650513725608564250e+15,3.993574670711852459e-01
1.650513725610448500e+15,3.988350048502675715e-01
1.650513725612332500e+15,3.988350048502675715e-01
1.650513725614216500e+15,3.988350048502675715e-01
1.650513725616100500e+15,3.988350048502675715e-01
1.650513725617984750e+15,3.988350048502675715e-01
1.650513725619868750e+15,3.988350048502675715e-01
1.650513725621752750e+15,3.988350048502675715e-01
1.650513725623637000e+15,3.988350048502675715e-01
1.650513725625521000e+15,3.988350048502675715e-01
1.650513725627405000e+15,4.000942222026991901e-01
1.650513725629289000e+15,4.013948611785659870e-01
1.650513725631173250e+15,4.026956727445304418e-01
1.650513725633057250e+15,4.039963117203972942e-01
1.650513725634941250e+15,4.047152870923856893e-01
1.650513725636825250e+15,4.036954300815778773e-01
1.650513725638709500e+15,4.026754377394257678e-01
1.650513725640593500e+15,4.016555807286179558e-01
1.650513725642477500e+15,4.006357237178100883e-01
1.650513725644361500e+15,3.996158667070022763e-01
1.650513725646245750e+15,3.985958743648502223e-01
1.650513725648129750e+15,3.975760173540423548e-01
1.650513725650013750e+15,3.965561603432344873e-01
1.650513725651898000e+15,3.955361680010823777e-01
1.650513725653782000e+15,3.945163109902745657e-01
1.650513725655666000e+15,3.934964539794668092e-01
1.650513725657550000e+15,3.929315758828560989e-01
1.650513725659434250e+15,3.939974570664365183e-01
1.650513725661318250e+15,3.950631968301968611e-01
1.650513725663202250e+15,3.961289365939572038e-01
1.650513725665086250e+15,3.971946763577176021e-01
1.650513725666970500e+15,3.982605575412980214e-01
1.650513725668854500e+15,3.993943676357314398e-01
1.650513725670738500e+15,4.006077694639569309e-01
1.650513725672622500e+15,4.018211712921824219e-01
1.650513725674506750e+15,4.030347341344510115e-01
1.650513725676390750e+15,4.042481359626765025e-01
1.650513725678274750e+15,4.043141850678921290e-01
1.650513725680159000e+15,4.026896785063782680e-01
1.650513725682043000e+15,4.010653874824205989e-01
1.650513725683927000e+15,3.994410964584629298e-01
1.650513725685811000e+15,3.978168054345053162e-01
1.650513725687695250e+15,3.961922988729913997e-01
1.650513725689579250e+15,3.945680078490337306e-01
1.650513725691463250e+15,3.929437168250761170e-01
1.650513725693347250e+15,3.938546673199142534e-01
1.650513725695231500e+15,3.952153373444281526e-01
1.650513725697115500e+15,3.965758268368968498e-01
1.650513725698999500e+15,3.979363163293655470e-01
1.650513725700883500e+15,3.992968058218342442e-01
1.650513725702767750e+15,4.006574758463481434e-01
1.650513725704651750e+15,4.020179653388168406e-01
1.650513725706535750e+15,4.033784548312855933e-01
1.650513725708420000e+15,4.047391248557994370e-01
1.650513725710304000e+15,4.033119679800376556e-01
1.650513725712188000e+15,4.013123002378639059e-01
1.650513725714072000e+15,3.993126324956901563e-01
1.650513725715956250e+15,3.973126994048244987e-01
1.650513725717840250e+15,3.953130316626506935e-01
1.650513725719724250e+15,3.933133639204769438e-01
1.650513725721608250e+15,3.926990816987236954e-01
1.650513725723492500e+15,3.926990816987236954e-01
1.650513725725376500e+15,3.926990816987236954e-01
1.650513725727260500e+15,3.926990816987236954e-01
1.650513725729144500e+15,3.926990816987236954e-01
1.650513725731028750e+15,3.926990816987236954e-01
1.650513725732912750e+15,3.926990816987236954e-01
1.650513725734796750e+15,3.929319298348573630e-01
1.650513725736681000e+15,3.935527209215355926e-01
1.650513725738565000e+15,3.941734296424068695e-01
1.650513725740449000e+15,3.947941383632782020e-01
1.650513725742333000e+15,3.954148470841495344e-01
1.650513725744217250e+15,3.960356381708277640e-01
1.650513725746101250e+15,3.966563468916990964e-01
1.650513725747985250e+15,3.972770556125703734e-01
1.650513725749869250e+15,3.978977643334417058e-01
1.650513725751753500e+15,3.985185554201198799e-01
1.650513725753637500e+15,3.984329810808132089e-01
1.650513725755521500e+15,3.976128264715542704e-01
1.650513725757405500e+15,3.967926718622951654e-01
1.650513725759289750e+15,3.959724084214797379e-01
1.650513725761173750e+15,3.951522538122207440e-01
1.650513725763057750e+15,3.943320992029617500e-01
1.650513725764942000e+15,3.935118357621463225e-01
1.650513725766826000e+15,3.926782964653727226e-01
1.650513725768710000e+15,3.903748035456743315e-01
1.650513725770594000e+15,3.880713106259759959e-01
1.650513725772478250e+15,3.857675120410812286e-01
1.650513725774362250e+15,3.834640191213828375e-01
1.650513725776246250e+15,3.811605262016844464e-01
1.650513725778130250e+15,3.795761651604768194e-01
1.650513725780014500e+15,3.783274759717636382e-01
1.650513725781898500e+15,3.770789524576144691e-01
1.650513725783782500e+15,3.758304289434653001e-01
1.650513725785666500e+15,3.745819054293160200e-01
1.650513725787550750e+15,3.746564495520336435e-01
1.650513725789434750e+15,3.751322708822459329e-01
1.650513725791318750e+15,3.756080922124582222e-01
1.650513725793203000e+15,3.760839766824435881e-01
1.650513725795087000e+15,3.765597980126558775e-01
1.650513725796971000e+15,3.770356193428682223e-01
1.650513725798855000e+15,3.775114406730804562e-01
1.650513725800739250e+15,3.779873251430658776e-01
1.650513725802623250e+15,3.784631464732781669e-01
1.650513725804507250e+15,3.789389678034904008e-01
1.650513725806391250e+15,3.794147891337026901e-01
1.650513725808275500e+15,3.798906736036881115e-01
1.650513725810159500e+15,3.803664949339003454e-01
1.650513725812043500e+15,3.804272353956392738e-01
1.650513725813927500e+15,3.804272353956393293e-01
1.650513725815811750e+15,3.804272353956392738e-01
1.650513725817695750e+15,3.804272353956392738e-01
1.650513725819579750e+15,3.804272353956392738e-01
1.650513725821464000e+15,3.804272353956392738e-01
1.650513725823348000e+15,3.802279484377388274e-01
1.650513725825232000e+15,3.796053006289751841e-01
1.650513725827116000e+15,3.789826528202115408e-01
1.650513725829000250e+15,3.783599223883309937e-01
1.650513725830884250e+15,3.777372745795674058e-01
1.650513725832768250e+15,3.771146267708037625e-01
1.650513725834652250e+15,3.764919789620401191e-01
1.650513725836536500e+15,3.758692485301596276e-01
1.650513725838420500e+15,3.752466007213959842e-01
1.650513725840304500e+15,3.746239529126323409e-01
1.650513725842188500e+15,3.742913122440968410e-01
1.650513725844072750e+15,3.742913122440968410e-01
1.650513725845956750e+15,3.742913122440967855e-01
1.650513725847840750e+15,3.742913122440966744e-01
1.650513725849725000e+15,3.742913122440966189e-01
1.650513725851609000e+15,3.742913122440965079e-01
1.650513725853493000e+15,3.742913122440964524e-01
1.650513725855377000e+15,3.742913122440963969e-01
1.650513725857261250e+15,3.742913122440963414e-01
1.650513725859145250e+15,3.742913122440962859e-01
1.650513725861029250e+15,3.742913122440961748e-01
1.650513725862913250e+15,3.742913122440961193e-01
1.650513725864797500e+15,3.742913122440960638e-01
1.650513725866681500e+15,3.734080841339544321e-01
1.650513725868565500e+15,3.724470666580625977e-01
1.650513725870449500e+15,3.714860491821707633e-01
1.650513725872333750e+15,3.705249041827284873e-01
1.650513725874217750e+15,3.695638867068365974e-01
1.650513725876101750e+15,3.686028692309447630e-01
1.650513725877986000e+15,3.681553890925550743e-01
1.650513725879870000e+15,3.681553890925550743e-01
1.650513725881754000e+15,3.681553890925550743e-01
1.650513725883638000e+15,3.681553890925550743e-01
1.650513725885522250e+15,3.681553890925550743e-01
1.650513725887406250e+15,3.681553890925550743e-01
1.650513725889290250e+15,3.681553890925550743e-01
1.650513725891174250e+15,3.681553890925550743e-01
1.650513725893058500e+15,3.681553890925550743e-01
1.650513725894942500e+15,3.681553890925550743e-01
1.650513725896826500e+15,3.681553890925550743e-01
1.650513725898710500e+15,3.681553890925550743e-01
1.650513725900594750e+15,3.681553890925550188e-01
1.650513725902478750e+15,3.681553890925549632e-01
1.650513725904362750e+15,3.681553890925548522e-01
1.650513725906247000e+15,3.681553890925547967e-01
1.650513725908131000e+15,3.681553890925547412e-01
1.650513725910015000e+15,3.681553890925546302e-01
1.650513725911899000e+15,3.681553890925545192e-01
1.650513725913783250e+15,3.681553890925544636e-01
1.650513725915667250e+15,3.681553890925543526e-01
1.650513725917551250e+15,3.681553890925542971e-01
1.650513725919435250e+15,3.681553890925542416e-01
1.650513725921319500e+15,3.681553890925541861e-01
1.650513725923203500e+15,3.681553890925540751e-01
1.650513725925087500e+15,3.681553890925539640e-01
1.650513725926971500e+15,3.681553890925538530e-01
1.650513725928855750e+15,3.681553890925537975e-01
1.650513725930739750e+15,3.681553890925537420e-01
1.650513725932623750e+15,3.681553890925536310e-01
1.650513725934508000e+15,3.681875418285631141e-01
1.650513725936392000e+15,3.688056617738902365e-01
1.650513725938276000e+15,3.694237817192173035e-01
1.650513725940160000e+15,3.700419016645444259e-01
1.650513725942044250e+15,3.706601036321572895e-01
1.650513725943928250e+15,3.712782235774844120e-01
1.650513725945812250e+15,3.718963435228115899e-01
1.650513725947696250e+15,3.725144634681386568e-01
1.650513725949580500e+15,3.731326654357515205e-01
1.650513725951464500e+15,3.737507853810786429e-01
1.650513725953348500e+15,3.741964226982040786e-01
1.650513725955232500e+15,3.734405161254251704e-01
1.650513725957116750e+15,3.726845092465724263e-01
1.650513725959000750e+15,3.719286026737934625e-01
1.650513725960884750e+15,3.711726961010145542e-01
1.650513725962769000e+15,3.704166892221617546e-01
1.650513725964653000e+15,3.696607826493828464e-01
1.650513725966537000e+15,3.689048760766039936e-01
1.650513725968421000e+15,3.681553890925535755e-01
1.650513725970305250e+15,3.681553890925535200e-01
1.650513725972189250e+15,3.681553890925535755e-01
1.650513725974073250e+15,3.681553890925535200e-01
1.650513725975957250e+15,3.681553890925535200e-01
1.650513725977841500e+15,3.681553890925535200e-01
1.650513725979725500e+15,3.681553890925535200e-01
1.650513725981609500e+15,3.681553890925534644e-01
1.650513725983493500e+15,3.681553890925535200e-01
1.650513725985377750e+15,3.681553890925535200e-01
1.650513725987261750e+15,3.681553890925535200e-01
1.650513725989145750e+15,3.681553890925534644e-01
1.650513725991030000e+15,3.681553890925535200e-01
1.650513725992914000e+15,3.681553890925535200e-01
1.650513725994798000e+15,3.681553890925536310e-01
1.650513725996682000e+15,3.681553890925537975e-01
1.650513725998566250e+15,3.681553890925539085e-01
1.650513726000450250e+15,3.681553890925540751e-01
1.650513726002334250e+15,3.681553890925541861e-01
1.650513726004218250e+15,3.663339505971515142e-01
1.650513726006102500e+15,3.641999257347465768e-01
1.650513726007986500e+15,3.620661840121669472e-01
1.650513726009870500e+15,3.599324422895873177e-01
1.650513726011754500e+15,3.577987005670076881e-01
1.650513726013638750e+15,3.556646757046028062e-01
1.650513726015522750e+15,3.535309339820231767e-01
1.650513726017406750e+15,3.513971922594434916e-01
1.650513726019291000e+15,3.492631673970386652e-01
1.650513726021175000e+15,3.471294256744589801e-01
1.650513726023059000e+15,3.449956839518792950e-01
1.650513726024943000e+15,3.448072759201801785e-01
1.650513726026827250e+15,3.482102525789861902e-01
1.650513726028711250e+15,3.516127777349848937e-01
1.650513726030595250e+15,3.550153028909836528e-01
1.650513726032479250e+15,3.584178280469824118e-01
1.650513726034363500e+15,3.618208047057884236e-01
1.650513726036247500e+15,3.652233298617870716e-01
1.650513726038131500e+15,3.677495987952758560e-01
1.650513726040015500e+15,3.648148236702426495e-01
1.650513726041899750e+15,3.618796591111430039e-01
1.650513726043783750e+15,3.589448839861099083e-01
1.650513726045667750e+15,3.560101088610767572e-01
1.650513726047552000e+15,3.530749443019771117e-01
1.650513726049436000e+15,3.501401691769439051e-01
1.650513726051320000e+15,3.492090391730572896e-01
1.650513726053204000e+15,3.485872955481712498e-01
1.650513726055088250e+15,3.479654694201502751e-01
1.650513726056972250e+15,3.473437257952641799e-01
1.650513726058856250e+15,3.467219821703780847e-01
1.650513726060740250e+15,3.461002385454921004e-01
1.650513726062624500e+15,3.454784124174710702e-01
1.650513726064508500e+15,3.448566687925849750e-01
1.650513726066392500e+15,3.442349251676989352e-01
1.650513726068276500e+15,3.436131815428128955e-01
1.650513726070160750e+15,3.451568772143781549e-01
1.650513726072044750e+15,3.467055515016721490e-01
1.650513726073928750e+15,3.482542257889661985e-01
1.650513726075813000e+15,3.498031055797484190e-01
1.650513726077697000e+15,3.513517798670424130e-01
1.650513726079581000e+15,3.529004541543364071e-01
1.650513726081465000e+15,3.544491284416304566e-01
1.650513726083349250e+15,3.558835427894690429e-01
1.650513726085233250e+15,3.558835427894690984e-01
1.650513726087117250e+15,3.558835427894690429e-01
1.650513726089001250e+15,3.558835427894690984e-01
1.650513726090885500e+15,3.558835427894690984e-01
1.650513726092769500e+15,3.558835427894690984e-01
1.650513726094653500e+15,3.558835427894690984e-01
1.650513726096537500e+15,3.558835427894690984e-01
1.650513726098421750e+15,3.558835427894690984e-01
1.650513726100305750e+15,3.558835427894690984e-01
1.650513726102189750e+15,3.558835427894690984e-01
1.650513726104074000e+15,3.558835427894690984e-01
1.650513726105958000e+15,3.558835427894690984e-01
1.650513726107842000e+15,3.558835427894690984e-01
1.650513726109726000e+15,3.558835427894690984e-01
1.650513726111610250e+15,3.558835427894690984e-01
1.650513726113494250e+15,3.558835427894690984e-01
1.650513726115378250e+15,3.558835427894690984e-01
1.650513726117262250e+15,3.558835427894690984e-01
1.650513726119146500e+15,3.558835427894690984e-01
1.650513726121030500e+15,3.558835427894690984e-01
1.650513726122914500e+15,3.558835427894690984e-01
1.650513726124798500e+15,3.558835427894690984e-01
1.650513726126682750e+15,3.548772984683739029e-01
1.650513726128566750e+15,3.537957042302090627e-01
1.650513726130450750e+15,3.527141099920442224e-01
1.650513726132335000e+15,3.516323722302278076e-01
1.650513726134219000e+15,3.505507779920629674e-01
1.650513726136103000e+15,3.497476196379267210e-01
1.650513726137987000e+15,3.497476196379266655e-01
1.650513726139871250e+15,3.497476196379265545e-01
1.650513726141755250e+15,3.497476196379263880e-01
1.650513726143639250e+15,3.497476196379262214e-01
1.650513726145523250e+15,3.497476196379261659e-01
1.650513726147407500e+15,3.497476196379259994e-01
1.650513726149291500e+15,3.497476196379259439e-01
1.650513726151175500e+15,3.497476196379261104e-01
1.650513726153059500e+15,3.497476196379262769e-01
1.650513726154943750e+15,3.497476196379264435e-01
1.650513726156827750e+15,3.497476196379266655e-01
1.650513726158711750e+15,3.497476196379267765e-01
1.650513726160596000e+15,3.497476196379267765e-01
1.650513726162480000e+15,3.497476196379267765e-01
1.650513726164364000e+15,3.497476196379267765e-01
1.650513726166248000e+15,3.497476196379267765e-01
1.650513726168132250e+15,3.497476196379267765e-01
1.650513726170016250e+15,3.497476196379267765e-01
1.650513726171900250e+15,3.500081907799761360e-01
1.650513726173784250e+15,3.505079780353804741e-01
1.650513726175668500e+15,3.510078316107498320e-01
1.650513726177552500e+15,3.515076188661542256e-01
1.650513726179436500e+15,3.520074061215586192e-01
1.650513726181320500e+15,3.525071933769630128e-01
1.650513726183204750e+15,3.530070469523323151e-01
1.650513726185088750e+15,3.535068342077366532e-01
1.650513726186972750e+15,3.540066214631411023e-01
1.650513726188857000e+15,3.545064750385103491e-01
1.650513726190741000e+15,3.550062622939147428e-01
1.650513726192625000e+15,3.555060495493191364e-01
1.650513726194509000e+15,3.558835427894679881e-01
1.650513726196393250e+15,3.558835427894679881e-01
1.650513726198277250e+15,3.558835427894679881e-01
1.650513726200161250e+15,3.558835427894679881e-01
1.650513726202045250e+15,3.558835427894679881e-01
1.650513726203929500e+15,3.558835427894679881e-01
1.650513726205813500e+15,3.558835427894679326e-01
1.650513726207697500e+15,3.558835427894681547e-01
1.650513726209581500e+15,3.558835427894683767e-01
1.650513726211465750e+15,3.558835427894685988e-01
1.650513726213349750e+15,3.558835427894688763e-01
1.650513726215233750e+15,3.558835427894690429e-01
1.650513726217118000e+15,3.558835427894690429e-01
1.650513726219002000e+15,3.558835427894688763e-01
1.650513726220886000e+15,3.558835427894687653e-01
1.650513726222770000e+15,3.558835427894685988e-01
1.650513726224654250e+15,3.558835427894684877e-01
1.650513726226538250e+15,3.558835427894683212e-01
1.650513726228422250e+15,3.558835427894681547e-01
1.650513726230306250e+15,3.558835427894680437e-01
1.650513726232190500e+15,3.558835427894680437e-01
1.650513726234074500e+15,3.558835427894679881e-01
1.650513726235958500e+15,3.558835427894679881e-01
1.650513726237842500e+15,3.558835427894679881e-01
1.650513726239726750e+15,3.558835427894679881e-01
1.650513726241610750e+15,3.558835427894679881e-01
1.650513726243494750e+15,3.558835427894680437e-01
1.650513726245379000e+15,3.558835427894680992e-01
1.650513726247263000e+15,3.558835427894682102e-01
1.650513726249147000e+15,3.558835427894682657e-01
1.650513726251031000e+15,3.558835427894683212e-01
1.650513726252915250e+15,3.558835427894684322e-01
1.650513726254799250e+15,3.558835427894684322e-01
1.650513726256683250e+15,3.558835427894685433e-01
1.650513726258567250e+15,3.558835427894686543e-01
1.650513726260451500e+15,3.558835427894686543e-01
1.650513726262335500e+15,3.558835427894685433e-01
1.650513726264219500e+15,3.558835427894684322e-01
1.650513726266103500e+15,3.558835427894683212e-01
1.650513726267987750e+15,3.558835427894682657e-01
1.650513726269871750e+15,3.558835427894682102e-01
1.650513726271755750e+15,3.558835427894680992e-01
1.650513726273640000e+15,3.559675069951634963e-01
1.650513726275524000e+15,3.569147439025306401e-01
1.650513726277408000e+15,3.578619808098977284e-01
1.650513726279292000e+15,3.588092177172648167e-01
1.650513726281176250e+15,3.597565803195506007e-01
1.650513726283060250e+15,3.607038172269177445e-01
1.650513726284944250e+15,3.616510541342848883e-01
1.650513726286828250e+15,3.611407519805420741e-01
1.650513726288712500e+15,3.597025615093023543e-01
1.650513726290596500e+15,3.582645618554264888e-01
1.650513726292480500e+15,3.568265622015505678e-01
1.650513726294364500e+15,3.558835427894680437e-01
1.650513726296248750e+15,3.558835427894679881e-01
1.650513726298132750e+15,3.558835427894679881e-01
1.650513726300016750e+15,3.558835427894679881e-01
1.650513726301901000e+15,3.558835427894679881e-01
1.650513726303785000e+15,3.558835427894679881e-01
1.650513726305669000e+15,3.558835427894679881e-01
1.650513726307553000e+15,3.558835427894679881e-01
1.650513726309437250e+15,3.558835427894679881e-01
1.650513726311321250e+15,3.558835427894679881e-01
1.650513726313205250e+15,3.558835427894680437e-01
1.650513726315089250e+15,3.558835427894679881e-01
1.650513726316973500e+15,3.555430562094065716e-01
1.650513726318857500e+15,3.549294964611180436e-01
1.650513726320741500e+15,3.543159367128295711e-01
1.650513726322625500e+15,3.537023769645409876e-01
1.650513726324509750e+15,3.530887357990883935e-01
1.650513726326393750e+15,3.524751760507998100e-01
1.650513726328277750e+15,3.518616163025112820e-01
1.650513726330162000e+15,3.512479751370586878e-01
1.650513726332046000e+15,3.506344153887701598e-01
1.650513726333930000e+15,3.500208556404815763e-01
1.650513726335814000e+15,3.497476196379263880e-01
1.650513726337698250e+15,3.497476196379263325e-01
1.650513726339582250e+15,3.497476196379263325e-01
1.650513726341466250e+15,3.497476196379263325e-01
1.650513726343350250e+15,3.497476196379263325e-01
1.650513726345234500e+15,3.497476196379263325e-01
1.650513726347118500e+15,3.497476196379263325e-01
1.650513726349002500e+15,3.501705665463786810e-01
1.650513726350886500e+15,3.520215119018355043e-01
1.650513726352770750e+15,3.538727028710604294e-01
1.650513726354654750e+15,3.557236482265172528e-01
1.650513726356538750e+15,3.575745935819741872e-01
1.650513726358423000e+15,3.594257845511990568e-01
1.650513726360307000e+15,3.612767299066558802e-01
1.650513726362191000e+15,3.614342523352835901e-01
1.650513726364075000e+15,3.604568211001852873e-01
1.650513726365959250e+15,3.594792601634899665e-01
1.650513726367843250e+15,3.585018289283917192e-01
1.650513726369727250e+15,3.575243976932934165e-01
1.650513726371611250e+15,3.565469664581951692e-01
1.650513726373495500e+15,3.558835427894680437e-01
1.650513726375379500e+15,3.558835427894682102e-01
1.650513726377263500e+15,3.558835427894682657e-01
1.650513726379147500e+15,3.558835427894683767e-01
1.650513726381031750e+15,3.558835427894684877e-01
1.650513726382915750e+15,3.558835427894685433e-01
1.650513726384799750e+15,3.558835427894686543e-01
1.650513726386684000e+15,3.558835427894684322e-01
1.650513726388568000e+15,3.558835427894682657e-01
1.650513726390452000e+15,3.558835427894680992e-01
1.650513726392336000e+15,3.555063949400240064e-01
1.650513726394220250e+15,3.546365775161379186e-01
1.650513726396104250e+15,3.537668754985704989e-01
1.650513726397988250e+15,3.528971734810031347e-01
1.650513726399872250e+15,3.520274714634357149e-01
1.650513726401756500e+15,3.511576540395496826e-01
1.650513726403640500e+15,3.502879520219823184e-01
1.650513726405524500e+15,3.497476196379256663e-01
1.650513726407408500e+15,3.497476196379257773e-01
1.650513726409292750e+15,3.497476196379258884e-01
1.650513726411176750e+15,3.497476196379259994e-01
1.650513726413060750e+15,3.497476196379261104e-01
1.650513726414945000e+15,3.497476196379262214e-01
1.650513726416829000e+15,3.497476196379263325e-01
1.650513726418713000e+15,3.497476196379263325e-01
1.650513726420597000e+15,3.497476196379263325e-01
1.650513726422481250e+15,3.497476196379263325e-01
1.650513726424365250e+15,3.497476196379263325e-01
1.650513726426249250e+15,3.497476196379263325e-01
1.650513726428133250e+15,3.497476196379262769e-01
1.650513726430017500e+15,3.497476196379263325e-01
1.650513726431901500e+15,3.497476196379263325e-01
1.650513726433785500e+15,3.497476196379263325e-01
1.650513726435669500e+15,3.497476196379263325e-01
1.650513726437553750e+15,3.497476196379263325e-01
1.650513726439437750e+15,3.497476196379263880e-01
1.650513726441321750e+15,3.497476196379263325e-01
1.650513726443206000e+15,3.497476196379263325e-01
1.650513726445090000e+15,3.497476196379263325e-01
1.650513726446974000e+15,3.497476196379263325e-01
1.650513726448858000e+15,3.497476196379263325e-01
1.650513726450742250e+15,3.497476196379263325e-01
1.650513726452626250e+15,3.497476196379263325e-01
1.650513726454510250e+15,3.497476196379263325e-01
1.650513726456394250e+15,3.497476196379263325e-01
1.650513726458278500e+15,3.497476196379263880e-01
1.650513726460162500e+15,3.497476196379263880e-01
1.650513726462046500e+15,3.497476196379262769e-01
1.650513726463930500e+15,3.497476196379262769e-01
1.650513726465814750e+15,3.497476196379263325e-01
1.650513726467698750e+15,3.497476196379263325e-01
1.650513726469582750e+15,3.497476196379263325e-01
1.650513726471467000e+15,3.497476196379263325e-01
1.650513726473351000e+15,3.497476196379263325e-01
1.650513726475235000e+15,3.497476196379263325e-01
1.650513726477119000e+15,3.497476196379263325e-01
1.650513726479003250e+15,3.497476196379263325e-01
1.650513726480887250e+15,3.497476196379263325e-01
1.650513726482771250e+15,3.497476196379263325e-01
1.650513726484655250e+15,3.497476196379263325e-01
1.650513726486539500e+15,3.497476196379263325e-01
1.650513726488423500e+15,3.497476196379263325e-01
1.650513726490307500e+15,3.497476196379263325e-01
1.650513726492191500e+15,3.497476196379262769e-01
1.650513726494075750e+15,3.497476196379261104e-01
1.650513726495959750e+15,3.497476196379259994e-01
1.650513726497843750e+15,3.497476196379259994e-01
1.650513726499728000e+15,3.497476196379258884e-01
1.650513726501612000e+15,3.497476196379257773e-01
1.650513726503496000e+15,3.497476196379256663e-01
1.650513726505380000e+15,3.497476196379256663e-01
1.650513726507264250e+15,3.497476196379256663e-01
1.650513726509148250e+15,3.497476196379256663e-01
1.650513726511032250e+15,3.497476196379256663e-01
1.650513726512916250e+15,3.497476196379256663e-01
1.650513726514800500e+15,3.497476196379256663e-01
1.650513726516684500e+15,3.497476196379256663e-01
1.650513726518568500e+15,3.497476196379256663e-01
1.650513726520452500e+15,3.497476196379256663e-01
1.650513726522336750e+15,3.497476196379256663e-01
1.650513726524220750e+15,3.497476196379256663e-01
1.650513726526104750e+15,3.497476196379258884e-01
1.650513726527989000e+15,3.497476196379259994e-01
1.650513726529873000e+15,3.497476196379262214e-01
1.650513726531757000e+15,3.497476196379263325e-01
1.650513726533641000e+15,3.497476196379264990e-01
1.650513726535525250e+15,3.497476196379266655e-01
1.650513726537409250e+15,3.497476196379268876e-01
1.650513726539293250e+15,3.495993759872819129e-01
1.650513726541177250e+15,3.490583763982932908e-01
1.650513726543061500e+15,3.485173050206119560e-01
1.650513726544945500e+15,3.479763054316232784e-01
1.650513726546829500e+15,3.474353058426347118e-01
1.650513726548713500e+15,3.468943062536461452e-01
1.650513726550597750e+15,3.463532348759647550e-01
1.650513726552481750e+15,3.458122352869761329e-01
1.650513726554365750e+15,3.452712356979876218e-01
1.650513726556250000e+15,3.447301643203061761e-01
1.650513726558134000e+15,3.441891647313176095e-01
1.650513726560018000e+15,3.436481651423289874e-01
1.650513726561902000e+15,3.444575161142870434e-01
1.650513726563786250e+15,3.453645938797266779e-01
1.650513726565670250e+15,3.462715512951908270e-01
1.650513726567554250e+15,3.471785087106549206e-01
1.650513726569438250e+15,3.480854661261190142e-01
1.650513726571322500e+15,3.489925438915586486e-01
1.650513726573206500e+15,3.490375944208665704e-01
1.650513726575090500e+15,3.447976974036262021e-01
1.650513726576974500e+15,3.405578003863857783e-01
1.650513726578858750e+15,3.363173407501144352e-01
1.650513726580742750e+15,3.320774437328740114e-01
1.650513726582626750e+15,3.278375467156336431e-01
1.650513726584511000e+15,3.256046083130986757e-01
1.650513726586395000e+15,3.266618681647088795e-01
1.650513726588279000e+15,3.277191280163190834e-01
1.650513726590163000e+15,3.287763878679293428e-01
1.650513726592047250e+15,3.298337880141058442e-01
1.650513726593931250e+15,3.308910478657161036e-01
1.650513726595815250e+15,3.319483077173263075e-01
1.650513726597699250e+15,3.330055675689365113e-01
1.650513726599583500e+15,3.340629677151130128e-01
1.650513726601467500e+15,3.351202275667232167e-01
1.650513726603351500e+15,3.361774874183334760e-01
1.650513726605235500e+15,3.372347472699436799e-01
1.650513726607119750e+15,3.352310268983499930e-01
1.650513726609003750e+15,3.323239278872834324e-01
1.650513726610887750e+15,3.294168288762168717e-01
1.650513726612772000e+15,3.265093441036042710e-01
1.650513726614656000e+15,3.264008990729702075e-01
1.650513726616540000e+15,3.285734379223417823e-01
1.650513726618424000e+15,3.307459767717133570e-01
1.650513726620308250e+15,3.329188039091488527e-01
1.650513726622192250e+15,3.350913427585203719e-01
1.650513726624076250e+15,3.372638816078920021e-01
1.650513726625960250e+15,3.374757733348410227e-01
1.650513726627844500e+15,3.374757733348409672e-01
1.650513726629728500e+15,3.374757733348410227e-01
1.650513726631612500e+15,3.374757733348410227e-01
1.650513726633496500e+15,3.374757733348410227e-01
1.650513726635380750e+15,3.374757733348409672e-01
1.650513726637264750e+15,3.368946366201829301e-01
1.650513726639148750e+15,3.357737135892990277e-01
1.650513726641033000e+15,3.346526418159747052e-01
1.650513726642917000e+15,3.335317187850908027e-01
1.650513726644801000e+15,3.324107957542068448e-01
1.650513726646685000e+15,3.314469536420636131e-01
1.650513726648569250e+15,3.338494499775129243e-01
1.650513726650453250e+15,3.362516275526682974e-01
1.650513726652337250e+15,3.386538051278236150e-01
1.650513726654221250e+15,3.410559827029789881e-01
1.650513726656105500e+15,3.434584790384283548e-01
1.650513726657989500e+15,3.458606566135837279e-01
1.650513726659873500e+15,3.482628341887390455e-01
1.650513726661757500e+15,3.493170967740580335e-01
1.650513726663641750e+15,3.481896294964439975e-01
1.650513726665525750e+15,3.470623118098180582e-01
1.650513726667409750e+15,3.459349941231920633e-01
1.650513726669294000e+15,3.448075268455780273e-01
1.650513726671178000e+15,3.436802091589520880e-01
1.650513726673062000e+15,3.425528914723261487e-01
1.650513726674946000e+15,3.414255737857001538e-01
1.650513726676830250e+15,3.402981065080861178e-01
1.650513726678714250e+15,3.391707888214601230e-01
1.650513726680598250e+15,3.380434711348341836e-01
1.650513726682482250e+15,3.369997366589824184e-01
1.650513726684366500e+15,3.360406646392151697e-01
1.650513726686250500e+15,3.350817198679578723e-01
1.650513726688134500e+15,3.341227750967006305e-01
1.650513726690018500e+15,3.331638303254432776e-01
1.650513726691902750e+15,3.322047583056760844e-01
1.650513726693786750e+15,3.312458135344187315e-01
1.650513726695670750e+15,3.302868687631614897e-01
1.650513726697555000e+15,3.293277967433941855e-01
1.650513726699439000e+15,3.283688519721369437e-01
1.650513726701323000e+15,3.274099072008795908e-01
1.650513726703207000e+15,3.264509624296223489e-01
1.650513726705091250e+15,3.254918904098551002e-01
1.650513726706975250e+15,3.252039270317560460e-01
1.650513726708859250e+15,3.252039270317562125e-01
1.650513726710743250e+15,3.252039270317563791e-01
1.650513726712627500e+15,3.252039270317566011e-01
1.650513726714511500e+15,3.252039270317567676e-01
1.650513726716395500e+15,3.265064043721053189e-01
1.650513726718279500e+15,3.283180450581272836e-01
1.650513726720163750e+15,3.301299261423293885e-01
1.650513726722047750e+15,3.319415668283512422e-01
1.650513726723931750e+15,3.337532075143732069e-01
1.650513726725816000e+15,3.355650885985752563e-01
1.650513726727700000e+15,3.373767292845971655e-01
1.650513726729584000e+15,3.410439315192876353e-01
1.650513726731468000e+15,3.448184458480336723e-01
1.650513726733352250e+15,3.485934610412075862e-01
1.650513726735236250e+15,3.523679753699536787e-01
1.650513726737120250e+15,3.561424896986996602e-01
1.650513726739004250e+15,3.599170040274456972e-01
1.650513726740888500e+15,3.636920192206196112e-01
1.650513726742772500e+15,3.674665335493656482e-01
1.650513726744656500e+15,3.712410478781116852e-01
1.650513726746540500e+15,3.741203839695121935e-01
1.650513726748424750e+15,3.732294528453466986e-01
1.650513726750308750e+15,3.723386399288400872e-01
1.650513726752192750e+15,3.714478270123333647e-01
1.650513726754077000e+15,3.705568958881678698e-01
1.650513726755961000e+15,3.696660829716612029e-01
1.650513726757845000e+15,3.687752700551545360e-01
1.650513726759729000e+15,3.681553890925535200e-01
1.650513726761613250e+15,3.681553890925535755e-01
1.650513726763497250e+15,3.681553890925536310e-01
1.650513726765381250e+15,3.681553890925536865e-01
1.650513726767265250e+15,3.681553890925537420e-01
1.650513726769149500e+15,3.681553890925537975e-01
1.650513726771033500e+15,3.681553890925538530e-01
1.650513726772917500e+15,3.681553890925539085e-01
1.650513726774801500e+15,3.681553890925539085e-01
1.650513726776685750e+15,3.681553890925538530e-01
1.650513726778569750e+15,3.681553890925537420e-01
1.650513726780453750e+15,3.681553890925536310e-01
1.650513726782338000e+15,3.681553890925535755e-01
1.650513726784222000e+15,3.681553890925535755e-01
1.650513726786106000e+15,3.681553890925535200e-01
1.650513726787990000e+15,3.681553890925535200e-01
1.650513726789874250e+15,3.681553890925535200e-01
1.650513726791758250e+15,3.681553890925535200e-01
1.650513726793642250e+15,3.681553890925535755e-01
1.650513726795526250e+15,3.681553890925535200e-01
1.650513726797410500e+15,3.681553890925535200e-01
1.650513726799294500e+15,3.681553890925535200e-01
1.650513726801178500e+15,3.681553890925535200e-01
1.650513726803062500e+15,3.681553890925535200e-01
1.650513726804946750e+15,3.681553890925535200e-01
1.650513726806830750e+15,3.681553890925535755e-01
1.650513726808714750e+15,3.681553890925536310e-01
1.650513726810599000e+15,3.681553890925536865e-01
1.650513726812483000e+15,3.681553890925537420e-01
1.650513726814367000e+15,3.681553890925537420e-01
1.650513726816251000e+15,3.681553890925537975e-01
1.650513726818135250e+15,3.681553890925538530e-01
1.650513726820019250e+15,3.681553890925538530e-01
1.650513726821903250e+15,3.681553890925539640e-01
1.650513726823787250e+15,3.681553890925540196e-01
1.650513726825671500e+15,3.681553890925539640e-01
1.650513726827555500e+15,3.681553890925539640e-01
1.650513726829439500e+15,3.681553890925539640e-01
1.650513726831323500e+15,3.681553890925539640e-01
1.650513726833207750e+15,3.681553890925539640e-01
1.650513726835091750e+15,3.681553890925539640e-01
1.650513726836975750e+15,3.681553890925539640e-01
1.650513726838860000e+15,3.681553890925539640e-01
1.650513726840744000e+15,3.681553890925539640e-01
1.650513726842628000e+15,3.681553890925539640e-01
1.650513726844512000e+15,3.681553890925539085e-01
1.650513726846396250e+15,3.681553890925539640e-01
1.650513726848280250e+15,3.681553890925539640e-01
1.650513726850164250e+15,3.681553890925539640e-01
1.650513726852048250e+15,3.681553890925539640e-01
1.650513726853932500e+15,3.681553890925539640e-01
1.650513726855816500e+15,3.681553890925539085e-01
1.650513726857700500e+15,3.681553890925539640e-01
1.650513726859584500e+15,3.681553890925539640e-01
1.650513726861468750e+15,3.681553890925539640e-01
1.650513726863352750e+15,3.681553890925539640e-01
1.650513726865236750e+15,3.681553890925539640e-01
1.650513726867121000e+15,3.681553890925539640e-01
1.650513726869005000e+15,3.681553890925539640e-01
1.650513726870889000e+15,3.681553890925539640e-01
1.650513726872773000e+15,3.681553890925539640e-01
1.650513726874657250e+15,3.681553890925539640e-01
1.650513726876541250e+15,3.681553890925539640e-01
1.650513726878425250e+15,3.681553890925539640e-01
1.650513726880309250e+15,3.681553890925539640e-01
1.650513726882193500e+15,3.681553890925539640e-01
1.650513726884077500e+15,3.681553890925539640e-01
1.650513726885961500e+15,3.681553890925539640e-01
1.650513726887845500e+15,3.681553890925539640e-01
1.650513726889729750e+15,3.681553890925539640e-01
1.650513726891613750e+15,3.681553890925539640e-01
1.650513726893497750e+15,3.681553890925539640e-01
1.650513726895382000e+15,3.681553890925539640e-01
1.650513726897266000e+15,3.681553890925539640e-01
1.650513726899150000e+15,3.681553890925539085e-01
1.650513726901034000e+15,3.681553890925539085e-01
1.650513726902918250e+15,3.681553890925539640e-01
1.650513726904802250e+15,3.681553890925539640e-01
1.650513726906686250e+15,3.677794800358893945e-01
1.650513726908570250e+15,3.671839680217997559e-01
1.650513726910454500e+15,3.665883769854152985e-01
1.650513726912338500e+15,3.659928649713256599e-01
1.650513726914222500e+15,3.653973529572360768e-01
1.650513726916106500e+15,3.648018409431464937e-01
1.650513726917990750e+15,3.642062499067619807e-01
1.650513726919874750e+15,3.636107378926724532e-01
1.650513726921758750e+15,3.630152258785828145e-01
1.650513726923643000e+15,3.624196348421983571e-01
1.650513726925527000e+15,3.620194659410106985e-01
1.650513726927411000e+15,3.620194659410107541e-01
1.650513726929295000e+15,3.620194659410107541e-01
1.650513726931179250e+15,3.620194659410107541e-01
1.650513726933063250e+15,3.620194659410107541e-01
1.650513726934947250e+15,3.620450194924211829e-01
1.650513726936831250e+15,3.628715068891114615e-01
1.650513726938715500e+15,3.636981039576962504e-01
1.650513726940599500e+15,3.645245913543865846e-01
1.650513726942483500e+15,3.653510787510769187e-01
1.650513726944367500e+15,3.661775661477671973e-01
1.650513726946251750e+15,3.670041632163519307e-01
1.650513726948135750e+15,3.678306506130422648e-01
1.650513726950019750e+15,3.689122875076290553e-01
1.650513726951904000e+15,3.701592259457537892e-01
1.650513726953788000e+15,3.714059989416020335e-01
1.650513726955672000e+15,3.726527719374502778e-01
1.650513726957556000e+15,3.738995449332985777e-01
1.650513726959440250e+15,3.742913122440958418e-01
1.650513726961324250e+15,3.742913122440958418e-01
1.650513726963208250e+15,3.742913122440958418e-01
1.650513726965092250e+15,3.742913122440957863e-01
1.650513726966976500e+15,3.742913122440958418e-01
1.650513726968860500e+15,3.742913122440958418e-01
1.650513726970744500e+15,3.742913122440958418e-01
1.650513726972628500e+15,3.742913122440958418e-01
1.650513726974512750e+15,3.742913122440958418e-01
1.650513726976396750e+15,3.742913122440957863e-01
1.650513726978280750e+15,3.742913122440958418e-01
1.650513726980165000e+15,3.740813722575000444e-01
1.650513726982049000e+15,3.735623080386726302e-01
1.650513726983933000e+15,3.730432438198452716e-01
1.650513726985817000e+15,3.725241796010178574e-01
1.650513726987701250e+15,3.720050465042420984e-01
1.650513726989585250e+15,3.714859822854147398e-01
1.650513726991469250e+15,3.709669180665873256e-01
1.650513726993353250e+15,3.704478538477599114e-01
1.650513726995237500e+15,3.699287207509841524e-01
1.650513726997121500e+15,3.694096565321567938e-01
1.650513726999005500e+15,3.688905923133293796e-01
1.650513727000889500e+15,3.683715280945020210e-01
1.650513727002773750e+15,3.676913870650555527e-01
1.650513727004657750e+15,3.668964974812345958e-01
1.650513727006541750e+15,3.661016078974137500e-01
1.650513727008426000e+15,3.653066128346140751e-01
1.650513727010310000e+15,3.645117232507931737e-01
1.650513727012194000e+15,3.637168336669722168e-01
1.650513727014078000e+15,3.629219440831513710e-01
1.650513727015962250e+15,3.621269490203516961e-01
1.650513727017846250e+15,3.639281920115884916e-01
1.650513727019730250e+15,3.661353670411838790e-01
1.650513727021614250e+15,3.683425420707793219e-01
1.650513727023498500e+15,3.705500099845348005e-01
1.650513727025382500e+15,3.727571850141302434e-01
1.650513727027266500e+15,3.735993723382050602e-01
1.650513727029150500e+15,3.713302430384689545e-01
1.650513727031034750e+15,3.690608126334649075e-01
1.650513727032918750e+15,3.667916833337288574e-01
1.650513727034802750e+15,3.645225540339928072e-01
1.650513727036687000e+15,3.622531236289887047e-01
1.650513727038571000e+15,3.637736248052774179e-01
1.650513727040455000e+15,3.657291486515950041e-01
1.650513727042339000e+15,3.676846724979126457e-01
1.650513727044223250e+15,3.696404558351865655e-01
1.650513727046107250e+15,3.715959796815041516e-01
1.650513727047991250e+15,3.735515035278217377e-01
1.650513727049875250e+15,3.736172958322571680e-01
1.650513727051759500e+15,3.725329710305413933e-01
1.650513727053643500e+15,3.714487900957224586e-01
1.650513727055527500e+15,3.703646091609035795e-01
1.650513727057411500e+15,3.692804282260846449e-01
1.650513727059295750e+15,3.681961034243688702e-01
1.650513727061179750e+15,3.671119224895499356e-01
1.650513727063063750e+15,3.660277415547310564e-01
1.650513727064948000e+15,3.649434167530152817e-01
1.650513727066832000e+15,3.638592358181964026e-01
1.650513727068716000e+15,3.627750548833774680e-01
1.650513727070600000e+15,3.620194659410116422e-01
1.650513727072484250e+15,3.620194659410116422e-01
1.650513727074368250e+15,3.620194659410116422e-01
1.650513727076252250e+15,3.620194659410116422e-01
1.650513727078136250e+15,3.620194659410116422e-01
1.650513727080020500e+15,3.620194659410116422e-01
1.650513727081904500e+15,3.620194659410116422e-01
1.650513727083788500e+15,3.620194659410116422e-01
1.650513727085672500e+15,3.620194659410116422e-01
1.650513727087556750e+15,3.620194659410116422e-01
1.650513727089440750e+15,3.620194659410116977e-01
1.650513727091324750e+15,3.620194659410116422e-01
1.650513727093209000e+15,3.620194659410116422e-01
1.650513727095093000e+15,3.620194659410116422e-01
1.650513727096977000e+15,3.620194659410116422e-01
1.650513727098861000e+15,3.620194659410116422e-01
1.650513727100745250e+15,3.620194659410116422e-01
1.650513727102629250e+15,3.620194659410116422e-01
1.650513727104513250e+15,3.620194659410116422e-01
1.650513727106397250e+15,3.620194659410116422e-01
1.650513727108281500e+15,3.620194659410116422e-01
1.650513727110165500e+15,3.620194659410116422e-01
1.650513727112049500e+15,3.620194659410116422e-01
1.650513727113933500e+15,3.620194659410116422e-01
1.650513727115817750e+15,3.620194659410116422e-01
1.650513727117701750e+15,3.620194659410116422e-01
1.650513727119585750e+15,3.620194659410116422e-01
1.650513727121470000e+15,3.620194659410116422e-01
1.650513727123354000e+15,3.620194659410116422e-01
1.650513727125238000e+15,3.620194659410116422e-01
1.650513727127122000e+15,3.620194659410116977e-01
1.650513727129006250e+15,3.620194659410116422e-01
1.650513727130890250e+15,3.620194659410116422e-01
1.650513727132774250e+15,3.620194659410116422e-01
1.650513727134658250e+15,3.620194659410116422e-01
1.650513727136542500e+15,3.620194659410116422e-01
1.650513727138426500e+15,3.620194659410116422e-01
1.650513727140310500e+15,3.620194659410115867e-01
1.650513727142194500e+15,3.620194659410115867e-01
1.650513727144078750e+15,3.620194659410115867e-01
1.650513727145962750e+15,3.620194659410115312e-01
1.650513727147846750e+15,3.620194659410114757e-01
1.650513727149731000e+15,3.620194659410114202e-01
1.650513727151615000e+15,3.620194659410114202e-01
1.650513727153499000e+15,3.620194659410113647e-01
1.650513727155383000e+15,3.620194659410113092e-01
1.650513727157267250e+15,3.620194659410112537e-01
1.650513727159151250e+15,3.620194659410111981e-01
1.650513727161035250e+15,3.620194659410111981e-01
1.650513727162919250e+15,3.620194659410112537e-01
1.650513727164803500e+15,3.620194659410113092e-01
1.650513727166687500e+15,3.620194659410113647e-01
1.650513727168571500e+15,3.620194659410114202e-01
1.650513727170455500e+15,3.620194659410114757e-01
1.650513727172339750e+15,3.620194659410115312e-01
1.650513727174223750e+15,3.620194659410115312e-01
1.650513727176107750e+15,3.620194659410116422e-01
1.650513727177992000e+15,3.620194659410116422e-01
1.650513727179876000e+15,3.620194659410115867e-01
1.650513727181760000e+15,3.620194659410116422e-01
1.650513727183644000e+15,3.620194659410116422e-01
1.650513727185528250e+15,3.620194659410116422e-01
1.650513727187412250e+15,3.620194659410116422e-01
1.650513727189296250e+15,3.620194659410116422e-01
1.650513727191180250e+15,3.620194659410116422e-01
1.650513727193064500e+15,3.620194659410116422e-01
1.650513727194948500e+15,3.620194659410116422e-01
1.650513727196832500e+15,3.620194659410116422e-01
1.650513727198716500e+15,3.620194659410116422e-01
1.650513727200600750e+15,3.613185010926743268e-01
1.650513727202484750e+15,3.594010887162425449e-01
1.650513727204368750e+15,3.574836763398107631e-01
1.650513727206253000e+15,3.560078711453121270e-01
1.650513727208137000e+15,3.567586231402145036e-01
1.650513727210021000e+15,3.575093751351169913e-01
1.650513727211905000e+15,3.582601271300193679e-01
1.650513727213789250e+15,3.590109787470017744e-01
1.650513727215673250e+15,3.597617307419042065e-01
1.650513727217557250e+15,3.605124827368065832e-01
1.650513727219441250e+15,3.612632347317090153e-01
1.650513727221325500e+15,3.620140863486914773e-01
1.650513727223209500e+15,3.620194659410115867e-01
1.650513727225093500e+15,3.620194659410116422e-01
1.650513727226977500e+15,3.620194659410116422e-01
1.650513727228861750e+15,3.620194659410116422e-01
1.650513727230745750e+15,3.620194659410115867e-01
1.650513727232629750e+15,3.619209540903368660e-01
1.650513727234514000e+15,3.613647864360028938e-01
1.650513727236398000e+15,3.608086925733173245e-01
1.650513727238282000e+15,3.602525987106318661e-01
1.650513727240166000e+15,3.596965048479463523e-01
1.650513727242050250e+15,3.591403371936123801e-01
1.650513727243934250e+15,3.585842433309268662e-01
1.650513727245818250e+15,3.580281494682413523e-01
1.650513727247702250e+15,3.574720556055558385e-01
1.650513727249586500e+15,3.569158879512218663e-01
1.650513727251470500e+15,3.563597940885362969e-01
1.650513727253354500e+15,3.558084979274852011e-01
1.650513727255238500e+15,3.552858194802497871e-01
1.650513727257122750e+15,3.547630716754709423e-01
1.650513727259006750e+15,3.542403932282354173e-01
1.650513727260890750e+15,3.537177147810000033e-01
1.650513727262775000e+15,3.531949669762211030e-01
1.650513727264659000e+15,3.526722885289856890e-01
1.650513727266543000e+15,3.521496100817502195e-01
1.650513727268427000e+15,3.516269316345147500e-01
1.650513727270311250e+15,3.511041838297358497e-01
1.650513727272195250e+15,3.505815053825004357e-01
1.650513727274079250e+15,3.500588269352649662e-01
1.650513727275963250e+15,3.501649949210122181e-01
1.650513727277847500e+15,3.511967290989789214e-01
1.650513727279731500e+15,3.522283263877087345e-01
1.650513727281615500e+15,3.532599236764385475e-01
1.650513727283499500e+15,3.542915209651684716e-01
1.650513727285383750e+15,3.553232551431350639e-01
1.650513727287267750e+15,3.558835427894688763e-01
1.650513727289151750e+15,3.558835427894688763e-01
1.650513727291036000e+15,3.558835427894688763e-01
1.650513727292920000e+15,3.558835427894688763e-01
1.650513727294804000e+15,3.558835427894688763e-01
1.650513727296688000e+15,3.558835427894688763e-01
1.650513727298572250e+15,3.558835427894688763e-01
1.650513727300456250e+15,3.558835427894688763e-01
1.650513727302340250e+15,3.558835427894688763e-01
1.650513727304224250e+15,3.558835427894688763e-01
1.650513727306108500e+15,3.558835427894689318e-01
1.650513727307992500e+15,3.558835427894688763e-01
1.650513727309876500e+15,3.558835427894688208e-01
1.650513727311760500e+15,3.558835427894687653e-01
1.650513727313644750e+15,3.558835427894686543e-01
1.650513727315528750e+15,3.558835427894685988e-01
1.650513727317412750e+15,3.558835427894684877e-01
1.650513727319297000e+15,3.558835427894684322e-01
1.650513727321181000e+15,3.558835427894684322e-01
1.650513727323065000e+15,3.558835427894684322e-01
1.650513727324949000e+15,3.558835427894684322e-01
1.650513727326833250e+15,3.558835427894684322e-01
1.650513727328717250e+15,3.558835427894684322e-01
1.650513727330601250e+15,3.558835427894684322e-01
1.650513727332485250e+15,3.558835427894684322e-01
1.650513727334369500e+15,3.558835427894684322e-01
1.650513727336253500e+15,3.558835427894684322e-01
1.650513727338137500e+15,3.558835427894684322e-01
1.650513727340021500e+15,3.558835427894684322e-01
1.650513727341905750e+15,3.558835427894683767e-01
1.650513727343789750e+15,3.558835427894684322e-01
1.650513727345673750e+15,3.558835427894684322e-01
1.650513727347558000e+15,3.558835427894684322e-01
1.650513727349442000e+15,3.558835427894684322e-01
1.650513727351326000e+15,3.558835427894684322e-01
1.650513727353210000e+15,3.558835427894684322e-01
1.650513727355094250e+15,3.558835427894684322e-01
1.650513727356978250e+15,3.558835427894683767e-01
1.650513727358862250e+15,3.558835427894684322e-01
1.650513727360746250e+15,3.558835427894684322e-01
1.650513727362630500e+15,3.558835427894684322e-01
1.650513727364514500e+15,3.558835427894684322e-01
1.650513727366398500e+15,3.558835427894684877e-01
1.650513727368282500e+15,3.558835427894686543e-01
1.650513727370166750e+15,3.558835427894687653e-01
1.650513727372050750e+15,3.558835427894688208e-01
1.650513727373934750e+15,3.558835427894688763e-01
1.650513727375819000e+15,3.558835427894688208e-01
1.650513727377703000e+15,3.558835427894687653e-01
1.650513727379587000e+15,3.558835427894687098e-01
1.650513727381471000e+15,3.558835427894686543e-01
1.650513727383355250e+15,3.558835427894685988e-01
1.650513727385239250e+15,3.558835427894684877e-01
1.650513727387123250e+15,3.558835427894684877e-01
1.650513727389007250e+15,3.558835427894684322e-01
1.650513727390891500e+15,3.558835427894684322e-01
1.650513727392775500e+15,3.558835427894684877e-01
1.650513727394659500e+15,3.558835427894684322e-01
1.650513727396543500e+15,3.558835427894684322e-01
1.650513727398427750e+15,3.558835427894684322e-01
1.650513727400311750e+15,3.558835427894684322e-01
1.650513727402195750e+15,3.558835427894684322e-01
1.650513727404080000e+15,3.558835427894684877e-01
1.650513727405964000e+15,3.558835427894684322e-01
1.650513727407848000e+15,3.558835427894684322e-01
1.650513727409732000e+15,3.558835427894684322e-01
1.650513727411616250e+15,3.558835427894684322e-01
1.650513727413500250e+15,3.558835427894684322e-01
1.650513727415384250e+15,3.558835427894684322e-01
1.650513727417268250e+15,3.558835427894683767e-01
1.650513727419152500e+15,3.558835427894684322e-01
1.650513727421036500e+15,3.558835427894683767e-01
1.650513727422920500e+15,3.558835427894683767e-01
1.650513727424804500e+15,3.558835427894684322e-01
1.650513727426688750e+15,3.558835427894684322e-01
1.650513727428572750e+15,3.558835427894684322e-01
1.650513727430456750e+15,3.558835427894684322e-01
1.650513727432341000e+15,3.558835427894684322e-01
1.650513727434225000e+15,3.558835427894684322e-01
1.650513727436109000e+15,3.558835427894684322e-01
1.650513727437993000e+15,3.558835427894684322e-01
1.650513727439877250e+15,3.558835427894683767e-01
1.650513727441761250e+15,3.558835427894683767e-01
1.650513727443645250e+15,3.558835427894683767e-01
1.650513727445529250e+15,3.558835427894684322e-01
1.650513727447413500e+15,3.558835427894684322e-01
1.650513727449297500e+15,3.558835427894684322e-01
1.650513727451181500e+15,3.558835427894684322e-01
1.650513727453065500e+15,3.558835427894684322e-01
1.650513727454949750e+15,3.558835427894684322e-01
1.650513727456833750e+15,3.558835427894684322e-01
1.650513727458717750e+15,3.558835427894684322e-01
1.650513727460602000e+15,3.558835427894684322e-01
1.650513727462486000e+15,3.558835427894684322e-01
1.650513727464370000e+15,3.558835427894683767e-01
1.650513727466254000e+15,3.558835427894684877e-01
1.650513727468138250e+15,3.558835427894684877e-01
1.650513727470022250e+15,3.558835427894685433e-01
1.650513727471906250e+15,3.558835427894685988e-01
1.650513727473790250e+15,3.558835427894686543e-01
1.650513727475674500e+15,3.558835427894686543e-01
1.650513727477558500e+15,3.558835427894687098e-01
1.650513727479442500e+15,3.558835427894687653e-01
1.650513727481326500e+15,3.558835427894687653e-01
1.650513727483210750e+15,3.558835427894687653e-01
1.650513727485094750e+15,3.558835427894688763e-01
1.650513727486978750e+15,3.558835427894689318e-01
1.650513727488863000e+15,3.558835427894688208e-01
1.650513727490747000e+15,3.558835427894687653e-01
1.650513727492631000e+15,3.558835427894686543e-01
1.650513727494515000e+15,3.558835427894686543e-01
1.650513727496399250e+15,3.558835427894685433e-01
1.650513727498283250e+15,3.558835427894684322e-01
1.650513727500167250e+15,3.558835427894684877e-01
1.650513727502051250e+15,3.558835427894685433e-01
1.650513727503935500e+15,3.558835427894686543e-01
1.650513727505819500e+15,3.558835427894687653e-01
1.650513727507703500e+15,3.558835427894688763e-01
1.650513727509587500e+15,3.558835427894687653e-01
1.650513727511471750e+15,3.558835427894686543e-01
1.650513727513355750e+15,3.558835427894686543e-01
1.650513727515239750e+15,3.558835427894685433e-01
1.650513727517124000e+15,3.558835427894684877e-01
1.650513727519008000e+15,3.558835427894684322e-01
1.650513727520892000e+15,3.558835427894683767e-01
1.650513727522776000e+15,3.558835427894684322e-01
1.650513727524660250e+15,3.558835427894684322e-01
1.650513727526544250e+15,3.558835427894684322e-01
1.650513727528428250e+15,3.558835427894684322e-01
1.650513727530312250e+15,3.558835427894684322e-01
1.650513727532196500e+15,3.558835427894684322e-01
1.650513727534080500e+15,3.558835427894684877e-01
1.650513727535964500e+15,3.558835427894684322e-01
1.650513727537848500e+15,3.558835427894684322e-01
1.650513727539732750e+15,3.558835427894684322e-01
1.650513727541616750e+15,3.558835427894684877e-01
1.650513727543500750e+15,3.558835427894684322e-01
1.650513727545385000e+15,3.558835427894684877e-01
1.650513727547269000e+15,3.558835427894685433e-01
1.650513727549153000e+15,3.558835427894685433e-01
1.650513727551037000e+15,3.558835427894685988e-01
1.650513727552921250e+15,3.558835427894686543e-01
1.650513727554805250e+15,3.558835427894686543e-01
1.650513727556689250e+15,3.558835427894686543e-01
1.650513727558573250e+15,3.558835427894687653e-01
1.650513727560457500e+15,3.558835427894688208e-01
1.650513727562341500e+15,3.558835427894688208e-01
1.650513727564225500e+15,3.558835427894688208e-01
1.650513727566109500e+15,3.558835427894688763e-01
1.650513727567993750e+15,3.558835427894687653e-01
1.650513727569877750e+15,3.558835427894687653e-01
1.650513727571761750e+15,3.558835427894686543e-01
1.650513727573646000e+15,3.558835427894686543e-01
1.650513727575530000e+15,3.558835427894685988e-01
1.650513727577414000e+15,3.558835427894685988e-01
1.650513727579298000e+15,3.558835427894685433e-01
1.650513727581182250e+15,3.558835427894684877e-01
1.650513727583066250e+15,3.558835427894684322e-01
1.650513727584950250e+15,3.558835427894684322e-01
1.650513727586834250e+15,3.558835427894685433e-01
1.650513727588718500e+15,3.558835427894685433e-01
1.650513727590602500e+15,3.558835427894686543e-01
1.650513727592486500e+15,3.558835427894687653e-01
1.650513727594370500e+15,3.558835427894687653e-01
1.650513727596254750e+15,3.558835427894688763e-01
1.650513727598138750e+15,3.558835427894688763e-01
1.650513727600022750e+15,3.558835427894688763e-01
1.650513727601907000e+15,3.558835427894688763e-01
1.650513727603791000e+15,3.558835427894688763e-01
1.650513727605675000e+15,3.558835427894688763e-01
1.650513727607559000e+15,3.558835427894688208e-01
1.650513727609443250e+15,3.558835427894688763e-01
1.650513727611327250e+15,3.558835427894688763e-01
1.650513727613211250e+15,3.558835427894688763e-01
1.650513727615095250e+15,3.558835427894688763e-01
1.650513727616979500e+15,3.558835427894688763e-01
1.650513727618863500e+15,3.558835427894688763e-01
1.650513727620747500e+15,3.558835427894688763e-01
1.650513727622631500e+15,3.558835427894688763e-01
1.650513727624515750e+15,3.558835427894688208e-01
1.650513727626399750e+15,3.558835427894687653e-01
1.650513727628283750e+15,3.558835427894687653e-01
1.650513727630168000e+15,3.558835427894686543e-01
1.650513727632052000e+15,3.558835427894686543e-01
1.650513727633936000e+15,3.558835427894686543e-01
1.650513727635820000e+15,3.558835427894685988e-01
1.650513727637704250e+15,3.558835427894685433e-01
1.650513727639588250e+15,3.558835427894685433e-01
1.650513727641472250e+15,3.558835427894684877e-01
1.650513727643356250e+15,3.558835427894684322e-01
1.650513727645240500e+15,3.558835427894684877e-01
1.650513727647124500e+15,3.558835427894684322e-01
1.650513727649008500e+15,3.558835427894684322e-01
1.650513727650892500e+15,3.558835427894684322e-01
1.650513727652776750e+15,3.558835427894684877e-01
1.650513727654660750e+15,3.558835427894684322e-01
1.650513727656544750e+15,3.558835427894685433e-01
1.650513727658429000e+15,3.558835427894685988e-01
1.650513727660313000e+15,3.558835427894686543e-01
1.650513727662197000e+15,3.558835427894687098e-01
1.650513727664081000e+15,3.558835427894687653e-01
1.650513727665965250e+15,3.558835427894688208e-01
1.650513727667849250e+15,3.558835427894688208e-01
1.650513727669733250e+15,3.558835427894687653e-01
1.650513727671617250e+15,3.558835427894687653e-01
1.650513727673501500e+15,3.558835427894687098e-01
1.650513727675385500e+15,3.558835427894686543e-01
1.650513727677269500e+15,3.558835427894686543e-01
1.650513727679153500e+15,3.558835427894686543e-01
1.650513727681037750e+15,3.558835427894685433e-01
1.650513727682921750e+15,3.558835427894685433e-01
1.650513727684805750e+15,3.558835427894684877e-01
1.650513727686690000e+15,3.558835427894684322e-01
1.650513727688574000e+15,3.558835427894684877e-01
1.650513727690458000e+15,3.558835427894684322e-01
1.650513727692342000e+15,3.558835427894685433e-01
1.650513727694226250e+15,3.558835427894686543e-01
1.650513727696110250e+15,3.558835427894686543e-01
1.650513727697994250e+15,3.558835427894687653e-01
1.650513727699878250e+15,3.558835427894688208e-01
1.650513727701762500e+15,3.558835427894689873e-01
1.650513727703646500e+15,3.558835427894690984e-01
1.650513727705530500e+15,3.558835427894692094e-01
1.650513727707414500e+15,3.558835427894693204e-01
1.650513727709298750e+15,3.554775335676139680e-01
1.650513727711182750e+15,3.545270254918445607e-01
1.650513727713066750e+15,3.535765174160750424e-01
1.650513727714951000e+15,3.526258832113146058e-01
1.650513727716835000e+15,3.516753751355451429e-01
1.650513727718719000e+15,3.507248670597757356e-01
1.650513727720603000e+15,3.497743589840062173e-01
1.650513727722487250e+15,3.488102367004716764e-01
1.650513727724371250e+15,3.478458520156043066e-01
1.650513727726255250e+15,3.468814673307369922e-01
1.650513727728139250e+15,3.459170826458696224e-01
1.650513727730023500e+15,3.449525699906353937e-01
1.650513727731907500e+15,3.439881853057680239e-01
1.650513727733791500e+15,3.436116964863837886e-01
1.650513727735675500e+15,3.436116964863837886e-01
1.650513727737559750e+15,3.436116964863837886e-01
1.650513727739443750e+15,3.436116964863837886e-01
1.650513727741327750e+15,3.436116964863837886e-01
1.650513727743212000e+15,3.436116964863837886e-01
1.650513727745096000e+15,3.444658708256152502e-01
1.650513727746980000e+15,3.453714782848792408e-01
1.650513727748864000e+15,3.462770857441432870e-01
1.650513727750748250e+15,3.471828133742484446e-01
1.650513727752632250e+15,3.480884208335124352e-01
1.650513727754516250e+15,3.489940282927764259e-01
1.650513727756400250e+15,3.497476196379256663e-01
1.650513727758284500e+15,3.497476196379256663e-01
1.650513727760168500e+15,3.497476196379256663e-01
1.650513727762052500e+15,3.497476196379256663e-01
1.650513727763936500e+15,3.497476196379256663e-01
1.650513727765820750e+15,3.497476196379256663e-01
1.650513727767704750e+15,3.497476196379256663e-01
1.650513727769588750e+15,3.499894151882241844e-01
1.650513727771473000e+15,3.506916938250639881e-01
1.650513727773357000e+15,3.513938792844277792e-01
1.650513727775241000e+15,3.520960647437916258e-01
1.650513727777125000e+15,3.527982502031554723e-01
1.650513727779009250e+15,3.535005288399952761e-01
1.650513727780893250e+15,3.542027142993591227e-01
1.650513727782777250e+15,3.549048997587229137e-01
1.650513727784661250e+15,3.556070852180867603e-01
1.650513727786545500e+15,3.553520976980699131e-01
1.650513727788429500e+15,3.544757366020570011e-01
1.650513727790313500e+15,3.535993755060440891e-01
1.650513727792197500e+15,3.527230144100311771e-01
1.650513727794081750e+15,3.518465370240638768e-01
1.650513727795965750e+15,3.509701759280509092e-01
1.650513727797849750e+15,3.500938148320379972e-01
1.650513727799734000e+15,3.490331928793966032e-01
1.650513727801618000e+15,3.478525086574065228e-01
1.650513727803502000e+15,3.466718244354164424e-01
1.650513727805386000e+15,3.454911402134263620e-01
1.650513727807270250e+15,3.443102993189015582e-01
1.650513727809154250e+15,3.436116964863837886e-01
1.650513727811038250e+15,3.436116964863837886e-01
1.650513727812922250e+15,3.436116964863837886e-01
1.650513727814806500e+15,3.436116964863837886e-01
1.650513727816690500e+15,3.436116964863837886e-01
1.650513727818574500e+15,3.436116964863837886e-01
1.650513727820458500e+15,3.436116964863837886e-01
1.650513727822342750e+15,3.436116964863837886e-01
1.650513727824226750e+15,3.436116964863837886e-01
1.650513727826110750e+15,3.436116964863837886e-01
1.650513727827995000e+15,3.436116964863837886e-01
1.650513727829879000e+15,3.436116964863837886e-01
1.650513727831763000e+15,3.436116964863837886e-01
1.650513727833647000e+15,3.436116964863837886e-01
1.650513727835531250e+15,3.436116964863837886e-01
1.650513727837415250e+15,3.436116964863837886e-01
1.650513727839299250e+15,3.436116964863837331e-01
1.650513727841183250e+15,3.436116964863837886e-01
1.650513727843067500e+15,3.436116964863837886e-01
1.650513727844951500e+15,3.436116964863837886e-01
1.650513727846835500e+15,3.436116964863837886e-01
1.650513727848719500e+15,3.436116964863837886e-01
1.650513727850603750e+15,3.436116964863838441e-01
1.650513727852487750e+15,3.436116964863837886e-01
1.650513727854371750e+15,3.436116964863837886e-01
1.650513727856256000e+15,3.436116964863837886e-01
1.650513727858140000e+15,3.436116964863837886e-01
1.650513727860024000e+15,3.436116964863837886e-01
1.650513727861908000e+15,3.436116964863837331e-01
1.650513727863792250e+15,3.436116964863837886e-01
1.650513727865676250e+15,3.436116964863837886e-01
1.650513727867560250e+15,3.436116964863837886e-01
1.650513727869444250e+15,3.436116964863837886e-01
1.650513727871328500e+15,3.436116964863837886e-01
1.650513727873212500e+15,3.436116964863837886e-01
1.650513727875096500e+15,3.436116964863837886e-01
1.650513727876980500e+15,3.436116964863837886e-01
1.650513727878864750e+15,3.436116964863837886e-01
1.650513727880748750e+15,3.436116964863837886e-01
1.650513727882632750e+15,3.436116964863837886e-01
1.650513727884517000e+15,3.436116964863837886e-01
1.650513727886401000e+15,3.436116964863837331e-01
1.650513727888285000e+15,3.436116964863837886e-01
1.650513727890169000e+15,3.436116964863837886e-01
1.650513727892053250e+15,3.436116964863837886e-01
1.650513727893937250e+15,3.436116964863837331e-01
1.650513727895821250e+15,3.436116964863837886e-01
1.650513727897705250e+15,3.436116964863837886e-01
1.650513727899589500e+15,3.436116964863837886e-01
1.650513727901473500e+15,3.436116964863837886e-01
1.650513727903357500e+15,3.436116964863837886e-01
1.650513727905241500e+15,3.436116964863837886e-01
1.650513727907125750e+15,3.436116964863837886e-01
1.650513727909009750e+15,3.436116964863837886e-01
1.650513727910893750e+15,3.436116964863837886e-01
1.650513727912778000e+15,3.436116964863837886e-01
1.650513727914662000e+15,3.436116964863837886e-01
1.650513727916546000e+15,3.436116964863837886e-01
1.650513727918430000e+15,3.436116964863837886e-01
1.650513727920314250e+15,3.436116964863837886e-01
1.650513727922198250e+15,3.436116964863837886e-01
1.650513727924082250e+15,3.436116964863837886e-01
1.650513727925966250e+15,3.436116964863837886e-01
1.650513727927850500e+15,3.436116964863837886e-01
1.650513727929734500e+15,3.436116964863837331e-01
1.650513727931618500e+15,3.436116964863837886e-01
1.650513727933502500e+15,3.436116964863837886e-01
1.650513727935386750e+15,3.436116964863837886e-01
1.650513727937270750e+15,3.436116964863837886e-01
1.650513727939154750e+15,3.436116964863837886e-01
1.650513727941039000e+15,3.436116964863837886e-01
1.650513727942923000e+15,3.436116964863837331e-01
1.650513727944807000e+15,3.436116964863837331e-01
1.650513727946691000e+15,3.436116964863837331e-01
1.650513727948575250e+15,3.436116964863837331e-01
1.650513727950459250e+15,3.436116964863837886e-01
1.650513727952343250e+15,3.436116964863837886e-01
1.650513727954227250e+15,3.436116964863837886e-01
1.650513727956111500e+15,3.436116964863837886e-01
1.650513727957995500e+15,3.436116964863837886e-01
1.650513727959879500e+15,3.436116964863837886e-01
1.650513727961763500e+15,3.436116964863837331e-01
1.650513727963647750e+15,3.429406405585047612e-01
1.650513727965531750e+15,3.413150933156578470e-01
1.650513727967415750e+15,3.396895460728109328e-01
1.650513727969300000e+15,3.380637831257120585e-01
1.650513727971184000e+15,3.364382358828651443e-01
1.650513727973068000e+15,3.348126886400182300e-01
1.650513727974952000e+15,3.331871413971713713e-01
1.650513727976836250e+15,3.315613784500724970e-01
1.650513727978720250e+15,3.333856817473493939e-01
1.650513727980604250e+15,3.357543077523705843e-01
1.650513727982488250e+15,3.381229337573917193e-01
1.650513727984372500e+15,3.404918740705346059e-01
1.650513727986256500e+15,3.428605000755557408e-01
1.650513727988140500e+15,3.430845954490934768e-01
1.650513727990024500e+15,3.423126884500611866e-01
1.650513727991908750e+15,3.415406790217562216e-01
1.650513727993792750e+15,3.407687720227239314e-01
1.650513727995676750e+15,3.399968650236916412e-01
1.650513727997561000e+15,3.392248555953866762e-01
1.650513727999445000e+15,3.384529485963544415e-01
1.650513728001329000e+15,3.376810415973221513e-01
1.650513728003213000e+15,3.366510108002325197e-01
1.650513728005097250e+15,3.355273240281173575e-01
1.650513728006981250e+15,3.344037863453974690e-01
1.650513728008865250e+15,3.332802486626775806e-01
1.650513728010749250e+15,3.321567109799576922e-01
1.650513728012633500e+15,3.313398501832987009e-01
1.650513728014517500e+15,3.313398501832987009e-01
1.650513728016401500e+15,3.313398501832987009e-01
1.650513728018285500e+15,3.313398501832987009e-01
1.650513728020169750e+15,3.313398501832987009e-01
1.650513728022053750e+15,3.313398501832987009e-01
1.650513728023937750e+15,3.313398501832987009e-01
1.650513728025822000e+15,3.313398501832987009e-01
1.650513728027706000e+15,3.313398501832987009e-01
1.650513728029590000e+15,3.313398501832987009e-01
1.650513728031474000e+15,3.313373973838297792e-01
1.650513728033358250e+15,3.304130599039533100e-01
1.650513728035242250e+15,3.294888450640502953e-01
1.650513728037126250e+15,3.285646302241473360e-01
1.650513728039010250e+15,3.276404153842443767e-01
1.650513728040894500e+15,3.267160779043679630e-01
1.650513728042778500e+15,3.257918630644649483e-01
1.650513728044662500e+15,3.246837792149770974e-01
1.650513728046546500e+15,3.232542263531077986e-01
1.650513728048430750e+15,3.218244837947334402e-01
1.650513728050314750e+15,3.203949309328641415e-01
1.650513728052198750e+15,3.189653780709948427e-01
1.650513728054083000e+15,3.175356355126204844e-01
1.650513728055967000e+15,3.161060826507511856e-01
1.650513728057851000e+15,3.146765297888818314e-01
1.650513728059735000e+15,3.132469769270125326e-01
1.650513728061619250e+15,3.118172343686382852e-01
1.650513728063503250e+15,3.103876815067689865e-01
1.650513728065387250e+15,3.089581286448996322e-01
1.650513728067271250e+15,3.075285757830303335e-01
1.650513728069155500e+15,3.060988332246559751e-01
1.650513728071039500e+15,3.046692803627866764e-01
1.650513728072923500e+15,3.032397275009173776e-01
1.650513728074807500e+15,3.018101746390480788e-01
1.650513728076691750e+15,3.017056874287652457e-01
1.650513728078575750e+15,3.070470662978913579e-01
1.650513728080459750e+15,3.123884451670174700e-01
1.650513728082344000e+15,3.177305328178406940e-01
1.650513728084228000e+15,3.230719116869668062e-01
1.650513728086112000e+15,3.240793637665497218e-01
1.650513728087996000e+15,3.222077408057294479e-01
1.650513728089880250e+15,3.203358694872976975e-01
1.650513728091764250e+15,3.184642465264774236e-01
1.650513728093648250e+15,3.165926235656572052e-01
1.650513728095532250e+15,3.147210006048370423e-01
1.650513728097416500e+15,3.129090992276771788e-01
1.650513728099300500e+15,3.123905705106454489e-01
1.650513728101184500e+15,3.118720417936136635e-01
1.650513728103068500e+15,3.113535130765819336e-01
1.650513728104952750e+15,3.108349155526609620e-01
1.650513728106836750e+15,3.103163868356292321e-01
1.650513728108720750e+15,3.097978581185974467e-01
1.650513728110605000e+15,3.092792605946765305e-01
1.650513728112489000e+15,3.087607318776448007e-01
1.650513728114373000e+15,3.082422031606130708e-01
1.650513728116257000e+15,3.077236744435812854e-01
1.650513728118141250e+15,3.072050769196603137e-01
1.650513728120025250e+15,3.067961575771285254e-01
1.650513728121909250e+15,3.067961575771285254e-01
1.650513728123793250e+15,3.067961575771285254e-01
1.650513728125677500e+15,3.067961575771285254e-01
1.650513728127561500e+15,3.067961575771285254e-01
1.650513728129445500e+15,3.067961575771285254e-01
1.650513728131329500e+15,3.067961575771285254e-01
1.650513728133213750e+15,3.067961575771285254e-01
1.650513728135097750e+15,3.067961575771285254e-01
1.650513728136981750e+15,3.067961575771285254e-01
1.650513728138866000e+15,3.067961575771285254e-01
1.650513728140750000e+15,3.067961575771285254e-01
1.650513728142634000e+15,3.067961575771285254e-01
1.650513728144518000e+15,3.067961575771285254e-01
1.650513728146402250e+15,3.067961575771285254e-01
1.650513728148286250e+15,3.067961575771285254e-01
1.650513728150170250e+15,3.067961575771285254e-01
1.650513728152054250e+15,3.067961575771285254e-01
1.650513728153938500e+15,3.067961575771284699e-01
1.650513728155822500e+15,3.067961575771285254e-01
1.650513728157706500e+15,3.067961575771285254e-01
1.650513728159590500e+15,3.067961575771285254e-01
1.650513728161474750e+15,3.067961575771285254e-01
1.650513728163358750e+15,3.067961575771285254e-01
1.650513728165242750e+15,3.067961575771284699e-01
1.650513728167127000e+15,3.067961575771284144e-01
1.650513728169011000e+15,3.067961575771283589e-01
1.650513728170895000e+15,3.067961575771283589e-01
1.650513728172779000e+15,3.067961575771283034e-01
1.650513728174663250e+15,3.067961575771282479e-01
1.650513728176547250e+15,3.067961575771282479e-01
1.650513728178431250e+15,3.067961575771281924e-01
1.650513728180315250e+15,3.067961575771281368e-01
1.650513728182199500e+15,3.067961575771281368e-01
1.650513728184083500e+15,3.067961575771280813e-01
1.650513728185967500e+15,3.067961575771281368e-01
1.650513728187851500e+15,3.067961575771280813e-01
1.650513728189735750e+15,3.067961575771280813e-01
1.650513728191619750e+15,3.067961575771280813e-01
1.650513728193503750e+15,3.067961575771280813e-01
1.650513728195388000e+15,3.067961575771280813e-01
1.650513728197272000e+15,3.067961575771280813e-01
1.650513728199156000e+15,3.067961575771281368e-01
1.650513728201040000e+15,3.056502570555225118e-01
1.650513728202924250e+15,3.042679503603654689e-01
1.650513728204808250e+15,3.028858270679807285e-01
1.650513728206692250e+15,3.015037037755960436e-01
1.650513728208576250e+15,3.006602344255858150e-01
1.650513728210460500e+15,3.006602344255858150e-01
1.650513728212344500e+15,3.006602344255858705e-01
1.650513728214228500e+15,3.006602344255858705e-01
1.650513728216112500e+15,3.006602344255858705e-01
1.650513728217996750e+15,3.006602344255859816e-01
1.650513728219880750e+15,3.006602344255859816e-01
1.650513728221764750e+15,3.006602344255860371e-01
1.650513728223649000e+15,3.006602344255860926e-01
1.650513728225533000e+15,3.006602344255861481e-01
1.650513728227417000e+15,3.006602344255862036e-01
1.650513728229301000e+15,3.006602344255862591e-01
1.650513728231185250e+15,3.006602344255862036e-01
1.650513728233069250e+15,3.006602344255862036e-01
1.650513728234953250e+15,3.006602344255862036e-01
1.650513728236837250e+15,3.006602344255862036e-01
1.650513728238721500e+15,3.006602344255862036e-01
1.650513728240605500e+15,3.006602344255861481e-01
1.650513728242489500e+15,3.006602344255860926e-01
1.650513728244373500e+15,3.006602344255860371e-01
1.650513728246257750e+15,3.006602344255859816e-01
1.650513728248141750e+15,3.006602344255858705e-01
1.650513728250025750e+15,3.006602344255857595e-01
1.650513728251910000e+15,3.006602344255857595e-01
1.650513728253794000e+15,3.006602344255857595e-01
1.650513728255678000e+15,3.006602344255857595e-01
1.650513728257562000e+15,3.006602344255857595e-01
1.650513728259446250e+15,3.006602344255857595e-01
1.650513728261330250e+15,3.006602344255857595e-01
1.650513728263214250e+15,3.001278662278504261e-01
1.650513728265098250e+15,2.993493048581369331e-01
1.650513728266982500e+15,2.985706401761397677e-01
1.650513728268866500e+15,2.977920788064263302e-01
1.650513728270750500e+15,2.970135174367128372e-01
1.650513728272634500e+15,2.962349560669993442e-01
1.650513728274518750e+15,2.954562913850022343e-01
1.650513728276402750e+15,2.946777300152887413e-01
1.650513728278286750e+15,2.940518907860804609e-01
1.650513728280171000e+15,2.934634536322584530e-01
1.650513728282055000e+15,2.928750945515627979e-01
1.650513728283939000e+15,2.922867354708671983e-01
1.650513728285823000e+15,2.916983763901715987e-01
1.650513728287707250e+15,2.911099392363495353e-01
1.650513728289591250e+15,2.905215801556538802e-01
1.650513728291475250e+15,2.899332210749583361e-01
1.650513728293359250e+15,2.893448619942626809e-01
1.650513728295243500e+15,2.887564248404406730e-01
1.650513728297127500e+15,2.875021369640575752e-01
1.650513728299011500e+15,2.851354506670966682e-01
1.650513728300895500e+15,2.827687643701357056e-01
1.650513728302779750e+15,2.804017640224453212e-01
1.650513728304663750e+15,2.780350777254843586e-01
1.650513728306547750e+15,2.764468059389558197e-01
1.650513728308432000e+15,2.781911652024279258e-01
1.650513728310316000e+15,2.799352930264329409e-01
1.650513728312200000e+15,2.816794208504379560e-01
1.650513728314084000e+15,2.834235486744430266e-01
1.650513728315968250e+15,2.851679079379151327e-01
1.650513728317852250e+15,2.869120357619202033e-01
1.650513728319736250e+15,2.881261323749439995e-01
1.650513728321620250e+15,2.864179566501555696e-01
1.650513728323504500e+15,2.847095542566138171e-01
1.650513728325388500e+15,2.830013785318253872e-01
1.650513728327272500e+15,2.812932028070369572e-01
1.650513728329156500e+15,2.795850270822485273e-01
1.650513728331040750e+15,2.778766246887068303e-01
1.650513728332924750e+15,2.761684489639184004e-01
1.650513728334808750e+15,2.771659073221142133e-01
1.650513728336693000e+15,2.782483033524745242e-01
1.650513728338577000e+15,2.793305557718449572e-01
1.650513728340461000e+15,2.804128081912154458e-01
1.650513728342345000e+15,2.814950606105859343e-01
1.650513728344229250e+15,2.825774566409462452e-01
1.650513728346113250e+15,2.836597090603167337e-01
1.650513728347997250e+15,2.847419614796872223e-01
1.650513728349881250e+15,2.858242138990576553e-01
1.650513728351765500e+15,2.869066099294179661e-01
1.650513728353649500e+15,2.879888623487883992e-01
1.650513728355533500e+15,2.883883881224998391e-01
1.650513728357417500e+15,2.883883881224999501e-01
1.650513728359301750e+15,2.883883881225000057e-01
1.650513728361185750e+15,2.883883881225001167e-01
1.650513728363069750e+15,2.883883881225002277e-01
1.650513728364954000e+15,2.878370203557823470e-01
1.650513728366838000e+15,2.870177956929302887e-01
1.650513728368722000e+15,2.861985710300782304e-01
1.650513728370606000e+15,2.853793463672261721e-01
1.650513728372490250e+15,2.845600129962181368e-01
1.650513728374374250e+15,2.837407883333660785e-01
1.650513728376258250e+15,2.829215636705140202e-01
1.650513728378142250e+15,2.821312040969984891e-01
1.650513728380026500e+15,2.814694059746004617e-01
1.650513728381910500e+15,2.808076956587729489e-01
1.650513728383794500e+15,2.801459853429454361e-01
1.650513728385678500e+15,2.794842750271179233e-01
1.650513728387562750e+15,2.788224769047198404e-01
1.650513728389446750e+15,2.781607665888923275e-01
1.650513728391330750e+15,2.774990562730648147e-01
1.650513728393215000e+15,2.768372581506667873e-01
1.650513728395099000e+15,2.761755478348392190e-01
1.650513728396983000e+15,2.761165418194151400e-01
1.650513728398867000e+15,2.761165418194151400e-01
1.650513728400751250e+15,2.761165418194151955e-01
1.650513728402635250e+15,2.761165418194151400e-01
1.650513728404519250e+15,2.761165418194151400e-01
1.650513728406403250e+15,2.761165418194151400e-01
1.650513728408287500e+15,2.761165418194151400e-01
1.650513728410171500e+15,2.761165418194151400e-01
1.650513728412055500e+15,2.761165418194151955e-01
1.650513728413939500e+15,2.761165418194152510e-01
1.650513728415823750e+15,2.761165418194153065e-01
1.650513728417707750e+15,2.761165418194153065e-01
1.650513728419591750e+15,2.761165418194153620e-01
1.650513728421476000e+15,2.761165418194154175e-01
1.650513728423360000e+15,2.761165418194154175e-01
1.650513728425244000e+15,2.761165418194154730e-01
1.650513728427128000e+15,2.761165418194155285e-01
1.650513728429012250e+15,2.761165418194155285e-01
1.650513728430896250e+15,2.761165418194155841e-01
1.650513728432780250e+15,2.761165418194155841e-01
1.650513728434664250e+15,2.761165418194155841e-01
1.650513728436548500e+15,2.761165418194155841e-01
1.650513728438432500e+15,2.761165418194155841e-01
1.650513728440316500e+15,2.761165418194155841e-01
1.650513728442200500e+15,2.761165418194155841e-01
1.650513728444084750e+15,2.761165418194155841e-01
1.650513728445968750e+15,2.761165418194155841e-01
1.650513728447852750e+15,2.761165418194155841e-01
1.650513728449737000e+15,2.761165418194155841e-01
1.650513728451621000e+15,2.761165418194155841e-01
1.650513728453505000e+15,2.765787331789396619e-01
1.650513728455389000e+15,2.774745855671530981e-01
1.650513728457273250e+15,2.783705568317449419e-01
1.650513728459157250e+15,2.792664092199583781e-01
1.650513728461041250e+15,2.801622616081718142e-01
1.650513728462925250e+15,2.810581139963851949e-01
1.650513728464809500e+15,2.819540852609770942e-01
1.650513728466693500e+15,2.818547662481727945e-01
1.650513728468577500e+15,2.812584555488275573e-01
1.650513728470461500e+15,2.806621448494823756e-01
1.650513728472345750e+15,2.800657550218597081e-01
1.650513728474229750e+15,2.794694443225145264e-01
1.650513728476113750e+15,2.788731336231693447e-01
1.650513728477998000e+15,2.782767437955466217e-01
1.650513728479882000e+15,2.776804330962014400e-01
1.650513728481766000e+15,2.770841223968562583e-01
1.650513728483650000e+15,2.764878116975110767e-01
1.650513728485534250e+15,2.761165418194155285e-01
1.650513728487418250e+15,2.761165418194154175e-01
1.650513728489302250e+15,2.761165418194152510e-01
1.650513728491186250e+15,2.761165418194151400e-01
1.650513728493070500e+15,2.761165418194150289e-01
1.650513728494954500e+15,2.761165418194148624e-01
1.650513728496838500e+15,2.761165418194147514e-01
1.650513728498722500e+15,2.761165418194147514e-01
1.650513728500606750e+15,2.761165418194148624e-01
1.650513728502490750e+15,2.761165418194149179e-01
1.650513728504374750e+15,2.761165418194150289e-01
1.650513728506259000e+15,2.761165418194151400e-01
1.650513728508143000e+15,2.761165418194151955e-01
1.650513728510027000e+15,2.761165418194151400e-01
1.650513728511911000e+15,2.761165418194151400e-01
1.650513728513795250e+15,2.761165418194151400e-01
1.650513728515679250e+15,2.761165418194151955e-01
1.650513728517563250e+15,2.761165418194151400e-01
1.650513728519447250e+15,2.761165418194151400e-01
1.650513728521331500e+15,2.761165418194151400e-01
1.650513728523215500e+15,2.761165418194151400e-01
1.650513728525099500e+15,2.761165418194151400e-01
1.650513728526983500e+15,2.761165418194151400e-01
1.650513728528867750e+15,2.761165418194151955e-01
1.650513728530751750e+15,2.761165418194151955e-01
1.650513728532635750e+15,2.761165418194152510e-01
1.650513728534520000e+15,2.761165418194152510e-01
1.650513728536404000e+15,2.761165418194153065e-01
1.650513728538288000e+15,2.761165418194153620e-01
1.650513728540172000e+15,2.761165418194153620e-01
1.650513728542056250e+15,2.761165418194154175e-01
1.650513728543940250e+15,2.761165418194154175e-01
1.650513728545824250e+15,2.761165418194154730e-01
1.650513728547708250e+15,2.761165418194154730e-01
1.650513728549592500e+15,2.761165418194155285e-01
1.650513728551476500e+15,2.761165418194155841e-01
1.650513728553360500e+15,2.760411432327093961e-01
1.650513728555244500e+15,2.755198553892071467e-01
1.650513728557128750e+15,2.749984983726894705e-01
1.650513728559012750e+15,2.744772105291871656e-01
1.650513728560896750e+15,2.739559226856848606e-01
1.650513728562781000e+15,2.734345656691671844e-01
1.650513728564665000e+15,2.729132778256648795e-01
1.650513728566549000e+15,2.723919899821625745e-01
1.650513728568433000e+15,2.718707021386602141e-01
1.650513728570317250e+15,2.713493451221425934e-01
1.650513728572201250e+15,2.708280572786402884e-01
1.650513728574085250e+15,2.703067694351379835e-01
1.650513728575969250e+15,2.701959423382024883e-01
1.650513728577853500e+15,2.707712328391874146e-01
1.650513728579737500e+15,2.713464470113278182e-01
1.650513728581621500e+15,2.719216611834682773e-01
1.650513728583505500e+15,2.724968753556086809e-01
1.650513728585389750e+15,2.730721658565935517e-01
1.650513728587273750e+15,2.736473800287340108e-01
1.650513728589157750e+15,2.742225942008743589e-01
1.650513728591042000e+15,2.747978847018592852e-01
1.650513728592926000e+15,2.753730988739996888e-01
1.650513728594810000e+15,2.759483130461400369e-01
1.650513728596694000e+15,2.761165418194148069e-01
1.650513728598578250e+15,2.761165418194149179e-01
1.650513728600462250e+15,2.761165418194150845e-01
1.650513728602346250e+15,2.761165418194152510e-01
1.650513728604230250e+15,2.761165418194154175e-01
1.650513728606114500e+15,2.761165418194155285e-01
1.650513728607998500e+15,2.761165418194154730e-01
1.650513728609882500e+15,2.761165418194153620e-01
1.650513728611766500e+15,2.761165418194151955e-01
1.650513728613650750e+15,2.761165418194150289e-01
1.650513728615534750e+15,2.761165418194149179e-01
1.650513728617418750e+15,2.761165418194147514e-01
1.650513728619303000e+15,2.761165418194146959e-01
1.650513728621187000e+15,2.761165418194148069e-01
1.650513728623071000e+15,2.761165418194148069e-01
1.650513728624955000e+15,2.761165418194149179e-01
1.650513728626839250e+15,2.761165418194149734e-01
1.650513728628723250e+15,2.761165418194150289e-01
1.650513728630607250e+15,2.761165418194150845e-01
1.650513728632491250e+15,2.753479627227001236e-01
1.650513728634375500e+15,2.726870621016889151e-01
1.650513728636259500e+15,2.700265145257382260e-01
1.650513728638143500e+15,2.673659669497875369e-01
1.650513728640027500e+15,2.647054193738367922e-01
1.650513728641911750e+15,2.642214847661704669e-01
1.650513728643795750e+15,2.647783554833295083e-01
1.650513728645679750e+15,2.653352262004886053e-01
1.650513728647564000e+15,2.658921708123818672e-01
1.650513728649448000e+15,2.664490415295409642e-01
1.650513728651332000e+15,2.670059122467000057e-01
1.650513728653216000e+15,2.675627829638590471e-01
1.650513728655100250e+15,2.681197275757523646e-01
1.650513728656984250e+15,2.686765982929114061e-01
1.650513728658868250e+15,2.692334690100704475e-01
1.650513728660752250e+15,2.697903397272294890e-01
1.650513728662636500e+15,2.699806186678723741e-01
1.650513728664520500e+15,2.699806186678723741e-01
1.650513728666404500e+15,2.699806186678723741e-01
1.650513728668288500e+15,2.699806186678723741e-01
1.650513728670172750e+15,2.699806186678723741e-01
1.650513728672056750e+15,2.699806186678723741e-01
1.650513728673940750e+15,2.699806186678723741e-01
1.650513728675825000e+15,2.699806186678723741e-01
1.650513728677709000e+15,2.697398624898302844e-01
1.650513728679593000e+15,2.686850144911529514e-01
1.650513728681477000e+15,2.676301664924756185e-01
1.650513728683361250e+15,2.665751785192762013e-01
1.650513728685245250e+15,2.655203305205988684e-01
1.650513728687129250e+15,2.644654825219214800e-01
1.650513728689013250e+15,2.646819523011995079e-01
1.650513728690897500e+15,2.667169101817404853e-01
1.650513728692781500e+15,2.687515980665430293e-01
1.650513728694665500e+15,2.707862859513456288e-01
1.650513728696549500e+15,2.728209738361481729e-01
1.650513728698433750e+15,2.748559317166891502e-01
1.650513728700317750e+15,2.756774082279155880e-01
1.650513728702201750e+15,2.745231317209255173e-01
1.650513728704086000e+15,2.733687020456090910e-01
1.650513728705970000e+15,2.722144255386190204e-01
1.650513728707854000e+15,2.710601490316288942e-01
1.650513728709738000e+15,2.699058725246388235e-01
1.650513728711622250e+15,2.687514428493225083e-01
1.650513728713506250e+15,2.675971663423323266e-01
1.650513728715390250e+15,2.664428898353422559e-01
1.650513728717274250e+15,2.652886133283521852e-01
1.650513728719158500e+15,2.641341836530357590e-01
1.650513728721042500e+15,2.638446955163304963e-01
1.650513728722926500e+15,2.638446955163304963e-01
1.650513728724810500e+15,2.638446955163304963e-01
1.650513728726694750e+15,2.638446955163304963e-01
1.650513728728578750e+15,2.638446955163304963e-01
1.650513728730462750e+15,2.638446955163304963e-01
1.650513728732347000e+15,2.630807358337654001e-01
1.650513728734231000e+15,2.622502107085763479e-01
1.650513728736115000e+15,2.614196855833872957e-01
1.650513728737999000e+15,2.605891604581982435e-01
1.650513728739883250e+15,2.597585251253226590e-01
1.650513728741767250e+15,2.589280000001336624e-01
1.650513728743651250e+15,2.580974748749446102e-01
1.650513728745535250e+15,2.580633871138728330e-01
1.650513728747419500e+15,2.587300699185259845e-01
1.650513728749303500e+15,2.593966642685147650e-01
1.650513728751187500e+15,2.600632586185036565e-01
1.650513728753071500e+15,2.607298529684924926e-01
1.650513728754955750e+15,2.613965357731455885e-01
1.650513728756839750e+15,2.620631301231344801e-01
1.650513728758723750e+15,2.627297244731233161e-01
1.650513728760608000e+15,2.633964072777764120e-01
1.650513728762492000e+15,2.641190931813664489e-01
1.650513728764376000e+15,2.649569622266302882e-01
1.650513728766260000e+15,2.657948312718940720e-01
1.650513728768144250e+15,2.666328114993560816e-01
1.650513728770028250e+15,2.674706805446198654e-01
1.650513728771912250e+15,2.683085495898837047e-01
1.650513728773796250e+15,2.691464186351474885e-01
1.650513728775680500e+15,2.699755164034634003e-01
1.650513728777564500e+15,2.688446145038835278e-01
1.650513728779448500e+15,2.677137126043036552e-01
1.650513728781332500e+15,2.665828107047237272e-01
1.650513728783216750e+15,2.654517587385435418e-01
1.650513728785100750e+15,2.643208568389636692e-01
1.650513728786984750e+15,2.638446955163300522e-01
1.650513728788869000e+15,2.638446955163300522e-01
1.650513728790753000e+15,2.638446955163300522e-01
1.650513728792637000e+15,2.638446955163300522e-01
1.650513728794521000e+15,2.638446955163300522e-01
1.650513728796405250e+15,2.638446955163300522e-01
1.650513728798289250e+15,2.638446955163300522e-01
1.650513728800173250e+15,2.638446955163300522e-01
1.650513728802057250e+15,2.638446955163300522e-01
1.650513728803941500e+15,2.638446955163300522e-01
1.650513728805825500e+15,2.638446955163300522e-01
1.650513728807709500e+15,2.635686046693312412e-01
1.650513728809593500e+15,2.630845142498376976e-01
1.650513728811477750e+15,2.626003595932927537e-01
1.650513728813361750e+15,2.621162691737992101e-01
1.650513728815245750e+15,2.616321787543056665e-01
1.650513728817130000e+15,2.611480240977607226e-01
1.650513728819014000e+15,2.606639336782671790e-01
1.650513728820898000e+15,2.601798432587736354e-01
1.650513728822782000e+15,2.596957528392800918e-01
1.650513728824666250e+15,2.592115981827350923e-01
1.650513728826550250e+15,2.587275077632415488e-01
1.650513728828434250e+15,2.582434173437480052e-01
1.650513728830318250e+15,2.577593269242545171e-01
1.650513728832202500e+15,2.566429596711978234e-01
1.650513728834086500e+15,2.554530390106209414e-01
1.650513728835970500e+15,2.542631183500441150e-01
1.650513728837854500e+15,2.530731976894672886e-01
1.650513728839738750e+15,2.518831191307135953e-01
1.650513728841622750e+15,2.515728492132462968e-01
1.650513728843506750e+15,2.515728492132462968e-01
1.650513728845391000e+15,2.515728492132462968e-01
1.650513728847275000e+15,2.515728492132462968e-01
1.650513728849159000e+15,2.515728492132462968e-01
1.650513728851043000e+15,2.515728492132462968e-01
1.650513728852927250e+15,2.515728492132462968e-01
1.650513728854811250e+15,2.515728492132462968e-01
1.650513728856695250e+15,2.515728492132462968e-01
1.650513728858579250e+15,2.515728492132462968e-01
1.650513728860463500e+15,2.515728492132462968e-01
1.650513728862347500e+15,2.515728492132462968e-01
1.650513728864231500e+15,2.515728492132462968e-01
1.650513728866115500e+15,2.515728492132462968e-01
1.650513728867999750e+15,2.515728492132462968e-01
1.650513728869883750e+15,2.515728492132462968e-01
1.650513728871767750e+15,2.515728492132462968e-01
1.650513728873652000e+15,2.515728492132462968e-01
1.650513728875536000e+15,2.515728492132462968e-01
1.650513728877420000e+15,2.515728492132462968e-01
1.650513728879304000e+15,2.515728492132462968e-01
1.650513728881188250e+15,2.515728492132462968e-01
1.650513728883072250e+15,2.515728492132462968e-01
1.650513728884956250e+15,2.515728492132462413e-01
1.650513728886840250e+15,2.515728492132462968e-01
1.650513728888724500e+15,2.515728492132462968e-01
1.650513728890608500e+15,2.515728492132462968e-01
1.650513728892492500e+15,2.515728492132462968e-01
1.650513728894376500e+15,2.515728492132462968e-01
1.650513728896260750e+15,2.515728492132462968e-01
1.650513728898144750e+15,2.515728492132462968e-01
1.650513728900028750e+15,2.515728492132462968e-01
1.650513728901913000e+15,2.515728492132462968e-01
1.650513728903797000e+15,2.515728492132462968e-01
1.650513728905681000e+15,2.515728492132462968e-01
1.650513728907565000e+15,2.515728492132460747e-01
1.650513728909449250e+15,2.515728492132458527e-01
1.650513728911333250e+15,2.515728492132456307e-01
1.650513728913217250e+15,2.515728492132454086e-01
1.650513728915101250e+15,2.515728492132451866e-01
1.650513728916985500e+15,2.515728492132449645e-01
1.650513728918869500e+15,2.515728492132451311e-01
1.650513728920753500e+15,2.515728492132453531e-01
1.650513728922637500e+15,2.515728492132455196e-01
1.650513728924521750e+15,2.515728492132457417e-01
1.650513728926405750e+15,2.515728492132459082e-01
1.650513728928289750e+15,2.515728492132460747e-01
1.650513728930174000e+15,2.515728492132462413e-01
1.650513728932058000e+15,2.511663344623669691e-01
1.650513728933942000e+15,2.506169271519963493e-01
1.650513728935826000e+15,2.500675198416257294e-01
1.650513728937710250e+15,2.495180396268880108e-01
1.650513728939594250e+15,2.489686323165173909e-01
1.650513728941478250e+15,2.484192250061467711e-01
1.650513728943362250e+15,2.478698176957761512e-01
1.650513728945246500e+15,2.473203374810384325e-01
1.650513728947130500e+15,2.467709301706678127e-01
1.650513728949014500e+15,2.462215228602971928e-01
1.650513728950898500e+15,2.456721155499266007e-01
1.650513728952782750e+15,2.454369260617026705e-01
1.650513728954666750e+15,2.454369260617027537e-01
1.650513728956550750e+15,2.454369260617028092e-01
1.650513728958435000e+15,2.454369260617028925e-01
1.650513728960319000e+15,2.454369260617029758e-01
1.650513728962203000e+15,2.454369260617030590e-01
1.650513728964087000e+15,2.454369260617030313e-01
1.650513728965971250e+15,2.454369260617029758e-01
1.650513728967855250e+15,2.454369260617028370e-01
1.650513728969739250e+15,2.454369260617027537e-01
1.650513728971623250e+15,2.454506618804272178e-01
1.650513728973507500e+15,2.465638539850193434e-01
1.650513728975391500e+15,2.476768983926358747e-01
1.650513728977275500e+15,2.487899428002524616e-01
1.650513728979159500e+15,2.499029872078690206e-01
1.650513728981043750e+15,2.510161793124611185e-01
1.650513728982927750e+15,2.510961928057579562e-01
1.650513728984811750e+15,2.501426269212816966e-01
1.650513728986696000e+15,2.491889345020543156e-01
1.650513728988580000e+15,2.482353686175780005e-01
1.650513728990464000e+15,2.472818027331017687e-01
1.650513728992348000e+15,2.463282368486255092e-01
1.650513728994232250e+15,2.454369260617026427e-01
1.650513728996116250e+15,2.454369260617026705e-01
1.650513728998000250e+15,2.454369260617026982e-01
1.650513728999884250e+15,2.454369260617027260e-01
1.650513729001768500e+15,2.454369260617027537e-01
1.650513729003652500e+15,2.454369260617027537e-01
1.650513729005536500e+15,2.454369260617028092e-01
1.650513729007420500e+15,2.454369260617028092e-01
1.650513729009304750e+15,2.454369260617028647e-01
1.650513729011188750e+15,2.454369260617028647e-01
1.650513729013072750e+15,2.454369260617029203e-01
1.650513729014957000e+15,2.454369260617029203e-01
1.650513729016841000e+15,2.454369260617029758e-01
1.650513729018725000e+15,2.454369260617029758e-01
1.650513729020609000e+15,2.454369260617029758e-01
1.650513729022493250e+15,2.454369260617030313e-01
1.650513729024377250e+15,2.454369260617030313e-01
1.650513729026261250e+15,2.448101693234251697e-01
1.650513729028145250e+15,2.420846997448548032e-01
1.650513729030029500e+15,2.393588685063084975e-01
1.650513729031913500e+15,2.366333989277381866e-01
1.650513729033797500e+15,2.339079293491678202e-01
1.650513729035681500e+15,2.331650797586179991e-01
1.650513729037565750e+15,2.331650797586179991e-01
1.650513729039449750e+15,2.331650797586179991e-01
1.650513729041333750e+15,2.331650797586179991e-01
1.650513729043218000e+15,2.331650797586180268e-01
1.650513729045102000e+15,2.331650797586179991e-01
1.650513729046986000e+15,2.331650797586179991e-01
1.650513729048870000e+15,2.331650797586180268e-01
1.650513729050754250e+15,2.339881604260576620e-01
1.650513729052638250e+15,2.350515473469946270e-01
1.650513729054522250e+15,2.361149342679315921e-01
1.650513729056406250e+15,2.371783211888685572e-01
1.650513729058290500e+15,2.382418492174118163e-01
1.650513729060174500e+15,2.393010029101603486e-01
1.650513729062058500e+15,2.393010029101603486e-01
1.650513729063942500e+15,2.393010029101603486e-01
1.650513729065826750e+15,2.393010029101603486e-01
1.650513729067710750e+15,2.393010029101603486e-01
1.650513729069594750e+15,2.388957083887878474e-01
1.650513729071479000e+15,2.384302650233170728e-01
1.650513729073363000e+15,2.379648834123063716e-01
1.650513729075247000e+15,2.374995018012956705e-01
1.650513729077131000e+15,2.370341201902849693e-01
1.650513729079015250e+15,2.365686768248142224e-01
1.650513729080899250e+15,2.361032952138035212e-01
1.650513729082783250e+15,2.356379136027927923e-01
1.650513729084667250e+15,2.351725319917821189e-01
1.650513729086551500e+15,2.347070886263113443e-01
1.650513729088435500e+15,2.342417070153006708e-01
1.650513729090319500e+15,2.337763254042899697e-01
1.650513729092203500e+15,2.333109437932792685e-01
1.650513729094087750e+15,2.339593119324357429e-01
1.650513729095971750e+15,2.351158981472937781e-01
1.650513729097855750e+15,2.362724843621518134e-01
1.650513729099740000e+15,2.374292240518260377e-01
1.650513729101624000e+15,2.385858102666841285e-01
1.650513729103508000e+15,2.397423964815421638e-01
1.650513729105392000e+15,2.408989826964001990e-01
1.650513729107276250e+15,2.420557223860744234e-01
1.650513729109160250e+15,2.432123086009324586e-01
1.650513729111044250e+15,2.443688948157905494e-01
1.650513729112928250e+15,2.452848589000142243e-01
1.650513729114812500e+15,2.432984980721997759e-01
1.650513729116696500e+15,2.413124007923258540e-01
1.650513729118580500e+15,2.393263035124519322e-01
1.650513729120464500e+15,2.373402062325779827e-01
1.650513729122348750e+15,2.353538454047635342e-01
1.650513729124232750e+15,2.333677481248896401e-01
1.650513729126116750e+15,2.303506790378887503e-01
1.650513729128001000e+15,2.272160347003483183e-01
1.650513729129885000e+15,2.240818062636089625e-01
1.650513729131769000e+15,2.209475778268695234e-01
1.650513729133653000e+15,2.178133493901301398e-01
1.650513729135537250e+15,2.148273793531091935e-01
1.650513729137421250e+15,2.176212436608930823e-01
1.650513729139305250e+15,2.204151079686769710e-01
1.650513729141189250e+15,2.232089722764608319e-01
1.650513729143073500e+15,2.260032073199543523e-01
1.650513729144957500e+15,2.287970716277382410e-01
1.650513729146841500e+15,2.315909359355221575e-01
1.650513729148725500e+15,2.326811602272972901e-01
1.650513729150609750e+15,2.315725579453628002e-01
1.650513729152493750e+15,2.304641027514318097e-01
1.650513729154377750e+15,2.293556475575007914e-01
1.650513729156262000e+15,2.282470452755663293e-01
1.650513729158146000e+15,2.271385900816353109e-01
1.650513729160030000e+15,2.260301348877042926e-01
1.650513729161914000e+15,2.249216796937732743e-01
1.650513729163798250e+15,2.238130774118388400e-01
1.650513729165682250e+15,2.227046222179078216e-01
1.650513729167566250e+15,2.215961670239767756e-01
1.650513729169450250e+15,2.201013253884599730e-01
1.650513729171334500e+15,2.179364319892850566e-01
1.650513729173218500e+15,2.157718258255352795e-01
1.650513729175102500e+15,2.136072196617855024e-01
1.650513729176986500e+15,2.114426134980357253e-01
1.650513729178870750e+15,2.092777200988608366e-01
1.650513729180754750e+15,2.100771856554636552e-01
1.650513729182638750e+15,2.121664824596394827e-01
1.650513729184523000e+15,2.142560565059602462e-01
1.650513729186407000e+15,2.163453533101360737e-01
1.650513729188291000e+15,2.184346501143119290e-01
1.650513729190175000e+15,2.205239469184877565e-01
1.650513729192059250e+15,2.208932334555315791e-01
1.650513729193943250e+15,2.208932334555315791e-01
1.650513729195827250e+15,2.208932334555315791e-01
1.650513729197711250e+15,2.208932334555315791e-01
1.650513729199595500e+15,2.208932334555315791e-01
1.650513729201479500e+15,2.208932334555315791e-01
1.650513729203363500e+15,2.208932334555315513e-01
1.650513729205247500e+15,2.208932334555316068e-01
1.650513729207131750e+15,2.208932334555315791e-01
1.650513729209015750e+15,2.208932334555315791e-01
1.650513729210899750e+15,2.208932334555315791e-01
1.650513729212784000e+15,2.208932334555315791e-01
1.650513729214668000e+15,2.208932334555315791e-01
1.650513729216552000e+15,2.208932334555315791e-01
1.650513729218436000e+15,2.208932334555315791e-01
1.650513729220320250e+15,2.208932334555315791e-01
1.650513729222204250e+15,2.208932334555315791e-01
1.650513729224088250e+15,2.208932334555316068e-01
1.650513729225972250e+15,2.208932334555318011e-01
1.650513729227856500e+15,2.208932334555319676e-01
1.650513729229740500e+15,2.208932334555321619e-01
1.650513729231624500e+15,2.208932334555323562e-01
1.650513729233508500e+15,2.208932334555324950e-01
1.650513729235392750e+15,2.208932334555326893e-01
1.650513729237276750e+15,2.208932334555328558e-01
1.650513729239160750e+15,2.199864831608603633e-01
1.650513729241045000e+15,2.188022556489998549e-01
1.650513729242929000e+15,2.176181852590063914e-01
1.650513729244813000e+15,2.164341148690129557e-01
1.650513729246697000e+15,2.152500444790195200e-01
1.650513729248581250e+15,2.140658169671589839e-01
1.650513729250465250e+15,2.128817465771655204e-01
1.650513729252349250e+15,2.116976761871720847e-01
1.650513729254233250e+15,2.105136057971785934e-01
1.650513729256117500e+15,2.093293782853181129e-01
1.650513729258001500e+15,2.079519414103632169e-01
1.650513729259885500e+15,2.062869436835151338e-01
1.650513729261769500e+15,2.046219459566671062e-01
1.650513729263653750e+15,2.029567272906301900e-01
1.650513729265537750e+15,2.012917295637821069e-01
1.650513729267421750e+15,1.996267318369340238e-01
1.650513729269305750e+15,1.979617341100859962e-01
1.650513729271190000e+15,1.963495408493627081e-01
1.650513729273074000e+15,1.963495408493627359e-01
1.650513729274958000e+15,1.963495408493627359e-01
1.650513729276842250e+15,1.963495408493627359e-01
1.650513729278726250e+15,1.963495408493627359e-01
1.650513729280610250e+15,1.963495408493627081e-01
1.650513729282494250e+15,1.963495408493627359e-01
1.650513729284378500e+15,1.953039020319863595e-01
1.650513729286262500e+15,1.939714816519139684e-01
1.650513729288146500e+15,1.926390612718415496e-01
1.650513729290030500e+15,1.913066408917691308e-01
1.650513729291914750e+15,1.905460251770426938e-01
1.650513729293798750e+15,1.923947504637062156e-01
1.650513729295682750e+15,1.942434757503697096e-01
1.650513729297566750e+15,1.960922010370332313e-01
1.650513729299451000e+15,1.979411716428696177e-01
1.650513729301335000e+15,1.997898969295331395e-01
1.650513729303219000e+15,2.016386222161966613e-01
1.650513729305103250e+15,2.021735520288536481e-01
1.650513729306987250e+15,2.015981374336567322e-01
1.650513729308871250e+15,2.010227228384598441e-01
1.650513729310755250e+15,2.004473082432629560e-01
1.650513729312639500e+15,1.998718172926261527e-01
1.650513729314523500e+15,1.992964026974292091e-01
1.650513729316407500e+15,1.987209881022323210e-01
1.650513729318291500e+15,1.981455735070354329e-01
1.650513729320175750e+15,1.975700825563986296e-01
1.650513729322059750e+15,1.969946679612017137e-01
1.650513729323943750e+15,1.964192533660048257e-01
1.650513729325827750e+15,1.963495408493627081e-01
1.650513729327712000e+15,1.963495408493627359e-01
1.650513729329596000e+15,1.963495408493627081e-01
1.650513729331480000e+15,1.963495408493627081e-01
1.650513729333364250e+15,1.963495408493627359e-01
1.650513729335248250e+15,1.963495408493627081e-01
1.650513729337132250e+15,1.956822109953964550e-01
1.650513729339016250e+15,1.945976740578312658e-01
1.650513729340900500e+15,1.935129932061289137e-01
1.650513729342784500e+15,1.924284562685637523e-01
1.650513729344668500e+15,1.913439193309985353e-01
1.650513729346552500e+15,1.902593823934333461e-01
1.650513729348436750e+15,1.907680287976366573e-01
1.650513729350320750e+15,1.913467851417594012e-01
1.650513729352204750e+15,1.919255414858821174e-01
1.650513729354088750e+15,1.925042978300048613e-01
1.650513729355973000e+15,1.930831309730055290e-01
1.650513729357857000e+15,1.936618873171282451e-01
1.650513729359741000e+15,1.942406436612509890e-01
1.650513729361625250e+15,1.948194768042516567e-01
1.650513729363509250e+15,1.953982331483743728e-01
1.650513729365393250e+15,1.959769894924971168e-01
1.650513729367277250e+15,1.960137285040326749e-01
1.650513729369161500e+15,1.950710776113873390e-01
1.650513729371045500e+15,1.941285517885168177e-01
1.650513729372929500e+15,1.931860259656463241e-01
1.650513729374813500e+15,1.922435001427758028e-01
1.650513729376697750e+15,1.913008492501304669e-01
1.650513729378581750e+15,1.903583234272599178e-01
1.650513729380465750e+15,1.894157976043893965e-01
1.650513729382349750e+15,1.884732717815188752e-01
1.650513729384234000e+15,1.875306208888735671e-01
1.650513729386118000e+15,1.865880950660030457e-01
1.650513729388002000e+15,1.856455692431324966e-01
1.650513729389886250e+15,1.847029183504871885e-01
1.650513729391770250e+15,1.844518613820488873e-01
1.650513729393654250e+15,1.855633005915004186e-01
1.650513729395538250e+15,1.866747398009520054e-01
1.650513729397422500e+15,1.877863264943750998e-01
1.650513729399306500e+15,1.888977657038266866e-01
1.650513729401190500e+15,1.900092049132782457e-01
1.650513729403074500e+15,1.902136176978190540e-01
1.650513729404958750e+15,1.902136176978190818e-01
1.650513729406842750e+15,1.902136176978190540e-01
1.650513729408726750e+15,1.902136176978190818e-01
1.650513729410610750e+15,1.902136176978190818e-01
1.650513729412495000e+15,1.902136176978190818e-01
1.650513729414379000e+15,1.902136176978190818e-01
1.650513729416263000e+15,1.902136176978191096e-01
1.650513729418147250e+15,1.902136176978190818e-01
1.650513729420031250e+15,1.902136176978190818e-01
1.650513729421915250e+15,1.902136176978190818e-01
1.650513729423799250e+15,1.902136176978190818e-01
1.650513729425683500e+15,1.902136176978190818e-01
1.650513729427567500e+15,1.896275115221060514e-01
1.650513729429451500e+15,1.890288538723129963e-01
1.650513729431335500e+15,1.884301962225199689e-01
1.650513729433219750e+15,1.878314591330175198e-01
1.650513729435103750e+15,1.872328014832244369e-01
1.650513729436987750e+15,1.866341438334313541e-01
1.650513729438871750e+15,1.860354861836383267e-01
1.650513729440756000e+15,1.854367490941358776e-01
1.650513729442640000e+15,1.848380914443428225e-01
1.650513729444524000e+15,1.842394337945497673e-01
1.650513729446408250e+15,1.844480447027032621e-01
1.650513729448292250e+15,1.849553995070703782e-01
1.650513729450176250e+15,1.854627543114374388e-01
1.650513729452060250e+15,1.859701091158045272e-01
1.650513729453944500e+15,1.864775312443229249e-01
1.650513729455828500e+15,1.869848860486900133e-01
1.650513729457712500e+15,1.874922408530571016e-01
1.650513729459596500e+15,1.879995956574241900e-01
1.650513729461480750e+15,1.885070177859426155e-01
1.650513729463364750e+15,1.890143725903096761e-01
1.650513729465248750e+15,1.895217273946767922e-01
1.650513729467132750e+15,1.900290821990438528e-01
1.650513729469017000e+15,1.902136176978190818e-01
1.650513729470901000e+15,1.902136176978190818e-01
1.650513729472785000e+15,1.902136176978190818e-01
1.650513729474669250e+15,1.902136176978190818e-01
1.650513729476553250e+15,1.902136176978190818e-01
1.650513729478437250e+15,1.902136176978190818e-01
1.650513729480321250e+15,1.895203890265289570e-01
1.650513729482205500e+15,1.886943234936413472e-01
1.650513729484089500e+15,1.878683675621247717e-01
1.650513729485973500e+15,1.870424116306081408e-01
1.650513729487857500e+15,1.862164556990915099e-01
1.650513729489741750e+15,1.853903901662039555e-01
1.650513729491625750e+15,1.845644342346873246e-01
1.650513729493509750e+15,1.843320022509474798e-01
1.650513729495393750e+15,1.849512148074586304e-01
1.650513729497278000e+15,1.855705095312410458e-01
1.650513729499162000e+15,1.861897220877522241e-01
1.650513729501046000e+15,1.868089346442633469e-01
1.650513729502930250e+15,1.874282293680458178e-01
1.650513729504814250e+15,1.880474419245569684e-01
1.650513729506698250e+15,1.886666544810680912e-01
1.650513729508582250e+15,1.892858670375792418e-01
1.650513729510466500e+15,1.899051617613616849e-01
1.650513729512350500e+15,1.902136176978190540e-01
1.650513729514234500e+15,1.902136176978190540e-01
1.650513729516118500e+15,1.902136176978190540e-01
1.650513729518002750e+15,1.902136176978190818e-01
1.650513729519886750e+15,1.902136176978190818e-01
1.650513729521770750e+15,1.902136176978190818e-01
1.650513729523654750e+15,1.901664063105212021e-01
1.650513729525539000e+15,1.896329247122242323e-01
1.650513729527423000e+15,1.890995138956173549e-01
1.650513729529307000e+15,1.885661030790105053e-01
1.650513729531191250e+15,1.880326214807135354e-01
1.650513729533075250e+15,1.874992106641066580e-01
1.650513729534959250e+15,1.869657998474997807e-01
1.650513729536843250e+15,1.864323890308929310e-01
1.650513729538727500e+15,1.858989074325959612e-01
1.650513729540611500e+15,1.853654966159890838e-01
1.650513729542495500e+15,1.848320857993822064e-01
1.650513729544379500e+15,1.842986749827753290e-01
1.650513729546263750e+15,1.840776945462775649e-01
1.650513729548147750e+15,1.840776945462774261e-01
1.650513729550031750e+15,1.840776945462773151e-01
1.650513729551915750e+15,1.840776945462771486e-01
1.650513729553800000e+15,1.840776945462770375e-01
1.650513729555684000e+15,1.840776945462768988e-01
1.650513729557568000e+15,1.840776945462767322e-01
1.650513729559452250e+15,1.840776945462768710e-01
1.650513729561336250e+15,1.840776945462770375e-01
1.650513729563220250e+15,1.840776945462771486e-01
1.650513729565104250e+15,1.840776945462773151e-01
1.650513729566988500e+15,1.840776945462774261e-01
1.650513729568872500e+15,1.840776945462775649e-01
1.650513729570756500e+15,1.840776945462775926e-01
1.650513729572640500e+15,1.840776945462775371e-01
1.650513729574524750e+15,1.840776945462774539e-01
1.650513729576408750e+15,1.840776945462773706e-01
1.650513729578292750e+15,1.840776945462772873e-01
1.650513729580176750e+15,1.840776945462772041e-01
1.650513729582061000e+15,1.848466279998229878e-01
1.650513729583945000e+15,1.858228211443513911e-01
1.650513729585829000e+15,1.867990142888798499e-01
1.650513729587713250e+15,1.877753369707151343e-01
1.650513729589597250e+15,1.887515301152435654e-01
1.650513729591481250e+15,1.897277232597720242e-01
1.650513729593365250e+15,1.896782943267936172e-01
1.650513729595249500e+15,1.886123148690863061e-01
1.650513729597133500e+15,1.875464768442379193e-01
1.650513729599017500e+15,1.864806388193895048e-01
1.650513729600901500e+15,1.854148007945410903e-01
1.650513729602785750e+15,1.843488213368338069e-01
1.650513729604669750e+15,1.835827227967004871e-01
1.650513729606553750e+15,1.829188845506050654e-01
1.650513729608437750e+15,1.822550463045096159e-01
1.650513729610322000e+15,1.815911199694749678e-01
1.650513729612206000e+15,1.809272817233795183e-01
1.650513729614090000e+15,1.802634434772841243e-01
1.650513729615974250e+15,1.795995171422494763e-01
1.650513729617858250e+15,1.789356788961540268e-01
1.650513729619742250e+15,1.782718406500586050e-01
1.650513729621626250e+15,1.773564193422348390e-01
1.650513729623510500e+15,1.761920492129942784e-01
1.650513729625394500e+15,1.750278335709673505e-01
1.650513729627278500e+15,1.738636179289403672e-01
1.650513729629162500e+15,1.726994022869134393e-01
1.650513729631046750e+15,1.715350321576728232e-01
1.650513729632930750e+15,1.703708165156458954e-01
1.650513729634814750e+15,1.692066008736189398e-01
1.650513729636698750e+15,1.680423852315919842e-01
1.650513729638583000e+15,1.668780151023513958e-01
1.650513729640467000e+15,1.657137994603244679e-01
1.650513729642351000e+15,1.656699250916493504e-01
1.650513729644235250e+15,1.656699250916493504e-01
1.650513729646119250e+15,1.656699250916493504e-01
1.650513729648003250e+15,1.656699250916493227e-01
1.650513729649887250e+15,1.658526190188488181e-01
1.650513729651771500e+15,1.663836503066630779e-01
1.650513729653655500e+15,1.669146111378914388e-01
1.650513729655539500e+15,1.674455719691197997e-01
1.650513729657423500e+15,1.679765328003481883e-01
1.650513729659307750e+15,1.685075640881624204e-01
1.650513729661191750e+15,1.690385249193908090e-01
1.650513729663075750e+15,1.695694857506191977e-01
1.650513729664959750e+15,1.701004465818475586e-01
1.650513729666844000e+15,1.706314778696617906e-01
1.650513729668728000e+15,1.711624387008901516e-01
1.650513729670612000e+15,1.716933995321185402e-01
1.650513729672496250e+15,1.709648978084924165e-01
1.650513729674380250e+15,1.698981746178027941e-01
1.650513729676264250e+15,1.688314514271131994e-01
1.650513729678148250e+15,1.677647282364236048e-01
1.650513729680032500e+15,1.666978634954167648e-01
1.650513729681916500e+15,1.657007600073478748e-01
1.650513729683800500e+15,1.665488327252337974e-01
1.650513729685684500e+15,1.673969054431197478e-01
1.650513729687568750e+15,1.682450906971943438e-01
1.650513729689452750e+15,1.690931634150802942e-01
1.650513729691336750e+15,1.699412361329662446e-01
1.650513729693220750e+15,1.707893088508521950e-01
1.650513729695105000e+15,1.716374941049267910e-01
1.650513729696989000e+15,1.718058482431907841e-01
1.650513729698873000e+15,1.718058482431907841e-01
1.650513729700757250e+15,1.718058482431907841e-01
1.650513729702641250e+15,1.718058482431907841e-01
1.650513729704525250e+15,1.718058482431907841e-01
1.650513729706409250e+15,1.718058482431907563e-01
1.650513729708293500e+15,1.718058482431907841e-01
1.650513729710177500e+15,1.718058482431907841e-01
1.650513729712061500e+15,1.718058482431907841e-01
1.650513729713945500e+15,1.718058482431907841e-01
1.650513729715829750e+15,1.718058482431907841e-01
1.650513729717713750e+15,1.718058482431907841e-01
1.650513729719597750e+15,1.718058482431907841e-01
1.650513729721481750e+15,1.718058482431907841e-01
1.650513729723366000e+15,1.718058482431907841e-01
1.650513729725250000e+15,1.717510906817260874e-01
1.650513729727134000e+15,1.705919530884738300e-01
1.650513729729018250e+15,1.694326616818466746e-01
1.650513729730902250e+15,1.682735240885943617e-01
1.650513729732786250e+15,1.671143864953421321e-01
1.650513729734670250e+15,1.659552489020898469e-01
1.650513729736554500e+15,1.656699250916489619e-01
1.650513729738438500e+15,1.656699250916490174e-01
1.650513729740322500e+15,1.656699250916490729e-01
1.650513729742206500e+15,1.656699250916491284e-01
1.650513729744090750e+15,1.656699250916492117e-01
1.650513729745974750e+15,1.656699250916492949e-01
1.650513729747858750e+15,1.656699250916493504e-01
1.650513729749742750e+15,1.656699250916493504e-01
1.650513729751627000e+15,1.656699250916493504e-01
1.650513729753511000e+15,1.656699250916493504e-01
1.650513729755395000e+15,1.656699250916493504e-01
1.650513729757279250e+15,1.656699250916493504e-01
1.650513729759163250e+15,1.656699250916493504e-01
1.650513729761047250e+15,1.656699250916493504e-01
1.650513729762931250e+15,1.653581928572795123e-01
1.650513729764815500e+15,1.647858357682549790e-01
1.650513729766699500e+15,1.642135546188734363e-01
1.650513729768583500e+15,1.636412734694918658e-01
1.650513729770467500e+15,1.630689923201102953e-01
1.650513729772351750e+15,1.624966352310858175e-01
1.650513729774235750e+15,1.619243540817042470e-01
1.650513729776119750e+15,1.613520729323227043e-01
1.650513729778003750e+15,1.607797917829411338e-01
1.650513729779888000e+15,1.602074346939166005e-01
1.650513729781772000e+15,1.596351535445350578e-01
1.650513729783656000e+15,1.612618190802736773e-01
1.650513729785540250e+15,1.633608773951419624e-01
1.650513729787424250e+15,1.654596572095040630e-01
1.650513729789308250e+15,1.675584370238661913e-01
1.650513729791192250e+15,1.696572168382283197e-01
1.650513729793076500e+15,1.717562751530966048e-01
1.650513729794960500e+15,1.709010762482207346e-01
1.650513729796844500e+15,1.699744165915068606e-01
1.650513729798728500e+15,1.690477569347929587e-01
1.650513729800612750e+15,1.681209743136872770e-01
1.650513729802496750e+15,1.671943146569734029e-01
1.650513729804380750e+15,1.662676550002595011e-01
1.650513729806264750e+15,1.658568169939809711e-01
1.650513729808149000e+15,1.663833980287000580e-01
1.650513729810033000e+15,1.669099091972874038e-01
1.650513729811917000e+15,1.674364203658747774e-01
1.650513729813801250e+15,1.679630014005938365e-01
1.650513729815685250e+15,1.684895125691812101e-01
1.650513729817569250e+15,1.690160237377685837e-01
1.650513729819453250e+15,1.695425349063559017e-01
1.650513729821337500e+15,1.700691159410749886e-01
1.650513729823221500e+15,1.705956271096623622e-01
1.650513729825105500e+15,1.711221382782497358e-01
1.650513729826989500e+15,1.716486494468370816e-01
1.650513729828873750e+15,1.712597097633557219e-01
1.650513729830757750e+15,1.704812532503924560e-01
1.650513729832641750e+15,1.697027967374291346e-01
1.650513729834525750e+15,1.689243402244658410e-01
1.650513729836410000e+15,1.681457804131329947e-01
1.650513729838294000e+15,1.673673239001697011e-01
1.650513729840178000e+15,1.665888673872064074e-01
1.650513729842062250e+15,1.658103075758735889e-01
1.650513729843946250e+15,1.646063490082759206e-01
1.650513729845830250e+15,1.633087758555644420e-01
1.650513729847714250e+15,1.620112027028529633e-01
1.650513729849598500e+15,1.607134573668675404e-01
1.650513729851482500e+15,1.595340019401061682e-01
1.650513729853366500e+15,1.595340019401061959e-01
1.650513729855250500e+15,1.595340019401063070e-01
1.650513729857134750e+15,1.595340019401063625e-01
1.650513729859018750e+15,1.595340019401064457e-01
1.650513729860902750e+15,1.595340019401065290e-01
1.650513729862786750e+15,1.595340019401066123e-01
1.650513729864671000e+15,1.595340019401065568e-01
1.650513729866555000e+15,1.595340019401065013e-01
1.650513729868439000e+15,1.595340019401064457e-01
1.650513729870323250e+15,1.595340019401064180e-01
1.650513729872207250e+15,1.595340019401063902e-01
1.650513729874091250e+15,1.595340019401063070e-01
1.650513729875975250e+15,1.595340019401062792e-01
1.650513729877859500e+15,1.595340019401062515e-01
1.650513729879743500e+15,1.595340019401062237e-01
1.650513729881627500e+15,1.595340019401061682e-01
1.650513729883511500e+15,1.595340019401061404e-01
1.650513729885395750e+15,1.595340019401061404e-01
1.650513729887279750e+15,1.595340019401061682e-01
1.650513729889163750e+15,1.595340019401061404e-01
1.650513729891047750e+15,1.595340019401061404e-01
1.650513729892932000e+15,1.595340019401061404e-01
1.650513729894816000e+15,1.595340019401061404e-01
1.650513729896700000e+15,1.595340019401061404e-01
1.650513729898584250e+15,1.595340019401061404e-01
1.650513729900468250e+15,1.595340019401061682e-01
1.650513729902352250e+15,1.595340019401061404e-01
1.650513729904236250e+15,1.595340019401061127e-01
1.650513729906120500e+15,1.595340019401061127e-01
1.650513729908004500e+15,1.595340019401061404e-01
1.650513729909888500e+15,1.595340019401061404e-01
1.650513729911772500e+15,1.595340019401061404e-01
1.650513729913656750e+15,1.595340019401061404e-01
1.650513729915540750e+15,1.595340019401061404e-01
1.650513729917424750e+15,1.593651612516959748e-01
1.650513729919308750e+15,1.585230808891154586e-01
1.650513729921193000e+15,1.576808887855102315e-01
1.650513729923077000e+15,1.568388084229297430e-01
1.650513729924961000e+15,1.559967280603492545e-01
1.650513729926845250e+15,1.551545359567440274e-01
1.650513729928729250e+15,1.543124555941635112e-01
1.650513729930613250e+15,1.534703752315830505e-01
1.650513729932497250e+15,1.533980787885641517e-01
1.650513729934381500e+15,1.533980787885640684e-01
1.650513729936265500e+15,1.533980787885639852e-01
1.650513729938149500e+15,1.533980787885638741e-01
1.650513729940033500e+15,1.533980787885637631e-01
1.650513729941917750e+15,1.533980787885636521e-01
1.650513729943801750e+15,1.533980787885635688e-01
1.650513729945685750e+15,1.533980787885634856e-01
1.650513729947569750e+15,1.533895229621752565e-01
1.650513729949454000e+15,1.520174960794662966e-01
1.650513729951338000e+15,1.506456512356166566e-01
1.650513729953222000e+15,1.492738063917670166e-01
1.650513729955106250e+15,1.479017795090580567e-01
1.650513729956990250e+15,1.465299346652084167e-01
1.650513729958874250e+15,1.451580898213587767e-01
1.650513729960758250e+15,1.437862449775091367e-01
1.650513729962642500e+15,1.424142180948001768e-01
1.650513729964526500e+15,1.410423732509505368e-01
1.650513729966410500e+15,1.396705284071008690e-01
1.650513729968294500e+15,1.382986835632512568e-01
1.650513729970178750e+15,1.369266566805422969e-01
1.650513729972062750e+15,1.355548118366926569e-01
1.650513729973946750e+15,1.355414885281568393e-01
1.650513729975830750e+15,1.364780581803894666e-01
1.650513729977715000e+15,1.374147521120345494e-01
1.650513729979599000e+15,1.383513217642671767e-01
1.650513729981483000e+15,1.392878914164998316e-01
1.650513729983367250e+15,1.402245853481449145e-01
1.650513729985251250e+15,1.412007245966678814e-01
1.650513729987135250e+15,1.431984916782381712e-01
1.650513729989019250e+15,1.451962587598084886e-01
1.650513729990903500e+15,1.471942909378598785e-01
1.650513729992787500e+15,1.491920580194301960e-01
1.650513729994671500e+15,1.511898251010004857e-01
1.650513729996555500e+15,1.531875921825708031e-01
1.650513729998439750e+15,1.528416703726033499e-01
1.650513730000323750e+15,1.522198264125438349e-01
1.650513730002207750e+15,1.515979824524842923e-01
1.650513730004091750e+15,1.509761384924247773e-01
1.650513730005976000e+15,1.503542120159161999e-01
1.650513730007860000e+15,1.497323680558566850e-01
1.650513730009744000e+15,1.491105240957971700e-01
1.650513730011628250e+15,1.484885976192885926e-01
1.650513730013512250e+15,1.478667536592290499e-01
1.650513730015396250e+15,1.472976204583343329e-01
1.650513730017280250e+15,1.485763902832795691e-01
1.650513730019164500e+15,1.498553297963650388e-01
1.650513730021048500e+15,1.511340996213103027e-01
1.650513730022932500e+15,1.524128694462555111e-01
1.650513730024816500e+15,1.531973688533764255e-01
1.650513730026700750e+15,1.523229464363220764e-01
1.650513730028584750e+15,1.514486400365712693e-01
1.650513730030468750e+15,1.505743336368204899e-01
1.650513730032352750e+15,1.497000272370697105e-01
1.650513730034237000e+15,1.488256048200153336e-01
1.650513730036121000e+15,1.479512984202645542e-01
1.650513730038005000e+15,1.472621556370214690e-01
1.650513730039889250e+15,1.472621556370213303e-01
1.650513730041773250e+15,1.472621556370212192e-01
1.650513730043657250e+15,1.472621556370211082e-01
1.650513730045541250e+15,1.472621556370209694e-01
1.650513730047425500e+15,1.472621556370208307e-01
1.650513730049309500e+15,1.472621556370207474e-01
1.650513730051193500e+15,1.472522653675951421e-01
1.650513730053077500e+15,1.465746920004125098e-01
1.650513730054961750e+15,1.458970287216896367e-01
1.650513730056845750e+15,1.452194553545069766e-01
1.650513730058729750e+15,1.445418819873243443e-01
1.650513730060613750e+15,1.438643086201416565e-01
1.650513730062498000e+15,1.431866453414187834e-01
1.650513730064382000e+15,1.425090719742361511e-01
1.650513730066266000e+15,1.418314986070534911e-01
1.650513730068150250e+15,1.411538353283306180e-01
1.650513730070034250e+15,1.418174896302011045e-01
1.650513730071918250e+15,1.425381029712747549e-01
1.650513730073802250e+15,1.432587163123483776e-01
1.650513730075686500e+15,1.439794252762114368e-01
1.650513730077570500e+15,1.447000386172850872e-01
1.650513730079454500e+15,1.454206519583587098e-01
1.650513730081338500e+15,1.461412652994323325e-01
1.650513730083222750e+15,1.468619742632953917e-01
1.650513730085106750e+15,1.472621556370206086e-01
1.650513730086990750e+15,1.472621556370206086e-01
1.650513730088874750e+15,1.472621556370206086e-01
1.650513730090759000e+15,1.472621556370206086e-01
1.650513730092643000e+15,1.472621556370206086e-01
1.650513730094527000e+15,1.472621556370205809e-01
1.650513730096411250e+15,1.472621556370205809e-01
1.650513730098295250e+15,1.472621556370206919e-01
1.650513730100179250e+15,1.472621556370208307e-01
1.650513730102063250e+15,1.472621556370209972e-01
1.650513730103947500e+15,1.472621556370211360e-01
1.650513730105831500e+15,1.472621556370213025e-01
1.650513730107715500e+15,1.472621556370214413e-01
1.650513730109599500e+15,1.469375319008773273e-01
1.650513730111483750e+15,1.463930972993378321e-01
1.650513730113367750e+15,1.458487349327196037e-01
1.650513730115251750e+15,1.453043725661013752e-01
1.650513730117135750e+15,1.447600101994831467e-01
1.650513730119020000e+15,1.442155755979436238e-01
1.650513730120904000e+15,1.436712132313253953e-01
1.650513730122788000e+15,1.431268508647071669e-01
1.650513730124672250e+15,1.425824162631676717e-01
1.650513730126556250e+15,1.420380538965494155e-01
1.650513730128440250e+15,1.414936915299311870e-01
1.650513730130324250e+15,1.411262324854796191e-01
1.650513730132208500e+15,1.411262324854796191e-01
1.650513730134092500e+15,1.411262324854796191e-01
1.650513730135976500e+15,1.411262324854796191e-01
1.650513730137860500e+15,1.418214940281479208e-01
1.650513730139744750e+15,1.439499206110443075e-01
1.650513730141628750e+15,1.460780647968884238e-01
1.650513730143512750e+15,1.482062089827325679e-01
1.650513730145396750e+15,1.503343531685766843e-01
1.650513730147281000e+15,1.524627797514730709e-01
1.650513730149165000e+15,1.514773629598906712e-01
1.650513730151049000e+15,1.480506313110079297e-01
1.650513730152933250e+15,1.446234449472036110e-01
1.650513730154817250e+15,1.411967132983208972e-01
1.650513730156701250e+15,1.377699816494381280e-01
1.650513730158585250e+15,1.343432500005553587e-01
1.650513730160469500e+15,1.309160636367510677e-01
1.650513730162353500e+15,1.276120272817018175e-01
1.650513730164237500e+15,1.244933008741011954e-01
1.650513730166121500e+15,1.213745744665005732e-01
1.650513730168005750e+15,1.182554342151622001e-01
1.650513730169889750e+15,1.151367078075615918e-01
1.650513730171773750e+15,1.120179813999609836e-01
1.650513730173657750e+15,1.108749948117086215e-01
1.650513730175542000e+15,1.117385106230682768e-01
1.650513730177426000e+15,1.126019118641995442e-01
1.650513730179310000e+15,1.134653131053308117e-01
1.650513730181194250e+15,1.143288289166904670e-01
1.650513730183078250e+15,1.151922301578217483e-01
1.650513730184962250e+15,1.160556313989530297e-01
1.650513730186846250e+15,1.161478749903538388e-01
1.650513730188730500e+15,1.150324275037841737e-01
1.650513730190614500e+15,1.139171280134314013e-01
1.650513730192498500e+15,1.128018285230786150e-01
1.650513730194382500e+15,1.116865290327258425e-01
1.650513730196266750e+15,1.105710815461561913e-01
1.650513730198150750e+15,1.099557692692328115e-01
1.650513730200034750e+15,1.094032634518306013e-01
1.650513730201918750e+15,1.088507576344283911e-01
1.650513730203803000e+15,1.082981785014983794e-01
1.650513730205687000e+15,1.077456726840961554e-01
1.650513730207571000e+15,1.071931668666939452e-01
1.650513730209455250e+15,1.066405877337639474e-01
1.650513730211339250e+15,1.060880819163617372e-01
1.650513730213223250e+15,1.055355760989595132e-01
1.650513730215107250e+15,1.049830702815573030e-01
1.650513730216991500e+15,1.044304911486272913e-01
1.650513730218875500e+15,1.043106935762235232e-01
1.650513730220759500e+15,1.043106935762236065e-01
1.650513730222643500e+15,1.043106935762236898e-01
1.650513730224527750e+15,1.043106935762237730e-01
1.650513730226411750e+15,1.043106935762238424e-01
1.650513730228295750e+15,1.046622374800339761e-01
1.650513730230179750e+15,1.070640823205713105e-01
1.650513730232064000e+15,1.094662458772498875e-01
1.650513730233948000e+15,1.118680907177872219e-01
1.650513730235832000e+15,1.142699355583245563e-01
1.650513730237716250e+15,1.165108716439784003e-01
1.650513730239600250e+15,1.145888366921941903e-01
1.650513730241484250e+15,1.126668017404099803e-01
1.650513730243368250e+15,1.107447667886257703e-01
1.650513730245252500e+15,1.088224767897407325e-01
1.650513730247136500e+15,1.069004418379565224e-01
1.650513730249020500e+15,1.049784068861723124e-01
1.650513730250904500e+15,1.030563719343881024e-01
1.650513730252788750e+15,1.011340819355030646e-01
1.650513730254672750e+15,9.921204698371884068e-02
1.650513730256556750e+15,9.729001203193463065e-02
1.650513730258440750e+15,9.536797708015040675e-02
1.650513730260325000e+15,9.344568708126538281e-02
1.650513730262209000e+15,9.254347086918619791e-02
1.650513730264093000e+15,9.442606662156885489e-02
1.650513730265977250e+15,9.630891218761293560e-02
1.650513730267861250e+15,9.819150793999559257e-02
1.650513730269745250e+15,1.000741036923782357e-01
1.650513730271629250e+15,1.019566994447609343e-01
1.650513730273513500e+15,1.038395450108049872e-01
1.650513730275397500e+15,1.022699609528296694e-01
1.650513730277281500e+15,9.954802094399853307e-02
1.650513730279165500e+15,9.682608093516742453e-02
1.650513730281049750e+15,9.410377973472155988e-02
1.650513730282933750e+15,9.203884727313883796e-02
1.650513730284817750e+15,9.203884727313882408e-02
1.650513730286701750e+15,9.203884727313882408e-02
1.650513730288586000e+15,9.203884727313882408e-02
1.650513730290470000e+15,9.203884727313882408e-02
1.650513730292354000e+15,9.203884727313882408e-02
1.650513730294238250e+15,9.203884727313882408e-02
1.650513730296122250e+15,9.203884727313882408e-02
1.650513730298006250e+15,9.203884727313882408e-02
1.650513730299890250e+15,9.203884727313882408e-02
1.650513730301774500e+15,9.203884727313882408e-02
1.650513730303658500e+15,9.203884727313882408e-02
1.650513730305542500e+15,9.203884727313881020e-02
1.650513730307426500e+15,9.203884727313882408e-02
1.650513730309310750e+15,9.287395460065188402e-02
1.650513730311194750e+15,9.382018356173116302e-02
1.650513730313078750e+15,9.476641252281046979e-02
1.650513730314962750e+15,9.571264148388976267e-02
1.650513730316847000e+15,9.665899600613692133e-02
1.650513730318731000e+15,9.760522496721621422e-02
1.650513730320615000e+15,9.769414981228877193e-02
1.650513730322499250e+15,9.648667062708835007e-02
1.650513730324383250e+15,9.527935164875872553e-02
1.650513730326267250e+15,9.407203267042910100e-02
1.650513730328151250e+15,9.286471369209949034e-02
1.650513730330035500e+15,9.165723450689905460e-02
1.650513730331919500e+15,9.044991552856943007e-02
1.650513730333803500e+15,8.924259655023981941e-02
1.650513730335687500e+15,8.803527757191019487e-02
1.650513730337571750e+15,8.682779838670977302e-02
1.650513730339455750e+15,8.590292412159608593e-02
1.650513730341339750e+15,8.590292412159614144e-02
1.650513730343223750e+15,8.590292412159621083e-02
1.650513730345108000e+15,8.590292412159626634e-02
1.650513730346992000e+15,8.590292412159633573e-02
1.650513730348876000e+15,8.590292412159640512e-02
1.650513730350760250e+15,8.590292412159647450e-02
1.650513730352644250e+15,8.590292412159650226e-02
1.650513730354528250e+15,8.590292412159650226e-02
1.650513730356412250e+15,8.590292412159650226e-02
1.650513730358296500e+15,8.590292412159650226e-02
1.650513730360180500e+15,8.590292412159650226e-02
1.650513730362064500e+15,8.590292412159648838e-02
1.650513730363948500e+15,8.590292412159648838e-02
1.650513730365832750e+15,8.590292412159646063e-02
1.650513730367716750e+15,8.590292412159634960e-02
1.650513730369600750e+15,8.590292412159625246e-02
1.650513730371484750e+15,8.590292412159612756e-02
1.650513730373369000e+15,8.590292412159605817e-02
1.650513730375253000e+15,8.590292412159605817e-02
1.650513730377137000e+15,8.590292412159605817e-02
1.650513730379021250e+15,8.590292412159605817e-02
1.650513730380905250e+15,8.590292412159605817e-02
1.650513730382789250e+15,8.590292412159605817e-02
1.650513730384673250e+15,8.590292412159608593e-02
1.650513730386557500e+15,8.590292412159614144e-02
1.650513730388441500e+15,8.590292412159619695e-02
1.650513730390325500e+15,8.590292412159625246e-02
1.650513730392209500e+15,8.590292412159630797e-02
1.650513730394093750e+15,8.590292412159636348e-02
1.650513730395977750e+15,8.590292412159640512e-02
1.650513730397861750e+15,8.590292412159647450e-02
1.650513730399745750e+15,8.630464673255774932e-02
1.650513730401630000e+15,8.811227856468609176e-02
1.650513730403514000e+15,8.991967056241981227e-02
1.650513730405398000e+15,9.172706256015353277e-02
1.650513730407282250e+15,9.059557707038647101e-02
1.650513730409166250e+15,8.885171235210230500e-02
1.650513730411050250e+15,8.710784763381813900e-02
1.650513730412934250e+15,8.536398291553395912e-02
1.650513730414818500e+15,8.361988679269589941e-02
1.650513730416702500e+15,8.187602207441173341e-02
1.650513730418586500e+15,8.013215735612756740e-02
1.650513730420470500e+15,7.976700097005373635e-02
1.650513730422354750e+15,7.976700097005372248e-02
1.650513730424238750e+15,7.976700097005373635e-02
1.650513730426122750e+15,7.976700097005373635e-02
1.650513730428006750e+15,7.976700097005373635e-02
1.650513730429891000e+15,7.976700097005373635e-02
1.650513730431775000e+15,7.976700097005373635e-02
1.650513730433659000e+15,7.976700097005373635e-02
1.650513730435543250e+15,7.976700097005373635e-02
1.650513730437427250e+15,7.976700097005373635e-02
1.650513730439311250e+15,7.976700097005373635e-02
1.650513730441195250e+15,7.976700097005373635e-02
1.650513730443079500e+15,8.089311980847219141e-02
1.650513730444963500e+15,8.202313732728994111e-02
1.650513730446847500e+15,8.315315484610771857e-02
1.650513730448731500e+15,8.428317236492546827e-02
1.650513730450615750e+15,8.541333983298937671e-02
1.650513730452499750e+15,8.564300061350035853e-02
1.650513730454383750e+15,8.518437650743404532e-02
1.650513730456267750e+15,8.472575240136774599e-02
1.650513730458152000e+15,8.426706743753789586e-02
1.650513730460036000e+15,8.380844333147158265e-02
1.650513730461920000e+15,8.334981922540526944e-02
1.650513730463804250e+15,8.289113426157540543e-02
1.650513730465688250e+15,8.243251015550911998e-02
1.650513730467572250e+15,8.197388604944279289e-02
1.650513730469456250e+15,8.151526194337649356e-02
1.650513730471340500e+15,8.105657697954664342e-02
1.650513730473224500e+15,8.059795287348031634e-02
1.650513730475108500e+15,8.013932876741401701e-02
1.650513730476992500e+15,7.922626892898015916e-02
1.650513730478876750e+15,7.635215229035902107e-02
1.650513730480760750e+15,7.347841698604046234e-02
1.650513730482644750e+15,7.060468168172190362e-02
1.650513730484528750e+15,6.773094637740333102e-02
1.650513730486413000e+15,6.485682973878217905e-02
1.650513730488297000e+15,6.198309443446362726e-02
1.650513730490181000e+15,5.532154862781752530e-02
1.650513730492065250e+15,4.760866457291795806e-02
1.650513730493949250e+15,3.989680385410103447e-02
1.650513730495833250e+15,3.946083733348645928e-02
1.650513730497717250e+15,4.386635532796298587e-02
1.650513730499601500e+15,4.827245791877635139e-02
1.650513730501485500e+15,5.267797591325287798e-02
1.650513730503369500e+15,5.708349390772941151e-02
1.650513730505253500e+15,6.148901190220593116e-02
1.650513730507137750e+15,6.589511449301931056e-02
1.650513730509021750e+15,6.687643103265507316e-02
1.650513730510905750e+15,6.590483251042396351e-02
1.650513730512789750e+15,6.493323398819286774e-02
1.650513730514674000e+15,6.396150653834468958e-02
1.650513730516558000e+15,6.298990801611357992e-02
1.650513730518442000e+15,6.201830949388246333e-02
1.650513730520326250e+15,6.083441444282151889e-02
1.650513730522210250e+15,5.920347775863606110e-02
1.650513730524094250e+15,5.757254107445059638e-02
1.650513730525978250e+15,5.594160439026513165e-02
1.650513730527862500e+15,5.431045128666828203e-02
1.650513730529746500e+15,5.267951460248282425e-02
1.650513730531630500e+15,5.104857791829735952e-02
1.650513730533514500e+15,4.941764123411189480e-02
1.650513730535398750e+15,4.908738521234080193e-02
1.650513730537282750e+15,4.908738521234079499e-02
1.650513730539166750e+15,4.908738521234079499e-02
1.650513730541050750e+15,4.908738521234079499e-02
1.650513730542935000e+15,4.908738521234080193e-02
1.650513730544819000e+15,4.908738521234079499e-02
1.650513730546703000e+15,4.908738521234079499e-02
1.650513730548587250e+15,4.908738521234079499e-02
1.650513730550471250e+15,4.908738521234080193e-02
1.650513730552355250e+15,4.908738521234079499e-02
1.650513730554239250e+15,4.908738521234079499e-02
1.650513730556123500e+15,4.878880763348073663e-02
1.650513730558007500e+15,4.646913687648132618e-02
1.650513730559891500e+15,4.414946611948190880e-02
1.650513730561775500e+15,4.182979536248249836e-02
1.650513730563659750e+15,3.950981679354611392e-02
1.650513730565543750e+15,3.719014603654670348e-02
1.650513730567427750e+15,3.681553890925526318e-02
1.650513730569311750e+15,3.681553890925526318e-02
1.650513730571196000e+15,3.681553890925526318e-02
1.650513730573080000e+15,3.681553890925526318e-02
1.650513730574964000e+15,3.681553890925526318e-02
1.650513730576848250e+15,3.681553890925525624e-02
1.650513730578732250e+15,3.681553890925525624e-02
1.650513730580616250e+15,3.681553890925526318e-02
1.650513730582500250e+15,3.681553890925526318e-02
1.650513730584384500e+15,3.681553890925526318e-02
1.650513730586268500e+15,3.681553890925526318e-02
1.650513730588152500e+15,3.681553890925526318e-02
1.650513730590036500e+15,3.681553890925526318e-02
1.650513730591920750e+15,3.681553890925526318e-02
1.650513730593804750e+15,3.681553890925526318e-02
1.650513730595688750e+15,3.652451033178830131e-02
1.650513730597572750e+15,3.603309393927406346e-02
1.650513730599457000e+15,3.554161233757822946e-02
1.650513730601341000e+15,3.505019594506399161e-02
1.650513730603225000e+15,3.455877955254975376e-02
1.650513730605109250e+15,3.406729795085391976e-02
1.650513730606993250e+15,3.357588155833968191e-02
1.650513730608877250e+15,3.308446516582544406e-02
1.650513730610761250e+15,3.259304877331120620e-02
1.650513730612645500e+15,3.210156717161537915e-02
1.650513730614529500e+15,3.161015077910114823e-02
1.650513730616413500e+15,3.111873438658690691e-02
1.650513730618297500e+15,3.073573273950803639e-02
1.650513730620181750e+15,3.126310642003956447e-02
1.650513730622065750e+15,3.179041012927210502e-02
1.650513730623949750e+15,3.231771383850463863e-02
1.650513730625833750e+15,3.284501754773717919e-02
1.650513730627718000e+15,3.337239122826871074e-02
1.650513730629602000e+15,3.389969493750125129e-02
1.650513730631486000e+15,3.442699864673378490e-02
1.650513730633370250e+15,3.495437232726531646e-02
1.650513730635254250e+15,3.548167603649785007e-02
1.650513730637138250e+15,3.600897974573039062e-02
1.650513730639022250e+15,3.653628345496292423e-02
1.650513730640906500e+15,3.637679912268954041e-02
1.650513730642790500e+15,3.544438428017421955e-02
1.650513730644674500e+15,3.451196943765890562e-02
1.650513730646558500e+15,3.357955459514358476e-02
1.650513730648442750e+15,3.264701602454407603e-02
1.650513730650326750e+15,3.171460118202875517e-02
1.650513730652210750e+15,3.078218633951343777e-02
1.650513730654094750e+15,3.187957017156306527e-02
1.650513730655979000e+15,3.322802050959570985e-02
1.650513730657863000e+15,3.457629193687633551e-02
1.650513730659747000e+15,3.592456336415696116e-02
1.650513730661631250e+15,3.681553890925481909e-02
1.650513730663515250e+15,3.681553890925481909e-02
1.650513730665399250e+15,3.681553890925481909e-02
1.650513730667283250e+15,3.681553890925481909e-02
1.650513730669167500e+15,3.681553890925481909e-02
1.650513730671051500e+15,3.681553890925481909e-02
1.650513730672935500e+15,3.681553890925481909e-02
1.650513730674819500e+15,3.620029678281184299e-02
1.650513730676703750e+15,3.533678097145231262e-02
1.650513730678587750e+15,3.447337973032117003e-02
1.650513730680471750e+15,3.360997848919002051e-02
1.650513730682355750e+15,3.274657724805887793e-02
1.650513730684240000e+15,3.188306143669934756e-02
1.650513730686124000e+15,3.101966019556820151e-02
1.650513730688008000e+15,3.036811434677440941e-02
1.650513730689892250e+15,2.985415065714136507e-02
1.650513730691776250e+15,2.934025515958602059e-02
1.650513730693660250e+15,2.882635966203068306e-02
1.650513730695544250e+15,2.831246416447533859e-02
1.650513730697428500e+15,2.779850047484229772e-02
1.650513730699312500e+15,2.728460497728695672e-02
1.650513730701196500e+15,2.677070947973161572e-02
1.650513730703080500e+15,2.625681398217627124e-02
1.650513730704964750e+15,2.574285029254323037e-02
1.650513730706848750e+15,2.522895479498788937e-02
1.650513730708732750e+15,2.471505929743254490e-02
1.650513730710616750e+15,2.339503644970740773e-02
1.650513730712501000e+15,2.167148051674771397e-02
1.650513730714385000e+15,1.994815326309450076e-02
1.650513730716269000e+15,1.822482600944129449e-02
1.650513730718153250e+15,1.650127007648160074e-02
1.650513730720037250e+15,1.477794282282838927e-02
1.650513730721921250e+15,1.305461556917517953e-02
1.650513730723805250e+15,1.227184630308508599e-02
1.650513730725689500e+15,1.227184630308508773e-02
1.650513730727573500e+15,1.227184630308508773e-02
1.650513730729457500e+15,1.227184630308508773e-02
1.650513730731341500e+15,1.227184630308508773e-02
1.650513730733225750e+15,1.227184630308508773e-02
1.650513730735109750e+15,1.227184630308508773e-02
1.650513730736993750e+15,1.227184630308508599e-02
1.650513730738877750e+15,1.227184630308508599e-02
1.650513730740762000e+15,1.227184630308508773e-02
1.650513730742646000e+15,1.227184630308508773e-02
1.650513730744530000e+15,1.227184630308508773e-02
1.650513730746414250e+15,1.227184630308508773e-02
1.650513730748298250e+15,1.227184630308508773e-02
1.650513730750182250e+15,1.227184630308508773e-02
1.650513730752066250e+15,1.227184630308508773e-02
1.650513730753950500e+15,1.227184630308508773e-02
1.650513730755834500e+15,1.227184630308508946e-02
1.650513730757718500e+15,1.227184630308508773e-02
1.650513730759602500e+15,1.227184630308508773e-02
1.650513730761486750e+15,1.227184630308508773e-02
1.650513730763370750e+15,1.227184630308508773e-02
1.650513730765254750e+15,1.227184630308508773e-02
1.650513730767138750e+15,1.227184630308508599e-02
1.650513730769023000e+15,1.227184630308508599e-02
1.650513730770907000e+15,1.227184630308508773e-02
1.650513730772791000e+15,1.227184630308508773e-02
1.650513730774675250e+15,1.227184630308508773e-02
1.650513730776559250e+15,1.227184630308508773e-02
1.650513730778443250e+15,1.227184630308508773e-02
1.650513730780327250e+15,1.227184630308508599e-02
1.650513730782211500e+15,1.227184630308508599e-02
1.650513730784095500e+15,1.227184630308508773e-02
1.650513730785979500e+15,1.227184630308508773e-02
1.650513730787863500e+15,1.162540737417812158e-02
1.650513730789747750e+15,1.070577539849450199e-02
1.650513730791631750e+15,9.786265438463752006e-03
1.650513730793515750e+15,8.866755478433005488e-03
1.650513730795399750e+15,7.947245518402255501e-03
1.650513730797284000e+15,7.027613542718636787e-03
1.650513730799168000e+15,6.151487550974385661e-03
1.650513730801052000e+15,6.665931911149978323e-03
1.650513730802936250e+15,7.180444536235359304e-03
1.650513730804820250e+15,7.694888896410951966e-03
1.650513730806704250e+15,8.209333256586544628e-03
1.650513730808588250e+15,8.723777616762136422e-03
1.650513730810472500e+15,9.238290241847519138e-03
1.650513730812356500e+15,9.752734602023110932e-03
1.650513730814240500e+15,1.026717896219870273e-02
1.650513730816124500e+15,1.078162332237429626e-02
1.650513730818008750e+15,1.129613594745967897e-02
1.650513730819892750e+15,1.181058030763526903e-02
1.650513730821776750e+15,1.227184630308465231e-02
1.650513730823660750e+15,1.227184630308473211e-02
1.650513730825545000e+15,1.227184630308481364e-02
1.650513730827429000e+15,1.227184630308489344e-02
1.650513730829313000e+15,1.227184630308497497e-02
1.650513730831197250e+15,1.227184630308505650e-02
1.650513730833081250e+15,1.227184630308508773e-02
1.650513730834965250e+15,1.227184630308508773e-02
1.650513730836849250e+15,1.227184630308508773e-02
1.650513730838733500e+15,1.227184630308508773e-02
1.650513730840617500e+15,1.227184630308508773e-02
1.650513730842501500e+15,1.227184630308508773e-02
1.650513730844385500e+15,1.227184630308508773e-02
1.650513730846269750e+15,1.227184630308508773e-02
1.650513730848153750e+15,1.227184630308508946e-02
1.650513730850037750e+15,1.227184630308508773e-02
1.650513730851921750e+15,1.227184630308508773e-02
1.650513730853806000e+15,1.227184630308508773e-02
1.650513730855690000e+15,1.227184630308508773e-02
1.650513730857574000e+15,1.227184630308508773e-02
1.650513730859458250e+15,1.227184630308508773e-02
1.650513730861342250e+15,1.227184630308508773e-02
1.650513730863226250e+15,1.227184630308508773e-02
1.650513730865110250e+15,1.227184630308508599e-02
1.650513730866994500e+15,1.227184630308501313e-02
1.650513730868878500e+15,1.227184630308494201e-02
1.650513730870762500e+15,1.227184630308487089e-02
1.650513730872646500e+15,1.227184630308479976e-02
1.650513730874530750e+15,1.227184630308472690e-02
1.650513730876414750e+15,1.227184630308465405e-02
1.650513730878298750e+15,1.154698088703141889e-02
1.650513730880182750e+15,1.069703755804789561e-02
1.650513730882067000e+15,9.846981444652354309e-03
1.650513730883951000e+15,8.997038115668829286e-03
1.650513730885835000e+15,8.147094786685307732e-03
1.650513730887719250e+15,7.297038673289762967e-03
1.650513730889603250e+15,6.447095344306241413e-03
1.650513730891487250e+15,6.135923151542732948e-03
1.650513730893371250e+15,6.135923151542680906e-03
1.650513730895255500e+15,6.135923151542628864e-03
1.650513730897139500e+15,6.135923151542576823e-03
1.650513730899023500e+15,6.135923151542523914e-03
1.650513730900907500e+15,6.135923151542472739e-03
1.650513730902791750e+15,6.135923151542420698e-03
1.650513730904675750e+15,6.135923151542366921e-03
1.650513730906559750e+15,6.135923151542321818e-03
1.650513730908443750e+15,6.135923151542321818e-03
1.650513730910328000e+15,6.135923151542321818e-03
1.650513730912212000e+15,6.135923151542321818e-03
1.650513730914096000e+15,6.135923151542321818e-03
1.650513730915980250e+15,6.135923151542321818e-03
1.650513730917864250e+15,6.135923151542321818e-03
1.650513730919748250e+15,6.135923151542321818e-03
1.650513730921632250e+15,6.135923151542321818e-03
1.650513730923516500e+15,6.135923151542321818e-03
1.650513730925400500e+15,6.135923151542321818e-03
1.650513730927284500e+15,6.135923151542321818e-03
1.650513730929168500e+15,6.135923151542321818e-03
1.650513730931052750e+15,6.135923151542322686e-03
1.650513730932936750e+15,6.135923151542321818e-03
1.650513730934820750e+15,6.135923151542321818e-03
1.650513730936704750e+15,6.135923151542321818e-03
1.650513730938589000e+15,6.135923151542322686e-03
1.650513730940473000e+15,6.135923151542321818e-03
1.650513730942357000e+15,6.461929266365264851e-03
1.650513730944241250e+15,7.051446561811646960e-03
1.650513730946125250e+15,7.640885640819733253e-03
1.650513730948009250e+15,8.230324719827819546e-03
1.650513730949893250e+15,8.819763798835903237e-03
1.650513730951777500e+15,9.409281094282285346e-03
1.650513730953661500e+15,9.998720173290370772e-03
1.650513730955545500e+15,1.058815925229845620e-02
1.650513730957429500e+15,1.117759833130654336e-02
1.650513730959313750e+15,1.176711562675292373e-02
1.650513730961197750e+15,1.219291338184785509e-02
1.650513730963081750e+15,1.164366269445745415e-02
1.650513730964965750e+15,1.109441200706705495e-02
1.650513730966850000e+15,1.054508843609287295e-02
1.650513730968734000e+15,9.995837748702472020e-03
1.650513730970618000e+15,9.446587061312072819e-03
1.650513730972502250e+15,8.897263490337890823e-03
1.650513730974386250e+15,8.348012802947491623e-03
1.650513730976270250e+15,7.798762115557092423e-03
1.650513730978154250e+15,7.249511428166693222e-03
1.650513730980038500e+15,6.700187857192511226e-03
1.650513730981922500e+15,6.150937169802111158e-03
1.650513730983806500e+15,7.863389609555012510e-03
1.650513730985690500e+15,9.639404238147139883e-03
1.650513730987574750e+15,1.141565453747023749e-02
1.650513730989458750e+15,1.319166916606236313e-02
1.650513730991342750e+15,1.496768379465449050e-02
1.650513730993226750e+15,1.674369842324661614e-02
1.650513730995111000e+15,1.823167519319445970e-02
1.650513730996995000e+15,1.544376268445066432e-02
1.650513730998879000e+15,1.265585017570686720e-02
1.650513731000763250e+15,9.867567721035690187e-03
1.650513731002647250e+15,7.079655212291893068e-03
1.650513731004531250e+15,7.205119771734306081e-03
1.650513731006415250e+15,8.821461944204404826e-03
1.650513731008299500e+15,1.043801859944686050e-02
1.650513731010183500e+15,1.205436077191695925e-02
1.650513731012067500e+15,1.367070294438705973e-02
1.650513731013951500e+15,1.528704511685716021e-02
1.650513731015835750e+15,1.690360177209961415e-02
1.650513731017719750e+15,1.840776945462785363e-02
1.650513731019603750e+15,1.840776945462785363e-02
1.650513731021487750e+15,1.840776945462785363e-02
1.650513731023372000e+15,1.840776945462785363e-02
1.650513731025256000e+15,1.840776945462785363e-02
1.650513731027140000e+15,1.840776945462785016e-02
1.650513731029024250e+15,1.770430424306846523e-02
1.650513731030908250e+15,1.593778847022223749e-02
1.650513731032792250e+15,1.417127269737600455e-02
1.650513731034676250e+15,1.240475692452977508e-02
1.650513731036560500e+15,1.063800674141644580e-02
1.650513731038444500e+15,8.871490968570216323e-03
1.650513731040328500e+15,7.104975195723984248e-03
1.650513731042212500e+15,8.642456600336155537e-03
1.650513731044096750e+15,1.419558493765315371e-02
1.650513731045980750e+15,1.974797649265128130e-02
1.650513731047864750e+15,2.530036804764941236e-02
1.650513731049748750e+15,3.085275960264754341e-02
1.650513731051633000e+15,3.640588793996454159e-02
1.650513731053517000e+15,4.195827949496267611e-02
1.650513731055401000e+15,4.751067104996080370e-02
1.650513731057285250e+15,5.306379938727780188e-02
1.650513731059169250e+15,5.861619094227592947e-02
1.650513731061053250e+15,6.022990415254360352e-02
1.650513731062937250e+15,5.799790546209492026e-02
1.650513731064821500e+15,5.576561059347606014e-02
1.650513731066705500e+15,5.353361190302737688e-02
1.650513731068589500e+15,5.130161321257867973e-02
1.650513731070473500e+15,4.906961452212998953e-02
1.650513731072357750e+15,4.683731965351113635e-02
1.650513731074241750e+15,4.460532096306244615e-02
1.650513731076125750e+15,4.237332227261375595e-02
1.650513731078009750e+15,4.014132358216507268e-02
1.650513731079894000e+15,3.790902871354620562e-02
1.650513731081778000e+15,3.729392785527445991e-02
1.650513731083662000e+15,3.823178922291251003e-02
1.650513731085546250e+15,3.916977504136898158e-02
1.650513731087430250e+15,4.010763640900702476e-02
1.650513731089314250e+15,4.104549777664506793e-02
1.650513731091198250e+15,4.198335914428311805e-02
1.650513731093082500e+15,4.292134496273958960e-02
1.650513731094966500e+15,4.295146206079802215e-02
1.650513731096850500e+15,4.295146206079802909e-02
1.650513731098734500e+15,4.295146206079802909e-02
1.650513731100618750e+15,4.295146206079802909e-02
1.650513731102502750e+15,4.295146206079802909e-02
1.650513731104386750e+15,4.333636244966528051e-02
1.650513731106270750e+15,4.517801916744539070e-02
1.650513731108155000e+15,4.701992026642477784e-02
1.650513731110039000e+15,4.886157698420489498e-02
1.650513731111923000e+15,5.070323370198499824e-02
1.650513731113807250e+15,5.254513480096438538e-02
1.650513731115691250e+15,5.438679151874449558e-02
1.650513731117575250e+15,5.522330836388267272e-02
1.650513731119459250e+15,5.522330836388267272e-02
1.650513731121343500e+15,5.522330836388266578e-02
1.650513731123227500e+15,5.522330836388267272e-02
1.650513731125111500e+15,5.522330836388267272e-02
1.650513731126995500e+15,5.498609060893808187e-02
1.650513731128879750e+15,5.395500051723255142e-02
1.650513731130763750e+15,5.292404722930727640e-02
1.650513731132647750e+15,5.189309394138200138e-02
1.650513731134531750e+15,5.086214065345671942e-02
1.650513731136416000e+15,4.983105056175119590e-02
1.650513731138300000e+15,4.880009727382591395e-02
1.650513731140184000e+15,4.776914398590063893e-02
1.650513731142068250e+15,4.673805389419511541e-02
1.650513731143952250e+15,4.570710060626983345e-02
1.650513731145836250e+15,4.467614731834455843e-02
1.650513731147720250e+15,4.364519403041927648e-02
1.650513731149604500e+15,4.328212610126315474e-02
1.650513731151488500e+15,4.429262253635988383e-02
1.650513731153372500e+15,4.530311897145661293e-02
1.650513731155256500e+15,4.631361540655333509e-02
1.650513731157140750e+15,4.732424593087978387e-02
1.650513731159024750e+15,4.833474236597650603e-02
1.650513731160908750e+15,4.925304169884026084e-02
1.650513731162792750e+15,4.990222905311138268e-02
1.650513731164677000e+15,5.055150255220126898e-02
1.650513731166561000e+15,5.120068990647237694e-02
1.650513731168445000e+15,5.184987726074349879e-02
1.650513731170329250e+15,5.249915075983338508e-02
1.650513731172213250e+15,5.314833811410449305e-02
1.650513731174097250e+15,5.379752546837561489e-02
1.650513731175981250e+15,5.444671282264672979e-02
1.650513731177865500e+15,5.509598632173661609e-02
1.650513731179749500e+15,5.484200043179082718e-02
1.650513731181633500e+15,5.436766293158546565e-02
1.650513731183517500e+15,5.389332543138010412e-02
1.650513731185401750e+15,5.341892498830051045e-02
1.650513731187285750e+15,5.294458748809514892e-02
1.650513731189169750e+15,5.247024998788978739e-02
1.650513731191053750e+15,5.199591248768442586e-02
1.650513731192938000e+15,5.152151204460482525e-02
1.650513731194822000e+15,5.104717454439947066e-02
1.650513731196706000e+15,5.057283704419410220e-02
1.650513731198590250e+15,5.009843660111451547e-02
1.650513731200474250e+15,4.962409910090914700e-02
1.650513731202358250e+15,4.914976160070378547e-02
1.650513731204242250e+15,4.908738521234076724e-02
1.650513731206126500e+15,4.908738521234073948e-02
1.650513731208010500e+15,4.908738521234070479e-02
1.650513731209894500e+15,4.908738521234067009e-02
1.650513731211778500e+15,4.908738521234064234e-02
1.650513731213662750e+15,4.908738521234060764e-02
1.650513731215546750e+15,4.908738521234057295e-02
1.650513731217430750e+15,4.908738521234053825e-02
1.650513731219314750e+15,4.908738521234050356e-02
1.650513731221199000e+15,4.908738521234046887e-02
1.650513731223083000e+15,4.908738521234043417e-02
1.650513731224967000e+15,4.908738521234040642e-02
1.650513731226851250e+15,4.908738521234037172e-02
1.650513731228735250e+15,5.023779804757320250e-02
1.650513731230619250e+15,5.243094530947928905e-02
1.650513731232503250e+15,5.462409257138537561e-02
1.650513731234387500e+15,5.681753085601729675e-02
1.650513731236271500e+15,5.901067811792339024e-02
1.650513731238155500e+15,6.120382537982947679e-02
1.650513731240039500e+15,5.921254749888271024e-02
1.650513731241923750e+15,5.690184235282597092e-02
1.650513731243807750e+15,5.459144378831973232e-02
1.650513731245691750e+15,5.228104522381349373e-02
1.650513731247575750e+15,4.997064665930724126e-02
1.650513731249460000e+15,5.040525854906810488e-02
1.650513731251344000e+15,5.253831126933878465e-02
1.650513731253228000e+15,5.467136398960947136e-02
1.650513731255112250e+15,5.680469975827721896e-02
1.650513731256996250e+15,5.893775247854791260e-02
1.650513731258880250e+15,6.107080519881859931e-02
1.650513731260764250e+15,6.135923151542631987e-02
1.650513731262648500e+15,6.135923151542632681e-02
1.650513731264532500e+15,6.135923151542632681e-02
1.650513731266416500e+15,6.135923151542632681e-02
1.650513731268300500e+15,6.135923151542632681e-02
1.650513731270184750e+15,6.135923151542631987e-02
1.650513731272068750e+15,6.164491867376194201e-02
1.650513731273952750e+15,6.213079960926571471e-02
1.650513731275836750e+15,6.261668054476948742e-02
1.650513731277721000e+15,6.310262595491969440e-02
1.650513731279605000e+15,6.358850689042346016e-02
1.650513731281489000e+15,6.407438782592722593e-02
1.650513731283373250e+15,6.456033323607743291e-02
1.650513731285257250e+15,6.504621417158121255e-02
1.650513731287141250e+15,6.553209510708497831e-02
1.650513731289025250e+15,6.601797604258874408e-02
1.650513731290909500e+15,6.650392145273895106e-02
1.650513731292793500e+15,6.698980238824271682e-02
1.650513731294677500e+15,6.747568332374649647e-02
1.650513731296561500e+15,6.749515466696864863e-02
1.650513731298445750e+15,6.749515466696864863e-02
1.650513731300329750e+15,6.749515466696864863e-02
1.650513731302213750e+15,6.749515466696864863e-02
1.650513731304097750e+15,6.749515466696864863e-02
1.650513731305982000e+15,6.802503852043063903e-02
1.650513731307866000e+15,6.915433849771844554e-02
1.650513731309750000e+15,7.028363847500625206e-02
1.650513731311634250e+15,7.141308830632500659e-02
1.650513731313518250e+15,7.254238828361281310e-02
1.650513731315402250e+15,7.367168826090059186e-02
1.650513731317286250e+15,7.480098823818839837e-02
1.650513731319170500e+15,7.593043806950716679e-02
1.650513731321054500e+15,7.705973804679497330e-02
1.650513731322938500e+15,7.818903802408276593e-02
1.650513731324822500e+15,7.931833800137055857e-02
1.650513731326706750e+15,8.074735895266144103e-02
1.650513731328590750e+15,8.237359222515282242e-02
1.650513731330474750e+15,8.399982549764417605e-02
1.650513731332358750e+15,8.562605877013554356e-02
1.650513731334243000e+15,8.725250783791255182e-02
1.650513731336127000e+15,8.887874111040390546e-02
1.650513731338011000e+15,9.050497438289528684e-02
1.650513731339895250e+15,9.210762270899548743e-02
1.650513731341779250e+15,9.331576183398973545e-02
1.650513731343663250e+15,9.452390095898396960e-02
1.650513731345547250e+15,9.573204008397820375e-02
1.650513731347431500e+15,9.694033952467374926e-02
1.650513731349315500e+15,9.814847864966799729e-02
1.650513731351199500e+15,9.935661777466223143e-02
1.650513731353083500e+15,1.005647568996564795e-01
1.650513731354967750e+15,1.017730563403520250e-01
1.650513731356851750e+15,1.029811954653462591e-01
1.650513731358735750e+15,1.041893345903405071e-01
1.650513731360619750e+15,1.028654043808002183e-01
1.650513731362504000e+15,1.012585088702659397e-01
1.650513731364388000e+15,9.965182656067510247e-02
1.650513731366272000e+15,9.804514425108425135e-02
1.650513731368156250e+15,9.643824874054998664e-02
1.650513731370040250e+15,9.483156643095913552e-02
1.650513731371924250e+15,9.322488412136828440e-02
1.650513731373808250e+15,9.203884727313926817e-02
1.650513731375692500e+15,9.203884727313926817e-02
1.650513731377576500e+15,9.203884727313926817e-02
1.650513731379460500e+15,9.203884727313926817e-02
1.650513731381344500e+15,9.203884727313926817e-02
1.650513731383228750e+15,9.203884727313926817e-02
1.650513731385112750e+15,9.203884727313926817e-02
1.650513731386996750e+15,9.203884727313926817e-02
1.650513731388880750e+15,9.203884727313925429e-02
1.650513731390765000e+15,9.203884727313925429e-02
1.650513731392649000e+15,9.203884727313926817e-02
1.650513731394533000e+15,9.203884727313926817e-02
1.650513731396417250e+15,9.203884727313926817e-02
1.650513731398301250e+15,9.203884727313926817e-02
1.650513731400185250e+15,9.203884727313926817e-02
1.650513731402069250e+15,9.203884727313926817e-02
1.650513731403953500e+15,9.203884727313926817e-02
1.650513731405837500e+15,9.203884727313926817e-02
1.650513731407721500e+15,9.203884727313926817e-02
1.650513731409605500e+15,9.203884727313926817e-02
1.650513731411489750e+15,9.203884727313926817e-02
1.650513731413373750e+15,9.203884727313926817e-02
1.650513731415257750e+15,9.203884727313926817e-02
1.650513731417141750e+15,9.203884727313926817e-02
1.650513731419026000e+15,9.203884727313926817e-02
1.650513731420910000e+15,9.368074346820212672e-02
1.650513731422794000e+15,9.580967150089202133e-02
1.650513731424678250e+15,9.793888203464781728e-02
1.650513731426562250e+15,1.000678100673377258e-01
1.650513731428446250e+15,1.021967381000276343e-01
1.650513731430330250e+15,1.042970581914431372e-01
1.650513731432214500e+15,1.023580035669910959e-01
1.650513731434098500e+15,1.004192062139500352e-01
1.650513731435982500e+15,9.848040886090894674e-02
1.650513731437866500e+15,9.654161150786788603e-02
1.650513731439750750e+15,9.460255688341583091e-02
1.650513731441634750e+15,9.266375953037477020e-02
1.650513731443518750e+15,9.203884727313800529e-02
1.650513731445402750e+15,9.203884727313808856e-02
1.650513731447287000e+15,9.203884727313817182e-02
1.650513731449171000e+15,9.203884727313825509e-02
1.650513731451055000e+15,9.203884727313835223e-02
1.650513731452939250e+15,9.374516404354266141e-02
1.650513731454823250e+15,9.613839002190976979e-02
1.650513731456707250e+15,9.853161600027690592e-02
1.650513731458591250e+15,1.009248419786440421e-01
1.650513731460475500e+15,1.033183855294605158e-01
1.650513731462359500e+15,1.057116115078276658e-01
1.650513731464243500e+15,1.081048374861947742e-01
1.650513731466127500e+15,1.104885301849487106e-01
1.650513731468011750e+15,1.124385408441314349e-01
1.650513731469895750e+15,1.143882927782698539e-01
1.650513731471779750e+15,1.163380447124082451e-01
1.650513731473663750e+15,1.182877966465466502e-01
1.650513731475548000e+15,1.202378073057293884e-01
1.650513731477432000e+15,1.221875592398677934e-01
1.650513731479316000e+15,1.241373111740061846e-01
1.650513731481200250e+15,1.260873218331889090e-01
1.650513731483084250e+15,1.280370737673273140e-01
1.650513731484968250e+15,1.299846334525860125e-01
1.650513731486852250e+15,1.319306109321762566e-01
1.650513731488736500e+15,1.338768466359543385e-01
1.650513731490620500e+15,1.358228241155445548e-01
1.650513731492504500e+15,1.377688015951347711e-01
1.650513731494388500e+15,1.397147790747250151e-01
1.650513731496272750e+15,1.408850119682645285e-01
1.650513731498156750e+15,1.400072534855382189e-01
1.650513731500040750e+15,1.391294950028118815e-01
1.650513731501924750e+15,1.382517365200855441e-01
1.650513731503809000e+15,1.373738615619767012e-01
1.650513731505693000e+15,1.364961030792503638e-01
1.650513731507577000e+15,1.356183445965240542e-01
1.650513731509461250e+15,1.348192111700336204e-01
1.650513731511345250e+15,1.342180942641261476e-01
1.650513731513229250e+15,1.336169773582186748e-01
1.650513731515113250e+15,1.330158604523112020e-01
1.650513731516997500e+15,1.324146637803599313e-01
1.650513731518881500e+15,1.318135468744524863e-01
1.650513731520765500e+15,1.312124299685449857e-01
1.650513731522649500e+15,1.306113130626375407e-01
1.650513731524533750e+15,1.300101163906862700e-01
1.650513731526417750e+15,1.294089994847788250e-01
1.650513731528301750e+15,1.290181643710828496e-01
1.650513731530185750e+15,1.311352011291649078e-01
1.650513731532070000e+15,1.332525188103836356e-01
1.650513731533954000e+15,1.353695555684656660e-01
1.650513731535838000e+15,1.374865923265476964e-01
1.650513731537722250e+15,1.396039100077664519e-01
1.650513731539606250e+15,1.411262324854796191e-01
1.650513731541490250e+15,1.411262324854796191e-01
1.650513731543374250e+15,1.411262324854796191e-01
1.650513731545258500e+15,1.411262324854796191e-01
1.650513731547142500e+15,1.411262324854796191e-01
1.650513731549026500e+15,1.411262324854796191e-01
1.650513731550910500e+15,1.405281621541594750e-01
1.650513731552794750e+15,1.394118530686815072e-01
1.650513731554678750e+15,1.382956920937363221e-01
1.650513731556562750e+15,1.371795311187911093e-01
1.650513731558446750e+15,1.360633701438458965e-01
1.650513731560331000e+15,1.350462786442028773e-01
1.650513731562215000e+15,1.364907468708061455e-01
1.650513731564099000e+15,1.379352150974094138e-01
1.650513731565983250e+15,1.393798749997327835e-01
1.650513731567867250e+15,1.408243432263360517e-01
1.650513731569751250e+15,1.422688114529393477e-01
1.650513731571635250e+15,1.437132796795426160e-01
1.650513731573519500e+15,1.451579395818659857e-01
1.650513731575403500e+15,1.466024078084692817e-01
1.650513731577287500e+15,1.480468760350725221e-01
1.650513731579171500e+15,1.494913442616758181e-01
1.650513731581055750e+15,1.509360041639991878e-01
1.650513731582939750e+15,1.523804723906024561e-01
1.650513731584823750e+15,1.530844668162310018e-01
1.650513731586707750e+15,1.520232275600567062e-01
1.650513731588592000e+15,1.509618474812635114e-01
1.650513731590476000e+15,1.499006082250892158e-01
1.650513731592360000e+15,1.488393689689149202e-01
1.650513731594244250e+15,1.477779888901216976e-01
1.650513731596128250e+15,1.475494154567426608e-01
1.650513731598012250e+15,1.481083594281915883e-01
1.650513731599896250e+15,1.486673033996405713e-01
1.650513731601780500e+15,1.492263215409371235e-01
1.650513731603664500e+15,1.497852655123860788e-01
1.650513731605548500e+15,1.503442094838350340e-01
1.650513731607432500e+15,1.509031534552839893e-01
1.650513731609316750e+15,1.514621715965805415e-01
1.650513731611200750e+15,1.520211155680294968e-01
1.650513731613084750e+15,1.525800595394784520e-01
1.650513731614968750e+15,1.531390035109274350e-01
1.650513731616853000e+15,1.533980787885642905e-01
1.650513731618737000e+15,1.533980787885643460e-01
1.650513731620621000e+15,1.533980787885644015e-01
1.650513731622505250e+15,1.533980787885644848e-01
1.650513731624389250e+15,1.533980787885644848e-01
1.650513731626273250e+15,1.533980787885645680e-01
1.650513731628157250e+15,1.533980787885645958e-01
1.650513731630041500e+15,1.533980787885646513e-01
1.650513731631925500e+15,1.533980787885646790e-01
1.650513731633809500e+15,1.533980787885645958e-01
1.650513731635693500e+15,1.533980787885644848e-01
1.650513731637577750e+15,1.533980787885644015e-01
1.650513731639461750e+15,1.533980787885643182e-01
1.650513731641345750e+15,1.537356851730046492e-01
1.650513731643229750e+15,1.546145113260763981e-01
1.650513731645114000e+15,1.554934540962066847e-01
1.650513731646998000e+15,1.563722802492784059e-01
1.650513731648882000e+15,1.572511064023501548e-01
1.650513731650766250e+15,1.581300491724804413e-01
1.650513731652650250e+15,1.590088753255521903e-01
1.650513731654534250e+15,1.592632049125960736e-01
1.650513731656418250e+15,1.585903640292069816e-01
1.650513731658302500e+15,1.579174338622611473e-01
1.650513731660186500e+15,1.572445929788720553e-01
1.650513731662070500e+15,1.565717520954829356e-01
1.650513731663954500e+15,1.558989112120938159e-01
1.650513731665838750e+15,1.552259810451480093e-01
1.650513731667722750e+15,1.545531401617589173e-01
1.650513731669606750e+15,1.538802992783697698e-01
1.650513731671490750e+15,1.531285496154796144e-01
1.650513731673375000e+15,1.521770548250679644e-01
1.650513731675259000e+15,1.512256862778287303e-01
1.650513731677143000e+15,1.502743177305894684e-01
1.650513731679027250e+15,1.493228229401778462e-01
1.650513731680911250e+15,1.483714543929385843e-01
1.650513731682795250e+15,1.474200858456993224e-01
1.650513731684679250e+15,1.477020055048011149e-01
1.650513731686563500e+15,1.482294754257963976e-01
1.650513731688447500e+15,1.487568753627236118e-01
1.650513731690331500e+15,1.492842752996507982e-01
1.650513731692215500e+15,1.498116752365780124e-01
1.650513731694099750e+15,1.503391451575732951e-01
1.650513731695983750e+15,1.508665450945005093e-01
1.650513731697867750e+15,1.513939450314276958e-01
1.650513731699751750e+15,1.519213449683549100e-01
1.650513731701636000e+15,1.524488148893501926e-01
1.650513731703520000e+15,1.529762148262773791e-01
1.650513731705404000e+15,1.533980787885646790e-01
1.650513731707288250e+15,1.533980787885644848e-01
1.650513731709172250e+15,1.533980787885643182e-01
1.650513731711056250e+15,1.533980787885641517e-01
1.650513731712940250e+15,1.533980787885639296e-01
1.650513731714824500e+15,1.545993965357040645e-01
1.650513731716708500e+15,1.602224589844301605e-01
1.650513731718592500e+15,1.658455214331562289e-01
1.650513731720476500e+15,1.714685838818822972e-01
1.650513731722360750e+15,1.770923924906997737e-01
1.650513731724244750e+15,1.827154549394258143e-01
1.650513731726128750e+15,1.883385173881518826e-01
1.650513731728012750e+15,1.879309379473966812e-01
1.650513731729897000e+15,1.845057822080117260e-01
1.650513731731781000e+15,1.810810809141275846e-01
1.650513731733665000e+15,1.776563796202434431e-01
1.650513731735549250e+15,1.742312238808584879e-01
1.650513731737433250e+15,1.708065225869743464e-01
1.650513731739317250e+15,1.673818212930902050e-01
1.650513731741201250e+15,1.671301642538499110e-01
1.650513731743085500e+15,1.700502551441415156e-01
1.650513731744969500e+15,1.729699586003226319e-01
1.650513731746853500e+15,1.758896620565038038e-01
1.650513731748737500e+15,1.788093655126849479e-01
1.650513731750621750e+15,1.817294564029764969e-01
1.650513731752505750e+15,1.840776945462772041e-01
1.650513731754389750e+15,1.840776945462772041e-01
1.650513731756273750e+15,1.840776945462772041e-01
1.650513731758158000e+15,1.840776945462772041e-01
1.650513731760042000e+15,1.840776945462772041e-01
1.650513731761926000e+15,1.840776945462772041e-01
1.650513731763810250e+15,1.840776945462772041e-01
1.650513731765694250e+15,1.858627351706111652e-01
1.650513731767578250e+15,1.907490650452862146e-01
1.650513731769462250e+15,1.956353949199612363e-01
1.650513731771346500e+15,2.005223731929742237e-01
1.650513731773230500e+15,2.054087030676493009e-01
1.650513731775114500e+15,2.102950329423243225e-01
1.650513731776998500e+15,2.145604840463332663e-01
1.650513731778882750e+15,2.122921667619905861e-01
1.650513731780766750e+15,2.100241504352284849e-01
1.650513731782650750e+15,2.077561341084663282e-01
1.650513731784534750e+15,2.054881177817042270e-01
1.650513731786419000e+15,2.032198004973615746e-01
1.650513731788303000e+15,2.017162471649818489e-01
1.650513731790187000e+15,2.005787239947475487e-01
1.650513731792071250e+15,1.994410498792942577e-01
1.650513731793955250e+15,1.983035267090599296e-01
1.650513731795839250e+15,1.971660035388256293e-01
1.650513731797723250e+15,1.960284803685913291e-01
1.650513731799607500e+15,1.948908062531380381e-01
1.650513731801491500e+15,1.937532830829037378e-01
1.650513731803375500e+15,1.926157599126694375e-01
1.650513731805259500e+15,1.914782367424351095e-01
1.650513731807143750e+15,1.903405626269818185e-01
1.650513731809027750e+15,1.919627450715560568e-01
1.650513731810911750e+15,1.939315910593796266e-01
1.650513731812795750e+15,1.959004370472031686e-01
1.650513731814680000e+15,1.978695442937830618e-01
1.650513731816564000e+15,1.998383902816066038e-01
1.650513731818448000e+15,2.018072362694301736e-01
1.650513731820332250e+15,2.037763435160100389e-01
1.650513731822216250e+15,2.057451895038335810e-01
1.650513731824100250e+15,2.077140354916571230e-01
1.650513731825984250e+15,2.096828814794806650e-01
1.650513731827868500e+15,2.116519887260605581e-01
1.650513731829752500e+15,2.136208347138841279e-01
1.650513731831636500e+15,2.149645645675999917e-01
1.650513731833520500e+15,2.154547931082687051e-01
1.650513731835404750e+15,2.159450867004953367e-01
1.650513731837288750e+15,2.164353152411641057e-01
1.650513731839172750e+15,2.169255437818327914e-01
1.650513731841056750e+15,2.174157723225015326e-01
1.650513731842941000e+15,2.179060659147281642e-01
1.650513731844825000e+15,2.183962944553969332e-01
1.650513731846709000e+15,2.188865229960656189e-01
1.650513731848593250e+15,2.193768165882923060e-01
1.650513731850477250e+15,2.198670451289610195e-01
1.650513731852361250e+15,2.203572736696297329e-01
1.650513731854245250e+15,2.208475022102984742e-01
1.650513731856129500e+15,2.198932120204085960e-01
1.650513731858013500e+15,2.187904666977424362e-01
1.650513731859897500e+15,2.176877213750763040e-01
1.650513731861781500e+15,2.165849760524101719e-01
1.650513731863665750e+15,2.154820843994199042e-01
1.650513731865549750e+15,2.150763595330018874e-01
1.650513731867433750e+15,2.160071977017357092e-01
1.650513731869317750e+15,2.169380358704694756e-01
1.650513731871202000e+15,2.178689975580685445e-01
1.650513731873086000e+15,2.187998357268023386e-01
1.650513731874970000e+15,2.197306738955361050e-01
1.650513731876854250e+15,2.206616355831351739e-01
1.650513731878738250e+15,2.208932334555312738e-01
1.650513731880622250e+15,2.208932334555314403e-01
1.650513731882506250e+15,2.208932334555315513e-01
1.650513731884390500e+15,2.208932334555317456e-01
1.650513731886274500e+15,2.208932334555318844e-01
1.650513731888158500e+15,2.208932334555320509e-01
1.650513731890042500e+15,2.208932334555321897e-01
1.650513731891926750e+15,2.208932334555323285e-01
1.650513731893810750e+15,2.208932334555324950e-01
1.650513731895694750e+15,2.208932334555326615e-01
1.650513731897578750e+15,2.208932334555328003e-01
1.650513731899463000e+15,2.212645305896060732e-01
1.650513731901347000e+15,2.225457097115726701e-01
1.650513731903231000e+15,2.238268888335392948e-01
1.650513731905115250e+15,2.251082379633512209e-01
1.650513731906999250e+15,2.263894170853178456e-01
1.650513731908883250e+15,2.258549408406530790e-01
1.650513731910767250e+15,2.235096214619745059e-01
1.650513731912651500e+15,2.211639908678794675e-01
1.650513731914535500e+15,2.188186714892009221e-01
1.650513731916419500e+15,2.164733521105223768e-01
1.650513731918303500e+15,2.148921965467857076e-01
1.650513731920187750e+15,2.153949846832630688e-01
1.650513731922071750e+15,2.158977061104215278e-01
1.650513731923955750e+15,2.164004275375799591e-01
1.650513731925839750e+15,2.169031489647383903e-01
1.650513731927724000e+15,2.174059371012156960e-01
1.650513731929608000e+15,2.179086585283741273e-01
1.650513731931492000e+15,2.184113799555325863e-01
1.650513731933376250e+15,2.189141680920098920e-01
1.650513731935260250e+15,2.194168895191683510e-01
1.650513731937144250e+15,2.199196109463267823e-01
1.650513731939028250e+15,2.204223323734852136e-01
1.650513731940912500e+15,2.209453658989462832e-01
1.650513731942796500e+15,2.217672698603757875e-01
1.650513731944680500e+15,2.225891738218052640e-01
1.650513731946564500e+15,2.234110777832347683e-01
1.650513731948448750e+15,2.242330908083533803e-01
1.650513731950332750e+15,2.250549947697828845e-01
1.650513731952216750e+15,2.258768987312123611e-01
1.650513731954100750e+15,2.266988026926418653e-01
1.650513731955985000e+15,2.270291566070752054e-01
1.650513731957869000e+15,2.270291566070752332e-01
1.650513731959753000e+15,2.270291566070752332e-01
1.650513731961637250e+15,2.270291566070752332e-01
1.650513731963521250e+15,2.270291566070752054e-01
1.650513731965405250e+15,2.270291566070752054e-01
1.650513731967289250e+15,2.270291566070751499e-01
1.650513731969173500e+15,2.270291566070750666e-01
1.650513731971057500e+15,2.270291566070750111e-01
1.650513731972941500e+15,2.270291566070749001e-01
1.650513731974825500e+15,2.270291566070748168e-01
1.650513731976709750e+15,2.276404255889645789e-01
1.650513731978593750e+15,2.293912895370912586e-01
1.650513731980477750e+15,2.311421534852179382e-01
1.650513731982361750e+15,2.328930174333446734e-01
1.650513731984246000e+15,2.346441137147978473e-01
1.650513731986130000e+15,2.363949776629245270e-01
1.650513731988014000e+15,2.381458416110512344e-01
1.650513731989898250e+15,2.394970009535439537e-01
1.650513731991782250e+15,2.400728454973798109e-01
1.650513731993666250e+15,2.406486900412156682e-01
1.650513731995550250e+15,2.412245345850515255e-01
1.650513731997434500e+15,2.418004555413799106e-01
1.650513731999318500e+15,2.423763000852157956e-01
1.650513732001202500e+15,2.429521446290516806e-01
1.650513732003086500e+15,2.435279891728875379e-01
1.650513732004970750e+15,2.441039101292159230e-01
1.650513732006854750e+15,2.446797546730517803e-01
1.650513732008738750e+15,2.452555992168876375e-01
1.650513732010622750e+15,2.497832891436107816e-01
1.650513732012507000e+15,2.561281542507858888e-01
1.650513732014391000e+15,2.624721775289697301e-01
1.650513732016275000e+15,2.688162008071535714e-01
1.650513732018159250e+15,2.751610659143286508e-01
1.650513732020043250e+15,2.761165418194159171e-01
1.650513732021927250e+15,2.761165418194158616e-01
1.650513732023811250e+15,2.761165418194157506e-01
1.650513732025695500e+15,2.761165418194156951e-01
1.650513732027579500e+15,2.761165418194155841e-01
1.650513732029463500e+15,2.761165418194154730e-01
1.650513732031347500e+15,2.761165418194154175e-01
1.650513732033231750e+15,2.761165418194153065e-01
1.650513732035115750e+15,2.761165418194151955e-01
1.650513732036999750e+15,2.761165418194150845e-01
1.650513732038883750e+15,2.761165418194150289e-01
1.650513732040768000e+15,2.761165418194149179e-01
1.650513732042652000e+15,2.761165418194148069e-01
1.650513732044536000e+15,2.761165418194146959e-01
1.650513732046420250e+15,2.761165418194146959e-01
1.650513732048304250e+15,2.761165418194146959e-01
1.650513732050188250e+15,2.761165418194146959e-01
1.650513732052072250e+15,2.761165418194146959e-01
1.650513732053956500e+15,2.761165418194146959e-01
1.650513732055840500e+15,2.761165418194147514e-01
1.650513732057724500e+15,2.773625120662372989e-01
1.650513732059608500e+15,2.800437318777891926e-01
1.650513732061492750e+15,2.827253074775326613e-01
1.650513732063376750e+15,2.854065272890846106e-01
1.650513732065260750e+15,2.880877471006365598e-01
1.650513732067144750e+15,2.879572238523153693e-01
1.650513732069029000e+15,2.874715438187807615e-01
1.650513732070913000e+15,2.869859282246827736e-01
1.650513732072797000e+15,2.865003126305847303e-01
1.650513732074681250e+15,2.860146325970501224e-01
1.650513732076565250e+15,2.855290170029521346e-01
1.650513732078449250e+15,2.850434014088540913e-01
1.650513732080333250e+15,2.845577858147561034e-01
1.650513732082217500e+15,2.840721057812214956e-01
1.650513732084101500e+15,2.835864901871235078e-01
1.650513732085985500e+15,2.831008745930254644e-01
1.650513732087869500e+15,2.826152589989274766e-01
1.650513732089753750e+15,2.825160056342468917e-01
1.650513732091637750e+15,2.835574542124006392e-01
1.650513732093521750e+15,2.845989027905543867e-01
1.650513732095405750e+15,2.856403513687081341e-01
1.650513732097290000e+15,2.866819381433292624e-01
1.650513732099174000e+15,2.877233867214830099e-01
1.650513732101058000e+15,2.874882236101790611e-01
1.650513732102942250e+15,2.849975701852984211e-01
1.650513732104826250e+15,2.825072472172872606e-01
1.650513732106710250e+15,2.800169242492761557e-01
1.650513732108594250e+15,2.775266012812649397e-01
1.650513732110478500e+15,2.765925897625092222e-01
1.650513732112362500e+15,2.776896837377876848e-01
1.650513732114246500e+15,2.787867777130661473e-01
1.650513732116130500e+15,2.798838716883446098e-01
1.650513732118014750e+15,2.809811112440337988e-01
1.650513732119898750e+15,2.820782052193122613e-01
1.650513732121782750e+15,2.830527204408299635e-01
1.650513732123666750e+15,2.840040889880691144e-01
1.650513732125551000e+15,2.849555837784807366e-01
1.650513732127435000e+15,2.859069523257198875e-01
1.650513732129319000e+15,2.868583208729590384e-01
1.650513732131203250e+15,2.878098156633706606e-01
1.650513732133087250e+15,2.876479148463860214e-01
1.650513732134971250e+15,2.857582410879055401e-01
1.650513732136855250e+15,2.838685673294250589e-01
1.650513732138739500e+15,2.819786428180572901e-01
1.650513732140623500e+15,2.800889690595768089e-01
1.650513732142507500e+15,2.781992953010962721e-01
1.650513732144391500e+15,2.763096215426157909e-01
1.650513732146275750e+15,2.778355859515059256e-01
1.650513732148159750e+15,2.797499817811831546e-01
1.650513732150043750e+15,2.816643776108604391e-01
1.650513732151927750e+15,2.835787734405377236e-01
1.650513732153812000e+15,2.854934233036318658e-01
1.650513732155696000e+15,2.874078191333091503e-01
1.650513732157580000e+15,2.877989135901716233e-01
1.650513732159464250e+15,2.865902983697771189e-01
1.650513732161348250e+15,2.853818435069811477e-01
1.650513732163232250e+15,2.841733886441852319e-01
1.650513732165116250e+15,2.829649337813892607e-01
1.650513732167000500e+15,2.817563185609947007e-01
1.650513732168884500e+15,2.805478636981987850e-01
1.650513732170768500e+15,2.793394088354028137e-01
1.650513732172652500e+15,2.781309539726068425e-01
1.650513732174536750e+15,2.769223387522123381e-01
1.650513732176420750e+15,2.768687046310511213e-01
1.650513732178304750e+15,2.791260917073069558e-01
1.650513732180188750e+15,2.813834787835627349e-01
1.650513732182073000e+15,2.836411654069359578e-01
1.650513732183957000e+15,2.858985524831917924e-01
1.650513732185841000e+15,2.881559395594476825e-01
1.650513732187725250e+15,2.875641942092901360e-01
1.650513732189609250e+15,2.866455245849799383e-01
1.650513732191493250e+15,2.857268549606697405e-01
1.650513732193377250e+15,2.848081853363595428e-01
1.650513732195261500e+15,2.838893938079059542e-01
1.650513732197145500e+15,2.829707241835957565e-01
1.650513732199029500e+15,2.820520545592856143e-01
1.650513732200913500e+15,2.811333849349753611e-01
1.650513732202797750e+15,2.802145934065218280e-01
1.650513732204681750e+15,2.792959237822116303e-01
1.650513732206565750e+15,2.783772541579014326e-01
1.650513732208449750e+15,2.774585845335912349e-01
1.650513732210334000e+15,2.765397930051377018e-01
1.650513732212218000e+15,2.822601609863781835e-01
1.650513732214102000e+15,2.936524626699986151e-01
1.650513732215986250e+15,3.050462760709338195e-01
1.650513732217870250e+15,3.164385777545541956e-01
1.650513732219754250e+15,3.278308794381746827e-01
1.650513732221638250e+15,3.392231811217951143e-01
1.650513732223522500e+15,3.436116964863850654e-01
1.650513732225406500e+15,3.436116964863848988e-01
1.650513732227290500e+15,3.436116964863847878e-01
1.650513732229174500e+15,3.436116964863846768e-01
1.650513732231058750e+15,3.436116964863845102e-01
1.650513732232942750e+15,3.436116964863843992e-01
1.650513732234826750e+15,3.436116964863842882e-01
1.650513732236710750e+15,3.397147040565732801e-01
1.650513732238595000e+15,3.351304006472576869e-01
1.650513732240479000e+15,3.305467054777470048e-01
1.650513732242363000e+15,3.259630103082362673e-01
1.650513732244247250e+15,3.213787068989206186e-01
1.650513732246131250e+15,3.167950117294099366e-01
1.650513732248015250e+15,3.130925899766756615e-01
1.650513732249899250e+15,3.141133475234753059e-01
1.650513732251783500e+15,3.151342405211171038e-01
1.650513732253667500e+15,3.161549980679166927e-01
1.650513732255551500e+15,3.171757556147163370e-01
1.650513732257435500e+15,3.181965131615159814e-01
1.650513732259319750e+15,3.192174061591578349e-01
1.650513732261203750e+15,3.202381637059574238e-01
1.650513732263087750e+15,3.212589212527570126e-01
1.650513732264971750e+15,3.222796787995566570e-01
1.650513732266856000e+15,3.233005717971984549e-01
1.650513732268740000e+15,3.243213293439981548e-01
1.650513732270624000e+15,3.253543100779040520e-01
1.650513732272508250e+15,3.264655228414481414e-01
1.650513732274392250e+15,3.275765881706332872e-01
1.650513732276276250e+15,3.286876534998183774e-01
1.650513732278160250e+15,3.297987188290034677e-01
1.650513732280044500e+15,3.309099315925475571e-01
1.650513732281928500e+15,3.320209969217327028e-01
1.650513732283812500e+15,3.331320622509178486e-01
1.650513732285696500e+15,3.342431275801029389e-01
1.650513732287580750e+15,3.353543403436470283e-01
1.650513732289464750e+15,3.364654056728321185e-01
1.650513732291348750e+15,3.374757733348419109e-01
1.650513732293232750e+15,3.374757733348418554e-01
1.650513732295117000e+15,3.374757733348419109e-01
1.650513732297001000e+15,3.374757733348419109e-01
1.650513732298885000e+15,3.374757733348419109e-01
1.650513732300769250e+15,3.374757733348419109e-01
1.650513732302653250e+15,3.374757733348419109e-01
1.650513732304537250e+15,3.374757733348419109e-01
1.650513732306421250e+15,3.374757733348419109e-01
1.650513732308305500e+15,3.374757733348419109e-01
1.650513732310189500e+15,3.374757733348419109e-01
1.650513732312073500e+15,3.394503508992402496e-01
1.650513732313957500e+15,3.431760435695722089e-01
1.650513732315841750e+15,3.469022306258742194e-01
1.650513732317725750e+15,3.506279232962061787e-01
1.650513732319609750e+15,3.543536159665381935e-01
1.650513732321493750e+15,3.580793086368702083e-01
1.650513732323378000e+15,3.618054956931722743e-01
1.650513732325262000e+15,3.655311883635041781e-01
1.650513732327146000e+15,3.669925074336877202e-01
1.650513732329030250e+15,3.630586478902054215e-01
1.650513732330914250e+15,3.591253102864264135e-01
1.650513732332798250e+15,3.551919726826474610e-01
1.650513732334682250e+15,3.512586350788685086e-01
1.650513732336566500e+15,3.473247755353862098e-01
1.650513732338450500e+15,3.433914379316072574e-01
1.650513732340334500e+15,3.394581003278283049e-01
1.650513732342218500e+15,3.355247627240492969e-01
1.650513732344102750e+15,3.315909031805670537e-01
1.650513732345986750e+15,3.313398501832983123e-01
1.650513732347870750e+15,3.313398501832983678e-01
1.650513732349754750e+15,3.313398501832984788e-01
1.650513732351639000e+15,3.313398501832985343e-01
1.650513732353523000e+15,3.313398501832986454e-01
1.650513732355407000e+15,3.316780541259524151e-01
1.650513732357291250e+15,3.341576680518090203e-01
1.650513732359175250e+15,3.366369529855035569e-01
1.650513732361059250e+15,3.391162379191980381e-01
1.650513732362943250e+15,3.415955228528925192e-01
1.650513732364827500e+15,3.440751367787492354e-01
1.650513732366711500e+15,3.465544217124436610e-01
1.650513732368595500e+15,3.490337066461381976e-01
1.650513732370479500e+15,3.512777508597492160e-01
1.650513732372363750e+15,3.534269493351269720e-01
1.650513732374247750e+15,3.555758626574631043e-01
1.650513732376131750e+15,3.577247759797992366e-01
1.650513732378015750e+15,3.598736893021352579e-01
1.650513732379900000e+15,3.620204749729400984e-01
1.650513732381784000e+15,3.626541470234529996e-01
1.650513732383668000e+15,3.632878190739660118e-01
1.650513732385552250e+15,3.639215752104728585e-01
1.650513732387436250e+15,3.645552472609858152e-01
1.650513732389320250e+15,3.651889193114987719e-01
1.650513732391204250e+15,3.658225913620116732e-01
1.650513732393088500e+15,3.664563474985185754e-01
1.650513732394972500e+15,3.670900195490314766e-01
1.650513732396856500e+15,3.677236915995444333e-01
1.650513732398740500e+15,3.676623311703689501e-01
1.650513732400624750e+15,3.661152131189444603e-01
1.650513732402508750e+15,3.645683003372627851e-01
1.650513732404392750e+15,3.630213875555810543e-01
1.650513732406276750e+15,3.614744747738993791e-01
1.650513732408161000e+15,3.599273567224748338e-01
1.650513732410045000e+15,3.583804439407931586e-01
1.650513732411929000e+15,3.568335311591114278e-01
1.650513732413813250e+15,3.574885122578636554e-01
1.650513732415697250e+15,3.616463155970936483e-01
1.650513732417581250e+15,3.658041189363236412e-01
1.650513732419465250e+15,3.699619222755535786e-01
1.650513732421349500e+15,3.741202773402796944e-01
1.650513732423233500e+15,3.734992761474002498e-01
1.650513732425117500e+15,3.726732611979537424e-01
1.650513732427001500e+15,3.718472462485070684e-01
1.650513732428885750e+15,3.710211216898581243e-01
1.650513732430769750e+15,3.701951067404115059e-01
1.650513732432653750e+15,3.693690917909648874e-01
1.650513732434537750e+15,3.685430768415183800e-01
1.650513732436422000e+15,3.681553890925545192e-01
1.650513732438306000e+15,3.681553890925546857e-01
1.650513732440190000e+15,3.681553890925549632e-01
1.650513732442074250e+15,3.681553890925551853e-01
1.650513732443958250e+15,3.681553890925554073e-01
1.650513732445842250e+15,3.681553890925556294e-01
1.650513732447726250e+15,3.678190239933947225e-01
1.650513732449610500e+15,3.672646431159888314e-01
1.650513732451494500e+15,3.667103357931640883e-01
1.650513732453378500e+15,3.661560284703393453e-01
1.650513732455262500e+15,3.656017211475145468e-01
1.650513732457146750e+15,3.650473402701086556e-01
1.650513732459030750e+15,3.644930329472839126e-01
1.650513732460914750e+15,3.639387256244591695e-01
1.650513732462798750e+15,3.633844183016343710e-01
1.650513732464683000e+15,3.628300374242284798e-01
1.650513732466567000e+15,3.622757301014037923e-01
1.650513732468451000e+15,3.636162351187413044e-01
1.650513732470335250e+15,3.665863361287500233e-01
1.650513732472219250e+15,3.695560430693664022e-01
1.650513732474103250e+15,3.725257500099827812e-01
1.650513732475987250e+15,3.754954569505991047e-01
1.650513732477871500e+15,3.784655579606078235e-01
1.650513732479755500e+15,3.804272353956381636e-01
1.650513732481639500e+15,3.804272353956381636e-01
1.650513732483523500e+15,3.804272353956381636e-01
1.650513732485407750e+15,3.804272353956381636e-01
1.650513732487291750e+15,3.804272353956381636e-01
1.650513732489175750e+15,3.804272353956382746e-01
1.650513732491059750e+15,3.804272353956383856e-01
1.650513732492944000e+15,3.804272353956384967e-01
1.650513732494828000e+15,3.804272353956386077e-01
1.650513732496712000e+15,3.804272353956387187e-01
1.650513732498596250e+15,3.804272353956388297e-01
1.650513732500480250e+15,3.804272353956388852e-01
1.650513732502364250e+15,3.804272353956389963e-01
1.650513732504248250e+15,3.804272353956391073e-01
1.650513732506132500e+15,3.804272353956393293e-01
1.650513732508016500e+15,3.804272353956394404e-01
1.650513732509900500e+15,3.804272353956396069e-01
1.650513732511784500e+15,3.804272353956397179e-01
1.650513732513668750e+15,3.804272353956398844e-01
1.650513732515552750e+15,3.804272353956399955e-01
1.650513732517436750e+15,3.804272353956401620e-01
1.650513732519320750e+15,3.804272353956403285e-01
1.650513732521205000e+15,3.804272353956405506e-01
1.650513732523089000e+15,3.804272353956406061e-01
1.650513732524973000e+15,3.804272353956407726e-01
1.650513732526857250e+15,3.811566781191151332e-01
1.650513732528741250e+15,3.821215860292612732e-01
1.650513732530625250e+15,3.830864939394073576e-01
1.650513732532509250e+15,3.840514018495534421e-01
1.650513732534393500e+15,3.850164377994965137e-01
1.650513732536277500e+15,3.859813457096425982e-01
1.650513732538161500e+15,3.869462536197887381e-01
1.650513732540045500e+15,3.879111615299348781e-01
1.650513732541929750e+15,3.888761974798778942e-01
1.650513732543813750e+15,3.898411053900240342e-01
1.650513732545697750e+15,3.908060133001701186e-01
1.650513732547581750e+15,3.917709212103162031e-01
1.650513732549466000e+15,3.925715451898015296e-01
1.650513732551350000e+15,3.892343398729689596e-01
1.650513732553234000e+15,3.858971345561364452e-01
1.650513732555118250e+15,3.825594864042035081e-01
1.650513732557002250e+15,3.814231303470447254e-01
1.650513732558886250e+15,3.841813311385919305e-01
1.650513732560770250e+15,3.869395319301391356e-01
1.650513732562654500e+15,3.896980987249761275e-01
1.650513732564538500e+15,3.924562995165233326e-01
1.650513732566422500e+15,3.952145003080705932e-01
1.650513732568306500e+15,3.979727010996177983e-01
1.650513732570190750e+15,4.007312678944547346e-01
1.650513732572074750e+15,4.034894686860019952e-01
1.650513732573958750e+15,4.062476694775491448e-01
1.650513732575842750e+15,4.090058702690964054e-01
1.650513732577727000e+15,4.117644370639332863e-01
1.650513732579611000e+15,4.145226378554805469e-01
1.650513732581495000e+15,4.172284444744851495e-01
1.650513732583379250e+15,4.161899451303469610e-01
1.650513732585263250e+15,4.151515835730396065e-01
1.650513732587147250e+15,4.141132220157323629e-01
1.650513732589031250e+15,4.130748604584250083e-01
1.650513732590915500e+15,4.120363611142868754e-01
1.650513732592799500e+15,4.106667138086452229e-01
1.650513732594683500e+15,4.064681378216573049e-01
1.650513732596567500e+15,4.022695618346694424e-01
1.650513732598451750e+15,3.980704287118022600e-01
1.650513732600335750e+15,3.938718527248143420e-01
1.650513732602219750e+15,3.949960350097277417e-01
1.650513732604103750e+15,3.981832639089574744e-01
1.650513732605988000e+15,4.013709157419582674e-01
1.650513732607872000e+15,4.045581446411880000e-01
1.650513732609756000e+15,4.077453735404176771e-01
1.650513732611640250e+15,4.109330253734185256e-01
1.650513732613524250e+15,4.141202542726482028e-01
1.650513732615408250e+15,4.173074831718779909e-01
1.650513732617292250e+15,4.204947120711076680e-01
1.650513732619176500e+15,4.236823639041085166e-01
1.650513732621060500e+15,4.268695928033381382e-01
1.650513732622944500e+15,4.293490570981242649e-01
1.650513732624828500e+15,4.283758226127305502e-01
1.650513732626712750e+15,4.274024589826333487e-01
1.650513732628596750e+15,4.264292244972396340e-01
1.650513732630480750e+15,4.254559900118459193e-01
1.650513732632364750e+15,4.244827555264522045e-01
1.650513732634249000e+15,4.235093918963549475e-01
1.650513732636133000e+15,4.225361574109612883e-01
1.650513732638017000e+15,4.215629229255676291e-01
1.650513732639901250e+15,4.205895592954703721e-01
1.650513732641785250e+15,4.196163248100767129e-01
1.650513732643669250e+15,4.186430903246829427e-01
1.650513732645553250e+15,4.176698558392892835e-01
1.650513732647437500e+15,4.174992766068576500e-01
1.650513732649321500e+15,4.179562509207093712e-01
1.650513732651205500e+15,4.184132252345609815e-01
1.650513732653089500e+15,4.188701995484125917e-01
1.650513732654973750e+15,4.193272345011062607e-01
1.650513732656857750e+15,4.197842088149579265e-01
1.650513732658741750e+15,4.202411831288095923e-01
1.650513732660625750e+15,4.206981574426612580e-01
1.650513732662510000e+15,4.211551923953549270e-01
1.650513732664394000e+15,4.216121667092065928e-01
1.650513732666278000e+15,4.220691410230582585e-01
1.650513732668162250e+15,4.225261759757519275e-01
1.650513732670046250e+15,4.229831502896035933e-01
1.650513732671930250e+15,4.237471875057912674e-01
1.650513732673814250e+15,4.264884915649582164e-01
1.650513732675698500e+15,4.292301593852794195e-01
1.650513732677582500e+15,4.319714634444463686e-01
1.650513732679466500e+15,4.347127675036133176e-01
1.650513732681350500e+15,4.356505437595226682e-01
1.650513732683234750e+15,4.356505437595226682e-01
1.650513732685118750e+15,4.356505437595227237e-01
1.650513732687002750e+15,4.356505437595227792e-01
1.650513732688886750e+15,4.356505437595228347e-01
1.650513732690771000e+15,4.356505437595228347e-01
1.650513732692655000e+15,4.356505437595228347e-01
1.650513732694539000e+15,4.356505437595228347e-01
1.650513732696423250e+15,4.356505437595229457e-01
1.650513732698307250e+15,4.356505437595229457e-01
1.650513732700191250e+15,4.356505437595230568e-01
1.650513732702075250e+15,4.356505437595230568e-01
1.650513732703959500e+15,4.356505437595231123e-01
1.650513732705843500e+15,4.348316565477252649e-01
1.650513732707727500e+15,4.338719156413320399e-01
1.650513732709611500e+15,4.329121747349387039e-01
1.650513732711495750e+15,4.319523064743912566e-01
1.650513732713379750e+15,4.309925655679980316e-01
1.650513732715263750e+15,4.300328246616048067e-01
1.650513732717147750e+15,4.299670888223413034e-01
1.650513732719032000e+15,4.309507210495229224e-01
1.650513732720916000e+15,4.319342227695760483e-01
1.650513732722800000e+15,4.329177244896292298e-01
1.650513732724684250e+15,4.339013567168108487e-01
1.650513732726568250e+15,4.348848584368639747e-01
1.650513732728452250e+15,4.358438549898892567e-01
1.650513732730336250e+15,4.367167090534280760e-01
1.650513732732220500e+15,4.375896789415505972e-01
1.650513732734104500e+15,4.384625330050893610e-01
1.650513732735988500e+15,4.393353870686280693e-01
1.650513732737872500e+15,4.402082411321668332e-01
1.650513732739756750e+15,4.410812110202894099e-01
1.650513732741640750e+15,4.416826712505523278e-01
1.650513732743524750e+15,4.411421017290417246e-01
1.650513732745408750e+15,4.406015322075310658e-01
1.650513732747293000e+15,4.400608909543959890e-01
1.650513732749177000e+15,4.395203214328853303e-01
1.650513732751061000e+15,4.389797519113746160e-01
1.650513732752945250e+15,4.384391106582395392e-01
1.650513732754829250e+15,4.378985411367288805e-01
1.650513732756713250e+15,4.373579716152181662e-01
1.650513732758597250e+15,4.368174020937075075e-01
1.650513732760481500e+15,4.362767608405724307e-01
1.650513732762365500e+15,4.357361913190617719e-01
1.650513732764249500e+15,4.361151333563124677e-01
1.650513732766133500e+15,4.366671906255343294e-01
1.650513732768017750e+15,4.372193211507632293e-01
1.650513732769901750e+15,4.377713784199851466e-01
1.650513732771785750e+15,4.383234356892070083e-01
1.650513732773669750e+15,4.388754929584287590e-01
1.650513732775554000e+15,4.394276234836578254e-01
1.650513732777438000e+15,4.399796807528796316e-01
1.650513732779322000e+15,4.405317380221014378e-01
1.650513732781206250e+15,4.410838685473303933e-01
1.650513732783090250e+15,4.416359258165522550e-01
1.650513732784974250e+15,4.417864669110653786e-01
1.650513732786858250e+15,4.417864669110653786e-01
1.650513732788742500e+15,4.417864669110653786e-01
1.650513732790626500e+15,4.417864669110654896e-01
1.650513732792510500e+15,4.417864669110654896e-01
1.650513732794394500e+15,4.417864669110654896e-01
1.650513732796278750e+15,4.417864669110654896e-01
1.650513732798162750e+15,4.417864669110655451e-01
1.650513732800046750e+15,4.417864669110656006e-01
1.650513732801930750e+15,4.417864669110656006e-01
1.650513732803815000e+15,4.417864669110656561e-01
1.650513732805699000e+15,4.417864669110657116e-01
1.650513732807583000e+15,4.417864669110657116e-01
1.650513732809467250e+15,4.417864669110657672e-01
1.650513732811351250e+15,4.417864669110657116e-01
1.650513732813235250e+15,4.417864669110658227e-01
1.650513732815119250e+15,4.417864669110658227e-01
1.650513732817003500e+15,4.417864669110658227e-01
1.650513732818887500e+15,4.417864669110658227e-01
1.650513732820771500e+15,4.417864669110658227e-01
1.650513732822655500e+15,4.417864669110658227e-01
1.650513732824539750e+15,4.417864669110658227e-01
1.650513732826423750e+15,4.423611954757019626e-01
1.650513732828307750e+15,4.441848394601641825e-01
1.650513732830191750e+15,4.460084834446265134e-01
1.650513732832076000e+15,4.478323694200633254e-01
1.650513732833960000e+15,4.496560134045256008e-01
1.650513732835844000e+15,4.514796573889878761e-01
1.650513732837728250e+15,4.533035433644246881e-01
1.650513732839612250e+15,4.551271873488870190e-01
1.650513732841496250e+15,4.569508313333492389e-01
1.650513732843380250e+15,4.587744753178115142e-01
1.650513732845264500e+15,4.601942363656936763e-01
1.650513732847148500e+15,4.601942363656935653e-01
1.650513732849032500e+15,4.601942363656933432e-01
1.650513732850916500e+15,4.601942363656932322e-01
1.650513732852800750e+15,4.601942363656931212e-01
1.650513732854684750e+15,4.601942363656930102e-01
1.650513732856568750e+15,4.601942363656928436e-01
1.650513732858452750e+15,4.601942363656927881e-01
1.650513732860337000e+15,4.601942363656925661e-01
1.650513732862221000e+15,4.601942363656924551e-01
1.650513732864105000e+15,4.601942363656923995e-01
1.650513732865989250e+15,4.601942363656921775e-01
1.650513732867873250e+15,4.601942363656920665e-01
1.650513732869757250e+15,4.601942363656919555e-01
1.650513732871641250e+15,4.609216060451681862e-01
1.650513732873525500e+15,4.620134573246370557e-01
1.650513732875409500e+15,4.631051637386051079e-01
1.650513732877293500e+15,4.641968701525731045e-01
1.650513732879177500e+15,4.652885765665411011e-01
1.650513732881061750e+15,4.661790369866378736e-01
1.650513732882945750e+15,4.628970214518217663e-01
1.650513732884829750e+15,4.596150059170057700e-01
1.650513732886713750e+15,4.563329903821897737e-01
1.650513732888598000e+15,4.530505393357581734e-01
1.650513732890482000e+15,4.497685238009421216e-01
1.650513732892366000e+15,4.464865082661261808e-01
1.650513732894250250e+15,4.432040572196945805e-01
1.650513732896134250e+15,4.417864669110657672e-01
1.650513732898018250e+15,4.417864669110656561e-01
1.650513732899902250e+15,4.417864669110656006e-01
1.650513732901786500e+15,4.417864669110654896e-01
1.650513732903670500e+15,4.417864669110654341e-01
1.650513732905554500e+15,4.417864669110653786e-01
1.650513732907438500e+15,4.417864669110652676e-01
1.650513732909322750e+15,4.417864669110651565e-01
1.650513732911206750e+15,4.417864669110651010e-01
1.650513732913090750e+15,4.417864669110649900e-01
1.650513732914974750e+15,4.423344833534447185e-01
1.650513732916859000e+15,4.460256361025207728e-01
1.650513732918743000e+15,4.497162991139361243e-01
1.650513732920627000e+15,4.534069621253514759e-01
1.650513732922511250e+15,4.570981148744276412e-01
1.650513732924395250e+15,4.607887778858429373e-01
1.650513732926279250e+15,4.644794408972582889e-01
1.650513732928163250e+15,4.660442172785795312e-01
1.650513732930047500e+15,4.654705822898276280e-01
1.650513732931931500e+15,4.648970234102689503e-01
1.650513732933815500e+15,4.643234645307102171e-01
1.650513732935699500e+15,4.637499056511515949e-01
1.650513732937583750e+15,4.631762706623996917e-01
1.650513732939467750e+15,4.626027117828409585e-01
1.650513732941351750e+15,4.620291529032822808e-01
1.650513732943235750e+15,4.614555940237235476e-01
1.650513732945120000e+15,4.608819590349716999e-01
1.650513732947004000e+15,4.603084001554129667e-01
1.650513732948888000e+15,4.631157818530083903e-01
1.650513732950772250e+15,4.667638415511369265e-01
1.650513732952656250e+15,4.704114172291384288e-01
1.650513732954540250e+15,4.740589929071398201e-01
1.650513732956424250e+15,4.777065685851413779e-01
1.650513732958308500e+15,4.813546282832699696e-01
1.650513732960192500e+15,4.847002658047523949e-01
1.650513732962076500e+15,4.841804313224472578e-01
1.650513732963960500e+15,4.836605968401420652e-01
1.650513732965844750e+15,4.831406933776773993e-01
1.650513732967728750e+15,4.826208588953721512e-01
1.650513732969612750e+15,4.821010244130670142e-01
1.650513732971496750e+15,4.815811899307618216e-01
1.650513732973381000e+15,4.810612864682970446e-01
1.650513732975265000e+15,4.805414519859919631e-01
1.650513732977149000e+15,4.800216175036867705e-01
1.650513732979033250e+15,4.795017140412221046e-01
1.650513732980917250e+15,4.789818795589168565e-01
1.650513732982801250e+15,4.789950411806723762e-01
1.650513732984685250e+15,4.804548314594324077e-01
1.650513732986569500e+15,4.819148154470936363e-01
1.650513732988453500e+15,4.833746057258536122e-01
1.650513732990337500e+15,4.847379289718611872e-01
1.650513732992221500e+15,4.847379289718612982e-01
1.650513732994105750e+15,4.847379289718613538e-01
1.650513732995989750e+15,4.847379289718614093e-01
1.650513732997873750e+15,4.847379289718615203e-01
1.650513732999757750e+15,4.847379289718615203e-01
1.650513733001642000e+15,4.847379289718616313e-01
1.650513733003526000e+15,4.847379289718616868e-01
1.650513733005410000e+15,4.847379289718617423e-01
1.650513733007294250e+15,4.847379289718617978e-01
1.650513733009178250e+15,4.847379289718618534e-01
1.650513733011062250e+15,4.847379289718619644e-01
1.650513733012946250e+15,4.847379289718620754e-01
1.650513733014830500e+15,4.847379289718620754e-01
1.650513733016714500e+15,4.847379289718619644e-01
1.650513733018598500e+15,4.847379289718617978e-01
1.650513733020482500e+15,4.847379289718616868e-01
1.650513733022366750e+15,4.847379289718615203e-01
1.650513733024250750e+15,4.847379289718613538e-01
1.650513733026134750e+15,4.847379289718611872e-01
1.650513733028018750e+15,4.863604682911927823e-01
1.650513733029903000e+15,4.880918966997729314e-01
1.650513733031787000e+15,4.898230953845361668e-01
1.650513733033671000e+15,4.915542940692994578e-01
1.650513733035555250e+15,4.932857224778797178e-01
1.650513733037439250e+15,4.950169211626429533e-01
1.650513733039323250e+15,4.967481198474061888e-01
1.650513733041207250e+15,4.950658618240543207e-01
1.650513733043091500e+15,4.927755264044239025e-01
1.650513733044975500e+15,4.904854948637134004e-01
1.650513733046859500e+15,4.881954633230028984e-01
1.650513733048743500e+15,4.859054317822923963e-01
1.650513733050627750e+15,4.847379289718612982e-01
1.650513733052511750e+15,4.847379289718614093e-01
1.650513733054395750e+15,4.847379289718615203e-01
1.650513733056279750e+15,4.847379289718616313e-01
1.650513733058164000e+15,4.847379289718617978e-01
1.650513733060048000e+15,4.847379289718619089e-01
1.650513733061932000e+15,4.847379289718620754e-01
1.650513733063816250e+15,4.847379289718620754e-01
1.650513733065700250e+15,4.847379289718620199e-01
1.650513733067584250e+15,4.847379289718620754e-01
1.650513733069468250e+15,4.847379289718620754e-01
1.650513733071352500e+15,4.847379289718620199e-01
1.650513733073236500e+15,4.847379289718620754e-01
1.650513733075120500e+15,4.847379289718620199e-01
1.650513733077004500e+15,4.847379289718620754e-01
1.650513733078888750e+15,4.847379289718620199e-01
1.650513733080772750e+15,4.847379289718620199e-01
1.650513733082656750e+15,4.847379289718620199e-01
1.650513733084540750e+15,4.847379289718620754e-01
1.650513733086425000e+15,4.847379289718619644e-01
1.650513733088309000e+15,4.847379289718620754e-01
1.650513733090193000e+15,4.847379289718620754e-01
1.650513733092077250e+15,4.847379289718620754e-01
1.650513733093961250e+15,4.847379289718620199e-01
1.650513733095845250e+15,4.847379289718620754e-01
1.650513733097729250e+15,4.852981545514842843e-01
1.650513733099613500e+15,4.863461615491542767e-01
1.650513733101497500e+15,4.873940294985295019e-01
1.650513733103381500e+15,4.884418974479046716e-01
1.650513733105265500e+15,4.894897653972799523e-01
1.650513733107149750e+15,4.905377723949498892e-01
1.650513733109033750e+15,4.916059468141740219e-01
1.650513733110917750e+15,4.926837091876127284e-01
1.650513733112801750e+15,4.937614715610515459e-01
1.650513733114686000e+15,4.948393769496672312e-01
1.650513733116570000e+15,4.959171393231059932e-01
1.650513733118454000e+15,4.969949016965446442e-01
1.650513733120338250e+15,4.978915384175000569e-01
1.650513733122222250e+15,4.987855202609390304e-01
1.650513733124106250e+15,4.996795021043779483e-01
1.650513733125990250e+15,5.005734839478168663e-01
1.650513733127874500e+15,5.014675844194198540e-01
1.650513733129758500e+15,5.023615662628586609e-01
1.650513733131642500e+15,5.029101123564051479e-01
1.650513733133526500e+15,5.009928589825752843e-01
1.650513733135410750e+15,4.990753511961428801e-01
1.650513733137294750e+15,4.971580978223130165e-01
1.650513733139178750e+15,4.952408444484833194e-01
1.650513733141062750e+15,4.933235910746535113e-01
1.650513733142947000e+15,4.914060832882211072e-01
1.650513733144831000e+15,4.900430730337465568e-01
1.650513733146715000e+15,4.888930452564378415e-01
1.650513733148599250e+15,4.877428648745939510e-01
1.650513733150483250e+15,4.865928370972853467e-01
1.650513733152367250e+15,4.854428093199767424e-01
1.650513733154251250e+15,4.842927815426680827e-01
1.650513733156135500e+15,4.831426011608243032e-01
1.650513733158019500e+15,4.819925733835155324e-01
1.650513733159903500e+15,4.808425456062068726e-01
1.650513733161787500e+15,4.796925178288982683e-01
1.650513733163671750e+15,4.787656881148881216e-01
1.650513733165555750e+15,4.819204445646760315e-01
1.650513733167439750e+15,4.850752010144638859e-01
1.650513733169323750e+15,4.882299574642516848e-01
1.650513733171208000e+15,4.913851325388338687e-01
1.650513733173092000e+15,4.945398889886217786e-01
1.650513733174976000e+15,4.976946454384095775e-01
1.650513733176860250e+15,5.008498205129918723e-01
1.650513733178744250e+15,5.040045769627796712e-01
1.650513733180628250e+15,5.071593334125675812e-01
1.650513733182512250e+15,5.103140898623553801e-01
1.650513733184396500e+15,5.134692649369375639e-01
1.650513733186280500e+15,5.154175447295746837e-01
1.650513733188164500e+15,5.154175447295749057e-01
1.650513733190048500e+15,5.154175447295752388e-01
1.650513733191932750e+15,5.154175447295754608e-01
1.650513733193816750e+15,5.154175447295757939e-01
1.650513733195700750e+15,5.154175447295760160e-01
1.650513733197584750e+15,5.154175447295763490e-01
1.650513733199469000e+15,5.135525224950650003e-01
1.650513733201353000e+15,5.114230061982047992e-01
1.650513733203237000e+15,5.092934899013445982e-01
1.650513733205121250e+15,5.071636910253579655e-01
1.650513733207005250e+15,5.050341747284976535e-01
1.650513733208889250e+15,5.041782378717996060e-01
1.650513733210773250e+15,5.133004151986934049e-01
1.650513733212657500e+15,5.224238030055934345e-01
1.650513733214541500e+15,5.315459803324872334e-01
1.650513733216425500e+15,5.406681576593810323e-01
1.650513733218309500e+15,5.497903349862748312e-01
1.650513733220193750e+15,5.514743079302645290e-01
1.650513733222077750e+15,5.504382264409068970e-01
1.650513733223961750e+15,5.494021449515491540e-01
1.650513733225845750e+15,5.483660634621915220e-01
1.650513733227730000e+15,5.473298444885597025e-01
1.650513733229614000e+15,5.462937629992021815e-01
1.650513733231498000e+15,5.452576815098444385e-01
1.650513733233382250e+15,5.442214625362127300e-01
1.650513733235266250e+15,5.431853810468549870e-01
1.650513733237150250e+15,5.421492995574973550e-01
1.650513733239034250e+15,5.411132180681396120e-01
1.650513733240918500e+15,5.400769990945079035e-01
1.650513733242802500e+15,5.392722171791251018e-01
1.650513733244686500e+15,5.384965291151445621e-01
1.650513733246570500e+15,5.377208410511640224e-01
1.650513733248454750e+15,5.369450500561769868e-01
1.650513733250338750e+15,5.361693619921964471e-01
1.650513733252222750e+15,5.353936739282159074e-01
1.650513733254106750e+15,5.346179858642352567e-01
1.650513733255991000e+15,5.338421948692484431e-01
1.650513733257875000e+15,5.332784811876715159e-01
1.650513733259759000e+15,5.327194831597455993e-01
1.650513733261643250e+15,5.321604109547988237e-01
1.650513733263527250e+15,5.316014129268729071e-01
1.650513733265411250e+15,5.310424148989468796e-01
1.650513733267295250e+15,5.304834168710209630e-01
1.650513733269179500e+15,5.299243446660744095e-01
1.650513733271063500e+15,5.293653466381482708e-01
1.650513733272947500e+15,5.288063486102223543e-01
1.650513733274831500e+15,5.282473505822963267e-01
1.650513733276715750e+15,5.276923642477806542e-01
1.650513733278599750e+15,5.291861075243675661e-01
1.650513733280483750e+15,5.306798508009543669e-01
1.650513733282367750e+15,5.321735940775412788e-01
1.650513733284252000e+15,5.336675355684695754e-01
1.650513733286136000e+15,5.366153736904583083e-01
1.650513733288020000e+15,5.397349417081355183e-01
1.650513733289904250e+15,5.428549236812290069e-01
1.650513733291788250e+15,5.459744916989062169e-01
1.650513733293672250e+15,5.490940597165834269e-01
1.650513733295556250e+15,5.522136277342605259e-01
1.650513733297440500e+15,5.514396087699577897e-01
1.650513733299324500e+15,5.506412607576992579e-01
1.650513733301208500e+15,5.498429127454407261e-01
1.650513733303092500e+15,5.490445647331820833e-01
1.650513733304976750e+15,5.482461107830237657e-01
1.650513733306860750e+15,5.474477627707652339e-01
1.650513733308744750e+15,5.466494147585067021e-01
1.650513733310628750e+15,5.460971604872879581e-01
1.650513733312513000e+15,5.460971604872879581e-01
1.650513733314397000e+15,5.460971604872879581e-01
1.650513733316281000e+15,5.460971604872879581e-01
1.650513733318165250e+15,5.460971604872879581e-01
1.650513733320049250e+15,5.460971604872879581e-01
1.650513733321933250e+15,5.460971604872879581e-01
1.650513733323817250e+15,5.460971604872879581e-01
1.650513733325701500e+15,5.460971604872879581e-01
1.650513733327585500e+15,5.460971604872879581e-01
1.650513733329469500e+15,5.460971604872879581e-01
1.650513733331353500e+15,5.460971604872879581e-01
1.650513733333237750e+15,5.460971604872879581e-01
1.650513733335121750e+15,5.460971604872879581e-01
1.650513733337005750e+15,5.460971604872879581e-01
1.650513733338889750e+15,5.460971604872879581e-01
1.650513733340774000e+15,5.460971604872879581e-01
1.650513733342658000e+15,5.460971604872879581e-01
1.650513733344542000e+15,5.460971604872879581e-01
1.650513733346426250e+15,5.460971604872879581e-01
1.650513733348310250e+15,5.460971604872879581e-01
1.650513733350194250e+15,5.460971604872879581e-01
1.650513733352078250e+15,5.460971604872879581e-01
1.650513733353962500e+15,5.460971604872879581e-01
1.650513733355846500e+15,5.460971604872879581e-01
1.650513733357730500e+15,5.460971604872879581e-01
1.650513733359614500e+15,5.460971604872879581e-01
1.650513733361498750e+15,5.460971604872879581e-01
1.650513733363382750e+15,5.460971604872878471e-01
1.650513733365266750e+15,5.469368808794257131e-01
1.650513733367150750e+15,5.480147437435289870e-01
1.650513733369035000e+15,5.490927496361439619e-01
1.650513733370919000e+15,5.501706125002471248e-01
1.650513733372803000e+15,5.512484753643505098e-01
1.650513733374687250e+15,5.522330836388311681e-01
1.650513733376571250e+15,5.522330836388311681e-01
1.650513733378455250e+15,5.522330836388311681e-01
1.650513733380339250e+15,5.522330836388311681e-01
1.650513733382223500e+15,5.522330836388311681e-01
1.650513733384107500e+15,5.522330836388311681e-01
1.650513733385991500e+15,5.522330836388311681e-01
1.650513733387875500e+15,5.522330836388311681e-01
1.650513733389759750e+15,5.522330836388311681e-01
1.650513733391643750e+15,5.522330836388311681e-01
1.650513733393527750e+15,5.522330836388311681e-01
1.650513733395411750e+15,5.522330836388312791e-01
1.650513733397296000e+15,5.515634557416015937e-01
1.650513733399180000e+15,5.505493247461189510e-01
1.650513733401064000e+15,5.495351937506361972e-01
1.650513733402948250e+15,5.485209281836307404e-01
1.650513733404832250e+15,5.475067971881479867e-01
1.650513733406716250e+15,5.464926661926653439e-01
1.650513733408600250e+15,5.455386092253545760e-01
1.650513733410484500e+15,5.446228378829156558e-01
1.650513733412368500e+15,5.437071880439053873e-01
1.650513733414252500e+15,5.427915382048951187e-01
1.650513733416136500e+15,5.418758883658849612e-01
1.650513733418020750e+15,5.409601170234460410e-01
1.650513733419904750e+15,5.400444671844357725e-01
1.650513733421788750e+15,5.409356742738833379e-01
1.650513733423672750e+15,5.420075406825534126e-01
1.650513733425557000e+15,5.430795493240271332e-01
1.650513733427441000e+15,5.441514157326972079e-01
1.650513733429325000e+15,5.452232821413672825e-01
1.650513733431209250e+15,5.462952907828410032e-01
1.650513733433093250e+15,5.473671571915110778e-01
1.650513733434977250e+15,5.484390236001811525e-01
1.650513733436861250e+15,5.495108900088511161e-01
1.650513733438745500e+15,5.505828986503249478e-01
1.650513733440629500e+15,5.516547650589950225e-01
1.650513733442513500e+15,5.528602433278545503e-01
1.650513733444397500e+15,5.542222823527747089e-01
1.650513733446281750e+15,5.555845021153573704e-01
1.650513733448165750e+15,5.569465411402775290e-01
1.650513733450049750e+15,5.583085801651976876e-01
1.650513733451933750e+15,5.596706191901178462e-01
1.650513733453818000e+15,5.610328389527006188e-01
1.650513733455702000e+15,5.623948779776206663e-01
1.650513733457586000e+15,5.637569170025409360e-01
1.650513733459470250e+15,5.651191367651235975e-01
1.650513733461354250e+15,5.664811757900437561e-01
1.650513733463238250e+15,5.678432148149639147e-01
1.650513733465122250e+15,5.692052538398840733e-01
1.650513733467006500e+15,5.705674736024668459e-01
1.650513733468890500e+15,5.767707581054386523e-01
1.650513733470774500e+15,5.832497152120694750e-01
1.650513733472658500e+15,5.897286723187002977e-01
1.650513733474542750e+15,5.947753390880780033e-01
1.650513733476426750e+15,5.921861022915634321e-01
1.650513733478310750e+15,5.895968654950487498e-01
1.650513733480194750e+15,5.870076286985341785e-01
1.650513733482079000e+15,5.844180483196420584e-01
1.650513733483963000e+15,5.818288115231273760e-01
1.650513733485847000e+15,5.792395747266126937e-01
1.650513733487731250e+15,5.769175352579489768e-01
1.650513733489615250e+15,5.797922233922753188e-01
1.650513733491499250e+15,5.826669115266017718e-01
1.650513733493383250e+15,5.855415996609281137e-01
1.650513733495267500e+15,5.884166692559943401e-01
1.650513733497151500e+15,5.912913573903206821e-01
1.650513733499035500e+15,5.941660455246470240e-01
1.650513733500919500e+15,5.944247380333151920e-01
1.650513733502803750e+15,5.932478637256713982e-01
1.650513733504687750e+15,5.920711455642803100e-01
1.650513733506571750e+15,5.908944274028892218e-01
1.650513733508455750e+15,5.897177092414981336e-01
1.650513733510340000e+15,5.885408349338543399e-01
1.650513733512224000e+15,5.873641167724632517e-01
1.650513733514108000e+15,5.861873986110721635e-01
1.650513733515992250e+15,5.850105243034282587e-01
1.650513733517876250e+15,5.838338061420371705e-01
1.650513733519760250e+15,5.835208185157958471e-01
1.650513733521644250e+15,5.863203210708911595e-01
1.650513733523528500e+15,5.891201951098711254e-01
1.650513733525412500e+15,5.919196976649663267e-01
1.650513733527296500e+15,5.947192002200616390e-01
1.650513733529180500e+15,5.975187027751570623e-01
1.650513733531064750e+15,6.003185768141369172e-01
1.650513733532948750e+15,6.013204688511717411e-01
1.650513733534832750e+15,6.013204688511717411e-01
1.650513733536716750e+15,6.013204688511718521e-01
1.650513733538601000e+15,6.013204688511719631e-01
1.650513733540485000e+15,6.013204688511721852e-01
1.650513733542369000e+15,6.013204688511722962e-01
1.650513733544253250e+15,6.013204688511722962e-01
1.650513733546137250e+15,6.008135264917902063e-01
1.650513733548021250e+15,5.995972521777802600e-01
1.650513733549905250e+15,5.983809778637704246e-01
1.650513733551789500e+15,5.971645421545490606e-01
1.650513733553673500e+15,5.959482678405392253e-01
1.650513733555557500e+15,5.947319935265293900e-01
1.650513733557441500e+15,5.935157192125195547e-01
1.650513733559325750e+15,5.922992835032980796e-01
1.650513733561209750e+15,5.910830091892883553e-01
1.650513733563093750e+15,5.898667348752784090e-01
1.650513733564977750e+15,5.895819273118571013e-01
1.650513733566862000e+15,5.912112414604329125e-01
1.650513733568746000e+15,5.928403394335874932e-01
1.650513733570630000e+15,5.944694374067422959e-01
1.650513733572514250e+15,5.960987515553179961e-01
1.650513733574398250e+15,5.977278495284727988e-01
1.650513733576282250e+15,5.993569475016273795e-01
1.650513733578166250e+15,6.009860454747820713e-01
1.650513733580050500e+15,6.026153596233578824e-01
1.650513733581934500e+15,6.042444575965125741e-01
1.650513733583818500e+15,6.058735555696672659e-01
1.650513733585702500e+15,6.074139796140047842e-01
1.650513733587586750e+15,6.059202311387730244e-01
1.650513733589470750e+15,6.044266808522733569e-01
1.650513733591354750e+15,6.029331305657738005e-01
1.650513733593238750e+15,6.014395802792742440e-01
1.650513733595123000e+15,5.999458318040424842e-01
1.650513733597007000e+15,5.984522815175429278e-01
1.650513733598891000e+15,5.969587312310432603e-01
1.650513733600775250e+15,5.954649827558115005e-01
1.650513733602659250e+15,5.961793011189149283e-01
1.650513733604543250e+15,5.974040155184809908e-01
1.650513733606427250e+15,5.986287299180470534e-01
1.650513733608311500e+15,5.998536068327935400e-01
1.650513733610195500e+15,6.010783212323596025e-01
1.650513733612079500e+15,6.008313618032024017e-01
1.650513733613963500e+15,6.002217172922064137e-01
1.650513733615847750e+15,5.996119918835842721e-01
1.650513733617731750e+15,5.990023473725882841e-01
1.650513733619615750e+15,5.983927028615922961e-01
1.650513733621499750e+15,5.977830583505963080e-01
1.650513733623384000e+15,5.971733329419741665e-01
1.650513733625268000e+15,5.965636884309781784e-01
1.650513733627152000e+15,5.959540439199821904e-01
1.650513733629036250e+15,5.953443185113600489e-01
1.650513733630920250e+15,5.962543979804869609e-01
1.650513733632804250e+15,5.977042103862695299e-01
1.650513733634688250e+15,5.991540227920519879e-01
1.650513733636572500e+15,6.006040275827080333e-01
1.650513733638456500e+15,6.020538399884904912e-01
1.650513733640340500e+15,6.035036523942731712e-01
1.650513733642224500e+15,6.049534648000558512e-01
1.650513733644108750e+15,6.064034695907116745e-01
1.650513733645992750e+15,6.074563920027138408e-01
1.650513733647876750e+15,6.074563920027138408e-01
1.650513733649760750e+15,6.074563920027137298e-01
1.650513733651645000e+15,6.074563920027138408e-01
1.650513733653529000e+15,6.074563920027138408e-01
1.650513733655413000e+15,6.074563920027138408e-01
1.650513733657297250e+15,6.074563920027138408e-01
1.650513733659181250e+15,6.074563920027138408e-01
1.650513733661065250e+15,6.074563920027138408e-01
1.650513733662949250e+15,6.074563920027138408e-01
1.650513733664833500e+15,6.074563920027138408e-01
1.650513733666717500e+15,6.078633568698638134e-01
1.650513733668601500e+15,6.102334397437756408e-01
1.650513733670485500e+15,6.126035226176874682e-01
1.650513733672369750e+15,6.149739199930421840e-01
1.650513733674253750e+15,6.173440028669539004e-01
1.650513733676137750e+15,6.197140857408658388e-01
1.650513733678021750e+15,6.188615125491186975e-01
1.650513733679906000e+15,6.179894644876999799e-01
1.650513733681790000e+15,6.171175321285582438e-01
1.650513733683674000e+15,6.162455997694163967e-01
1.650513733685558250e+15,6.153735517079974571e-01
1.650513733687442250e+15,6.145016193488556100e-01
1.650513733689326250e+15,6.136296869897138739e-01
1.650513733691210250e+15,6.147661538369452172e-01
1.650513733693094500e+15,6.159927200578547701e-01
1.650513733694978500e+15,6.172191235394488551e-01
1.650513733696862500e+15,6.184455270210429401e-01
1.650513733698746500e+15,6.196719305026370250e-01
1.650513733700630750e+15,6.208984967235464669e-01
1.650513733702514750e+15,6.221249002051405519e-01
1.650513733704398750e+15,6.233513036867346369e-01
1.650513733706282750e+15,6.245777071683288328e-01
1.650513733708167000e+15,6.258042733892382747e-01
1.650513733710051000e+15,6.258641614573416945e-01
1.650513733711935000e+15,6.258641614573416945e-01
1.650513733713819250e+15,6.258641614573416945e-01
1.650513733715703250e+15,6.258641614573416945e-01
1.650513733717587250e+15,6.258641614573416945e-01
1.650513733719471250e+15,6.258641614573416945e-01
1.650513733721355500e+15,6.258641614573416945e-01
1.650513733723239500e+15,6.258641614573415834e-01
1.650513733725123500e+15,6.258641614573416945e-01
1.650513733727007500e+15,6.258641614573416945e-01
1.650513733728891750e+15,6.258641614573416945e-01
1.650513733730775750e+15,6.258641614573416945e-01
1.650513733732659750e+15,6.258641614573416945e-01
1.650513733734543750e+15,6.258641614573416945e-01
1.650513733736428000e+15,6.258641614573416945e-01
1.650513733738312000e+15,6.258641614573416945e-01
1.650513733740196000e+15,6.258641614573416945e-01
1.650513733742080250e+15,6.265705893530789661e-01
1.650513733743964250e+15,6.275848093230302904e-01
1.650513733745848250e+15,6.285990292929817258e-01
1.650513733747732250e+15,6.296132492629331612e-01
1.650513733749616500e+15,6.306276038162139663e-01
1.650513733751500500e+15,6.316418237861654017e-01
1.650513733753384500e+15,6.326560437561168371e-01
1.650513733755268500e+15,6.336702637260683835e-01
1.650513733757152750e+15,6.346846182793491886e-01
1.650513733759036750e+15,6.356988382493006240e-01
1.650513733760920750e+15,6.367130582192519483e-01
1.650513733762804750e+15,6.377272781892033837e-01
1.650513733764689000e+15,6.375772935924396423e-01
1.650513733766573000e+15,6.366416335991164077e-01
1.650513733768457000e+15,6.357059736057930621e-01
1.650513733770341250e+15,6.347701894537658429e-01
1.650513733772225250e+15,6.338345294604424973e-01
1.650513733774109250e+15,6.328988694671191517e-01
1.650513733775993250e+15,6.320397289087441584e-01
1.650513733777877500e+15,6.330457864442726734e-01
1.650513733779761500e+15,6.340517104973103502e-01
1.650513733781645500e+15,6.350576345503478048e-01
1.650513733783529500e+15,6.360635586033854816e-01
1.650513733785413750e+15,6.370696161389141077e-01
1.650513733787297750e+15,6.380755401919515624e-01
1.650513733789181750e+15,6.381360077604262271e-01
1.650513733791065750e+15,6.381360077604261161e-01
1.650513733792950000e+15,6.381360077604258940e-01
1.650513733794834000e+15,6.381360077604256720e-01
1.650513733796718000e+15,6.381360077604255610e-01
1.650513733798602250e+15,6.381360077604254499e-01
1.650513733800486250e+15,6.381360077604254499e-01
1.650513733802370250e+15,6.381360077604254499e-01
1.650513733804254250e+15,6.381360077604254499e-01
1.650513733806138500e+15,6.381360077604254499e-01
1.650513733808022500e+15,6.381360077604254499e-01
1.650513733809906500e+15,6.381360077604254499e-01
1.650513733811790500e+15,6.381360077604254499e-01
1.650513733813674750e+15,6.381360077604254499e-01
1.650513733815558750e+15,6.381360077604253389e-01
1.650513733817442750e+15,6.381360077604254499e-01
1.650513733819326750e+15,6.381360077604253389e-01
1.650513733821211000e+15,6.381360077604253389e-01
1.650513733823095000e+15,6.381360077604254499e-01
1.650513733824979000e+15,6.381360077604254499e-01
1.650513733826863250e+15,6.381360077604254499e-01
1.650513733828747250e+15,6.381360077604254499e-01
1.650513733830631250e+15,6.381360077604254499e-01
1.650513733832515250e+15,6.381360077604253389e-01
1.650513733834399500e+15,6.381360077604254499e-01
1.650513733836283500e+15,6.381360077604254499e-01
1.650513733838167500e+15,6.381360077604254499e-01
1.650513733840051500e+15,6.381360077604254499e-01
1.650513733841935750e+15,6.381360077604254499e-01
1.650513733843819750e+15,6.381360077604253389e-01
1.650513733845703750e+15,6.381360077604254499e-01
1.650513733847587750e+15,6.381360077604254499e-01
1.650513733849472000e+15,6.381360077604254499e-01
1.650513733851356000e+15,6.381360077604254499e-01
1.650513733853240000e+15,6.381360077604254499e-01
1.650513733855124250e+15,6.381360077604254499e-01
1.650513733857008250e+15,6.381360077604254499e-01
1.650513733858892250e+15,6.381360077604254499e-01
1.650513733860776250e+15,6.381360077604254499e-01
1.650513733862660500e+15,6.381360077604254499e-01
1.650513733864544500e+15,6.381360077604254499e-01
1.650513733866428500e+15,6.381360077604253389e-01
1.650513733868312500e+15,6.381360077604254499e-01
1.650513733870196750e+15,6.381360077604254499e-01
1.650513733872080750e+15,6.381360077604254499e-01
1.650513733873964750e+15,6.381360077604253389e-01
1.650513733875848750e+15,6.381360077604253389e-01
1.650513733877733000e+15,6.381360077604254499e-01
1.650513733879617000e+15,6.381360077604254499e-01
1.650513733881501000e+15,6.381360077604254499e-01
1.650513733883385250e+15,6.381360077604254499e-01
1.650513733885269250e+15,6.381360077604254499e-01
1.650513733887153250e+15,6.381360077604254499e-01
1.650513733889037250e+15,6.381360077604255610e-01
1.650513733890921500e+15,6.381360077604254499e-01
1.650513733892805500e+15,6.381360077604255610e-01
1.650513733894689500e+15,6.381360077604254499e-01
1.650513733896573500e+15,6.381360077604254499e-01
1.650513733898457750e+15,6.381360077604255610e-01
1.650513733900341750e+15,6.381360077604254499e-01
1.650513733902225750e+15,6.381360077604254499e-01
1.650513733904109750e+15,6.381360077604254499e-01
1.650513733905994000e+15,6.381360077604254499e-01
1.650513733907878000e+15,6.381360077604254499e-01
1.650513733909762000e+15,6.381360077604254499e-01
1.650513733911646250e+15,6.381360077604254499e-01
1.650513733913530250e+15,6.381360077604255610e-01
1.650513733915414250e+15,6.381360077604254499e-01
1.650513733917298250e+15,6.381360077604254499e-01
1.650513733919182500e+15,6.381360077604254499e-01
1.650513733921066500e+15,6.381360077604254499e-01
1.650513733922950500e+15,6.381360077604254499e-01
1.650513733924834500e+15,6.381360077604254499e-01
1.650513733926718750e+15,6.381360077604254499e-01
1.650513733928602750e+15,6.381360077604254499e-01
1.650513733930486750e+15,6.381360077604254499e-01
1.650513733932370750e+15,6.381360077604254499e-01
1.650513733934255000e+15,6.381360077604254499e-01
1.650513733936139000e+15,6.381360077604254499e-01
1.650513733938023000e+15,6.381360077604254499e-01
1.650513733939907250e+15,6.381360077604256720e-01
1.650513733941791250e+15,6.381360077604258940e-01
1.650513733943675250e+15,6.381360077604260050e-01
1.650513733945559250e+15,6.381360077604261161e-01
1.650513733947443500e+15,6.381360077604263381e-01
1.650513733949327500e+15,6.381360077604264491e-01
1.650513733951211500e+15,6.381360077604265602e-01
1.650513733953095500e+15,6.381360077604267822e-01
1.650513733954979750e+15,6.381360077604268932e-01
1.650513733956863750e+15,6.381360077604271153e-01
1.650513733958747750e+15,6.381360077604273373e-01
1.650513733960631750e+15,6.381360077604272263e-01
1.650513733962516000e+15,6.381360077604272263e-01
1.650513733964400000e+15,6.381360077604272263e-01
1.650513733966284000e+15,6.381360077604272263e-01
1.650513733968168250e+15,6.381360077604272263e-01
1.650513733970052250e+15,6.381360077604272263e-01
1.650513733971936250e+15,6.381360077604272263e-01
1.650513733973820250e+15,6.381360077604272263e-01
1.650513733975704500e+15,6.381360077604272263e-01
1.650513733977588500e+15,6.381360077604272263e-01
1.650513733979472500e+15,6.381360077604272263e-01
1.650513733981356500e+15,6.381360077604272263e-01
1.650513733983240750e+15,6.381360077604272263e-01
1.650513733985124750e+15,6.381360077604272263e-01
1.650513733987008750e+15,6.381360077604272263e-01
1.650513733988892750e+15,6.381360077604272263e-01
1.650513733990777000e+15,6.381360077604272263e-01
1.650513733992661000e+15,6.381360077604272263e-01
1.650513733994545000e+15,6.381360077604272263e-01
1.650513733996429250e+15,6.381360077604272263e-01
1.650513733998313250e+15,6.381360077604272263e-01
1.650513734000197250e+15,6.381360077604272263e-01
1.650513734002081250e+15,6.381360077604272263e-01
1.650513734003965500e+15,6.381360077604271153e-01
1.650513734005849500e+15,6.381360077604272263e-01
1.650513734007733500e+15,6.381360077604271153e-01
1.650513734009617500e+15,6.381360077604272263e-01
1.650513734011501750e+15,6.381360077604271153e-01
1.650513734013385750e+15,6.381360077604272263e-01
1.650513734015269750e+15,6.381360077604272263e-01
1.650513734017153750e+15,6.381360077604272263e-01
1.650513734019038000e+15,6.381360077604272263e-01
1.650513734020922000e+15,6.381360077604272263e-01
1.650513734022806000e+15,6.381360077604272263e-01
1.650513734024690250e+15,6.381360077604272263e-01
1.650513734026574250e+15,6.381360077604272263e-01
1.650513734028458250e+15,6.381360077604271153e-01
1.650513734030342250e+15,6.381360077604271153e-01
1.650513734032226500e+15,6.381360077604272263e-01
1.650513734034110500e+15,6.381360077604272263e-01
1.650513734035994500e+15,6.381360077604272263e-01
1.650513734037878500e+15,6.381360077604272263e-01
1.650513734039762750e+15,6.381360077604272263e-01
1.650513734041646750e+15,6.381360077604272263e-01
1.650513734043530750e+15,6.381360077604272263e-01
1.650513734045414750e+15,6.381360077604272263e-01
1.650513734047299000e+15,6.381360077604272263e-01
1.650513734049183000e+15,6.381360077604271153e-01
1.650513734051067000e+15,6.381360077604272263e-01
1.650513734052951250e+15,6.381360077604275594e-01
1.650513734054835250e+15,6.381360077604278924e-01
1.650513734056719250e+15,6.381360077604282255e-01
1.650513734058603250e+15,6.381360077604285586e-01
1.650513734060487500e+15,6.381360077604287806e-01
1.650513734062371500e+15,6.399188635412894621e-01
1.650513734064255500e+15,6.435442281296770428e-01
1.650513734066139500e+15,6.471695927180645125e-01
1.650513734068023750e+15,6.507954383792478037e-01
1.650513734069907750e+15,6.544208029676353844e-01
1.650513734071791750e+15,6.558578347751113924e-01
1.650513734073675750e+15,6.542026115194545799e-01
1.650513734075560000e+15,6.525471686216463008e-01
1.650513734077444000e+15,6.508919453659895993e-01
1.650513734079328000e+15,6.492367221103328978e-01
1.650513734081212250e+15,6.475812792125243966e-01
1.650513734083096250e+15,6.459260559568678062e-01
1.650513734084980250e+15,6.442708327012111047e-01
1.650513734086864250e+15,6.426156094455544032e-01
1.650513734088748500e+15,6.409601665477459020e-01
1.650513734090632500e+15,6.393049432920892006e-01
1.650513734092516500e+15,6.388260653556279145e-01
1.650513734094400500e+15,6.411748792840070710e-01
1.650513734096284750e+15,6.435240048915167321e-01
1.650513734098168750e+15,6.458728188198961107e-01
1.650513734100052750e+15,6.482216327482752671e-01
1.650513734101936750e+15,6.505704466766544236e-01
1.650513734103821000e+15,6.529195722841643068e-01
1.650513734105705000e+15,6.552683862125434633e-01
1.650513734107589000e+15,6.562680161839724580e-01
1.650513734109473250e+15,6.556645287010256506e-01
1.650513734111357250e+15,6.550611212880647072e-01
1.650513734113241250e+15,6.544577138751036527e-01
1.650513734115125250e+15,6.538543064621427092e-01
1.650513734117009500e+15,6.532508189791957909e-01
1.650513734118893500e+15,6.526474115662348474e-01
1.650513734120777500e+15,6.520440041532737929e-01
1.650513734122661500e+15,6.514405967403127384e-01
1.650513734124545750e+15,6.508371092573659311e-01
1.650513734126429750e+15,6.509431782855176207e-01
1.650513734128313750e+15,6.527979844174881530e-01
1.650513734130197750e+15,6.546527905494584632e-01
1.650513734132082000e+15,6.565078428075079575e-01
1.650513734133966000e+15,6.583626489394783787e-01
1.650513734135850000e+15,6.602174550714489110e-01
1.650513734137734250e+15,6.620725073294984053e-01
1.650513734139618250e+15,6.623201780522913751e-01
1.650513734141502250e+15,6.617856820647982641e-01
1.650513734143386250e+15,6.612511860773049310e-01
1.650513734145270500e+15,6.607166191641233866e-01
1.650513734147154500e+15,6.601821231766300535e-01
1.650513734149038500e+15,6.596476271891367205e-01
1.650513734150922500e+15,6.591131312016434984e-01
1.650513734152806750e+15,6.585785642884618429e-01
1.650513734154690750e+15,6.580440683009686209e-01
1.650513734156574750e+15,6.575095723134753989e-01
1.650513734158458750e+15,6.569750763259822879e-01
1.650513734160343000e+15,6.565437772150550799e-01
1.650513734162227000e+15,6.565437772150550799e-01
1.650513734164111000e+15,6.565437772150550799e-01
1.650513734165995250e+15,6.565437772150550799e-01
1.650513734167879250e+15,6.565437772150550799e-01
1.650513734169763250e+15,6.565437772150550799e-01
1.650513734171647250e+15,6.565437772150550799e-01
1.650513734173531500e+15,6.565437772150550799e-01
1.650513734175415500e+15,6.565437772150550799e-01
1.650513734177299500e+15,6.565437772150550799e-01
1.650513734179183500e+15,6.565437772150550799e-01
1.650513734181067750e+15,6.571880380642924901e-01
1.650513734182951750e+15,6.582319317989417939e-01
1.650513734184835750e+15,6.592758255335910977e-01
1.650513734186719750e+15,6.603197192682402905e-01
1.650513734188604000e+15,6.613637515238203202e-01
1.650513734190488000e+15,6.624076452584696240e-01
1.650513734192372000e+15,6.622673033314677715e-01
1.650513734194256250e+15,6.617094719506757539e-01
1.650513734196140250e+15,6.611517145822735086e-01
1.650513734198024250e+15,6.605939572138712634e-01
1.650513734199908250e+15,6.600361998454689072e-01
1.650513734201792500e+15,6.594783684646770006e-01
1.650513734203676500e+15,6.589206110962746443e-01
1.650513734205560500e+15,6.583628537278723991e-01
1.650513734207444500e+15,6.578050963594702649e-01
1.650513734209328750e+15,6.572472649786782473e-01
1.650513734211212750e+15,6.566895076102760020e-01
1.650513734213096750e+15,6.565437772150550799e-01
1.650513734214980750e+15,6.565437772150550799e-01
1.650513734216865000e+15,6.565437772150550799e-01
1.650513734218749000e+15,6.565437772150550799e-01
1.650513734220633000e+15,6.565437772150550799e-01
1.650513734222517250e+15,6.565437772150551909e-01
1.650513734224401250e+15,6.565437772150550799e-01
1.650513734226285250e+15,6.565437772150550799e-01
1.650513734228169250e+15,6.565437772150550799e-01
1.650513734230053500e+15,6.565437772150550799e-01
1.650513734231937500e+15,6.565437772150550799e-01
1.650513734233821500e+15,6.565437772150550799e-01
1.650513734235705500e+15,6.568286460559660256e-01
1.650513734237589750e+15,6.573300604543653725e-01
1.650513734239473750e+15,6.578314083257117417e-01
1.650513734241357750e+15,6.583327561970581110e-01
1.650513734243241750e+15,6.588341040684043692e-01
1.650513734245126000e+15,6.593355184668037161e-01
1.650513734247010000e+15,6.598368663381499744e-01
1.650513734248894000e+15,6.603382142094964546e-01
1.650513734250778250e+15,6.608396286078956905e-01
1.650513734252662250e+15,6.613409764792421708e-01
1.650513734254546250e+15,6.618423243505884290e-01
1.650513734256430250e+15,6.623436722219347983e-01
1.650513734258314500e+15,6.628622244770011607e-01
1.650513734260198500e+15,6.634155236306654713e-01
1.650513734262082500e+15,6.639688227843297819e-01
1.650513734263966500e+15,6.645221219379940925e-01
1.650513734265850750e+15,6.650754945124591755e-01
1.650513734267734750e+15,6.656287936661234861e-01
1.650513734269618750e+15,6.661820928197877967e-01
1.650513734271502750e+15,6.667353919734521073e-01
1.650513734273387000e+15,6.672887645479173013e-01
1.650513734275271000e+15,6.678420637015816119e-01
1.650513734277155000e+15,6.683953628552459225e-01
1.650513734279039250e+15,6.683113886947452675e-01
1.650513734280923250e+15,6.662154628099647979e-01
1.650513734282807250e+15,6.641195369251844394e-01
1.650513734284691250e+15,6.620236110404039698e-01
1.650513734286575500e+15,6.599274070338235765e-01
1.650513734288459500e+15,6.578314811490431069e-01
1.650513734290343500e+15,6.557355552642626373e-01
1.650513734292227500e+15,6.536396293794821677e-01
1.650513734294111750e+15,6.515434253729016634e-01
1.650513734295995750e+15,6.494474994881213048e-01
1.650513734297879750e+15,6.473515736033408352e-01
1.650513734299763750e+15,6.452556477185603656e-01
1.650513734301648000e+15,6.453743245791530025e-01
1.650513734303532000e+15,6.474512342481264504e-01
1.650513734305416000e+15,6.495281439170998983e-01
1.650513734307300250e+15,6.516053291844903228e-01
1.650513734309184250e+15,6.536822388534637707e-01
1.650513734311068250e+15,6.557591485224372185e-01
1.650513734312952250e+15,6.554002420935296502e-01
1.650513734314836500e+15,6.535621477853748029e-01
1.650513734316720500e+15,6.517242973533388106e-01
1.650513734318604500e+15,6.498864469213030404e-01
1.650513734320488500e+15,6.480485964892670481e-01
1.650513734322372750e+15,6.462105021811123118e-01
1.650513734324256750e+15,6.443726517490764305e-01
1.650513734326140750e+15,6.442719309119703253e-01
1.650513734328024750e+15,6.442719309119704363e-01
1.650513734329909000e+15,6.442719309119704363e-01
1.650513734331793000e+15,6.442719309119704363e-01
1.650513734333677000e+15,6.442719309119704363e-01
1.650513734335561250e+15,6.442719309119705473e-01
1.650513734337445250e+15,6.442719309119704363e-01
1.650513734339329250e+15,6.442719309119704363e-01
1.650513734341213250e+15,6.442719309119704363e-01
1.650513734343097500e+15,6.442719309119704363e-01
1.650513734344981500e+15,6.435346155818943981e-01
1.650513734346865500e+15,6.427258225211299747e-01
1.650513734348749500e+15,6.419170294603653293e-01
1.650513734350633750e+15,6.411081290756810436e-01
1.650513734352517750e+15,6.402993360149163982e-01
1.650513734354401750e+15,6.394905429541518638e-01
1.650513734356285750e+15,6.386817498933873294e-01
1.650513734358170000e+15,6.383084583996411210e-01
1.650513734360054000e+15,6.388384698258713357e-01
1.650513734361938000e+15,6.393684812521014393e-01
1.650513734363822250e+15,6.398985630089348842e-01
1.650513734365706250e+15,6.404285744351649878e-01
1.650513734367590250e+15,6.409585858613950915e-01
1.650513734369474250e+15,6.414885972876253062e-01
1.650513734371358500e+15,6.420186790444587510e-01
1.650513734373242500e+15,6.425486904706888547e-01
1.650513734375126500e+15,6.430787018969189583e-01
1.650513734377010500e+15,6.436087133231490620e-01
1.650513734378894750e+15,6.441387950799825068e-01
1.650513734380778750e+15,6.442719309119694371e-01
1.650513734382662750e+15,6.442719309119695481e-01
1.650513734384546750e+15,6.442719309119695481e-01
1.650513734386431000e+15,6.442719309119695481e-01
1.650513734388315000e+15,6.442719309119695481e-01
1.650513734390199000e+15,6.442719309119695481e-01
1.650513734392083250e+15,6.442719309119694371e-01
1.650513734393967250e+15,6.442719309119691040e-01
1.650513734395851250e+15,6.442719309119687709e-01
1.650513734397735250e+15,6.442719309119684379e-01
1.650513734399619500e+15,6.442719309119679938e-01
1.650513734401503500e+15,6.442719309119678828e-01
1.650513734403387500e+15,6.442719309119678828e-01
1.650513734405271500e+15,6.442719309119677717e-01
1.650513734407155750e+15,6.442719309119677717e-01
1.650513734409039750e+15,6.442719309119677717e-01
1.650513734410923750e+15,6.442719309119677717e-01
1.650513734412807750e+15,6.442719309119677717e-01
1.650513734414692000e+15,6.442719309119677717e-01
1.650513734416576000e+15,6.442719309119679938e-01
1.650513734418460000e+15,6.442719309119683269e-01
1.650513734420344250e+15,6.442719309119686599e-01
1.650513734422228250e+15,6.442719309119689930e-01
1.650513734424112250e+15,6.442719309119693261e-01
1.650513734425996250e+15,6.447909469680209726e-01
1.650513734427880500e+15,6.457256719416077928e-01
1.650513734429764500e+15,6.466602728970209935e-01
1.650513734431648500e+15,6.475948738524340831e-01
1.650513734433532500e+15,6.485294748078473948e-01
1.650513734435416750e+15,6.494641997814339929e-01
1.650513734437300750e+15,6.503988007368473045e-01
1.650513734439184750e+15,6.498812868117759267e-01
1.650513734441068750e+15,6.493495688955112088e-01
1.650513734442953000e+15,6.488177804221982869e-01
1.650513734444837000e+15,6.482860625059336801e-01
1.650513734446721000e+15,6.477543445896689622e-01
1.650513734448605250e+15,6.472225561163561514e-01
1.650513734450489250e+15,6.466908382000914335e-01
1.650513734452373250e+15,6.461591202838268266e-01
1.650513734454257250e+15,6.456274023675622198e-01
1.650513734456141500e+15,6.450956138942491869e-01
1.650513734458025500e+15,6.445638959779846910e-01
1.650513734459909500e+15,6.442719309119677717e-01
1.650513734461793500e+15,6.442719309119677717e-01
1.650513734463677750e+15,6.442719309119677717e-01
1.650513734465561750e+15,6.442719309119677717e-01
1.650513734467445750e+15,6.442719309119676607e-01
1.650513734469329750e+15,6.442719309119677717e-01
1.650513734471214000e+15,6.442719309119677717e-01
1.650513734473098000e+15,6.442719309119677717e-01
1.650513734474982000e+15,6.442719309119677717e-01
1.650513734476866250e+15,6.442719309119677717e-01
1.650513734478750250e+15,6.442719309119677717e-01
1.650513734480634250e+15,6.442719309119677717e-01
1.650513734482518250e+15,6.442719309119677717e-01
1.650513734484402500e+15,6.442719309119677717e-01
1.650513734486286500e+15,6.442719309119682158e-01
1.650513734488170500e+15,6.442719309119684379e-01
1.650513734490054500e+15,6.442719309119687709e-01
1.650513734491938750e+15,6.442719309119691040e-01
1.650513734493822750e+15,6.442719309119694371e-01
1.650513734495706750e+15,6.442719309119696591e-01
1.650513734497590750e+15,6.442719309119695481e-01
1.650513734499475000e+15,6.442719309119695481e-01
1.650513734501359000e+15,6.442719309119695481e-01
1.650513734503243000e+15,6.442719309119695481e-01
1.650513734505127250e+15,6.442719309119695481e-01
1.650513734507011250e+15,6.442719309119695481e-01
1.650513734508895250e+15,6.442719309119695481e-01
1.650513734510779250e+15,6.442719309119695481e-01
1.650513734512663500e+15,6.442719309119695481e-01
1.650513734514547500e+15,6.442719309119695481e-01
1.650513734516431500e+15,6.442719309119695481e-01
1.650513734518315500e+15,6.442719309119695481e-01
1.650513734520199750e+15,6.442719309119695481e-01
1.650513734522083750e+15,6.442719309119695481e-01
1.650513734523967750e+15,6.442719309119695481e-01
1.650513734525851750e+15,6.442719309119695481e-01
1.650513734527736000e+15,6.445532597448362377e-01
1.650513734529620000e+15,6.469734584714157410e-01
1.650513734531504000e+15,6.493936571979950223e-01
1.650513734533388250e+15,6.518141770762102549e-01
1.650513734535272250e+15,6.542343758027896472e-01
1.650513734537156250e+15,6.564603298212012827e-01
1.650513734539040250e+15,6.546375484876304496e-01
1.650513734540924500e+15,6.528145252775556795e-01
1.650513734542808500e+15,6.509917439439847353e-01
1.650513734544692500e+15,6.491689626104137911e-01
1.650513734546576500e+15,6.473461812768429580e-01
1.650513734548460750e+15,6.455231580667681879e-01
1.650513734550344750e+15,6.448722615846713691e-01
1.650513734552228750e+15,6.467868159433178832e-01
1.650513734554112750e+15,6.487013703019640642e-01
1.650513734555997000e+15,6.506161787150634979e-01
1.650513734557881000e+15,6.525307330737099010e-01
1.650513734559765000e+15,6.544452874323561931e-01
1.650513734561649250e+15,6.563600958454557377e-01
1.650513734563533250e+15,6.565437772150550799e-01
1.650513734565417250e+15,6.565437772150550799e-01
1.650513734567301250e+15,6.565437772150550799e-01
1.650513734569185500e+15,6.565437772150550799e-01
1.650513734571069500e+15,6.565437772150550799e-01
1.650513734572953500e+15,6.565437772150550799e-01
1.650513734574837500e+15,6.565437772150550799e-01
1.650513734576721750e+15,6.565437772150550799e-01
1.650513734578605750e+15,6.565437772150550799e-01
1.650513734580489750e+15,6.565437772150549689e-01
1.650513734582373750e+15,6.565437772150550799e-01
1.650513734584258000e+15,6.577011534624024325e-01
1.650513734586142000e+15,6.596155492920795504e-01
1.650513734588026000e+15,6.615299451217567794e-01
1.650513734589910250e+15,6.634445949848508661e-01
1.650513734591794250e+15,6.653589908145280951e-01
1.650513734593678250e+15,6.672733866442052131e-01
1.650513734595562250e+15,6.692310559710932250e-01
1.650513734597446500e+15,6.713683354235925327e-01
1.650513734599330500e+15,6.735053313044514489e-01
1.650513734601214500e+15,6.756423271853104762e-01
1.650513734603098500e+15,6.777793230661693924e-01
1.650513734604982750e+15,6.799166025186685891e-01
1.650513734606866750e+15,6.800703884659023979e-01
1.650513734608750750e+15,6.778206892895850544e-01
1.650513734610634750e+15,6.755709901132678219e-01
1.650513734612519000e+15,6.733209924099896604e-01
1.650513734614403000e+15,6.710712932336723169e-01
1.650513734616287000e+15,6.688215940573549734e-01
1.650513734618171250e+15,6.688156235181398346e-01
1.650513734620055250e+15,6.688156235181397236e-01
1.650513734621939250e+15,6.688156235181398346e-01
1.650513734623823250e+15,6.688156235181397236e-01
1.650513734625707500e+15,6.688156235181397236e-01
1.650513734627591500e+15,6.688156235181397236e-01
1.650513734629475500e+15,6.688156235181398346e-01
1.650513734631359500e+15,6.688156235181397236e-01
1.650513734633243750e+15,6.688156235181397236e-01
1.650513734635127750e+15,6.688156235181397236e-01
1.650513734637011750e+15,6.688156235181398346e-01
1.650513734638895750e+15,6.688156235181396125e-01
1.650513734640780000e+15,6.688156235181397236e-01
1.650513734642664000e+15,6.688156235181397236e-01
1.650513734644548000e+15,6.688156235181397236e-01
1.650513734646432250e+15,6.688156235181397236e-01
1.650513734648316250e+15,6.688156235181397236e-01
1.650513734650200250e+15,6.688156235181397236e-01
1.650513734652084250e+15,6.688156235181397236e-01
1.650513734653968500e+15,6.690642724827474686e-01
1.650513734655852500e+15,6.700371793349193528e-01
1.650513734657736500e+15,6.710100861870914590e-01
1.650513734659620500e+15,6.719829930392633432e-01
1.650513734661504750e+15,6.729560289926630468e-01
1.650513734663388750e+15,6.739289358448350420e-01
1.650513734665272750e+15,6.749018426970069262e-01
1.650513734667156750e+15,6.743379028671447895e-01
1.650513734669041000e+15,6.736911355143647695e-01
1.650513734670925000e+15,6.730444539738911214e-01
1.650513734672809000e+15,6.723977724334173622e-01
1.650513734674693250e+15,6.717510050806374533e-01
1.650513734676577250e+15,6.711043235401636942e-01
1.650513734678461250e+15,6.704576419996900460e-01
1.650513734680345250e+15,6.698109604592163979e-01
1.650513734682229500e+15,6.691641931064363780e-01
1.650513734684113500e+15,6.688156235181397236e-01
1.650513734685997500e+15,6.688156235181397236e-01
1.650513734687881500e+15,6.688156235181397236e-01
1.650513734689765750e+15,6.688156235181397236e-01
1.650513734691649750e+15,6.688156235181397236e-01
1.650513734693533750e+15,6.688156235181397236e-01
1.650513734695417750e+15,6.688156235181397236e-01
1.650513734697302000e+15,6.688156235181397236e-01
1.650513734699186000e+15,6.691250164992997851e-01
1.650513734701070000e+15,6.695909608450274497e-01
1.650513734702954250e+15,6.700569670198881500e-01
1.650513734704838250e+15,6.705229113656159257e-01
1.650513734706722250e+15,6.709888557113437013e-01
1.650513734708606250e+15,6.714548000570714770e-01
1.650513734710490500e+15,6.719208062319321773e-01
1.650513734712374500e+15,6.723867505776599529e-01
1.650513734714258500e+15,6.728526949233877286e-01
1.650513734716142500e+15,6.733186392691153932e-01
1.650513734718026750e+15,6.737846454439762045e-01
1.650513734719910750e+15,6.742505897897038691e-01
1.650513734721794750e+15,6.747165341354316448e-01
1.650513734723678750e+15,6.749515466696820454e-01
1.650513734725563000e+15,6.749515466696818233e-01
1.650513734727447000e+15,6.749515466696817123e-01
1.650513734729331000e+15,6.749515466696816013e-01
1.650513734731215250e+15,6.749515466696816013e-01
1.650513734733099250e+15,6.749515466696813792e-01
1.650513734734983250e+15,6.749515466696812682e-01
1.650513734736867250e+15,6.749515466696811572e-01
1.650513734738751500e+15,6.749515466696811572e-01
1.650513734740635500e+15,6.749515466696811572e-01
1.650513734742519500e+15,6.749515466696812682e-01
1.650513734744403500e+15,6.749515466696812682e-01
1.650513734746287750e+15,6.749515466696812682e-01
1.650513734748171750e+15,6.749515466696812682e-01
1.650513734750055750e+15,6.749515466696811572e-01
1.650513734751939750e+15,6.749515466696812682e-01
1.650513734753824000e+15,6.749515466696811572e-01
1.650513734755708000e+15,6.749515466696811572e-01
1.650513734757592000e+15,6.749515466696811572e-01
1.650513734759476250e+15,6.749515466696811572e-01
1.650513734761360250e+15,6.749515466696811572e-01
1.650513734763244250e+15,6.749515466696811572e-01
1.650513734765128250e+15,6.749515466696811572e-01
1.650513734767012500e+15,6.749515466696812682e-01
1.650513734768896500e+15,6.749515466696811572e-01
1.650513734770780500e+15,6.748779866153633566e-01
1.650513734772664500e+15,6.738160161760169409e-01
1.650513734774548750e+15,6.727539048170263491e-01
1.650513734776432750e+15,6.716919343776799334e-01
1.650513734778316750e+15,6.706299639383336286e-01
1.650513734780200750e+15,6.695679934989872129e-01
1.650513734782085000e+15,6.685058821399966211e-01
1.650513734783969000e+15,6.674439117006502054e-01
1.650513734785853000e+15,6.663819412613039006e-01
1.650513734787737250e+15,6.653198299023131979e-01
1.650513734789621250e+15,6.642578594629667821e-01
1.650513734791505250e+15,6.631958890236204773e-01
1.650513734793389250e+15,6.626797003665974017e-01
1.650513734795273500e+15,6.626797003665978458e-01
1.650513734797157500e+15,6.626797003665980679e-01
1.650513734799041500e+15,6.626797003665982899e-01
1.650513734800925500e+15,6.626797003665986230e-01
1.650513734802809750e+15,6.626797003665988450e-01
1.650513734804693750e+15,6.626797003665991781e-01
1.650513734806577750e+15,6.615697401414775136e-01
1.650513734808461750e+15,6.604495231525238097e-01
1.650513734810346000e+15,6.593291575148190198e-01
1.650513734812230000e+15,6.582089405258653159e-01
1.650513734814114000e+15,6.570887235369116119e-01
1.650513734815998250e+15,6.559683578992068220e-01
1.650513734817882250e+15,6.548481409102531181e-01
1.650513734819766250e+15,6.537279239212994142e-01
1.650513734821650250e+15,6.526077069323457103e-01
1.650513734823534500e+15,6.514873412946409204e-01
1.650513734825418500e+15,6.504743063537705705e-01
1.650513734827302500e+15,6.523019868624674311e-01
1.650513734829186500e+15,6.541296673711641807e-01
1.650513734831070750e+15,6.559575904064678387e-01
1.650513734832954750e+15,6.577852709151645882e-01
1.650513734834838750e+15,6.596129514238615599e-01
1.650513734836722750e+15,6.614406319325583095e-01
1.650513734838607000e+15,6.619626219389929123e-01
1.650513734840491000e+15,6.597369617122876839e-01
1.650513734842375000e+15,6.575113014855822335e-01
1.650513734844259250e+15,6.552853459217981014e-01
1.650513734846143250e+15,6.530596856950927620e-01
1.650513734848027250e+15,6.508340254683874226e-01
1.650513734849911250e+15,6.504078540635127581e-01
1.650513734851795500e+15,6.504078540635127581e-01
1.650513734853679500e+15,6.504078540635127581e-01
1.650513734855563500e+15,6.504078540635127581e-01
1.650513734857447500e+15,6.504078540635127581e-01
1.650513734859331750e+15,6.504078540635127581e-01
1.650513734861215750e+15,6.504078540635127581e-01
1.650513734863099750e+15,6.504078540635127581e-01
1.650513734864983750e+15,6.504078540635127581e-01
1.650513734866868000e+15,6.504078540635127581e-01
1.650513734868752000e+15,6.504078540635127581e-01
1.650513734870636000e+15,6.504078540635127581e-01
1.650513734872520250e+15,6.504078540635126471e-01
1.650513734874404250e+15,6.504078540635127581e-01
1.650513734876288250e+15,6.504078540635127581e-01
1.650513734878172250e+15,6.504078540635127581e-01
1.650513734880056500e+15,6.504078540635127581e-01
1.650513734881940500e+15,6.504078540635127581e-01
1.650513734883824500e+15,6.478009775935019698e-01
1.650513734885708500e+15,6.450792512041971793e-01
1.650513734887592750e+15,6.423571636516243188e-01
1.650513734889476750e+15,6.396354372623196394e-01
1.650513734891360750e+15,6.369137108730149599e-01
1.650513734893244750e+15,6.341919844837101694e-01
1.650513734895129000e+15,6.322243981656741063e-01
1.650513734897013000e+15,6.333759151711035873e-01
1.650513734898897000e+15,6.345274321765331793e-01
1.650513734900781250e+15,6.356791019841129264e-01
1.650513734902665250e+15,6.368306189895425184e-01
1.650513734904549250e+15,6.379821359949719994e-01
1.650513734906433250e+15,6.391336530004014804e-01
1.650513734908317500e+15,6.402853228079812276e-01
1.650513734910201500e+15,6.414368398134108196e-01
1.650513734912085500e+15,6.425883568188403006e-01
1.650513734913969500e+15,6.437398738242696705e-01
1.650513734915853750e+15,6.442719309119695481e-01
1.650513734917737750e+15,6.442719309119694371e-01
1.650513734919621750e+15,6.442719309119693261e-01
1.650513734921505750e+15,6.442719309119692150e-01
1.650513734923390000e+15,6.442719309119691040e-01
1.650513734925274000e+15,6.442719309119689930e-01
1.650513734927158000e+15,6.442719309119688820e-01
1.650513734929042250e+15,6.442719309119687709e-01
1.650513734930926250e+15,6.442719309119686599e-01
1.650513734932810250e+15,6.442719309119688820e-01
1.650513734934694250e+15,6.442719309119691040e-01
1.650513734936578500e+15,6.442719309119693261e-01
1.650513734938462500e+15,6.442719309119694371e-01
1.650513734940346500e+15,6.442719309119695481e-01
1.650513734942230500e+15,6.442719309119695481e-01
1.650513734944114750e+15,6.442719309119694371e-01
1.650513734945998750e+15,6.442719309119695481e-01
1.650513734947882750e+15,6.442719309119695481e-01
1.650513734949766750e+15,6.442719309119695481e-01
1.650513734951651000e+15,6.442719309119695481e-01
1.650513734953535000e+15,6.442719309119695481e-01
1.650513734955419000e+15,6.442719309119695481e-01
1.650513734957303250e+15,6.442719309119695481e-01
1.650513734959187250e+15,6.442719309119695481e-01
1.650513734961071250e+15,6.442719309119695481e-01
1.650513734962955250e+15,6.442719309119694371e-01
1.650513734964839500e+15,6.442719309119693261e-01
1.650513734966723500e+15,6.442719309119692150e-01
1.650513734968607500e+15,6.442719309119691040e-01
1.650513734970491500e+15,6.442719309119688820e-01
1.650513734972375750e+15,6.442719309119686599e-01
1.650513734974259750e+15,6.442719309119686599e-01
1.650513734976143750e+15,6.442719309119686599e-01
1.650513734978027750e+15,6.442719309119686599e-01
1.650513734979912000e+15,6.442719309119686599e-01
1.650513734981796000e+15,6.442719309119686599e-01
1.650513734983680000e+15,6.442719309119686599e-01
1.650513734985564250e+15,6.442719309119686599e-01
1.650513734987448250e+15,6.442719309119686599e-01
1.650513734989332250e+15,6.442719309119686599e-01
1.650513734991216250e+15,6.442719309119686599e-01
1.650513734993100500e+15,6.442719309119687709e-01
1.650513734994984500e+15,6.442719309119686599e-01
1.650513734996868500e+15,6.442719309119686599e-01
1.650513734998752500e+15,6.442719309119686599e-01
1.650513735000636750e+15,6.442719309119686599e-01
1.650513735002520750e+15,6.442719309119686599e-01
1.650513735004404750e+15,6.442719309119686599e-01
1.650513735006288750e+15,6.442719309119686599e-01
1.650513735008173000e+15,6.442719309119686599e-01
1.650513735010057000e+15,6.442719309119686599e-01
1.650513735011941000e+15,6.442719309119686599e-01
1.650513735013825250e+15,6.442719309119686599e-01
1.650513735015709250e+15,6.442719309119686599e-01
1.650513735017593250e+15,6.442719309119687709e-01
1.650513735019477250e+15,6.442719309119688820e-01
1.650513735021361500e+15,6.442719309119691040e-01
1.650513735023245500e+15,6.442719309119692150e-01
1.650513735025129500e+15,6.442719309119693261e-01
1.650513735027013500e+15,6.442719309119695481e-01
1.650513735028897750e+15,6.442719309119694371e-01
1.650513735030781750e+15,6.442719309119694371e-01
1.650513735032665750e+15,6.442719309119693261e-01
1.650513735034549750e+15,6.442719309119692150e-01
1.650513735036434000e+15,6.442719309119692150e-01
1.650513735038318000e+15,6.442719309119691040e-01
1.650513735040202000e+15,6.442719309119691040e-01
1.650513735042086250e+15,6.442719309119688820e-01
1.650513735043970250e+15,6.442719309119688820e-01
1.650513735045854250e+15,6.442719309119687709e-01
1.650513735047738250e+15,6.442719309119687709e-01
1.650513735049622500e+15,6.442719309119686599e-01
1.650513735051506500e+15,6.442719309119687709e-01
1.650513735053390500e+15,6.442719309119686599e-01
1.650513735055274500e+15,6.442719309119686599e-01
1.650513735057158750e+15,6.442719309119686599e-01
1.650513735059042750e+15,6.442719309119686599e-01
1.650513735060926750e+15,6.442719309119686599e-01
1.650513735062810750e+15,6.442719309119686599e-01
1.650513735064695000e+15,6.442719309119687709e-01
1.650513735066579000e+15,6.447261547521528913e-01
1.650513735068463000e+15,6.452511594852244903e-01
1.650513735070347250e+15,6.457762338845293160e-01
1.650513735072231250e+15,6.463012386176010260e-01
1.650513735074115250e+15,6.468262433506728470e-01
1.650513735075999250e+15,6.473512480837444460e-01
1.650513735077883500e+15,6.478763224830492717e-01
1.650513735079767500e+15,6.484013272161209818e-01
1.650513735081651500e+15,6.489263319491926918e-01
1.650513735083535500e+15,6.494513366822645128e-01
1.650513735085419750e+15,6.499764110815692275e-01
1.650513735087303750e+15,6.502053040489469415e-01
1.650513735089187750e+15,6.490687315174844541e-01
1.650513735091071750e+15,6.479321589860218555e-01
1.650513735092956000e+15,6.467954356354866929e-01
1.650513735094840000e+15,6.456588631040240944e-01
1.650513735096724000e+15,6.445222905725614959e-01
1.650513735098608250e+15,6.442719309119686599e-01
1.650513735100492250e+15,6.442719309119685489e-01
1.650513735102376250e+15,6.442719309119685489e-01
1.650513735104260250e+15,6.442719309119686599e-01
1.650513735106144500e+15,6.442719309119685489e-01
1.650513735108028500e+15,6.442719309119686599e-01
1.650513735109912500e+15,6.442719309119686599e-01
1.650513735111796500e+15,6.442719309119686599e-01
1.650513735113680750e+15,6.442719309119686599e-01
1.650513735115564750e+15,6.442719309119686599e-01
1.650513735117448750e+15,6.442719309119685489e-01
1.650513735119332750e+15,6.442719309119686599e-01
1.650513735121217000e+15,6.442719309119686599e-01
1.650513735123101000e+15,6.442719309119686599e-01
1.650513735124985000e+15,6.442719309119686599e-01
1.650513735126869250e+15,6.442719309119685489e-01
1.650513735128753250e+15,6.442719309119686599e-01
1.650513735130637250e+15,6.442719309119686599e-01
1.650513735132521250e+15,6.442719309119686599e-01
1.650513735134405500e+15,6.442719309119686599e-01
1.650513735136289500e+15,6.442719309119686599e-01
1.650513735138173500e+15,6.442719309119686599e-01
1.650513735140057500e+15,6.442719309119686599e-01
1.650513735141941750e+15,6.442719309119686599e-01
1.650513735143825750e+15,6.442719309119686599e-01
1.650513735145709750e+15,6.442719309119686599e-01
1.650513735147593750e+15,6.442719309119686599e-01
1.650513735149478000e+15,6.442719309119686599e-01
1.650513735151362000e+15,6.442719309119686599e-01
1.650513735153246000e+15,6.442719309119686599e-01
1.650513735155130250e+15,6.442719309119686599e-01
1.650513735157014250e+15,6.442719309119686599e-01
1.650513735158898250e+15,6.442719309119686599e-01
1.650513735160782250e+15,6.442719309119685489e-01
1.650513735162666500e+15,6.429288655546347986e-01
1.650513735164550500e+15,6.413104868317583973e-01
1.650513735166434500e+15,6.396921081088819960e-01
1.650513735168318500e+15,6.380737293860057058e-01
1.650513735170202750e+15,6.364551359101140449e-01
1.650513735172086750e+15,6.348367571872377546e-01
1.650513735173970750e+15,6.332183784643613533e-01
1.650513735175854750e+15,6.321173808741865630e-01
1.650513735177739000e+15,6.325919176168518510e-01
1.650513735179623000e+15,6.330663913985589142e-01
1.650513735181507000e+15,6.335408651802658664e-01
1.650513735183391250e+15,6.340154019229311544e-01
1.650513735185275250e+15,6.344898757046379956e-01
1.650513735187159250e+15,6.349643494863450588e-01
1.650513735189043250e+15,6.354388232680521220e-01
1.650513735190927500e+15,6.359133600107172990e-01
1.650513735192811500e+15,6.363878337924243622e-01
1.650513735194695500e+15,6.368623075741313144e-01
1.650513735196579500e+15,6.373367813558383776e-01
1.650513735198463750e+15,6.378113180985036657e-01
1.650513735200347750e+15,6.377433099992766419e-01
1.650513735202231750e+15,6.364993544179240459e-01
1.650513735204115750e+15,6.352553988365714499e-01
1.650513735206000000e+15,6.340112781868032510e-01
1.650513735207884000e+15,6.327673226054506550e-01
1.650513735209768000e+15,6.320000846088840163e-01
1.650513735211652250e+15,6.320000846088840163e-01
1.650513735213536250e+15,6.320000846088840163e-01
1.650513735215420250e+15,6.320000846088840163e-01
1.650513735217304250e+15,6.320000846088840163e-01
1.650513735219188500e+15,6.320000846088840163e-01
1.650513735221072500e+15,6.320000846088840163e-01
1.650513735222956500e+15,6.320000846088840163e-01
1.650513735224840500e+15,6.320000846088840163e-01
1.650513735226724750e+15,6.320000846088840163e-01
1.650513735228608750e+15,6.320000846088840163e-01
1.650513735230492750e+15,6.320000846088840163e-01
1.650513735232376750e+15,6.320000846088837942e-01
1.650513735234261000e+15,6.320000846088834612e-01
1.650513735236145000e+15,6.320000846088831281e-01
1.650513735238029000e+15,6.320000846088827950e-01
1.650513735239913250e+15,6.320000846088824620e-01
1.650513735241797250e+15,6.320000846088824620e-01
1.650513735243681250e+15,6.320000846088827950e-01
1.650513735245565250e+15,6.320000846088830171e-01
1.650513735247449500e+15,6.320000846088833502e-01
1.650513735249333500e+15,6.320000846088836832e-01
1.650513735251217500e+15,6.320000846088840163e-01
1.650513735253101500e+15,6.308446702857226640e-01
1.650513735254985750e+15,6.293437468535152401e-01
1.650513735256869750e+15,6.278430225620047489e-01
1.650513735258753750e+15,6.263422982704942577e-01
1.650513735260637750e+15,6.248415739789836554e-01
1.650513735262522000e+15,6.233406505467762315e-01
1.650513735264406000e+15,6.218399262552656293e-01
1.650513735266290000e+15,6.203392019637551380e-01
1.650513735268174250e+15,6.212560653931762378e-01
1.650513735270058250e+15,6.238324146727625141e-01
1.650513735271942250e+15,6.264087639523490125e-01
1.650513735273826250e+15,6.289851132319352889e-01
1.650513735275710500e+15,6.315618043837721851e-01
1.650513735277594500e+15,6.320000846088824620e-01
1.650513735279478500e+15,6.320000846088829061e-01
1.650513735281362500e+15,6.320000846088831281e-01
1.650513735283246750e+15,6.320000846088835722e-01
1.650513735285130750e+15,6.320000846088837942e-01
1.650513735287014750e+15,6.316702491562352639e-01
1.650513735288898750e+15,6.311330457909530844e-01
1.650513735290783000e+15,6.305957711407231825e-01
1.650513735292667000e+15,6.300585677754408920e-01
1.650513735294551000e+15,6.295213644101586015e-01
1.650513735296435250e+15,6.289840897599285885e-01
1.650513735298319250e+15,6.284468863946464090e-01
1.650513735300203250e+15,6.279096830293641185e-01
1.650513735302087250e+15,6.273724796640819390e-01
1.650513735303971500e+15,6.268352050138521481e-01
1.650513735305855500e+15,6.262980016485697465e-01
1.650513735307739500e+15,6.260677375274876777e-01
1.650513735309623500e+15,6.271257715030972291e-01
1.650513735311507750e+15,6.281839458759964634e-01
1.650513735313391750e+15,6.292419798516060148e-01
1.650513735315275750e+15,6.303000138272154551e-01
1.650513735317159750e+15,6.313580478028247844e-01
1.650513735319044000e+15,6.320000846088839053e-01
1.650513735320928000e+15,6.320000846088836832e-01
1.650513735322812000e+15,6.320000846088834612e-01
1.650513735324696250e+15,6.320000846088832391e-01
1.650513735326580250e+15,6.320000846088830171e-01
1.650513735328464250e+15,6.320000846088827950e-01
1.650513735330348250e+15,6.320000846088825730e-01
1.650513735332232500e+15,6.320000846088823510e-01
1.650513735334116500e+15,6.312785126131559288e-01
1.650513735336000500e+15,6.299917718275920286e-01
1.650513735337884500e+15,6.287050310420283505e-01
1.650513735339768750e+15,6.274181195106064424e-01
1.650513735341652750e+15,6.261313787250426532e-01
1.650513735343536750e+15,6.250110132378483563e-01
1.650513735345420750e+15,6.239342547414341578e-01
1.650513735347305000e+15,6.228573533630539227e-01
1.650513735349189000e+15,6.217805948666397242e-01
1.650513735351073000e+15,6.207038363702256367e-01
1.650513735352957250e+15,6.197282383057992616e-01
1.650513735354841250e+15,6.197282383057993727e-01
1.650513735356725250e+15,6.197282383057993727e-01
1.650513735358609250e+15,6.197282383057993727e-01
1.650513735360493500e+15,6.197282383057993727e-01
1.650513735362377500e+15,6.197282383057993727e-01
1.650513735364261500e+15,6.197282383057993727e-01
1.650513735366145500e+15,6.197282383057993727e-01
1.650513735368029750e+15,6.197282383057993727e-01
1.650513735369913750e+15,6.197282383057992616e-01
1.650513735371797750e+15,6.197282383057993727e-01
1.650513735373681750e+15,6.197282383057993727e-01
1.650513735375566000e+15,6.197282383057992616e-01
1.650513735377450000e+15,6.197282383057993727e-01
1.650513735379334000e+15,6.197282383057993727e-01
1.650513735381218250e+15,6.197282383057993727e-01
1.650513735383102250e+15,6.197282383057993727e-01
1.650513735384986250e+15,6.197282383057993727e-01
1.650513735386870250e+15,6.197282383057993727e-01
1.650513735388754500e+15,6.197282383057994837e-01
1.650513735390638500e+15,6.197282383057993727e-01
1.650513735392522500e+15,6.197282383057993727e-01
1.650513735394406500e+15,6.197282383057994837e-01
1.650513735396290750e+15,6.197282383057993727e-01
1.650513735398174750e+15,6.197282383057993727e-01
1.650513735400058750e+15,6.197282383057993727e-01
1.650513735401942750e+15,6.197282383057994837e-01
1.650513735403827000e+15,6.197282383057993727e-01
1.650513735405711000e+15,6.197282383057994837e-01
1.650513735407595000e+15,6.197282383057994837e-01
1.650513735409479250e+15,6.197282383057993727e-01
1.650513735411363250e+15,6.197282383057993727e-01
1.650513735413247250e+15,6.197282383057993727e-01
1.650513735415131250e+15,6.197282383057993727e-01
1.650513735417015500e+15,6.197282383057993727e-01
1.650513735418899500e+15,6.197282383057993727e-01
1.650513735420783500e+15,6.198246132547767795e-01
1.650513735422667500e+15,6.204056385471724555e-01
1.650513735424551750e+15,6.209867409395271043e-01
1.650513735426435750e+15,6.215677662319227803e-01
1.650513735428319750e+15,6.221487915243183453e-01
1.650513735430203750e+15,6.227298168167139103e-01
1.650513735432088000e+15,6.233109192090686701e-01
1.650513735433972000e+15,6.238919445014642351e-01
1.650513735435856000e+15,6.244729697938598001e-01
1.650513735437740250e+15,6.250540721862145599e-01
1.650513735439624250e+15,6.256350974786102359e-01
1.650513735441508250e+15,6.255706981140872758e-01
1.650513735443392250e+15,6.250862425270660161e-01
1.650513735445276500e+15,6.246017226545368395e-01
1.650513735447160500e+15,6.241172670675154688e-01
1.650513735449044500e+15,6.236328114804942091e-01
1.650513735450928500e+15,6.231483558934728384e-01
1.650513735452812750e+15,6.226638360209437728e-01
1.650513735454696750e+15,6.221793804339224021e-01
1.650513735456580750e+15,6.216949248469011424e-01
1.650513735458464750e+15,6.212104692598798827e-01
1.650513735460349000e+15,6.207259493873507061e-01
1.650513735462233000e+15,6.202414938003294465e-01
1.650513735464117000e+15,6.197570382133081868e-01
1.650513735466001250e+15,6.197282383057991506e-01
1.650513735467885250e+15,6.197282383057990396e-01
1.650513735469769250e+15,6.197282383057989286e-01
1.650513735471653250e+15,6.197282383057987065e-01
1.650513735473537500e+15,6.197282383057987065e-01
1.650513735475421500e+15,6.197282383057984845e-01
1.650513735477305500e+15,6.192623864369166675e-01
1.650513735479189500e+15,6.187584157673940988e-01
1.650513735481073750e+15,6.182543782227827300e-01
1.650513735482957750e+15,6.177504075532602723e-01
1.650513735484841750e+15,6.172464368837377036e-01
1.650513735486725750e+15,6.167424662142152458e-01
1.650513735488610000e+15,6.162384286696038771e-01
1.650513735490494000e+15,6.157344580000814194e-01
1.650513735492378000e+15,6.152304873305588506e-01
1.650513735494262250e+15,6.147264497859474819e-01
1.650513735496146250e+15,6.142224791164250242e-01
1.650513735498030250e+15,6.137185084469024554e-01
1.650513735499914250e+15,6.123740587967738680e-01
1.650513735501798500e+15,6.107486386929790179e-01
1.650513735503682500e+15,6.091234342479481256e-01
1.650513735505566500e+15,6.074982298029172334e-01
1.650513735507450500e+15,6.058730253578863412e-01
1.650513735509334750e+15,6.042476052540914910e-01
1.650513735511218750e+15,6.026224008090604878e-01
1.650513735513102750e+15,6.015672557791071906e-01
1.650513735514986750e+15,6.028079404281551090e-01
1.650513735516871000e+15,6.040487897115780491e-01
1.650513735518755000e+15,6.052894743606260786e-01
1.650513735520639000e+15,6.065301590096741080e-01
1.650513735522523250e+15,6.077710082930969371e-01
1.650513735524407250e+15,6.090116929421449665e-01
1.650513735526291250e+15,6.102523775911929960e-01
1.650513735528175250e+15,6.114930622402410254e-01
1.650513735530059500e+15,6.127339115236638545e-01
1.650513735531943500e+15,6.131598091267559392e-01
1.650513735533827500e+15,6.117561203139936232e-01
1.650513735535711500e+15,6.103524315012311963e-01
1.650513735537595750e+15,6.089485564240296744e-01
1.650513735539479750e+15,6.075448676112673585e-01
1.650513735541363750e+15,6.061411787985048205e-01
1.650513735543247750e+15,6.047374899857423936e-01
1.650513735545132000e+15,6.033336149085408717e-01
1.650513735547016000e+15,6.019299260957784448e-01
1.650513735548900000e+15,6.002139058196126475e-01
1.650513735550784250e+15,5.982579570464280350e-01
1.650513735552668250e+15,5.963022677861495868e-01
1.650513735554552250e+15,5.943465785258710277e-01
1.650513735556436250e+15,5.923908892655924685e-01
1.650513735558320500e+15,5.904349404924078559e-01
1.650513735560204500e+15,5.884792512321294078e-01
1.650513735562088500e+15,5.865235619718508486e-01
1.650513735563972500e+15,5.845678727115724005e-01
1.650513735565856750e+15,5.834873224518635215e-01
1.650513735567740750e+15,5.872236117917166709e-01
1.650513735569624750e+15,5.909599011315700423e-01
1.650513735571508750e+15,5.946961904714233027e-01
1.650513735573393000e+15,5.984329756033865966e-01
1.650513735575277000e+15,6.021692649432398570e-01
1.650513735577161000e+15,6.059055542830932284e-01
1.650513735579045250e+15,6.062070484553252481e-01
1.650513735580929250e+15,6.040716315868470687e-01
1.650513735582813250e+15,6.019362147183688894e-01
1.650513735584697250e+15,5.998007978498907100e-01
1.650513735586581500e+15,5.976650976193015330e-01
1.650513735588465500e+15,5.955296807508233536e-01
1.650513735590349500e+15,5.951845456996283090e-01
1.650513735592233500e+15,5.951845456996283090e-01
1.650513735594117750e+15,5.951845456996283090e-01
1.650513735596001750e+15,5.951845456996283090e-01
1.650513735597885750e+15,5.951845456996283090e-01
1.650513735599769750e+15,5.951845456996283090e-01
1.650513735601654000e+15,5.951845456996283090e-01
1.650513735603538000e+15,5.951845456996283090e-01
1.650513735605422000e+15,5.951845456996283090e-01
1.650513735607306250e+15,5.951845456996283090e-01
1.650513735609190250e+15,5.951845456996283090e-01
1.650513735611074250e+15,5.951845456996283090e-01
1.650513735612958250e+15,5.951845456996283090e-01
1.650513735614842500e+15,5.951845456996283090e-01
1.650513735616726500e+15,5.951845456996283090e-01
1.650513735618610500e+15,5.951845456996283090e-01
1.650513735620494500e+15,5.951845456996283090e-01
1.650513735622378750e+15,5.951845456996283090e-01
1.650513735624262750e+15,5.951845456996283090e-01
1.650513735626146750e+15,5.946632100383499875e-01
1.650513735628030750e+15,5.934907882110168620e-01
1.650513735629915000e+15,5.923182108075391028e-01
1.650513735631799000e+15,5.911457889802059773e-01
1.650513735633683000e+15,5.899733671528729628e-01
1.650513735635567250e+15,5.890486225480868754e-01
1.650513735637451250e+15,5.890486225480868754e-01
1.650513735639335250e+15,5.890486225480868754e-01
1.650513735641219250e+15,5.890486225480868754e-01
1.650513735643103500e+15,5.890486225480868754e-01
1.650513735644987500e+15,5.890486225480868754e-01
1.650513735646871500e+15,5.890486225480868754e-01
1.650513735648755500e+15,5.890486225480868754e-01
1.650513735650639750e+15,5.890486225480868754e-01
1.650513735652523750e+15,5.890486225480868754e-01
1.650513735654407750e+15,5.890486225480868754e-01
1.650513735656291750e+15,5.884544160115652289e-01
1.650513735658176000e+15,5.876117942494272217e-01
1.650513735660060000e+15,5.867692842853206026e-01
1.650513735661944000e+15,5.859267743212139834e-01
1.650513735663828250e+15,5.850841525590759762e-01
1.650513735665712250e+15,5.842416425949693570e-01
1.650513735667596250e+15,5.833991326308627379e-01
1.650513735669480250e+15,5.829126993965436654e-01
1.650513735671364500e+15,5.829126993965435544e-01
1.650513735673248500e+15,5.829126993965436654e-01
1.650513735675132500e+15,5.829126993965436654e-01
1.650513735677016500e+15,5.829126993965436654e-01
1.650513735678900750e+15,5.829126993965436654e-01
1.650513735680784750e+15,5.829126993965436654e-01
1.650513735682668750e+15,5.829126993965436654e-01
1.650513735684552750e+15,5.829126993965436654e-01
1.650513735686437000e+15,5.829126993965436654e-01
1.650513735688321000e+15,5.829126993965436654e-01
1.650513735690205000e+15,5.829126993965435544e-01
1.650513735692089250e+15,5.829126993965434433e-01
1.650513735693973250e+15,5.829126993965432213e-01
1.650513735695857250e+15,5.829126993965431103e-01
1.650513735697741250e+15,5.829126993965429993e-01
1.650513735699625500e+15,5.829126993965427772e-01
1.650513735701509500e+15,5.822272896895703820e-01
1.650513735703393500e+15,5.813987289658386626e-01
1.650513735705277500e+15,5.805701682421069432e-01
1.650513735707161750e+15,5.797414975713576224e-01
1.650513735709045750e+15,5.789129368476257920e-01
1.650513735710929750e+15,5.780843761238940726e-01
1.650513735712813750e+15,5.772558154001622421e-01
1.650513735714698000e+15,5.773834245356950223e-01
1.650513735716582000e+15,5.788210665226999341e-01
1.650513735718466000e+15,5.802587085097047348e-01
1.650513735720350250e+15,5.816965412666122992e-01
1.650513735722234250e+15,5.830040630498919407e-01
1.650513735724118250e+15,5.835971005103910425e-01
1.650513735726002250e+15,5.841901379708901443e-01
1.650513735727886500e+15,5.847832541253197292e-01
1.650513735729770500e+15,5.853762915858189420e-01
1.650513735731654500e+15,5.859693290463180437e-01
1.650513735733538500e+15,5.865623665068171455e-01
1.650513735735422750e+15,5.871554826612468414e-01
1.650513735737306750e+15,5.877485201217458322e-01
1.650513735739190750e+15,5.883415575822450450e-01
1.650513735741074750e+15,5.889345950427440357e-01
1.650513735742959000e+15,5.883809400545821910e-01
1.650513735744843000e+15,5.875544526578917459e-01
1.650513735746727000e+15,5.867279652612013008e-01
1.650513735748611250e+15,5.859013681926164008e-01
1.650513735750495250e+15,5.850748807959259556e-01
1.650513735752379250e+15,5.842483933992356215e-01
1.650513735754263250e+15,5.834219060025450654e-01
1.650513735756147500e+15,5.827348625820516492e-01
1.650513735758031500e+15,5.822717740423126731e-01
1.650513735759915500e+15,5.818086855025736970e-01
1.650513735761799500e+15,5.813455969628347209e-01
1.650513735763683750e+15,5.808824469729180207e-01
1.650513735765567750e+15,5.804193584331789335e-01
1.650513735767451750e+15,5.799562698934400684e-01
1.650513735769335750e+15,5.794931813537009813e-01
1.650513735771220000e+15,5.790300313637843921e-01
1.650513735773104000e+15,5.785669428240454160e-01
1.650513735774988000e+15,5.781038542843063288e-01
1.650513735776872250e+15,5.776407042943896286e-01
1.650513735778756250e+15,5.771776157546506525e-01
1.650513735780640250e+15,5.767767762450013436e-01
1.650513735782524250e+15,5.767767762450013436e-01
1.650513735784408500e+15,5.767767762450013436e-01
1.650513735786292500e+15,5.767767762450013436e-01
1.650513735788176500e+15,5.767767762450013436e-01
1.650513735790060500e+15,5.767767762450013436e-01
1.650513735791944750e+15,5.764903571308518382e-01
1.650513735793828750e+15,5.759173668350646702e-01
1.650513735795712750e+15,5.753443765392776132e-01
1.650513735797596750e+15,5.747713862434904453e-01
1.650513735799481000e+15,5.741983199139591987e-01
1.650513735801365000e+15,5.736253296181720307e-01
1.650513735803249000e+15,5.730523393223848627e-01
1.650513735805133250e+15,5.724792729928536161e-01
1.650513735807017250e+15,5.719062826970664482e-01
1.650513735808901250e+15,5.713332924012793912e-01
1.650513735810785250e+15,5.707603021054921122e-01
1.650513735812669500e+15,5.713162574757856271e-01
1.650513735814553500e+15,5.721693998534613801e-01
1.650513735816437500e+15,5.730225422311370220e-01
1.650513735818321500e+15,5.738756846088127750e-01
1.650513735820205750e+15,5.747289401954026600e-01
1.650513735822089750e+15,5.755820825730784129e-01
1.650513735823973750e+15,5.764352249507540549e-01
1.650513735825857750e+15,5.764307442387888170e-01
1.650513735827742000e+15,5.758536158407308037e-01
1.650513735829626000e+15,5.752765640153673088e-01
1.650513735831510000e+15,5.746995121900038139e-01
1.650513735833394250e+15,5.741223837919458006e-01
1.650513735835278250e+15,5.735453319665821947e-01
1.650513735837162250e+15,5.729682801412186999e-01
1.650513735839046250e+15,5.723912283158552050e-01
1.650513735840930500e+15,5.718140999177973027e-01
1.650513735842814500e+15,5.712370480924336968e-01
1.650513735844698500e+15,5.706599962670703130e-01
1.650513735846582500e+15,5.717653710550776314e-01
1.650513735848466750e+15,5.729286282437581201e-01
1.650513735850350750e+15,5.740917310928885797e-01
1.650513735852234750e+15,5.752548339420189283e-01
1.650513735854118750e+15,5.764179367911493879e-01
1.650513735856003000e+15,5.767767762450014546e-01
1.650513735857887000e+15,5.767767762450014546e-01
1.650513735859771000e+15,5.767767762450014546e-01
1.650513735861655250e+15,5.767767762450013436e-01
1.650513735863539250e+15,5.767767762450013436e-01
1.650513735865423250e+15,5.767767762450013436e-01
1.650513735867307250e+15,5.767767762450013436e-01
1.650513735869191500e+15,5.767767762450014546e-01
1.650513735871075500e+15,5.759657116435022983e-01
1.650513735872959500e+15,5.750314128301581285e-01
1.650513735874843500e+15,5.740971140168139586e-01
1.650513735876727750e+15,5.731626912253894313e-01
1.650513735878611750e+15,5.722283924120452614e-01
1.650513735880495750e+15,5.712940935987010915e-01
1.650513735882379750e+15,5.706408530934582446e-01
1.650513735884264000e+15,5.706408530934584666e-01
1.650513735886148000e+15,5.706408530934586887e-01
1.650513735888032000e+15,5.706408530934589107e-01
1.650513735889916250e+15,5.706408530934590217e-01
1.650513735891800250e+15,5.706408530934589107e-01
1.650513735893684250e+15,5.706408530934587997e-01
1.650513735895568250e+15,5.706408530934586887e-01
1.650513735897452500e+15,5.706408530934585777e-01
1.650513735899336500e+15,5.706408530934583556e-01
1.650513735901220500e+15,5.706408530934583556e-01
1.650513735903104500e+15,5.706408530934581336e-01
1.650513735904988750e+15,5.712082804044852358e-01
1.650513735906872750e+15,5.718424391195825462e-01
1.650513735908756750e+15,5.724765978346797457e-01
1.650513735910640750e+15,5.731107565497769452e-01
1.650513735912525000e+15,5.737449994154468769e-01
1.650513735914409000e+15,5.743791581305439653e-01
1.650513735916293000e+15,5.750133168456412758e-01
1.650513735918177250e+15,5.756475597113110965e-01
1.650513735920061250e+15,5.762817184264084069e-01
1.650513735921945250e+15,5.766796985174984513e-01
1.650513735923829250e+15,5.762371227434743837e-01
1.650513735925713500e+15,5.757944882412425747e-01
1.650513735927597500e+15,5.753519124672186180e-01
1.650513735929481500e+15,5.749093366931945503e-01
1.650513735931365500e+15,5.744667609191705937e-01
1.650513735933249750e+15,5.740241264169386737e-01
1.650513735935133750e+15,5.735815506429147170e-01
1.650513735937017750e+15,5.731389748688906494e-01
1.650513735938901750e+15,5.726963990948665817e-01
1.650513735940786000e+15,5.722537645926348837e-01
1.650513735942670000e+15,5.718111888186108160e-01
1.650513735944554000e+15,5.713686130445867484e-01
1.650513735946438250e+15,5.709259785423549394e-01
1.650513735948322250e+15,5.702562101368250369e-01
1.650513735950206250e+15,5.691750205354872971e-01
1.650513735952090250e+15,5.680938309341494463e-01
1.650513735953974500e+15,5.670124978628537926e-01
1.650513735955858500e+15,5.659313082615160528e-01
1.650513735957742500e+15,5.648501186601782020e-01
1.650513735959626500e+15,5.652536404163807093e-01
1.650513735961510750e+15,5.663536464292528994e-01
1.650513735963394750e+15,5.674535064946641949e-01
1.650513735965278750e+15,5.685533665600754905e-01
1.650513735967162750e+15,5.696532266254868970e-01
1.650513735969047000e+15,5.707532326383590870e-01
1.650513735970931000e+15,5.718530927037703826e-01
1.650513735972815000e+15,5.729529527691817892e-01
1.650513735974699250e+15,5.740529587820539792e-01
1.650513735976583250e+15,5.751528188474652747e-01
1.650513735978467250e+15,5.762526789128766813e-01
1.650513735980351250e+15,5.764839213181619515e-01
1.650513735982235500e+15,5.759244162272649792e-01
1.650513735984119500e+15,5.753649853708234785e-01
1.650513735986003500e+15,5.748055545143819778e-01
1.650513735987887500e+15,5.742461236579403661e-01
1.650513735989771750e+15,5.736866185670433937e-01
1.650513735991655750e+15,5.731271877106020041e-01
1.650513735993539750e+15,5.725677568541603923e-01
1.650513735995423750e+15,5.720083259977188916e-01
1.650513735997308000e+15,5.714488209068219193e-01
1.650513735999192000e+15,5.708893900503804186e-01
1.650513736001076000e+15,5.706408530934582446e-01
1.650513736002960250e+15,5.706408530934581336e-01
1.650513736004844250e+15,5.706408530934581336e-01
1.650513736006728250e+15,5.706408530934581336e-01
1.650513736008612250e+15,5.706408530934581336e-01
1.650513736010496500e+15,5.704110514162242795e-01
1.650513736012380500e+15,5.699270420703230755e-01
1.650513736014264500e+15,5.694430327244218715e-01
1.650513736016148500e+15,5.689590233785206674e-01
1.650513736018032750e+15,5.684749498063262907e-01
1.650513736019916750e+15,5.679909404604250867e-01
1.650513736021800750e+15,5.675069311145238826e-01
1.650513736023684750e+15,5.670229217686226786e-01
1.650513736025569000e+15,5.665388481964281908e-01
1.650513736027453000e+15,5.660548388505270978e-01
1.650513736029337000e+15,5.655708295046258938e-01
1.650513736031221250e+15,5.650867559324314060e-01
1.650513736033105250e+15,5.646027465865302020e-01
1.650513736034989250e+15,5.630448861781560677e-01
1.650513736036873250e+15,5.612150358865047872e-01
1.650513736038757500e+15,5.593849427803243568e-01
1.650513736040641500e+15,5.575550924886729653e-01
1.650513736042525500e+15,5.557252421970215739e-01
1.650513736044409500e+15,5.538953919053701824e-01
1.650513736046293750e+15,5.523421295443320389e-01
1.650513736048177750e+15,5.535313769305268972e-01
1.650513736050061750e+15,5.547206243167217554e-01
1.650513736051945750e+15,5.559098717029166137e-01
1.650513736053830000e+15,5.570992768979472487e-01
1.650513736055714000e+15,5.582885242841422180e-01
1.650513736057598000e+15,5.594777716703369652e-01
1.650513736059482250e+15,5.606671768653677113e-01
1.650513736061366250e+15,5.618564242515625695e-01
1.650513736063250250e+15,5.630456716377574278e-01
1.650513736065134250e+15,5.642349190239523971e-01
1.650513736067018500e+15,5.598283354520044997e-01
1.650513736068902500e+15,5.537791050922415970e-01
1.650513736070786500e+15,5.477298747324789163e-01
1.650513736072670500e+15,5.416806443727161247e-01
1.650513736074554750e+15,5.356306113019182469e-01
1.650513736076438750e+15,5.371884310929941897e-01
1.650513736078322750e+15,5.419821608120514167e-01
1.650513736080206750e+15,5.467758905311084217e-01
1.650513736082091000e+15,5.515702563607971509e-01
1.650513736083975000e+15,5.563639860798542669e-01
1.650513736085859000e+15,5.611577157989113829e-01
1.650513736087743250e+15,5.659520816286000011e-01
1.650513736089627250e+15,5.705790141415888472e-01
1.650513736091511250e+15,5.677546605580300332e-01
1.650513736093395250e+15,5.649303069744711081e-01
1.650513736095279500e+15,5.621055786093859252e-01
1.650513736097163500e+15,5.592812250258270002e-01
1.650513736099047500e+15,5.564568714422681861e-01
1.650513736100931500e+15,5.536325178587093720e-01
1.650513736102815750e+15,5.516245795253089668e-01
1.650513736104699750e+15,5.504187717421122894e-01
1.650513736106583750e+15,5.492129639589156120e-01
1.650513736108467750e+15,5.480071561757188237e-01
1.650513736110352000e+15,5.468011883861815248e-01
1.650513736112236000e+15,5.455953806029847364e-01
1.650513736114120000e+15,5.443895728197881700e-01
1.650513736116004250e+15,5.431836050302507601e-01
1.650513736117888250e+15,5.419777972470541938e-01
1.650513736119772250e+15,5.407719894638575164e-01
1.650513736121656250e+15,5.399612373357448591e-01
1.650513736123540500e+15,5.399612373357447481e-01
1.650513736125424500e+15,5.399612373357448591e-01
1.650513736127308500e+15,5.399612373357447481e-01
1.650513736129192500e+15,5.399612373357447481e-01
1.650513736131076750e+15,5.399612373357447481e-01
1.650513736132960750e+15,5.399612373357447481e-01
1.650513736134844750e+15,5.399612373357448591e-01
1.650513736136728750e+15,5.399612373357447481e-01
1.650513736138613000e+15,5.399612373357448591e-01
1.650513736140497000e+15,5.399612373357447481e-01
1.650513736142381000e+15,5.391081618505194628e-01
1.650513736144265250e+15,5.372477365229318957e-01
1.650513736146149250e+15,5.353875580343158136e-01
1.650513736148033250e+15,5.335273795456996204e-01
1.650513736149917250e+15,5.316672010570836493e-01
1.650513736151801500e+15,5.298067757294959712e-01
1.650513736153685500e+15,5.279465972408798891e-01
1.650513736155569500e+15,5.284472207197304927e-01
1.650513736157453500e+15,5.293266485795635745e-01
1.650513736159337750e+15,5.302061931362994640e-01
1.650513736161221750e+15,5.310856209961325458e-01
1.650513736163105750e+15,5.319650488559655166e-01
1.650513736164989750e+15,5.328444767157987094e-01
1.650513736166874000e+15,5.337240212725345989e-01
1.650513736168758000e+15,5.338253141842033145e-01
1.650513736170642000e+15,5.338253141842033145e-01
1.650513736172526250e+15,5.338253141842033145e-01
1.650513736174410250e+15,5.338253141842033145e-01
1.650513736176294250e+15,5.338253141842033145e-01
1.650513736178178250e+15,5.338253141842033145e-01
1.650513736180062500e+15,5.338253141842033145e-01
1.650513736181946500e+15,5.338253141842033145e-01
1.650513736183830500e+15,5.338253141842033145e-01
1.650513736185714500e+15,5.338253141842033145e-01
1.650513736187598750e+15,5.338253141842033145e-01
1.650513736189482750e+15,5.338253141842033145e-01
1.650513736191366750e+15,5.338253141842033145e-01
1.650513736193250750e+15,5.338253141842033145e-01
1.650513736195135000e+15,5.338253141842033145e-01
1.650513736197019000e+15,5.338253141842033145e-01
1.650513736198903000e+15,5.338253141842033145e-01
1.650513736200787250e+15,5.340329543593007600e-01
1.650513736202671250e+15,5.346063425452789453e-01
1.650513736204555250e+15,5.351797307312571306e-01
1.650513736206439250e+15,5.357531189172353159e-01
1.650513736208323500e+15,5.363265831897561231e-01
1.650513736210207500e+15,5.368999713757343084e-01
1.650513736212091500e+15,5.374733595617124937e-01
1.650513736213975500e+15,5.380467477476906790e-01
1.650513736215859750e+15,5.386202120202114862e-01
1.650513736217743750e+15,5.391936002061896716e-01
1.650513736219627750e+15,5.397669883921678569e-01
1.650513736221511750e+15,5.393490946060240931e-01
1.650513736223396000e+15,5.384232026224977652e-01
1.650513736225280000e+15,5.374974334851944091e-01
1.650513736227164000e+15,5.365716643478911640e-01
1.650513736229048250e+15,5.356457723643648361e-01
1.650513736230932250e+15,5.347200032270615910e-01
1.650513736232816250e+15,5.338708975926288458e-01
1.650513736234700250e+15,5.352286705803556144e-01
1.650513736236584500e+15,5.365866237396572647e-01
1.650513736238468500e+15,5.379443967273840332e-01
1.650513736240352500e+15,5.393021697151108018e-01
1.650513736242236500e+15,5.391475067433892931e-01
1.650513736244120750e+15,5.375659988850629567e-01
1.650513736246004750e+15,5.359847008592770745e-01
1.650513736247888750e+15,5.344034028334911923e-01
1.650513736249772750e+15,5.328221048077053101e-01
1.650513736251657000e+15,5.312405969493789737e-01
1.650513736253541000e+15,5.296592989235930915e-01
1.650513736255425000e+15,5.280780008978072093e-01
1.650513736257309250e+15,5.280995636858332176e-01
1.650513736259193250e+15,5.286432859574813348e-01
1.650513736261077250e+15,5.291870082291293409e-01
1.650513736262961250e+15,5.297307305007774580e-01
1.650513736264845500e+15,5.302745249224083413e-01
1.650513736266729500e+15,5.308182471940563474e-01
1.650513736268613500e+15,5.313619694657044645e-01
1.650513736270497500e+15,5.319056917373525817e-01
1.650513736272381750e+15,5.324494861589834649e-01
1.650513736274265750e+15,5.329932084306315820e-01
1.650513736276149750e+15,5.335369307022795882e-01
1.650513736278033750e+15,5.326607195240452564e-01
1.650513736279918000e+15,5.301804850076248243e-01
1.650513736281802000e+15,5.277005795657057075e-01
1.650513736283686000e+15,5.252206741237865906e-01
1.650513736285570250e+15,5.227404396073663806e-01
1.650513736287454250e+15,5.221704205390776954e-01
1.650513736289338250e+15,5.233537636875580379e-01
1.650513736291222250e+15,5.245371068360382694e-01
1.650513736293106500e+15,5.257206070098834338e-01
1.650513736294990500e+15,5.269039501583636653e-01
1.650513736296874500e+15,5.271564360293692353e-01
1.650513736298758500e+15,5.255714522468908356e-01
1.650513736300642750e+15,5.239862581427853216e-01
1.650513736302526750e+15,5.224012743603070330e-01
1.650513736304410750e+15,5.208162905778286333e-01
1.650513736306294750e+15,5.192313067953503447e-01
1.650513736308179000e+15,5.176461126912448307e-01
1.650513736310063000e+15,5.160611289087665421e-01
1.650513736311947000e+15,5.165836619181921607e-01
1.650513736313831250e+15,5.185472511162718678e-01
1.650513736315715250e+15,5.205105797877230822e-01
1.650513736317599250e+15,5.224739084591742966e-01
1.650513736319483250e+15,5.244372371306255110e-01
1.650513736321367500e+15,5.264008263287052181e-01
1.650513736323251500e+15,5.278970866905935422e-01
1.650513736325135500e+15,5.285014088829458334e-01
1.650513736327019500e+15,5.291057310752982357e-01
1.650513736328903750e+15,5.297101334590244015e-01
1.650513736330787750e+15,5.303144556513768038e-01
1.650513736332671750e+15,5.309187778437292060e-01
1.650513736334555750e+15,5.315231000360816083e-01
1.650513736336440000e+15,5.321275024198077741e-01
1.650513736338324000e+15,5.327318246121601764e-01
1.650513736340208000e+15,5.333361468045125786e-01
1.650513736342092250e+15,5.336743119652560541e-01
1.650513736343976250e+15,5.328824172387519598e-01
1.650513736345860250e+15,5.320905225122478654e-01
1.650513736347744250e+15,5.312986277857436601e-01
1.650513736349628500e+15,5.305066279776675664e-01
1.650513736351512500e+15,5.297147332511633611e-01
1.650513736353396500e+15,5.289228385246592667e-01
1.650513736355280500e+15,5.281309437981551724e-01
1.650513736357164750e+15,5.265821892303446106e-01
1.650513736359048750e+15,5.240802783511095964e-01
1.650513736360932750e+15,5.215783674718744711e-01
1.650513736362816750e+15,5.190764565926394569e-01
1.650513736364701000e+15,5.165742137188609195e-01
1.650513736366585000e+15,5.143741184827208546e-01
1.650513736368469000e+15,5.124335310700119939e-01
1.650513736370353250e+15,5.104926861483577438e-01
1.650513736372237250e+15,5.085520987356488831e-01
1.650513736374121250e+15,5.066115113229400224e-01
1.650513736376005250e+15,5.046709239102311617e-01
1.650513736377889500e+15,5.031456984264899290e-01
1.650513736379773500e+15,5.031456984264899290e-01
1.650513736381657500e+15,5.031456984264899290e-01
1.650513736383541500e+15,5.031456984264899290e-01
1.650513736385425750e+15,5.031456984264899290e-01
1.650513736387309750e+15,5.031456984264899290e-01
1.650513736389193750e+15,5.031456984264899290e-01
1.650513736391077750e+15,5.031456984264899290e-01
1.650513736392962000e+15,5.031456984264899290e-01
1.650513736394846000e+15,5.031456984264899290e-01
1.650513736396730000e+15,5.031456984264899290e-01
1.650513736398614250e+15,5.031456984264899290e-01
1.650513736400498250e+15,5.031456984264899290e-01
1.650513736402382250e+15,5.031456984264899290e-01
1.650513736404266250e+15,5.031456984264899290e-01
1.650513736406150500e+15,5.031456984264899290e-01
1.650513736408034500e+15,5.031456984264899290e-01
1.650513736409918500e+15,5.003077727891306337e-01
1.650513736411802500e+15,4.972341011014128620e-01
1.650513736413686750e+15,4.941600215485562608e-01
1.650513736415570750e+15,4.910863498608384892e-01
1.650513736417454750e+15,4.880126781731208285e-01
1.650513736419338750e+15,4.849390064854031124e-01
1.650513736421223000e+15,4.872118724969785042e-01
1.650513736423107000e+15,4.898586127589428241e-01
1.650513736424991000e+15,4.925053530209071995e-01
1.650513736426875250e+15,4.951524444957512983e-01
1.650513736428759250e+15,4.977991847577156181e-01
1.650513736430643250e+15,5.004459250196799935e-01
1.650513736432527250e+15,5.030926652816443134e-01
1.650513736434411500e+15,5.004600199895454793e-01
1.650513736436295500e+15,4.977197989360913066e-01
1.650513736438179500e+15,4.949795778826370229e-01
1.650513736440063500e+15,4.922393568291827393e-01
1.650513736441947750e+15,4.894987721582850781e-01
1.650513736443831750e+15,4.867585511048307945e-01
1.650513736445715750e+15,4.838054784816738785e-01
1.650513736447599750e+15,4.802547220925555416e-01
1.650513736449484000e+15,4.767034945308803451e-01
1.650513736451368000e+15,4.731527381417620082e-01
1.650513736453252000e+15,4.696019817526436158e-01
1.650513736455136250e+15,4.668145745028832727e-01
1.650513736457020250e+15,4.729706475751329076e-01
1.650513736458904250e+15,4.791267206473824314e-01
1.650513736460788250e+15,4.852827937196320107e-01
1.650513736462672500e+15,4.914396836805589586e-01
1.650513736464556500e+15,4.975957567528084269e-01
1.650513736466440500e+15,5.029626273759949528e-01
1.650513736468324500e+15,5.011032965989995480e-01
1.650513736470208750e+15,4.992437190955210657e-01
1.650513736472092750e+15,4.973843883185257164e-01
1.650513736473976750e+15,4.955250575415303671e-01
1.650513736475860750e+15,4.936657267645350178e-01
1.650513736477745000e+15,4.918061492610565355e-01
1.650513736479629000e+15,4.899468184840612972e-01
1.650513736481513000e+15,4.880874877070658369e-01
1.650513736483397250e+15,4.862279102035873546e-01
1.650513736485281250e+15,4.847379289718629081e-01
1.650513736487165250e+15,4.847379289718629636e-01
1.650513736489049250e+15,4.847379289718629081e-01
1.650513736490933500e+15,4.847379289718629636e-01
1.650513736492817500e+15,4.847379289718629636e-01
1.650513736494701500e+15,4.847379289718629636e-01
1.650513736496585500e+15,4.847379289718629636e-01
1.650513736498469750e+15,4.847379289718630191e-01
1.650513736500353750e+15,4.847379289718629636e-01
1.650513736502237750e+15,4.847379289718629636e-01
1.650513736504121750e+15,4.847379289718629081e-01
1.650513736506006000e+15,4.847379289718629081e-01
1.650513736507890000e+15,4.847379289718629636e-01
1.650513736509774000e+15,4.847379289718629636e-01
1.650513736511658250e+15,4.847379289718629636e-01
1.650513736513542250e+15,4.847379289718629081e-01
1.650513736515426250e+15,4.847379289718629636e-01
1.650513736517310250e+15,4.847379289718629636e-01
1.650513736519194500e+15,4.847379289718629636e-01
1.650513736521078500e+15,4.847379289718630191e-01
1.650513736522962500e+15,4.847379289718629636e-01
1.650513736524846500e+15,4.847379289718629636e-01
1.650513736526730750e+15,4.847379289718629636e-01
1.650513736528614750e+15,4.847379289718629636e-01
1.650513736530498750e+15,4.847379289718629636e-01
1.650513736532382750e+15,4.847379289718629636e-01
1.650513736534267000e+15,4.847379289718629636e-01
1.650513736536151000e+15,4.847379289718629636e-01
1.650513736538035000e+15,4.847379289718629081e-01
1.650513736539919250e+15,4.847379289718629636e-01
1.650513736541803250e+15,4.847379289718629636e-01
1.650513736543687250e+15,4.851205973735839838e-01
1.650513736545571250e+15,4.861590522080707077e-01
1.650513736547455500e+15,4.871976448417657535e-01
1.650513736549339500e+15,4.882360996762523664e-01
1.650513736551223500e+15,4.892745545107390903e-01
1.650513736553107500e+15,4.903130093452257587e-01
1.650513736554991750e+15,4.904383176551718182e-01
1.650513736556875750e+15,4.894916237547946025e-01
1.650513736558759750e+15,4.885449298544174423e-01
1.650513736560643750e+15,4.875982359540402822e-01
1.650513736562528000e+15,4.866514164307994550e-01
1.650513736564412000e+15,4.857047225304222948e-01
1.650513736566296000e+15,4.847580286300450791e-01
1.650513736568180250e+15,4.815651692693678765e-01
1.650513736570064250e+15,4.783240255635249349e-01
1.650513736571948250e+15,4.750828818576819934e-01
1.650513736573832250e+15,4.718417381518391074e-01
1.650513736575716500e+15,4.686001643579248421e-01
1.650513736577600500e+15,4.668079151888275824e-01
1.650513736579484500e+15,4.684024088740008640e-01
1.650513736581368500e+15,4.699969025591742566e-01
1.650513736583252750e+15,4.715916078279044910e-01
1.650513736585136750e+15,4.731861015130778281e-01
1.650513736587020750e+15,4.747805951982511652e-01
1.650513736588904750e+15,4.763750888834245023e-01
1.650513736590789000e+15,4.779697941521547366e-01
1.650513736592673000e+15,4.780201422153744772e-01
1.650513736594557000e+15,4.770559988277591756e-01
1.650513736596441250e+15,4.760917275017962913e-01
1.650513736598325250e+15,4.751275841141809897e-01
1.650513736600209250e+15,4.741634407265656881e-01
1.650513736602093250e+15,4.731992973389503865e-01
1.650513736603977500e+15,4.724660826687774873e-01
1.650513736605861500e+15,4.724660826687774318e-01
1.650513736607745500e+15,4.724660826687774318e-01
1.650513736609629500e+15,4.724660826687774318e-01
1.650513736611513750e+15,4.724660826687774318e-01
1.650513736613397750e+15,4.724660826687774318e-01
1.650513736615281750e+15,4.724660826687774318e-01
1.650513736617165750e+15,4.724660826687774318e-01
1.650513736619050000e+15,4.724660826687774318e-01
1.650513736620934000e+15,4.724660826687774318e-01
1.650513736622818000e+15,4.724660826687773763e-01
1.650513736624702250e+15,4.724660826687774318e-01
1.650513736626586250e+15,4.724660826687773763e-01
1.650513736628470250e+15,4.724660826687774318e-01
1.650513736630354250e+15,4.724660826687773763e-01
1.650513736632238500e+15,4.724660826687774318e-01
1.650513736634122500e+15,4.724660826687773763e-01
1.650513736636006500e+15,4.724660826687774318e-01
1.650513736637890500e+15,4.724660826687774318e-01
1.650513736639774750e+15,4.724660826687774318e-01
1.650513736641658750e+15,4.724660826687774318e-01
1.650513736643542750e+15,4.724660826687774318e-01
1.650513736645426750e+15,4.724660826687774318e-01
1.650513736647311000e+15,4.724660826687774318e-01
1.650513736649195000e+15,4.724660826687774318e-01
1.650513736651079000e+15,4.724660826687774318e-01
1.650513736652963250e+15,4.724660826687774318e-01
1.650513736654847250e+15,4.724660826687773763e-01
1.650513736656731250e+15,4.724660826687774318e-01
1.650513736658615250e+15,4.724660826687774318e-01
1.650513736660499500e+15,4.724660826687774318e-01
1.650513736662383500e+15,4.724660826687774318e-01
1.650513736664267500e+15,4.724660826687774318e-01
1.650513736666151500e+15,4.724660826687774318e-01
1.650513736668035750e+15,4.724660826687774318e-01
1.650513736669919750e+15,4.724660826687774318e-01
1.650513736671803750e+15,4.724660826687774318e-01
1.650513736673687750e+15,4.717721231858206243e-01
1.650513736675572000e+15,4.707722431202413516e-01
1.650513736677456000e+15,4.697724957175338778e-01
1.650513736679340000e+15,4.687727483148264040e-01
1.650513736681224250e+15,4.677728682492471313e-01
1.650513736683108250e+15,4.667731208465396575e-01
1.650513736684992250e+15,4.668767354037072215e-01
1.650513736686876250e+15,4.678581497188023519e-01
1.650513736688760500e+15,4.688396942640349341e-01
1.650513736690644500e+15,4.698211085791300645e-01
1.650513736692528500e+15,4.708025228942251394e-01
1.650513736694412500e+15,4.717839372093203254e-01
1.650513736696296750e+15,4.726360403473966465e-01
1.650513736698180750e+15,4.731931525988428144e-01
1.650513736700064750e+15,4.737502648502889269e-01
1.650513736701948750e+15,4.743073771017350948e-01
1.650513736703833000e+15,4.748645632799661787e-01
1.650513736705717000e+15,4.754216755314122911e-01
1.650513736707601000e+15,4.759787877828584590e-01
1.650513736709485250e+15,4.765359739610895429e-01
1.650513736711369250e+15,4.770930862125356553e-01
1.650513736713253250e+15,4.776501984639818232e-01
1.650513736715137250e+15,4.782073107154279912e-01
1.650513736717021500e+15,4.782987417645756523e-01
1.650513736718905500e+15,4.772589792877356407e-01
1.650513736720789500e+15,4.762192168108956292e-01
1.650513736722673500e+15,4.751794543340555621e-01
1.650513736724557750e+15,4.741395538844876967e-01
1.650513736726441750e+15,4.730997914076476851e-01
1.650513736728325750e+15,4.724660826687774318e-01
1.650513736730209750e+15,4.724660826687774318e-01
1.650513736732094000e+15,4.724660826687774318e-01
1.650513736733978000e+15,4.724660826687774318e-01
1.650513736735862000e+15,4.724660826687774318e-01
1.650513736737746250e+15,4.724660826687774318e-01
1.650513736739630250e+15,4.724660826687774318e-01
1.650513736741514250e+15,4.724660826687773763e-01
1.650513736743398250e+15,4.724660826687774318e-01
1.650513736745282500e+15,4.733108431876676403e-01
1.650513736747166500e+15,4.744806548874759278e-01
1.650513736749050500e+15,4.756504665872842708e-01
1.650513736750934500e+15,4.768202782870925582e-01
1.650513736752818750e+15,4.779902452166912008e-01
1.650513736754702750e+15,4.772944395055719324e-01
1.650513736756586750e+15,4.745534604379949561e-01
1.650513736758470750e+15,4.718124813704180909e-01
1.650513736760355000e+15,4.690711385848120307e-01
1.650513736762239000e+15,4.663301595172350544e-01
