AA03,920.625,1641969604678307,2.859340188618835,-46.0
AA03,920.625,1641969604686485,2.84706834231575,-45.5
AA03,920.625,1641969604694002,2.8532042654672924,-45.5
AA03,920.625,1641969604703758,2.84706834231575,-46.0
AA03,920.625,1641969604711951,2.859340188618835,-45.5
AA03,920.625,1641969604720168,2.84706834231575,-45.5
AA03,920.625,1641969604732640,2.84706834231575,-46.0
AA03,920.625,1641969604738237,2.859340188618835,-45.5
AA03,920.625,1641969604746344,2.8532042654672924,-45.5
AA03,920.625,1641969604757308,2.834796496012665,-45.5
AA03,920.625,1641969604766732,2.8286605728611223,-46.0
AA03,920.625,1641969604774339,2.84706834231575,-46.0
AA03,920.625,1641969604786345,2.8409324191642074,-46.0
AA03,920.625,1641969604793351,2.84706834231575,-46.0
AA03,920.625,1641969604800854,2.84706834231575,-45.5
AA03,920.625,1641969604810248,2.84706834231575,-46.0
AA03,920.625,1641969604820769,2.859340188618835,-45.5
AA03,920.625,1641969604827084,2.8532042654672924,-46.0
AA03,920.625,1641969604839339,2.8409324191642074,-46.0
AA03,920.625,1641969604848762,2.8286605728611223,-46.0
AA03,920.625,1641969604857587,2.8532042654672924,-45.5
AA03,920.625,1641969604865878,2.834796496012665,-46.0
AA03,920.625,1641969604872946,2.84706834231575,-45.5
AA03,920.625,1641969604882932,2.84706834231575,-45.5
AA03,920.625,1641969604892806,2.8409324191642074,-45.5
AA03,920.625,1641969604900172,2.84706834231575,-46.0
AA03,920.625,1641969604909182,2.859340188618835,-46.0
AA03,920.625,1641969604919078,2.8532042654672924,-45.5
AA03,920.625,1641969604927805,2.8409324191642074,-46.0
AA03,920.625,1641969604935670,2.8532042654672924,-45.5
AA03,920.625,1641969604947428,2.8409324191642074,-46.0
AA03,920.625,1641969604957691,2.84706834231575,-45.5
AA03,920.625,1641969604963084,2.8409324191642074,-45.5
AA03,920.625,1641969604972512,2.834796496012665,-45.5
AA03,920.625,1641969604983972,2.859340188618835,-45.5
AA03,920.625,1641969604988708,2.834796496012665,-46.0
AA03,920.625,1641969605001289,2.8409324191642074,-45.5
AA03,920.625,1641969605009742,2.8286605728611223,-45.5
AA03,920.625,1641969605019586,2.84706834231575,-45.5
AA03,920.625,1641969605029192,2.8532042654672924,-45.5
AA03,920.625,1641969605037887,2.834796496012665,-45.5
AA03,920.625,1641969605045608,2.834796496012665,-45.5
AA03,920.625,1641969605056321,2.84706834231575,-46.0
AA03,920.625,1641969605063349,2.8409324191642074,-46.0
AA03,920.625,1641969605071586,2.84706834231575,-45.5
AA03,920.625,1641969605079799,2.84706834231575,-45.5
AA03,920.625,1641969605093201,2.84706834231575,-45.5
AA03,920.625,1641969605097963,2.8532042654672924,-46.0
AA03,920.625,1641969605108816,2.84706834231575,-45.5
AA03,920.625,1641969605118140,2.84706834231575,-45.5
AA03,920.625,1641969605128423,2.8409324191642074,-45.5
AA03,920.625,1641969605137316,2.8409324191642074,-46.0
AA03,920.625,1641969605147465,2.834796496012665,-45.5
AA03,920.625,1641969605155170,2.834796496012665,-45.5
AA03,920.625,1641969605164180,2.834796496012665,-46.0
AA03,920.625,1641969605173932,2.834796496012665,-45.5
AA03,920.625,1641969605178650,2.84706834231575,-46.0
AA03,920.625,1641969605191000,2.8532042654672924,-46.0
AA03,920.625,1641969605199958,2.8286605728611223,-46.0
AA03,920.625,1641969605207805,2.8409324191642074,-45.5
AA03,920.625,1641969605215191,2.84706834231575,-46.0
AA03,920.625,1641969605226792,2.859340188618835,-46.0
AA03,920.625,1641969605236016,2.8409324191642074,-46.0
AA03,920.625,1641969605244412,2.84706834231575,-45.5
AA03,920.625,1641969605252531,2.84706834231575,-45.5
AA03,920.625,1641969605264090,2.8409324191642074,-45.5
AA03,920.625,1641969605272735,2.84706834231575,-45.5
AA03,920.625,1641969605279256,2.84706834231575,-45.5
AA03,920.625,1641969605290688,2.8532042654672924,-45.5
AA03,920.625,1641969605299674,2.84706834231575,-46.0
AA03,920.625,1641969605307850,2.84706834231575,-46.0
AA03,920.625,1641969605317250,2.8409324191642074,-46.0
AA03,920.625,1641969605326891,2.8532042654672924,-45.5
AA03,920.625,1641969605334415,2.8409324191642074,-45.5
AA03,920.625,1641969605346300,2.8286605728611223,-46.0
AA03,920.625,1641969605352224,2.834796496012665,-46.0
AA03,920.625,1641969605359694,2.84706834231575,-45.5
AA03,920.625,1641969605372206,2.84706834231575,-46.0
AA03,920.625,1641969605379248,2.834796496012665,-45.5
AA03,920.625,1641969605389462,2.84706834231575,-46.0
AA03,920.625,1641969605399583,2.8409324191642074,-46.0
AA03,920.625,1641969605404739,2.8409324191642074,-45.5
AA03,920.625,1641969605415834,2.8532042654672924,-45.5
AA03,920.625,1641969605426803,2.8409324191642074,-46.0
AA03,920.625,1641969605435387,2.8409324191642074,-46.0
AA03,920.625,1641969605441189,2.8286605728611223,-45.5
AA03,920.625,1641969605450447,2.8409324191642074,-45.5
AA03,920.625,1641969605462695,2.84706834231575,-46.0
AA03,920.625,1641969605469506,2.8409324191642074,-45.5
AA03,920.625,1641969605480542,2.84706834231575,-46.0
AA03,920.625,1641969605490379,2.8532042654672924,-45.5
AA03,920.625,1641969605498194,2.8286605728611223,-45.5
AA03,920.625,1641969605507369,2.84706834231575,-45.5
AA03,920.625,1641969605514444,2.84706834231575,-45.5
AA03,920.625,1641969605523829,2.8532042654672924,-46.0
AA03,920.625,1641969605534150,2.8409324191642074,-45.5
AA03,920.625,1641969605540941,2.834796496012665,-45.5
AA03,920.625,1641969605551285,2.8532042654672924,-46.0
AA03,920.625,1641969605559298,2.84706834231575,-45.5
AA03,920.625,1641969605568708,2.84706834231575,-45.5
AA03,920.625,1641969605579117,2.8532042654672924,-46.0
AA03,920.625,1641969605589163,2.82252464970958,-45.5
AA03,920.625,1641969605597443,2.8532042654672924,-45.5
AA03,920.625,1641969605606166,2.8409324191642074,-46.0
AA03,920.625,1641969605612975,2.8286605728611223,-45.5
AA03,920.625,1641969605623029,2.8409324191642074,-45.5
AA03,920.625,1641969605633336,2.8409324191642074,-45.5
AA03,920.625,1641969605640230,2.8409324191642074,-45.5
AA03,920.625,1641969605651066,2.84706834231575,-45.5
AA03,920.625,1641969605660013,2.84706834231575,-45.5
AA03,920.625,1641969605668980,2.8409324191642074,-45.5
AA03,920.625,1641969605678628,2.834796496012665,-45.5
AA03,920.625,1641969605687214,2.84706834231575,-46.0
AA03,920.625,1641969605696095,2.8409324191642074,-45.5
AA03,920.625,1641969605702171,2.84706834231575,-46.0
AA03,920.625,1641969605711613,2.834796496012665,-45.5
AA03,920.625,1641969605721942,2.8409324191642074,-46.0
AA03,920.625,1641969605729748,2.84706834231575,-45.5
AA03,920.625,1641969605741944,2.8409324191642074,-45.5
AA03,920.625,1641969605748676,2.8409324191642074,-45.5
AA03,920.625,1641969605755823,2.834796496012665,-46.0
AA03,920.625,1641969605764732,2.84706834231575,-45.5
AA03,920.625,1641969605774433,2.834796496012665,-45.5
AA03,920.625,1641969605785761,2.8409324191642074,-46.0
AA03,920.625,1641969605794977,2.84706834231575,-45.5
AA03,920.625,1641969605803142,2.8409324191642074,-46.0
AA03,920.625,1641969605813567,2.8532042654672924,-45.5
AA03,920.625,1641969605822515,2.8409324191642074,-46.0
AA03,920.625,1641969605832621,2.84706834231575,-46.0
AA03,920.625,1641969605839371,2.82252464970958,-46.0
AA03,920.625,1641969605847402,2.859340188618835,-45.5
AA03,920.625,1641969605856859,2.8286605728611223,-46.0
AA03,920.625,1641969605868608,2.859340188618835,-45.5
AA03,920.625,1641969605874302,2.84706834231575,-45.5
AA03,920.625,1641969605882678,2.8532042654672924,-46.0
AA03,920.625,1641969605893655,2.84706834231575,-46.0
AA03,920.625,1641969605904167,2.84706834231575,-45.5
AA03,920.625,1641969605909352,2.8409324191642074,-46.0
AA03,920.625,1641969605922968,2.84706834231575,-46.0
AA03,920.625,1641969605931751,2.84706834231575,-45.5
AA03,920.625,1641969605939043,2.834796496012665,-46.0
AA03,920.625,1641969605947381,2.84706834231575,-46.0
AA03,920.625,1641969605958095,2.834796496012665,-45.5
AA03,920.625,1641969605965346,2.8654761117703775,-45.5
AA03,920.625,1641969605975174,2.84706834231575,-46.0
AA03,920.625,1641969605983010,2.8532042654672924,-45.5
AA03,920.625,1641969605992047,2.8409324191642074,-45.5
AA03,920.625,1641969606002620,2.8532042654672924,-46.0
AA03,920.625,1641969606011988,2.834796496012665,-45.5
AA03,920.625,1641969606021463,2.8532042654672924,-45.5
AA03,920.625,1641969606028692,2.84706834231575,-45.5
AA03,920.625,1641969606039731,2.8654761117703775,-45.5
AA03,920.625,1641969606046310,2.8409324191642074,-46.0
AA03,920.625,1641969606055481,2.8409324191642074,-45.5
AA03,920.625,1641969606064260,2.834796496012665,-45.5
AA03,920.625,1641969606074318,2.8532042654672924,-45.5
AA03,920.625,1641969606081589,2.8532042654672924,-46.0
AA03,920.625,1641969606093308,2.84706834231575,-46.0
AA03,920.625,1641969606102550,2.84706834231575,-45.5
AA03,920.625,1641969606109508,2.84706834231575,-45.5
AA03,920.625,1641969606121834,2.8409324191642074,-45.5
AA03,920.625,1641969606130153,2.8286605728611223,-45.5
AA03,920.625,1641969606137783,2.8409324191642074,-46.0
AA03,920.625,1641969606148701,2.84706834231575,-46.0
AA03,920.625,1641969606156471,2.8532042654672924,-46.0
AA03,920.625,1641969606166030,2.8409324191642074,-45.5
AA03,920.625,1641969606174390,2.84706834231575,-46.0
AA03,920.625,1641969606184172,2.8409324191642074,-45.5
AA03,920.625,1641969606192625,2.84706834231575,-46.0
AA03,920.625,1641969606201783,2.8532042654672924,-46.0
AA03,920.625,1641969606209398,2.84706834231575,-45.5
AA03,920.625,1641969606217821,2.8409324191642074,-45.5
AA03,920.625,1641969606227262,2.8532042654672924,-45.5
AA03,920.625,1641969606237543,2.84706834231575,-45.5
AA03,920.625,1641969606245768,2.8409324191642074,-45.5
AA03,920.625,1641969606256599,2.8532042654672924,-45.5
AA03,920.625,1641969606260936,2.834796496012665,-45.5
AA03,920.625,1641969606270061,2.84706834231575,-45.5
AA03,920.625,1641969606279490,2.8532042654672924,-45.5
AA03,920.625,1641969606289527,2.8654761117703775,-45.5
AA03,920.625,1641969606298775,2.84706834231575,-46.0
AA03,920.625,1641969606309870,2.8532042654672924,-45.5
AA03,920.625,1641969606319089,2.834796496012665,-45.5
AA03,920.625,1641969606328030,2.84706834231575,-45.5
AA03,920.625,1641969606337871,2.84706834231575,-46.0
AA03,920.625,1641969606342174,2.84706834231575,-46.0
AA03,920.625,1641969606355028,2.834796496012665,-45.5
AA03,920.625,1641969606365305,2.834796496012665,-46.0
AA03,920.625,1641969606373763,2.84706834231575,-46.0
AA03,920.625,1641969606381366,2.84706834231575,-45.5
AA03,920.625,1641969606390586,2.8409324191642074,-45.5
AA03,920.625,1641969606400604,2.8532042654672924,-46.0
AA03,920.625,1641969606407381,2.8532042654672924,-45.5
AA03,920.625,1641969606414763,2.834796496012665,-45.5
AA03,920.625,1641969606425816,2.84706834231575,-46.0
AA03,920.625,1641969606435549,2.84706834231575,-45.5
AA03,920.625,1641969606443929,2.8409324191642074,-45.5
AA03,920.625,1641969606452368,2.82252464970958,-46.0
AA03,920.625,1641969606461263,2.834796496012665,-46.0
AA03,920.625,1641969606471313,2.8409324191642074,-46.0
AA03,920.625,1641969606481401,2.8286605728611223,-46.0
AA03,920.625,1641969606490362,2.8286605728611223,-46.0
AA03,920.625,1641969606498501,2.834796496012665,-45.5
AA03,920.625,1641969606505469,2.834796496012665,-46.0
AA03,920.625,1641969606515055,2.8409324191642074,-46.0
AA03,920.625,1641969606526480,2.84706834231575,-45.5
AA03,920.625,1641969606535963,2.84706834231575,-45.5
AA03,920.625,1641969606542752,2.84706834231575,-46.0
AA03,920.625,1641969606550847,2.834796496012665,-46.0
AA03,921.125,1641969606565623,3.0250101137104846,-45.5
AA03,921.125,1641969606574295,3.031146036862027,-46.0
AA03,921.125,1641969606587219,3.018874190558942,-45.5
AA03,921.125,1641969606596924,3.018874190558942,-46.0
AA03,921.125,1641969606605033,3.0250101137104846,-46.0
AA03,921.125,1641969606614028,3.0250101137104846,-45.5
AA03,921.125,1641969606623218,3.0372819600135696,-45.5
AA03,921.125,1641969606628814,3.031146036862027,-45.5
AA03,921.125,1641969606638207,3.0250101137104846,-46.0
AA03,921.125,1641969606647971,3.0066023442558567,-46.0
AA03,921.125,1641969606660423,3.031146036862027,-46.0
AA03,921.125,1641969606668551,3.0066023442558567,-45.5
AA03,921.125,1641969606678335,3.000466421104314,-45.5
AA03,921.125,1641969606685625,3.031146036862027,-46.0
AA03,921.125,1641969606694801,3.0372819600135696,-45.5
AA03,921.125,1641969606704001,3.018874190558942,-46.0
AA03,921.125,1641969606714198,3.0250101137104846,-46.0
AA03,921.125,1641969606719344,3.0250101137104846,-45.5
AA03,921.125,1641969606728305,3.018874190558942,-46.0
AA03,921.125,1641969606737019,3.0250101137104846,-45.5
AA03,921.125,1641969606749655,3.0250101137104846,-46.0
AA03,921.125,1641969606757293,3.0250101137104846,-46.0
AA03,921.125,1641969606766202,3.031146036862027,-45.5
AA03,921.125,1641969606775646,3.0250101137104846,-46.0
AA03,921.125,1641969606784831,3.0372819600135696,-46.0
AA03,921.125,1641969606792015,3.0372819600135696,-45.5
AA03,921.125,1641969606804092,3.0372819600135696,-46.0
AA03,921.125,1641969606808239,3.043417883165112,-45.5
AA03,921.125,1641969606817163,3.031146036862027,-46.0
AA03,921.125,1641969606829556,3.0250101137104846,-45.5
AA03,921.125,1641969606839585,3.043417883165112,-45.5
AA03,921.125,1641969606845585,3.043417883165112,-46.0
AA03,921.125,1641969606857338,3.031146036862027,-46.0
AA03,921.125,1641969606865717,3.0372819600135696,-45.5
AA03,921.125,1641969606875671,3.0250101137104846,-46.0
AA03,921.125,1641969606883574,3.0372819600135696,-45.5
AA03,921.125,1641969606893563,3.0250101137104846,-45.5
AA03,921.125,1641969606903285,3.031146036862027,-45.5
AA03,921.125,1641969606910909,3.0372819600135696,-45.5
AA03,921.125,1641969606917203,3.0372819600135696,-45.5
AA03,921.125,1641969606927767,3.0250101137104846,-45.5
AA03,921.125,1641969606934931,3.018874190558942,-45.5
AA03,921.125,1641969606947883,3.0250101137104846,-45.5
AA03,921.125,1641969606957923,3.0372819600135696,-45.5
AA03,921.125,1641969606963180,3.031146036862027,-45.0
AA03,921.125,1641969606973457,3.0802334220743677,-44.5
AA03,921.125,1641969606980574,3.031146036862027,-45.5
AA03,921.125,1641969606993195,3.0250101137104846,-45.5
AA03,921.125,1641969607001478,3.031146036862027,-45.5
AA03,921.125,1641969607007996,3.018874190558942,-46.0
AA03,921.125,1641969607017500,3.0250101137104846,-45.5
AA03,921.125,1641969607028081,3.0372819600135696,-46.0
AA03,921.125,1641969607035428,3.0372819600135696,-45.5
AA03,921.125,1641969607046175,3.018874190558942,-45.5
AA03,921.125,1641969607056199,3.018874190558942,-45.5
AA03,921.125,1641969607064583,3.0250101137104846,-45.5
AA03,921.125,1641969607073014,3.043417883165112,-45.5
AA03,921.125,1641969607083387,3.0250101137104846,-45.5
AA03,921.125,1641969607089889,3.0250101137104846,-45.5
AA03,921.125,1641969607097793,3.0250101137104846,-45.5
AA03,921.125,1641969607109190,3.031146036862027,-46.0
AA03,921.125,1641969607118152,3.0250101137104846,-46.0
AA03,921.125,1641969607127153,3.0250101137104846,-46.0
AA03,921.125,1641969607135484,3.0372819600135696,-46.0
AA03,921.125,1641969607143709,3.031146036862027,-46.0
AA03,921.125,1641969607153846,3.0372819600135696,-45.5
AA03,921.125,1641969607161656,3.0250101137104846,-45.5
AA03,921.125,1641969607173174,3.031146036862027,-45.5
AA03,921.125,1641969607180490,3.031146036862027,-45.5
AA03,921.125,1641969607190329,3.0372819600135696,-46.0
AA03,921.125,1641969607200344,3.0250101137104846,-46.0
AA03,921.125,1641969607206575,3.031146036862027,-45.5
AA03,921.125,1641969607217695,3.031146036862027,-45.5
AA03,921.125,1641969607226938,3.018874190558942,-45.5
AA03,921.125,1641969607237064,3.043417883165112,-46.0
AA03,921.125,1641969607244506,3.031146036862027,-46.0
AA03,921.125,1641969607253697,3.018874190558942,-45.5
AA03,921.125,1641969607263319,3.0250101137104846,-45.5
AA03,921.125,1641969607269005,3.018874190558942,-46.0
AA03,921.125,1641969607281483,3.018874190558942,-46.0
AA03,921.125,1641969607286913,3.0250101137104846,-45.5
AA03,921.125,1641969607299537,3.0250101137104846,-46.0
AA03,921.125,1641969607309128,3.031146036862027,-46.0
AA03,921.125,1641969607318306,3.0250101137104846,-46.0
AA03,921.125,1641969607325939,3.0250101137104846,-45.5
AA03,921.125,1641969607336532,3.0250101137104846,-45.5
AA03,921.125,1641969607343249,3.0372819600135696,-45.5
AA03,921.125,1641969607354441,3.0250101137104846,-45.5
AA03,921.125,1641969607363908,3.0127382674073995,-45.5
AA03,921.125,1641969607373652,3.043417883165112,-46.0
AA03,921.125,1641969607381097,3.018874190558942,-45.5
AA03,921.125,1641969607389779,3.0372819600135696,-46.0
AA03,921.125,1641969607399632,3.043417883165112,-46.0
AA03,921.125,1641969607409133,3.031146036862027,-46.0
AA03,921.125,1641969607416933,3.0372819600135696,-45.5
AA03,921.125,1641969607428096,3.031146036862027,-45.5
AA03,921.125,1641969607433520,3.0250101137104846,-45.5
AA03,921.125,1641969607442961,3.031146036862027,-46.0
AA03,921.125,1641969607453423,3.031146036862027,-45.5
AA03,921.125,1641969607461658,3.0372819600135696,-46.0
AA03,921.125,1641969607470631,3.0372819600135696,-45.5
AA03,921.125,1641969607480299,3.0250101137104846,-46.0
AA03,921.125,1641969607488965,3.031146036862027,-45.5
AA03,921.125,1641969607496570,3.031146036862027,-46.0
AA03,921.125,1641969607505478,3.043417883165112,-45.5
AA03,921.125,1641969607514015,3.031146036862027,-46.0
AA03,921.125,1641969607525933,3.0250101137104846,-45.5
AA03,921.125,1641969607535559,3.0372819600135696,-45.5
AA03,921.125,1641969607541895,3.0495538063166547,-45.5
AA03,921.125,1641969607552859,3.018874190558942,-45.5
AA03,921.125,1641969607560071,3.018874190558942,-46.0
AA03,921.125,1641969607571194,3.031146036862027,-46.0
AA03,921.125,1641969607578349,3.0250101137104846,-46.0
AA03,921.125,1641969607588761,3.0250101137104846,-45.5
AA03,921.125,1641969607597911,3.031146036862027,-45.5
AA03,921.125,1641969607604958,3.031146036862027,-45.5
AA03,921.125,1641969607614612,3.0250101137104846,-45.5
AA03,921.125,1641969607626121,3.0066023442558567,-45.5
AA03,921.125,1641969607632529,3.031146036862027,-46.0
AA03,921.125,1641969607644254,3.0372819600135696,-45.5
AA03,921.125,1641969607653234,3.043417883165112,-45.5
AA03,921.125,1641969607661152,3.0250101137104846,-45.5
AA03,921.125,1641969607666588,3.031146036862027,-45.5
AA03,921.125,1641969607679016,3.0127382674073995,-45.5
AA03,921.125,1641969607688794,3.0127382674073995,-45.5
AA03,921.125,1641969607696867,3.018874190558942,-45.5
AA03,921.125,1641969607704770,3.043417883165112,-46.0
AA03,921.125,1641969607715070,3.0372819600135696,-46.0
AA03,921.125,1641969607723256,3.0066023442558567,-46.0
AA03,921.125,1641969607732699,3.0250101137104846,-46.0
AA03,921.125,1641969607741165,3.031146036862027,-46.0
AA03,921.125,1641969607750837,3.031146036862027,-46.0
AA03,921.125,1641969607759062,3.0127382674073995,-45.5
AA03,921.125,1641969607769395,3.0372819600135696,-46.0
AA03,921.125,1641969607776386,3.0372819600135696,-46.0
AA03,921.125,1641969607786472,3.0127382674073995,-45.5
AA03,921.125,1641969607796746,3.031146036862027,-46.0
AA03,921.125,1641969607804375,3.018874190558942,-45.5
AA03,921.125,1641969607814873,3.031146036862027,-46.0
AA03,921.125,1641969607823840,3.031146036862027,-46.0
AA03,921.125,1641969607832447,3.0250101137104846,-45.5
AA03,921.125,1641969607840150,3.031146036862027,-46.0
AA03,921.125,1641969607851051,3.0250101137104846,-46.0
AA03,921.125,1641969607859764,3.031146036862027,-45.5
AA03,921.125,1641969607867124,3.043417883165112,-46.0
AA03,921.125,1641969607876422,3.0127382674073995,-46.0
AA03,921.125,1641969607885580,3.0495538063166547,-45.5
AA03,921.125,1641969607896573,3.018874190558942,-46.0
AA03,921.125,1641969607902849,3.0127382674073995,-45.5
AA03,921.125,1641969607914516,3.0372819600135696,-45.5
AA03,921.125,1641969607920984,3.043417883165112,-46.0
AA03,921.125,1641969607930200,3.0250101137104846,-46.0
AA03,921.125,1641969607938541,3.043417883165112,-45.5
AA03,921.125,1641969607948853,3.043417883165112,-45.5
AA03,921.125,1641969607957770,3.031146036862027,-45.5
AA03,921.125,1641969607966265,3.043417883165112,-45.5
AA03,921.125,1641969607978026,3.031146036862027,-46.0
AA03,921.125,1641969607983755,3.0372819600135696,-46.0
AA03,921.125,1641969607995190,3.031146036862027,-46.0
AA03,921.125,1641969608004664,3.018874190558942,-46.0
AA03,921.125,1641969608013641,3.0127382674073995,-45.5
AA03,921.125,1641969608022616,3.031146036862027,-46.0
AA03,921.125,1641969608028146,3.0250101137104846,-46.0
AA03,921.125,1641969608041231,3.0127382674073995,-46.0
AA03,921.125,1641969608049367,3.0250101137104846,-46.0
AA03,921.125,1641969608058137,3.0372819600135696,-46.0
AA03,921.125,1641969608068721,3.031146036862027,-45.5
AA03,921.125,1641969608076958,3.0250101137104846,-46.0
AA03,921.125,1641969608085133,3.018874190558942,-45.5
AA03,921.125,1641969608095682,3.0372819600135696,-45.5
AA03,921.125,1641969608103484,3.031146036862027,-45.5
AA03,921.125,1641969608114471,3.0250101137104846,-45.5
AA03,921.125,1641969608121346,3.031146036862027,-45.5
AA03,921.125,1641969608130674,3.0250101137104846,-46.0
AA03,921.125,1641969608140507,3.0372819600135696,-45.5
AA03,921.125,1641969608149549,3.0250101137104846,-45.5
AA03,921.125,1641969608157669,3.0372819600135696,-45.5
AA03,921.125,1641969608166511,3.0127382674073995,-45.5
AA03,921.125,1641969608173516,3.0372819600135696,-46.0
AA03,921.125,1641969608187366,3.043417883165112,-46.0
AA03,921.125,1641969608195518,3.031146036862027,-45.5
AA03,921.125,1641969608201570,3.031146036862027,-45.5
AA03,921.125,1641969608213519,3.0250101137104846,-46.0
AA03,921.125,1641969608223559,3.0250101137104846,-46.0
AA03,921.125,1641969608231664,3.031146036862027,-46.0
AA03,921.125,1641969608239815,3.0127382674073995,-46.0
AA03,921.125,1641969608249805,3.0372819600135696,-45.5
AA03,921.125,1641969608260264,3.0250101137104846,-45.5
AA03,921.125,1641969608264103,3.031146036862027,-45.5
AA03,921.125,1641969608275389,3.018874190558942,-45.5
AA03,921.125,1641969608283653,3.0250101137104846,-45.5
AA03,921.125,1641969608294754,3.031146036862027,-45.5
AA03,921.125,1641969608304287,3.018874190558942,-46.0
AA03,921.125,1641969608312215,3.0372819600135696,-45.5
AA03,921.125,1641969608320334,3.0372819600135696,-46.0
AA03,921.125,1641969608329110,3.0372819600135696,-45.5
AA03,921.125,1641969608338016,3.0250101137104846,-46.0
AA03,921.125,1641969608347794,3.0127382674073995,-45.5
AA03,921.125,1641969608357362,3.0372819600135696,-46.0
AA03,921.125,1641969608365501,3.0250101137104846,-45.5
AA03,921.125,1641969608375556,3.0250101137104846,-46.0
AA03,921.125,1641969608385621,3.0372819600135696,-46.0
AA03,921.125,1641969608394633,3.031146036862027,-45.5
AA03,921.125,1641969608403192,3.0372819600135696,-45.5
AA03,921.125,1641969608409235,3.0372819600135696,-46.0
AA03,921.125,1641969608421096,3.031146036862027,-46.0
AA03,921.125,1641969608429555,3.031146036862027,-46.0
AA03,921.125,1641969608438345,3.0250101137104846,-45.5
AA03,921.125,1641969608447293,2.9145634969827183,-44.5
AA03,921.625,1641969608464775,3.1784081924990484,-46.0
AA03,921.625,1641969608474232,3.215223731408304,-46.0
AA03,921.625,1641969608481718,3.1906800388021335,-46.0
AA03,921.625,1641969608490161,3.215223731408304,-46.5
AA03,921.625,1641969608500728,3.2213596545598464,-46.0
AA03,921.625,1641969608508040,3.2336315008629315,-46.0
AA03,921.625,1641969608519037,3.2029518851052186,-46.0
AA03,921.625,1641969608528546,3.2213596545598464,-46.0
AA03,921.625,1641969608535231,3.227495577711389,-46.0
AA03,921.625,1641969608543606,3.215223731408304,-46.0
AA03,921.625,1641969608552050,3.1906800388021335,-46.0
AA03,921.625,1641969608562540,3.1968159619536762,-46.0
AA03,921.625,1641969608570198,3.184544115650591,-46.0
AA03,921.625,1641969608580683,3.2213596545598464,-46.0
AA03,921.625,1641969608588319,3.1968159619536762,-46.0
AA03,921.625,1641969608599245,3.215223731408304,-46.0
AA03,921.625,1641969608606572,3.227495577711389,-46.0
AA03,921.625,1641969608617990,3.2213596545598464,-46.0
AA03,921.625,1641969608622969,3.2213596545598464,-46.0
AA03,921.625,1641969608635995,3.215223731408304,-45.5
AA03,921.625,1641969608642155,3.2090878082567613,-46.0
AA03,921.625,1641969608651464,3.227495577711389,-46.0
AA03,921.625,1641969608662118,3.2213596545598464,-46.0
AA03,921.625,1641969608673049,3.1906800388021335,-46.0
AA03,921.625,1641969608677200,3.2090878082567613,-46.0
AA03,921.625,1641969608688493,3.215223731408304,-46.0
AA03,921.625,1641969608697444,3.1906800388021335,-46.0
AA03,921.625,1641969608706069,3.215223731408304,-46.0
AA03,921.625,1641969608716751,3.215223731408304,-46.0
AA03,921.625,1641969608723750,3.1784081924990484,-46.0
AA03,921.625,1641969608734931,3.1906800388021335,-46.0
AA03,921.625,1641969608742190,3.215223731408304,-46.0
AA03,921.625,1641969608753436,3.227495577711389,-45.5
AA03,921.625,1641969608760172,3.215223731408304,-46.0
AA03,921.625,1641969608771057,3.215223731408304,-46.0
AA03,921.625,1641969608780354,3.215223731408304,-46.0
AA03,921.625,1641969608790401,3.2029518851052186,-46.0
AA03,921.625,1641969608795478,3.215223731408304,-46.0
AA03,921.625,1641969608805768,3.2090878082567613,-46.0
AA03,921.625,1641969608814272,3.2090878082567613,-46.0
AA03,921.625,1641969608825373,3.215223731408304,-46.0
AA03,921.625,1641969608833643,3.2090878082567613,-46.0
AA03,921.625,1641969608840685,3.2213596545598464,-46.0
AA03,921.625,1641969608851888,3.2090878082567613,-46.0
AA03,921.625,1641969608858760,3.2090878082567613,-46.0
AA03,921.625,1641969608866811,3.227495577711389,-46.0
AA03,921.625,1641969608879650,3.215223731408304,-46.0
AA03,921.625,1641969608889338,3.2029518851052186,-46.0
AA03,921.625,1641969608899214,3.2459033471660166,-46.0
AA03,921.625,1641969608905662,3.2213596545598464,-45.5
AA03,921.625,1641969608913277,3.215223731408304,-46.0
AA03,921.625,1641969608925005,3.215223731408304,-46.0
AA03,921.625,1641969608930182,3.1968159619536762,-46.0
AA03,921.625,1641969608941795,3.2090878082567613,-46.0
AA03,921.625,1641969608951613,3.2090878082567613,-46.0
AA03,921.625,1641969608958976,3.2090878082567613,-46.0
AA03,921.625,1641969608967098,3.215223731408304,-46.0
AA03,921.625,1641969608977635,3.227495577711389,-46.0
AA03,921.625,1641969608986174,3.2029518851052186,-46.0
AA03,921.625,1641969608996662,3.1906800388021335,-46.0
AA03,921.625,1641969609002727,3.215223731408304,-46.0
AA03,921.625,1641969609013044,3.227495577711389,-46.0
AA03,921.625,1641969609022885,3.215223731408304,-45.5
AA03,921.625,1641969609032944,3.1968159619536762,-46.0
AA03,921.625,1641969609040218,3.1968159619536762,-46.0
AA03,921.625,1641969609048998,3.2090878082567613,-46.0
AA03,921.625,1641969609061298,3.1784081924990484,-46.0
AA03,921.625,1641969609066663,3.2029518851052186,-46.0
AA03,921.625,1641969609075640,3.2336315008629315,-46.0
AA03,921.625,1641969609087231,3.2029518851052186,-46.0
AA03,921.625,1641969609092963,3.215223731408304,-45.5
AA03,921.625,1641969609104097,3.2029518851052186,-45.5
AA03,921.625,1641969609114408,3.2090878082567613,-46.0
AA03,921.625,1641969609124445,3.2029518851052186,-46.0
AA03,921.625,1641969609132582,3.215223731408304,-46.0
AA03,921.625,1641969609139377,3.2029518851052186,-46.0
AA03,921.625,1641969609149931,3.2213596545598464,-46.0
AA03,921.625,1641969609156464,3.2090878082567613,-46.0
AA03,921.625,1641969609167456,3.227495577711389,-46.0
AA03,921.625,1641969609175748,3.2090878082567613,-46.0
AA03,921.625,1641969609183416,3.2213596545598464,-46.0
AA03,921.625,1641969609195616,3.215223731408304,-46.0
AA03,921.625,1641969609200835,3.2029518851052186,-46.0
AA03,921.625,1641969609212927,3.2213596545598464,-46.0
AA03,921.625,1641969609221621,3.227495577711389,-46.0
AA03,921.625,1641969609230354,3.1906800388021335,-46.0
AA03,921.625,1641969609239845,3.2029518851052186,-46.0
AA03,921.625,1641969609248584,3.1968159619536762,-46.0
AA03,921.625,1641969609257788,3.2029518851052186,-46.0
AA03,921.625,1641969609266415,3.2213596545598464,-45.5
AA03,921.625,1641969609275910,3.2090878082567613,-46.0
AA03,921.625,1641969609284848,3.2213596545598464,-46.0
AA03,921.625,1641969609295278,3.2029518851052186,-46.0
AA03,921.625,1641969609301715,3.2213596545598464,-46.0
AA03,921.625,1641969609308406,3.2090878082567613,-46.0
AA03,921.625,1641969609318093,3.2213596545598464,-46.0
AA03,921.625,1641969609328585,3.2090878082567613,-46.0
AA03,921.625,1641969609338360,3.2213596545598464,-46.0
AA03,921.625,1641969609344429,3.227495577711389,-46.0
AA03,921.625,1641969609357343,3.2090878082567613,-46.0
AA03,921.625,1641969609365282,3.2029518851052186,-46.0
AA03,921.625,1641969609374185,3.2090878082567613,-46.0
AA03,921.625,1641969609381626,3.215223731408304,-46.0
AA03,921.625,1641969609393092,3.215223731408304,-46.0
AA03,921.625,1641969609401942,3.1906800388021335,-46.0
AA03,921.625,1641969609409822,3.2459033471660166,-46.0
AA03,921.625,1641969609416979,3.215223731408304,-46.0
AA03,921.625,1641969609430275,3.2029518851052186,-46.0
AA03,921.625,1641969609436614,3.2029518851052186,-46.0
AA03,921.625,1641969609443483,3.1968159619536762,-45.5
AA03,921.625,1641969609452555,3.215223731408304,-46.0
AA03,921.625,1641969609464385,3.215223731408304,-46.0
AA03,921.625,1641969609471484,3.2090878082567613,-46.0
AA03,921.625,1641969609479614,3.215223731408304,-46.0
AA03,921.625,1641969609492357,3.227495577711389,-46.0
AA03,921.625,1641969609501253,3.2336315008629315,-46.0
AA03,921.625,1641969609509608,3.215223731408304,-46.0
AA03,921.625,1641969609518541,3.2213596545598464,-46.0
AA03,921.625,1641969609526987,3.2090878082567613,-46.0
AA03,921.625,1641969609536590,3.227495577711389,-45.5
AA03,921.625,1641969609546426,3.215223731408304,-45.5
AA03,921.625,1641969609551065,3.227495577711389,-46.0
AA03,921.625,1641969609564075,3.1968159619536762,-46.0
AA03,921.625,1641969609571127,3.2090878082567613,-46.0
AA03,921.625,1641969609579498,3.2090878082567613,-46.0
AA03,921.625,1641969609590830,3.1968159619536762,-46.0
AA03,921.625,1641969609599784,3.2090878082567613,-46.0
AA03,921.625,1641969609607970,3.227495577711389,-46.0
AA03,921.625,1641969609618026,3.1784081924990484,-46.0
AA03,921.625,1641969609626350,3.2029518851052186,-46.0
AA03,921.625,1641969609636406,3.215223731408304,-46.0
AA03,921.625,1641969609646481,3.2213596545598464,-46.0
AA03,921.625,1641969609653236,3.227495577711389,-46.0
AA03,921.625,1641969609660799,3.2029518851052186,-46.0
AA03,921.625,1641969609670027,3.2090878082567613,-46.0
AA03,921.625,1641969609678171,3.2213596545598464,-46.0
AA03,921.625,1641969609689802,3.215223731408304,-46.0
AA03,921.625,1641969609699357,3.227495577711389,-46.0
AA03,921.625,1641969609707479,3.1968159619536762,-46.0
AA03,921.625,1641969609715304,3.1906800388021335,-46.0
AA03,921.625,1641969609724020,3.215223731408304,-46.0
AA03,921.625,1641969609732867,3.2090878082567613,-46.0
AA03,921.625,1641969609743208,3.2213596545598464,-46.0
AA03,921.625,1641969609752393,3.2213596545598464,-46.0
AA03,921.625,1641969609760502,3.227495577711389,-46.0
AA03,921.625,1641969609769193,3.2213596545598464,-46.0
AA03,921.625,1641969609777326,3.2029518851052186,-45.5
AA03,921.625,1641969609789568,3.1968159619536762,-46.0
AA03,921.625,1641969609796620,3.215223731408304,-46.0
AA03,921.625,1641969609806194,3.2090878082567613,-46.0
AA03,921.625,1641969609814537,3.227495577711389,-46.0
AA03,921.625,1641969609824140,3.2090878082567613,-46.0
AA03,921.625,1641969609833419,3.215223731408304,-46.0
AA03,921.625,1641969609843475,3.2213596545598464,-46.0
AA03,921.625,1641969609848931,3.1968159619536762,-45.5
AA03,921.625,1641969609860986,3.2090878082567613,-46.0
AA03,921.625,1641969609867334,3.2029518851052186,-46.0
AA03,921.625,1641969609876351,3.2213596545598464,-46.0
AA03,921.625,1641969609888014,3.1906800388021335,-46.0
AA03,921.625,1641969609895137,3.2213596545598464,-46.0
AA03,921.625,1641969609902751,3.2213596545598464,-46.0
AA03,921.625,1641969609914815,3.2213596545598464,-46.0
AA03,921.625,1641969609922177,3.2029518851052186,-46.0
AA03,921.625,1641969609930684,3.215223731408304,-46.0
AA03,921.625,1641969609938618,3.2029518851052186,-46.0
AA03,921.625,1641969609949990,3.2029518851052186,-46.0
AA03,921.625,1641969609956783,3.2090878082567613,-46.0
AA03,921.625,1641969609969560,3.2029518851052186,-45.5
AA03,921.625,1641969609975017,3.2029518851052186,-46.0
AA03,921.625,1641969609987262,3.2090878082567613,-46.0
AA03,921.625,1641969609996455,3.2336315008629315,-46.0
AA03,921.625,1641969610004186,3.2029518851052186,-46.0
AA03,921.625,1641969610015760,3.1968159619536762,-46.5
AA03,921.625,1641969610023860,3.2213596545598464,-46.0
AA03,921.625,1641969610029859,3.2029518851052186,-46.0
AA03,921.625,1641969610041237,3.227495577711389,-46.0
AA03,921.625,1641969610051661,3.2029518851052186,-46.0
AA03,921.625,1641969610057309,3.2090878082567613,-46.0
AA03,921.625,1641969610068328,3.1968159619536762,-46.0
AA03,921.625,1641969610076512,3.2090878082567613,-46.0
AA03,921.625,1641969610086836,3.215223731408304,-46.0
AA03,921.625,1641969610091966,3.1906800388021335,-46.0
AA03,921.625,1641969610104126,3.2029518851052186,-46.0
AA03,921.625,1641969610111971,3.1968159619536762,-46.0
AA03,921.625,1641969610121184,3.215223731408304,-46.0
AA03,921.625,1641969610131839,3.2090878082567613,-46.0
AA03,921.625,1641969610137785,3.215223731408304,-46.0
AA03,921.625,1641969610149995,3.2213596545598464,-46.0
AA03,921.625,1641969610157032,3.215223731408304,-46.0
AA03,921.625,1641969610168381,3.2029518851052186,-46.0
AA03,921.625,1641969610177938,3.1968159619536762,-46.0
AA03,921.625,1641969610184586,3.227495577711389,-46.0
AA03,921.625,1641969610195240,3.227495577711389,-45.5
AA03,921.625,1641969610200689,3.2213596545598464,-46.0
AA03,921.625,1641969610211806,3.227495577711389,-46.0
AA03,921.625,1641969610219407,3.2029518851052186,-46.0
AA03,921.625,1641969610230131,3.215223731408304,-46.0
AA03,921.625,1641969610237769,3.2213596545598464,-46.0
AA03,921.625,1641969610245908,3.2029518851052186,-46.0
AA03,921.625,1641969610256399,3.2213596545598464,-46.0
AA03,921.625,1641969610267547,3.2459033471660166,-46.0
AA03,921.625,1641969610276736,3.2090878082567613,-46.0
AA03,921.625,1641969610286377,3.2029518851052186,-46.0
AA03,921.625,1641969610293320,3.227495577711389,-46.0
AA03,921.625,1641969610302563,3.2090878082567613,-46.0
AA03,921.625,1641969610312835,3.215223731408304,-46.0
AA03,921.625,1641969610321802,3.2336315008629315,-46.0
AA03,921.625,1641969610326710,3.2029518851052186,-46.0
AA03,921.625,1641969610336258,3.2213596545598464,-45.5
AA03,921.625,1641969610345464,3.2029518851052186,-46.0
AA03,921.625,1641969610355559,3.2213596545598464,-46.0
AA03,922.125,1641969610371355,3.393165502803038,-45.5
AA03,922.125,1641969610381923,3.393165502803038,-45.5
AA03,922.125,1641969610387649,3.4054373491061236,-45.5
AA03,922.125,1641969610400013,3.380893656499953,-45.0
AA03,922.125,1641969610408964,3.393165502803038,-45.5
AA03,922.125,1641969610417749,3.3870295796514958,-45.0
AA03,922.125,1641969610425420,3.393165502803038,-45.5
AA03,922.125,1641969610435724,3.3870295796514958,-45.5
AA03,922.125,1641969610443043,3.411573272257666,-45.5
AA03,922.125,1641969610453595,3.393165502803038,-45.5
AA03,922.125,1641969610462981,3.399301425954581,-45.5
AA03,922.125,1641969610470383,3.393165502803038,-45.5
AA03,922.125,1641969610479070,3.3870295796514958,-45.0
AA03,922.125,1641969610490250,3.3870295796514958,-45.5
AA03,922.125,1641969610497944,3.411573272257666,-45.5
AA03,922.125,1641969610507786,3.4177091954092087,-45.5
AA03,922.125,1641969610515443,3.3870295796514958,-45.5
AA03,922.125,1641969610526871,3.380893656499953,-45.5
AA03,922.125,1641969610533166,3.4054373491061236,-45.5
AA03,922.125,1641969610543091,3.380893656499953,-45.5
AA03,922.125,1641969610554410,3.3870295796514958,-45.0
AA03,922.125,1641969610561946,3.3870295796514958,-45.5
AA03,922.125,1641969610572003,3.380893656499953,-45.5
AA03,922.125,1641969610577697,3.393165502803038,-45.5
AA03,922.125,1641969610590183,3.4054373491061236,-45.5
AA03,922.125,1641969610596503,3.3870295796514958,-45.5
AA03,922.125,1641969610605952,3.368621810196868,-45.5
AA03,922.125,1641969610613079,3.368621810196868,-45.5
AA03,922.125,1641969610626902,3.3870295796514958,-45.5
AA03,922.125,1641969610635859,3.3870295796514958,-45.5
AA03,922.125,1641969610641261,3.3870295796514958,-45.5
AA03,922.125,1641969610653153,3.399301425954581,-45.5
AA03,922.125,1641969610660420,3.399301425954581,-45.5
AA03,922.125,1641969610670484,3.3870295796514958,-45.5
AA03,922.125,1641969610676078,3.393165502803038,-45.5
AA03,922.125,1641969610689631,3.3870295796514958,-45.5
AA03,922.125,1641969610695515,3.380893656499953,-45.5
AA03,922.125,1641969610703647,3.380893656499953,-45.5
AA03,922.125,1641969610713154,3.4177091954092087,-45.0
AA03,922.125,1641969610723460,3.4054373491061236,-45.5
AA03,922.125,1641969610732843,3.4054373491061236,-45.5
AA03,922.125,1641969610743600,3.399301425954581,-45.5
AA03,922.125,1641969610749019,3.399301425954581,-45.5
AA03,922.125,1641969610759309,3.4177091954092087,-45.5
AA03,922.125,1641969610770444,3.399301425954581,-45.5
AA03,922.125,1641969610774834,3.3747577333484107,-46.0
AA03,922.125,1641969610787339,3.3747577333484107,-45.5
AA03,922.125,1641969610794663,3.411573272257666,-45.5
AA03,922.125,1641969610805512,3.3870295796514958,-45.5
AA03,922.125,1641969610815230,3.393165502803038,-45.5
AA03,922.125,1641969610823972,3.3870295796514958,-45.5
AA03,922.125,1641969610832667,3.411573272257666,-45.5
AA03,922.125,1641969610841589,3.4054373491061236,-45.5
AA03,922.125,1641969610847395,3.3870295796514958,-45.5
AA03,922.125,1641969610859028,3.399301425954581,-45.5
AA03,922.125,1641969610868296,3.4054373491061236,-45.5
AA03,922.125,1641969610876589,3.3870295796514958,-45.5
AA03,922.125,1641969610886224,3.380893656499953,-45.5
AA03,922.125,1641969610896306,3.393165502803038,-45.5
AA03,922.125,1641969610903831,3.411573272257666,-45.5
AA03,922.125,1641969610912043,3.393165502803038,-45.5
AA03,922.125,1641969610923752,3.399301425954581,-45.0
AA03,922.125,1641969610928464,3.380893656499953,-45.5
AA03,922.125,1641969610941417,3.380893656499953,-45.5
AA03,922.125,1641969610946607,3.393165502803038,-45.5
AA03,922.125,1641969610956826,3.3747577333484107,-45.5
AA03,922.125,1641969610969020,3.393165502803038,-45.5
AA03,922.125,1641969610976111,3.3870295796514958,-45.5
AA03,922.125,1641969610985117,3.3870295796514958,-45.5
AA03,922.125,1641969610996881,3.3870295796514958,-45.5
AA03,922.125,1641969611002507,3.399301425954581,-45.5
AA03,922.125,1641969611013063,3.393165502803038,-45.5
AA03,922.125,1641969611020464,3.380893656499953,-45.5
AA03,922.125,1641969611031379,3.393165502803038,-45.5
AA03,922.125,1641969611041555,3.3870295796514958,-45.5
AA03,922.125,1641969611048850,3.3870295796514958,-45.5
AA03,922.125,1641969611059156,3.368621810196868,-45.5
AA03,922.125,1641969611065676,3.399301425954581,-45.0
AA03,922.125,1641969611073775,3.411573272257666,-45.5
AA03,922.125,1641969611084042,3.4054373491061236,-45.5
AA03,922.125,1641969611091625,3.393165502803038,-45.5
AA03,922.125,1641969611104124,3.399301425954581,-45.5
AA03,922.125,1641969611111793,3.393165502803038,-45.5
AA03,922.125,1641969611122376,3.399301425954581,-45.5
AA03,922.125,1641969611128876,3.399301425954581,-45.5
AA03,922.125,1641969611137011,3.399301425954581,-45.5
AA03,922.125,1641969611146501,3.380893656499953,-45.5
AA03,922.125,1641969611157292,3.3870295796514958,-45.5
AA03,922.125,1641969611166790,3.393165502803038,-45.5
AA03,922.125,1641969611176295,3.399301425954581,-45.5
AA03,922.125,1641969611182200,3.4054373491061236,-45.5
AA03,922.125,1641969611194696,3.411573272257666,-45.5
AA03,922.125,1641969611203890,3.393165502803038,-45.5
AA03,922.125,1641969611213437,3.4054373491061236,-45.5
AA03,922.125,1641969611220048,3.399301425954581,-45.5
AA03,922.125,1641969611229655,3.399301425954581,-45.5
AA03,922.125,1641969611236716,3.3747577333484107,-45.5
AA03,922.125,1641969611247336,3.380893656499953,-45.5
AA03,922.125,1641969611255480,3.399301425954581,-45.5
AA03,922.125,1641969611266031,3.3870295796514958,-45.5
AA03,922.125,1641969611275886,3.399301425954581,-45.5
AA03,922.125,1641969611285491,3.4054373491061236,-45.5
AA03,922.125,1641969611291147,3.4054373491061236,-45.5
AA03,922.125,1641969611301932,3.380893656499953,-45.5
AA03,922.125,1641969611311453,3.393165502803038,-46.0
AA03,922.125,1641969611320899,3.3870295796514958,-45.5
AA03,922.125,1641969611329508,3.380893656499953,-45.5
AA03,922.125,1641969611335805,3.3870295796514958,-45.5
AA03,922.125,1641969611343771,3.399301425954581,-45.5
AA03,922.125,1641969611355612,3.399301425954581,-45.5
AA03,922.125,1641969611364500,3.380893656499953,-45.5
AA03,922.125,1641969611372866,3.368621810196868,-45.5
AA03,922.125,1641969611382837,3.3870295796514958,-45.0
AA03,922.125,1641969611392421,3.3747577333484107,-45.5
AA03,922.125,1641969611402735,3.3747577333484107,-45.5
AA03,922.125,1641969611408720,3.4054373491061236,-45.5
AA03,922.125,1641969611419851,3.368621810196868,-45.5
AA03,922.125,1641969611429287,3.3747577333484107,-45.5
AA03,922.125,1641969611438028,3.368621810196868,-45.5
AA03,922.125,1641969611446912,3.3870295796514958,-45.5
AA03,922.125,1641969611457305,3.380893656499953,-45.5
AA03,922.125,1641969611464816,3.3747577333484107,-45.5
AA03,922.125,1641969611471098,3.3747577333484107,-46.0
AA03,922.125,1641969611483463,3.380893656499953,-45.5
AA03,922.125,1641969611489555,3.393165502803038,-45.5
AA03,922.125,1641969611501814,3.4054373491061236,-45.5
AA03,922.125,1641969611507187,3.399301425954581,-45.5
AA03,922.125,1641969611517745,3.393165502803038,-45.5
AA03,922.125,1641969611527998,3.3870295796514958,-45.5
AA03,922.125,1641969611536232,3.4054373491061236,-45.5
AA03,922.125,1641969611543214,3.3747577333484107,-45.5
AA03,922.125,1641969611554598,3.399301425954581,-45.5
AA03,922.125,1641969611563710,3.393165502803038,-45.5
AA03,922.125,1641969611572553,3.4054373491061236,-45.5
AA03,922.125,1641969611581505,3.4054373491061236,-45.5
AA03,922.125,1641969611587573,3.393165502803038,-45.5
AA03,922.125,1641969611597796,3.368621810196868,-44.5
AA03,922.125,1641969611607884,3.160000423044421,-45.5
AA03,922.125,1641969611619957,3.429981041712294,-45.5
AA03,922.125,1641969611626151,3.3870295796514958,-45.5
AA03,922.125,1641969611638593,3.3870295796514958,-45.5
AA03,922.125,1641969611646276,3.3870295796514958,-45.5
AA03,922.125,1641969611655894,3.399301425954581,-45.5
AA03,922.125,1641969611666352,3.3747577333484107,-46.0
AA03,922.125,1641969611671263,3.3870295796514958,-45.5
AA03,922.125,1641969611682033,3.399301425954581,-45.5
AA03,922.125,1641969611691242,3.380893656499953,-45.5
AA03,922.125,1641969611702222,3.393165502803038,-45.5
AA03,922.125,1641969611709679,3.3870295796514958,-45.5
AA03,922.125,1641969611719286,3.380893656499953,-46.0
AA03,922.125,1641969611729577,3.3870295796514958,-45.5
AA03,922.125,1641969611737466,3.4177091954092087,-45.5
AA03,922.125,1641969611745538,3.3870295796514958,-45.5
AA03,922.125,1641969611754467,3.393165502803038,-45.5
AA03,922.125,1641969611763158,3.3870295796514958,-45.5
AA03,922.125,1641969611771533,3.393165502803038,-45.5
AA03,922.125,1641969611784321,3.4054373491061236,-45.5
AA03,922.125,1641969611790493,3.3747577333484107,-45.5
AA03,922.125,1641969611799614,3.3870295796514958,-45.5
AA03,922.125,1641969611807642,3.411573272257666,-45.5
AA03,922.125,1641969611817042,3.399301425954581,-45.5
AA03,922.125,1641969611828224,3.393165502803038,-45.5
AA03,922.125,1641969611838042,3.4054373491061236,-45.5
AA03,922.125,1641969611846130,3.4054373491061236,-45.0
AA03,922.125,1641969611853337,3.399301425954581,-45.0
AA03,922.125,1641969611864740,3.393165502803038,-45.5
AA03,922.125,1641969611872373,3.3870295796514958,-45.5
AA03,922.125,1641969611879345,3.411573272257666,-45.5
AA03,922.125,1641969611891327,3.411573272257666,-45.5
AA03,922.125,1641969611901732,3.399301425954581,-45.5
AA03,922.125,1641969611907383,3.3870295796514958,-45.5
AA03,922.125,1641969611915034,3.3870295796514958,-45.5
AA03,922.125,1641969611926071,3.399301425954581,-45.5
AA03,922.125,1641969611935954,3.4054373491061236,-45.5
AA03,922.125,1641969611944340,3.3870295796514958,-45.0
AA03,922.125,1641969611950867,3.399301425954581,-45.5
AA03,922.125,1641969611961403,3.393165502803038,-46.0
AA03,922.125,1641969611969042,3.4054373491061236,-45.5
AA03,922.125,1641969611980912,3.399301425954581,-45.5
AA03,922.125,1641969611990781,3.3870295796514958,-45.5
AA03,922.125,1641969611999144,3.4054373491061236,-45.5
AA03,922.125,1641969612007636,3.399301425954581,-45.5
AA03,922.125,1641969612014608,3.4054373491061236,-45.5
AA03,922.125,1641969612023563,3.393165502803038,-45.5
AA03,922.125,1641969612035508,3.4054373491061236,-45.5
AA03,922.125,1641969612043858,3.380893656499953,-45.5
AA03,922.125,1641969612051511,3.4177091954092087,-45.5
AA03,922.125,1641969612062642,3.399301425954581,-45.5
AA03,922.125,1641969612068275,3.380893656499953,-45.5
AA03,922.125,1641969612079974,3.393165502803038,-45.5
AA03,922.125,1641969612090599,3.411573272257666,-45.5
AA03,922.125,1641969612096339,3.4054373491061236,-45.5
AA03,922.125,1641969612104170,3.3870295796514958,-45.5
AA03,922.125,1641969612116454,3.423845118560751,-45.5
AA03,922.125,1641969612125019,3.4054373491061236,-45.5
AA03,922.125,1641969612133524,3.4177091954092087,-45.5
AA03,922.125,1641969612144393,3.380893656499953,-45.5
AA03,922.125,1641969612152706,3.393165502803038,-45.5
AA03,922.125,1641969612159697,3.4054373491061236,-45.5
AA03,922.125,1641969612170690,3.399301425954581,-45.5
AA03,922.125,1641969612180939,3.393165502803038,-45.5
AA03,922.125,1641969612187980,3.399301425954581,-45.5
AA03,922.125,1641969612195795,3.399301425954581,-45.5
AA03,922.125,1641969612203490,3.4054373491061236,-45.5
AA03,922.125,1641969612213342,3.399301425954581,-45.5
AA03,922.125,1641969612221715,3.399301425954581,-45.5
AA03,922.125,1641969612233657,3.393165502803038,-45.5
AA03,922.125,1641969612243011,3.4177091954092087,-45.5
AA03,922.125,1641969612250711,3.3870295796514958,-45.5
AA03,922.625,1641969612265829,3.5588354278946874,-45.5
AA03,922.625,1641969612275203,3.56497135104623,-45.0
AA03,922.625,1641969612283517,3.5711072741977725,-45.0
AA03,922.625,1641969612293193,3.5588354278946874,-45.5
AA03,922.625,1641969612304715,3.552699504743145,-45.5
AA03,922.625,1641969612310454,3.552699504743145,-45.0
AA03,922.625,1641969612321217,3.56497135104623,-45.0
AA03,922.625,1641969612331570,3.5465635815916023,-45.0
AA03,922.625,1641969612339696,3.56497135104623,-45.0
AA03,922.625,1641969612347222,3.5711072741977725,-45.5
AA03,922.625,1641969612354616,3.56497135104623,-45.0
AA03,922.625,1641969612365755,3.5465635815916023,-45.0
AA03,922.625,1641969612374842,3.5588354278946874,-45.0
AA03,922.625,1641969612387356,3.552699504743145,-45.5
AA03,922.625,1641969612392809,3.552699504743145,-45.0
AA03,922.625,1641969612401803,3.56497135104623,-45.0
AA03,922.625,1641969612412651,3.5711072741977725,-45.5
AA03,922.625,1641969612422145,3.56497135104623,-45.0
AA03,922.625,1641969612429442,3.5588354278946874,-45.0
AA03,922.625,1641969612439674,3.56497135104623,-45.5
AA03,922.625,1641969612445967,3.56497135104623,-45.0
AA03,922.625,1641969612456217,3.5588354278946874,-45.5
AA03,922.625,1641969612464375,3.5588354278946874,-45.0
AA03,922.625,1641969612474218,3.5465635815916023,-45.5
AA03,922.625,1641969612482799,3.5588354278946874,-45.5
AA03,922.625,1641969612494226,3.54042765844006,-45.0
AA03,922.625,1641969612500605,3.5588354278946874,-45.0
AA03,922.625,1641969612512338,3.56497135104623,-45.0
AA03,922.625,1641969612519798,3.5772431973493153,-45.0
AA03,922.625,1641969612530989,3.5588354278946874,-45.5
AA03,922.625,1641969612539942,3.5588354278946874,-45.0
AA03,922.625,1641969612545078,3.552699504743145,-45.0
AA03,922.625,1641969612558054,3.56497135104623,-45.5
AA03,922.625,1641969612567282,3.5588354278946874,-45.0
AA03,922.625,1641969612574020,3.56497135104623,-45.0
AA03,922.625,1641969612581580,3.56497135104623,-45.0
AA03,922.625,1641969612593692,3.56497135104623,-45.5
AA03,922.625,1641969612600624,3.552699504743145,-45.5
AA03,922.625,1641969612613152,3.56497135104623,-45.0
AA03,922.625,1641969612620561,3.56497135104623,-45.5
AA03,922.625,1641969612626881,3.552699504743145,-45.0
AA03,922.625,1641969612636897,3.54042765844006,-45.5
AA03,922.625,1641969612647341,3.552699504743145,-45.5
AA03,922.625,1641969612655196,3.56497135104623,-45.0
AA03,922.625,1641969612665240,3.5588354278946874,-45.0
AA03,922.625,1641969612674206,3.552699504743145,-45.5
AA03,922.625,1641969612683811,3.552699504743145,-45.5
AA03,922.625,1641969612691191,3.5772431973493153,-45.5
AA03,922.625,1641969612701011,3.5465635815916023,-45.5
AA03,922.625,1641969612711532,3.552699504743145,-45.5
AA03,922.625,1641969612719180,3.552699504743145,-45.0
AA03,922.625,1641969612726794,3.5588354278946874,-45.0
AA03,922.625,1641969612737108,3.5588354278946874,-45.0
AA03,922.625,1641969612747546,3.56497135104623,-45.0
AA03,922.625,1641969612752477,3.552699504743145,-45.0
AA03,922.625,1641969612763424,3.5342917352885173,-45.5
AA03,922.625,1641969612770822,3.5588354278946874,-45.0
AA03,922.625,1641969612783065,3.5711072741977725,-45.5
AA03,922.625,1641969612788543,3.5588354278946874,-45.0
AA03,922.625,1641969612799733,3.552699504743145,-45.0
AA03,922.625,1641969612808408,3.5588354278946874,-45.0
AA03,922.625,1641969612816031,3.56497135104623,-45.0
AA03,922.625,1641969612826994,3.56497135104623,-45.0
AA03,922.625,1641969612833985,3.5588354278946874,-45.0
AA03,922.625,1641969612843632,3.552699504743145,-45.0
AA03,922.625,1641969612854370,3.5588354278946874,-45.0
AA03,922.625,1641969612861145,3.56497135104623,-45.5
AA03,922.625,1641969612870975,3.552699504743145,-45.0
AA03,922.625,1641969612881560,3.5772431973493153,-45.0
AA03,922.625,1641969612890229,3.5711072741977725,-45.5
AA03,922.625,1641969612899906,3.56497135104623,-45.0
AA03,922.625,1641969612908822,3.5588354278946874,-45.5
AA03,922.625,1641969612917310,3.5588354278946874,-45.5
AA03,922.625,1641969612927352,3.552699504743145,-45.0
AA03,922.625,1641969612933256,3.56497135104623,-45.0
AA03,922.625,1641969612944381,3.552699504743145,-45.5
AA03,922.625,1641969612954506,3.5588354278946874,-45.5
AA03,922.625,1641969612962536,3.5588354278946874,-45.0
AA03,922.625,1641969612970147,3.5588354278946874,-45.0
AA03,922.625,1641969612978507,3.56497135104623,-45.0
AA03,922.625,1641969612988606,3.5588354278946874,-45.5
AA03,922.625,1641969612997842,3.5711072741977725,-45.0
AA03,922.625,1641969613008731,3.56497135104623,-45.0
AA03,922.625,1641969613016825,3.56497135104623,-45.0
AA03,922.625,1641969613024486,3.5588354278946874,-45.5
AA03,922.625,1641969613033904,3.552699504743145,-45.5
AA03,922.625,1641969613045436,3.552699504743145,-45.0
AA03,922.625,1641969613053746,3.5772431973493153,-45.5
AA03,922.625,1641969613062462,3.552699504743145,-45.5
AA03,922.625,1641969613069716,3.552699504743145,-45.5
AA03,922.625,1641969613078479,3.5711072741977725,-45.0
AA03,922.625,1641969613088644,3.552699504743145,-45.0
AA03,922.625,1641969613098159,3.5465635815916023,-45.5
AA03,922.625,1641969613106192,3.552699504743145,-45.5
AA03,922.625,1641969613116277,3.5711072741977725,-45.0
AA03,922.625,1641969613122565,3.56497135104623,-45.5
AA03,922.625,1641969613135787,3.5711072741977725,-45.0
AA03,922.625,1641969613144786,3.5588354278946874,-45.0
AA03,922.625,1641969613152699,3.5711072741977725,-45.0
AA03,922.625,1641969613159494,3.5711072741977725,-45.0
AA03,922.625,1641969613171204,3.5465635815916023,-45.5
AA03,922.625,1641969613179792,3.56497135104623,-45.0
AA03,922.625,1641969613186910,3.5772431973493153,-45.0
AA03,922.625,1641969613198913,3.56497135104623,-45.0
AA03,922.625,1641969613207054,3.5711072741977725,-45.0
AA03,922.625,1641969613214591,3.5711072741977725,-45.0
AA03,922.625,1641969613226317,3.5711072741977725,-45.5
AA03,922.625,1641969613231408,3.56497135104623,-45.5
AA03,922.625,1641969613240328,3.56497135104623,-45.5
AA03,922.625,1641969613249422,3.5711072741977725,-45.5
AA03,922.625,1641969613260641,3.5465635815916023,-45.5
AA03,922.625,1641969613268868,3.56497135104623,-45.0
AA03,922.625,1641969613279651,3.552699504743145,-45.0
AA03,922.625,1641969613287271,3.5711072741977725,-45.0
AA03,922.625,1641969613295824,3.56497135104623,-45.5
AA03,922.625,1641969613303743,3.5342917352885173,-45.5
AA03,922.625,1641969613315257,3.552699504743145,-45.0
AA03,922.625,1641969613324725,3.5465635815916023,-45.0
AA03,922.625,1641969613331928,3.5588354278946874,-45.0
AA03,922.625,1641969613341576,3.552699504743145,-45.5
AA03,922.625,1641969613351710,3.552699504743145,-45.5
AA03,922.625,1641969613361794,3.5588354278946874,-45.0
AA03,922.625,1641969613370271,3.5465635815916023,-45.0
AA03,922.625,1641969613377767,3.5711072741977725,-45.5
AA03,922.625,1641969613387958,3.5588354278946874,-45.5
AA03,922.625,1641969613396977,3.552699504743145,-45.5
AA03,922.625,1641969613404492,3.5588354278946874,-45.5
AA03,922.625,1641969613415129,3.56497135104623,-45.5
AA03,922.625,1641969613424082,3.5711072741977725,-45.0
AA03,922.625,1641969613433622,3.5711072741977725,-45.0
AA03,922.625,1641969613442269,3.56497135104623,-45.0
AA03,922.625,1641969613451763,3.54042765844006,-45.0
AA03,922.625,1641969613461836,3.5588354278946874,-45.5
AA03,922.625,1641969613469254,3.5588354278946874,-45.5
AA03,922.625,1641969613479676,3.5588354278946874,-45.0
AA03,922.625,1641969613486909,3.5465635815916023,-45.0
AA03,922.625,1641969613495385,3.5772431973493153,-45.0
AA03,922.625,1641969613504598,3.5588354278946874,-45.5
AA03,922.625,1641969613514241,3.5711072741977725,-45.5
AA03,922.625,1641969613524309,3.5588354278946874,-45.0
AA03,922.625,1641969613531220,3.5711072741977725,-45.0
AA03,922.625,1641969613542796,3.5588354278946874,-45.5
AA03,922.625,1641969613552245,3.5772431973493153,-45.0
AA03,922.625,1641969613560933,3.56497135104623,-45.5
AA03,922.625,1641969613569298,3.5465635815916023,-45.5
AA03,922.625,1641969613579134,3.5711072741977725,-45.5
AA03,922.625,1641969613588403,3.5588354278946874,-45.0
AA03,922.625,1641969613596469,3.5465635815916023,-45.5
AA03,922.625,1641969613606153,3.56497135104623,-45.5
AA03,922.625,1641969613612124,3.56497135104623,-45.0
AA03,922.625,1641969613623288,3.5588354278946874,-45.5
AA03,922.625,1641969613632237,3.56497135104623,-45.0
AA03,922.625,1641969613640423,3.54042765844006,-45.5
AA03,922.625,1641969613648494,3.5465635815916023,-45.5
AA03,922.625,1641969613659882,3.5588354278946874,-45.5
AA03,922.625,1641969613668051,3.5465635815916023,-45.0
AA03,922.625,1641969613677321,3.5833791205008576,-45.0
AA03,922.625,1641969613687963,3.5711072741977725,-45.5
AA03,922.625,1641969613696363,3.552699504743145,-45.0
AA03,922.625,1641969613703382,3.56497135104623,-45.0
AA03,922.625,1641969613713450,3.56497135104623,-45.5
AA03,922.625,1641969613721547,3.552699504743145,-45.5
AA03,922.625,1641969613733324,3.5588354278946874,-45.0
AA03,922.625,1641969613739668,3.56497135104623,-45.5
AA03,922.625,1641969613746117,3.5711072741977725,-45.0
AA03,922.625,1641969613757978,3.56497135104623,-45.0
AA03,922.625,1641969613769115,3.5711072741977725,-45.0
AA03,922.625,1641969613776098,3.5465635815916023,-45.0
AA03,922.625,1641969613785054,3.56497135104623,-45.0
AA03,922.625,1641969613793751,3.5895150436524004,-45.0
AA03,922.625,1641969613803249,3.5772431973493153,-45.0
AA03,922.625,1641969613812041,3.552699504743145,-45.0
AA03,922.625,1641969613820990,3.5711072741977725,-45.0
AA03,922.625,1641969613829115,3.5711072741977725,-45.0
AA03,922.625,1641969613837801,3.54042765844006,-45.0
AA03,922.625,1641969613847899,3.56497135104623,-45.0
AA03,922.625,1641969613857378,3.5588354278946874,-45.0
AA03,922.625,1641969613864949,3.5588354278946874,-45.0
AA03,922.625,1641969613872332,3.5588354278946874,-45.0
AA03,922.625,1641969613880546,3.56497135104623,-45.5
AA03,922.625,1641969613892058,3.5711072741977725,-45.0
AA03,922.625,1641969613903576,3.552699504743145,-45.5
AA03,922.625,1641969613908136,3.5711072741977725,-45.0
AA03,922.625,1641969613919321,3.5711072741977725,-45.5
AA03,922.625,1641969613929381,3.56497135104623,-45.5
AA03,922.625,1641969613936128,3.56497135104623,-45.5
AA03,922.625,1641969613947134,3.5588354278946874,-45.0
AA03,922.625,1641969613953598,3.56497135104623,-45.5
AA03,922.625,1641969613963156,3.56497135104623,-45.5
AA03,922.625,1641969613973188,3.5711072741977725,-45.0
AA03,922.625,1641969613981087,3.5711072741977725,-45.0
AA03,922.625,1641969613991896,3.5711072741977725,-45.0
AA03,922.625,1641969613999505,3.552699504743145,-45.0
AA03,922.625,1641969614009820,3.5711072741977725,-45.0
AA03,922.625,1641969614015127,3.5711072741977725,-45.0
AA03,922.625,1641969614028371,3.5465635815916023,-45.5
AA03,922.625,1641969614038204,3.5342917352885173,-45.0
AA03,922.625,1641969614042780,3.5588354278946874,-45.0
AA03,922.625,1641969614054139,3.56497135104623,-45.0
AA03,922.625,1641969614062718,3.5588354278946874,-45.0
AA03,922.625,1641969614071254,3.5588354278946874,-45.0
AA03,922.625,1641969614078546,3.54042765844006,-45.5
AA03,922.625,1641969614090643,3.54042765844006,-45.5
AA03,922.625,1641969614097748,3.552699504743145,-45.0
AA03,922.625,1641969614107205,3.552699504743145,-45.0
AA03,922.625,1641969614115617,3.54042765844006,-45.0
AA03,922.625,1641969614123983,3.5772431973493153,-45.0
AA03,922.625,1641969614133287,3.5588354278946874,-45.0
AA03,922.625,1641969614142234,3.5772431973493153,-45.0
AA03,922.625,1641969614152745,3.5588354278946874,-45.5
AA03,923.125,1641969614166165,3.730641276137879,-45.5
AA03,923.125,1641969614174925,3.718369429834794,-45.5
AA03,923.125,1641969614183596,3.7429131224409646,-45.5
AA03,923.125,1641969614193842,3.730641276137879,-45.0
AA03,923.125,1641969614203341,3.724505352986337,-45.5
AA03,923.125,1641969614211793,3.7122335066832517,-45.0
AA03,923.125,1641969614223544,3.730641276137879,-45.0
AA03,923.125,1641969614231434,3.730641276137879,-45.0
AA03,923.125,1641969614241742,3.718369429834794,-45.5
AA03,923.125,1641969614250379,3.730641276137879,-45.5
AA03,923.125,1641969614259142,3.730641276137879,-45.5
AA03,923.125,1641969614269814,3.7122335066832517,-45.0
AA03,923.125,1641969614277027,3.736777199289422,-45.5
AA03,923.125,1641969614287713,3.724505352986337,-45.5
AA03,923.125,1641969614294792,3.730641276137879,-45.0
AA03,923.125,1641969614304226,3.7122335066832517,-45.5
AA03,923.125,1641969614312746,3.730641276137879,-45.0
AA03,923.125,1641969614321450,3.706097583531709,-45.5
AA03,923.125,1641969614327783,3.730641276137879,-45.0
AA03,923.125,1641969614339861,3.718369429834794,-45.5
AA03,923.125,1641969614348620,3.718369429834794,-45.5
AA03,923.125,1641969614356434,3.706097583531709,-45.0
AA03,923.125,1641969614366252,3.749049045592507,-45.5
AA03,923.125,1641969614375489,3.730641276137879,-45.0
AA03,923.125,1641969614385796,3.724505352986337,-45.0
AA03,923.125,1641969614391679,3.724505352986337,-45.0
AA03,923.125,1641969614399693,3.7122335066832517,-45.5
AA03,923.125,1641969614413450,3.724505352986337,-45.0
AA03,923.125,1641969614420699,3.718369429834794,-45.5
AA03,923.125,1641969614429887,3.736777199289422,-45.5
AA03,923.125,1641969614435928,3.724505352986337,-45.5
AA03,923.125,1641969614447314,3.736777199289422,-45.5
AA03,923.125,1641969614454712,3.730641276137879,-45.0
AA03,923.125,1641969614463274,3.730641276137879,-45.5
AA03,923.125,1641969614471798,3.730641276137879,-45.5
AA03,923.125,1641969614484080,3.718369429834794,-45.0
AA03,923.125,1641969614491820,3.736777199289422,-45.0
AA03,923.125,1641969614498919,3.736777199289422,-45.5
AA03,923.125,1641969614511231,3.724505352986337,-45.0
AA03,923.125,1641969614519351,3.730641276137879,-45.5
AA03,923.125,1641969614529963,3.7122335066832517,-45.0
AA03,923.125,1641969614536473,3.736777199289422,-45.0
AA03,923.125,1641969614546757,3.724505352986337,-45.0
AA03,923.125,1641969614553007,3.730641276137879,-45.5
AA03,923.125,1641969614562389,3.730641276137879,-45.5
AA03,923.125,1641969614571393,3.718369429834794,-45.5
AA03,923.125,1641969614579422,3.7122335066832517,-45.5
AA03,923.125,1641969614593493,3.724505352986337,-45.5
AA03,923.125,1641969614600353,3.730641276137879,-45.0
AA03,923.125,1641969614610852,3.724505352986337,-45.5
AA03,923.125,1641969614618476,3.718369429834794,-45.0
AA03,923.125,1641969614628049,3.724505352986337,-45.0
AA03,923.125,1641969614634580,3.730641276137879,-45.5
AA03,923.125,1641969614645433,3.730641276137879,-45.0
AA03,923.125,1641969614653842,3.706097583531709,-45.5
AA03,923.125,1641969614663684,3.706097583531709,-45.0
AA03,923.125,1641969614671858,3.7122335066832517,-45.5
AA03,923.125,1641969614678751,3.730641276137879,-45.5
AA03,923.125,1641969614689826,3.718369429834794,-45.5
AA03,923.125,1641969614700526,3.736777199289422,-45.0
AA03,923.125,1641969614707266,3.7122335066832517,-45.5
AA03,923.125,1641969614717504,3.730641276137879,-45.0
AA03,923.125,1641969614723862,3.718369429834794,-45.5
AA03,923.125,1641969614734854,3.7429131224409646,-45.5
AA03,923.125,1641969614741521,3.730641276137879,-45.5
AA03,923.125,1641969614753396,3.706097583531709,-45.0
AA03,923.125,1641969614762992,3.706097583531709,-45.0
AA03,923.125,1641969614770323,3.736777199289422,-45.0
AA03,923.125,1641969614782324,3.718369429834794,-45.0
AA03,923.125,1641969614789839,3.7122335066832517,-45.0
AA03,923.125,1641969614798177,3.749049045592507,-45.5
AA03,923.125,1641969614809294,3.749049045592507,-45.5
AA03,923.125,1641969614813481,3.718369429834794,-45.5
AA03,923.125,1641969614827198,3.7429131224409646,-45.5
AA03,923.125,1641969614833162,3.730641276137879,-45.5
AA03,923.125,1641969614844913,3.718369429834794,-45.5
AA03,923.125,1641969614854038,3.724505352986337,-45.5
AA03,923.125,1641969614861502,3.730641276137879,-45.0
AA03,923.125,1641969614871061,3.718369429834794,-45.5
AA03,923.125,1641969614879364,3.730641276137879,-45.0
AA03,923.125,1641969614888107,3.724505352986337,-45.0
AA03,923.125,1641969614900370,3.736777199289422,-45.0
AA03,923.125,1641969614907858,3.706097583531709,-45.0
AA03,923.125,1641969614917255,3.718369429834794,-45.0
AA03,923.125,1641969614925961,3.730641276137879,-45.5
AA03,923.125,1641969614935998,3.7122335066832517,-45.0
AA03,923.125,1641969614942599,3.736777199289422,-45.5
AA03,923.125,1641969614951250,3.718369429834794,-45.0
AA03,923.125,1641969614958672,3.7429131224409646,-45.5
AA03,923.125,1641969614970230,3.730641276137879,-45.5
AA03,923.125,1641969614980685,3.724505352986337,-45.5
AA03,923.125,1641969614990727,3.724505352986337,-45.5
AA03,923.125,1641969614999130,3.724505352986337,-45.0
AA03,923.125,1641969615005639,3.730641276137879,-45.5
AA03,923.125,1641969615014599,3.7122335066832517,-45.0
AA03,923.125,1641969615024914,3.724505352986337,-45.0
AA03,923.125,1641969615032823,3.718369429834794,-45.0
AA03,923.125,1641969615044455,3.7122335066832517,-45.0
AA03,923.125,1641969615051099,3.736777199289422,-45.0
AA03,923.125,1641969615061652,3.736777199289422,-45.0
AA03,923.125,1641969615068222,3.724505352986337,-45.0
AA03,923.125,1641969615079816,3.718369429834794,-45.5
AA03,923.125,1641969615085417,3.6999616603801666,-45.0
AA03,923.125,1641969615096996,3.724505352986337,-45.0
AA03,923.125,1641969615104650,3.7122335066832517,-45.0
AA03,923.125,1641969615112777,3.7122335066832517,-45.0
AA03,923.125,1641969615124141,3.749049045592507,-45.5
AA03,923.125,1641969615133364,3.724505352986337,-45.0
AA03,923.125,1641969615142699,3.724505352986337,-45.0
AA03,923.125,1641969615149237,3.724505352986337,-45.5
AA03,923.125,1641969615160404,3.730641276137879,-45.5
AA03,923.125,1641969615170448,3.730641276137879,-45.0
AA03,923.125,1641969615178574,3.736777199289422,-45.0
AA03,923.125,1641969615184359,3.7122335066832517,-45.0
AA03,923.125,1641969615197599,3.718369429834794,-45.5
AA03,923.125,1641969615205676,3.724505352986337,-45.5
AA03,923.125,1641969615215752,3.6999616603801666,-45.0
AA03,923.125,1641969615223305,3.724505352986337,-45.0
AA03,923.125,1641969615233915,3.7429131224409646,-45.0
AA03,923.125,1641969615239797,3.730641276137879,-45.5
AA03,923.125,1641969615251056,3.706097583531709,-45.5
AA03,923.125,1641969615257340,3.724505352986337,-45.5
AA03,923.125,1641969615268504,3.718369429834794,-45.0
AA03,923.125,1641969615277659,3.730641276137879,-45.0
AA03,923.125,1641969615287968,3.736777199289422,-45.0
AA03,923.125,1641969615294446,3.724505352986337,-45.5
AA03,923.125,1641969615303691,3.724505352986337,-45.5
AA03,923.125,1641969615311479,3.736777199289422,-45.0
AA03,923.125,1641969615321770,3.736777199289422,-45.5
AA03,923.125,1641969615328359,3.693825737228624,-45.0
AA03,923.125,1641969615339873,3.736777199289422,-45.0
AA03,923.125,1641969615348558,3.718369429834794,-45.5
AA03,923.125,1641969615356027,3.724505352986337,-45.5
AA03,923.125,1641969615368566,3.718369429834794,-45.0
AA03,923.125,1641969615375572,3.736777199289422,-45.5
AA03,923.125,1641969615385321,3.724505352986337,-45.0
AA03,923.125,1641969615395404,3.730641276137879,-45.5
AA03,923.125,1641969615402642,3.724505352986337,-45.5
AA03,923.125,1641969615410340,3.724505352986337,-45.0
AA03,923.125,1641969615419065,3.718369429834794,-45.5
AA03,923.125,1641969615429407,3.706097583531709,-45.5
AA03,923.125,1641969615436764,3.724505352986337,-45.5
AA03,923.125,1641969615448675,3.724505352986337,-45.5
AA03,923.125,1641969615458681,3.730641276137879,-45.0
AA03,923.125,1641969615467037,3.724505352986337,-45.5
AA03,923.125,1641969615477115,3.7429131224409646,-45.0
AA03,923.125,1641969615482061,3.718369429834794,-45.5
AA03,923.125,1641969615494726,3.730641276137879,-45.5
AA03,923.125,1641969615503293,3.730641276137879,-45.0
AA03,923.125,1641969615511851,3.736777199289422,-45.0
AA03,923.125,1641969615521560,3.736777199289422,-45.5
AA03,923.125,1641969615530263,3.730641276137879,-45.5
AA03,923.125,1641969615540945,3.730641276137879,-45.5
AA03,923.125,1641969615545506,3.718369429834794,-45.0
AA03,923.125,1641969615553727,3.724505352986337,-45.5
AA03,923.125,1641969615564501,3.7429131224409646,-45.0
AA03,923.125,1641969615576170,3.730641276137879,-45.0
AA03,923.125,1641969615585125,3.706097583531709,-45.0
AA03,923.125,1641969615592226,3.718369429834794,-45.5
AA03,923.125,1641969615600922,3.724505352986337,-45.5
AA03,923.125,1641969615610974,3.724505352986337,-45.5
AA03,923.125,1641969615621252,3.724505352986337,-45.5
AA03,923.125,1641969615628473,3.724505352986337,-45.0
AA03,923.125,1641969615639617,3.724505352986337,-45.0
AA03,923.125,1641969615646874,3.706097583531709,-45.5
AA03,923.125,1641969615658192,3.730641276137879,-45.0
AA03,923.125,1641969615666001,3.718369429834794,-45.5
AA03,923.125,1641969615672202,3.730641276137879,-45.0
AA03,923.125,1641969615680259,3.7429131224409646,-45.5
AA03,923.125,1641969615692178,3.730641276137879,-45.5
AA03,923.125,1641969615699869,3.706097583531709,-45.5
AA03,923.125,1641969615708846,3.7429131224409646,-45.5
AA03,923.125,1641969615718837,3.724505352986337,-45.5
AA03,923.125,1641969615725929,3.724505352986337,-45.5
AA03,923.125,1641969615736742,3.724505352986337,-45.5
AA03,923.125,1641969615747113,3.718369429834794,-45.5
AA03,923.125,1641969615757154,3.706097583531709,-45.5
AA03,923.125,1641969615765719,3.718369429834794,-45.5
AA03,923.125,1641969615771162,3.724505352986337,-45.0
AA03,923.125,1641969615781603,3.730641276137879,-45.5
AA03,923.125,1641969615788524,3.724505352986337,-45.5
AA03,923.125,1641969615800600,3.7429131224409646,-45.5
AA03,923.125,1641969615809088,3.718369429834794,-45.0
AA03,923.125,1641969615816936,3.736777199289422,-45.5
AA03,923.125,1641969615828097,3.7122335066832517,-45.0
AA03,923.125,1641969615836471,3.724505352986337,-45.0
AA03,923.125,1641969615846276,3.724505352986337,-45.5
AA03,923.125,1641969615853443,3.718369429834794,-45.0
AA03,923.125,1641969615864589,3.718369429834794,-45.0
AA03,923.125,1641969615870488,3.718369429834794,-45.0
AA03,923.125,1641969615879152,3.718369429834794,-45.5
AA03,923.125,1641969615887618,3.706097583531709,-45.0
AA03,923.125,1641969615898623,3.706097583531709,-45.0
AA03,923.125,1641969615909590,3.730641276137879,-45.5
AA03,923.125,1641969615915716,3.7122335066832517,-45.0
AA03,923.125,1641969615927138,3.7122335066832517,-45.5
AA03,923.125,1641969615935078,3.7122335066832517,-45.5
AA03,923.125,1641969615946013,3.730641276137879,-45.5
AA03,923.125,1641969615955225,3.718369429834794,-45.0
AA03,923.125,1641969615959859,3.7122335066832517,-45.0
AA03,923.125,1641969615969868,3.736777199289422,-45.5
AA03,923.125,1641969615980443,3.736777199289422,-45.0
AA03,923.125,1641969615991360,3.7122335066832517,-45.5
AA03,923.125,1641969615997301,3.730641276137879,-45.0
AA03,923.125,1641969616008484,3.724505352986337,-45.5
AA03,923.125,1641969616016907,3.718369429834794,-45.5
AA03,923.125,1641969616023012,3.693825737228624,-45.5
AA03,923.125,1641969616036252,3.724505352986337,-45.0
AA03,923.125,1641969616045416,3.730641276137879,-45.5
AA03,923.125,1641969616053285,3.730641276137879,-45.5
AA03,923.625,1641969616067209,3.902447124381071,-45.5
AA03,923.625,1641969616078280,3.877903431774901,-45.5
AA03,923.625,1641969616086435,3.8963112012295285,-46.0
AA03,923.625,1641969616094272,3.8963112012295285,-45.5
AA03,923.625,1641969616104303,3.8840393549264434,-45.5
AA03,923.625,1641969616114331,3.8963112012295285,-45.5
AA03,923.625,1641969616122842,3.8963112012295285,-46.0
AA03,923.625,1641969616133169,3.902447124381071,-45.5
AA03,923.625,1641969616141716,3.8840393549264434,-45.5
AA03,923.625,1641969616150140,3.890175278077986,-45.5
AA03,923.625,1641969616159984,3.8840393549264434,-45.5
AA03,923.625,1641969616165168,3.890175278077986,-45.5
AA03,923.625,1641969616177774,3.902447124381071,-45.5
AA03,923.625,1641969616183565,3.8840393549264434,-45.5
AA03,923.625,1641969616196502,3.865631585471816,-45.5
AA03,923.625,1641969616203225,3.8963112012295285,-46.0
AA03,923.625,1641969616212664,3.890175278077986,-46.0
AA03,923.625,1641969616223127,3.902447124381071,-46.0
AA03,923.625,1641969616230215,3.8717675086233583,-45.5
AA03,923.625,1641969616238948,3.8963112012295285,-45.5
AA03,923.625,1641969616250613,3.890175278077986,-46.0
AA03,923.625,1641969616258943,3.890175278077986,-45.5
AA03,923.625,1641969616264494,3.8840393549264434,-45.5
AA03,923.625,1641969616277691,3.890175278077986,-45.5
AA03,923.625,1641969616284969,3.890175278077986,-45.5
AA03,923.625,1641969616295198,3.877903431774901,-46.0
AA03,923.625,1641969616303437,3.890175278077986,-45.5
AA03,923.625,1641969616313127,3.8840393549264434,-46.0
AA03,923.625,1641969616323539,3.8963112012295285,-45.5
AA03,923.625,1641969616329637,3.890175278077986,-45.5
AA03,923.625,1641969616338796,3.8840393549264434,-45.5
AA03,923.625,1641969616345654,3.9085830475326135,-46.0
AA03,923.625,1641969616356718,3.8963112012295285,-45.5
AA03,923.625,1641969616366036,3.8963112012295285,-45.5
AA03,923.625,1641969616375738,3.890175278077986,-46.0
AA03,923.625,1641969616384446,3.877903431774901,-46.0
AA03,923.625,1641969616393136,3.890175278077986,-45.5
AA03,923.625,1641969616401273,3.8963112012295285,-45.5
AA03,923.625,1641969616411384,3.890175278077986,-45.5
AA03,923.625,1641969616418969,3.8840393549264434,-45.5
AA03,923.625,1641969616429846,3.8717675086233583,-45.5
AA03,923.625,1641969616438702,3.877903431774901,-45.5
AA03,923.625,1641969616448036,3.877903431774901,-45.5
AA03,923.625,1641969616457199,3.8963112012295285,-45.5
AA03,923.625,1641969616466412,3.8963112012295285,-45.5
AA03,923.625,1641969616476416,3.8717675086233583,-46.0
AA03,923.625,1641969616483425,3.8840393549264434,-45.5
AA03,923.625,1641969616493056,3.877903431774901,-45.5
AA03,923.625,1641969616502897,3.8840393549264434,-46.0
AA03,923.625,1641969616510968,3.8840393549264434,-46.0
AA03,923.625,1641969616518610,3.877903431774901,-45.5
AA03,923.625,1641969616527065,3.890175278077986,-45.5
AA03,923.625,1641969616537614,3.902447124381071,-45.5
AA03,923.625,1641969616544123,3.890175278077986,-45.5
AA03,923.625,1641969616555254,3.8717675086233583,-46.0
AA03,923.625,1641969616565322,3.877903431774901,-46.0
AA03,923.625,1641969616571269,3.902447124381071,-45.5
AA03,923.625,1641969616583119,3.890175278077986,-45.5
AA03,923.625,1641969616591337,3.877903431774901,-45.5
AA03,923.625,1641969616599728,3.877903431774901,-46.0
AA03,923.625,1641969616609335,3.877903431774901,-45.5
AA03,923.625,1641969616619578,3.8840393549264434,-45.5
AA03,923.625,1641969616627663,3.877903431774901,-46.0
AA03,923.625,1641969616637675,3.877903431774901,-45.5
AA03,923.625,1641969616643386,3.8963112012295285,-45.5
AA03,923.625,1641969616655322,3.8840393549264434,-45.5
AA03,923.625,1641969616665502,3.8840393549264434,-45.5
AA03,923.625,1641969616672689,3.8963112012295285,-45.5
AA03,923.625,1641969616681721,3.8840393549264434,-45.5
AA03,923.625,1641969616690898,3.890175278077986,-45.5
AA03,923.625,1641969616698967,3.8963112012295285,-45.5
AA03,923.625,1641969616708976,3.8840393549264434,-46.0
AA03,923.625,1641969616718253,3.8963112012295285,-46.0
AA03,923.625,1641969616726948,3.877903431774901,-46.0
AA03,923.625,1641969616733711,3.890175278077986,-45.5
AA03,923.625,1641969616746277,3.8840393549264434,-46.0
AA03,923.625,1641969616753833,3.865631585471816,-46.0
AA03,923.625,1641969616763408,3.8963112012295285,-45.5
AA03,923.625,1641969616772624,3.8840393549264434,-45.5
AA03,923.625,1641969616777806,3.8840393549264434,-45.5
AA03,923.625,1641969616789088,3.8963112012295285,-45.5
AA03,923.625,1641969616797228,3.877903431774901,-46.0
AA03,923.625,1641969616808628,3.890175278077986,-45.5
AA03,923.625,1641969616816687,3.902447124381071,-45.5
AA03,923.625,1641969616823462,3.902447124381071,-45.5
AA03,923.625,1641969616835975,3.890175278077986,-46.0
AA03,923.625,1641969616842521,3.890175278077986,-46.0
AA03,923.625,1641969616852817,3.865631585471816,-46.0
AA03,923.625,1641969616863235,3.8963112012295285,-46.0
AA03,923.625,1641969616870771,3.902447124381071,-45.5
AA03,923.625,1641969616880092,3.890175278077986,-45.5
AA03,923.625,1641969616889041,3.8840393549264434,-45.5
AA03,923.625,1641969616899644,3.8717675086233583,-45.5
AA03,923.625,1641969616904330,3.8963112012295285,-45.5
AA03,923.625,1641969616917537,3.8840393549264434,-46.0
AA03,923.625,1641969616924283,3.8963112012295285,-45.5
AA03,923.625,1641969616933504,3.8840393549264434,-45.5
AA03,923.625,1641969616941673,3.877903431774901,-46.0
AA03,923.625,1641969616953951,3.865631585471816,-46.0
AA03,923.625,1641969616961115,3.8840393549264434,-46.0
AA03,923.625,1641969616970101,3.877903431774901,-45.5
AA03,923.625,1641969616979450,3.877903431774901,-45.5
AA03,923.625,1641969616988900,3.877903431774901,-45.5
AA03,923.625,1641969616998444,3.902447124381071,-46.0
AA03,923.625,1641969617007280,3.865631585471816,-45.5
AA03,923.625,1641969617014148,3.8840393549264434,-45.5
AA03,923.625,1641969617024490,3.877903431774901,-46.0
AA03,923.625,1641969617034148,3.8963112012295285,-46.0
AA03,923.625,1641969617043774,3.9085830475326135,-45.5
AA03,923.625,1641969617051023,3.8963112012295285,-45.5
AA03,923.625,1641969617059220,3.902447124381071,-45.5
AA03,923.625,1641969617069163,3.877903431774901,-46.0
AA03,923.625,1641969617078992,3.8717675086233583,-45.5
AA03,923.625,1641969617086859,3.8840393549264434,-45.5
AA03,923.625,1641969617097549,3.890175278077986,-45.5
AA03,923.625,1641969617102729,3.877903431774901,-46.0
AA03,923.625,1641969617113545,3.877903431774901,-45.5
AA03,923.625,1641969617125165,3.890175278077986,-45.5
AA03,923.625,1641969617130624,3.890175278077986,-46.0
AA03,923.625,1641969617139895,3.8840393549264434,-45.5
AA03,923.625,1641969617150221,3.8840393549264434,-46.0
AA03,923.625,1641969617158072,3.890175278077986,-45.5
AA03,923.625,1641969617167366,3.902447124381071,-45.5
AA03,923.625,1641969617179189,3.902447124381071,-45.5
AA03,923.625,1641969617186423,3.902447124381071,-45.5
AA03,923.625,1641969617194563,3.8963112012295285,-45.5
AA03,923.625,1641969617206831,3.9085830475326135,-45.5
AA03,923.625,1641969617212979,3.890175278077986,-45.5
AA03,923.625,1641969617222162,3.890175278077986,-45.5
AA03,923.625,1641969617230184,3.902447124381071,-45.5
AA03,923.625,1641969617241850,3.8717675086233583,-46.0
AA03,923.625,1641969617249057,3.890175278077986,-46.0
AA03,923.625,1641969617260072,3.890175278077986,-45.5
AA03,923.625,1641969617269454,3.8963112012295285,-45.5
AA03,923.625,1641969617277072,3.8963112012295285,-46.0
AA03,923.625,1641969617286466,3.865631585471816,-45.5
AA03,923.625,1641969617297137,3.890175278077986,-46.0
AA03,923.625,1641969617303886,3.8840393549264434,-45.5
AA03,923.625,1641969617313065,3.877903431774901,-45.5
AA03,923.625,1641969617319360,3.8840393549264434,-46.0
AA03,923.625,1641969617331499,3.890175278077986,-45.5
AA03,923.625,1641969617340167,3.877903431774901,-45.5
AA03,923.625,1641969617349138,3.8717675086233583,-45.5
AA03,923.625,1641969617358350,3.8963112012295285,-45.5
AA03,923.625,1641969617365516,3.8963112012295285,-45.5
AA03,923.625,1641969617376899,3.865631585471816,-46.0
AA03,923.625,1641969617382133,3.890175278077986,-45.5
AA03,923.625,1641969617393738,3.8963112012295285,-45.5
AA03,923.625,1641969617400104,3.890175278077986,-46.0
AA03,923.625,1641969617410892,3.877903431774901,-45.5
AA03,923.625,1641969617420130,3.8717675086233583,-46.0
AA03,923.625,1641969617429950,3.8717675086233583,-46.0
AA03,923.625,1641969617438741,3.8840393549264434,-45.5
AA03,923.625,1641969617449244,3.8963112012295285,-45.5
AA03,923.625,1641969617457078,3.877903431774901,-45.5
AA03,923.625,1641969617465229,3.8717675086233583,-45.5
AA03,923.625,1641969617475159,3.890175278077986,-45.5
AA03,923.625,1641969617483024,3.8840393549264434,-45.5
AA03,923.625,1641969617494415,3.8840393549264434,-45.5
AA03,923.625,1641969617503418,3.877903431774901,-45.5
AA03,923.625,1641969617512874,3.8963112012295285,-45.5
AA03,923.625,1641969617518253,3.890175278077986,-45.5
AA03,923.625,1641969617530122,3.865631585471816,-45.5
AA03,923.625,1641969617537971,3.890175278077986,-46.0
AA03,923.625,1641969617545578,3.8963112012295285,-45.5
AA03,923.625,1641969617556986,3.8963112012295285,-45.5
AA03,923.625,1641969617565707,3.8963112012295285,-45.5
AA03,923.625,1641969617572430,3.8840393549264434,-45.5
AA03,923.625,1641969617585067,3.8840393549264434,-45.5
AA03,923.625,1641969617590403,3.902447124381071,-45.5
AA03,923.625,1641969617598653,3.890175278077986,-46.0
AA03,923.625,1641969617609652,3.890175278077986,-45.5
AA03,923.625,1641969617617049,3.8840393549264434,-46.0
AA03,923.625,1641969617626004,3.8840393549264434,-45.5
AA03,923.625,1641969617638875,3.890175278077986,-45.5
AA03,923.625,1641969617643760,3.890175278077986,-45.5
AA03,923.625,1641969617655653,3.890175278077986,-45.5
AA03,923.625,1641969617665273,3.877903431774901,-46.0
AA03,923.625,1641969617674523,3.8840393549264434,-45.5
AA03,923.625,1641969617684328,3.8840393549264434,-45.5
AA03,923.625,1641969617691457,3.8840393549264434,-46.0
AA03,923.625,1641969617699797,3.877903431774901,-45.5
AA03,923.625,1641969617708277,3.890175278077986,-45.5
AA03,923.625,1641969617716309,3.8840393549264434,-45.5
AA03,923.625,1641969617725898,3.877903431774901,-46.0
AA03,923.625,1641969617734762,3.8717675086233583,-45.5
AA03,923.625,1641969617742128,3.865631585471816,-46.0
AA03,923.625,1641969617754192,3.877903431774901,-45.5
AA03,923.625,1641969617765130,3.8963112012295285,-45.5
AA03,923.625,1641969617772361,3.8963112012295285,-45.5
AA03,923.625,1641969617779975,3.902447124381071,-46.0
AA03,923.625,1641969617788014,3.890175278077986,-45.5
AA03,923.625,1641969617797832,3.8963112012295285,-46.0
AA03,923.625,1641969617808724,3.890175278077986,-46.0
AA03,923.625,1641969617817378,3.890175278077986,-45.5
AA03,923.625,1641969617827959,3.8717675086233583,-46.0
AA03,923.625,1641969617835170,3.902447124381071,-45.5
AA03,923.625,1641969617844075,3.877903431774901,-46.0
AA03,923.625,1641969617850356,3.8963112012295285,-46.0
AA03,923.625,1641969617863088,3.8840393549264434,-45.5
AA03,923.625,1641969617868775,3.877903431774901,-45.5
AA03,923.625,1641969617877278,3.8717675086233583,-45.5
AA03,923.625,1641969617886228,3.8717675086233583,-46.0
AA03,923.625,1641969617898658,3.890175278077986,-46.0
AA03,923.625,1641969617906172,3.8963112012295285,-45.5
AA03,923.625,1641969617917043,3.9085830475326135,-45.5
AA03,923.625,1641969617925204,3.877903431774901,-46.0
AA03,923.625,1641969617936045,3.877903431774901,-45.5
AA03,923.625,1641969617942486,3.877903431774901,-45.5
AA03,923.625,1641969617951890,3.890175278077986,-45.5
AA03,923.625,1641969617958776,3.890175278077986,-46.0
AA03,924.125,1641969617975440,4.074252972624263,-45.5
AA03,924.125,1641969617984990,4.080388895775806,-45.5
AA03,924.125,1641969617996924,4.061981126321178,-46.0
AA03,924.125,1641969618005651,4.074252972624263,-45.5
AA03,924.125,1641969618014827,4.06811704947272,-45.5
AA03,924.125,1641969618024273,4.061981126321178,-45.5
AA03,924.125,1641969618032152,4.080388895775806,-45.5
AA03,924.125,1641969618040509,4.06811704947272,-45.5
AA03,924.125,1641969618047409,4.074252972624263,-45.5
AA03,924.125,1641969618058516,4.06811704947272,-46.0
AA03,924.125,1641969618065899,4.080388895775806,-45.5
AA03,924.125,1641969618077588,4.080388895775806,-45.5
AA03,924.125,1641969618085714,4.080388895775806,-45.5
AA03,924.125,1641969618096603,4.06811704947272,-45.5
AA03,924.125,1641969618104411,4.104932588381976,-45.5
AA03,924.125,1641969618110925,4.061981126321178,-45.5
AA03,924.125,1641969618121766,4.061981126321178,-46.0
AA03,924.125,1641969618132158,4.061981126321178,-45.5
AA03,924.125,1641969618140726,4.080388895775806,-45.5
AA03,924.125,1641969618149471,4.074252972624263,-46.0
AA03,924.125,1641969618158877,4.06811704947272,-45.5
AA03,924.125,1641969618169318,4.061981126321178,-45.5
AA03,924.125,1641969618176054,4.080388895775806,-45.5
AA03,924.125,1641969618184182,4.086524818927348,-45.5
AA03,924.125,1641969618191078,4.074252972624263,-45.5
AA03,924.125,1641969618203204,4.06811704947272,-45.5
AA03,924.125,1641969618211303,4.061981126321178,-45.5
AA03,924.125,1641969618222515,4.037437433715008,-45.5
AA03,924.125,1641969618228765,4.06811704947272,-45.5
AA03,924.125,1641969618236441,4.06811704947272,-45.5
AA03,924.125,1641969618250189,4.06811704947272,-45.5
AA03,924.125,1641969618256991,4.061981126321178,-45.5
AA03,924.125,1641969618267462,4.080388895775806,-45.5
AA03,924.125,1641969618275351,4.074252972624263,-45.5
AA03,924.125,1641969618282745,4.074252972624263,-45.5
AA03,924.125,1641969618293577,4.080388895775806,-45.5
AA03,924.125,1641969618300716,4.074252972624263,-45.5
AA03,924.125,1641969618311768,4.0558452031696355,-45.5
AA03,924.125,1641969618319384,4.06811704947272,-45.5
AA03,924.125,1641969618326496,4.074252972624263,-45.5
AA03,924.125,1641969618339232,4.06811704947272,-45.5
AA03,924.125,1641969618346055,4.080388895775806,-45.5
AA03,924.125,1641969618356086,4.074252972624263,-45.5
AA03,924.125,1641969618366098,4.074252972624263,-45.5
AA03,924.125,1641969618373814,4.06811704947272,-45.5
AA03,924.125,1641969618385403,4.080388895775806,-45.5
AA03,924.125,1641969618392909,4.061981126321178,-45.5
AA03,924.125,1641969618398457,4.080388895775806,-45.5
AA03,924.125,1641969618410326,4.061981126321178,-45.5
AA03,924.125,1641969618418487,4.074252972624263,-45.5
AA03,924.125,1641969618425637,4.06811704947272,-45.5
AA03,924.125,1641969618438938,4.061981126321178,-45.5
AA03,924.125,1641969618445658,4.080388895775806,-45.5
AA03,924.125,1641969618457014,4.06811704947272,-46.0
AA03,924.125,1641969618466089,4.06811704947272,-45.5
AA03,924.125,1641969618474516,4.080388895775806,-45.5
AA03,924.125,1641969618482722,4.074252972624263,-45.5
AA03,924.125,1641969618493186,4.074252972624263,-46.0
AA03,924.125,1641969618499773,4.06811704947272,-45.5
AA03,924.125,1641969618510142,4.080388895775806,-45.5
AA03,924.125,1641969618516968,4.06811704947272,-45.5
AA03,924.125,1641969618528469,4.074252972624263,-45.5
AA03,924.125,1641969618535323,4.086524818927348,-45.5
AA03,924.125,1641969618543170,4.074252972624263,-45.5
AA03,924.125,1641969618554749,4.080388895775806,-45.5
AA03,924.125,1641969618563590,4.06811704947272,-45.5
AA03,924.125,1641969618573719,4.074252972624263,-45.5
AA03,924.125,1641969618581002,4.06811704947272,-45.5
AA03,924.125,1641969618591565,4.06811704947272,-45.5
AA03,924.125,1641969618601945,4.061981126321178,-46.0
AA03,924.125,1641969618609247,4.074252972624263,-45.5
AA03,924.125,1641969618617350,4.080388895775806,-45.5
AA03,924.125,1641969618627876,4.06811704947272,-45.5
AA03,924.125,1641969618636094,4.06811704947272,-45.5
AA03,924.125,1641969618643300,4.080388895775806,-45.5
AA03,924.125,1641969618655769,4.074252972624263,-45.5
AA03,924.125,1641969618665209,4.074252972624263,-45.5
AA03,924.125,1641969618671125,4.061981126321178,-45.5
AA03,924.125,1641969618679432,4.061981126321178,-45.5
AA03,924.125,1641969618690211,4.06811704947272,-45.5
AA03,924.125,1641969618698685,4.061981126321178,-45.5
AA03,924.125,1641969618710356,4.06811704947272,-45.5
AA03,924.125,1641969618720392,4.086524818927348,-45.5
AA03,924.125,1641969618728753,4.06811704947272,-45.5
AA03,924.125,1641969618735944,4.086524818927348,-45.5
AA03,924.125,1641969618747220,4.074252972624263,-45.5
AA03,924.125,1641969618753148,4.074252972624263,-45.5
AA03,924.125,1641969618761853,4.06811704947272,-45.5
AA03,924.125,1641969618773256,4.074252972624263,-45.5
AA03,924.125,1641969618779170,4.080388895775806,-45.5
AA03,924.125,1641969618790298,4.086524818927348,-46.0
AA03,924.125,1641969618799508,4.061981126321178,-45.5
AA03,924.125,1641969618809502,4.080388895775806,-45.5
AA03,924.125,1641969618818706,4.074252972624263,-46.0
AA03,924.125,1641969618827635,4.080388895775806,-45.5
AA03,924.125,1641969618835989,4.080388895775806,-45.5
AA03,924.125,1641969618846042,4.06811704947272,-45.5
AA03,924.125,1641969618851783,4.074252972624263,-45.5
AA03,924.125,1641969618864492,4.074252972624263,-46.0
AA03,924.125,1641969618873502,4.061981126321178,-45.5
AA03,924.125,1641969618878679,4.074252972624263,-45.5
AA03,924.125,1641969618890827,4.074252972624263,-45.5
AA03,924.125,1641969618899312,4.06811704947272,-45.5
AA03,924.125,1641969618909369,4.061981126321178,-46.0
AA03,924.125,1641969618918197,4.074252972624263,-45.5
AA03,924.125,1641969618925347,4.080388895775806,-45.5
AA03,924.125,1641969618932432,4.086524818927348,-45.5
AA03,924.125,1641969618945916,4.074252972624263,-45.5
AA03,924.125,1641969618950613,4.06811704947272,-45.5
AA03,924.125,1641969618961763,4.092660742078891,-46.0
AA03,924.125,1641969618973225,4.080388895775806,-46.0
AA03,924.125,1641969618978476,4.06811704947272,-45.5
AA03,924.125,1641969618989804,4.06811704947272,-46.0
AA03,924.125,1641969619000115,4.061981126321178,-45.5
AA03,924.125,1641969619007310,4.074252972624263,-45.5
AA03,924.125,1641969619018155,4.080388895775806,-45.5
AA03,924.125,1641969619028277,4.061981126321178,-45.5
AA03,924.125,1641969619036640,4.080388895775806,-45.5
AA03,924.125,1641969619043139,4.061981126321178,-45.5
AA03,924.125,1641969619053230,4.074252972624263,-45.5
AA03,924.125,1641969619060826,4.074252972624263,-46.0
AA03,924.125,1641969619071169,4.080388895775806,-45.5
AA03,924.125,1641969619080819,4.074252972624263,-45.5
AA03,924.125,1641969619087350,4.06811704947272,-45.5
AA03,924.125,1641969619098229,4.06811704947272,-46.0
AA03,924.125,1641969619108546,4.074252972624263,-45.5
AA03,924.125,1641969619115739,4.074252972624263,-46.0
AA03,924.125,1641969619126181,4.080388895775806,-45.5
AA03,924.125,1641969619133714,4.061981126321178,-45.5
AA03,924.125,1641969619142473,4.06811704947272,-45.5
AA03,924.125,1641969619150066,4.080388895775806,-45.5
AA03,924.125,1641969619161500,4.06811704947272,-45.5
AA03,924.125,1641969619167523,4.074252972624263,-45.5
AA03,924.125,1641969619177007,4.080388895775806,-46.0
AA03,924.125,1641969619186396,4.080388895775806,-45.5
AA03,924.125,1641969619196002,4.06811704947272,-46.0
AA03,924.125,1641969619205162,4.074252972624263,-45.5
AA03,924.125,1641969619217149,4.086524818927348,-45.5
AA03,924.125,1641969619225468,4.06811704947272,-45.5
AA03,924.125,1641969619232237,4.092660742078891,-45.5
AA03,924.125,1641969619243702,4.061981126321178,-45.5
AA03,924.125,1641969619252982,4.074252972624263,-45.5
AA03,924.125,1641969619260576,4.04357335686655,-45.5
AA03,924.125,1641969619269733,4.074252972624263,-45.5
AA03,924.125,1641969619276710,4.06811704947272,-45.5
AA03,924.125,1641969619289411,4.080388895775806,-45.5
AA03,924.125,1641969619295291,4.074252972624263,-45.5
AA03,924.125,1641969619305341,4.061981126321178,-45.5
AA03,924.125,1641969619312886,4.06811704947272,-46.0
AA03,924.125,1641969619324533,4.074252972624263,-45.5
AA03,924.125,1641969619332858,4.080388895775806,-45.5
AA03,924.125,1641969619340500,4.074252972624263,-45.5
AA03,924.125,1641969619350562,4.061981126321178,-45.5
AA03,924.125,1641969619356375,4.06811704947272,-46.0
AA03,924.125,1641969619369542,4.074252972624263,-45.5
AA03,924.125,1641969619379008,4.080388895775806,-45.5
AA03,924.125,1641969619385982,4.061981126321178,-45.5
AA03,924.125,1641969619396050,4.080388895775806,-45.5
AA03,924.125,1641969619404505,4.074252972624263,-45.5
AA03,924.125,1641969619413735,4.06811704947272,-45.5
AA03,924.125,1641969619422653,4.06811704947272,-45.5
AA03,924.125,1641969619430526,4.074252972624263,-45.5
AA03,924.125,1641969619441019,4.074252972624263,-46.0
AA03,924.125,1641969619446595,4.074252972624263,-45.5
AA03,924.125,1641969619457320,4.06811704947272,-45.5
AA03,924.125,1641969619467903,4.074252972624263,-45.5
AA03,924.125,1641969619474430,4.080388895775806,-45.5
AA03,924.125,1641969619485076,4.06811704947272,-45.5
AA03,924.125,1641969619494707,4.06811704947272,-45.5
AA03,924.125,1641969619503654,4.06811704947272,-45.5
AA03,924.125,1641969619509731,4.080388895775806,-46.0
AA03,924.125,1641969619520579,4.086524818927348,-46.0
AA03,924.125,1641969619526936,4.074252972624263,-45.5
AA03,924.125,1641969619536907,4.166291819897401,-44.5
AA03,924.125,1641969619548956,3.9147189706841563,-45.0
AA03,924.125,1641969619558483,3.9147189706841563,-44.5
AA03,924.125,1641969619566830,4.031301510563464,-45.0
AA03,924.125,1641969619574282,4.0558452031696355,-45.5
AA03,924.125,1641969619585516,4.0558452031696355,-45.5
AA03,924.125,1641969619596999,4.074252972624263,-45.5
AA03,924.125,1641969619602874,4.080388895775806,-45.5
AA03,924.125,1641969619614064,4.086524818927348,-45.5
AA03,924.125,1641969619624546,4.080388895775806,-45.5
AA03,924.125,1641969619632671,4.074252972624263,-45.5
AA03,924.125,1641969619642230,4.074252972624263,-45.5
AA03,924.125,1641969619651908,4.061981126321178,-45.5
AA03,924.125,1641969619659754,4.074252972624263,-45.5
AA03,924.125,1641969619666512,4.074252972624263,-45.5
AA03,924.125,1641969619675427,4.092660742078891,-45.5
AA03,924.125,1641969619685980,4.06811704947272,-45.5
AA03,924.125,1641969619696708,4.074252972624263,-46.0
AA03,924.125,1641969619703469,4.074252972624263,-45.5
AA03,924.125,1641969619714594,4.061981126321178,-45.5
AA03,924.125,1641969619724052,4.06811704947272,-45.5
AA03,924.125,1641969619732137,4.074252972624263,-46.0
AA03,924.125,1641969619738687,4.086524818927348,-45.5
AA03,924.125,1641969619749825,4.086524818927348,-46.0
AA03,924.125,1641969619757942,4.074252972624263,-45.5
AA03,924.125,1641969619767742,4.086524818927348,-46.0
AA03,924.125,1641969619778307,4.074252972624263,-46.0
AA03,924.125,1641969619787546,4.080388895775806,-45.5
AA03,924.125,1641969619793426,4.06811704947272,-45.5
AA03,924.125,1641969619804291,4.06811704947272,-45.5
AA03,924.125,1641969619811077,4.080388895775806,-45.5
AA03,924.125,1641969619819810,4.086524818927348,-45.5
AA03,924.125,1641969619830926,4.080388895775806,-45.5
AA03,924.125,1641969619840102,4.061981126321178,-45.5
AA03,924.125,1641969619850168,4.06811704947272,-45.5
AA03,924.125,1641969619856710,4.080388895775806,-45.5
AA03,920.625,1641969619873554,2.859340188618835,-45.5
AA03,920.625,1641969619885495,2.8532042654672924,-45.5
AA03,920.625,1641969619890333,2.8654761117703775,-46.0
AA03,920.625,1641969619901493,2.8654761117703775,-45.5
AA03,920.625,1641969619908514,2.8654761117703775,-45.5
AA03,920.625,1641969619919608,2.8532042654672924,-45.5
AA03,920.625,1641969619929424,2.8654761117703775,-45.5
AA03,920.625,1641969619937486,2.8716120349219203,-46.0
AA03,920.625,1641969619946698,2.859340188618835,-45.5
AA03,920.625,1641969619955149,2.8716120349219203,-45.5
AA03,920.625,1641969619962747,2.8716120349219203,-45.5
AA03,920.625,1641969619975109,2.8654761117703775,-45.5
AA03,920.625,1641969619980846,2.859340188618835,-45.5
AA03,920.625,1641969619990212,2.8532042654672924,-45.5
AA03,920.625,1641969619998295,2.8654761117703775,-45.5
AA03,920.625,1641969620009213,2.8654761117703775,-45.5
AA03,920.625,1641969620017561,2.8654761117703775,-45.5
AA03,920.625,1641969620025524,2.859340188618835,-45.5
AA03,920.625,1641969620034700,2.8654761117703775,-45.5
AA03,920.625,1641969620045194,2.8532042654672924,-45.5
AA03,920.625,1641969620053985,2.859340188618835,-46.0
AA03,920.625,1641969620062103,2.859340188618835,-45.5
AA03,920.625,1641969620072428,2.8532042654672924,-46.0
AA03,920.625,1641969620077774,2.859340188618835,-45.5
AA03,920.625,1641969620088481,2.8716120349219203,-45.5
AA03,920.625,1641969620099282,2.8716120349219203,-45.5
AA03,920.625,1641969620108212,2.8654761117703775,-45.5
AA03,920.625,1641969620113983,2.8716120349219203,-45.5
AA03,920.625,1641969620126749,2.8532042654672924,-46.0
AA03,920.625,1641969620135587,2.8654761117703775,-45.5
AA03,920.625,1641969620144145,2.859340188618835,-46.0
AA03,920.625,1641969620152844,2.859340188618835,-45.5
AA03,920.625,1641969620163886,2.8654761117703775,-45.5
AA03,920.625,1641969620170056,2.8654761117703775,-45.5
AA03,920.625,1641969620179078,2.8654761117703775,-45.5
AA03,920.625,1641969620186683,2.8532042654672924,-45.5
AA03,920.625,1641969620195720,2.8654761117703775,-46.0
AA03,920.625,1641969620208876,2.8654761117703775,-46.0
AA03,920.625,1641969620216136,2.8654761117703775,-45.5
AA03,920.625,1641969620226744,2.8716120349219203,-46.0
AA03,920.625,1641969620235709,2.859340188618835,-45.5
AA03,920.625,1641969620241571,2.859340188618835,-45.5
AA03,920.625,1641969620251089,2.859340188618835,-45.5
AA03,920.625,1641969620259340,2.8716120349219203,-45.5
AA03,920.625,1641969620269293,2.8654761117703775,-45.5
AA03,920.625,1641969620277448,2.8654761117703775,-45.5
AA03,920.625,1641969620288013,2.859340188618835,-45.5
AA03,920.625,1641969620296909,2.859340188618835,-45.5
AA03,920.625,1641969620306485,2.8532042654672924,-45.5
AA03,920.625,1641969620312881,2.859340188618835,-45.5
AA03,920.625,1641969620321332,2.8654761117703775,-45.5
AA03,920.625,1641969620333748,2.8716120349219203,-45.5
AA03,920.625,1641969620343585,2.8777479580734626,-45.5
AA03,920.625,1641969620349757,2.8532042654672924,-46.0
AA03,920.625,1641969620360055,2.84706834231575,-45.5
AA03,920.625,1641969620368985,2.8532042654672924,-45.5
AA03,920.625,1641969620378602,2.8654761117703775,-45.5
AA03,920.625,1641969620385048,2.8716120349219203,-45.5
AA03,920.625,1641969620395739,2.8532042654672924,-45.5
AA03,920.625,1641969620404904,2.859340188618835,-45.5
AA03,920.625,1641969620410725,2.859340188618835,-45.5
AA03,920.625,1641969620420506,2.8654761117703775,-45.5
AA03,920.625,1641969620432768,2.859340188618835,-45.5
AA03,920.625,1641969620441102,2.8654761117703775,-45.5
AA03,920.625,1641969620450294,2.8654761117703775,-45.5
AA03,920.625,1641969620456279,2.8716120349219203,-45.5
AA03,920.625,1641969620468811,2.8716120349219203,-45.5
AA03,920.625,1641969620474922,2.84706834231575,-45.5
AA03,920.625,1641969620487984,2.8654761117703775,-45.5
AA03,920.625,1641969620494716,2.8777479580734626,-45.5
AA03,920.625,1641969620505317,2.8716120349219203,-45.5
AA03,920.625,1641969620513967,2.859340188618835,-45.5
AA03,920.625,1641969620522884,2.8654761117703775,-45.5
AA03,920.625,1641969620529392,2.8654761117703775,-45.5
AA03,920.625,1641969620540805,2.8532042654672924,-45.5
AA03,920.625,1641969620546518,2.859340188618835,-46.0
AA03,920.625,1641969620558666,2.8654761117703775,-45.5
AA03,920.625,1641969620564187,2.859340188618835,-45.5
AA03,920.625,1641969620577127,2.8654761117703775,-45.5
AA03,920.625,1641969620585007,2.859340188618835,-45.5
AA03,920.625,1641969620593599,2.84706834231575,-45.5
AA03,920.625,1641969620603469,2.8532042654672924,-46.0
AA03,920.625,1641969620613140,2.8532042654672924,-45.5
AA03,920.625,1641969620621225,2.8654761117703775,-46.0
AA03,920.625,1641969620627294,2.8532042654672924,-45.5
AA03,920.625,1641969620640337,2.8654761117703775,-45.5
AA03,920.625,1641969620647811,2.8654761117703775,-45.5
AA03,920.625,1641969620656791,2.859340188618835,-45.5
AA03,920.625,1641969620668367,2.8777479580734626,-45.5
AA03,920.625,1641969620675556,2.8716120349219203,-45.5
AA03,920.625,1641969620683413,2.8654761117703775,-45.5
AA03,920.625,1641969620695190,2.84706834231575,-45.5
AA03,920.625,1641969620703280,2.8532042654672924,-45.5
AA03,920.625,1641969620710722,2.84706834231575,-45.5
AA03,920.625,1641969620719030,2.8716120349219203,-46.0
AA03,920.625,1641969620729710,2.8716120349219203,-45.5
AA03,920.625,1641969620738994,2.8532042654672924,-45.5
AA03,920.625,1641969620744764,2.859340188618835,-45.5
AA03,920.625,1641969620754002,2.859340188618835,-45.5
AA03,920.625,1641969620764069,2.8532042654672924,-45.5
AA03,920.625,1641969620775824,2.8654761117703775,-46.0
AA03,920.625,1641969620784185,2.8777479580734626,-45.5
AA03,920.625,1641969620791314,2.859340188618835,-45.5
AA03,920.625,1641969620800177,2.859340188618835,-46.0
AA03,920.625,1641969620811872,2.859340188618835,-45.5
AA03,920.625,1641969620818817,2.84706834231575,-45.5
AA03,920.625,1641969620829138,2.859340188618835,-45.5
AA03,920.625,1641969620839001,2.8654761117703775,-45.5
AA03,920.625,1641969620847796,2.859340188618835,-45.5
AA03,920.625,1641969620857223,2.8716120349219203,-45.5
AA03,920.625,1641969620862189,2.8654761117703775,-45.5
AA03,920.625,1641969620873149,2.8532042654672924,-45.5
AA03,920.625,1641969620881959,2.8716120349219203,-45.5
AA03,920.625,1641969620893126,2.8777479580734626,-45.5
AA03,920.625,1641969620902341,2.859340188618835,-46.0
AA03,920.625,1641969620912041,2.8716120349219203,-45.5
AA03,920.625,1641969620921038,2.8716120349219203,-45.5
AA03,920.625,1641969620927553,2.859340188618835,-45.5
AA03,920.625,1641969620936759,2.8716120349219203,-45.5
AA03,920.625,1641969620944103,2.8532042654672924,-46.0
AA03,920.625,1641969620954398,2.8654761117703775,-46.0
AA03,920.625,1641969620961967,2.8716120349219203,-45.5
AA03,920.625,1641969620972599,2.8716120349219203,-46.0
AA03,920.625,1641969620983803,2.8716120349219203,-45.5
AA03,920.625,1641969620994309,2.8532042654672924,-46.0
AA03,920.625,1641969621001817,2.859340188618835,-45.5
AA03,920.625,1641969621009732,2.8654761117703775,-45.5
AA03,920.625,1641969621019721,2.8716120349219203,-45.5
AA03,920.625,1641969621026849,2.84706834231575,-46.0
AA03,920.625,1641969621037146,2.8716120349219203,-45.5
AA03,920.625,1641969621046628,2.8654761117703775,-45.5
AA03,920.625,1641969621054226,2.859340188618835,-45.5
AA03,920.625,1641969621061367,2.8654761117703775,-45.5
AA03,920.625,1641969621072676,2.8654761117703775,-45.5
AA03,920.625,1641969621079393,2.8716120349219203,-46.0
AA03,920.625,1641969621091583,2.859340188618835,-46.0
AA03,920.625,1641969621097040,2.8532042654672924,-45.5
AA03,920.625,1641969621108261,2.8532042654672924,-46.0
AA03,920.625,1641969621116714,2.859340188618835,-45.5
AA03,920.625,1641969621128704,2.84706834231575,-46.0
AA03,920.625,1641969621135522,2.859340188618835,-46.0
AA03,920.625,1641969621142509,2.8654761117703775,-45.5
AA03,920.625,1641969621151455,2.859340188618835,-45.5
AA03,920.625,1641969621159874,2.8777479580734626,-46.0
AA03,920.625,1641969621168565,2.8532042654672924,-45.5
AA03,920.625,1641969621180906,2.8654761117703775,-45.5
AA03,920.625,1641969621187440,2.859340188618835,-45.5
AA03,920.625,1641969621199439,2.8532042654672924,-45.5
AA03,920.625,1641969621204852,2.8532042654672924,-45.5
AA03,920.625,1641969621216939,2.8532042654672924,-45.5
AA03,920.625,1641969621225437,2.8654761117703775,-46.0
AA03,920.625,1641969621233304,2.8532042654672924,-45.5
AA03,920.625,1641969621243081,2.8654761117703775,-45.5
AA03,920.625,1641969621250779,2.8532042654672924,-45.5
AA03,920.625,1641969621258863,2.8777479580734626,-45.5
AA03,920.625,1641969621269412,2.8532042654672924,-46.0
AA03,920.625,1641969621277360,2.8654761117703775,-45.5
AA03,920.625,1641969621290262,2.84706834231575,-45.5
AA03,920.625,1641969621294351,2.859340188618835,-46.0
AA03,920.625,1641969621306404,2.8654761117703775,-45.5
AA03,920.625,1641969621316481,2.8532042654672924,-45.5
AA03,920.625,1641969621324073,2.8532042654672924,-45.5
AA03,920.625,1641969621330324,2.859340188618835,-45.5
AA03,920.625,1641969621342283,2.859340188618835,-45.5
AA03,920.625,1641969621351536,2.8532042654672924,-45.5
AA03,920.625,1641969621360691,2.859340188618835,-45.5
AA03,920.625,1641969621370068,2.8654761117703775,-45.5
AA03,920.625,1641969621379275,2.8532042654672924,-45.5
AA03,920.625,1641969621386102,2.84706834231575,-45.5
AA03,920.625,1641969621397476,2.8716120349219203,-45.5
AA03,920.625,1641969621402682,2.859340188618835,-45.5
AA03,920.625,1641969621414755,2.8532042654672924,-45.5
AA03,920.625,1641969621423168,2.8654761117703775,-45.5
AA03,920.625,1641969621429768,2.859340188618835,-45.5
AA03,920.625,1641969621442187,2.859340188618835,-46.0
AA03,920.625,1641969621449097,2.8654761117703775,-45.5
AA03,920.625,1641969621460513,2.859340188618835,-46.0
AA03,920.625,1641969621470176,2.8654761117703775,-45.5
AA03,920.625,1641969621477000,2.8654761117703775,-45.5
AA03,920.625,1641969621487915,2.859340188618835,-45.5
AA03,920.625,1641969621494664,2.859340188618835,-45.5
AA03,920.625,1641969621502986,2.859340188618835,-45.5
AA03,920.625,1641969621514129,2.8716120349219203,-45.5
AA03,920.625,1641969621524172,2.859340188618835,-45.5
AA03,920.625,1641969621532055,2.859340188618835,-45.5
AA03,920.625,1641969621540376,2.8654761117703775,-45.5
AA03,920.625,1641969621547811,2.859340188618835,-45.5
AA03,920.625,1641969621560482,2.8532042654672924,-46.0
AA03,920.625,1641969621566198,2.8654761117703775,-45.5
AA03,920.625,1641969621577627,2.8654761117703775,-45.5
AA03,920.625,1641969621586362,2.8777479580734626,-45.5
AA03,920.625,1641969621594499,2.8654761117703775,-45.5
AA03,920.625,1641969621601713,2.859340188618835,-45.5
AA03,920.625,1641969621613549,2.859340188618835,-45.5
AA03,920.625,1641969621622368,2.8654761117703775,-45.5
AA03,920.625,1641969621629128,2.859340188618835,-45.5
AA03,920.625,1641969621638961,2.859340188618835,-46.0
AA03,920.625,1641969621646820,2.84706834231575,-45.5
AA03,920.625,1641969621659140,2.8716120349219203,-45.5
AA03,920.625,1641969621665538,2.8716120349219203,-45.5
AA03,920.625,1641969621674095,2.8716120349219203,-45.5
AA03,920.625,1641969621685484,2.859340188618835,-46.0
AA03,920.625,1641969621694720,2.8838838812250054,-45.5
AA03,920.625,1641969621705310,2.859340188618835,-45.5
AA03,920.625,1641969621713459,2.8716120349219203,-45.5
AA03,920.625,1641969621720889,2.8654761117703775,-46.0
AA03,920.625,1641969621729631,2.8777479580734626,-45.5
AA03,920.625,1641969621741390,2.859340188618835,-46.0
AA03,920.625,1641969621749270,2.8532042654672924,-45.5
AA03,921.125,1641969621765218,3.031146036862027,-45.5
AA03,921.125,1641969621774125,3.043417883165112,-45.5
AA03,921.125,1641969621784345,3.0250101137104846,-45.5
AA03,921.125,1641969621791474,3.0372819600135696,-45.5
AA03,921.125,1641969621800676,3.031146036862027,-45.5
AA03,921.125,1641969621808661,3.0250101137104846,-45.5
AA03,921.125,1641969621819351,3.0372819600135696,-45.5
AA03,921.125,1641969621828045,3.043417883165112,-46.0
AA03,921.125,1641969621835383,3.0372819600135696,-46.0
AA03,921.125,1641969621846173,3.0372819600135696,-45.5
AA03,921.125,1641969621853801,3.043417883165112,-46.0
AA03,921.125,1641969621864968,3.018874190558942,-46.0
AA03,921.125,1641969621870407,3.043417883165112,-45.5
AA03,921.125,1641969621881516,3.043417883165112,-46.0
AA03,921.125,1641969621892152,3.031146036862027,-45.5
AA03,921.125,1641969621898305,3.0372819600135696,-45.5
AA03,921.125,1641969621908575,3.0372819600135696,-46.0
AA03,921.125,1641969621915205,3.0372819600135696,-45.5
AA03,921.125,1641969621926624,3.031146036862027,-46.0
AA03,921.125,1641969621935612,3.031146036862027,-45.5
AA03,921.125,1641969621943166,3.031146036862027,-45.5
AA03,921.125,1641969621954598,3.0372819600135696,-45.5
AA03,921.125,1641969621963024,3.031146036862027,-45.5
AA03,921.125,1641969621971199,3.0372819600135696,-45.5
AA03,921.125,1641969621980752,3.0250101137104846,-45.5
AA03,921.125,1641969621991634,3.0127382674073995,-45.5
AA03,921.125,1641969621996735,3.0066023442558567,-45.5
AA03,921.125,1641969622006622,3.0372819600135696,-46.0
AA03,921.125,1641969622018047,3.0250101137104846,-45.5
AA03,921.125,1641969622025068,3.0127382674073995,-46.0
AA03,921.125,1641969622032889,3.031146036862027,-45.5
AA03,921.125,1641969622044945,3.0372819600135696,-45.5
AA03,921.125,1641969622052983,3.0372819600135696,-45.5
AA03,921.125,1641969622063356,3.031146036862027,-45.5
AA03,921.125,1641969622068754,3.0372819600135696,-45.5
AA03,921.125,1641969622081335,3.0127382674073995,-45.5
AA03,921.125,1641969622086934,3.0250101137104846,-46.0
AA03,921.125,1641969622099435,3.0372819600135696,-45.5
AA03,921.125,1641969622106437,3.043417883165112,-45.5
AA03,921.125,1641969622116081,3.031146036862027,-45.5
AA03,921.125,1641969622125884,3.031146036862027,-46.0
AA03,921.125,1641969622134872,3.0127382674073995,-46.0
AA03,921.125,1641969622143623,3.043417883165112,-45.5
AA03,921.125,1641969622152354,3.0372819600135696,-46.0
AA03,921.125,1641969622161737,3.031146036862027,-45.5
AA03,921.125,1641969622170749,3.0250101137104846,-45.5
AA03,921.125,1641969622177502,3.0250101137104846,-46.0
AA03,921.125,1641969622188996,3.0372819600135696,-46.0
AA03,921.125,1641969622198567,3.0250101137104846,-45.5
AA03,921.125,1641969622205166,3.0250101137104846,-46.0
AA03,921.125,1641969622216568,3.018874190558942,-45.5
AA03,921.125,1641969622226028,3.031146036862027,-45.5
AA03,921.125,1641969622233905,3.0495538063166547,-45.5
AA03,921.125,1641969622243981,3.018874190558942,-46.0
AA03,921.125,1641969622250456,3.0250101137104846,-46.0
AA03,921.125,1641969622263061,3.018874190558942,-45.5
AA03,921.125,1641969622269140,3.0250101137104846,-46.0
AA03,921.125,1641969622277594,3.031146036862027,-46.0
AA03,921.125,1641969622285310,3.0250101137104846,-45.5
AA03,921.125,1641969622298478,3.031146036862027,-45.5
AA03,921.125,1641969622304118,3.0066023442558567,-46.0
AA03,921.125,1641969622313948,3.018874190558942,-45.5
AA03,921.125,1641969622324789,3.0127382674073995,-46.0
AA03,921.125,1641969622331052,3.031146036862027,-45.5
AA03,921.125,1641969622341922,3.0372819600135696,-45.5
AA03,921.125,1641969622347975,3.0127382674073995,-46.0
AA03,921.125,1641969622360557,3.031146036862027,-46.0
AA03,921.125,1641969622367505,3.0250101137104846,-46.0
AA03,921.125,1641969622378092,3.0250101137104846,-45.5
AA03,921.125,1641969622384864,3.0250101137104846,-46.0
AA03,921.125,1641969622396905,3.0066023442558567,-46.0
AA03,921.125,1641969622406072,3.0250101137104846,-46.0
AA03,921.125,1641969622415438,3.031146036862027,-45.5
AA03,921.125,1641969622421959,3.031146036862027,-45.5
AA03,921.125,1641969622433796,3.031146036862027,-46.0
AA03,921.125,1641969622439501,3.031146036862027,-45.5
AA03,921.125,1641969622452003,3.031146036862027,-46.0
AA03,921.125,1641969622459848,3.031146036862027,-45.5
AA03,921.125,1641969622469848,3.0250101137104846,-46.0
AA03,921.125,1641969622477377,3.043417883165112,-46.0
AA03,921.125,1641969622486886,3.0127382674073995,-45.5
AA03,921.125,1641969622494729,3.0495538063166547,-45.5
AA03,921.125,1641969622506117,3.0372819600135696,-46.0
AA03,921.125,1641969622513975,3.031146036862027,-46.0
AA03,921.125,1641969622524564,3.0250101137104846,-45.5
AA03,921.125,1641969622532077,3.0250101137104846,-45.5
AA03,921.125,1641969622540806,3.031146036862027,-46.0
AA03,921.125,1641969622549483,3.018874190558942,-46.0
AA03,921.125,1641969622559779,3.0250101137104846,-46.0
AA03,921.125,1641969622569212,3.0250101137104846,-45.5
AA03,921.125,1641969622578164,3.031146036862027,-46.0
AA03,921.125,1641969622585694,3.018874190558942,-45.5
AA03,921.125,1641969622595007,3.0372819600135696,-45.5
AA03,921.125,1641969622602263,3.0372819600135696,-46.0
AA03,921.125,1641969622611231,3.043417883165112,-46.0
AA03,921.125,1641969622623601,3.0372819600135696,-45.5
AA03,921.125,1641969622629882,3.0250101137104846,-45.5
AA03,921.125,1641969622639341,3.0127382674073995,-45.5
AA03,921.125,1641969622649131,3.0250101137104846,-46.0
AA03,921.125,1641969622658656,3.0250101137104846,-46.0
AA03,921.125,1641969622665170,3.0372819600135696,-45.5
AA03,921.125,1641969622676867,3.031146036862027,-45.5
AA03,921.125,1641969622687379,3.0250101137104846,-45.5
AA03,921.125,1641969622692264,3.018874190558942,-46.0
AA03,921.125,1641969622703637,3.0127382674073995,-45.5
AA03,921.125,1641969622711840,3.0372819600135696,-46.0
AA03,921.125,1641969622723333,3.018874190558942,-45.5
AA03,921.125,1641969622732339,3.031146036862027,-45.5
AA03,921.125,1641969622739731,3.031146036862027,-46.0
AA03,921.125,1641969622747090,3.0372819600135696,-45.5
AA03,921.125,1641969622758426,3.0372819600135696,-46.0
AA03,921.125,1641969622766749,3.0250101137104846,-45.5
AA03,921.125,1641969622774619,3.0372819600135696,-45.5
AA03,921.125,1641969622785391,3.043417883165112,-46.0
AA03,921.125,1641969622794621,3.0250101137104846,-45.5
AA03,921.125,1641969622801397,3.0250101137104846,-45.5
AA03,921.125,1641969622810799,3.031146036862027,-46.0
AA03,921.125,1641969622822031,3.0250101137104846,-45.5
AA03,921.125,1641969622828333,3.0372819600135696,-46.0
AA03,921.125,1641969622836200,3.0250101137104846,-46.0
AA03,921.125,1641969622844900,3.0250101137104846,-45.5
AA03,921.125,1641969622855738,3.018874190558942,-46.0
AA03,921.125,1641969622866875,3.0372819600135696,-45.5
AA03,921.125,1641969622877528,3.018874190558942,-45.5
AA03,921.125,1641969622887397,3.0372819600135696,-45.5
AA03,921.125,1641969622896279,3.0250101137104846,-45.5
AA03,921.125,1641969622905936,3.031146036862027,-45.5
AA03,921.125,1641969622914034,3.0250101137104846,-45.5
AA03,921.125,1641969622920817,3.0372819600135696,-46.0
AA03,921.125,1641969622933086,3.043417883165112,-45.5
AA03,921.125,1641969622942053,3.0250101137104846,-46.0
AA03,921.125,1641969622950234,3.031146036862027,-46.0
AA03,921.125,1641969622960732,3.018874190558942,-45.5
AA03,921.125,1641969622968607,3.0372819600135696,-45.5
AA03,921.125,1641969622975413,3.0127382674073995,-45.5
AA03,921.125,1641969622987644,3.031146036862027,-45.5
AA03,921.125,1641969622995567,3.031146036862027,-46.0
AA03,921.125,1641969623004907,3.018874190558942,-45.5
AA03,921.125,1641969623015217,3.043417883165112,-46.0
AA03,921.125,1641969623021517,3.0250101137104846,-46.0
AA03,921.125,1641969623031873,3.018874190558942,-45.5
AA03,921.125,1641969623040440,3.031146036862027,-46.0
AA03,921.125,1641969623048565,3.0250101137104846,-45.5
AA03,921.125,1641969623059363,3.0495538063166547,-45.5
AA03,921.125,1641969623069740,3.0250101137104846,-45.5
AA03,921.125,1641969623076986,3.0250101137104846,-46.0
AA03,921.125,1641969623087048,3.0372819600135696,-46.0
AA03,921.125,1641969623096647,3.018874190558942,-46.0
AA03,921.125,1641969623101135,3.018874190558942,-45.5
AA03,921.125,1641969623113593,3.0250101137104846,-45.5
AA03,921.125,1641969623121411,3.018874190558942,-45.5
AA03,921.125,1641969623131796,3.0372819600135696,-45.5
AA03,921.125,1641969623139289,3.0127382674073995,-46.0
AA03,921.125,1641969623150181,3.0372819600135696,-45.5
AA03,921.125,1641969623157400,3.0250101137104846,-45.5
AA03,921.125,1641969623166603,3.0066023442558567,-45.5
AA03,921.125,1641969623174543,3.031146036862027,-45.5
AA03,921.125,1641969623184206,3.0372819600135696,-45.5
AA03,921.125,1641969623193756,3.0250101137104846,-45.5
AA03,921.125,1641969623199819,3.0372819600135696,-45.5
AA03,921.125,1641969623211821,3.0372819600135696,-45.5
AA03,921.125,1641969623220739,3.0372819600135696,-45.5
AA03,921.125,1641969623229959,3.0372819600135696,-46.0
AA03,921.125,1641969623240654,3.031146036862027,-45.5
AA03,921.125,1641969623249577,3.031146036862027,-46.0
AA03,921.125,1641969623254381,3.0250101137104846,-45.5
AA03,921.125,1641969623266191,3.0250101137104846,-45.5
AA03,921.125,1641969623275749,3.0127382674073995,-46.0
AA03,921.125,1641969623284317,3.031146036862027,-45.5
AA03,921.125,1641969623293950,3.031146036862027,-45.5
AA03,921.125,1641969623303460,3.0372819600135696,-46.0
AA03,921.125,1641969623312249,3.0250101137104846,-46.0
AA03,921.125,1641969623321638,3.031146036862027,-46.0
AA03,921.125,1641969623330605,3.0250101137104846,-45.5
AA03,921.125,1641969623339767,3.0372819600135696,-45.5
AA03,921.125,1641969623345671,3.0372819600135696,-45.5
AA03,921.125,1641969623358839,3.0250101137104846,-45.5
AA03,921.125,1641969623364674,3.043417883165112,-46.0
AA03,921.125,1641969623375152,3.031146036862027,-46.0
AA03,921.125,1641969623381474,3.031146036862027,-45.5
AA03,921.125,1641969623394176,3.031146036862027,-45.5
AA03,921.125,1641969623400540,3.0250101137104846,-46.0
AA03,921.125,1641969623411036,3.031146036862027,-45.5
AA03,921.125,1641969623420537,3.043417883165112,-45.5
AA03,921.125,1641969623430138,3.0250101137104846,-46.0
AA03,921.125,1641969623439621,3.0250101137104846,-45.5
AA03,921.125,1641969623446375,3.031146036862027,-45.5
AA03,921.125,1641969623457828,3.0372819600135696,-45.5
AA03,921.125,1641969623465710,3.0372819600135696,-45.5
AA03,921.125,1641969623475569,3.018874190558942,-46.0
AA03,921.125,1641969623481957,3.0250101137104846,-45.5
AA03,921.125,1641969623491796,3.018874190558942,-45.5
AA03,921.125,1641969623500245,3.0250101137104846,-46.0
AA03,921.125,1641969623510533,2.9943304979527716,-45.5
AA03,921.125,1641969623521402,3.043417883165112,-46.0
AA03,921.125,1641969623530027,3.141592653589793,-45.5
AA03,921.125,1641969623538319,3.0372819600135696,-46.0
AA03,921.125,1641969623547879,3.0372819600135696,-46.0
AA03,921.125,1641969623553891,3.018874190558942,-46.0
AA03,921.125,1641969623563120,3.043417883165112,-46.0
AA03,921.125,1641969623574499,3.0372819600135696,-45.5
AA03,921.125,1641969623584188,3.0372819600135696,-46.0
AA03,921.125,1641969623591219,3.0250101137104846,-45.5
AA03,921.125,1641969623601266,3.0250101137104846,-45.5
AA03,921.125,1641969623610431,3.018874190558942,-46.0
AA03,921.125,1641969623619121,3.0066023442558567,-46.0
AA03,921.125,1641969623625109,3.031146036862027,-45.5
AA03,921.125,1641969623638556,3.031146036862027,-45.5
AA03,921.125,1641969623645032,3.0250101137104846,-45.5
AA03,921.125,1641969623655461,3.0372819600135696,-45.5
AA03,921.625,1641969623670469,3.215223731408304,-46.0
AA03,921.625,1641969623680963,3.2397674240144743,-46.0
AA03,921.625,1641969623686505,3.2336315008629315,-46.0
AA03,921.625,1641969623695333,3.2090878082567613,-46.0
AA03,921.625,1641969623704386,3.2090878082567613,-46.0
AA03,921.625,1641969623714653,3.2336315008629315,-46.0
AA03,921.625,1641969623722475,3.1968159619536762,-46.0
AA03,921.625,1641969623734951,3.2213596545598464,-46.0
AA03,921.625,1641969623744553,3.2029518851052186,-46.5
AA03,921.625,1641969623749838,3.2213596545598464,-46.0
AA03,921.625,1641969623761333,3.1968159619536762,-45.5
AA03,921.625,1641969623770216,3.2029518851052186,-46.0
AA03,921.625,1641969623782056,3.2029518851052186,-46.0
AA03,921.625,1641969623787837,3.2029518851052186,-46.0
AA03,921.625,1641969623798186,3.2213596545598464,-46.0
AA03,921.625,1641969623806192,3.2090878082567613,-46.0
AA03,921.625,1641969623814138,3.215223731408304,-46.0
AA03,921.625,1641969623826157,3.2029518851052186,-46.0
AA03,921.625,1641969623835558,3.227495577711389,-46.0
AA03,921.625,1641969623843733,3.2090878082567613,-46.0
AA03,921.625,1641969623854784,3.2090878082567613,-46.0
AA03,921.625,1641969623860816,3.215223731408304,-46.0
AA03,921.625,1641969623871642,3.2029518851052186,-46.0
AA03,921.625,1641969623878575,3.2213596545598464,-46.0
AA03,921.625,1641969623886403,3.1906800388021335,-46.0
AA03,921.625,1641969623896632,3.227495577711389,-46.0
AA03,921.625,1641969623904694,3.2213596545598464,-46.0
AA03,921.625,1641969623912904,3.2090878082567613,-46.0
AA03,921.625,1641969623922340,3.2090878082567613,-46.0
AA03,921.625,1641969623934543,3.215223731408304,-46.0
AA03,921.625,1641969623942781,3.2029518851052186,-46.0
AA03,921.625,1641969623952081,3.2213596545598464,-46.0
AA03,921.625,1641969623960186,3.2213596545598464,-45.5
AA03,921.625,1641969623970802,3.215223731408304,-46.0
AA03,921.625,1641969623980823,3.2581751934691017,-45.5
AA03,921.625,1641969623985943,3.2090878082567613,-46.0
AA03,921.625,1641969623996458,3.1906800388021335,-46.0
AA03,921.625,1641969624004644,3.2090878082567613,-46.0
AA03,921.625,1641969624015495,3.2336315008629315,-46.0
AA03,921.625,1641969624024440,3.227495577711389,-45.5
AA03,921.625,1641969624034014,3.1968159619536762,-45.5
AA03,921.625,1641969624043919,3.2090878082567613,-45.5
AA03,921.625,1641969624052071,3.1968159619536762,-46.0
AA03,921.625,1641969624060887,3.215223731408304,-46.0
AA03,921.625,1641969624070214,3.2090878082567613,-46.0
AA03,921.625,1641969624079069,3.2029518851052186,-46.0
AA03,921.625,1641969624087332,3.215223731408304,-45.5
AA03,921.625,1641969624097894,3.1968159619536762,-46.0
AA03,921.625,1641969624105724,3.215223731408304,-46.0
AA03,921.625,1641969624114672,3.2336315008629315,-46.0
AA03,921.625,1641969624123646,3.1968159619536762,-46.0
AA03,921.625,1641969624130545,3.2213596545598464,-46.0
AA03,921.625,1641969624142500,3.215223731408304,-46.0
AA03,921.625,1641969624149554,3.2336315008629315,-45.5
AA03,921.625,1641969624156671,3.2336315008629315,-46.0
AA03,921.625,1641969624169127,3.215223731408304,-46.0
AA03,921.625,1641969624177664,3.2213596545598464,-46.0
AA03,921.625,1641969624188202,3.2090878082567613,-46.0
AA03,921.625,1641969624197358,3.227495577711389,-46.0
AA03,921.625,1641969624202547,3.2213596545598464,-46.0
AA03,921.625,1641969624211927,3.2397674240144743,-46.0
AA03,921.625,1641969624222835,3.227495577711389,-46.0
AA03,921.625,1641969624229434,3.2029518851052186,-46.0
AA03,921.625,1641969624239789,3.2090878082567613,-46.0
AA03,921.625,1641969624248732,3.215223731408304,-46.0
AA03,921.625,1641969624259277,3.227495577711389,-46.0
AA03,921.625,1641969624265837,3.2090878082567613,-46.0
AA03,921.625,1641969624274524,3.227495577711389,-45.5
AA03,921.625,1641969624286354,3.2029518851052186,-46.0
AA03,921.625,1641969624295388,3.1968159619536762,-46.0
AA03,921.625,1641969624302727,3.215223731408304,-45.5
AA03,921.625,1641969624314744,3.1968159619536762,-46.0
AA03,921.625,1641969624322199,3.215223731408304,-46.0
AA03,921.625,1641969624332390,3.2029518851052186,-46.0
AA03,921.625,1641969624339004,3.2090878082567613,-46.0
AA03,921.625,1641969624346656,3.2090878082567613,-46.0
AA03,921.625,1641969624354630,3.2213596545598464,-46.0
AA03,921.625,1641969624366764,3.215223731408304,-45.5
AA03,921.625,1641969624373031,3.2336315008629315,-45.5
AA03,921.625,1641969624383336,3.2029518851052186,-46.0
AA03,921.625,1641969624393100,3.1906800388021335,-46.0
AA03,921.625,1641969624400483,3.2213596545598464,-45.5
AA03,921.625,1641969624408282,3.1968159619536762,-46.0
AA03,921.625,1641969624419016,3.1968159619536762,-46.0
AA03,921.625,1641969624429345,3.2029518851052186,-46.0
AA03,921.625,1641969624438562,3.2213596545598464,-46.0
AA03,921.625,1641969624446216,3.2029518851052186,-45.5
AA03,921.625,1641969624456559,3.2090878082567613,-45.5
AA03,921.625,1641969624464444,3.1968159619536762,-46.0
AA03,921.625,1641969624474298,3.2397674240144743,-46.0
AA03,921.625,1641969624482651,3.215223731408304,-46.0
AA03,921.625,1641969624489152,3.2090878082567613,-46.0
AA03,921.625,1641969624500528,3.227495577711389,-46.0
AA03,921.625,1641969624509499,3.2213596545598464,-46.0
AA03,921.625,1641969624519880,3.2029518851052186,-46.0
AA03,921.625,1641969624529124,3.227495577711389,-46.0
AA03,921.625,1641969624538545,3.2090878082567613,-46.0
AA03,921.625,1641969624545733,3.2090878082567613,-45.5
AA03,921.625,1641969624555709,3.215223731408304,-46.0
AA03,921.625,1641969624565591,3.215223731408304,-46.0
AA03,921.625,1641969624573894,3.2090878082567613,-46.0
AA03,921.625,1641969624584527,3.215223731408304,-46.0
AA03,921.625,1641969624590368,3.2213596545598464,-46.0
AA03,921.625,1641969624600461,3.227495577711389,-46.0
AA03,921.625,1641969624607196,3.1968159619536762,-46.0
AA03,921.625,1641969624618587,3.2336315008629315,-46.0
AA03,921.625,1641969624628624,3.2029518851052186,-46.0
AA03,921.625,1641969624637394,3.2213596545598464,-45.5
AA03,921.625,1641969624646575,3.2213596545598464,-46.0
AA03,921.625,1641969624652990,3.2090878082567613,-46.0
AA03,921.625,1641969624662283,3.215223731408304,-46.0
AA03,921.625,1641969624670690,3.215223731408304,-46.0
