B034,921.625,1642426821743526,4.632621979414637,-49.0
B034,921.625,1642426821751598,4.651029748869264,-49.0
B034,921.625,1642426821761063,4.6878452877785195,-49.0
B034,921.625,1642426821770889,4.663301595172349,-49.0
B034,921.625,1642426821779364,4.6878452877785195,-49.0
B034,921.625,1642426821787439,4.6878452877785195,-49.0
B034,921.625,1642426821799345,4.693981210930062,-49.0
B034,921.625,1642426821808552,4.663301595172349,-49.0
B034,921.625,1642426821816558,4.669437518323892,-49.0
B034,921.625,1642426821822460,4.657165672020806,-49.0
B034,921.625,1642426821833786,4.6448938257177215,-49.0
B034,921.625,1642426821840052,4.6448938257177215,-49.0
B034,921.625,1642426821849704,4.657165672020806,-49.0
B034,921.625,1642426821862280,4.651029748869264,-49.0
B034,921.625,1642426821869283,4.663301595172349,-49.0
B034,921.625,1642426821876885,4.6448938257177215,-49.0
B034,921.625,1642426821887920,4.651029748869264,-49.0
B034,921.625,1642426821894998,4.657165672020806,-49.0
B034,921.625,1642426821907302,4.681709364626977,-49.0
B034,921.625,1642426821912395,4.669437518323892,-49.0
B034,921.625,1642426821925204,4.663301595172349,-49.0
B034,921.625,1642426821930312,4.6448938257177215,-49.0
B034,921.625,1642426821942275,4.657165672020806,-49.0
B034,921.625,1642426821950601,4.663301595172349,-49.0
B034,921.625,1642426821959341,4.675573441475434,-49.0
B034,921.625,1642426821967855,4.657165672020806,-49.0
B034,921.625,1642426821980170,4.675573441475434,-49.5
B034,921.625,1642426821984484,4.663301595172349,-49.0
B034,921.625,1642426821997743,4.669437518323892,-49.5
B034,921.625,1642426822002726,4.657165672020806,-49.0
B034,921.625,1642426822013536,4.638757902566179,-49.5
B034,921.625,1642426822022496,4.657165672020806,-49.0
B034,921.625,1642426822033662,4.669437518323892,-49.0
B034,921.625,1642426822040664,4.669437518323892,-49.5
B034,921.625,1642426822050692,4.657165672020806,-49.0
B034,921.625,1642426822056679,4.681709364626977,-49.0
B034,921.625,1642426822066626,4.657165672020806,-49.0
B034,921.625,1642426822078330,4.657165672020806,-49.5
B034,921.625,1642426822088105,4.669437518323892,-49.0
B034,921.625,1642426822093062,4.651029748869264,-49.0
B034,921.625,1642426822103838,4.663301595172349,-49.0
B034,921.625,1642426822112490,4.657165672020806,-49.0
B034,921.625,1642426822123726,4.651029748869264,-49.0
B034,921.625,1642426822131039,4.651029748869264,-49.0
B034,921.625,1642426822141093,4.669437518323892,-49.0
B034,921.625,1642426822150512,4.6448938257177215,-49.0
B034,921.625,1642426822160348,4.663301595172349,-49.0
B034,921.625,1642426822168495,4.663301595172349,-49.0
B034,921.625,1642426822178264,4.663301595172349,-49.0
B034,921.625,1642426822184193,4.663301595172349,-49.0
B034,921.625,1642426822192944,4.651029748869264,-49.0
B034,921.625,1642426822205623,4.651029748869264,-49.5
B034,921.625,1642426822213764,4.663301595172349,-49.0
B034,921.625,1642426822221069,4.657165672020806,-49.5
B034,921.625,1642426822228939,4.657165672020806,-49.0
B034,921.625,1642426822240019,4.675573441475434,-49.0
B034,921.625,1642426822247940,4.632621979414637,-49.0
B034,921.625,1642426822256020,4.651029748869264,-49.0
B034,921.625,1642426822265642,4.663301595172349,-49.0
B034,921.625,1642426822277569,4.6448938257177215,-49.0
B034,921.625,1642426822284592,4.663301595172349,-49.0
B034,921.625,1642426822293046,4.669437518323892,-49.5
B034,921.625,1642426822303859,4.6878452877785195,-49.0
B034,921.625,1642426822314591,4.6448938257177215,-49.0
B034,921.625,1642426822323650,4.6878452877785195,-49.0
B034,921.625,1642426822330788,4.632621979414637,-49.0
B034,921.625,1642426822340696,4.638757902566179,-49.0
B034,921.625,1642426822351097,4.6448938257177215,-49.0
B034,921.625,1642426822357848,4.651029748869264,-49.5
B034,921.625,1642426822367509,4.657165672020806,-49.0
B034,921.625,1642426822378642,4.663301595172349,-49.0
B034,921.625,1642426822383849,4.651029748869264,-49.0
B034,921.625,1642426822394900,4.681709364626977,-49.0
B034,921.625,1642426822401775,4.651029748869264,-49.0
B034,921.625,1642426822414601,4.657165672020806,-49.0
B034,921.625,1642426822423652,4.657165672020806,-49.0
B034,921.625,1642426822432363,4.663301595172349,-49.0
B034,921.625,1642426822440198,4.6448938257177215,-49.0
B034,921.625,1642426822453544,4.651029748869264,-49.0
B034,921.625,1642426822463280,4.657165672020806,-49.0
B034,921.625,1642426822473017,4.681709364626977,-49.0
B034,921.625,1642426822479748,4.743068596142402,-47.5
B034,921.625,1642426822489011,4.700117134081605,-48.0
B034,921.625,1642426822497282,4.657165672020806,-49.0
B034,921.625,1642426822507007,4.663301595172349,-49.5
B034,921.625,1642426822518143,4.651029748869264,-49.0
B034,921.625,1642426822525761,4.651029748869264,-49.5
B034,921.625,1642426822532708,4.657165672020806,-49.0
B034,921.625,1642426822543699,4.669437518323892,-49.5
B034,921.625,1642426822551562,4.669437518323892,-49.0
B034,921.625,1642426822563836,4.632621979414637,-49.0
B034,921.625,1642426822571650,4.669437518323892,-49.0
B034,921.625,1642426822580840,4.6448938257177215,-49.0
B034,921.625,1642426822588923,4.663301595172349,-49.0
B034,921.625,1642426822598054,4.675573441475434,-49.5
B034,921.625,1642426822609195,4.657165672020806,-49.0
B034,921.625,1642426822614032,4.651029748869264,-49.0
B034,921.625,1642426822625491,4.632621979414637,-49.0
B034,921.625,1642426822635906,4.651029748869264,-49.0
B034,921.625,1642426822643408,4.663301595172349,-49.0
B034,921.625,1642426822651365,4.657165672020806,-49.0
B034,921.625,1642426822658957,4.669437518323892,-49.0
B034,921.625,1642426822673309,4.657165672020806,-49.5
B034,921.625,1642426822677879,4.657165672020806,-49.0
B034,921.625,1642426822690442,4.657165672020806,-49.0
B034,921.625,1642426822698540,4.651029748869264,-49.0
B034,921.625,1642426822708048,4.657165672020806,-49.0
B034,921.625,1642426822715649,4.6448938257177215,-49.0
B034,921.625,1642426822727056,4.669437518323892,-49.0
B034,921.625,1642426822736635,4.657165672020806,-49.0
B034,921.625,1642426822744839,4.657165672020806,-49.0
B034,921.625,1642426822750974,4.700117134081605,-49.0
B034,921.625,1642426822761374,4.657165672020806,-49.0
B034,921.625,1642426822770304,4.601942363656923,-49.0
B034,921.625,1642426822779889,4.651029748869264,-49.0
B034,921.625,1642426822789119,4.669437518323892,-49.0
B034,921.625,1642426822797871,4.620350133111551,-49.0
B034,921.625,1642426822808785,4.6878452877785195,-49.0
B034,921.625,1642426822815814,4.71238898038469,-49.0
B034,921.625,1642426822824733,4.6448938257177215,-49.0
B034,921.625,1642426822834988,4.675573441475434,-49.0
B034,921.625,1642426822842456,4.638757902566179,-49.0
B034,921.625,1642426822852119,4.651029748869264,-49.0
B034,920.625,1642426822868569,4.319689898685965,-48.5
B034,920.625,1642426822875698,4.325825821837508,-48.5
B034,920.625,1642426822887538,4.319689898685965,-48.5
B034,920.625,1642426822894141,4.319689898685965,-48.5
B034,920.625,1642426822905890,4.331961744989051,-48.5
B034,920.625,1642426822911538,4.325825821837508,-48.5
B034,920.625,1642426822924498,4.319689898685965,-48.5
B034,920.625,1642426822933518,4.331961744989051,-48.5
B034,920.625,1642426822939363,4.338097668140593,-48.5
B034,920.625,1642426822951099,4.325825821837508,-48.5
B034,920.625,1642426822959867,4.331961744989051,-48.5
B034,920.625,1642426822970240,4.3074180523828804,-48.5
B034,920.625,1642426822982482,4.3074180523828804,-48.5
B034,920.625,1642426822997160,4.3503695144436785,-48.5
B034,920.625,1642426823005253,4.319689898685965,-48.5
B034,920.625,1642426823011254,4.319689898685965,-48.5
B034,920.625,1642426823022592,4.338097668140593,-48.5
B034,920.625,1642426823029580,4.325825821837508,-48.5
B034,920.625,1642426823045941,4.338097668140593,-48.5
B034,920.625,1642426823054603,4.319689898685965,-48.5
B034,920.625,1642426823064121,4.325825821837508,-48.5
B034,920.625,1642426823073436,4.325825821837508,-48.5
B034,920.625,1642426823079382,4.344233591292136,-48.5
B034,920.625,1642426823090265,4.325825821837508,-48.5
B034,920.625,1642426823099966,4.331961744989051,-48.5
B034,920.625,1642426823106912,4.319689898685965,-48.5
B034,920.625,1642426823115944,4.313553975534423,-48.5
B034,920.625,1642426823128048,4.344233591292136,-48.5
B034,920.625,1642426823140131,4.331961744989051,-48.5
B034,920.625,1642426823147148,4.331961744989051,-48.5
B034,920.625,1642426823159868,4.325825821837508,-48.5
B034,920.625,1642426823167620,4.319689898685965,-48.5
B034,920.625,1642426823177741,4.295146206079796,-48.5
B034,920.625,1642426823186137,4.325825821837508,-48.5
B034,920.625,1642426823192638,4.331961744989051,-48.5
B034,920.625,1642426823202611,4.325825821837508,-48.5
B034,920.625,1642426823211578,4.325825821837508,-48.5
B034,920.625,1642426823223465,4.313553975534423,-48.5
B034,920.625,1642426823232246,4.338097668140593,-48.5
B034,920.625,1642426823240119,4.325825821837508,-48.5
B034,920.625,1642426823249569,4.325825821837508,-48.5
B034,920.625,1642426823258271,4.325825821837508,-48.5
B034,920.625,1642426823267820,4.325825821837508,-48.5
B034,920.625,1642426823278925,4.325825821837508,-48.5
B034,920.625,1642426823285040,4.325825821837508,-48.5
B034,920.625,1642426823296247,4.325825821837508,-48.5
B034,920.625,1642426823301907,4.325825821837508,-48.5
B034,920.625,1642426823311110,4.331961744989051,-48.5
B034,920.625,1642426823321837,4.319689898685965,-48.5
B034,920.625,1642426823331053,4.344233591292136,-48.5
B034,920.625,1642426823340043,4.319689898685965,-48.5
B034,920.625,1642426823347925,4.331961744989051,-48.5
B034,920.625,1642426823358182,4.325825821837508,-48.5
B034,920.625,1642426823366911,4.325825821837508,-48.5
B034,920.625,1642426823373192,4.325825821837508,-48.5
B034,920.625,1642426823383800,4.331961744989051,-48.5
B034,920.625,1642426823392987,4.325825821837508,-48.5
B034,920.625,1642426823399666,4.319689898685965,-48.5
B034,920.625,1642426823412838,4.344233591292136,-48.5
B034,920.625,1642426823421451,4.319689898685965,-48.5
B034,920.625,1642426823430957,4.325825821837508,-48.5
B034,920.625,1642426823440444,4.325825821837508,-48.5
B034,920.625,1642426823445145,4.338097668140593,-48.5
B034,920.625,1642426823455697,4.3074180523828804,-48.5
B034,920.625,1642426823463841,4.313553975534423,-48.5
B034,920.625,1642426823475433,4.319689898685965,-48.5
B034,920.625,1642426823484980,4.313553975534423,-48.5
B034,920.625,1642426823494265,4.331961744989051,-48.5
B034,920.625,1642426823502020,4.313553975534423,-48.5
B034,920.625,1642426823509418,4.313553975534423,-48.5
B034,920.625,1642426823521644,4.313553975534423,-48.5
B034,920.625,1642426823530591,4.319689898685965,-48.5
B034,920.625,1642426823538324,4.325825821837508,-48.0
B034,920.625,1642426823544737,4.331961744989051,-48.5
B034,920.625,1642426823557890,4.313553975534423,-48.5
B034,920.625,1642426823564926,4.325825821837508,-48.5
B034,920.625,1642426823574152,4.313553975534423,-48.5
B034,920.625,1642426823585653,4.325825821837508,-48.5
B034,920.625,1642426823594220,4.325825821837508,-48.5
B034,920.625,1642426823602687,4.338097668140593,-48.5
B034,920.625,1642426823613089,4.331961744989051,-48.5
B034,920.625,1642426823621449,4.325825821837508,-48.5
B034,920.625,1642426823629288,4.325825821837508,-48.5
B034,920.625,1642426823638433,4.338097668140593,-48.5
B034,920.625,1642426823648195,4.344233591292136,-48.5
B034,920.625,1642426823656816,4.325825821837508,-48.5
B034,920.625,1642426823664540,4.331961744989051,-48.5
B034,920.625,1642426823676356,4.325825821837508,-48.5
B034,920.625,1642426823683411,4.325825821837508,-48.5
B034,920.625,1642426823691208,4.338097668140593,-48.5
B034,920.625,1642426823698910,4.338097668140593,-48.5
B034,920.625,1642426823708041,4.325825821837508,-48.5
B034,920.625,1642426823720175,4.338097668140593,-48.5
B034,920.625,1642426823726094,4.325825821837508,-48.5
B034,920.625,1642426823738895,4.331961744989051,-48.5
B034,920.625,1642426823747572,4.325825821837508,-48.5
B034,920.625,1642426823755942,4.313553975534423,-48.5
B034,920.625,1642426823765060,4.319689898685965,-48.5
B034,920.625,1642426823774035,4.338097668140593,-48.5
B034,920.625,1642426823783514,4.325825821837508,-48.5
B034,920.625,1642426823793513,4.331961744989051,-48.5
B034,920.625,1642426823798537,4.338097668140593,-48.5
B034,920.625,1642426823809816,4.319689898685965,-48.5
B034,920.625,1642426823817746,4.331961744989051,-48.5
B034,920.625,1642426823827659,4.325825821837508,-48.5
B034,920.625,1642426823837228,4.319689898685965,-48.5
B034,920.625,1642426823844382,4.319689898685965,-48.5
B034,920.625,1642426823854343,4.319689898685965,-48.5
B034,920.625,1642426823865129,4.331961744989051,-48.5
B034,920.625,1642426823874330,4.344233591292136,-48.0
B034,920.625,1642426823882182,4.325825821837508,-48.5
B034,920.625,1642426823891143,4.313553975534423,-48.5
B034,920.625,1642426823899304,4.338097668140593,-48.0
B034,920.625,1642426823908251,4.319689898685965,-48.0
B034,920.625,1642426823919861,4.331961744989051,-48.5
B034,920.625,1642426823927527,4.325825821837508,-48.0
B034,920.625,1642426823935876,4.325825821837508,-48.5
B034,920.625,1642426823942787,4.344233591292136,-48.5
B034,920.625,1642426823955933,4.331961744989051,-48.5
B034,920.625,1642426823965154,4.344233591292136,-48.5
B034,920.625,1642426823973003,4.331961744989051,-48.5
B034,920.625,1642426823981965,4.325825821837508,-48.5
B034,920.625,1642426823990942,4.331961744989051,-48.5
B034,920.625,1642426824000435,4.313553975534423,-48.0
B034,920.625,1642426824009746,4.325825821837508,-48.5
B034,920.625,1642426824017056,4.331961744989051,-48.5
B034,920.625,1642426824027175,4.325825821837508,-48.5
B034,920.625,1642426824037546,4.325825821837508,-48.5
B034,920.625,1642426824045858,4.313553975534423,-48.5
B034,920.625,1642426824054081,4.331961744989051,-48.5
B034,920.625,1642426824063533,4.325825821837508,-48.5
B034,920.625,1642426824071006,4.319689898685965,-48.5
B034,920.625,1642426824082649,4.313553975534423,-48.5
B034,920.625,1642426824091020,4.325825821837508,-48.5
B034,920.625,1642426824100798,4.325825821837508,-48.5
B034,920.625,1642426824109974,4.319689898685965,-48.5
B034,920.625,1642426824115832,4.319689898685965,-48.5
B034,920.625,1642426824127258,4.325825821837508,-48.5
B034,920.625,1642426824137631,4.319689898685965,-48.5
B034,920.625,1642426824144678,4.331961744989051,-48.5
B034,920.625,1642426824151052,4.338097668140593,-48.5
B034,920.625,1642426824160737,4.319689898685965,-48.5
B034,920.625,1642426824170287,4.331961744989051,-48.5
B034,920.625,1642426824181886,4.331961744989051,-48.5
B034,920.625,1642426824188866,4.331961744989051,-48.5
B034,920.625,1642426824198634,4.313553975534423,-48.5
B034,920.625,1642426824207347,4.319689898685965,-48.5
B034,920.625,1642426824217056,4.331961744989051,-48.5
B034,920.625,1642426824225525,4.319689898685965,-48.5
B034,920.625,1642426824233507,4.325825821837508,-48.5
B034,920.625,1642426824242703,4.319689898685965,-48.5
B034,920.625,1642426824251433,4.338097668140593,-48.5
B034,920.625,1642426824260412,4.325825821837508,-48.5
B034,920.625,1642426824272462,4.344233591292136,-48.5
B034,920.625,1642426824279926,4.313553975534423,-48.5
B034,920.625,1642426824289749,4.313553975534423,-48.5
B034,920.625,1642426824297829,4.313553975534423,-48.5
B034,920.625,1642426824306775,4.319689898685965,-48.0
B034,920.625,1642426824315303,4.3074180523828804,-48.5
B034,920.625,1642426824322944,4.325825821837508,-48.5
B034,920.625,1642426824332367,4.319689898685965,-48.5
B034,920.625,1642426824339572,4.319689898685965,-48.5
B034,920.625,1642426824349053,4.319689898685965,-48.5
B034,920.625,1642426824360569,4.325825821837508,-48.5
B034,920.625,1642426824368610,4.325825821837508,-48.5
B034,920.625,1642426824376781,4.313553975534423,-48.5
B034,920.625,1642426824384607,4.331961744989051,-48.5
B034,920.625,1642426824393322,4.325825821837508,-48.5
B034,920.625,1642426824405651,4.338097668140593,-48.5
B034,920.625,1642426824411980,4.331961744989051,-48.0
B034,920.625,1642426824423592,4.331961744989051,-48.0
B034,920.625,1642426824431639,4.319689898685965,-48.5
B034,920.625,1642426824439868,4.325825821837508,-48.5
B034,920.625,1642426824450656,4.331961744989051,-48.5
B034,920.625,1642426824456964,4.325825821837508,-48.5
B034,920.625,1642426824466171,4.301282129231338,-48.5
B034,920.625,1642426824478199,4.325825821837508,-48.5
B034,920.625,1642426824487219,4.325825821837508,-48.5
B034,920.625,1642426824496607,4.325825821837508,-48.5
B034,920.625,1642426824505247,4.325825821837508,-48.0
B034,920.625,1642426824511512,4.325825821837508,-48.5
B034,920.625,1642426824520746,4.331961744989051,-48.5
B034,920.625,1642426824532046,4.325825821837508,-48.5
B034,920.625,1642426824539219,4.319689898685965,-48.5
B034,920.625,1642426824550893,4.319689898685965,-48.5
B034,920.625,1642426824556097,4.325825821837508,-48.0
B034,920.625,1642426824568173,4.325825821837508,-48.0
B034,920.625,1642426824575845,4.338097668140593,-48.5
B034,920.625,1642426824583368,4.331961744989051,-48.5
B034,920.625,1642426824593183,4.319689898685965,-48.5
B034,920.625,1642426824603711,4.325825821837508,-48.5
B034,920.625,1642426824613589,4.325825821837508,-48.5
B034,920.625,1642426824622183,4.325825821837508,-48.5
B034,920.625,1642426824632032,4.325825821837508,-48.5
B034,920.625,1642426824641029,4.325825821837508,-48.5
B034,920.625,1642426824648001,4.338097668140593,-48.5
B034,920.625,1642426824657169,4.325825821837508,-48.5
B034,920.625,1642426824666813,4.338097668140593,-48.5
B034,920.625,1642426824674645,4.331961744989051,-48.5
B034,920.625,1642426824681792,4.319689898685965,-48.5
B034,920.625,1642426824693033,4.319689898685965,-48.5
B034,920.625,1642426824699743,4.325825821837508,-48.0
B034,920.625,1642426824710725,4.344233591292136,-48.5
B034,920.625,1642426824721038,4.338097668140593,-48.5
B034,920.625,1642426824731649,4.325825821837508,-48.5
B034,920.625,1642426824736048,4.344233591292136,-48.5
B034,920.625,1642426824746125,4.331961744989051,-48.0
B034,921.125,1642426824765773,4.485359823777615,-48.5
B034,921.125,1642426824773127,4.503767593232243,-48.5
B034,921.125,1642426824782745,4.491495746929157,-48.5
B034,921.125,1642426824792831,4.4976316700807,-48.5
B034,921.125,1642426824800072,4.503767593232243,-48.5
B034,921.125,1642426824806360,4.491495746929157,-48.5
B034,921.125,1642426824818174,4.485359823777615,-48.5
B034,921.125,1642426824823960,4.479223900626073,-49.0
B034,921.125,1642426824837045,4.4976316700807,-48.5
B034,921.125,1642426824842213,4.485359823777615,-48.5
B034,921.125,1642426824852276,4.491495746929157,-49.0
B034,921.125,1642426824864110,4.473087977474529,-48.5
B034,921.125,1642426824873083,4.491495746929157,-48.5
B034,921.125,1642426824882914,4.491495746929157,-48.5
B034,921.125,1642426824892134,4.485359823777615,-48.5
B034,921.125,1642426824900801,4.4976316700807,-48.5
B034,921.125,1642426824908913,4.491495746929157,-48.5
B034,921.125,1642426824918610,4.473087977474529,-48.5
B034,921.125,1642426824927382,4.491495746929157,-48.5
B034,921.125,1642426824937030,4.479223900626073,-48.5
B034,921.125,1642426824945168,4.479223900626073,-48.5
B034,921.125,1642426824954333,4.4976316700807,-48.5
B034,921.125,1642426824962820,4.491495746929157,-48.5
B034,921.125,1642426824970905,4.491495746929157,-48.5
B034,921.125,1642426824979944,4.4976316700807,-48.5
B034,921.125,1642426824989522,4.503767593232243,-49.0
B034,921.125,1642426824995806,4.4976316700807,-48.5
B034,921.125,1642426825009643,4.491495746929157,-48.5
B034,921.125,1642426825018021,4.485359823777615,-48.5
B034,921.125,1642426825027179,4.509903516383785,-48.5
B034,921.125,1642426825033568,4.491495746929157,-49.0
B034,921.125,1642426825044317,4.473087977474529,-48.5
B034,921.125,1642426825050364,4.4976316700807,-48.5
B034,921.125,1642426825063405,4.503767593232243,-48.5
B034,921.125,1642426825069925,4.4976316700807,-49.0
B034,921.125,1642426825081096,4.485359823777615,-49.0
B034,921.125,1642426825088116,4.485359823777615,-48.5
B034,921.125,1642426825097041,4.479223900626073,-48.5
B034,921.125,1642426825107580,4.485359823777615,-48.5
B034,921.125,1642426825117695,4.491495746929157,-48.5
B034,921.125,1642426825127530,4.485359823777615,-48.5
B034,921.125,1642426825135614,4.491495746929157,-48.5
B034,921.125,1642426825144210,4.491495746929157,-48.5
B034,921.125,1642426825149760,4.479223900626073,-48.5
B034,921.125,1642426825161462,4.479223900626073,-48.5
B034,921.125,1642426825168667,4.4976316700807,-48.5
B034,921.125,1642426825179865,4.503767593232243,-48.5
B034,921.125,1642426825187458,4.485359823777615,-48.5
B034,921.125,1642426825194416,4.491495746929157,-48.5
B034,921.125,1642426825205244,4.491495746929157,-48.5
B034,921.125,1642426825215031,4.485359823777615,-48.5
B034,921.125,1642426825221630,4.503767593232243,-48.5
B034,921.125,1642426825232411,4.485359823777615,-48.5
B034,921.125,1642426825240884,4.479223900626073,-48.5
B034,921.125,1642426825252564,4.4976316700807,-48.5
B034,921.125,1642426825259883,4.491495746929157,-48.5
B034,921.125,1642426825269499,4.509903516383785,-48.5
B034,921.125,1642426825279773,4.509903516383785,-48.5
B034,921.125,1642426825287076,4.491495746929157,-48.5
B034,921.125,1642426825296664,4.479223900626073,-48.5
B034,921.125,1642426825305878,4.491495746929157,-48.5
B034,921.125,1642426825313277,4.491495746929157,-48.5
B034,921.125,1642426825323235,4.491495746929157,-48.5
B034,921.125,1642426825332078,4.503767593232243,-48.5
B034,921.125,1642426825341858,4.485359823777615,-48.5
B034,921.125,1642426825351263,4.491495746929157,-48.5
B034,921.125,1642426825359399,4.491495746929157,-48.5
B034,921.125,1642426825370278,4.503767593232243,-48.5
B034,921.125,1642426825375832,4.503767593232243,-49.0
B034,921.125,1642426825387411,4.52217536268687,-48.5
B034,921.125,1642426825396996,4.479223900626073,-48.5
B034,921.125,1642426825404716,4.466952054322987,-49.0
B034,921.125,1642426825415410,4.479223900626073,-48.5
B034,921.125,1642426825422877,4.491495746929157,-48.5
B034,921.125,1642426825432484,4.466952054322987,-48.5
B034,921.125,1642426825441912,4.491495746929157,-48.5
B034,921.125,1642426825452170,4.485359823777615,-48.5
B034,921.125,1642426825460778,4.485359823777615,-48.5
B034,921.125,1642426825466465,4.491495746929157,-48.5
B034,921.125,1642426825477824,4.485359823777615,-48.5
B034,921.125,1642426825487376,4.485359823777615,-48.5
B034,921.125,1642426825494851,4.485359823777615,-49.0
B034,921.125,1642426825504409,4.509903516383785,-48.5
B034,921.125,1642426825512507,4.491495746929157,-48.5
B034,921.125,1642426825520631,4.491495746929157,-48.5
B034,921.125,1642426825531737,4.4976316700807,-48.5
B034,921.125,1642426825540465,4.473087977474529,-48.5
B034,921.125,1642426825551308,4.491495746929157,-48.5
B034,921.125,1642426825557026,4.485359823777615,-48.5
B034,921.125,1642426825565349,4.503767593232243,-48.5
B034,921.125,1642426825576498,4.503767593232243,-48.5
B034,921.125,1642426825587133,4.479223900626073,-48.5
B034,921.125,1642426825595568,4.4976316700807,-48.5
B034,921.125,1642426825604230,4.503767593232243,-48.5
B034,921.125,1642426825610391,4.4976316700807,-48.5
B034,921.125,1642426825623479,4.503767593232243,-48.5
B034,921.125,1642426825627593,4.509903516383785,-48.5
B034,921.125,1642426825637255,4.473087977474529,-48.5
B034,921.125,1642426825647082,4.491495746929157,-48.5
B034,921.125,1642426825657124,4.491495746929157,-48.5
B034,921.125,1642426825667619,4.479223900626073,-48.5
B034,921.125,1642426825674857,4.503767593232243,-49.0
B034,921.125,1642426825683730,4.491495746929157,-48.5
B034,921.125,1642426825694339,4.479223900626073,-49.0
B034,921.125,1642426825701804,4.4976316700807,-48.5
B034,921.125,1642426825709652,4.485359823777615,-48.5
B034,921.125,1642426825718170,4.491495746929157,-48.5
B034,921.125,1642426825728878,4.491495746929157,-48.5
B034,921.125,1642426825737157,4.479223900626073,-48.5
B034,921.125,1642426825747716,4.491495746929157,-48.5
B034,921.125,1642426825757560,4.4976316700807,-48.5
B034,921.125,1642426825767005,4.491495746929157,-48.5
B034,921.125,1642426825771742,4.485359823777615,-48.5
B034,921.125,1642426825784293,4.473087977474529,-48.5
B034,921.125,1642426825793224,4.479223900626073,-48.5
B034,921.125,1642426825800129,4.491495746929157,-48.5
B034,921.125,1642426825808233,4.491495746929157,-48.5
B034,921.125,1642426825816441,4.479223900626073,-48.5
B034,921.125,1642426825827707,4.479223900626073,-48.5
B034,921.125,1642426825835912,4.4976316700807,-48.5
B034,921.125,1642426825844314,4.485359823777615,-48.5
B034,921.125,1642426825853884,4.503767593232243,-48.5
B034,921.125,1642426825863543,4.479223900626073,-48.5
B034,921.125,1642426825874655,4.491495746929157,-48.5
B034,921.125,1642426825880369,4.485359823777615,-48.5
B034,921.125,1642426825891206,4.503767593232243,-48.5
B034,921.125,1642426825901553,4.4976316700807,-48.5
B034,921.125,1642426825909022,4.503767593232243,-48.5
B034,921.125,1642426825917008,4.491495746929157,-48.5
B034,921.125,1642426825925909,4.509903516383785,-48.5
B034,921.125,1642426825938209,4.491495746929157,-48.5
B034,921.125,1642426825945954,4.491495746929157,-49.0
B034,921.125,1642426825954716,4.491495746929157,-48.5
B034,921.125,1642426825965408,4.491495746929157,-48.5
B034,921.125,1642426825973327,4.4976316700807,-49.0
B034,921.125,1642426825981033,4.479223900626073,-48.5
B034,921.125,1642426825991115,4.491495746929157,-48.5
B034,921.125,1642426825996949,4.491495746929157,-48.5
B034,921.125,1642426826008559,4.509903516383785,-48.5
B034,921.125,1642426826018803,4.509903516383785,-48.5
B034,921.125,1642426826025116,4.503767593232243,-48.5
B034,921.125,1642426826036521,4.485359823777615,-48.5
B034,921.125,1642426826043339,4.4976316700807,-48.5
B034,921.125,1642426826054783,4.479223900626073,-48.5
B034,921.125,1642426826061568,4.503767593232243,-48.5
B034,921.125,1642426826072219,4.491495746929157,-48.5
B034,921.125,1642426826080933,4.509903516383785,-48.5
B034,921.125,1642426826090581,4.491495746929157,-49.0
B034,921.125,1642426826098496,4.503767593232243,-49.0
B034,921.125,1642426826104910,4.491495746929157,-49.0
B034,921.125,1642426826116215,4.485359823777615,-48.5
B034,921.125,1642426826127070,4.491495746929157,-48.5
B034,921.125,1642426826134600,4.491495746929157,-48.5
B034,921.125,1642426826144165,4.4976316700807,-48.5
B034,921.125,1642426826153094,4.4976316700807,-48.5
B034,921.125,1642426826160516,4.4976316700807,-48.5
B034,921.125,1642426826170486,4.485359823777615,-48.5
B034,921.125,1642426826182006,4.491495746929157,-49.0
B034,921.125,1642426826187657,4.503767593232243,-48.5
B034,921.125,1642426826199641,4.485359823777615,-48.5
B034,921.125,1642426826205825,4.473087977474529,-48.5
B034,921.125,1642426826215013,4.491495746929157,-48.5
B034,921.125,1642426826223993,4.4976316700807,-48.5
B034,921.125,1642426826234880,4.485359823777615,-48.5
B034,921.125,1642426826239909,4.485359823777615,-48.5
B034,921.125,1642426826252059,4.503767593232243,-48.5
B034,921.125,1642426826259484,4.485359823777615,-48.5
B034,921.125,1642426826270886,4.479223900626073,-48.5
B034,921.125,1642426826276503,4.485359823777615,-48.5
B034,921.125,1642426826285725,4.509903516383785,-48.5
B034,921.125,1642426826296038,4.485359823777615,-48.5
B034,921.125,1642426826306567,4.485359823777615,-48.5
B034,921.125,1642426826311881,4.4976316700807,-49.0
B034,921.125,1642426826324249,4.503767593232243,-48.5
B034,921.125,1642426826334068,4.485359823777615,-48.5
B034,921.125,1642426826342218,4.491495746929157,-48.5
B034,921.125,1642426826348757,4.52217536268687,-48.5
B034,921.125,1642426826360350,4.485359823777615,-48.5
B034,921.125,1642426826369936,4.485359823777615,-48.5
B034,921.125,1642426826378017,4.491495746929157,-48.5
B034,921.125,1642426826388609,4.4976316700807,-48.5
B034,921.125,1642426826394841,4.4976316700807,-48.5
B034,921.125,1642426826406278,4.503767593232243,-48.5
B034,921.125,1642426826415958,4.503767593232243,-48.5
B034,921.125,1642426826424331,4.4976316700807,-48.5
B034,921.125,1642426826431185,4.516039439535327,-48.5
B034,921.125,1642426826441981,4.491495746929157,-48.5
B034,921.125,1642426826450961,4.4976316700807,-48.5
B034,921.125,1642426826460171,4.479223900626073,-48.5
B034,921.125,1642426826470592,4.479223900626073,-48.5
B034,921.125,1642426826477379,4.4976316700807,-48.5
B034,921.125,1642426826488308,4.485359823777615,-48.5
B034,921.125,1642426826496059,4.491495746929157,-48.5
B034,921.125,1642426826502574,4.491495746929157,-48.5
B034,921.125,1642426826511592,4.4976316700807,-48.5
B034,921.125,1642426826519790,4.485359823777615,-48.5
B034,921.125,1642426826532765,4.4976316700807,-48.5
B034,921.125,1642426826541757,4.485359823777615,-48.5
B034,921.125,1642426826546718,4.485359823777615,-48.5
B034,921.125,1642426826555904,4.4976316700807,-48.5
B034,921.125,1642426826566968,4.491495746929157,-48.5
B034,921.125,1642426826576568,4.479223900626073,-48.5
B034,921.125,1642426826587097,4.4976316700807,-48.5
B034,921.125,1642426826593364,4.4976316700807,-48.5
B034,921.125,1642426826605607,4.491495746929157,-48.5
B034,921.125,1642426826610874,4.479223900626073,-49.0
B034,921.125,1642426826620463,4.491495746929157,-48.5
B034,921.125,1642426826631176,4.491495746929157,-48.5
B034,921.125,1642426826638372,4.528311285838413,-48.5
B034,921.125,1642426826648936,4.4976316700807,-48.5
B034,921.125,1642426826656206,4.479223900626073,-49.0
B034,921.625,1642426826673696,4.657165672020806,-49.0
B034,921.625,1642426826679286,4.632621979414637,-49.0
B034,921.625,1642426826691972,4.6448938257177215,-49.0
B034,921.625,1642426826700109,4.657165672020806,-49.0
B034,921.625,1642426826709294,4.669437518323892,-49.0
B034,921.625,1642426826715557,4.663301595172349,-49.0
B034,921.625,1642426826725659,4.663301595172349,-49.0
B034,921.625,1642426826735587,4.669437518323892,-49.0
B034,921.625,1642426826746503,4.669437518323892,-49.0
B034,921.625,1642426826754357,4.663301595172349,-49.0
B034,921.625,1642426826760371,4.663301595172349,-49.0
B034,921.625,1642426826772065,4.6448938257177215,-49.0
B034,921.625,1642426826782297,4.6448938257177215,-49.0
B034,921.625,1642426826789804,4.657165672020806,-49.0
B034,921.625,1642426826797831,4.651029748869264,-49.0
B034,921.625,1642426826808172,4.675573441475434,-49.0
B034,921.625,1642426826816781,4.669437518323892,-49.0
B034,921.625,1642426826826900,4.651029748869264,-49.0
B034,921.625,1642426826833406,4.651029748869264,-49.0
B034,921.625,1642426826842092,4.663301595172349,-49.0
B034,921.625,1642426826852558,4.669437518323892,-49.0
B034,921.625,1642426826859049,4.638757902566179,-49.0
B034,921.625,1642426826869572,4.657165672020806,-49.0
B034,921.625,1642426826881003,4.663301595172349,-49.5
B034,921.625,1642426826887755,4.663301595172349,-49.0
B034,921.625,1642426826897429,4.657165672020806,-49.0
B034,921.625,1642426826904315,4.657165672020806,-49.0
B034,921.625,1642426826915141,4.6448938257177215,-49.0
B034,921.625,1642426826923562,4.657165672020806,-49.0
B034,921.625,1642426826933036,4.6448938257177215,-49.0
B034,921.625,1642426826940465,4.669437518323892,-49.0
B034,921.625,1642426826952657,4.657165672020806,-49.0
B034,921.625,1642426826959533,4.663301595172349,-49.0
B034,921.625,1642426826970087,4.669437518323892,-49.0
B034,921.625,1642426826977452,4.651029748869264,-49.0
B034,921.625,1642426826987363,4.651029748869264,-49.0
B034,921.625,1642426826996971,4.657165672020806,-49.0
B034,921.625,1642426827004004,4.6448938257177215,-49.0
B034,921.625,1642426827015733,4.669437518323892,-49.0
B034,921.625,1642426827022717,4.6448938257177215,-49.0
B034,921.625,1642426827032289,4.657165672020806,-49.0
B034,921.625,1642426827040287,4.663301595172349,-49.0
B034,921.625,1642426827051930,4.657165672020806,-49.0
B034,921.625,1642426827061535,4.6448938257177215,-49.0
B034,921.625,1642426827068540,4.657165672020806,-49.0
B034,921.625,1642426827078651,4.681709364626977,-49.0
B034,921.625,1642426827087905,4.6448938257177215,-49.0
B034,921.625,1642426827096440,4.663301595172349,-49.0
B034,921.625,1642426827103397,4.651029748869264,-49.0
B034,921.625,1642426827112131,4.657165672020806,-49.0
B034,921.625,1642426827123008,4.669437518323892,-49.0
B034,921.625,1642426827133347,4.657165672020806,-49.0
B034,921.625,1642426827140565,4.669437518323892,-49.0
B034,921.625,1642426827150903,4.657165672020806,-49.0
B034,921.625,1642426827160406,4.651029748869264,-49.0
B034,921.625,1642426827165860,4.663301595172349,-49.0
B034,921.625,1642426827176377,4.651029748869264,-49.0
B034,921.625,1642426827183501,4.657165672020806,-49.0
B034,921.625,1642426827194314,4.6448938257177215,-49.0
B034,921.625,1642426827202449,4.669437518323892,-49.0
B034,921.625,1642426827214468,4.657165672020806,-49.0
B034,921.625,1642426827222422,4.651029748869264,-49.0
B034,921.625,1642426827233536,4.657165672020806,-49.0
B034,921.625,1642426827241853,4.681709364626977,-49.0
B034,921.625,1642426827246560,4.657165672020806,-49.0
B034,921.625,1642426827259779,4.663301595172349,-49.0
B034,921.625,1642426827267619,4.663301595172349,-49.0
B034,921.625,1642426827276282,4.657165672020806,-49.0
B034,921.625,1642426827287779,4.657165672020806,-49.0
B034,921.625,1642426827295944,4.651029748869264,-49.0
B034,921.625,1642426827305126,4.651029748869264,-49.0
B034,921.625,1642426827312138,4.651029748869264,-49.0
B034,921.625,1642426827320292,4.638757902566179,-49.0
B034,921.625,1642426827332504,4.6448938257177215,-49.0
B034,921.625,1642426827338789,4.657165672020806,-49.0
B034,921.625,1642426827350152,4.651029748869264,-49.0
B034,921.625,1642426827358723,4.651029748869264,-49.0
B034,921.625,1642426827368495,4.651029748869264,-49.0
B034,921.625,1642426827377720,4.663301595172349,-49.0
B034,921.625,1642426827386966,4.657165672020806,-49.0
B034,921.625,1642426827395028,4.657165672020806,-49.0
B034,921.625,1642426827402709,4.657165672020806,-49.0
B034,921.625,1642426827410313,4.657165672020806,-49.0
B034,921.625,1642426827421820,4.657165672020806,-49.0
B034,921.625,1642426827428590,4.657165672020806,-49.0
B034,921.625,1642426827440232,4.663301595172349,-49.0
B034,921.625,1642426827445735,4.675573441475434,-49.0
B034,921.625,1642426827457671,4.669437518323892,-49.0
B034,921.625,1642426827465331,4.663301595172349,-49.0
B034,921.625,1642426827473760,4.651029748869264,-49.0
B034,921.625,1642426827481697,4.663301595172349,-49.0
B034,921.625,1642426827494111,4.657165672020806,-49.0
B034,921.625,1642426827500371,4.669437518323892,-49.0
B034,921.625,1642426827510710,4.663301595172349,-49.0
B034,921.625,1642426827519129,4.657165672020806,-49.0
B034,921.625,1642426827528584,4.663301595172349,-49.0
B034,921.625,1642426827537092,4.663301595172349,-49.0
B034,921.625,1642426827544477,4.663301595172349,-49.0
B034,921.625,1642426827557365,4.651029748869264,-49.0
B034,921.625,1642426827566147,4.657165672020806,-49.0
B034,921.625,1642426827573772,4.663301595172349,-49.0
B034,921.625,1642426827580696,4.626486056263094,-49.0
B034,921.625,1642426827593479,4.663301595172349,-49.0
B034,921.625,1642426827602769,4.663301595172349,-49.0
B034,921.625,1642426827610792,4.632621979414637,-45.5
B034,921.625,1642426827628919,4.657165672020806,-49.0
B034,921.625,1642426827635146,4.657165672020806,-49.0
B034,921.625,1642426827644987,4.663301595172349,-49.0
B034,921.625,1642426827653967,4.657165672020806,-49.0
B034,921.625,1642426827663663,4.675573441475434,-49.0
B034,921.625,1642426827670332,4.6448938257177215,-49.0
B034,921.625,1642426827682378,4.663301595172349,-49.0
B034,921.625,1642426827692210,4.663301595172349,-49.0
B034,921.625,1642426827701064,4.638757902566179,-49.0
B034,921.625,1642426827710452,4.651029748869264,-49.0
B034,921.625,1642426827718762,4.651029748869264,-49.0
B034,921.625,1642426827728625,4.663301595172349,-49.0
B034,921.625,1642426827738220,4.657165672020806,-49.0
B034,921.625,1642426827747808,4.663301595172349,-49.0
B034,921.625,1642426827753469,4.657165672020806,-49.0
B034,921.625,1642426827760862,4.663301595172349,-49.0
B034,921.625,1642426827774124,4.675573441475434,-49.0
B034,921.625,1642426827784276,4.675573441475434,-49.0
B034,921.625,1642426827792568,4.632621979414637,-49.0
B034,921.625,1642426827801821,4.663301595172349,-49.0
B034,921.625,1642426827809921,4.651029748869264,-49.0
B034,921.625,1642426827819517,4.638757902566179,-49.0
B034,921.625,1642426827827787,4.651029748869264,-49.0
B034,921.625,1642426827837847,4.657165672020806,-49.0
B034,921.625,1642426827844000,4.663301595172349,-49.0
B034,921.625,1642426827856232,4.651029748869264,-49.0
B034,921.625,1642426827863852,4.6448938257177215,-49.0
B034,921.625,1642426827872239,4.669437518323892,-49.0
B034,921.625,1642426827882124,4.651029748869264,-49.0
B034,921.625,1642426827892170,4.651029748869264,-49.0
B034,921.625,1642426827900721,4.657165672020806,-49.5
B034,921.625,1642426827908991,4.657165672020806,-49.0
B034,921.625,1642426827918365,4.651029748869264,-49.0
B034,921.625,1642426827924478,4.669437518323892,-49.0
B034,921.625,1642426827933428,4.651029748869264,-49.0
B034,921.625,1642426827944843,4.651029748869264,-49.0
B034,921.625,1642426827953141,4.638757902566179,-49.0
B034,921.625,1642426827960246,4.6448938257177215,-49.5
B034,921.625,1642426827972996,4.657165672020806,-49.0
B034,921.625,1642426827979998,4.663301595172349,-49.0
B034,921.625,1642426827988453,4.657165672020806,-49.0
B034,921.625,1642426827998475,4.657165672020806,-49.0
B034,921.625,1642426828005327,4.651029748869264,-49.0
B034,921.625,1642426828014716,4.657165672020806,-49.0
B034,921.625,1642426828026354,4.669437518323892,-49.0
B034,921.625,1642426828035664,4.657165672020806,-49.0
B034,921.625,1642426828042609,4.651029748869264,-49.0
B034,921.625,1642426828053792,4.657165672020806,-49.5
B034,921.625,1642426828063011,4.657165672020806,-49.0
B034,921.625,1642426828071494,4.663301595172349,-49.5
B034,921.625,1642426828082460,4.669437518323892,-49.0
B034,921.625,1642426828090534,4.669437518323892,-49.0
B034,921.625,1642426828100570,4.675573441475434,-49.0
B034,921.625,1642426828105985,4.6448938257177215,-49.0
B034,921.625,1642426828114359,4.657165672020806,-49.0
B034,921.625,1642426828124948,4.657165672020806,-49.0
B034,921.625,1642426828134244,4.663301595172349,-49.0
B034,921.625,1642426828145129,4.681709364626977,-49.0
B034,921.625,1642426828149495,4.657165672020806,-49.0
B034,921.625,1642426828161632,4.657165672020806,-49.0
B034,921.625,1642426828170099,4.657165672020806,-49.0
B034,921.625,1642426828178656,4.663301595172349,-49.5
B034,921.625,1642426828187344,4.669437518323892,-49.0
B034,921.625,1642426828196269,4.651029748869264,-49.0
B034,921.625,1642426828204473,4.6448938257177215,-49.0
B034,921.625,1642426828213248,4.657165672020806,-49.0
B034,921.625,1642426828223530,4.651029748869264,-49.0
B034,921.625,1642426828233123,4.651029748869264,-49.0
B034,921.625,1642426828242680,4.681709364626977,-49.0
B034,921.625,1642426828248019,4.651029748869264,-49.0
B034,921.625,1642426828261444,4.657165672020806,-49.0
B034,921.625,1642426828269110,4.669437518323892,-49.0
B034,921.625,1642426828278623,4.657165672020806,-49.0
B034,921.625,1642426828285745,4.663301595172349,-49.0
B034,921.625,1642426828297575,4.669437518323892,-49.0
B034,921.625,1642426828304090,4.663301595172349,-49.0
B034,921.625,1642426828315428,4.657165672020806,-49.0
B034,921.625,1642426828321374,4.669437518323892,-49.0
B034,921.625,1642426828332547,4.6448938257177215,-49.0
B034,921.625,1642426828341265,4.663301595172349,-49.0
B034,921.625,1642426828349096,4.657165672020806,-49.0
B034,921.625,1642426828356317,4.657165672020806,-49.0
B034,921.625,1642426828370184,4.663301595172349,-49.0
B034,921.625,1642426828377701,4.663301595172349,-49.0
B034,921.625,1642426828387710,4.669437518323892,-49.0
B034,921.625,1642426828397339,4.663301595172349,-49.0
B034,921.625,1642426828404527,4.657165672020806,-49.0
B034,921.625,1642426828410400,4.669437518323892,-49.0
B034,921.625,1642426828420923,4.669437518323892,-49.0
B034,921.625,1642426828432587,4.657165672020806,-49.0
B034,921.625,1642426828438258,4.651029748869264,-49.0
B034,921.625,1642426828450287,4.657165672020806,-49.0
B034,921.625,1642426828458506,4.663301595172349,-49.0
B034,921.625,1642426828467130,4.657165672020806,-49.0
B034,921.625,1642426828474203,4.663301595172349,-49.0
B034,921.625,1642426828487563,4.675573441475434,-49.0
B034,921.625,1642426828495913,4.663301595172349,-49.0
B034,921.625,1642426828504886,4.657165672020806,-49.0
B034,921.625,1642426828514349,4.632621979414637,-49.0
B034,921.625,1642426828521452,4.675573441475434,-49.0
B034,921.625,1642426828528616,4.663301595172349,-49.0
B034,921.625,1642426828540522,4.657165672020806,-49.0
B034,921.625,1642426828550292,4.663301595172349,-49.0
B034,921.625,1642426828556255,4.6448938257177215,-49.0
B034,922.125,1642426828572782,4.835107443415541,-49.0
B034,922.125,1642426828581723,4.81056375080937,-49.0
B034,922.125,1642426828590938,4.816699673960914,-49.0
B034,922.125,1642426828602104,4.81056375080937,-49.5
B034,922.125,1642426828612387,4.822835597112456,-49.0
B034,922.125,1642426828619843,4.822835597112456,-49.0
B034,922.125,1642426828626316,4.81056375080937,-49.0
B034,922.125,1642426828638336,4.847379289718626,-49.0
B034,922.125,1642426828647538,4.828971520263998,-49.0
B034,922.125,1642426828655702,4.798291904506286,-49.5
B034,922.125,1642426828662692,4.841243366567084,-49.5
B034,922.125,1642426828671261,4.81056375080937,-49.0
B034,922.125,1642426828681534,4.804427827657828,-49.0
B034,922.125,1642426828693127,4.81056375080937,-49.5
B034,922.125,1642426828700670,4.798291904506286,-49.0
B034,922.125,1642426828710279,4.828971520263998,-49.0
B034,922.125,1642426828720856,4.828971520263998,-49.5
B034,922.125,1642426828730682,4.804427827657828,-49.0
B034,922.125,1642426828736297,4.822835597112456,-49.0
B034,922.125,1642426828746686,4.81056375080937,-49.0
B034,922.125,1642426828755582,4.828971520263998,-49.0
B034,922.125,1642426828763987,4.816699673960914,-49.5
B034,922.125,1642426828771936,4.804427827657828,-49.0
B034,922.125,1642426828781219,4.822835597112456,-49.0
B034,922.125,1642426828792393,4.841243366567084,-49.0
B034,922.125,1642426828798630,4.816699673960914,-49.5
B034,922.125,1642426828807845,4.816699673960914,-49.0
B034,922.125,1642426828817380,4.81056375080937,-49.0
B034,922.125,1642426828828984,4.81056375080937,-49.5
B034,922.125,1642426828837689,4.835107443415541,-49.0
B034,922.125,1642426828843333,4.798291904506286,-49.0
B034,922.125,1642426828855445,4.835107443415541,-49.0
B034,922.125,1642426828865190,4.804427827657828,-49.0
B034,922.125,1642426828870804,4.828971520263998,-49.0
B034,922.125,1642426828880792,4.816699673960914,-49.5
B034,922.125,1642426828892772,4.822835597112456,-49.0
B034,922.125,1642426828899435,4.859651136021711,-49.5
B034,922.125,1642426828911159,4.822835597112456,-49.5
B034,922.125,1642426828917535,4.816699673960914,-49.5
B034,922.125,1642426828927104,4.804427827657828,-49.0
B034,922.125,1642426828936310,4.835107443415541,-49.0
B034,922.125,1642426828944892,4.822835597112456,-49.0
B034,922.125,1642426828955540,4.81056375080937,-49.5
B034,922.125,1642426828966253,4.816699673960914,-49.5
B034,922.125,1642426828970679,4.841243366567084,-49.0
B034,922.125,1642426828983932,4.853515212870168,-49.5
B034,922.125,1642426828992974,4.828971520263998,-49.0
B034,922.125,1642426829002245,4.804427827657828,-49.5
B034,922.125,1642426829008364,4.835107443415541,-49.0
B034,922.125,1642426829020842,4.816699673960914,-49.0
B034,922.125,1642426829028034,4.816699673960914,-49.0
B034,922.125,1642426829036007,4.835107443415541,-49.0
B034,922.125,1642426829046669,4.816699673960914,-49.5
B034,922.125,1642426829056834,4.81056375080937,-49.0
B034,922.125,1642426829063173,4.847379289718626,-49.0
B034,922.125,1642426829074972,4.828971520263998,-49.0
B034,922.125,1642426829080780,4.822835597112456,-49.0
B034,922.125,1642426829092083,4.822835597112456,-49.0
B034,922.125,1642426829098745,4.816699673960914,-49.0
B034,922.125,1642426829110321,4.835107443415541,-49.0
B034,922.125,1642426829119771,4.828971520263998,-49.0
B034,922.125,1642426829129630,4.828971520263998,-49.0
B034,922.125,1642426829138030,4.816699673960914,-49.5
B034,922.125,1642426829145431,4.81056375080937,-49.5
B034,922.125,1642426829156149,4.835107443415541,-49.0
B034,922.125,1642426829165750,4.816699673960914,-49.5
B034,922.125,1642426829173884,4.798291904506286,-49.0
B034,922.125,1642426829183346,4.822835597112456,-49.0
B034,922.125,1642426829192892,4.804427827657828,-49.0
B034,922.125,1642426829201063,4.835107443415541,-49.0
B034,922.125,1642426829208860,4.816699673960914,-49.0
B034,922.125,1642426829217662,4.828971520263998,-49.0
B034,922.125,1642426829228165,4.816699673960914,-49.0
B034,922.125,1642426829237766,4.853515212870168,-49.0
B034,922.125,1642426829246375,4.804427827657828,-49.0
B034,922.125,1642426829255304,4.841243366567084,-49.0
B034,922.125,1642426829264463,4.81056375080937,-49.0
B034,922.125,1642426829269782,4.798291904506286,-49.5
B034,922.125,1642426829282337,4.81056375080937,-49.0
B034,922.125,1642426829291275,4.81056375080937,-49.0
B034,922.125,1642426829297468,4.841243366567084,-49.0
B034,922.125,1642426829309997,4.835107443415541,-49.0
B034,922.125,1642426829317245,4.816699673960914,-49.0
B034,922.125,1642426829324114,4.816699673960914,-49.5
B034,922.125,1642426829337282,4.828971520263998,-49.0
B034,922.125,1642426829347145,4.828971520263998,-49.5
B034,922.125,1642426829351941,4.798291904506286,-49.0
B034,922.125,1642426829361589,4.816699673960914,-49.0
B034,922.125,1642426829373551,4.822835597112456,-49.5
B034,922.125,1642426829382260,4.835107443415541,-49.0
B034,922.125,1642426829391396,4.804427827657828,-49.0
B034,922.125,1642426829399818,4.81056375080937,-49.5
B034,922.125,1642426829406106,4.828971520263998,-49.0
B034,922.125,1642426829419810,4.804427827657828,-49.0
B034,922.125,1642426829425736,4.816699673960914,-49.5
B034,922.125,1642426829432973,4.798291904506286,-49.5
B034,922.125,1642426829443920,4.81056375080937,-49.0
B034,922.125,1642426829454300,4.816699673960914,-49.0
B034,922.125,1642426829464687,4.804427827657828,-49.5
B034,922.125,1642426829473043,4.835107443415541,-49.0
B034,922.125,1642426829480287,4.822835597112456,-49.0
B034,922.125,1642426829490819,4.81056375080937,-49.0
B034,922.125,1642426829499612,4.804427827657828,-49.0
B034,922.125,1642426829508298,4.804427827657828,-49.5
B034,922.125,1642426829517256,4.81056375080937,-49.5
B034,922.125,1642426829524647,4.835107443415541,-49.0
B034,922.125,1642426829536181,4.822835597112456,-49.0
B034,922.125,1642426829544339,4.798291904506286,-49.0
B034,922.125,1642426829554964,4.822835597112456,-49.0
B034,922.125,1642426829562320,4.822835597112456,-49.0
B034,922.125,1642426829571047,4.816699673960914,-49.5
B034,922.125,1642426829578993,4.822835597112456,-49.0
B034,922.125,1642426829589301,4.816699673960914,-49.5
B034,922.125,1642426829598589,4.804427827657828,-49.0
B034,922.125,1642426829608393,4.798291904506286,-49.0
B034,922.125,1642426829616256,4.804427827657828,-49.0
B034,922.125,1642426829623303,4.804427827657828,-49.0
B034,922.125,1642426829635417,4.822835597112456,-49.0
B034,922.125,1642426829644962,4.81056375080937,-49.0
B034,922.125,1642426829651134,4.816699673960914,-49.0
B034,922.125,1642426829661462,4.828971520263998,-49.0
B034,922.125,1642426829668165,4.798291904506286,-49.0
B034,922.125,1642426829680760,4.822835597112456,-49.5
B034,922.125,1642426829687927,4.828971520263998,-49.0
B034,922.125,1642426829700209,4.81056375080937,-49.0
B034,922.125,1642426829704091,4.804427827657828,-49.0
B034,922.125,1642426829715400,4.81056375080937,-49.0
B034,922.125,1642426829725553,4.7921559813547425,-49.0
B034,922.125,1642426829732091,4.81056375080937,-49.0
B034,922.125,1642426829744431,4.81056375080937,-49.0
B034,922.125,1642426829753006,4.816699673960914,-49.0
B034,922.125,1642426829762846,4.816699673960914,-49.0
B034,922.125,1642426829771766,4.798291904506286,-49.5
B034,922.125,1642426829779234,4.828971520263998,-49.0
B034,922.125,1642426829787706,4.816699673960914,-49.0
B034,922.125,1642426829797111,4.81056375080937,-49.0
B034,922.125,1642426829806663,4.816699673960914,-49.0
B034,922.125,1642426829816499,4.81056375080937,-49.5
B034,922.125,1642426829825083,4.7921559813547425,-49.0
B034,922.125,1642426829831361,4.828971520263998,-49.0
B034,922.125,1642426829843821,4.798291904506286,-49.5
B034,922.125,1642426829851979,4.798291904506286,-49.0
B034,922.125,1642426829858034,4.822835597112456,-49.0
B034,922.125,1642426829869694,4.816699673960914,-49.0
B034,922.125,1642426829878672,4.81056375080937,-49.0
B034,922.125,1642426829887330,4.798291904506286,-49.0
B034,922.125,1642426829895315,4.835107443415541,-49.0
B034,922.125,1642426829907804,4.81056375080937,-49.5
B034,922.125,1642426829914536,4.816699673960914,-49.0
B034,922.125,1642426829924256,4.816699673960914,-49.5
B034,922.125,1642426829932472,4.828971520263998,-49.0
B034,922.125,1642426829943653,4.804427827657828,-49.0
B034,922.125,1642426829947731,4.828971520263998,-49.0
B034,922.125,1642426829960686,4.816699673960914,-49.0
B034,922.125,1642426829969860,4.822835597112456,-49.5
B034,922.125,1642426829977427,4.822835597112456,-49.0
B034,922.125,1642426829988106,4.816699673960914,-49.0
B034,922.125,1642426829993335,4.822835597112456,-49.0
B034,922.125,1642426830005679,4.822835597112456,-49.0
B034,922.125,1642426830014649,4.828971520263998,-49.0
B034,922.125,1642426830024978,4.804427827657828,-49.5
B034,922.125,1642426830032937,4.816699673960914,-49.0
B034,922.125,1642426830038839,4.822835597112456,-49.0
B034,922.125,1642426830052187,4.816699673960914,-49.0
B034,922.125,1642426830059162,4.804427827657828,-49.0
B034,922.125,1642426830065171,4.828971520263998,-49.0
B034,922.125,1642426830078429,4.828971520263998,-49.0
B034,922.125,1642426830085786,4.81056375080937,-49.0
B034,922.125,1642426830094757,4.841243366567084,-49.5
B034,922.125,1642426830104553,4.7860200582032,-49.5
B034,922.125,1642426830113265,4.81056375080937,-49.0
B034,922.125,1642426830123124,4.835107443415541,-49.0
B034,922.125,1642426830131668,4.81056375080937,-49.0
B034,922.125,1642426830139770,4.828971520263998,-49.0
B034,922.125,1642426830147139,4.81056375080937,-49.5
B034,922.125,1642426830157705,4.81056375080937,-49.0
B034,922.125,1642426830168331,4.828971520263998,-49.0
B034,922.125,1642426830175159,4.804427827657828,-49.0
B034,922.125,1642426830183188,4.816699673960914,-49.0
B034,922.125,1642426830191952,4.81056375080937,-49.5
B034,922.125,1642426830200165,4.798291904506286,-49.5
B034,922.125,1642426830213698,4.816699673960914,-49.0
B034,922.125,1642426830221528,4.7921559813547425,-49.0
B034,922.125,1642426830232483,4.798291904506286,-49.0
B034,922.125,1642426830237878,4.804427827657828,-49.0
B034,922.125,1642426830249012,4.804427827657828,-49.0
B034,922.125,1642426830257946,4.804427827657828,-49.0
B034,922.125,1642426830268404,4.81056375080937,-49.0
B034,922.125,1642426830276439,4.816699673960914,-49.0
B034,922.125,1642426830285392,4.822835597112456,-49.0
B034,922.125,1642426830294822,4.822835597112456,-49.0
B034,922.125,1642426830302715,4.816699673960914,-49.5
B034,922.125,1642426830312156,4.81056375080937,-49.5
B034,922.125,1642426830318920,4.804427827657828,-49.5
B034,922.125,1642426830329171,4.804427827657828,-49.5
B034,922.125,1642426830339282,4.798291904506286,-49.0
B034,922.125,1642426830346611,4.81056375080937,-49.0
B034,922.125,1642426830353600,4.828971520263998,-49.0
B034,922.125,1642426830365899,4.822835597112456,-49.0
B034,922.125,1642426830373579,4.822835597112456,-49.0
B034,922.125,1642426830383018,4.835107443415541,-49.0
B034,922.125,1642426830393912,4.835107443415541,-49.0
B034,922.125,1642426830400651,4.816699673960914,-49.5
B034,922.125,1642426830410557,4.81056375080937,-49.0
B034,922.125,1642426830417559,4.81056375080937,-49.0
B034,922.125,1642426830428121,4.828971520263998,-49.0
B034,922.125,1642426830438515,4.835107443415541,-49.0
B034,922.125,1642426830447099,4.835107443415541,-49.0
B034,922.125,1642426830453786,4.804427827657828,-49.0
B034,922.625,1642426830469641,4.994641445355647,-49.0
B034,922.625,1642426830478792,5.00077736850719,-49.0
B034,922.625,1642426830489586,4.9823695990525625,-49.0
B034,922.625,1642426830498599,5.00077736850719,-49.0
B034,922.625,1642426830506843,5.013049214810275,-49.0
B034,922.625,1642426830518458,5.006913291658733,-49.0
B034,922.625,1642426830526305,4.988505522204105,-49.0
B034,922.625,1642426830534632,4.9823695990525625,-49.0
B034,922.625,1642426830545564,5.013049214810275,-49.0
B034,922.625,1642426830552044,4.9823695990525625,-49.0
B034,922.625,1642426830563786,4.988505522204105,-49.0
B034,922.625,1642426830570117,5.013049214810275,-49.0
B034,922.625,1642426830580430,5.006913291658733,-49.0
B034,922.625,1642426830589657,5.031456984264903,-49.0
B034,922.625,1642426830596653,5.019185137961818,-49.0
B034,922.625,1642426830607957,5.00077736850719,-49.0
B034,922.625,1642426830613524,5.006913291658733,-49.0
B034,922.625,1642426830625415,5.013049214810275,-49.0
B034,922.625,1642426830636082,4.994641445355647,-49.0
B034,922.625,1642426830641973,4.994641445355647,-49.0
B034,922.625,1642426830653202,4.963961829597935,-49.0
B034,922.625,1642426830661551,5.013049214810275,-49.0
B034,922.625,1642426830670809,4.988505522204105,-49.0
B034,922.625,1642426830676860,5.00077736850719,-49.0
B034,922.625,1642426830686956,5.013049214810275,-49.0
B034,922.625,1642426830697202,5.006913291658733,-49.0
B034,922.625,1642426830705622,5.00077736850719,-49.0
B034,922.625,1642426830716779,5.00077736850719,-49.0
B034,922.625,1642426830721475,5.00077736850719,-49.0
B034,922.625,1642426830734470,5.00077736850719,-49.0
B034,922.625,1642426830744553,5.00077736850719,-49.0
B034,922.625,1642426830752834,5.00077736850719,-49.0
B034,922.625,1642426830762022,5.00077736850719,-49.0
B034,922.625,1642426830770961,4.988505522204105,-49.0
B034,922.625,1642426830780189,4.97623367590102,-49.0
B034,922.625,1642426830786640,5.00077736850719,-49.0
B034,922.625,1642426830797310,4.970097752749478,-49.0
B034,922.625,1642426830807357,5.0253210611133605,-49.0
B034,922.625,1642426830816797,4.9823695990525625,-49.0
B034,922.625,1642426830823813,4.994641445355647,-49.0
B034,922.625,1642426830833615,4.970097752749478,-49.0
B034,922.625,1642426830842196,4.9823695990525625,-49.0
B034,922.625,1642426830851979,5.006913291658733,-49.0
B034,922.625,1642426830859355,5.00077736850719,-49.0
B034,922.625,1642426830870760,5.019185137961818,-49.0
B034,922.625,1642426830879654,5.006913291658733,-49.0
B034,922.625,1642426830887824,4.994641445355647,-49.0
B034,922.625,1642426830896938,5.013049214810275,-49.0
B034,922.625,1642426830904529,4.988505522204105,-49.0
B034,922.625,1642426830915085,4.994641445355647,-49.0
B034,922.625,1642426830922706,4.9823695990525625,-49.0
B034,922.625,1642426830929839,4.97623367590102,-49.0
B034,922.625,1642426830938562,5.006913291658733,-49.0
B034,922.625,1642426830949044,4.97623367590102,-49.0
B034,922.625,1642426830959017,4.988505522204105,-49.0
B034,922.625,1642426830969122,5.013049214810275,-49.0
B034,922.625,1642426830976787,4.9823695990525625,-49.0
B034,922.625,1642426830987473,5.00077736850719,-49.0
B034,922.625,1642426830997929,4.994641445355647,-49.0
B034,922.625,1642426831004873,5.006913291658733,-49.0
B034,922.625,1642426831010919,4.988505522204105,-49.0
B034,922.625,1642426831021925,5.006913291658733,-49.0
B034,922.625,1642426831032865,5.006913291658733,-49.0
B034,922.625,1642426831040698,5.00077736850719,-49.0
B034,922.625,1642426831049292,5.0253210611133605,-49.0
B034,922.625,1642426831055679,4.988505522204105,-49.0
B034,922.625,1642426831066237,4.963961829597935,-49.0
B034,922.625,1642426831074364,4.994641445355647,-49.0
B034,922.625,1642426831086345,5.019185137961818,-49.0
B034,922.625,1642426831096843,5.006913291658733,-49.0
B034,922.625,1642426831104713,4.988505522204105,-49.0
B034,922.625,1642426831112789,5.013049214810275,-49.0
B034,922.625,1642426831120500,4.97623367590102,-49.0
B034,922.625,1642426831130800,4.994641445355647,-49.0
B034,922.625,1642426831140572,4.988505522204105,-49.0
B034,922.625,1642426831149509,4.9823695990525625,-49.0
B034,922.625,1642426831156694,4.9823695990525625,-49.0
B034,922.625,1642426831166754,5.013049214810275,-49.0
B034,922.625,1642426831177272,4.988505522204105,-49.0
B034,922.625,1642426831187077,5.00077736850719,-49.0
B034,922.625,1642426831192761,4.988505522204105,-49.0
B034,922.625,1642426831202072,5.013049214810275,-49.0
B034,922.625,1642426831210910,4.994641445355647,-49.0
B034,922.625,1642426831222062,5.006913291658733,-49.0
B034,922.625,1642426831230703,5.006913291658733,-49.0
B034,922.625,1642426831241356,5.006913291658733,-49.0
B034,922.625,1642426831248873,5.00077736850719,-49.0
B034,922.625,1642426831259007,4.988505522204105,-49.0
B034,922.625,1642426831263583,5.00077736850719,-48.5
B034,922.625,1642426831276236,5.013049214810275,-49.0
B034,922.625,1642426831284116,4.9823695990525625,-49.0
B034,922.625,1642426831295233,5.006913291658733,-49.0
B034,922.625,1642426831303663,4.988505522204105,-49.0
B034,922.625,1642426831311258,4.994641445355647,-49.0
B034,922.625,1642426831322413,5.00077736850719,-48.5
B034,922.625,1642426831329374,4.988505522204105,-49.0
B034,922.625,1642426831338129,4.994641445355647,-49.0
B034,922.625,1642426831347560,5.013049214810275,-49.0
B034,922.625,1642426831356073,5.00077736850719,-49.0
B034,922.625,1642426831362325,5.013049214810275,-49.0
B034,922.625,1642426831375316,4.994641445355647,-49.0
B034,922.625,1642426831382058,5.006913291658733,-49.0
B034,922.625,1642426831389530,5.013049214810275,-49.0
B034,922.625,1642426831398703,5.013049214810275,-49.0
B034,922.625,1642426831411683,5.019185137961818,-49.0
B034,922.625,1642426831419345,4.97623367590102,-49.0
B034,922.625,1642426831429078,5.013049214810275,-49.0
B034,922.625,1642426831435978,4.9823695990525625,-49.0
B034,922.625,1642426831446769,4.9823695990525625,-49.0
B034,922.625,1642426831455293,4.988505522204105,-49.0
B034,922.625,1642426831464579,4.97623367590102,-49.0
B034,922.625,1642426831473999,4.988505522204105,-49.0
B034,922.625,1642426831479590,5.00077736850719,-49.0
B034,922.625,1642426831491523,4.9823695990525625,-49.0
B034,922.625,1642426831500724,4.988505522204105,-49.0
B034,922.625,1642426831510479,4.9823695990525625,-49.0
B034,922.625,1642426831517984,4.9823695990525625,-49.0
B034,922.625,1642426831528024,5.0253210611133605,-49.0
B034,922.625,1642426831533565,5.006913291658733,-49.0
B034,922.625,1642426831544282,5.00077736850719,-49.0
B034,922.625,1642426831553261,5.013049214810275,-49.0
B034,922.625,1642426831561320,4.988505522204105,-49.0
B034,922.625,1642426831573633,5.006913291658733,-49.0
B034,922.625,1642426831579919,5.00077736850719,-49.0
B034,922.625,1642426831592176,5.013049214810275,-49.0
B034,922.625,1642426831600762,5.00077736850719,-49.0
B034,922.625,1642426831608006,4.994641445355647,-49.0
B034,922.625,1642426831617563,4.9823695990525625,-49.0
B034,922.625,1642426831625227,5.019185137961818,-49.0
B034,922.625,1642426831634889,4.988505522204105,-49.0
B034,922.625,1642426831642272,4.9823695990525625,-49.0
B034,922.625,1642426831654792,4.963961829597935,-49.0
B034,922.625,1642426831664715,5.0253210611133605,-49.0
B034,922.625,1642426831672764,4.994641445355647,-49.0
B034,922.625,1642426831705599,5.019185137961818,-49.0
B034,922.625,1642426831711855,4.988505522204105,-49.0
B034,922.625,1642426831722610,5.019185137961818,-49.0
B034,922.625,1642426831733746,5.006913291658733,-49.0
B034,922.625,1642426831741566,4.994641445355647,-49.0
B034,922.625,1642426831750580,4.970097752749478,-49.0
B034,922.625,1642426831758684,4.970097752749478,-49.0
B034,922.625,1642426831768951,5.00077736850719,-49.0
B034,922.625,1642426831776539,4.994641445355647,-49.0
B034,922.625,1642426831784162,4.988505522204105,-49.0
B034,922.625,1642426831796308,4.994641445355647,-49.0
B034,922.625,1642426831802263,4.988505522204105,-48.5
B034,922.625,1642426831813453,4.988505522204105,-49.0
B034,922.625,1642426831824085,4.988505522204105,-49.0
B034,922.625,1642426831833277,5.006913291658733,-49.0
B034,922.625,1642426831839654,4.994641445355647,-49.0
B034,922.625,1642426831849522,4.988505522204105,-49.0
B034,922.625,1642426831857384,4.97623367590102,-49.0
B034,922.625,1642426831865867,5.00077736850719,-49.0
B034,922.625,1642426831878967,5.00077736850719,-49.0
B034,922.625,1642426831886440,5.00077736850719,-49.0
B034,922.625,1642426831895625,4.994641445355647,-49.0
B034,922.625,1642426831903836,4.994641445355647,-49.0
B034,922.625,1642426831915007,5.00077736850719,-49.0
B034,922.625,1642426831920966,5.006913291658733,-49.0
B034,922.625,1642426831930415,4.994641445355647,-49.0
B034,922.625,1642426831941104,4.988505522204105,-49.0
B034,922.625,1642426831947602,5.013049214810275,-49.0
B034,922.625,1642426831955216,4.9823695990525625,-49.0
B034,922.625,1642426831966443,4.97623367590102,-49.0
B034,922.625,1642426831977094,5.006913291658733,-49.0
B034,922.625,1642426831982125,4.970097752749478,-49.0
B034,922.625,1642426831995346,4.988505522204105,-49.0
B034,922.625,1642426832003294,4.9823695990525625,-49.0
B034,922.625,1642426832013572,4.9823695990525625,-49.0
B034,922.625,1642426832023407,4.994641445355647,-49.0
B034,922.625,1642426832029788,5.00077736850719,-49.0
B034,922.625,1642426832039645,4.994641445355647,-49.0
B034,922.625,1642426832048321,5.00077736850719,-49.0
B034,922.625,1642426832058645,4.994641445355647,-49.0
B034,922.625,1642426832068095,5.006913291658733,-49.0
B034,922.625,1642426832076200,4.994641445355647,-49.0
B034,922.625,1642426832085950,5.00077736850719,-49.0
B034,922.625,1642426832093769,4.994641445355647,-49.0
B034,922.625,1642426832102829,4.988505522204105,-49.0
B034,922.625,1642426832109041,5.013049214810275,-49.0
B034,922.625,1642426832121679,4.988505522204105,-49.0
B034,922.625,1642426832131229,4.994641445355647,-49.0
B034,922.625,1642426832137331,4.9823695990525625,-49.0
B034,922.625,1642426832145136,4.9823695990525625,-49.0
B034,922.625,1642426832158111,4.97623367590102,-49.0
B034,922.625,1642426832165616,5.019185137961818,-49.0
B034,922.625,1642426832175230,5.006913291658733,-49.0
B034,922.625,1642426832181562,5.00077736850719,-49.0
B034,922.625,1642426832194753,5.006913291658733,-49.0
B034,922.625,1642426832204577,5.006913291658733,-49.0
B034,922.625,1642426832213243,4.994641445355647,-49.0
B034,922.625,1642426832221836,5.00077736850719,-49.0
B034,922.625,1642426832229949,4.970097752749478,-49.0
B034,922.625,1642426832237574,5.006913291658733,-49.0
B034,922.625,1642426832247573,5.006913291658733,-49.0
B034,922.625,1642426832254667,5.013049214810275,-49.0
B034,922.625,1642426832265565,5.019185137961818,-49.0
B034,922.625,1642426832275950,5.013049214810275,-49.0
B034,922.625,1642426832283758,4.994641445355647,-49.0
B034,922.625,1642426832291115,5.006913291658733,-49.0
B034,922.625,1642426832303348,4.988505522204105,-49.0
B034,922.625,1642426832309734,5.00077736850719,-49.0
B034,922.625,1642426832319748,5.00077736850719,-49.0
B034,922.625,1642426832329263,4.97623367590102,-49.0
B034,922.625,1642426832337343,4.95168998329485,-49.0
B034,922.625,1642426832346810,5.006913291658733,-49.0
B034,922.625,1642426832352547,5.00077736850719,-49.0
B034,923.125,1642426832370630,5.178719139901925,-49.0
B034,923.125,1642426832379504,5.166447293598839,-49.0
B034,923.125,1642426832389308,5.160311370447297,-49.0
B034,923.125,1642426832397098,5.154175447295755,-49.0
B034,923.125,1642426832405255,5.1725832167503825,-49.0
B034,923.125,1642426832418094,5.160311370447297,-49.0
B034,923.125,1642426832426200,5.160311370447297,-49.0
B034,923.125,1642426832435869,5.166447293598839,-49.0
B034,923.125,1642426832441806,5.160311370447297,-49.0
B034,923.125,1642426832451170,5.178719139901925,-49.0
B034,923.125,1642426832461960,5.178719139901925,-49.0
B034,923.125,1642426832470408,5.160311370447297,-49.0
B034,923.125,1642426832480932,5.154175447295755,-49.0
B034,923.125,1642426832489915,5.154175447295755,-49.0
B034,923.125,1642426832497766,5.160311370447297,-49.0
B034,923.125,1642426832508030,5.154175447295755,-49.0
B034,923.125,1642426832516171,5.148039524144211,-49.0
B034,923.125,1642426832524236,5.154175447295755,-49.0
B034,923.125,1642426832530846,5.141903600992669,-49.0
B034,923.125,1642426832543772,5.166447293598839,-49.0
B034,923.125,1642426832553302,5.154175447295755,-49.0
B034,923.125,1642426832562263,5.148039524144211,-49.0
B034,923.125,1642426832570544,5.154175447295755,-49.0
B034,923.125,1642426832576295,5.154175447295755,-49.0
B034,923.125,1642426832589815,5.160311370447297,-49.0
B034,923.125,1642426832599444,5.160311370447297,-49.0
B034,923.125,1642426832607796,5.141903600992669,-49.0
B034,923.125,1642426832615902,5.148039524144211,-49.0
B034,923.125,1642426832626170,5.1725832167503825,-49.0
B034,923.125,1642426832634525,5.160311370447297,-49.0
B034,923.125,1642426832639852,5.141903600992669,-49.0
B034,923.125,1642426832652408,5.148039524144211,-49.0
B034,923.125,1642426832660929,5.166447293598839,-49.0
B034,923.125,1642426832669837,5.166447293598839,-48.5
B034,923.125,1642426832679340,5.148039524144211,-49.0
B034,923.125,1642426832689165,5.1725832167503825,-49.0
B034,923.125,1642426832696486,5.154175447295755,-49.0
B034,923.125,1642426832703604,5.160311370447297,-49.0
B034,923.125,1642426832713062,5.141903600992669,-49.0
B034,923.125,1642426832721505,5.178719139901925,-49.0
B034,923.125,1642426832733388,5.135767677841127,-49.0
B034,923.125,1642426832741563,5.184855063053467,-49.0
B034,923.125,1642426832751248,5.160311370447297,-49.0
B034,923.125,1642426832761067,5.160311370447297,-49.0
B034,923.125,1642426832768314,5.154175447295755,-49.0
B034,923.125,1642426832775382,5.154175447295755,-49.0
B034,923.125,1642426832786580,5.148039524144211,-49.0
B034,923.125,1642426832793342,5.148039524144211,-49.0
B034,923.125,1642426832806567,5.148039524144211,-49.0
B034,923.125,1642426832815130,5.1725832167503825,-49.0
B034,923.125,1642426832823237,5.160311370447297,-48.5
B034,923.125,1642426832834946,5.166447293598839,-49.0
B034,923.125,1642426832841196,5.160311370447297,-49.0
B034,923.125,1642426832848061,5.160311370447297,-49.0
B034,923.125,1642426832858184,5.160311370447297,-49.0
B034,923.125,1642426832867493,5.160311370447297,-49.0
B034,923.125,1642426832876143,5.178719139901925,-49.0
B034,923.125,1642426832884596,5.166447293598839,-49.0
B034,923.125,1642426832897293,5.1725832167503825,-49.0
B034,923.125,1642426832907064,5.141903600992669,-49.0
B034,923.125,1642426832914595,5.160311370447297,-49.0
B034,923.125,1642426832922812,5.166447293598839,-49.0
B034,923.125,1642426832933312,5.160311370447297,-49.0
B034,923.125,1642426832939850,5.148039524144211,-49.0
B034,923.125,1642426832952109,5.154175447295755,-49.0
B034,923.125,1642426832959590,5.135767677841127,-49.0
B034,923.125,1642426832968345,5.1725832167503825,-49.0
B034,923.125,1642426832978417,5.141903600992669,-49.0
B034,923.125,1642426832987660,5.1725832167503825,-49.0
B034,923.125,1642426832996631,5.166447293598839,-49.0
B034,923.125,1642426833005356,5.141903600992669,-49.0
B034,923.125,1642426833015360,5.154175447295755,-49.0
B034,923.125,1642426833020613,5.148039524144211,-49.0
B034,923.125,1642426833032043,5.148039524144211,-48.5
B034,923.125,1642426833042325,5.166447293598839,-49.0
B034,923.125,1642426833047786,5.178719139901925,-48.5
B034,923.125,1642426833060532,5.154175447295755,-49.0
B034,923.125,1642426833065909,5.148039524144211,-49.0
B034,923.125,1642426833077328,5.141903600992669,-48.5
B034,923.125,1642426833087601,5.154175447295755,-48.5
B034,923.125,1642426833096862,5.166447293598839,-49.0
B034,923.125,1642426833103582,5.154175447295755,-49.0
B034,923.125,1642426833114444,5.154175447295755,-49.0
B034,923.125,1642426833121610,5.160311370447297,-49.0
B034,923.125,1642426833133016,5.1725832167503825,-49.0
B034,923.125,1642426833138681,5.166447293598839,-49.0
B034,923.125,1642426833147857,5.166447293598839,-49.0
B034,923.125,1642426833156541,5.154175447295755,-49.0
B034,923.125,1642426833166369,5.154175447295755,-49.0
B034,923.125,1642426833174645,5.166447293598839,-49.0
B034,923.125,1642426833182869,5.160311370447297,-49.0
B034,923.125,1642426833194501,5.154175447295755,-49.0
B034,923.125,1642426833204814,5.154175447295755,-49.0
B034,923.125,1642426833213963,5.154175447295755,-49.0
B034,923.125,1642426833222426,5.148039524144211,-49.0
B034,923.125,1642426833232264,5.148039524144211,-49.0
B034,923.125,1642426833242296,5.1725832167503825,-49.0
B034,923.125,1642426833250570,5.135767677841127,-49.0
B034,923.125,1642426833257390,5.154175447295755,-49.0
B034,923.125,1642426833268726,5.160311370447297,-49.0
B034,923.125,1642426833275321,5.141903600992669,-49.0
B034,923.125,1642426833284054,5.160311370447297,-49.0
B034,923.125,1642426833292688,5.178719139901925,-49.0
B034,923.125,1642426833304096,5.154175447295755,-49.0
B034,923.125,1642426833314332,5.141903600992669,-49.0
B034,923.125,1642426833323515,5.178719139901925,-49.0
B034,923.125,1642426833330843,5.166447293598839,-49.0
B034,923.125,1642426833340635,5.154175447295755,-48.5
B034,923.125,1642426833350687,5.154175447295755,-49.0
B034,923.125,1642426833358521,5.148039524144211,-48.5
B034,923.125,1642426833366943,5.160311370447297,-49.0
B034,923.125,1642426833377185,5.135767677841127,-49.0
B034,923.125,1642426833386350,5.160311370447297,-49.0
B034,923.125,1642426833394122,5.148039524144211,-49.0
B034,923.125,1642426833403587,5.148039524144211,-49.0
B034,923.125,1642426833410742,5.160311370447297,-49.0
B034,923.125,1642426833421573,5.154175447295755,-49.0
B034,923.125,1642426833429748,5.1725832167503825,-49.0
B034,923.125,1642426833438768,5.154175447295755,-48.5
B034,923.125,1642426833449032,5.178719139901925,-49.0
B034,923.125,1642426833456278,5.160311370447297,-49.0
B034,923.125,1642426833463634,5.141903600992669,-49.0
B034,923.125,1642426833475897,5.154175447295755,-49.0
B034,923.125,1642426833485323,5.141903600992669,-49.0
B034,923.125,1642426833493149,5.160311370447297,-49.0
B034,923.125,1642426833499231,5.154175447295755,-49.0
B034,923.125,1642426833510260,5.148039524144211,-49.0
B034,923.125,1642426833521943,5.166447293598839,-49.0
B034,923.125,1642426833528602,5.160311370447297,-49.0
B034,923.125,1642426833538407,5.160311370447297,-49.0
B034,923.125,1642426833548461,5.1725832167503825,-48.5
B034,923.125,1642426833557615,5.160311370447297,-49.0
B034,923.125,1642426833564866,5.160311370447297,-49.0
B034,923.125,1642426833574671,5.160311370447297,-49.0
B034,923.125,1642426833583127,5.1725832167503825,-49.0
B034,923.125,1642426833592606,5.154175447295755,-49.0
B034,923.125,1642426833598419,5.135767677841127,-49.0
B034,923.125,1642426833611570,5.1725832167503825,-48.5
B034,923.125,1642426833617255,5.160311370447297,-49.0
B034,923.125,1642426833629470,5.154175447295755,-49.0
B034,923.125,1642426833634628,5.160311370447297,-49.0
B034,923.125,1642426833646922,5.1725832167503825,-49.0
B034,923.125,1642426833654815,5.160311370447297,-49.0
B034,923.125,1642426833664380,5.160311370447297,-49.0
B034,923.125,1642426833670941,5.160311370447297,-49.0
B034,923.125,1642426833682677,5.148039524144211,-49.0
B034,923.125,1642426833692282,5.123495831538041,-49.0
B034,923.125,1642426833700346,5.160311370447297,-49.0
B034,923.125,1642426833709625,5.166447293598839,-49.0
B034,923.125,1642426833716646,5.160311370447297,-48.5
B034,923.125,1642426833729498,5.1725832167503825,-49.0
B034,923.125,1642426833737568,5.166447293598839,-49.0
B034,923.125,1642426833746810,5.135767677841127,-49.0
B034,923.125,1642426833756848,5.154175447295755,-49.0
B034,923.125,1642426833763656,5.154175447295755,-49.0
B034,923.125,1642426833773088,5.154175447295755,-48.5
B034,923.125,1642426833779171,5.141903600992669,-49.0
B034,923.125,1642426833789241,5.160311370447297,-49.0
B034,923.125,1642426833798486,5.135767677841127,-49.0
B034,923.125,1642426833807442,5.141903600992669,-49.0
B034,923.125,1642426833819712,5.148039524144211,-49.0
B034,923.125,1642426833826432,5.160311370447297,-49.0
B034,923.125,1642426833836192,5.148039524144211,-49.0
B034,923.125,1642426833843300,5.141903600992669,-49.0
B034,923.125,1642426833852267,5.166447293598839,-48.5
B034,923.125,1642426833863854,5.154175447295755,-49.0
B034,923.125,1642426833872877,5.148039524144211,-49.0
B034,923.125,1642426833878020,5.1725832167503825,-49.0
B034,923.125,1642426833889299,5.160311370447297,-49.0
B034,923.125,1642426833897989,5.154175447295755,-49.0
B034,923.125,1642426833907781,5.141903600992669,-49.0
B034,923.125,1642426833915900,5.166447293598839,-49.0
B034,923.125,1642426833924087,5.160311370447297,-49.0
B034,923.125,1642426833933222,5.160311370447297,-49.0
B034,923.125,1642426833943832,5.154175447295755,-49.0
B034,923.125,1642426833951218,5.154175447295755,-49.0
B034,923.125,1642426833958409,5.160311370447297,-49.0
B034,923.125,1642426833970840,5.178719139901925,-49.0
B034,923.125,1642426833979305,5.178719139901925,-49.0
B034,923.125,1642426833989276,5.148039524144211,-49.0
B034,923.125,1642426833997680,5.141903600992669,-48.5
B034,923.125,1642426834007114,5.166447293598839,-48.5
B034,923.125,1642426834016444,5.160311370447297,-49.0
B034,923.125,1642426834024530,5.166447293598839,-48.5
B034,923.125,1642426834033751,5.135767677841127,-49.0
B034,923.125,1642426834041825,5.160311370447297,-49.0
B034,923.125,1642426834051896,5.141903600992669,-49.0
B034,923.125,1642426834059562,5.160311370447297,-49.0
B034,923.125,1642426834068820,5.154175447295755,-48.5
B034,923.125,1642426834076231,5.1725832167503825,-49.0
B034,923.125,1642426834085708,5.154175447295755,-49.0
B034,923.125,1642426834095891,5.141903600992669,-49.0
B034,923.125,1642426834105583,5.190990986205009,-48.5
B034,923.125,1642426834115939,5.1725832167503825,-49.0
B034,923.125,1642426834125021,5.166447293598839,-49.0
B034,923.125,1642426834132801,5.178719139901925,-49.0
B034,923.125,1642426834139892,5.166447293598839,-49.0
B034,923.125,1642426834150269,5.154175447295755,-49.0
B034,923.125,1642426834159322,5.148039524144211,-49.0
B034,923.125,1642426834171365,5.154175447295755,-49.0
B034,923.125,1642426834178748,5.154175447295755,-49.0
B034,923.125,1642426834187258,5.154175447295755,-49.0
B034,923.125,1642426834195818,5.166447293598839,-49.0
B034,923.125,1642426834207003,5.166447293598839,-49.0
B034,923.125,1642426834216075,5.123495831538041,-49.0
B034,923.125,1642426834224664,5.1725832167503825,-49.0
B034,923.125,1642426834232600,5.141903600992669,-49.0
B034,923.125,1642426834242754,5.1296317546895835,-48.5
B034,923.125,1642426834252636,5.141903600992669,-49.0
B034,923.625,1642426834266636,5.3198453723874035,-49.0
B034,923.625,1642426834276316,5.3198453723874035,-49.0
B034,923.625,1642426834288623,5.325981295538946,-49.0
B034,923.625,1642426834295103,5.325981295538946,-49.0
B034,923.625,1642426834303556,5.313709449235861,-49.0
B034,923.625,1642426834314708,5.313709449235861,-49.0
B034,923.625,1642426834322259,5.307573526084319,-49.0
B034,923.625,1642426834332688,5.313709449235861,-49.0
B034,923.625,1642426834339672,5.3198453723874035,-49.0
B034,923.625,1642426834350223,5.3198453723874035,-49.0
B034,923.625,1642426834356040,5.332117218690489,-49.0
B034,923.625,1642426834368802,5.307573526084319,-49.0
B034,923.625,1642426834373957,5.313709449235861,-49.0
B034,923.625,1642426834385188,5.313709449235861,-49.0
B034,923.625,1642426834392759,5.325981295538946,-49.0
B034,923.625,1642426834405662,5.313709449235861,-49.0
B034,923.625,1642426834413744,5.350524988145116,-49.0
B034,923.625,1642426834419773,5.338253141842031,-49.0
B034,923.625,1642426834432470,5.313709449235861,-49.0
B034,923.625,1642426834441502,5.295301679781233,-49.0
B034,923.625,1642426834450099,5.3198453723874035,-49.0
B034,923.625,1642426834458350,5.313709449235861,-49.0
B034,923.625,1642426834466460,5.3198453723874035,-49.0
B034,923.625,1642426834476519,5.3198453723874035,-49.0
B034,923.625,1642426834485986,5.301437602932776,-49.0
B034,923.625,1642426834496495,5.3198453723874035,-49.0
B034,923.625,1642426834502325,5.325981295538946,-49.0
B034,923.625,1642426834514392,5.3198453723874035,-49.0
B034,923.625,1642426834521621,5.313709449235861,-49.0
B034,923.625,1642426834530621,5.3198453723874035,-49.0
B034,923.625,1642426834539057,5.3198453723874035,-49.0
B034,923.625,1642426834549667,5.325981295538946,-49.0
B034,923.625,1642426834558851,5.3198453723874035,-49.0
B034,923.625,1642426834563824,5.325981295538946,-49.0
B034,923.625,1642426834576784,5.325981295538946,-49.0
B034,923.625,1642426834586612,5.332117218690489,-49.0
B034,923.625,1642426834592243,5.313709449235861,-49.0
B034,923.625,1642426834601375,5.332117218690489,-49.0
B034,923.625,1642426834612727,5.3198453723874035,-49.0
B034,923.625,1642426834622592,5.307573526084319,-49.0
B034,923.625,1642426834628251,5.332117218690489,-49.0
B034,923.625,1642426834638816,5.3198453723874035,-49.0
B034,923.625,1642426834646936,5.3198453723874035,-49.0
B034,923.625,1642426834654588,5.332117218690489,-49.0
B034,923.625,1642426834665455,5.3198453723874035,-49.0
B034,923.625,1642426834675751,5.325981295538946,-49.0
B034,923.625,1642426834682956,5.338253141842031,-49.0
B034,923.625,1642426834693002,5.325981295538946,-49.0
B034,923.625,1642426834698700,5.3198453723874035,-49.0
B034,923.625,1642426834711658,5.3198453723874035,-49.0
B034,923.625,1642426834718673,5.301437602932776,-49.0
B034,923.625,1642426834729850,5.313709449235861,-49.0
B034,923.625,1642426834739531,5.3198453723874035,-49.0
B034,923.625,1642426834745466,5.313709449235861,-49.0
B034,923.625,1642426834754947,5.332117218690489,-49.0
B034,923.625,1642426834765271,5.313709449235861,-49.0
B034,923.625,1642426834772870,5.313709449235861,-49.0
B034,923.625,1642426834782544,5.313709449235861,-49.0
B034,923.625,1642426834791591,5.325981295538946,-49.0
B034,923.625,1642426834802290,5.313709449235861,-49.0
B034,923.625,1642426834810866,5.3198453723874035,-49.0
B034,923.625,1642426834818536,5.332117218690489,-49.0
B034,923.625,1642426834826996,5.332117218690489,-49.0
B034,923.625,1642426834837833,5.325981295538946,-49.0
B034,923.625,1642426834845674,5.3198453723874035,-49.0
B034,923.625,1642426834853896,5.325981295538946,-49.0
B034,923.625,1642426834863509,5.295301679781233,-49.0
B034,923.625,1642426834870691,5.289165756629691,-49.0
B034,923.625,1642426834881883,5.307573526084319,-49.0
B034,923.625,1642426834892181,5.289165756629691,-49.0
B034,923.625,1642426834900793,5.3198453723874035,-49.0
B034,923.625,1642426834909031,5.338253141842031,-49.0
B034,923.625,1642426834919071,5.307573526084319,-49.0
B034,923.625,1642426834928836,5.313709449235861,-49.0
B034,923.625,1642426834933752,5.344389064993574,-49.0
B034,923.625,1642426834945643,5.301437602932776,-49.0
B034,923.625,1642426834953354,5.301437602932776,-49.0
B034,923.625,1642426834963919,5.325981295538946,-49.0
B034,923.625,1642426834970430,5.332117218690489,-49.0
B034,923.625,1642426834979110,5.3198453723874035,-49.0
B034,923.625,1642426834989342,5.332117218690489,-49.0
B034,923.625,1642426834997793,5.325981295538946,-49.0
B034,923.625,1642426835007427,5.313709449235861,-49.0
B034,923.625,1642426835018563,5.307573526084319,-49.0
B034,923.625,1642426835024194,5.325981295538946,-49.0
B034,923.625,1642426835034814,5.307573526084319,-49.0
B034,923.625,1642426835041895,5.332117218690489,-49.0
B034,923.625,1642426835050373,5.325981295538946,-49.0
B034,923.625,1642426835062066,5.301437602932776,-49.0
B034,923.625,1642426835070444,5.313709449235861,-49.0
B034,923.625,1642426835080000,5.3198453723874035,-49.0
B034,923.625,1642426835087942,5.3198453723874035,-49.0
B034,923.625,1642426835098398,5.313709449235861,-49.0
B034,923.625,1642426835108413,5.332117218690489,-49.0
B034,923.625,1642426835115148,5.301437602932776,-49.0
B034,923.625,1642426835122552,5.301437602932776,-49.0
B034,923.625,1642426835134699,5.325981295538946,-49.0
B034,923.625,1642426835142925,5.3198453723874035,-49.0
B034,923.625,1642426835150241,5.332117218690489,-49.0
B034,923.625,1642426835160268,5.295301679781233,-49.0
B034,923.625,1642426835171429,5.307573526084319,-49.0
B034,923.625,1642426835176863,5.3198453723874035,-49.0
B034,923.625,1642426835189563,5.325981295538946,-49.0
B034,923.625,1642426835195021,5.338253141842031,-49.0
B034,923.625,1642426835207688,5.3198453723874035,-49.0
B034,923.625,1642426835215517,5.3198453723874035,-49.0
B034,923.625,1642426835225750,5.301437602932776,-49.0
B034,923.625,1642426835235584,5.338253141842031,-49.0
B034,923.625,1642426835241481,5.3198453723874035,-49.0
B034,923.625,1642426835251789,5.301437602932776,-49.0
B034,923.625,1642426835259864,5.332117218690489,-49.0
B034,923.625,1642426835268413,5.3198453723874035,-49.0
B034,923.625,1642426835276247,5.307573526084319,-49.0
B034,923.625,1642426835289145,5.332117218690489,-49.0
B034,923.625,1642426835295803,5.313709449235861,-49.0
B034,923.625,1642426835303820,5.332117218690489,-49.0
B034,923.625,1642426835315655,5.3198453723874035,-49.0
B034,923.625,1642426835324823,5.332117218690489,-49.0
B034,923.625,1642426835332646,5.325981295538946,-49.0
B034,923.625,1642426835340753,5.3198453723874035,-49.0
B034,923.625,1642426835349931,5.338253141842031,-49.0
B034,923.625,1642426835356370,5.307573526084319,-49.0
B034,923.625,1642426835367363,5.338253141842031,-49.0
B034,923.625,1642426835377899,5.313709449235861,-49.0
B034,923.625,1642426835385744,5.325981295538946,-49.0
B034,923.625,1642426835392727,5.313709449235861,-49.0
B034,923.625,1642426835406016,5.307573526084319,-49.0
B034,923.625,1642426835413019,5.325981295538946,-49.0
B034,923.625,1642426835423329,5.3198453723874035,-49.0
B034,923.625,1642426835432579,5.332117218690489,-49.0
B034,923.625,1642426835438451,5.313709449235861,-49.0
B034,923.625,1642426835451322,5.307573526084319,-49.0
B034,923.625,1642426835457235,5.325981295538946,-49.0
B034,923.625,1642426835467567,5.313709449235861,-49.0
B034,923.625,1642426835476983,5.313709449235861,-49.5
B034,923.625,1642426835483034,5.325981295538946,-49.0
B034,923.625,1642426835493072,5.307573526084319,-49.0
B034,923.625,1642426835502138,5.3198453723874035,-49.0
B034,923.625,1642426835509934,5.325981295538946,-49.0
B034,923.625,1642426835520718,5.313709449235861,-49.0
B034,923.625,1642426835531178,5.307573526084319,-49.0
B034,923.625,1642426835538926,5.3198453723874035,-49.0
B034,923.625,1642426835547855,5.3198453723874035,-49.0
B034,923.625,1642426835556881,5.301437602932776,-49.0
B034,923.625,1642426835563259,5.313709449235861,-49.0
B034,923.625,1642426835574788,5.295301679781233,-49.0
B034,923.625,1642426835582988,5.325981295538946,-49.0
B034,923.625,1642426835593787,5.3198453723874035,-49.0
B034,923.625,1642426835600956,5.3198453723874035,-49.0
B034,923.625,1642426835609965,5.307573526084319,-49.0
B034,923.625,1642426835617539,5.325981295538946,-49.0
B034,923.625,1642426835630037,5.344389064993574,-49.0
B034,923.625,1642426835637754,5.313709449235861,-49.0
B034,923.625,1642426835644925,5.325981295538946,-49.0
B034,923.625,1642426835654135,5.313709449235861,-49.0
B034,923.625,1642426835664475,5.325981295538946,-49.0
B034,923.625,1642426835674474,5.313709449235861,-49.0
B034,923.625,1642426835681910,5.325981295538946,-49.0
B034,923.625,1642426835692484,5.332117218690489,-49.0
B034,923.625,1642426835698799,5.289165756629691,-49.0
B034,923.625,1642426835708248,5.332117218690489,-49.0
B034,923.625,1642426835720890,5.3198453723874035,-49.0
B034,923.625,1642426835725037,5.3198453723874035,-49.0
B034,923.625,1642426835737717,5.3198453723874035,-49.0
B034,923.625,1642426835745071,5.332117218690489,-49.0
B034,923.625,1642426835754047,5.307573526084319,-49.0
B034,923.625,1642426835763177,5.325981295538946,-49.0
B034,923.625,1642426835771070,5.332117218690489,-49.0
B034,923.625,1642426835780449,5.301437602932776,-49.0
B034,923.625,1642426835788796,5.332117218690489,-49.0
B034,923.625,1642426835797447,5.3198453723874035,-49.0
B034,923.625,1642426835809117,5.325981295538946,-49.0
B034,923.625,1642426835819147,5.313709449235861,-49.0
B034,923.625,1642426835827284,5.313709449235861,-49.0
B034,923.625,1642426835836449,5.344389064993574,-49.0
B034,923.625,1642426835846308,5.338253141842031,-49.0
B034,923.625,1642426835855247,5.338253141842031,-49.0
B034,923.625,1642426835861835,5.313709449235861,-49.0
B034,923.625,1642426835874120,5.338253141842031,-49.0
B034,923.625,1642426835879847,5.313709449235861,-49.0
B034,923.625,1642426835891480,5.3198453723874035,-49.0
B034,923.625,1642426835897999,5.325981295538946,-49.0
B034,923.625,1642426835909918,5.313709449235861,-49.0
B034,923.625,1642426835917241,5.3198453723874035,-49.5
B034,923.625,1642426835925430,5.313709449235861,-49.0
B034,923.625,1642426835934211,5.307573526084319,-49.0
B034,923.625,1642426835945558,5.332117218690489,-49.0
B034,923.625,1642426835954749,5.3198453723874035,-49.0
B034,923.625,1642426835961516,5.313709449235861,-49.0
B034,923.625,1642426835971055,5.270757987175063,-49.0
B034,923.625,1642426835981340,5.301437602932776,-49.0
B034,923.625,1642426835987647,5.301437602932776,-49.0
B034,923.625,1642426835996445,5.332117218690489,-49.0
B034,923.625,1642426836009274,5.313709449235861,-49.0
B034,923.625,1642426836016248,5.332117218690489,-49.0
B034,923.625,1642426836024738,5.332117218690489,-49.0
B034,923.625,1642426836036331,5.307573526084319,-49.0
B034,923.625,1642426836041550,5.307573526084319,-49.0
B034,923.625,1642426836053147,5.325981295538946,-49.0
B034,923.625,1642426836063526,5.313709449235861,-49.0
B034,923.625,1642426836068451,5.307573526084319,-49.0
B034,923.625,1642426836082521,5.3198453723874035,-49.0
B034,923.625,1642426836089500,5.313709449235861,-49.0
B034,923.625,1642426836095322,5.301437602932776,-49.0
B034,923.625,1642426836108263,5.307573526084319,-49.0
B034,923.625,1642426836117124,5.332117218690489,-49.0
B034,923.625,1642426836126856,5.325981295538946,-49.0
B034,923.625,1642426836134145,5.307573526084319,-49.0
B034,923.625,1642426836143809,5.313709449235861,-49.0
B034,923.625,1642426836153365,5.270757987175063,-49.0
B034,924.125,1642426836169122,5.485515297479052,-49.5
B034,924.125,1642426836178342,5.47937937432751,-49.5
B034,924.125,1642426836187245,5.4671075280244255,-49.5
B034,924.125,1642426836195538,5.473243451175968,-49.5
B034,924.125,1642426836204023,5.485515297479052,-49.5
B034,924.125,1642426836213434,5.47937937432751,-49.5
B034,924.125,1642426836223493,5.4671075280244255,-49.5
B034,924.125,1642426836231750,5.47937937432751,-49.5
B034,924.125,1642426836238502,5.473243451175968,-49.5
B034,924.125,1642426836248338,5.485515297479052,-49.5
B034,924.125,1642426836256872,5.485515297479052,-49.5
B034,924.125,1642426836268846,5.4671075280244255,-49.5
B034,924.125,1642426836275369,5.473243451175968,-49.5
B034,924.125,1642426836285869,5.47937937432751,-49.5
B034,924.125,1642426836293471,5.485515297479052,-49.5
B034,924.125,1642426836303987,5.45483568172134,-49.5
B034,924.125,1642426836311840,5.485515297479052,-49.5
B034,924.125,1642426836322750,5.47937937432751,-49.5
B034,924.125,1642426836329716,5.473243451175968,-49.5
B034,924.125,1642426836340252,5.473243451175968,-49.5
B034,924.125,1642426836346532,5.473243451175968,-49.5
B034,924.125,1642426836356854,5.47937937432751,-49.5
B034,924.125,1642426836365056,5.4671075280244255,-49.5
B034,924.125,1642426836374794,5.47937937432751,-49.5
B034,924.125,1642426836385427,5.4671075280244255,-49.5
B034,924.125,1642426836393170,5.473243451175968,-49.5
B034,924.125,1642426836401565,5.47937937432751,-49.5
B034,924.125,1642426836411861,5.473243451175968,-49.5
B034,924.125,1642426836419523,5.47937937432751,-49.5
B034,924.125,1642426836426708,5.442563835418255,-49.5
B034,924.125,1642426836439707,5.485515297479052,-49.5
B034,924.125,1642426836447616,5.473243451175968,-49.5
B034,924.125,1642426836457872,5.485515297479052,-49.5
B034,924.125,1642426836464043,5.47937937432751,-49.5
B034,924.125,1642426836472738,5.485515297479052,-49.5
B034,924.125,1642426836481710,5.473243451175968,-49.5
B034,924.125,1642426836493319,5.4671075280244255,-49.5
B034,924.125,1642426836502692,5.47937937432751,-49.5
B034,924.125,1642426836511481,5.485515297479052,-49.5
B034,924.125,1642426836519759,5.47937937432751,-49.5
B034,924.125,1642426836525985,5.47937937432751,-49.5
B034,924.125,1642426836535163,5.442563835418255,-49.5
B034,924.125,1642426836545259,5.485515297479052,-49.5
B034,924.125,1642426836557734,5.4671075280244255,-49.5
B034,924.125,1642426836563900,5.47937937432751,-49.5
B034,924.125,1642426836570575,5.473243451175968,-49.5
B034,924.125,1642426836580031,5.4671075280244255,-49.5
B034,924.125,1642426836593585,5.460971604872882,-49.5
B034,924.125,1642426836601939,5.4671075280244255,-49.5
B034,924.125,1642426836611701,5.473243451175968,-49.5
B034,924.125,1642426836619129,5.491651220630596,-49.5
B034,924.125,1642426836626954,5.45483568172134,-49.5
B034,924.125,1642426836635393,5.473243451175968,-49.5
B034,924.125,1642426836643903,5.460971604872882,-49.5
B034,924.125,1642426836654890,5.473243451175968,-49.5
B034,924.125,1642426836663923,5.485515297479052,-49.5
B034,924.125,1642426836672131,5.4671075280244255,-49.5
B034,924.125,1642426836679973,5.485515297479052,-49.5
B034,924.125,1642426836691924,5.47937937432751,-49.5
B034,924.125,1642426836696020,5.473243451175968,-49.5
B034,924.125,1642426836706741,5.491651220630596,-49.5
B034,924.125,1642426836716473,5.473243451175968,-49.5
B034,924.125,1642426836723120,5.47937937432751,-49.5
B034,924.125,1642426836734990,5.491651220630596,-49.5
B034,924.125,1642426836742818,5.460971604872882,-49.5
B034,924.125,1642426836753328,5.47937937432751,-49.5
B034,924.125,1642426836760656,5.485515297479052,-49.5
B034,924.125,1642426836770757,5.491651220630596,-49.5
B034,924.125,1642426836778583,5.45483568172134,-49.5
B034,924.125,1642426836787547,5.4671075280244255,-49.5
B034,924.125,1642426836798872,5.47937937432751,-49.5
B034,924.125,1642426836804300,5.473243451175968,-49.5
B034,924.125,1642426836814830,5.4671075280244255,-49.5
B034,924.125,1642426836825537,5.4671075280244255,-49.5
B034,924.125,1642426836830939,5.4671075280244255,-49.5
B034,924.125,1642426836843761,5.485515297479052,-49.5
B034,924.125,1642426836851912,5.491651220630596,-49.5
B034,924.125,1642426836863051,5.47937937432751,-49.5
B034,924.125,1642426836868140,5.491651220630596,-49.5
B034,924.125,1642426836876637,5.47937937432751,-49.5
B034,924.125,1642426836889063,5.485515297479052,-49.5
B034,924.125,1642426836895830,5.47937937432751,-49.5
B034,924.125,1642426836907765,5.4671075280244255,-49.5
B034,924.125,1642426836915303,5.4671075280244255,-49.5
B034,924.125,1642426836925365,5.485515297479052,-49.5
B034,924.125,1642426836933013,5.4671075280244255,-49.5
B034,924.125,1642426836944241,5.485515297479052,-49.5
B034,924.125,1642426836951029,5.47937937432751,-49.5
B034,924.125,1642426836957498,5.485515297479052,-49.5
B034,924.125,1642426836970006,5.45483568172134,-49.5
B034,924.125,1642426836979674,5.491651220630596,-49.5
B034,924.125,1642426836989535,5.460971604872882,-49.5
B034,924.125,1642426836995464,5.491651220630596,-49.5
B034,924.125,1642426837005749,5.485515297479052,-49.5
B034,924.125,1642426837014703,5.47937937432751,-49.5
B034,924.125,1642426837024550,5.485515297479052,-49.5
B034,924.125,1642426837030433,5.491651220630596,-49.5
B034,924.125,1642426837041536,5.485515297479052,-49.5
B034,924.125,1642426837048935,5.473243451175968,-49.5
B034,924.125,1642426837059773,5.473243451175968,-49.5
B034,924.125,1642426837067184,5.473243451175968,-49.5
B034,924.125,1642426837077469,5.491651220630596,-49.5
B034,924.125,1642426837083753,5.460971604872882,-49.5
B034,924.125,1642426837094776,5.491651220630596,-49.5
B034,924.125,1642426837102962,5.485515297479052,-49.5
B034,924.125,1642426837110622,5.485515297479052,-49.5
B034,924.125,1642426837121169,5.47937937432751,-49.5
B034,924.125,1642426837132333,5.473243451175968,-49.5
B034,924.125,1642426837141739,5.473243451175968,-49.5
B034,924.125,1642426837146944,5.485515297479052,-49.5
B034,924.125,1642426837159108,5.47937937432751,-49.5
B034,924.125,1642426837166489,5.485515297479052,-49.5
B034,924.125,1642426837175362,5.485515297479052,-49.5
B034,924.125,1642426837184085,5.485515297479052,-49.5
B034,924.125,1642426837194057,5.47937937432751,-49.5
B034,924.125,1642426837200320,5.460971604872882,-49.5
B034,924.125,1642426837210060,5.47937937432751,-49.5
B034,924.125,1642426837220398,5.4671075280244255,-49.5
B034,924.125,1642426837231915,5.491651220630596,-49.5
B034,924.125,1642426837240877,5.516194913236766,-49.5
B034,924.125,1642426837245209,5.485515297479052,-49.5
B034,924.125,1642426837258206,5.485515297479052,-49.5
B034,924.125,1642426837267381,5.47937937432751,-49.5
B034,924.125,1642426837274440,5.45483568172134,-49.5
B034,924.125,1642426837283380,5.460971604872882,-49.5
B034,924.125,1642426837291934,5.485515297479052,-49.5
B034,924.125,1642426837302483,5.473243451175968,-49.5
B034,924.125,1642426837310313,5.4671075280244255,-49.5
B034,924.125,1642426837317663,5.4671075280244255,-49.5
B034,924.125,1642426837331226,5.485515297479052,-49.5
B034,924.125,1642426837335563,5.491651220630596,-49.5
B034,924.125,1642426837344035,5.47937937432751,-49.5
B034,924.125,1642426837356153,5.485515297479052,-49.5
B034,924.125,1642426837365567,5.47937937432751,-49.5
B034,924.125,1642426837371818,5.491651220630596,-49.5
B034,924.125,1642426837384289,5.485515297479052,-49.5
B034,924.125,1642426837392703,5.485515297479052,-49.5
B034,924.125,1642426837398952,5.473243451175968,-49.5
B034,924.125,1642426837408484,5.485515297479052,-49.5
B034,924.125,1642426837417048,5.473243451175968,-49.5
B034,924.125,1642426837428283,5.485515297479052,-49.5
B034,924.125,1642426837435911,5.47937937432751,-49.5
B034,924.125,1642426837445969,5.473243451175968,-49.5
B034,924.125,1642426837454930,5.473243451175968,-49.5
B034,924.125,1642426837462264,5.47937937432751,-49.5
B034,924.125,1642426837471951,5.473243451175968,-49.5
B034,924.125,1642426837481514,5.473243451175968,-49.5
B034,924.125,1642426837489416,5.473243451175968,-49.5
B034,924.125,1642426837499482,5.491651220630596,-49.5
B034,924.125,1642426837509791,5.47937937432751,-49.5
B034,924.125,1642426837518674,5.47937937432751,-49.5
B034,924.125,1642426837528365,5.473243451175968,-49.5
B034,924.125,1642426837533754,5.47937937432751,-49.5
B034,924.125,1642426837542756,5.47937937432751,-49.5
B034,924.125,1642426837555248,5.473243451175968,-49.5
B034,924.125,1642426837562770,5.47937937432751,-49.5
B034,924.125,1642426837572404,5.473243451175968,-49.5
B034,924.125,1642426837582722,5.45483568172134,-49.5
B034,924.125,1642426837591936,5.47937937432751,-49.5
B034,924.125,1642426837599883,5.473243451175968,-49.5
B034,924.125,1642426837605639,5.47937937432751,-49.5
B034,924.125,1642426837618633,5.4671075280244255,-49.5
B034,924.125,1642426837625601,5.485515297479052,-49.5
B034,924.125,1642426837634820,5.485515297479052,-49.5
B034,924.125,1642426837644913,5.473243451175968,-49.5
B034,924.125,1642426837651473,5.473243451175968,-49.5
B034,924.125,1642426837664800,5.473243451175968,-49.5
B034,924.125,1642426837671814,5.491651220630596,-49.5
B034,924.125,1642426837679943,5.4671075280244255,-49.5
B034,924.125,1642426837689576,5.485515297479052,-49.5
B034,924.125,1642426837700071,5.4671075280244255,-49.5
B034,924.125,1642426837706865,5.491651220630596,-49.5
B034,924.125,1642426837716984,5.4671075280244255,-49.5
B034,924.125,1642426837727316,5.473243451175968,-49.5
B034,924.125,1642426837734602,5.4671075280244255,-49.5
B034,924.125,1642426837742663,5.473243451175968,-49.5
B034,924.125,1642426837750248,5.485515297479052,-49.5
B034,924.125,1642426837762769,5.47937937432751,-49.5
B034,924.125,1642426837768305,5.47937937432751,-49.5
B034,924.125,1642426837780620,5.47937937432751,-49.5
B034,924.125,1642426837789297,5.460971604872882,-49.5
B034,924.125,1642426837798036,5.4671075280244255,-49.5
B034,924.125,1642426837804490,5.47937937432751,-49.5
B034,924.125,1642426837813721,5.485515297479052,-49.5
B034,924.125,1642426837822661,5.47937937432751,-49.5
B034,924.125,1642426837834924,5.4671075280244255,-49.5
B034,924.125,1642426837843264,5.485515297479052,-49.5
B034,924.125,1642426837850890,5.485515297479052,-49.5
B034,924.125,1642426837861150,5.491651220630596,-49.5
B034,924.125,1642426837869034,5.47937937432751,-49.5
B034,924.125,1642426837877501,5.473243451175968,-49.5
B034,924.125,1642426837888646,5.473243451175968,-49.5
B034,924.125,1642426837897229,5.473243451175968,-49.5
B034,924.125,1642426837903522,5.47937937432751,-49.5
B034,924.125,1642426837911718,5.473243451175968,-49.5
B034,924.125,1642426837923803,5.497787143782138,-49.5
B034,924.125,1642426837934616,5.47937937432751,-49.5
B034,924.125,1642426837941626,5.491651220630596,-49.5
B034,924.125,1642426837951373,5.4671075280244255,-49.5
B034,924.125,1642426837958379,5.4671075280244255,-49.5
B034,924.125,1642426837970017,5.4671075280244255,-49.5
B034,924.125,1642426837979038,5.47937937432751,-49.5
B034,924.125,1642426837985796,5.473243451175968,-49.5
B034,924.125,1642426837994557,5.47937937432751,-49.5
B034,924.125,1642426838004210,5.473243451175968,-49.5
B034,924.125,1642426838013426,5.485515297479052,-49.5
B034,924.125,1642426838021413,5.473243451175968,-49.5
B034,924.125,1642426838033098,5.473243451175968,-49.5
B034,924.125,1642426838038343,5.448699758569798,-49.5
B034,924.125,1642426838051067,5.485515297479052,-49.5
B034,920.625,1642426838068613,4.313553975534423,-48.5
B034,920.625,1642426838075042,4.313553975534423,-48.5
B034,920.625,1642426838085258,4.319689898685965,-48.5
B034,920.625,1642426838095120,4.319689898685965,-48.5
B034,920.625,1642426838101360,4.319689898685965,-48.5
B034,920.625,1642426838111725,4.319689898685965,-48.5
B034,920.625,1642426838118912,4.319689898685965,-48.5
B034,920.625,1642426838130729,4.319689898685965,-48.5
B034,920.625,1642426838138432,4.338097668140593,-48.5
B034,920.625,1642426838148842,4.331961744989051,-48.5
B034,920.625,1642426838158502,4.325825821837508,-48.5
B034,920.625,1642426838167762,4.338097668140593,-48.5
B034,920.625,1642426838176985,4.319689898685965,-48.5
B034,920.625,1642426838185377,4.331961744989051,-48.5
B034,920.625,1642426838194654,4.313553975534423,-48.5
B034,920.625,1642426838203560,4.331961744989051,-48.5
B034,920.625,1642426838210096,4.319689898685965,-48.5
B034,920.625,1642426838221527,4.319689898685965,-48.5
B034,920.625,1642426838228174,4.331961744989051,-48.5
B034,920.625,1642426838238497,4.325825821837508,-48.5
B034,920.625,1642426838248364,4.319689898685965,-48.5
B034,920.625,1642426838254265,4.325825821837508,-48.5
B034,920.625,1642426838263994,4.313553975534423,-48.5
B034,920.625,1642426838273226,4.313553975534423,-48.5
B034,920.625,1642426838281950,4.338097668140593,-48.5
B034,920.625,1642426838294382,4.319689898685965,-48.5
B034,920.625,1642426838300380,4.325825821837508,-48.5
B034,920.625,1642426838312355,4.325825821837508,-48.0
B034,920.625,1642426838321722,4.338097668140593,-48.5
B034,920.625,1642426838326953,4.325825821837508,-48.5
B034,920.625,1642426838335622,4.338097668140593,-48.5
B034,920.625,1642426838347308,4.325825821837508,-48.0
B034,920.625,1642426838357578,4.319689898685965,-48.0
B034,920.625,1642426838367414,4.319689898685965,-48.5
B034,920.625,1642426838373298,4.313553975534423,-48.5
B034,920.625,1642426838380953,4.325825821837508,-48.5
B034,920.625,1642426838391486,4.325825821837508,-48.5
B034,920.625,1642426838398627,4.319689898685965,-48.5
B034,920.625,1642426838411665,4.313553975534423,-48.5
B034,920.625,1642426838417623,4.325825821837508,-48.5
B034,920.625,1642426838427612,4.331961744989051,-48.5
B034,920.625,1642426838437411,4.325825821837508,-48.5
B034,920.625,1642426838446591,4.319689898685965,-48.5
B034,920.625,1642426838457300,4.331961744989051,-48.5
B034,920.625,1642426838462566,4.344233591292136,-48.5
B034,920.625,1642426838473759,4.319689898685965,-48.5
B034,920.625,1642426838479303,4.319689898685965,-48.5
B034,920.625,1642426838492733,4.325825821837508,-48.5
B034,920.625,1642426838498604,4.325825821837508,-48.5
B034,920.625,1642426838509801,4.331961744989051,-48.5
B034,920.625,1642426838519846,4.338097668140593,-48.5
B034,920.625,1642426838527720,4.313553975534423,-48.5
B034,920.625,1642426838535216,4.319689898685965,-48.0
B034,920.625,1642426838547714,4.338097668140593,-48.5
B034,920.625,1642426838555814,4.319689898685965,-48.5
B034,920.625,1642426838563115,4.325825821837508,-48.5
B034,920.625,1642426838571539,4.3503695144436785,-48.5
B034,920.625,1642426838583238,4.331961744989051,-48.5
B034,920.625,1642426838588979,4.3074180523828804,-48.5
B034,920.625,1642426838599605,4.331961744989051,-48.5
B034,920.625,1642426838608864,4.319689898685965,-48.5
B034,920.625,1642426838618532,4.319689898685965,-48.5
B034,920.625,1642426838625915,4.331961744989051,-48.5
B034,920.625,1642426838635547,4.331961744989051,-48.5
B034,920.625,1642426838643599,4.313553975534423,-48.5
B034,920.625,1642426838654127,4.319689898685965,-48.5
B034,920.625,1642426838664430,4.319689898685965,-48.5
B034,920.625,1642426838669460,4.313553975534423,-48.5
B034,920.625,1642426838683291,4.313553975534423,-48.5
B034,920.625,1642426838690025,4.3074180523828804,-48.5
B034,920.625,1642426838698976,4.3074180523828804,-48.5
B034,920.625,1642426838706001,4.338097668140593,-48.5
B034,920.625,1642426838718819,4.325825821837508,-48.5
B034,920.625,1642426838725555,4.325825821837508,-48.5
B034,920.625,1642426838737206,4.313553975534423,-48.5
B034,920.625,1642426838744031,4.319689898685965,-48.0
B034,920.625,1642426838754746,4.319689898685965,-48.5
B034,920.625,1642426838764546,4.338097668140593,-48.5
B034,920.625,1642426838773763,4.313553975534423,-48.5
B034,920.625,1642426838783007,4.325825821837508,-48.5
B034,920.625,1642426838790231,4.387185053352933,-48.0
B034,920.625,1642426838800691,4.3074180523828804,-48.5
B034,920.625,1642426838809493,4.325825821837508,-48.0
B034,920.625,1642426838816071,4.313553975534423,-48.5
B034,920.625,1642426838824051,4.325825821837508,-48.5
B034,920.625,1642426838836016,4.313553975534423,-48.5
B034,920.625,1642426838845161,4.325825821837508,-48.5
B034,920.625,1642426838851225,4.325825821837508,-48.0
B034,920.625,1642426838863725,4.319689898685965,-48.5
B034,920.625,1642426838872410,4.313553975534423,-48.5
B034,920.625,1642426838879141,4.319689898685965,-48.0
B034,920.625,1642426838887381,4.313553975534423,-48.5
B034,920.625,1642426838900119,4.319689898685965,-48.0
B034,920.625,1642426838906613,4.331961744989051,-48.5
B034,920.625,1642426838918445,4.325825821837508,-48.0
B034,920.625,1642426838923612,4.319689898685965,-48.5
B034,920.625,1642426838934094,4.319689898685965,-48.5
B034,920.625,1642426838945242,4.331961744989051,-48.5
B034,920.625,1642426838953526,4.319689898685965,-48.5
B034,920.625,1642426838962094,4.301282129231338,-48.5
B034,920.625,1642426838972211,4.331961744989051,-48.5
B034,920.625,1642426838977421,4.3074180523828804,-48.0
B034,920.625,1642426838988425,4.331961744989051,-48.5
B034,920.625,1642426838998998,4.313553975534423,-48.5
B034,920.625,1642426839009436,4.325825821837508,-48.0
B034,920.625,1642426839018168,4.313553975534423,-48.5
B034,920.625,1642426839026281,4.313553975534423,-48.5
B034,920.625,1642426839034609,4.331961744989051,-48.5
B034,920.625,1642426839042703,4.313553975534423,-48.5
B034,920.625,1642426839053598,4.313553975534423,-48.5
B034,920.625,1642426839061486,4.325825821837508,-48.5
B034,920.625,1642426839068041,4.344233591292136,-48.5
B034,920.625,1642426839077439,4.319689898685965,-48.5
B034,920.625,1642426839087304,4.313553975534423,-48.5
B034,920.625,1642426839096694,4.325825821837508,-48.5
B034,920.625,1642426839106550,4.319689898685965,-48.5
B034,920.625,1642426839113879,4.325825821837508,-48.5
B034,920.625,1642426839126106,4.319689898685965,-48.5
B034,920.625,1642426839131328,4.331961744989051,-48.5
B034,920.625,1642426839141260,4.325825821837508,-48.5
B034,920.625,1642426839151564,4.325825821837508,-48.5
B034,920.625,1642426839160722,4.325825821837508,-48.5
B034,920.625,1642426839167585,4.325825821837508,-48.5
B034,920.625,1642426839179549,4.3074180523828804,-48.5
B034,920.625,1642426839185405,4.319689898685965,-48.5
B034,920.625,1642426839197669,4.313553975534423,-48.5
B034,920.625,1642426839206876,4.313553975534423,-48.5
B034,920.625,1642426839215614,4.331961744989051,-48.5
B034,920.625,1642426839222371,4.325825821837508,-48.5
B034,920.625,1642426839233429,4.313553975534423,-48.5
B034,920.625,1642426839239472,4.344233591292136,-48.5
B034,920.625,1642426839251960,4.331961744989051,-48.5
B034,920.625,1642426839261434,4.338097668140593,-48.5
B034,920.625,1642426839268697,4.325825821837508,-48.0
B034,920.625,1642426839278431,4.325825821837508,-48.0
B034,920.625,1642426839286285,4.313553975534423,-48.5
B034,920.625,1642426839293431,4.313553975534423,-48.5
B034,920.625,1642426839306610,4.313553975534423,-48.5
B034,920.625,1642426839315406,4.331961744989051,-48.5
B034,920.625,1642426839321650,4.325825821837508,-48.5
B034,920.625,1642426839332011,4.313553975534423,-48.5
B034,920.625,1642426839338801,4.319689898685965,-48.5
B034,920.625,1642426839351849,4.319689898685965,-48.5
B034,920.625,1642426839360582,4.331961744989051,-48.5
B034,920.625,1642426839370493,4.325825821837508,-48.5
B034,920.625,1642426839375855,4.325825821837508,-48.5
B034,920.625,1642426839385060,4.313553975534423,-48.5
B034,920.625,1642426839396198,4.331961744989051,-48.5
B034,920.625,1642426839407557,4.325825821837508,-48.5
B034,920.625,1642426839414308,4.331961744989051,-48.5
B034,920.625,1642426839425056,4.325825821837508,-48.5
B034,920.625,1642426839430834,4.313553975534423,-48.5
B034,920.625,1642426839443654,4.3074180523828804,-48.5
B034,920.625,1642426839452974,4.331961744989051,-48.5
B034,920.625,1642426839461232,4.331961744989051,-48.5
B034,920.625,1642426839471742,4.319689898685965,-48.5
B034,920.625,1642426839480184,4.331961744989051,-48.5
B034,920.625,1642426839486640,4.319689898685965,-48.5
B034,920.625,1642426839496988,4.301282129231338,-48.5
B034,920.625,1642426839504933,4.319689898685965,-48.5
B034,920.625,1642426839515830,4.319689898685965,-48.5
B034,920.625,1642426839524818,4.325825821837508,-48.5
B034,920.625,1642426839532472,4.313553975534423,-48.5
B034,920.625,1642426839543256,4.319689898685965,-48.5
B034,920.625,1642426839550832,4.331961744989051,-48.5
B034,920.625,1642426839560706,4.313553975534423,-48.5
B034,920.625,1642426839566930,4.331961744989051,-48.5
B034,920.625,1642426839577716,4.3074180523828804,-48.5
B034,920.625,1642426839585917,4.325825821837508,-48.5
B034,920.625,1642426839596762,4.331961744989051,-48.5
B034,920.625,1642426839606546,4.319689898685965,-48.0
B034,920.625,1642426839614403,4.313553975534423,-48.5
B034,920.625,1642426839624462,4.331961744989051,-48.5
B034,920.625,1642426839633879,4.319689898685965,-48.5
B034,920.625,1642426839642555,4.325825821837508,-48.5
B034,920.625,1642426839653003,4.331961744989051,-48.5
B034,920.625,1642426839659956,4.319689898685965,-48.5
B034,920.625,1642426839669204,4.331961744989051,-48.5
B034,920.625,1642426839677301,4.313553975534423,-48.5
B034,920.625,1642426839687807,4.325825821837508,-48.5
B034,920.625,1642426839694563,4.319689898685965,-48.0
B034,920.625,1642426839704205,4.325825821837508,-48.5
B034,920.625,1642426839714906,4.313553975534423,-48.5
B034,920.625,1642426839723562,4.3074180523828804,-48.5
B034,920.625,1642426839732504,4.331961744989051,-48.5
B034,920.625,1642426839743291,4.313553975534423,-48.5
B034,920.625,1642426839753316,4.3503695144436785,-48.5
B034,920.625,1642426839758682,4.325825821837508,-48.5
B034,920.625,1642426839770012,4.301282129231338,-48.5
B034,920.625,1642426839778138,4.319689898685965,-48.5
B034,920.625,1642426839787301,4.325825821837508,-48.5
B034,920.625,1642426839796030,4.319689898685965,-48.5
B034,920.625,1642426839803049,4.325825821837508,-48.5
B034,920.625,1642426839814736,4.319689898685965,-48.5
B034,920.625,1642426839824544,4.325825821837508,-48.5
B034,920.625,1642426839831129,4.325825821837508,-48.5
B034,920.625,1642426839839255,4.338097668140593,-48.5
B034,920.625,1642426839851270,4.325825821837508,-48.5
B034,920.625,1642426839858744,4.3074180523828804,-48.5
B034,920.625,1642426839869019,4.331961744989051,-48.5
B034,920.625,1642426839874291,4.319689898685965,-48.5
B034,920.625,1642426839886926,4.325825821837508,-48.5
B034,920.625,1642426839892961,4.3074180523828804,-48.5
B034,920.625,1642426839905718,4.3074180523828804,-48.5
B034,920.625,1642426839914473,4.325825821837508,-48.5
B034,920.625,1642426839923036,4.319689898685965,-48.5
B034,920.625,1642426839933088,4.313553975534423,-48.5
B034,920.625,1642426839940981,4.325825821837508,-48.5
B034,920.625,1642426839947702,4.325825821837508,-48.5
B034,920.625,1642426839956690,4.313553975534423,-48.5
B034,921.125,1642426839971672,4.485359823777615,-48.5
B034,921.125,1642426839981151,4.473087977474529,-48.5
B034,921.125,1642426839989375,4.503767593232243,-48.5
B034,921.125,1642426840000719,4.473087977474529,-48.5
B034,921.125,1642426840007625,4.485359823777615,-48.5
B034,921.125,1642426840017725,4.491495746929157,-48.5
B034,921.125,1642426840029616,4.491495746929157,-48.5
B034,921.125,1642426840035297,4.485359823777615,-48.5
B034,921.125,1642426840043347,4.4976316700807,-48.5
B034,921.125,1642426840055238,4.479223900626073,-48.5
B034,921.125,1642426840062202,4.4976316700807,-48.5
B034,921.125,1642426840073062,4.479223900626073,-48.5
B034,921.125,1642426840083111,4.491495746929157,-48.5
B034,921.125,1642426840091493,4.491495746929157,-49.0
B034,921.125,1642426840100208,4.485359823777615,-48.5
B034,921.125,1642426840110779,4.479223900626073,-48.5
B034,921.125,1642426840118634,4.4976316700807,-48.5
B034,921.125,1642426840128470,4.491495746929157,-48.5
B034,921.125,1642426840137962,4.491495746929157,-48.5
B034,921.125,1642426840146105,4.473087977474529,-48.5
B034,921.125,1642426840155281,4.4976316700807,-48.5
B034,921.125,1642426840164740,4.479223900626073,-48.5
B034,921.125,1642426840173641,4.503767593232243,-48.5
B034,921.125,1642426840183302,4.485359823777615,-49.0
B034,921.125,1642426840190589,4.491495746929157,-48.5
B034,921.125,1642426840198843,4.485359823777615,-48.5
B034,921.125,1642426840208499,4.491495746929157,-49.0
B034,921.125,1642426840219713,4.479223900626073,-48.5
B034,921.125,1642426840226453,4.485359823777615,-48.5
B034,921.125,1642426840235742,4.503767593232243,-48.5
B034,921.125,1642426840243352,4.485359823777615,-48.5
B034,921.125,1642426840251357,4.479223900626073,-48.5
B034,921.125,1642426840260818,4.4976316700807,-48.5
B034,921.125,1642426840271656,4.479223900626073,-48.5
B034,921.125,1642426840283431,4.491495746929157,-48.5
B034,921.125,1642426840289612,4.516039439535327,-48.5
B034,921.125,1642426840298028,4.4976316700807,-48.5
B034,921.125,1642426840305893,4.485359823777615,-48.5
B034,921.125,1642426840316203,4.473087977474529,-48.5
B034,921.125,1642426840326064,4.491495746929157,-49.0
B034,921.125,1642426840336368,4.4976316700807,-48.5
B034,921.125,1642426840343425,4.503767593232243,-48.5
B034,921.125,1642426840354858,4.485359823777615,-48.5
B034,921.125,1642426840359682,4.4976316700807,-48.5
B034,921.125,1642426840368635,4.491495746929157,-48.5
B034,921.125,1642426840380196,4.491495746929157,-49.0
B034,921.125,1642426840389574,4.4976316700807,-48.5
B034,921.125,1642426840397174,4.4976316700807,-48.5
B034,921.125,1642426840409017,4.491495746929157,-48.5
B034,921.125,1642426840418035,4.503767593232243,-48.5
B034,921.125,1642426840427865,4.491495746929157,-48.5
B034,921.125,1642426840435191,4.491495746929157,-48.5
B034,921.125,1642426840443839,4.4976316700807,-48.5
B034,921.125,1642426840454762,4.479223900626073,-48.5
B034,921.125,1642426840462053,4.503767593232243,-48.5
B034,921.125,1642426840471863,4.491495746929157,-48.5
B034,921.125,1642426840479309,4.491495746929157,-48.5
B034,921.125,1642426840488047,4.4976316700807,-48.5
B034,921.125,1642426840500043,4.503767593232243,-48.5
B034,921.125,1642426840504627,4.503767593232243,-48.5
B034,921.125,1642426840517072,4.4976316700807,-48.5
B034,921.125,1642426840523828,4.479223900626073,-48.5
B034,921.125,1642426840534642,4.4976316700807,-48.5
B034,921.125,1642426840542508,4.479223900626073,-48.5
B034,921.125,1642426840550198,4.473087977474529,-48.5
B034,921.125,1642426840558964,4.491495746929157,-48.5
B034,921.125,1642426840570101,4.503767593232243,-48.5
B034,921.125,1642426840577745,4.491495746929157,-48.5
B034,921.125,1642426840587313,4.491495746929157,-48.5
B034,921.125,1642426840596658,4.491495746929157,-48.5
B034,921.125,1642426840607511,4.491495746929157,-48.5
B034,921.125,1642426840615680,4.485359823777615,-48.5
B034,921.125,1642426840623171,4.479223900626073,-48.5
B034,921.125,1642426840634334,4.485359823777615,-48.5
B034,921.125,1642426840643338,4.479223900626073,-48.5
B034,921.125,1642426840650354,4.503767593232243,-48.5
B034,921.125,1642426840662130,4.491495746929157,-48.5
B034,921.125,1642426840669627,4.509903516383785,-48.5
B034,921.125,1642426840677221,4.485359823777615,-48.5
B034,921.125,1642426840685935,4.479223900626073,-48.5
B034,921.125,1642426840695397,4.485359823777615,-48.5
B034,921.125,1642426840706600,4.491495746929157,-48.5
B034,921.125,1642426840713248,4.4976316700807,-48.5
B034,921.125,1642426840723862,4.479223900626073,-48.5
B034,921.125,1642426840729972,4.491495746929157,-48.5
B034,921.125,1642426840739275,4.485359823777615,-48.5
B034,921.125,1642426840748218,4.491495746929157,-48.5
B034,921.125,1642426840760967,4.485359823777615,-48.5
B034,921.125,1642426840769272,4.485359823777615,-48.5
B034,921.125,1642426840779557,4.491495746929157,-48.5
B034,921.125,1642426840783985,4.503767593232243,-48.5
B034,921.125,1642426840796971,4.503767593232243,-48.5
B034,921.125,1642426840805515,4.485359823777615,-48.5
B034,921.125,1642426840814297,4.4976316700807,-48.5
B034,921.125,1642426840822185,4.485359823777615,-48.5
B034,921.125,1642426840832910,4.491495746929157,-48.5
B034,921.125,1642426840839906,4.491495746929157,-48.5
B034,921.125,1642426840851563,4.4976316700807,-48.5
B034,921.125,1642426840859383,4.479223900626073,-48.5
B034,921.125,1642426840869698,4.491495746929157,-48.5
B034,921.125,1642426840875558,4.491495746929157,-48.5
B034,921.125,1642426840885551,4.491495746929157,-48.5
B034,921.125,1642426840894001,4.4976316700807,-48.5
B034,921.125,1642426840903192,4.4976316700807,-48.5
B034,921.125,1642426840910538,4.479223900626073,-48.5
B034,921.125,1642426840922259,4.4976316700807,-48.5
B034,921.125,1642426840929720,4.479223900626073,-48.5
B034,921.125,1642426840939421,4.491495746929157,-48.5
B034,921.125,1642426840948575,4.491495746929157,-48.5
B034,921.125,1642426840959203,4.503767593232243,-48.5
B034,921.125,1642426840967750,4.485359823777615,-48.5
B034,921.125,1642426840978165,4.4976316700807,-48.5
B034,921.125,1642426840984070,4.473087977474529,-48.5
B034,921.125,1642426840993318,4.503767593232243,-48.5
B034,921.125,1642426841004528,4.503767593232243,-48.5
B034,921.125,1642426841010342,4.491495746929157,-48.5
B034,921.125,1642426841020332,4.503767593232243,-48.5
B034,921.125,1642426841030171,4.479223900626073,-48.5
B034,921.125,1642426841040227,4.491495746929157,-48.5
B034,921.125,1642426841048385,4.4976316700807,-48.5
B034,921.125,1642426841056966,4.479223900626073,-48.5
B034,921.125,1642426841063375,4.485359823777615,-48.5
B034,921.125,1642426841073887,4.485359823777615,-48.5
B034,921.125,1642426841083789,4.485359823777615,-48.5
B034,921.125,1642426841095026,4.503767593232243,-48.5
B034,921.125,1642426841100804,4.485359823777615,-48.5
B034,921.125,1642426841112447,4.491495746929157,-48.5
B034,921.125,1642426841119767,4.466952054322987,-48.5
B034,921.125,1642426841127147,4.466952054322987,-48.5
B034,921.125,1642426841137291,4.479223900626073,-48.5
B034,921.125,1642426841148450,4.485359823777615,-48.5
B034,921.125,1642426841156196,4.479223900626073,-48.5
B034,921.125,1642426841163304,4.479223900626073,-48.5
B034,921.125,1642426841174680,4.503767593232243,-48.5
B034,921.125,1642426841183393,4.491495746929157,-48.5
B034,921.125,1642426841191285,4.479223900626073,-48.5
B034,921.125,1642426841201624,4.485359823777615,-48.5
B034,921.125,1642426841210379,4.479223900626073,-48.5
B034,921.125,1642426841216854,4.485359823777615,-48.5
B034,921.125,1642426841229550,4.491495746929157,-48.5
B034,921.125,1642426841238950,4.491495746929157,-48.5
B034,921.125,1642426841247097,4.473087977474529,-49.0
B034,921.125,1642426841253375,4.485359823777615,-48.5
B034,921.125,1642426841265198,4.4976316700807,-48.5
B034,921.125,1642426841271439,4.485359823777615,-48.5
B034,921.125,1642426841281736,4.491495746929157,-48.5
B034,921.125,1642426841292839,4.503767593232243,-48.5
B034,921.125,1642426841299152,4.485359823777615,-48.5
B034,921.125,1642426841309713,4.479223900626073,-48.5
B034,921.125,1642426841318146,4.479223900626073,-48.5
B034,921.125,1642426841326602,4.4976316700807,-48.5
B034,921.125,1642426841335862,4.479223900626073,-48.5
B034,921.125,1642426841344540,4.503767593232243,-48.5
B034,921.125,1642426841351955,4.491495746929157,-48.5
B034,921.125,1642426841363292,4.509903516383785,-48.5
B034,921.125,1642426841372986,4.491495746929157,-48.5
B034,921.125,1642426841383149,4.485359823777615,-48.5
B034,921.125,1642426841388489,4.4976316700807,-48.5
B034,921.125,1642426841398043,4.485359823777615,-48.5
B034,921.125,1642426841406759,4.479223900626073,-48.5
B034,921.125,1642426841418371,4.503767593232243,-48.5
B034,921.125,1642426841424932,4.479223900626073,-48.5
B034,921.125,1642426841436767,4.4976316700807,-48.5
B034,921.125,1642426841445158,4.491495746929157,-48.5
B034,921.125,1642426841452232,4.491495746929157,-48.5
B034,921.125,1642426841462844,4.485359823777615,-48.5
B034,921.125,1642426841469311,4.485359823777615,-48.5
B034,921.125,1642426841481589,4.4976316700807,-48.5
B034,921.125,1642426841488361,4.485359823777615,-48.5
B034,921.125,1642426841499168,4.491495746929157,-48.5
B034,921.125,1642426841505400,4.485359823777615,-48.5
B034,921.125,1642426841515199,4.479223900626073,-48.5
B034,921.125,1642426841525470,4.485359823777615,-48.5
B034,921.125,1642426841535312,4.485359823777615,-49.0
B034,921.125,1642426841541477,4.485359823777615,-48.5
B034,921.125,1642426841553983,4.485359823777615,-48.5
B034,921.125,1642426841559915,4.479223900626073,-48.5
B034,921.125,1642426841568181,4.485359823777615,-48.5
B034,921.125,1642426841579603,4.479223900626073,-48.5
B034,921.125,1642426841586821,4.491495746929157,-48.5
B034,921.125,1642426841598571,4.491495746929157,-48.5
B034,921.125,1642426841607806,4.460816131171445,-48.5
B034,921.125,1642426841612981,4.485359823777615,-48.5
B034,921.125,1642426841624220,4.4976316700807,-48.5
B034,921.125,1642426841635317,4.4976316700807,-48.5
B034,921.125,1642426841645124,4.503767593232243,-48.5
B034,921.125,1642426841653910,4.485359823777615,-48.5
B034,921.125,1642426841660157,4.516039439535327,-48.5
B034,921.125,1642426841670465,4.491495746929157,-48.5
B034,921.125,1642426841680040,4.485359823777615,-48.5
B034,921.125,1642426841687795,4.485359823777615,-49.0
B034,921.125,1642426841698473,4.485359823777615,-48.5
B034,921.125,1642426841704973,4.503767593232243,-48.5
B034,921.125,1642426841715547,4.485359823777615,-48.5
B034,921.125,1642426841721265,4.491495746929157,-48.5
