1.650461881435133000e+15,4.908738521234123908e-02
1.650461881437057750e+15,4.827996618684505387e-02
1.650461881438982500e+15,4.747254716134885477e-02
1.650461881440907250e+15,4.666512813585266262e-02
1.650461881442831750e+15,4.585781398359007471e-02
1.650461881444756500e+15,4.505039495809388950e-02
1.650461881446681250e+15,4.424297593259769040e-02
1.650461881448606000e+15,4.343555690710150519e-02
1.650461881450530750e+15,4.319211251719187739e-02
1.650461881452455500e+15,4.379307517167654873e-02
1.650461881454380000e+15,4.439395976892593354e-02
1.650461881456304750e+15,4.499492242341060488e-02
1.650461881458229500e+15,4.559588507789528317e-02
1.650461881460154250e+15,4.619684773237995451e-02
1.650461881462079000e+15,4.679781038686463279e-02
1.650461881464003750e+15,4.739877304134930414e-02
1.650461881465928250e+15,4.799965763859868201e-02
1.650461881467853000e+15,4.860062029308336029e-02
1.650461881469777750e+15,4.877254039013631526e-02
1.650461881471702500e+15,4.711567758346797002e-02
1.650461881473627250e+15,4.545881477679962479e-02
1.650461881475552000e+15,4.380195197013128650e-02
1.650461881477476500e+15,4.214530436839951377e-02
1.650461881479401250e+15,4.048844156173117548e-02
1.650461881481326000e+15,3.883157875506283718e-02
1.650461881483250750e+15,3.717471594839449195e-02
1.650461881485175500e+15,3.806976320090994792e-02
1.650461881487100250e+15,3.967113514476501568e-02
1.650461881489024750e+15,4.127229909122510920e-02
1.650461881490949500e+15,4.287367103508017002e-02
1.650461881492874250e+15,4.447504297893523084e-02
1.650461881494799000e+15,4.607641492279029860e-02
1.650461881496723750e+15,4.767778686664535248e-02
1.650461881498648500e+15,4.869800389595779766e-02
1.650461881500573000e+15,4.544696552989171273e-02
1.650461881502497750e+15,4.219550484135666663e-02
1.650461881504422500e+15,3.894404415282162746e-02
1.650461881506347250e+15,3.569258346428658829e-02
1.650461881508272000e+15,3.244112277575154912e-02
1.650461881510196750e+15,2.918966208721650649e-02
1.650461881512121250e+15,2.593862372115042503e-02
1.650461881514046000e+15,2.527770583611979593e-02
1.650461881515970750e+15,2.656323082642471703e-02
1.650461881517895500e+15,2.784875581672963812e-02
1.650461881519820250e+15,2.913428080703455575e-02
1.650461881521745000e+15,3.041980579733947337e-02
1.650461881523669500e+15,3.170516381466215172e-02
1.650461881525594250e+15,3.299068880496706935e-02
1.650461881527519000e+15,3.427621379527198697e-02
1.650461881529443750e+15,3.556173878557690460e-02
1.650461881531368500e+15,3.681553890925526318e-02
1.650461881533293250e+15,3.681553890925529787e-02
1.650461881535217750e+15,3.681553890925533257e-02
1.650461881537142500e+15,3.681553890925536726e-02
1.650461881539067250e+15,3.681553890925540196e-02
1.650461881540992000e+15,3.681553890925543665e-02
1.650461881542916750e+15,3.681553890925547134e-02
1.650461881544841500e+15,3.681553890925551298e-02
1.650461881546766000e+15,3.681553890925554073e-02
1.650461881548690750e+15,3.681553890925558237e-02
1.650461881550615500e+15,3.681553890925561706e-02
1.650461881552540250e+15,3.681553890925565176e-02
1.650461881554465000e+15,3.681553890925568645e-02
1.650461881556389750e+15,3.631791667584731431e-02
1.650461881558314250e+15,3.510528737772202618e-02
1.650461881560239000e+15,3.389250055435666376e-02
1.650461881562163750e+15,3.267971373099129440e-02
1.650461881564088500e+15,3.146692690762592504e-02
1.650461881566013250e+15,3.025414008426056262e-02
1.650461881567938000e+15,2.904135326089519673e-02
1.650461881569862500e+15,2.782872396276990859e-02
1.650461881571787250e+15,2.661593713940454270e-02
1.650461881573712000e+15,2.540315031603917681e-02
1.650461881575636750e+15,2.483263440220876903e-02
1.650461881577561500e+15,2.582441455722488816e-02
1.650461881579486250e+15,2.681619471224101076e-02
1.650461881581410750e+15,2.780784604790980524e-02
1.650461881583335500e+15,2.879962620292592784e-02
1.650461881585260250e+15,2.979140635794204350e-02
1.650461881587185000e+15,3.078318651295816263e-02
1.650461881589109750e+15,3.177496666797427483e-02
1.650461881591034500e+15,3.276674682299039743e-02
1.650461881592959000e+15,3.375839815865919885e-02
1.650461881594883750e+15,3.475017831367531451e-02
1.650461881596808500e+15,3.574195846869143017e-02
1.650461881598733250e+15,3.673373862370755277e-02
1.650461881600658000e+15,3.681553890925571421e-02
1.650461881602582750e+15,3.681553890925570727e-02
1.650461881604507250e+15,3.681553890925571421e-02
1.650461881606432000e+15,3.681553890925570727e-02
1.650461881608356750e+15,3.681553890925571421e-02
1.650461881610281500e+15,3.681553890925570727e-02
1.650461881612206250e+15,3.539881995582700586e-02
1.650461881614131000e+15,3.368410226639962507e-02
1.650461881616055500e+15,3.196960729650587252e-02
1.650461881617980250e+15,3.025488960707849867e-02
1.650461881619905000e+15,2.854017191765111788e-02
1.650461881621829750e+15,2.682545422822373363e-02
1.650461881623754500e+15,2.511073653879635631e-02
1.650461881625679250e+15,2.593010021819849506e-02
1.650461881627603750e+15,2.800123660426237504e-02
1.650461881629528500e+15,3.007264203896044957e-02
1.650461881631453250e+15,3.214404747365852411e-02
1.650461881633378000e+15,3.421545290835659864e-02
1.650461881635302750e+15,3.628685834305467317e-02
1.650461881637227500e+15,3.592617128157766376e-02
1.650461881639152000e+15,3.473217895547622142e-02
1.650461881641076750e+15,3.353803152514951702e-02
1.650461881643001500e+15,3.234388409482281956e-02
1.650461881644926250e+15,3.114973666449611517e-02
1.650461881646851000e+15,2.995558923416941077e-02
1.650461881648775750e+15,2.876144180384270985e-02
1.650461881650700250e+15,2.756744947774127791e-02
1.650461881652625000e+15,2.637330204741457351e-02
1.650461881654549750e+15,2.517915461708786912e-02
1.650461881656474500e+15,2.476839365529523093e-02
1.650461881658399250e+15,2.524867499266529244e-02
1.650461881660324000e+15,2.572895633003535049e-02
1.650461881662248500e+15,2.620917528510415678e-02
1.650461881664173250e+15,2.668945662247421829e-02
1.650461881666098000e+15,2.716973795984427981e-02
1.650461881668022750e+15,2.765001929721434132e-02
1.650461881669947500e+15,2.813030063458440283e-02
1.650461881671872250e+15,2.861058197195446087e-02
1.650461881673796750e+15,2.909080092702327064e-02
1.650461881675721500e+15,2.957108226439332868e-02
1.650461881677646250e+15,3.005136360176339019e-02
1.650461881679571000e+15,3.053164493913344824e-02
1.650461881681495750e+15,2.873339894513724999e-02
1.650461881683420500e+15,2.592057310695091918e-02
1.650461881685345000e+15,2.310811261826949126e-02
1.650461881687269750e+15,2.029528678008316392e-02
1.650461881689194500e+15,1.748246094189683658e-02
1.650461881691119250e+15,1.466963510371051271e-02
1.650461881693044000e+15,1.248215310673417809e-02
1.650461881694968750e+15,1.390746303745254465e-02
1.650461881696893250e+15,1.533258783894234263e-02
1.650461881698818000e+15,1.675789776966070746e-02
1.650461881700742750e+15,1.818320770037907402e-02
1.650461881702667500e+15,1.840776945462785016e-02
1.650461881704592250e+15,1.840776945462785363e-02
1.650461881706517000e+15,1.840776945462785363e-02
1.650461881708441500e+15,1.840776945462785363e-02
1.650461881710366250e+15,1.840776945462785363e-02
1.650461881712291000e+15,1.840776945462785363e-02
1.650461881714215750e+15,1.840776945462785363e-02
1.650461881716140500e+15,1.780036307658479020e-02
1.650461881718065250e+15,1.695593878901642537e-02
1.650461881719989750e+15,1.611162418118407963e-02
1.650461881721914500e+15,1.526719989361572001e-02
1.650461881723839250e+15,1.442277560604736039e-02
1.650461881725764000e+15,1.357835131847899904e-02
1.650461881727688750e+15,1.273392703091063942e-02
1.650461881729613500e+15,1.202375049596991936e-02
1.650461881731538000e+15,1.147589004755454785e-02
1.650461881733462750e+15,1.092795842994608718e-02
1.650461881735387500e+15,1.038002681233762478e-02
1.650461881737312250e+15,9.832095194729162380e-03
1.650461881739237000e+15,9.284163577120699978e-03
1.650461881741161750e+15,8.736231959512237577e-03
1.650461881743086250e+15,8.188371511096866062e-03
1.650461881745011000e+15,7.640439893488405396e-03
1.650461881746935750e+15,7.092508275879942994e-03
1.650461881748860500e+15,6.544576658271480593e-03
1.650461881750785250e+15,6.414763983967753172e-03
1.650461881752710000e+15,7.511746901107963989e-03
1.650461881754634500e+15,8.608587334429868357e-03
1.650461881756559250e+15,9.705570251570080909e-03
1.650461881758484000e+15,1.080255316871028999e-02
1.650461881760408750e+15,1.189953608585050254e-02
1.650461881762333500e+15,1.190708748840504753e-02
1.650461881764258250e+15,1.135492899170431613e-02
1.650461881766182750e+15,1.080284221321331332e-02
1.650461881768107500e+15,1.025068371651258366e-02
1.650461881770032250e+15,9.698525219811852255e-03
1.650461881771957000e+15,9.146366723111119118e-03
1.650461881773881750e+15,8.594208226410389451e-03
1.650461881775806500e+15,8.042049729709658049e-03
1.650461881777731000e+15,7.489962951218655240e-03
1.650461881779655750e+15,6.937804454517924706e-03
1.650461881781580500e+15,6.385645957817192436e-03
1.650461881783505250e+15,6.135923151542144009e-03
1.650461881785430000e+15,6.135923151542222939e-03
1.650461881787354750e+15,6.135923151542303604e-03
1.650461881789279250e+15,6.135923151542384268e-03
1.650461881791204000e+15,6.135923151542463198e-03
1.650461881793128750e+15,6.135923151542542996e-03
1.650461881795053500e+15,6.569907315483983386e-03
1.650461881796978250e+15,7.011753927251393632e-03
1.650461881798903000e+15,7.453600539018803012e-03
1.650461881800827750e+15,7.895447150786211524e-03
1.650461881802752250e+15,8.337236372423504835e-03
1.650461881804677000e+15,8.779082984190913347e-03
1.650461881806601750e+15,9.220929595958323594e-03
1.650461881808526500e+15,9.662776207725732106e-03
1.650461881810451250e+15,1.010462281949314062e-02
1.650461881812376000e+15,1.054646943126055086e-02
1.650461881814300500e+15,1.098825865289784418e-02
1.650461881816225250e+15,1.143010526466525269e-02
1.650461881818150000e+15,1.187195187643266120e-02
1.650461881820074750e+15,1.241707878021794734e-02
1.650461881821999500e+15,1.394668868643900508e-02
1.650461881823924250e+15,1.547629859266006630e-02
1.650461881825848750e+15,1.700570982244181684e-02
1.650461881827773500e+15,1.833303765421658016e-02
1.650461881829698250e+15,1.743683807264632610e-02
1.650461881831623000e+15,1.654063849107607551e-02
1.650461881833547750e+15,1.564443890950582144e-02
1.650461881835472500e+15,1.474823932793556912e-02
1.650461881837397000e+15,1.385215615103885592e-02
1.650461881839321750e+15,1.295595656946860012e-02
1.650461881841246500e+15,1.205909506646099874e-02
1.650461881843171250e+15,1.116009848535938313e-02
1.650461881845096000e+15,1.026110190425776579e-02
1.650461881847020750e+15,9.362105323156150183e-03
1.650461881848945250e+15,8.463225510021942649e-03
1.650461881850870000e+15,7.564228928920327041e-03
1.650461881852794750e+15,6.665232347818710566e-03
1.650461881854719500e+15,6.135923151542111917e-03
1.650461881856644250e+15,6.135923151542138805e-03
1.650461881858569000e+15,6.135923151542166561e-03
1.650461881860493500e+15,6.135923151542193449e-03
1.650461881862418250e+15,6.135923151542221204e-03
1.650461881864343000e+15,6.135923151542248093e-03
1.650461881866267750e+15,6.135923151542276716e-03
1.650461881868192500e+15,6.135923151542303604e-03
1.650461881870117250e+15,6.476050387089661228e-03
1.650461881872041750e+15,7.546929511524598684e-03
1.650461881873966500e+15,8.617947747303317252e-03
1.650461881875891250e+15,9.688965983082036687e-03
1.650461881877816000e+15,1.075998421886075786e-02
1.650461881879740750e+15,1.183100245463947556e-02
1.650461881881665500e+15,1.290202069041819499e-02
1.650461881883590000e+15,1.397289981485313332e-02
1.650461881885514750e+15,1.504391805063185275e-02
1.650461881887439500e+15,1.611493628641057219e-02
1.650461881889364250e+15,1.718595452218929162e-02
1.650461881891289000e+15,1.825697275796800759e-02
1.650461881893213750e+15,1.840776945462785363e-02
1.650461881895138250e+15,1.840776945462785363e-02
1.650461881897063000e+15,1.840776945462785363e-02
1.650461881898987750e+15,1.840776945462785363e-02
1.650461881900912500e+15,1.840776945462785363e-02
1.650461881902837250e+15,1.818386476685171158e-02
1.650461881904762000e+15,1.709351549981280582e-02
1.650461881906686500e+15,1.600330785496729968e-02
1.650461881908611250e+15,1.491295858792839220e-02
1.650461881910536000e+15,1.382260932088948471e-02
1.650461881912460750e+15,1.273226005385057549e-02
1.650461881914385500e+15,1.164191078681166801e-02
1.650461881916310250e+15,1.055156151977275705e-02
1.650461881918234750e+15,9.461353874927256116e-03
1.650461881920159500e+15,8.371004607888348631e-03
1.650461881922084250e+15,7.280655340849438543e-03
1.650461881924009000e+15,6.190306073810530191e-03
1.650461881925933750e+15,9.543682342317245243e-03
1.650461881927858500e+15,1.313033142089224670e-02
1.650461881929783000e+15,1.671651464038443821e-02
1.650461881931707750e+15,2.030316371895943967e-02
1.650461881933632500e+15,2.388981279753443765e-02
1.650461881935557250e+15,2.747646187610944604e-02
1.650461881937482000e+15,3.106311095468444750e-02
1.650461881939406750e+15,3.464976003325945242e-02
1.650461881941331250e+15,3.741226095853657230e-02
1.650461881943256000e+15,3.891903795342452343e-02
1.650461881945180750e+15,4.042581494831248151e-02
1.650461881947105500e+15,4.193259194320043959e-02
1.650461881949030250e+15,4.343936893808839073e-02
1.650461881950955000e+15,4.494614593297635574e-02
1.650461881952879500e+15,4.645272721712331160e-02
1.650461881954804250e+15,4.795950421201126967e-02
1.650461881956729000e+15,4.946628120689922775e-02
1.650461881958653750e+15,5.097305820178717889e-02
1.650461881960578500e+15,5.247983519667513697e-02
1.650461881962503250e+15,5.398661219156309504e-02
1.650461881964427750e+15,5.515226593016217538e-02
1.650461881966352500e+15,5.475563380744815495e-02
1.650461881968277250e+15,5.435900168473412758e-02
1.650461881970202000e+15,5.396236956202010715e-02
1.650461881972126750e+15,5.356573743930607978e-02
1.650461881974051500e+15,5.316910531659206629e-02
1.650461881975976000e+15,5.277252471123389244e-02
1.650461881977900750e+15,5.237589258851986507e-02
1.650461881979825500e+15,5.197926046580583770e-02
1.650461881981750250e+15,5.158262834309181033e-02
1.650461881983675000e+15,5.118599622037779684e-02
1.650461881985599750e+15,5.078936409766376947e-02
1.650461881987524250e+15,5.039278349230559562e-02
1.650461881989449000e+15,4.999615136959156825e-02
1.650461881991373750e+15,4.959951924687754782e-02
1.650461881993298500e+15,4.920288712416352045e-02
1.650461881995223250e+15,4.993139944499749155e-02
1.650461881997148000e+15,5.112217561821090495e-02
1.650461881999072500e+15,5.231279712508152269e-02
1.650461882000997250e+15,5.350357329829493608e-02
1.650461882002922000e+15,5.469434947150834947e-02
1.650461882004846750e+15,5.475632602243687280e-02
1.650461882006771500e+15,5.391610703510544417e-02
1.650461882008696250e+15,5.307588804777400859e-02
1.650461882010620750e+15,5.223577819396475752e-02
1.650461882012545500e+15,5.139555920663331501e-02
1.650461882014470250e+15,5.055534021930189331e-02
1.650461882016395000e+15,4.971512123197045774e-02
1.650461882018319750e+15,4.908738521234056601e-02
1.650461882020244500e+15,4.908738521234053132e-02
1.650461882022169000e+15,4.908738521234048968e-02
1.650461882024093750e+15,4.908738521234046193e-02
1.650461882026018500e+15,4.908738521234042029e-02
1.650461882027943250e+15,4.908738521234038560e-02
1.650461882029868000e+15,4.960211987574979220e-02
1.650461882031792750e+15,5.235416305185350283e-02
1.650461882033717250e+15,5.510584877332982967e-02
1.650461882035642000e+15,5.785789194943353336e-02
1.650461882037566750e+15,6.060993512553723706e-02
1.650461882039491500e+15,6.336197830164093381e-02
1.650461882041416250e+15,6.611402147774464444e-02
1.650461882043341000e+15,6.886606465384834119e-02
1.650461882045265500e+15,7.161775037532466803e-02
1.650461882047190250e+15,7.436979355142836479e-02
1.650461882049115000e+15,7.712183672753207542e-02
1.650461882051039750e+15,7.985440644991523285e-02
1.650461882052964500e+15,8.210502447486653366e-02
1.650461882054889250e+15,8.435564249981782059e-02
1.650461882056813750e+15,8.660596819874952224e-02
1.650461882058738500e+15,8.885658622370080917e-02
1.650461882060663250e+15,9.110720424865210998e-02
1.650461882062588000e+15,9.232491139030883642e-02
1.650461882064512750e+15,9.281303365052502585e-02
1.650461882066437500e+15,9.330115591074122916e-02
1.650461882068362000e+15,9.378921477022221509e-02
1.650461882070286750e+15,9.427733703043839064e-02
1.650461882072211500e+15,9.476545929065459395e-02
1.650461882074136250e+15,9.525358155087076950e-02
1.650461882076061000e+15,9.574170381108695893e-02
1.650461882077985750e+15,9.622982607130314836e-02
1.650461882079910250e+15,9.671788493078416205e-02
1.650461882081835000e+15,9.720600719100033760e-02
1.650461882083759750e+15,9.769412945121652703e-02
1.650461882085684500e+15,9.816205549541871800e-02
1.650461882087609250e+15,9.733246023790743939e-02
1.650461882089534000e+15,9.650286498039614691e-02
1.650461882091458500e+15,9.567337747652267244e-02
1.650461882093383250e+15,9.484378221901137995e-02
1.650461882095308000e+15,9.401418696150010135e-02
1.650461882097232750e+15,9.318459170398882274e-02
1.650461882099157500e+15,9.235499644647754414e-02
1.650461882101082250e+15,9.274496894190863150e-02
1.650461882103006750e+15,9.388572961477190115e-02
1.650461882104931500e+15,9.502663847686260157e-02
1.650461882106856250e+15,9.616754733895330198e-02
1.650461882108781000e+15,9.730845620104400240e-02
1.650461882110705750e+15,9.844936506313471669e-02
1.650461882112630500e+15,9.959027392522543098e-02
1.650461882114555000e+15,1.007310345980886868e-01
1.650461882116479750e+15,1.018719434601794011e-01
1.650461882118404500e+15,1.030128523222701015e-01
1.650461882120329250e+15,1.041537611843608019e-01
1.650461882122254000e+15,1.037398140542218766e-01
1.650461882124178750e+15,1.030778861265270463e-01
1.650461882126103250e+15,1.024160441746638645e-01
1.650461882128028000e+15,1.017541162469690341e-01
1.650461882129952750e+15,1.010921883192742177e-01
1.650461882131877500e+15,1.004302603915793735e-01
1.650461882133802250e+15,9.976833246388455700e-02
1.650461882135727000e+15,9.910640453618974055e-02
1.650461882137651500e+15,9.844456258432653095e-02
1.650461882139576250e+15,9.817477042468157611e-02
1.650461882141501000e+15,9.817477042468157611e-02
1.650461882143425750e+15,9.817477042468158999e-02
1.650461882145350500e+15,9.817477042468158999e-02
1.650461882147275250e+15,9.817477042468157611e-02
1.650461882149200000e+15,9.817477042468158999e-02
1.650461882151124500e+15,9.817477042468158999e-02
1.650461882153049250e+15,9.817477042468158999e-02
1.650461882154974000e+15,9.817477042468158999e-02
1.650461882156898750e+15,9.817477042468158999e-02
1.650461882158823500e+15,9.817477042468157611e-02
1.650461882160748250e+15,1.004170209724082607e-01
1.650461882162672750e+15,1.036343266045424427e-01
1.650461882164597500e+15,1.068520501771328957e-01
1.650461882166522250e+15,1.100697737497233208e-01
1.650461882168447000e+15,1.132874973223137460e-01
1.650461882170371750e+15,1.165052208949041851e-01
1.650461882172296500e+15,1.165825398793085277e-01
1.650461882174221000e+15,1.165825398793084722e-01
1.650461882176145750e+15,1.165825398793084444e-01
1.650461882178070500e+15,1.165825398793084167e-01
1.650461882179995250e+15,1.165825398793083750e-01
1.650461882181920000e+15,1.165825398793083473e-01
1.650461882183844750e+15,1.162071484769460622e-01
1.650461882185769250e+15,1.155573254467268940e-01
1.650461882187694000e+15,1.149074180019805519e-01
1.650461882189618750e+15,1.142575105572341959e-01
1.650461882191543500e+15,1.136076031124878538e-01
1.650461882193468250e+15,1.129576956677414978e-01
1.650461882195393000e+15,1.123077882229951696e-01
1.650461882197317500e+15,1.116579651927759875e-01
1.650461882199242250e+15,1.110080577480296316e-01
1.650461882201167000e+15,1.105757525511820993e-01
1.650461882203091750e+15,1.115244326127075719e-01
1.650461882205016500e+15,1.124731126742330445e-01
1.650461882206941250e+15,1.134217927357585309e-01
1.650461882208865750e+15,1.143703495760784589e-01
1.650461882210790500e+15,1.153190296376039314e-01
1.650461882212715250e+15,1.162677096991294040e-01
1.650461882214640000e+15,1.165825398793083473e-01
1.650461882216564750e+15,1.165825398793083750e-01
1.650461882218489500e+15,1.165825398793083889e-01
1.650461882220414000e+15,1.165825398793084167e-01
1.650461882222338750e+15,1.165825398793084305e-01
1.650461882224263500e+15,1.165825398793084583e-01
1.650461882226188250e+15,1.165825398793084722e-01
1.650461882228113000e+15,1.165825398793084999e-01
1.650461882230037750e+15,1.165825398793085277e-01
1.650461882231962250e+15,1.165825398793085416e-01
1.650461882233887000e+15,1.163269477521765016e-01
1.650461882235811750e+15,1.158561812960067078e-01
1.650461882237736500e+15,1.153854148398369139e-01
1.650461882239661250e+15,1.149146483836671340e-01
1.650461882241586000e+15,1.144438819274973540e-01
1.650461882243510500e+15,1.139731766177694561e-01
1.650461882245435250e+15,1.135024101615996622e-01
1.650461882247360000e+15,1.130316437054298684e-01
1.650461882249284750e+15,1.125608772492600884e-01
1.650461882251209500e+15,1.120901107930903084e-01
1.650461882253134250e+15,1.116193443369205007e-01
1.650461882255058750e+15,1.111486390271926167e-01
1.650461882256983500e+15,1.106778725710228228e-01
1.650461882258908250e+15,1.107184992049672634e-01
1.650461882260833000e+15,1.112528936884935038e-01
1.650461882262757750e+15,1.117872881720197581e-01
1.650461882264682500e+15,1.123216826555460124e-01
1.650461882266607000e+15,1.128560077281768881e-01
1.650461882268531750e+15,1.133904022117031424e-01
1.650461882270456500e+15,1.139247966952293967e-01
1.650461882272381250e+15,1.144591911787556371e-01
1.650461882274306000e+15,1.149935856622819053e-01
1.650461882276230750e+15,1.155279801458081596e-01
1.650461882278155250e+15,1.160623052184390352e-01
1.650461882280080000e+15,1.166118763451116369e-01
1.650461882282004750e+15,1.177190403167936578e-01
1.650461882283929500e+15,1.188262042884756509e-01
1.650461882285854250e+15,1.199333682601576440e-01
1.650461882287779000e+15,1.210405322318396648e-01
1.650461882289703500e+15,1.221475523973167554e-01
1.650461882291628250e+15,1.232429165339244959e-01
1.650461882293553000e+15,1.243257182287932361e-01
1.650461882295477750e+15,1.254085199236619486e-01
1.650461882297402500e+15,1.264913216185306610e-01
1.650461882299327250e+15,1.275741233133994013e-01
1.650461882301251750e+15,1.286567843664062349e-01
1.650461882303176500e+15,1.279740291951638742e-01
1.650461882305101250e+15,1.268971514632469266e-01
1.650461882307026000e+15,1.258202737313299791e-01
1.650461882308950750e+15,1.247433959994130176e-01
1.650461882310875500e+15,1.236665182674960839e-01
1.650461882312800000e+15,1.227184630308506413e-01
1.650461882314724750e+15,1.227184630308506413e-01
1.650461882316649500e+15,1.227184630308506552e-01
1.650461882318574250e+15,1.227184630308506552e-01
1.650461882320499000e+15,1.227184630308506552e-01
1.650461882322423750e+15,1.227184630308506552e-01
1.650461882324348250e+15,1.227184630308506413e-01
1.650461882326273000e+15,1.227184630308506413e-01
1.650461882328197750e+15,1.227184630308506552e-01
1.650461882330122500e+15,1.233712394057798756e-01
1.650461882332047250e+15,1.240440272652952453e-01
1.650461882333972000e+15,1.247168151248106427e-01
1.650461882335896500e+15,1.253895155979304621e-01
1.650461882337821250e+15,1.260623034574458734e-01
1.650461882339746000e+15,1.267350913169612570e-01
1.650461882341670750e+15,1.274078791764766405e-01
1.650461882343595500e+15,1.280806670359920518e-01
1.650461882345520250e+15,1.287534548955074354e-01
1.650461882347444750e+15,1.293058045639329801e-01
1.650461882349369500e+15,1.298369783556902746e-01
1.650461882351294250e+15,1.303681521474475691e-01
1.650461882353219000e+15,1.308993259392048358e-01
1.650461882355143750e+15,1.314304997309621303e-01
1.650461882357068500e+15,1.319616735227194249e-01
1.650461882358993000e+15,1.324927783219073119e-01
1.650461882360917750e+15,1.330239521136646064e-01
1.650461882362842500e+15,1.335551259054218731e-01
1.650461882364767250e+15,1.340862996971791676e-01
1.650461882366692000e+15,1.346174734889364621e-01
1.650461882368616750e+15,1.349903093339366311e-01
1.650461882370541250e+15,1.349903093339366866e-01
1.650461882372466000e+15,1.349903093339366866e-01
1.650461882374390750e+15,1.349903093339367144e-01
1.650461882376315500e+15,1.349903093339367421e-01
1.650461882378240250e+15,1.349903093339367977e-01
1.650461882380165000e+15,1.349903093339367977e-01
1.650461882382089500e+15,1.349903093339368254e-01
1.650461882384014250e+15,1.349903093339368532e-01
1.650461882385939000e+15,1.359150416927485394e-01
1.650461882387863750e+15,1.370487223345464856e-01
1.650461882389788500e+15,1.381824029763444595e-01
1.650461882391713250e+15,1.393160836181424056e-01
1.650461882393637750e+15,1.404496170095647645e-01
1.650461882395562500e+15,1.415832976513627106e-01
1.650461882397487250e+15,1.427169782931606845e-01
1.650461882399412000e+15,1.438506589349586307e-01
1.650461882401336750e+15,1.449843395767566046e-01
1.650461882403261500e+15,1.461180202185545507e-01
1.650461882405186000e+15,1.472515536099769096e-01
1.650461882407110750e+15,1.490426565454371077e-01
1.650461882409035500e+15,1.508399656438898506e-01
1.650461882410960250e+15,1.526372747423425658e-01
1.650461882412885000e+15,1.544345838407952809e-01
1.650461882414809750e+15,1.562318929392479960e-01
1.650461882416734250e+15,1.580289685906168806e-01
1.650461882418659000e+15,1.588654052659789762e-01
1.650461882420583750e+15,1.547539629384135917e-01
1.650461882422508500e+15,1.506425206108482628e-01
1.650461882424433250e+15,1.465310782832828784e-01
1.650461882426358000e+15,1.424196359557175218e-01
1.650461882428282500e+15,1.383087276510548136e-01
1.650461882430207250e+15,1.357003417410155011e-01
1.650461882432132000e+15,1.393815131229001747e-01
1.650461882434056750e+15,1.430626845047847928e-01
1.650461882435981500e+15,1.467438558866694387e-01
1.650461882437906250e+15,1.504250272685541123e-01
1.650461882439830750e+15,1.541057205141376785e-01
1.650461882441755500e+15,1.577868918960222966e-01
1.650461882443680250e+15,1.581534362960980156e-01
1.650461882445605000e+15,1.555257539986384940e-01
1.650461882447529750e+15,1.528980717011790280e-01
1.650461882449454500e+15,1.502703894037195065e-01
1.650461882451379000e+15,1.476430484080261396e-01
1.650461882453303750e+15,1.487697240162180190e-01
1.650461882455228500e+15,1.505328668008805992e-01
1.650461882457153250e+15,1.522960095855432072e-01
1.650461882459078000e+15,1.540591523702057875e-01
1.650461882461002750e+15,1.558222951548683954e-01
1.650461882462927250e+15,1.575852089302071102e-01
1.650461882464852000e+15,1.593483517148697182e-01
1.650461882466776750e+15,1.611114944995323262e-01
1.650461882468701500e+15,1.628746372841949341e-01
1.650461882470626250e+15,1.646377800688575144e-01
1.650461882472551000e+15,1.649881242086234379e-01
1.650461882474475500e+15,1.633438562895967172e-01
1.650461882476400250e+15,1.616993747738021403e-01
1.650461882478325000e+15,1.600548932580075356e-01
1.650461882480249750e+15,1.584104117422129310e-01
1.650461882482174500e+15,1.567659302264183541e-01
1.650461882484099250e+15,1.551214487106237494e-01
1.650461882486023750e+15,1.534771807915970288e-01
1.650461882487948500e+15,1.518326992758024241e-01
1.650461882489873250e+15,1.501882177600078194e-01
1.650461882491798000e+15,1.485437362442132425e-01
1.650461882493722750e+15,1.479849906744765964e-01
1.650461882495647500e+15,1.512605097759276152e-01
1.650461882497572000e+15,1.545356034300346404e-01
1.650461882499496750e+15,1.578111225314856314e-01
1.650461882501421500e+15,1.610866416329366224e-01
1.650461882503346250e+15,1.643621607343876412e-01
1.650461882505271000e+15,1.676376798358386599e-01
1.650461882507195750e+15,1.709131989372896232e-01
1.650461882509120500e+15,1.741887180387406420e-01
1.650461882511045000e+15,1.774638116928476395e-01
1.650461882512969750e+15,1.807393307942986582e-01
1.650461882514894500e+15,1.840148498957496492e-01
1.650461882516819250e+15,1.872903689972006680e-01
1.650461882518744000e+15,1.900903633463044695e-01
1.650461882520668750e+15,1.889443062782858174e-01
1.650461882522593250e+15,1.877983980681796061e-01
1.650461882524518000e+15,1.866523410001609262e-01
1.650461882526442750e+15,1.855062839321422463e-01
1.650461882528367500e+15,1.843602268641235942e-01
1.650461882530292250e+15,1.830542369611071751e-01
1.650461882532217000e+15,1.816959194385724397e-01
1.650461882534141500e+15,1.803377783438234738e-01
1.650461882536066250e+15,1.789794608212887383e-01
1.650461882537991000e+15,1.776211432987540029e-01
1.650461882539915750e+15,1.762628257762193229e-01
1.650461882541840500e+15,1.749045082536845874e-01
1.650461882543765250e+15,1.735461907311498519e-01
1.650461882545689750e+15,1.721880496364008861e-01
1.650461882547614500e+15,1.708297321138661506e-01
1.650461882549539250e+15,1.694714145913314429e-01
1.650461882551464000e+15,1.681130970687967074e-01
1.650461882553388750e+15,1.667547795462619720e-01
1.650461882555313500e+15,1.661807576668390962e-01
1.650461882557238000e+15,1.687177829338159241e-01
1.650461882559162750e+15,1.712551377701961031e-01
1.650461882561087500e+15,1.737924926065762821e-01
1.650461882563012250e+15,1.763298474429564333e-01
1.650461882564937000e+15,1.782762501998577109e-01
1.650461882566861750e+15,1.791933272371253327e-01
1.650461882568786250e+15,1.801102851580093644e-01
1.650461882570711000e+15,1.810273621952769585e-01
1.650461882572635750e+15,1.819444392325446080e-01
1.650461882574560500e+15,1.828615162698122021e-01
1.650461882576485250e+15,1.837785933070798516e-01
1.650461882578410000e+15,1.856896638246951781e-01
1.650461882580334500e+15,1.880815180084391414e-01
1.650461882582259250e+15,1.904736829033006895e-01
1.650461882584184000e+15,1.928658477981622932e-01
1.650461882586108750e+15,1.952580126930238968e-01
1.650461882588033500e+15,1.976501775878854450e-01
1.650461882589958250e+15,2.000423424827470487e-01
1.650461882591882750e+15,2.024341966664909842e-01
1.650461882593807500e+15,2.036364460998918435e-01
1.650461882595732250e+15,2.048126355318139746e-01
1.650461882597657000e+15,2.059888249637360502e-01
1.650461882599581750e+15,2.071650143956581536e-01
1.650461882601506500e+15,2.083412038275802569e-01
1.650461882603431000e+15,2.086213871524466024e-01
1.650461882605355750e+15,2.086213871524467134e-01
1.650461882607280500e+15,2.086213871524468799e-01
1.650461882609205250e+15,2.086213871524469909e-01
1.650461882611130000e+15,2.086213871524471297e-01
1.650461882613054750e+15,2.086213871524472407e-01
1.650461882614979250e+15,2.086213871524473795e-01
1.650461882616904000e+15,2.086213871524474905e-01
1.650461882618828750e+15,2.086213871524476293e-01
1.650461882620753500e+15,2.086213871524477681e-01
1.650461882622678250e+15,2.086213871524478791e-01
1.650461882624603000e+15,2.086213871524480179e-01
1.650461882626527500e+15,2.086213871524480457e-01
1.650461882628452250e+15,2.086213871524480457e-01
1.650461882630377000e+15,2.086213871524480457e-01
1.650461882632301750e+15,2.086213871524480457e-01
1.650461882634226500e+15,2.086213871524480457e-01
1.650461882636151250e+15,2.086213871524480179e-01
1.650461882638075750e+15,2.086213871524480457e-01
1.650461882640000500e+15,2.086213871524480457e-01
1.650461882641925250e+15,2.086213871524480457e-01
1.650461882643850000e+15,2.086213871524480457e-01
1.650461882645774750e+15,2.086213871524480179e-01
1.650461882647699500e+15,2.086213871524479346e-01
1.650461882649624000e+15,2.086213871524478791e-01
1.650461882651548750e+15,2.086213871524478236e-01
1.650461882653473500e+15,2.086213871524477403e-01
1.650461882655398250e+15,2.086213871524476571e-01
1.650461882657323000e+15,2.086213871524476016e-01
1.650461882659247750e+15,2.086213871524475461e-01
1.650461882661172250e+15,2.086213871524474905e-01
1.650461882663097000e+15,2.086213871524473795e-01
1.650461882665021750e+15,2.086213871524473240e-01
1.650461882666946500e+15,2.086213871524472685e-01
1.650461882668871250e+15,2.086213871524471852e-01
1.650461882670796000e+15,2.081288135745973933e-01
1.650461882672720500e+15,2.064598736968300541e-01
1.650461882674645250e+15,2.047907170173119129e-01
1.650461882676570000e+15,2.031215603377937717e-01
1.650461882678494750e+15,2.014524036582756028e-01
1.650461882680419500e+15,1.997832469787574894e-01
1.650461882682344250e+15,1.981140902992393205e-01
1.650461882684268750e+15,1.964451504214720090e-01
1.650461882686193500e+15,1.995138530728882975e-01
1.650461882688118250e+15,2.028704306161401294e-01
1.650461882690043000e+15,2.062270081593919335e-01
1.650461882691967750e+15,2.095835857026437377e-01
1.650461882693892500e+15,2.129401632458955973e-01
1.650461882695817000e+15,2.162963048133657029e-01
1.650461882697741750e+15,2.196528823566175070e-01
1.650461882699666500e+15,2.208932334555331334e-01
1.650461882701591250e+15,2.208932334555331334e-01
1.650461882703516000e+15,2.208932334555331334e-01
1.650461882705440750e+15,2.208932334555331334e-01
1.650461882707365250e+15,2.208932334555331334e-01
1.650461882709290000e+15,2.208932334555330224e-01
1.650461882711214750e+15,2.208932334555328558e-01
1.650461882713139500e+15,2.208932334555326615e-01
1.650461882715064250e+15,2.208932334555325228e-01
1.650461882716989000e+15,2.208932334555323562e-01
1.650461882718913500e+15,2.208932334555321897e-01
1.650461882720838250e+15,2.208853166729787820e-01
1.650461882722763000e+15,2.198159954646006498e-01
1.650461882724687750e+15,2.187466742562225730e-01
1.650461882726612500e+15,2.176773530478444407e-01
1.650461882728537250e+15,2.166080318394663640e-01
1.650461882730461750e+15,2.155388495220102452e-01
1.650461882732386500e+15,2.144695283136321406e-01
1.650461882734311250e+15,2.134002071052540361e-01
1.650461882736236000e+15,2.123308858968759316e-01
1.650461882738160750e+15,2.112615646884978271e-01
1.650461882740085500e+15,2.101922434801197503e-01
1.650461882742010000e+15,2.091230611626636315e-01
1.650461882743934750e+15,2.091779973961619132e-01
1.650461882745859500e+15,2.102265274344210511e-01
1.650461882747784250e+15,2.112750574726802444e-01
1.650461882749709000e+15,2.123235875109393822e-01
1.650461882751633750e+15,2.133721175491985478e-01
1.650461882753558250e+15,2.144205113970383825e-01
1.650461882755483000e+15,2.154690414352974925e-01
1.650461882757407750e+15,2.165175714735566581e-01
1.650461882759332500e+15,2.175661015118158237e-01
1.650461882761257250e+15,2.186146315500749893e-01
1.650461882763182000e+15,2.196631615883341271e-01
1.650461882765106500e+15,2.207115554361739618e-01
1.650461882767031250e+15,2.228090163879155594e-01
1.650461882768956000e+15,2.251263161202675667e-01
1.650461882770880750e+15,2.274436158526196294e-01
1.650461882772805500e+15,2.297609155849716644e-01
1.650461882774730250e+15,2.320782153173236995e-01
1.650461882776654750e+15,2.336820567092311729e-01
1.650461882778579500e+15,2.346559264285295598e-01
1.650461882780504250e+15,2.356297961478279190e-01
1.650461882782429000e+15,2.366036658671263337e-01
1.650461882784353750e+15,2.375775355864246929e-01
1.650461882786278500e+15,2.385514053057231076e-01
1.650461882788203000e+15,2.395251485320069040e-01
1.650461882790127750e+15,2.404990182513052910e-01
1.650461882792052500e+15,2.414728879706036779e-01
1.650461882793977250e+15,2.424467576899020371e-01
1.650461882795902000e+15,2.434206274092004241e-01
1.650461882797826750e+15,2.443944971284988110e-01
1.650461882799751250e+15,2.453682403547826074e-01
1.650461882801676000e+15,2.454369260617026982e-01
1.650461882803600750e+15,2.454369260617025317e-01
1.650461882805525500e+15,2.454369260617023374e-01
1.650461882807450250e+15,2.454369260617021709e-01
1.650461882809375000e+15,2.454369260617019766e-01
1.650461882811299500e+15,2.460335065863650250e-01
1.650461882813224250e+15,2.467827844753341937e-01
1.650461882815149000e+15,2.475320623643033624e-01
1.650461882817073750e+15,2.482813402532725033e-01
1.650461882818998500e+15,2.490306181422416998e-01
1.650461882820923250e+15,2.497798960312108685e-01
1.650461882822847750e+15,2.505290765987240875e-01
1.650461882824772500e+15,2.512783544876932562e-01
1.650461882826697250e+15,2.509769811981334420e-01
1.650461882828622000e+15,2.499952589964767879e-01
1.650461882830546750e+15,2.490135367948200507e-01
1.650461882832471500e+15,2.480318145931633411e-01
1.650461882834396000e+15,2.470502199044565805e-01
1.650461882836320750e+15,2.460684977027998710e-01
1.650461882838245500e+15,2.448496260788705636e-01
1.650461882840170250e+15,2.432030046047898020e-01
1.650461882842095000e+15,2.415563831307090958e-01
1.650461882844019750e+15,2.399097616566283619e-01
1.650461882845944250e+15,2.382633540572682285e-01
1.650461882847869000e+15,2.366167325831874391e-01
1.650461882849793750e+15,2.349701111091067607e-01
1.650461882851718500e+15,2.333234896350259713e-01
1.650461882853643250e+15,2.316768681609452374e-01
1.650461882855568000e+15,2.300302466868645035e-01
1.650461882857492750e+15,2.283836252127837418e-01
1.650461882859417250e+15,2.273605197619195661e-01
1.650461882861342000e+15,2.292295050579999383e-01
1.650461882863266750e+15,2.310984903540803104e-01
1.650461882865191500e+15,2.329674756501606825e-01
1.650461882867116250e+15,2.348364609462410546e-01
1.650461882869041000e+15,2.367054462423214822e-01
1.650461882870965500e+15,2.385741887815118756e-01
1.650461882872890250e+15,2.407728361520205806e-01
1.650461882874815000e+15,2.431812621093174809e-01
1.650461882876739750e+15,2.455896880666144089e-01
1.650461882878664500e+15,2.479981140239113369e-01
1.650461882880589250e+15,2.504065399812082648e-01
1.650461882882513750e+15,2.528146531152869469e-01
1.650461882884438500e+15,2.552230790725838472e-01
1.650461882886363250e+15,2.576315050298807474e-01
1.650461882888288000e+15,2.591037598358142402e-01
1.650461882890212750e+15,2.605449848142670222e-01
1.650461882892137500e+15,2.619862097927198041e-01
1.650461882894062000e+15,2.634272475747861941e-01
1.650461882895986750e+15,2.648684725532389206e-01
1.650461882897911500e+15,2.663096975316917026e-01
1.650461882899836250e+15,2.677509225101444290e-01
1.650461882901761000e+15,2.691921474885972110e-01
1.650461882903685750e+15,2.684756623459041980e-01
1.650461882905610250e+15,2.651532781283778006e-01
1.650461882907535000e+15,2.618304623202801773e-01
1.650461882909459750e+15,2.585076465121824985e-01
1.650461882911384500e+15,2.551848307040848196e-01
1.650461882913309250e+15,2.518620148959871963e-01
1.650461882915234000e+15,2.485391990878895452e-01
1.650461882917158500e+15,2.456399880625224352e-01
1.650461882919083250e+15,2.487054279533161549e-01
1.650461882921008000e+15,2.517708678441099024e-01
1.650461882922932750e+15,2.548363077349036776e-01
1.650461882924857500e+15,2.579017476256973973e-01
1.650461882926782250e+15,2.609671875164911725e-01
1.650461882928706750e+15,2.639081232181213488e-01
1.650461882930631500e+15,2.649449170102318729e-01
1.650461882932556250e+15,2.659817108023425081e-01
1.650461882934481000e+15,2.670185045944530322e-01
1.650461882936405750e+15,2.680552983865636119e-01
1.650461882938330500e+15,2.690920921786741915e-01
1.650461882940255000e+15,2.701287513047512245e-01
1.650461882942179750e+15,2.711655450968617487e-01
1.650461882944104500e+15,2.722023388889723838e-01
1.650461882946029250e+15,2.732391326810829635e-01
1.650461882947954000e+15,2.742759264731934876e-01
1.650461882949878750e+15,2.753127202653040673e-01
1.650461882951803250e+15,2.758769958672615541e-01
1.650461882953728000e+15,2.748103305777084282e-01
1.650461882955652750e+15,2.737436652881553578e-01
1.650461882957577500e+15,2.726769999986022319e-01
1.650461882959502250e+15,2.716103347090491615e-01
1.650461882961427000e+15,2.705436694194960356e-01
1.650461882963351500e+15,2.694771426758956201e-01
1.650461882965276250e+15,2.684104773863424942e-01
1.650461882967201000e+15,2.673438120967893683e-01
1.650461882969125750e+15,2.662771468072362979e-01
1.650461882971050500e+15,2.652104815176831720e-01
1.650461882972975250e+15,2.641438162281300461e-01
1.650461882974899750e+15,2.638446955163304963e-01
1.650461882976824500e+15,2.638446955163304963e-01
1.650461882978749250e+15,2.638446955163304963e-01
1.650461882980674000e+15,2.638446955163304963e-01
1.650461882982598750e+15,2.638446955163304963e-01
1.650461882984523500e+15,2.638446955163304963e-01
1.650461882986448000e+15,2.643197929270106328e-01
1.650461882988372750e+15,2.657666975808186116e-01
1.650461882990297500e+15,2.672136022346265349e-01
1.650461882992222250e+15,2.686605068884344583e-01
1.650461882994147000e+15,2.701074115422423816e-01
1.650461882996071750e+15,2.715543161960503049e-01
1.650461882997996250e+15,2.730010329157559479e-01
1.650461882999921000e+15,2.744479375695639267e-01
1.650461883001845750e+15,2.758948422233717945e-01
1.650461883003770500e+15,2.773417468771797734e-01
1.650461883005695250e+15,2.787886515309876967e-01
1.650461883007620000e+15,2.802355561847956200e-01
1.650461883009544500e+15,2.816822729045012075e-01
1.650461883011469250e+15,2.822524649709583500e-01
1.650461883013394000e+15,2.822524649709583500e-01
1.650461883015318750e+15,2.822524649709583500e-01
1.650461883017243500e+15,2.822524649709583500e-01
1.650461883019168250e+15,2.822524649709583500e-01
1.650461883021092750e+15,2.822524649709583500e-01
1.650461883023017500e+15,2.822524649709584610e-01
1.650461883024942250e+15,2.822524649709585165e-01
1.650461883026867000e+15,2.822524649709585720e-01
1.650461883028791750e+15,2.822524649709586830e-01
1.650461883030716500e+15,2.822524649709587385e-01
1.650461883032641000e+15,2.823008152825324801e-01
1.650461883034565750e+15,2.843688655536757426e-01
1.650461883036490500e+15,2.864369158248189495e-01
1.650461883038415250e+15,2.885049660959622120e-01
1.650461883040340000e+15,2.905730163671054189e-01
1.650461883042264750e+15,2.926410666382487369e-01
1.650461883044189250e+15,2.947088482965498635e-01
1.650461883046114000e+15,2.967768985676931259e-01
1.650461883048038750e+15,2.988449488388363884e-01
1.650461883049963500e+15,3.009129991099795953e-01
1.650461883051888250e+15,3.029810493811228578e-01
1.650461883053813000e+15,3.050490996522660647e-01
1.650461883055737500e+15,3.065203597965630022e-01
1.650461883057662250e+15,3.047419953806720372e-01
1.650461883059587000e+15,3.029636309647810721e-01
1.650461883061511750e+15,3.011852665488901071e-01
1.650461883063436500e+15,2.994069021329991420e-01
1.650461883065361250e+15,2.976285377171081770e-01
1.650461883067285750e+15,2.958504042876330953e-01
1.650461883069210500e+15,2.952754452477042157e-01
1.650461883071135250e+15,2.982289592738625039e-01
1.650461883073060000e+15,3.011824733000207366e-01
1.650461883074984750e+15,3.041359873261789692e-01
1.650461883076909500e+15,3.070895013523372574e-01
1.650461883078834000e+15,3.100426317554241806e-01
1.650461883080758750e+15,3.129961457815824688e-01
1.650461883082683500e+15,3.159496598077407570e-01
1.650461883084608250e+15,3.189031738338989896e-01
1.650461883086533000e+15,3.218566878600572778e-01
1.650461883088457750e+15,3.248102018862155105e-01
1.650461883090382250e+15,3.277633322893024892e-01
1.650461883092307000e+15,3.307168463154607219e-01
1.650461883094231750e+15,3.321675376587761574e-01
1.650461883096156500e+15,3.332164867737891778e-01
1.650461883098081250e+15,3.342654358888022537e-01
1.650461883100006000e+15,3.353143850038152740e-01
1.650461883101930500e+15,3.363631978739763939e-01
1.650461883103855250e+15,3.374121469889894698e-01
1.650461883105780000e+15,3.342654668648913918e-01
1.650461883107704750e+15,3.308478576956239148e-01
1.650461883109629500e+15,3.274302485263564932e-01
1.650461883111554250e+15,3.240126393570890162e-01
1.650461883113478750e+15,3.205954740908179557e-01
1.650461883115403500e+15,3.182809900403681391e-01
1.650461883117328250e+15,3.168579699480798539e-01
1.650461883119253000e+15,3.154349498557916243e-01
1.650461883121177750e+15,3.140119297635033391e-01
1.650461883123102500e+15,3.125889096712151094e-01
1.650461883125027000e+15,3.111660744107351828e-01
1.650461883126951750e+15,3.097430543184468976e-01
1.650461883128876500e+15,3.083200342261586124e-01
1.650461883130801250e+15,3.068970141338703828e-01
1.650461883132726000e+15,3.054739940415820421e-01
1.650461883134650750e+15,3.040509739492938124e-01
1.650461883136575250e+15,3.026281386888138858e-01
1.650461883138500000e+15,3.012051185965256006e-01
1.650461883140424750e+15,3.031487759550690053e-01
1.650461883142349500e+15,3.071814598606660840e-01
1.650461883144274250e+15,3.112141437662631627e-01
1.650461883146199000e+15,3.152468276718602969e-01
1.650461883148123500e+15,3.192789877842496793e-01
1.650461883150048250e+15,3.233116716898467580e-01
1.650461883151973000e+15,3.273443555954438922e-01
1.650461883153897750e+15,3.313778683824225024e-01
1.650461883155822500e+15,3.355004333831839713e-01
1.650461883157747250e+15,3.396229983839454958e-01
1.650461883159671750e+15,3.437450279171136991e-01
1.650461883161596500e+15,3.478675929178751680e-01
1.650461883163521250e+15,3.519901579186367480e-01
1.650461883165446000e+15,3.556498141396949308e-01
1.650461883167370750e+15,3.514454289186440539e-01
1.650461883169295500e+15,3.472410436975933434e-01
1.650461883171220000e+15,3.430372045715186502e-01
1.650461883173144750e+15,3.388328193504677732e-01
1.650461883175069500e+15,3.346284341294170073e-01
1.650461883176994250e+15,3.318832182987564439e-01
1.650461883178919000e+15,3.343777866475415306e-01
1.650461883180843750e+15,3.368723549963266728e-01
1.650461883182768250e+15,3.393665993331168584e-01
1.650461883184693000e+15,3.418611676819019451e-01
1.650461883186617750e+15,3.443557360306870874e-01
1.650461883188542500e+15,3.468503043794721741e-01
1.650461883190467250e+15,3.493448727282572608e-01
1.650461883192392000e+15,3.465959353459093228e-01
1.650461883194316500e+15,3.428379326073800470e-01
1.650461883196241250e+15,3.390794416897473518e-01
1.650461883198166000e+15,3.353209507721145455e-01
1.650461883200090750e+15,3.315624598544817947e-01
1.650461883202015500e+15,3.278039689368490439e-01
1.650461883203940250e+15,3.260516532566401504e-01
1.650461883205864750e+15,3.288016728433061364e-01
1.650461883207789500e+15,3.315520496681621521e-01
1.650461883209714250e+15,3.343024264930181122e-01
1.650461883211639000e+15,3.370528033178742389e-01
1.650461883213563750e+15,3.398031801427302545e-01
1.650461883215488500e+15,3.425535569675862702e-01
1.650461883217413250e+15,3.453039337924422858e-01
1.650461883219337750e+15,3.480539533791082718e-01
1.650461883221262500e+15,3.508043302039642874e-01
1.650461883223187250e+15,3.535547070288203031e-01
1.650461883225112000e+15,3.562398751902931537e-01
1.650461883227036750e+15,3.585647931173633896e-01
1.650461883228961500e+15,3.608897110444336809e-01
1.650461883230886000e+15,3.632143269948930886e-01
1.650461883232810750e+15,3.655392449219632689e-01
1.650461883234735500e+15,3.678641628490335047e-01
1.650461883236660250e+15,3.701890807761037960e-01
1.650461883238585000e+15,3.725139987031739763e-01
1.650461883240509750e+15,3.748389166302442677e-01
1.650461883242434250e+15,3.771635325807036199e-01
1.650461883244359000e+15,3.794884505077739112e-01
1.650461883246283750e+15,3.818133684348441470e-01
1.650461883248208500e+15,3.841382863619143828e-01
1.650461883250133250e+15,3.864632042889846186e-01
1.650461883252058000e+15,3.855852756569635442e-01
1.650461883253982500e+15,3.845635950802942515e-01
1.650461883255907250e+15,3.835417817833628451e-01
1.650461883257832000e+15,3.825199684864316052e-01
1.650461883259756750e+15,3.814981551895001988e-01
1.650461883261681500e+15,3.804763418925689034e-01
1.650461883263606250e+15,3.794545285956375524e-01
1.650461883265530750e+15,3.784328480189681487e-01
1.650461883267455500e+15,3.774110347220368533e-01
1.650461883269380250e+15,3.763892214251055024e-01
1.650461883271305000e+15,3.753674081281741515e-01
1.650461883273229750e+15,3.743455948312428561e-01
1.650461883275154500e+15,3.768139199462583466e-01
1.650461883277079000e+15,3.794777106309287218e-01
1.650461883279003750e+15,3.821418473523208181e-01
1.650461883280928500e+15,3.848059840737130255e-01
1.650461883282853250e+15,3.862069782100930326e-01
1.650461883284778000e+15,3.851607239501770863e-01
1.650461883286702750e+15,3.841144696902611955e-01
1.650461883288627250e+15,3.830683513251705308e-01
1.650461883290552000e+15,3.820220970652545844e-01
1.650461883292476750e+15,3.809758428053386381e-01
1.650461883294401500e+15,3.798083476638828282e-01
1.650461883296326250e+15,3.785071962038095705e-01
1.650461883298251000e+15,3.772060447437363129e-01
1.650461883300175500e+15,3.759050622863205904e-01
1.650461883302100250e+15,3.746039108262473882e-01
1.650461883304025000e+15,3.733027593661741306e-01
1.650461883305949750e+15,3.720016079061009284e-01
1.650461883307874500e+15,3.707004564460276708e-01
1.650461883309799250e+15,3.693993049859544131e-01
1.650461883311723750e+15,3.680983225285386906e-01
1.650461883313648500e+15,3.667971710684654330e-01
1.650461883315573250e+15,3.654960196083922308e-01
1.650461883317498000e+15,3.641948681483189731e-01
1.650461883319422750e+15,3.628937166882457710e-01
1.650461883321347500e+15,3.629698793504296805e-01
1.650461883323272000e+15,3.658662698594176144e-01
1.650461883325196750e+15,3.687630366207449439e-01
1.650461883327121500e+15,3.716598033820722735e-01
1.650461883329046250e+15,3.745565701433997141e-01
1.650461883330971000e+15,3.774533369047270437e-01
1.650461883332895750e+15,3.803501036660544288e-01
1.650461883334820250e+15,3.794271381152399258e-01
1.650461883336745000e+15,3.783995458342052087e-01
1.650461883338669750e+15,3.773719535531704916e-01
1.650461883340594500e+15,3.763443612721357745e-01
1.650461883342519250e+15,3.753167689911010019e-01
1.650461883344444000e+15,3.742976224877281322e-01
1.650461883346368500e+15,3.773336384551133071e-01
1.650461883348293250e+15,3.803700488127254031e-01
1.650461883350218000e+15,3.834064591703375546e-01
1.650461883352142750e+15,3.864428695279496506e-01
1.650461883354067500e+15,3.856138968033962500e-01
1.650461883355992250e+15,3.846254783336358618e-01
1.650461883357916750e+15,3.836371882465836047e-01
1.650461883359841500e+15,3.826487697768232721e-01
1.650461883361766250e+15,3.816603513070628839e-01
1.650461883363691000e+15,3.806719328373024958e-01
1.650461883365615750e+15,3.796835143675420521e-01
1.650461883367540500e+15,3.786950958977817194e-01
1.650461883369465000e+15,3.777068058107294068e-01
1.650461883371389750e+15,3.767183873409690742e-01
1.650461883373314500e+15,3.757299688712086860e-01
1.650461883375239250e+15,3.747415504014482979e-01
1.650461883377164000e+15,3.742913122440967300e-01
1.650461883379088750e+15,3.742913122440967300e-01
1.650461883381013250e+15,3.742913122440967300e-01
1.650461883382938000e+15,3.742913122440967300e-01
1.650461883384862750e+15,3.742913122440967300e-01
1.650461883386787500e+15,3.742913122440967300e-01
1.650461883388712250e+15,3.742913122440966744e-01
1.650461883390637000e+15,3.754712759467139227e-01
1.650461883392561500e+15,3.787014895252158730e-01
1.650461883394486250e+15,3.819321227209662162e-01
1.650461883396411000e+15,3.851627559167165593e-01
1.650461883398335750e+15,3.883933891124669024e-01
1.650461883400260500e+15,3.916240223082172456e-01
1.650461883402185250e+15,3.967960242522068359e-01
1.650461883404109750e+15,4.029354565622533801e-01
1.650461883406034500e+15,4.090756864083237021e-01
1.650461883407959250e+15,4.152159162543940241e-01
1.650461883409884000e+15,4.213561461004642905e-01
1.650461883411808750e+15,4.240831306867006156e-01
1.650461883413733500e+15,4.251335725692880207e-01
1.650461883415658000e+15,4.261838780131324000e-01
1.650461883417582750e+15,4.272343198957198052e-01
1.650461883419507500e+15,4.282847617783072103e-01
1.650461883421432250e+15,4.293352036608946154e-01
1.650461883423357000e+15,4.280978189080568153e-01
1.650461883425281750e+15,4.263891791386802410e-01
1.650461883427206250e+15,4.246807612993944714e-01
1.650461883429131000e+15,4.229721215300178416e-01
1.650461883431055750e+15,4.212634817606413229e-01
1.650461883432980500e+15,4.195548419912646376e-01
1.650461883434905250e+15,4.178462022218880634e-01
1.650461883436830000e+15,4.161375624525114336e-01
1.650461883438754500e+15,4.144291446132256640e-01
1.650461883440679250e+15,4.127205048438490342e-01
1.650461883442604000e+15,4.110118650744724600e-01
1.650461883444528750e+15,4.093032253050958857e-01
1.650461883446453500e+15,4.075945855357192560e-01
1.650461883448378250e+15,4.058859457663426817e-01
1.650461883450302750e+15,4.059139219518898001e-01
1.650461883452227500e+15,4.079447220698386167e-01
1.650461883454152250e+15,4.099755221877874889e-01
1.650461883456077000e+15,4.120063223057363055e-01
1.650461883458001750e+15,4.140371224236851777e-01
1.650461883459926500e+15,4.160679225416340499e-01
1.650461883461851000e+15,4.170183466822951490e-01
1.650461883463775750e+15,4.164857115816802402e-01
1.650461883465700500e+15,4.159530764810654979e-01
1.650461883467625250e+15,4.154204413804506446e-01
1.650461883469550000e+15,4.148878062798357913e-01
1.650461883471474750e+15,4.143551711792209380e-01
1.650461883473399250e+15,4.138226052609805250e-01
1.650461883475324000e+15,4.132899701603656717e-01
1.650461883477248750e+15,4.127573350597508184e-01
1.650461883479173500e+15,4.122246999591360206e-01
1.650461883481098250e+15,4.116920648585211673e-01
1.650461883483023000e+15,4.111594297579063140e-01
1.650461883484947500e+15,4.117921543540180029e-01
1.650461883486872250e+15,4.125526255765506467e-01
1.650461883488797000e+15,4.133130967990832350e-01
1.650461883490721750e+15,4.140735680216157677e-01
1.650461883492646500e+15,4.148340392441484115e-01
1.650461883494571250e+15,4.155945104666809442e-01
1.650461883496495750e+15,4.163548829138891683e-01
1.650461883498420500e+15,4.171153541364217010e-01
1.650461883500345250e+15,4.163179123228093470e-01
1.650461883502270000e+15,4.152068946289306228e-01
1.650461883504194750e+15,4.140958769350518431e-01
1.650461883506119500e+15,4.129848592411731190e-01
1.650461883508044000e+15,4.118739858540476639e-01
1.650461883509968750e+15,4.112687411541280369e-01
1.650461883511893500e+15,4.117917756132039031e-01
1.650461883513818250e+15,4.123148100722798248e-01
1.650461883515743000e+15,4.128378445313557465e-01
1.650461883517667750e+15,4.133608789904316128e-01
1.650461883519592250e+15,4.138838455141315986e-01
1.650461883521517000e+15,4.144068799732074648e-01
1.650461883523441750e+15,4.149299144322833865e-01
1.650461883525366500e+15,4.154529488913592528e-01
1.650461883527291250e+15,4.159759833504351745e-01
1.650461883529216000e+15,4.164990178095110407e-01
1.650461883531140500e+15,4.170219843332110266e-01
1.650461883533065250e+15,4.178094199811905884e-01
1.650461883534990000e+15,4.187900010245257931e-01
1.650461883536914750e+15,4.197705820678610533e-01
1.650461883538839500e+15,4.207511631111963135e-01
1.650461883540764250e+15,4.217317441545315182e-01
1.650461883542688750e+15,4.227121978331384033e-01
1.650461883544613500e+15,4.231080724297571205e-01
1.650461883546538250e+15,4.222631648545724370e-01
1.650461883548463000e+15,4.214182572793877535e-01
1.650461883550387750e+15,4.205733497042030145e-01
1.650461883552312500e+15,4.197284421290182754e-01
1.650461883554237000e+15,4.188836442963423945e-01
1.650461883556161750e+15,4.180387367211576555e-01
1.650461883558086500e+15,4.172427743048938709e-01
1.650461883560011250e+15,4.172427743048938709e-01
1.650461883561936000e+15,4.172427743048938709e-01
1.650461883563860750e+15,4.172427743048938709e-01
1.650461883565785500e+15,4.172427743048938709e-01
1.650461883567710000e+15,4.172427743048938709e-01
1.650461883569634750e+15,4.172427743048938709e-01
1.650461883571559500e+15,4.172427743048939264e-01
1.650461883573484250e+15,4.172427743048940374e-01
1.650461883575409000e+15,4.172427743048942039e-01
1.650461883577333750e+15,4.172427743048943150e-01
1.650461883579258250e+15,4.172427743048944260e-01
1.650461883581183000e+15,4.172427743048945370e-01
1.650461883583107750e+15,4.172427743048946480e-01
1.650461883585032500e+15,4.172427743048948146e-01
1.650461883586957250e+15,4.172427743048948701e-01
1.650461883588882000e+15,4.172427743048950366e-01
1.650461883590806500e+15,4.173255004384013311e-01
1.650461883592731250e+15,4.204172892823992425e-01
1.650461883594656000e+15,4.235090781263971538e-01
1.650461883596580750e+15,4.266008669703951206e-01
1.650461883598505500e+15,4.296926558143929764e-01
1.650461883600430250e+15,4.327844446583908877e-01
1.650461883602354750e+15,4.358758319192164166e-01
1.650461883604279500e+15,4.389676207632143834e-01
1.650461883606204250e+15,4.420594096072122947e-01
1.650461883608129000e+15,4.451511984512102060e-01
1.650461883610053750e+15,4.482429872952081729e-01
1.650461883611978500e+15,4.513347761392060287e-01
1.650461883613903000e+15,4.536053875447496053e-01
1.650461883615827750e+15,4.497985374042320350e-01
1.650461883617752500e+15,4.459916872637145202e-01
1.650461883619677250e+15,4.421848371231970054e-01
1.650461883621602000e+15,4.383779869826794906e-01
1.650461883623526750e+15,4.360431972744661100e-01
1.650461883625451250e+15,4.374278270307854766e-01
1.650461883627376000e+15,4.388126366558703362e-01
1.650461883629300750e+15,4.401974462809551403e-01
1.650461883631225500e+15,4.415822559060399444e-01
1.650461883633150250e+15,4.429670655311247485e-01
1.650461883635075000e+15,4.443518751562095526e-01
1.650461883636999500e+15,4.457365049125289191e-01
1.650461883638924250e+15,4.471213145376137232e-01
1.650461883640849000e+15,4.485061241626985828e-01
1.650461883642773750e+15,4.498909337877834425e-01
1.650461883644698500e+15,4.512757434128682466e-01
1.650461883646623250e+15,4.526605530379529951e-01
1.650461883648547750e+15,4.540451827942724172e-01
1.650461883650472500e+15,4.540583132141491340e-01
1.650461883652397250e+15,4.540583132141491340e-01
1.650461883654322000e+15,4.540583132141491340e-01
1.650461883656246750e+15,4.540583132141491340e-01
1.650461883658171500e+15,4.540583132141491896e-01
1.650461883660096000e+15,4.540583132141491340e-01
1.650461883662020750e+15,4.540583132141491340e-01
1.650461883663945500e+15,4.540583132141491896e-01
1.650461883665870250e+15,4.540583132141491340e-01
1.650461883667795000e+15,4.540583132141491896e-01
1.650461883669719750e+15,4.540583132141491896e-01
1.650461883671644250e+15,4.540583132141491340e-01
1.650461883673569000e+15,4.540583132141491896e-01
1.650461883675493750e+15,4.540583132141491340e-01
1.650461883677418500e+15,4.540583132141493006e-01
1.650461883679343250e+15,4.540583132141494671e-01
1.650461883681268000e+15,4.540583132141496336e-01
1.650461883683192500e+15,4.540583132141497447e-01
1.650461883685117250e+15,4.540583132141499112e-01
1.650461883687042000e+15,4.540583132141500222e-01
1.650461883688966750e+15,4.540583132141499667e-01
1.650461883690891500e+15,4.540583132141498557e-01
1.650461883692816250e+15,4.540583132141497447e-01
1.650461883694740750e+15,4.540583132141497447e-01
1.650461883696665500e+15,4.540583132141495781e-01
1.650461883698590250e+15,4.540583132141495226e-01
1.650461883700515000e+15,4.540583132141494671e-01
1.650461883702439750e+15,4.540583132141493561e-01
1.650461883704364500e+15,4.540583132141493006e-01
1.650461883706289000e+15,4.540583132141491896e-01
1.650461883708213750e+15,4.540583132141491340e-01
1.650461883710138500e+15,4.540583132141491340e-01
1.650461883712063250e+15,4.540583132141491340e-01
1.650461883713988000e+15,4.540583132141491340e-01
1.650461883715912750e+15,4.540583132141491340e-01
1.650461883717837250e+15,4.540583132141491340e-01
1.650461883719762000e+15,4.540583132141492451e-01
1.650461883721686750e+15,4.540583132141493561e-01
1.650461883723611500e+15,4.540583132141494671e-01
1.650461883725536250e+15,4.540583132141495781e-01
1.650461883727461000e+15,4.540583132141496892e-01
1.650461883729385500e+15,4.540583132141498002e-01
1.650461883731310250e+15,4.540583132141498557e-01
1.650461883733235000e+15,4.540583132141500222e-01
1.650461883735159750e+15,4.540583132141500222e-01
1.650461883737084500e+15,4.540583132141500222e-01
1.650461883739009250e+15,4.540583132141499667e-01
1.650461883740933750e+15,4.540583132141499112e-01
1.650461883742858500e+15,4.540583132141499112e-01
1.650461883744783250e+15,4.540583132141499112e-01
1.650461883746708000e+15,4.540583132141498002e-01
1.650461883748632750e+15,4.540583132141498002e-01
1.650461883750557500e+15,4.540583132141497447e-01
1.650461883752482000e+15,4.540583132141497447e-01
1.650461883754406750e+15,4.540583132141496892e-01
1.650461883756331500e+15,4.540583132141496892e-01
1.650461883758256250e+15,4.540583132141496892e-01
1.650461883760181000e+15,4.540583132141496336e-01
1.650461883762105750e+15,4.548562590802092687e-01
1.650461883764030250e+15,4.560628171782110662e-01
1.650461883765955000e+15,4.572695320127805885e-01
1.650461883767879750e+15,4.584762468473501107e-01
1.650461883769804500e+15,4.596829616819196329e-01
1.650461883771729250e+15,4.608896765164891551e-01
1.650461883773654000e+15,4.620963913510587329e-01
1.650461883775578500e+15,4.633029494490605305e-01
1.650461883777503250e+15,4.645096642836301082e-01
1.650461883779428000e+15,4.657163791181995749e-01
1.650461883781352750e+15,4.659365189446824651e-01
1.650461883783277500e+15,4.651353984667330188e-01
1.650461883785202250e+15,4.643342779887835170e-01
1.650461883787126750e+15,4.635332615659681910e-01
1.650461883789051500e+15,4.627321410880187447e-01
1.650461883790976250e+15,4.619310206100692984e-01
1.650461883792901000e+15,4.611299001321197966e-01
1.650461883794825750e+15,4.603287796541703503e-01
1.650461883796750500e+15,4.601942363656927326e-01
1.650461883798675000e+15,4.601942363656926771e-01
1.650461883800599750e+15,4.601942363656926771e-01
1.650461883802524500e+15,4.601942363656926216e-01
1.650461883804449250e+15,4.601942363656925661e-01
1.650461883806374000e+15,4.601942363656924551e-01
1.650461883808298750e+15,4.601942363656924551e-01
1.650461883810223250e+15,4.601942363656924551e-01
1.650461883812148000e+15,4.601942363656923440e-01
1.650461883814072750e+15,4.601942363656923440e-01
1.650461883815997500e+15,4.601942363656923440e-01
1.650461883817922250e+15,4.601942363656924551e-01
1.650461883819847000e+15,4.601942363656925661e-01
1.650461883821771500e+15,4.601942363656925661e-01
1.650461883823696250e+15,4.601942363656926771e-01
1.650461883825621000e+15,4.601942363656927881e-01
1.650461883827545750e+15,4.602770321883951632e-01
1.650461883829470500e+15,4.615647999439214111e-01
1.650461883831395250e+15,4.628525676994476035e-01
1.650461883833319750e+15,4.641401681906855980e-01
1.650461883835244500e+15,4.654279359462117904e-01
1.650461883837169250e+15,4.660940285090824919e-01
1.650461883839094000e+15,4.653053202089669771e-01
1.650461883841018750e+15,4.645166119088512957e-01
1.650461883842943500e+15,4.637279036087357253e-01
1.650461883844868000e+15,4.629392977515737195e-01
1.650461883846792750e+15,4.621505894514581492e-01
1.650461883848717500e+15,4.613618811513425233e-01
1.650461883850642250e+15,4.605731728512269529e-01
1.650461883852567000e+15,4.607717621929356411e-01
1.650461883854491750e+15,4.618833550289214163e-01
1.650461883856416250e+15,4.629948034834504011e-01
1.650461883858341000e+15,4.641063963194362318e-01
1.650461883860265750e+15,4.652179891554221181e-01
1.650461883862190500e+15,4.663295819914078377e-01
1.650461883864115250e+15,4.674411748273936684e-01
1.650461883866040000e+15,4.685527676633794436e-01
1.650461883867964500e+15,4.696642161179084285e-01
1.650461883869889250e+15,4.707758089538942037e-01
1.650461883871814000e+15,4.718874017898799789e-01
1.650461883873738750e+15,4.713387709538773285e-01
1.650461883875663500e+15,4.689873288262653150e-01
1.650461883877588250e+15,4.666358866986534126e-01
1.650461883879512750e+15,4.642847499928011157e-01
1.650461883881437500e+15,4.619333078651891578e-01
1.650461883883362250e+15,4.604751245035091922e-01
1.650461883885287000e+15,4.615537069339574749e-01
1.650461883887211750e+15,4.626322893644057022e-01
1.650461883889136500e+15,4.637108717948539294e-01
1.650461883891061000e+15,4.647893141314678456e-01
1.650461883892985750e+15,4.658678965619160728e-01
1.650461883894910500e+15,4.669464789923643000e-01
1.650461883896835250e+15,4.680250614228125272e-01
1.650461883898760000e+15,4.691036438532607544e-01
1.650461883900684750e+15,4.701822262837089816e-01
1.650461883902609250e+15,4.712606686203228978e-01
1.650461883904534000e+15,4.723392510507711251e-01
1.650461883906458750e+15,4.734178334812194078e-01
1.650461883908383500e+15,4.744964159116676350e-01
1.650461883910308250e+15,4.755749983421158622e-01
1.650461883912233000e+15,4.766535807725640894e-01
1.650461883914157500e+15,4.777320231091780056e-01
1.650461883916082250e+15,4.785060998162404822e-01
1.650461883918007000e+15,4.780102097387324278e-01
1.650461883919931750e+15,4.775143196612242624e-01
1.650461883921856500e+15,4.770184295837161526e-01
1.650461883923781250e+15,4.765225395062080982e-01
1.650461883925706000e+15,4.760266494286999883e-01
1.650461883927630500e+15,4.755308237608655286e-01
1.650461883929555250e+15,4.750349336833574743e-01
1.650461883931480000e+15,4.745390436058493644e-01
1.650461883933404750e+15,4.740431535283412545e-01
1.650461883935329500e+15,4.735472634508332002e-01
1.650461883937254250e+15,4.730513733733250348e-01
1.650461883939178750e+15,4.725555477054906861e-01
1.650461883941103500e+15,4.732357565532839261e-01
1.650461883943028250e+15,4.741748562738574146e-01
1.650461883944953000e+15,4.751139559944308477e-01
1.650461883946877750e+15,4.760530557150043363e-01
1.650461883948802500e+15,4.769921554355778248e-01
1.650461883950727000e+15,4.779311331793074658e-01
1.650461883952651750e+15,4.794535432873074376e-01
1.650461883954576500e+15,4.824348925180206304e-01
1.650461883956501250e+15,4.854162417487337677e-01
1.650461883958426000e+15,4.883975909794468495e-01
1.650461883960350750e+15,4.913789402101599868e-01
1.650461883962275250e+15,4.943599022023706935e-01
1.650461883964200000e+15,4.969624465712844663e-01
1.650461883966124750e+15,4.965367646910245347e-01
1.650461883968049500e+15,4.961110828107646586e-01
1.650461883969974250e+15,4.956854009305047271e-01
1.650461883971899000e+15,4.952597190502448510e-01
1.650461883973823500e+15,4.948340924605265645e-01
1.650461883975748250e+15,4.944084105802666884e-01
1.650461883977673000e+15,4.939827287000067013e-01
1.650461883979597750e+15,4.935570468197468808e-01
1.650461883981522500e+15,4.931313649394869492e-01
1.650461883983447250e+15,4.927056830592270176e-01
1.650461883985371750e+15,4.922800564695087311e-01
1.650461883987296500e+15,4.918543745892488550e-01
1.650461883989221250e+15,4.914286927089889234e-01
1.650461883991146000e+15,4.910030108287289918e-01
1.650461883993070750e+15,4.908738521234051744e-01
1.650461883994995500e+15,4.908738521234049523e-01
1.650461883996920000e+15,4.908738521234047303e-01
1.650461883998844750e+15,4.908738521234045638e-01
1.650461884000769500e+15,4.913496156230697798e-01
1.650461884002694250e+15,4.923476818857193127e-01
1.650461884004619000e+15,4.933457481483689011e-01
1.650461884006543750e+15,4.943438144110184340e-01
1.650461884008468250e+15,4.953417510378370081e-01
1.650461884010393000e+15,4.963398173004864855e-01
1.650461884012317750e+15,4.973378835631360184e-01
1.650461884014242500e+15,4.983359498257855513e-01
1.650461884016167250e+15,4.993340160884350842e-01
1.650461884018092000e+15,5.003320823510846171e-01
1.650461884020016500e+15,5.013300189779031912e-01
1.650461884021941250e+15,5.023280852405527241e-01
1.650461884023866000e+15,5.029748196447407782e-01
1.650461884025790750e+15,5.020297077620639037e-01
1.650461884027715500e+15,5.010845958793870292e-01
1.650461884029640250e+15,5.001394839967099326e-01
1.650461884031564750e+15,4.991944948717785824e-01
1.650461884033489500e+15,4.982493829891015968e-01
1.650461884035414250e+15,4.973042711064246668e-01
1.650461884037339000e+15,4.970097752749476072e-01
1.650461884039263750e+15,4.970097752749476072e-01
1.650461884041188500e+15,4.970097752749476072e-01
1.650461884043113000e+15,4.970097752749476072e-01
1.650461884045037750e+15,4.970097752749475517e-01
1.650461884046962500e+15,4.970097752749476072e-01
1.650461884048887250e+15,4.970097752749476627e-01
1.650461884050812000e+15,4.970097752749476072e-01
1.650461884052736750e+15,4.970097752749476072e-01
1.650461884054661250e+15,4.970097752749476072e-01
1.650461884056586000e+15,4.970097752749476627e-01
1.650461884058510750e+15,4.970097752749476072e-01
1.650461884060435500e+15,4.989553118839732404e-01
1.650461884062360250e+15,5.011969590484282033e-01
1.650461884064285000e+15,5.034386062128832773e-01
1.650461884066209500e+15,5.056799622165167873e-01
1.650461884068134250e+15,5.079216093809717503e-01
1.650461884070059000e+15,5.090616303956074784e-01
1.650461884071983750e+15,5.085022802920774465e-01
1.650461884073908500e+15,5.079429301885476367e-01
1.650461884075833250e+15,5.073835800850176048e-01
1.650461884077757750e+15,5.068243026337936330e-01
1.650461884079682500e+15,5.062649525302637121e-01
1.650461884081607250e+15,5.057056024267337913e-01
1.650461884083532000e+15,5.051462523232037594e-01
1.650461884085456750e+15,5.045869022196738385e-01
1.650461884087381500e+15,5.040275521161439176e-01
1.650461884089306000e+15,5.034682746649199458e-01
1.650461884091230750e+15,5.031456984264899290e-01
1.650461884093155500e+15,5.031456984264899290e-01
1.650461884095080250e+15,5.031456984264899290e-01
1.650461884097005000e+15,5.031456984264899290e-01
1.650461884098929750e+15,5.031456984264899290e-01
1.650461884100854250e+15,5.031456984264899290e-01
1.650461884102779000e+15,5.034570428382753038e-01
1.650461884104703750e+15,5.043595430740945851e-01
1.650461884106628500e+15,5.052620433099139774e-01
1.650461884108553250e+15,5.061645435457331477e-01
1.650461884110478000e+15,5.070670437815524290e-01
1.650461884112402500e+15,5.079694267943251074e-01
1.650461884114327250e+15,5.088719270301443887e-01
1.650461884116252000e+15,5.092816215780322509e-01
1.650461884118176750e+15,5.092816215780322509e-01
1.650461884120101500e+15,5.092816215780322509e-01
1.650461884122026250e+15,5.092816215780322509e-01
1.650461884123950750e+15,5.092816215780322509e-01
1.650461884125875500e+15,5.092816215780322509e-01
1.650461884127800250e+15,5.092816215780322509e-01
1.650461884129725000e+15,5.092816215780322509e-01
1.650461884131649750e+15,5.092816215780322509e-01
1.650461884133574500e+15,5.092816215780322509e-01
1.650461884135499000e+15,5.092816215780322509e-01
1.650461884137423750e+15,5.092816215780322509e-01
1.650461884139348500e+15,5.092816215780322509e-01
1.650461884141273250e+15,5.092816215780322509e-01
1.650461884143198000e+15,5.092816215780322509e-01
1.650461884145122750e+15,5.092816215780322509e-01
1.650461884147047250e+15,5.092816215780322509e-01
1.650461884148972000e+15,5.092816215780322509e-01
1.650461884150896750e+15,5.092816215780322509e-01
1.650461884152821500e+15,5.092816215780322509e-01
1.650461884154746250e+15,5.092816215780322509e-01
1.650461884156671000e+15,5.092816215780322509e-01
1.650461884158595500e+15,5.092816215780322509e-01
1.650461884160520250e+15,5.092816215780322509e-01
1.650461884162445000e+15,5.092816215780322509e-01
1.650461884164369750e+15,5.092816215780322509e-01
1.650461884166294500e+15,5.092816215780322509e-01
1.650461884168219250e+15,5.092816215780322509e-01
1.650461884170143750e+15,5.092816215780322509e-01
1.650461884172068500e+15,5.092816215780322509e-01
1.650461884173993250e+15,5.092816215780322509e-01
1.650461884175918000e+15,5.092816215780322509e-01
1.650461884177842750e+15,5.092816215780322509e-01
1.650461884179767500e+15,5.092816215780322509e-01
1.650461884181692000e+15,5.092816215780322509e-01
1.650461884183616750e+15,5.092816215780322509e-01
1.650461884185541500e+15,5.092816215780322509e-01
1.650461884187466250e+15,5.092816215780322509e-01
1.650461884189391000e+15,5.092816215780322509e-01
1.650461884191315750e+15,5.092816215780322509e-01
1.650461884193240250e+15,5.092816215780324729e-01
1.650461884195165000e+15,5.092816215780325839e-01
1.650461884197089750e+15,5.092816215780326949e-01
1.650461884199014500e+15,5.092816215780329170e-01
1.650461884200939250e+15,5.092816215780329170e-01
1.650461884202864000e+15,5.092816215780330280e-01
1.650461884204788500e+15,5.092816215780331390e-01
1.650461884206713250e+15,5.092816215780332501e-01
1.650461884208638000e+15,5.092816215780333611e-01
1.650461884210562750e+15,5.092816215780333611e-01
1.650461884212487500e+15,5.092816215780333611e-01
1.650461884214412250e+15,5.092816215780334721e-01
1.650461884216336750e+15,5.092816215780335831e-01
1.650461884218261500e+15,5.092816215780335831e-01
1.650461884220186250e+15,5.092816215780335831e-01
1.650461884222111000e+15,5.092816215780335831e-01
1.650461884224035750e+15,5.092816215780335831e-01
1.650461884225960500e+15,5.092816215780335831e-01
1.650461884227885000e+15,5.092816215780335831e-01
1.650461884229809750e+15,5.092816215780335831e-01
1.650461884231734500e+15,5.092816215780335831e-01
1.650461884233659250e+15,5.092816215780335831e-01
1.650461884235584000e+15,5.092816215780335831e-01
1.650461884237508750e+15,5.085628894760251262e-01
1.650461884239433250e+15,5.075478831063202634e-01
1.650461884241358000e+15,5.065327448833587543e-01
1.650461884243282750e+15,5.055176066603972451e-01
1.650461884245207500e+15,5.045024684374356250e-01
1.650461884247132250e+15,5.034873302144741158e-01
1.650461884249057000e+15,5.042790713728293461e-01
1.650461884250981500e+15,5.059871185421567219e-01
1.650461884252906250e+15,5.076953875934234750e-01
1.650461884254831000e+15,5.094036566446902281e-01
1.650461884256755750e+15,5.111119256959569812e-01
1.650461884258680500e+15,5.128201947472237343e-01
1.650461884260605250e+15,5.145284637984905984e-01
1.650461884262529750e+15,5.154175447295759049e-01
1.650461884264454500e+15,5.154175447295759049e-01
1.650461884266379250e+15,5.154175447295759049e-01
1.650461884268304000e+15,5.154175447295759049e-01
1.650461884270228750e+15,5.154175447295759049e-01
1.650461884272153500e+15,5.154175447295759049e-01
1.650461884274078250e+15,5.154175447295759049e-01
1.650461884276002750e+15,5.154175447295759049e-01
1.650461884277927500e+15,5.154175447295759049e-01
1.650461884279852250e+15,5.154175447295759049e-01
1.650461884281777000e+15,5.154175447295757939e-01
1.650461884283701750e+15,5.133643032350376778e-01
1.650461884285626500e+15,5.110447278474441468e-01
1.650461884287551000e+15,5.087254537425350831e-01
1.650461884289475750e+15,5.064058783549415521e-01
1.650461884291400500e+15,5.040863029673481321e-01
1.650461884293325250e+15,5.041477007193617688e-01
1.650461884295250000e+15,5.058331749716712400e-01
1.650461884297174750e+15,5.075186492239807112e-01
1.650461884299099250e+15,5.092039045550986742e-01
1.650461884301024000e+15,5.108893788074082565e-01
1.650461884302948750e+15,5.125748530597177277e-01
1.650461884304873500e+15,5.142603273120270879e-01
1.650461884306798250e+15,5.151337529913893043e-01
1.650461884308723000e+15,5.142282774040296545e-01
1.650461884310647500e+15,5.133229194261761386e-01
1.650461884312572250e+15,5.124174438388163777e-01
1.650461884314497000e+15,5.115119682514568389e-01
1.650461884316421750e+15,5.106064926640970780e-01
1.650461884318346500e+15,5.097010170767375392e-01
1.650461884320271250e+15,5.092816215780332501e-01
1.650461884322195750e+15,5.092816215780332501e-01
1.650461884324120500e+15,5.092816215780332501e-01
1.650461884326045250e+15,5.092816215780333611e-01
1.650461884327970000e+15,5.092816215780333611e-01
1.650461884329894750e+15,5.092816215780333611e-01
1.650461884331819500e+15,5.092816215780334721e-01
1.650461884333744000e+15,5.092816215780334721e-01
1.650461884335668750e+15,5.092816215780335831e-01
1.650461884337593500e+15,5.099733050209857010e-01
1.650461884339518250e+15,5.125558805919306904e-01
1.650461884341443000e+15,5.151384561628756797e-01
1.650461884343367750e+15,5.177210317338206691e-01
1.650461884345292250e+15,5.203032718617768282e-01
1.650461884347217000e+15,5.228858474327218175e-01
1.650461884349141750e+15,5.254684230036668069e-01
1.650461884351066500e+15,5.279325721046227438e-01
1.650461884352991250e+15,5.296693541760834067e-01
1.650461884354916000e+15,5.314061362475438477e-01
1.650461884356840500e+15,5.331426927335943811e-01
1.650461884358765250e+15,5.348794748050549330e-01
1.650461884360690000e+15,5.366162568765153740e-01
1.650461884362614750e+15,5.383530389479759259e-01
1.650461884364539500e+15,5.399612373357460804e-01
1.650461884366464250e+15,5.399612373357460804e-01
1.650461884368388750e+15,5.399612373357460804e-01
1.650461884370313500e+15,5.399612373357460804e-01
1.650461884372238250e+15,5.399612373357460804e-01
1.650461884374163000e+15,5.399612373357460804e-01
1.650461884376087750e+15,5.399612373357460804e-01
1.650461884378012500e+15,5.399612373357460804e-01
1.650461884379937000e+15,5.399612373357460804e-01
1.650461884381861750e+15,5.399612373357460804e-01
1.650461884383786500e+15,5.402787386043940154e-01
1.650461884385711250e+15,5.411574022518854665e-01
1.650461884387636000e+15,5.420360658993768066e-01
1.650461884389560750e+15,5.429147295468681467e-01
1.650461884391485250e+15,5.437932790673757344e-01
1.650461884393410000e+15,5.446719427148670745e-01
1.650461884395334750e+15,5.455506063623584145e-01
1.650461884397259500e+15,5.458929945481763024e-01
1.650461884399184250e+15,5.453528318109858164e-01
1.650461884401109000e+15,5.448126690737954414e-01
1.650461884403033500e+15,5.442725764967215607e-01
1.650461884404958250e+15,5.437324137595311857e-01
1.650461884406883000e+15,5.431922510223408107e-01
1.650461884408807750e+15,5.426520882851504357e-01
1.650461884410732500e+15,5.421119255479599497e-01
1.650461884412657250e+15,5.415717628107695747e-01
1.650461884414581750e+15,5.410316702336956940e-01
1.650461884416506500e+15,5.404915074965052080e-01
1.650461884418431250e+15,5.399799201802732984e-01
1.650461884420356000e+15,5.410000564924379862e-01
1.650461884422280750e+15,5.420201928046027851e-01
1.650461884424205500e+15,5.430403291167674729e-01
1.650461884426130000e+15,5.440603329264888099e-01
1.650461884428054750e+15,5.450804692386534978e-01
1.650461884429979500e+15,5.461003650108690044e-01
1.650461884431904250e+15,5.470492737434683450e-01
1.650461884433829000e+15,5.479981824760676856e-01
1.650461884435753750e+15,5.489470912086670262e-01
1.650461884437678250e+15,5.498958766903593309e-01
1.650461884439603000e+15,5.508447854229587826e-01
1.650461884441527750e+15,5.517936941555580121e-01
1.650461884443452500e+15,5.517073435810360138e-01
1.650461884445377250e+15,5.507282258488249704e-01
1.650461884447302000e+15,5.497491081166137050e-01
1.650461884449226500e+15,5.487701175590657954e-01
1.650461884451151250e+15,5.477909998268546410e-01
1.650461884453076000e+15,5.468118820946434866e-01
1.650461884455000750e+15,5.464142833489215034e-01
1.650461884456925500e+15,5.475886599298326329e-01
1.650461884458850250e+15,5.487630365107435404e-01
1.650461884460774750e+15,5.499372605554055937e-01
1.650461884462699500e+15,5.511116371363166122e-01
1.650461884464624250e+15,5.522860137172276307e-01
1.650461884466549000e+15,5.534603902981385382e-01
1.650461884468473750e+15,5.546347668790495566e-01
1.650461884470398500e+15,5.558091434599605751e-01
1.650461884472323000e+15,5.569833675046226285e-01
1.650461884474247750e+15,5.581577440855336469e-01
1.650461884476172500e+15,5.576872615454443460e-01
1.650461884478097250e+15,5.568559728788764485e-01
1.650461884480022000e+15,5.560246842123085509e-01
1.650461884481946750e+15,5.551933955457406533e-01
1.650461884483871250e+15,5.543622148527623805e-01
1.650461884485796000e+15,5.535309261861944830e-01
1.650461884487720750e+15,5.526996375196264744e-01
1.650461884489645500e+15,5.522330836388316122e-01
1.650461884491570250e+15,5.522330836388313902e-01
1.650461884493495000e+15,5.522330836388312791e-01
1.650461884495419500e+15,5.522330836388311681e-01
1.650461884497344250e+15,5.522330836388310571e-01
1.650461884499269000e+15,5.522330836388309461e-01
1.650461884501193750e+15,5.522330836388307240e-01
1.650461884503118500e+15,5.522330836388306130e-01
1.650461884505043250e+15,5.522330836388305020e-01
1.650461884506967750e+15,5.522330836388303910e-01
1.650461884508892500e+15,5.519611344561029531e-01
1.650461884510817250e+15,5.511023416924372142e-01
1.650461884512742000e+15,5.502435489287715864e-01
1.650461884514666750e+15,5.493847561651058475e-01
1.650461884516591500e+15,5.485259634014401087e-01
1.650461884518516000e+15,5.476672821837885730e-01
1.650461884520440750e+15,5.468084894201228341e-01
1.650461884522365500e+15,5.462918535173940660e-01
1.650461884524290250e+15,5.474256974196531900e-01
1.650461884526215000e+15,5.485595413219122030e-01
1.650461884528139750e+15,5.496933852241714380e-01
1.650461884530064250e+15,5.508270818548495207e-01
1.650461884531989000e+15,5.519609257571087557e-01
1.650461884533913750e+15,5.522330836388303910e-01
1.650461884535838500e+15,5.522330836388303910e-01
1.650461884537763250e+15,5.522330836388305020e-01
1.650461884539688000e+15,5.522330836388306130e-01
1.650461884541612500e+15,5.522330836388307240e-01
1.650461884543537250e+15,5.522330836388307240e-01
1.650461884545462000e+15,5.522330836388307240e-01
1.650461884547386750e+15,5.522330836388307240e-01
1.650461884549311500e+15,5.522330836388307240e-01
1.650461884551236250e+15,5.522330836388307240e-01
1.650461884553160750e+15,5.522330836388307240e-01
1.650461884555085500e+15,5.522330836388307240e-01
1.650461884557010250e+15,5.522330836388307240e-01
1.650461884558935000e+15,5.522330836388307240e-01
1.650461884560859750e+15,5.522330836388307240e-01
1.650461884562784500e+15,5.522330836388307240e-01
1.650461884564709000e+15,5.522330836388307240e-01
1.650461884566633750e+15,5.522330836388307240e-01
1.650461884568558500e+15,5.522330836388307240e-01
1.650461884570483250e+15,5.522330836388307240e-01
1.650461884572408000e+15,5.522330836388307240e-01
1.650461884574332750e+15,5.522330836388306130e-01
1.650461884576257250e+15,5.522330836388307240e-01
1.650461884578182000e+15,5.522330836388307240e-01
1.650461884580106750e+15,5.522330836388307240e-01
1.650461884582031500e+15,5.522330836388307240e-01
1.650461884583956250e+15,5.522330836388307240e-01
1.650461884585881000e+15,5.522330836388307240e-01
1.650461884587805500e+15,5.522330836388307240e-01
1.650461884589730250e+15,5.522330836388306130e-01
1.650461884591655000e+15,5.522330836388306130e-01
1.650461884593579750e+15,5.522330836388306130e-01
1.650461884595504500e+15,5.522330836388305020e-01
1.650461884597429250e+15,5.522330836388305020e-01
1.650461884599353750e+15,5.522330836388303910e-01
1.650461884601278500e+15,5.522330836388305020e-01
1.650461884603203250e+15,5.522330836388303910e-01
1.650461884605128000e+15,5.522330836388303910e-01
1.650461884607052750e+15,5.522330836388302799e-01
1.650461884608977500e+15,5.522330836388302799e-01
1.650461884610902000e+15,5.522330836388302799e-01
1.650461884612826750e+15,5.522330836388302799e-01
1.650461884614751500e+15,5.522330836388302799e-01
1.650461884616676250e+15,5.522330836388302799e-01
1.650461884618601000e+15,5.522330836388302799e-01
1.650461884620525750e+15,5.522330836388303910e-01
1.650461884622450250e+15,5.522330836388305020e-01
1.650461884624375000e+15,5.522330836388305020e-01
1.650461884626299750e+15,5.522330836388307240e-01
1.650461884628224500e+15,5.522330836388309461e-01
1.650461884630149250e+15,5.522330836388309461e-01
1.650461884632074000e+15,5.522330836388310571e-01
1.650461884633998750e+15,5.520661516716408590e-01
1.650461884635923250e+15,5.515268976710405724e-01
1.650461884637848000e+15,5.509875736192580975e-01
1.650461884639772750e+15,5.504482495674756226e-01
1.650461884641697500e+15,5.499089255156932587e-01
1.650461884643622250e+15,5.493696014639106728e-01
1.650461884645547000e+15,5.488302774121283090e-01
1.650461884647471500e+15,5.482910234115279113e-01
1.650461884649396250e+15,5.477516993597455475e-01
1.650461884651321000e+15,5.472123753079629616e-01
1.650461884653245750e+15,5.466730512561804867e-01
1.650461884655170500e+15,5.461337272043980118e-01
1.650461884657095250e+15,5.470446114437987895e-01
1.650461884659019750e+15,5.480608407127440795e-01
1.650461884660944500e+15,5.490772019938053861e-01
1.650461884662869250e+15,5.500935632748666926e-01
1.650461884664794000e+15,5.511099245559278881e-01
1.650461884666718750e+15,5.521262858369891946e-01
1.650461884668643500e+15,5.517160283270292620e-01
1.650461884670568000e+15,5.511383372108831225e-01
1.650461884672492750e+15,5.505605710504246630e-01
1.650461884674417500e+15,5.499828048899662036e-01
1.650461884676342250e+15,5.494050387295077442e-01
1.650461884678267000e+15,5.488272725690491738e-01
1.650461884680191750e+15,5.482495064085906034e-01
1.650461884682116250e+15,5.476718152924444638e-01
1.650461884684041000e+15,5.470940491319860044e-01
1.650461884685965750e+15,5.465162829715275450e-01
1.650461884687890500e+15,5.460971604872879581e-01
1.650461884689815250e+15,5.460971604872879581e-01
1.650461884691740000e+15,5.460971604872879581e-01
1.650461884693664500e+15,5.460971604872879581e-01
1.650461884695589250e+15,5.460971604872879581e-01
1.650461884697514000e+15,5.460971604872878471e-01
1.650461884699438750e+15,5.460971604872879581e-01
1.650461884701363500e+15,5.460971604872879581e-01
1.650461884703288250e+15,5.460971604872879581e-01
1.650461884705212750e+15,5.460971604872879581e-01
1.650461884707137500e+15,5.460971604872879581e-01
1.650461884709062250e+15,5.460971604872879581e-01
1.650461884710987000e+15,5.460971604872879581e-01
1.650461884712911750e+15,5.460971604872879581e-01
1.650461884714836500e+15,5.460971604872879581e-01
1.650461884716761000e+15,5.460971604872879581e-01
1.650461884718685750e+15,5.460971604872879581e-01
1.650461884720610500e+15,5.460971604872880691e-01
1.650461884722535250e+15,5.452658242665898713e-01
1.650461884724460000e+15,5.443526472708479780e-01
1.650461884726384750e+15,5.434394702751061956e-01
1.650461884728309250e+15,5.425264118891831577e-01
1.650461884730234000e+15,5.416132348934413754e-01
1.650461884732158750e+15,5.407000578976994820e-01
1.650461884734083500e+15,5.400664466745320746e-01
1.650461884736008250e+15,5.406174716400492519e-01
1.650461884737933000e+15,5.411684966055664292e-01
1.650461884739857500e+15,5.417194500001047963e-01
1.650461884741782250e+15,5.422704749656219736e-01
1.650461884743707000e+15,5.428214999311391509e-01
1.650461884745631750e+15,5.433725248966563282e-01
1.650461884747556500e+15,5.439235498621735054e-01
1.650461884749481250e+15,5.444745748276906827e-01
1.650461884751405750e+15,5.450255282222290498e-01
1.650461884753330500e+15,5.455765531877462271e-01
1.650461884755255250e+15,5.460971604872879581e-01
1.650461884757180000e+15,5.460971604872878471e-01
1.650461884759104750e+15,5.460971604872879581e-01
1.650461884761029500e+15,5.460971604872879581e-01
1.650461884762954000e+15,5.460971604872879581e-01
1.650461884764878750e+15,5.460971604872879581e-01
1.650461884766803500e+15,5.469600715167214355e-01
1.650461884768728250e+15,5.484024406039140764e-01
1.650461884770653000e+15,5.498448096911064953e-01
1.650461884772577750e+15,5.512871787782990252e-01
1.650461884774502250e+15,5.527293605205003679e-01
1.650461884776427000e+15,5.541717296076928978e-01
1.650461884778351750e+15,5.556140986948854277e-01
1.650461884780276500e+15,5.570564677820779576e-01
1.650461884782201250e+15,5.583190233088051180e-01
1.650461884784126000e+15,5.577637234176102687e-01
1.650461884786050500e+15,5.572084956526512922e-01
1.650461884787975250e+15,5.566531957614564430e-01
1.650461884789900000e+15,5.560978958702614827e-01
1.650461884791824750e+15,5.555425959790666335e-01
1.650461884793749500e+15,5.549872960878716732e-01
1.650461884795674250e+15,5.544319961966767130e-01
1.650461884797598750e+15,5.538767684317178475e-01
1.650461884799523500e+15,5.533214685405228872e-01
1.650461884801448250e+15,5.527661686493280380e-01
1.650461884803373000e+15,5.522330836388302799e-01
1.650461884805297750e+15,5.522330836388302799e-01
1.650461884807222500e+15,5.522330836388302799e-01
1.650461884809147000e+15,5.522330836388302799e-01
1.650461884811071750e+15,5.524054312008317424e-01
1.650461884812996500e+15,5.528544680468046035e-01
1.650461884814921250e+15,5.533035048927775756e-01
1.650461884816846000e+15,5.537525417387504367e-01
1.650461884818770750e+15,5.542015785847232978e-01
1.650461884820695250e+15,5.546505571066481233e-01
1.650461884822620000e+15,5.550995939526209844e-01
1.650461884824544750e+15,5.555486307985938454e-01
1.650461884826469500e+15,5.559976676445668176e-01
1.650461884828394250e+15,5.564467044905396786e-01
1.650461884830319000e+15,5.568957413365125397e-01
1.650461884832243500e+15,5.573447198584373652e-01
1.650461884834168250e+15,5.577937567044103373e-01
1.650461884836093000e+15,5.582427935503831984e-01
1.650461884838017750e+15,5.578771412092735638e-01
1.650461884839942500e+15,5.571929726259150506e-01
1.650461884841867250e+15,5.565088040425566485e-01
1.650461884843791750e+15,5.558247243238019220e-01
1.650461884845716500e+15,5.551405557404436308e-01
1.650461884847641250e+15,5.544563871570851177e-01
1.650461884849566000e+15,5.537722185737267155e-01
1.650461884851490750e+15,5.530880499903683134e-01
1.650461884853415500e+15,5.524038814070099113e-01
1.650461884855340000e+15,5.522330836388302799e-01
1.650461884857264750e+15,5.522330836388303910e-01
1.650461884859189500e+15,5.522330836388303910e-01
1.650461884861114250e+15,5.522330836388305020e-01
1.650461884863039000e+15,5.522330836388305020e-01
1.650461884864963750e+15,5.522330836388305020e-01
1.650461884866888250e+15,5.522330836388305020e-01
1.650461884868813000e+15,5.522330836388305020e-01
1.650461884870737750e+15,5.522330836388306130e-01
1.650461884872662500e+15,5.522330836388306130e-01
1.650461884874587250e+15,5.522330836388307240e-01
1.650461884876512000e+15,5.522330836388307240e-01
1.650461884878436500e+15,5.522330836388306130e-01
1.650461884880361250e+15,5.522330836388306130e-01
1.650461884882286000e+15,5.522330836388305020e-01
1.650461884884210750e+15,5.522330836388305020e-01
1.650461884886135500e+15,5.522330836388303910e-01
1.650461884888060250e+15,5.522330836388302799e-01
1.650461884889984750e+15,5.522330836388301689e-01
1.650461884891909500e+15,5.522330836388302799e-01
1.650461884893834250e+15,5.522330836388301689e-01
1.650461884895759000e+15,5.522330836388302799e-01
1.650461884897683750e+15,5.522330836388302799e-01
1.650461884899608500e+15,5.522330836388302799e-01
1.650461884901533000e+15,5.522330836388302799e-01
1.650461884903457750e+15,5.522330836388301689e-01
1.650461884905382500e+15,5.522330836388302799e-01
1.650461884907307250e+15,5.522330836388302799e-01
1.650461884909232000e+15,5.522330836388302799e-01
1.650461884911156750e+15,5.522330836388302799e-01
1.650461884913081250e+15,5.522330836388302799e-01
1.650461884915006000e+15,5.522818439363326171e-01
1.650461884916930750e+15,5.528647717786787652e-01
1.650461884918855500e+15,5.534476996210249133e-01
1.650461884920780250e+15,5.540306274633710615e-01
1.650461884922705000e+15,5.546135553057172096e-01
1.650461884924629500e+15,5.551964074333157750e-01
1.650461884926554250e+15,5.557793352756618122e-01
1.650461884928479000e+15,5.563622631180078493e-01
1.650461884930403750e+15,5.569451909603541084e-01
1.650461884932328500e+15,5.575281188027002566e-01
1.650461884934253250e+15,5.581110466450464047e-01
1.650461884936177750e+15,5.578544018680985372e-01
1.650461884938102500e+15,5.569310871869999069e-01
1.650461884940027250e+15,5.560077725059012765e-01
1.650461884941952000e+15,5.550844578248026462e-01
1.650461884943876750e+15,5.541611431437039048e-01
1.650461884945801500e+15,5.532378284626052745e-01
1.650461884947726000e+15,5.523146337080790946e-01
1.650461884949650750e+15,5.530380938182823947e-01
1.650461884951575500e+15,5.539210933013427596e-01
1.650461884953500250e+15,5.548040927844032355e-01
1.650461884955425000e+15,5.556870922674637114e-01
1.650461884957349750e+15,5.565700917505242984e-01
1.650461884959274250e+15,5.574529765434322881e-01
1.650461884961199000e+15,5.583359760264927640e-01
1.650461884963123750e+15,5.577649830074176140e-01
1.650461884965048500e+15,5.571374861642139908e-01
1.650461884966973250e+15,5.565099893210104787e-01
1.650461884968898000e+15,5.558824924778069665e-01
1.650461884970822500e+15,5.552550771382848138e-01
1.650461884972747250e+15,5.546275802950813016e-01
1.650461884974672000e+15,5.540000834518777895e-01
1.650461884976596750e+15,5.533725866086742773e-01
1.650461884978521500e+15,5.527450897654707651e-01
1.650461884980446250e+15,5.524114417890259032e-01
1.650461884982370750e+15,5.533803910058262554e-01
1.650461884984295500e+15,5.543494660928808271e-01
1.650461884986220250e+15,5.553185411799352877e-01
1.650461884988145000e+15,5.562876162669898594e-01
1.650461884990069750e+15,5.572566913540444311e-01
1.650461884991994500e+15,5.582257664410990028e-01
1.650461884993919250e+15,5.575183223216629846e-01
1.650461884995843750e+15,5.565202169962344403e-01
1.650461884997768500e+15,5.555219820130601338e-01
1.650461884999693250e+15,5.545237470298860494e-01
1.650461885001618000e+15,5.535255120467118539e-01
1.650461885003542750e+15,5.525272770635376585e-01
1.650461885005467500e+15,5.515380305949202366e-01
1.650461885007392000e+15,5.505526681028356517e-01
1.650461885009316750e+15,5.495671776083489446e-01
1.650461885011241500e+15,5.485816871138622375e-01
1.650461885013166250e+15,5.475961966193754193e-01
1.650461885015091000e+15,5.466107061248887122e-01
1.650461885017015750e+15,5.466274733953931930e-01
1.650461885018940250e+15,5.477347011595884441e-01
1.650461885020865000e+15,5.488420727569564006e-01
1.650461885022789750e+15,5.499494443543242461e-01
1.650461885024714500e+15,5.510568159516923137e-01
1.650461885026639250e+15,5.521641875490601592e-01
1.650461885028564000e+15,5.514959070354933379e-01
1.650461885030488500e+15,5.507099256653426034e-01
1.650461885032413250e+15,5.499238421931693654e-01
1.650461885034338000e+15,5.491377587209960165e-01
1.650461885036262750e+15,5.483516752488226675e-01
1.650461885038187500e+15,5.475655917766493186e-01
1.650461885040112250e+15,5.467795083044760807e-01
1.650461885042036750e+15,5.460971604872875140e-01
1.650461885043961500e+15,5.460971604872875140e-01
1.650461885045886250e+15,5.460971604872875140e-01
1.650461885047811000e+15,5.460971604872875140e-01
1.650461885049735750e+15,5.460971604872875140e-01
1.650461885051660500e+15,5.460971604872875140e-01
1.650461885053585000e+15,5.460971604872875140e-01
1.650461885055509750e+15,5.460971604872875140e-01
1.650461885057434500e+15,5.460971604872875140e-01
1.650461885059359250e+15,5.460971604872875140e-01
1.650461885061284000e+15,5.460971604872875140e-01
1.650461885063208750e+15,5.455057253768550440e-01
1.650461885065133250e+15,5.444819188825646972e-01
1.650461885067058000e+15,5.434579793918474788e-01
1.650461885068982750e+15,5.424340399011303715e-01
1.650461885070907500e+15,5.414101004104130421e-01
1.650461885072832250e+15,5.403861609196958238e-01
1.650461885074757000e+15,5.393622214289786054e-01
1.650461885076681500e+15,5.383384149346883696e-01
1.650461885078606250e+15,5.373144754439711512e-01
1.650461885080531000e+15,5.362905359532539329e-01
1.650461885082455750e+15,5.352665964625367145e-01
1.650461885084380500e+15,5.342426569718193852e-01
1.650461885086305250e+15,5.338253141842015381e-01
1.650461885088229750e+15,5.338253141842015381e-01
1.650461885090154500e+15,5.338253141842015381e-01
1.650461885092079250e+15,5.338253141842015381e-01
1.650461885094004000e+15,5.338253141842015381e-01
1.650461885095928750e+15,5.338253141842015381e-01
1.650461885097853500e+15,5.337023043082527174e-01
1.650461885099778000e+15,5.326237963070524772e-01
1.650461885101702750e+15,5.315451482034878605e-01
1.650461885103627500e+15,5.304665000999232438e-01
1.650461885105552250e+15,5.293878519963585161e-01
1.650461885107477000e+15,5.283092038927938994e-01
1.650461885109401750e+15,5.272284931353825588e-01
1.650461885111326250e+15,5.261451367954611547e-01
1.650461885113251000e+15,5.250616397233573984e-01
1.650461885115175750e+15,5.239781426512536422e-01
1.650461885117100500e+15,5.228946455791498860e-01
1.650461885119025250e+15,5.218111485070460187e-01
1.650461885120950000e+15,5.207276514349423735e-01
1.650461885122874500e+15,5.196442950950208584e-01
1.650461885124799250e+15,5.185607980229172131e-01
1.650461885126724000e+15,5.174773009508133459e-01
1.650461885128648750e+15,5.163938038787097007e-01
1.650461885130573500e+15,5.153190950234886047e-01
1.650461885132498250e+15,5.143243912345614177e-01
1.650461885134422750e+15,5.133298166447236577e-01
1.650461885136347500e+15,5.123351128557964707e-01
1.650461885138272250e+15,5.113404090668693946e-01
1.650461885140197000e+15,5.103457052779422076e-01
1.650461885142121750e+15,5.093510014890151316e-01
1.650461885144046500e+15,5.087814453703005668e-01
1.650461885145971000e+15,5.082438362601187087e-01
1.650461885147895750e+15,5.077061573124322935e-01
1.650461885149820500e+15,5.071684783647458783e-01
1.650461885151745250e+15,5.066307994170594631e-01
1.650461885153670000e+15,5.060931204693730479e-01
1.650461885155594750e+15,5.055554415216866326e-01
1.650461885157519250e+15,5.050178324115047745e-01
1.650461885159444000e+15,5.044801534638183593e-01
1.650461885161368750e+15,5.039424745161320551e-01
1.650461885163293500e+15,5.034047955684455289e-01
1.650461885165218250e+15,5.031456984264899290e-01
1.650461885167143000e+15,5.031456984264899290e-01
1.650461885169067500e+15,5.031456984264899290e-01
1.650461885170992250e+15,5.031456984264899290e-01
1.650461885172917000e+15,5.031456984264899290e-01
1.650461885174841750e+15,5.031456984264899290e-01
1.650461885176766500e+15,5.031907745437401713e-01
1.650461885178691250e+15,5.051404432331221273e-01
1.650461885180615750e+15,5.070898586858904045e-01
1.650461885182540500e+15,5.090395273752723604e-01
1.650461885184465250e+15,5.109891960646545384e-01
1.650461885186390000e+15,5.129388647540364943e-01
1.650461885188314750e+15,5.148885334434184502e-01
1.650461885190239500e+15,5.149930992439998301e-01
1.650461885192164000e+15,5.144106783263602267e-01
1.650461885194088750e+15,5.138281817499886772e-01
1.650461885196013500e+15,5.132456851736172387e-01
1.650461885197938250e+15,5.126631885972458003e-01
1.650461885199863000e+15,5.120806920208743618e-01
1.650461885201787750e+15,5.114981954445029233e-01
1.650461885203712250e+15,5.109157745268633199e-01
1.650461885205637000e+15,5.103332779504919925e-01
1.650461885207561750e+15,5.097507813741204430e-01
1.650461885209486500e+15,5.094543183479299797e-01
1.650461885211411250e+15,5.103418967400785711e-01
1.650461885213336000e+15,5.112294751322272734e-01
1.650461885215260500e+15,5.121169382394827885e-01
1.650461885217185250e+15,5.130045166316314909e-01
1.650461885219110000e+15,5.138920950237801932e-01
1.650461885221034750e+15,5.147796734159288956e-01
1.650461885222959500e+15,5.149946065439126031e-01
1.650461885224884250e+15,5.134912819403063544e-01
1.650461885226808750e+15,5.119881525990205295e-01
1.650461885228733500e+15,5.104848279954142809e-01
1.650461885230658250e+15,5.092816215780326949e-01
1.650461885232583000e+15,5.092816215780326949e-01
1.650461885234507750e+15,5.092816215780326949e-01
1.650461885236432500e+15,5.092816215780326949e-01
1.650461885238357000e+15,5.092816215780326949e-01
1.650461885240281750e+15,5.092816215780326949e-01
1.650461885242206500e+15,5.092816215780326949e-01
1.650461885244131250e+15,5.092816215780326949e-01
1.650461885246056000e+15,5.092816215780326949e-01
1.650461885247980750e+15,5.092816215780326949e-01
1.650461885249905250e+15,5.092816215780326949e-01
1.650461885251830000e+15,5.092816215780326949e-01
1.650461885253754750e+15,5.092816215780326949e-01
1.650461885255679500e+15,5.092816215780326949e-01
1.650461885257604250e+15,5.092816215780328060e-01
1.650461885259529000e+15,5.092816215780329170e-01
1.650461885261453500e+15,5.092816215780329170e-01
1.650461885263378250e+15,5.092816215780331390e-01
1.650461885265303000e+15,5.092816215780331390e-01
1.650461885267227750e+15,5.092816215780331390e-01
1.650461885269152500e+15,5.092816215780331390e-01
1.650461885271077250e+15,5.092816215780331390e-01
1.650461885273001750e+15,5.092816215780331390e-01
1.650461885274926500e+15,5.092816215780331390e-01
1.650461885276851250e+15,5.092816215780331390e-01
1.650461885278776000e+15,5.092816215780331390e-01
1.650461885280700750e+15,5.092816215780331390e-01
1.650461885282625500e+15,5.092816215780331390e-01
1.650461885284550000e+15,5.092816215780331390e-01
1.650461885286474750e+15,5.092816215780331390e-01
1.650461885288399500e+15,5.092816215780331390e-01
1.650461885290324250e+15,5.092816215780331390e-01
1.650461885292249000e+15,5.092816215780331390e-01
1.650461885294173750e+15,5.092816215780331390e-01
1.650461885296098250e+15,5.092816215780331390e-01
1.650461885298023000e+15,5.092816215780331390e-01
1.650461885299947750e+15,5.092816215780331390e-01
1.650461885301872500e+15,5.092816215780331390e-01
1.650461885303797250e+15,5.092816215780331390e-01
1.650461885305722000e+15,5.092816215780331390e-01
1.650461885307646500e+15,5.092816215780331390e-01
1.650461885309571250e+15,5.092816215780331390e-01
1.650461885311496000e+15,5.092816215780331390e-01
1.650461885313420750e+15,5.092816215780331390e-01
1.650461885315345500e+15,5.092816215780331390e-01
1.650461885317270250e+15,5.092816215780331390e-01
1.650461885319194750e+15,5.092816215780331390e-01
1.650461885321119500e+15,5.092816215780330280e-01
1.650461885323044250e+15,5.092816215780329170e-01
1.650461885324969000e+15,5.092816215780329170e-01
1.650461885326893750e+15,5.092816215780329170e-01
1.650461885328818500e+15,5.092816215780328060e-01
1.650461885330743000e+15,5.092816215780328060e-01
1.650461885332667750e+15,5.092816215780326949e-01
1.650461885334592500e+15,5.092816215780326949e-01
1.650461885336517250e+15,5.092816215780326949e-01
1.650461885338442000e+15,5.092816215780326949e-01
1.650461885340366750e+15,5.092816215780326949e-01
1.650461885342291500e+15,5.092816215780326949e-01
1.650461885344216000e+15,5.092816215780326949e-01
1.650461885346140750e+15,5.092816215780326949e-01
1.650461885348065500e+15,5.092816215780326949e-01
1.650461885349990250e+15,5.092816215780326949e-01
1.650461885351915000e+15,5.092816215780326949e-01
1.650461885353839750e+15,5.092816215780326949e-01
1.650461885355764250e+15,5.092816215780326949e-01
1.650461885357689000e+15,5.092816215780326949e-01
1.650461885359613750e+15,5.092816215780326949e-01
1.650461885361538500e+15,5.092816215780326949e-01
1.650461885363463250e+15,5.092816215780326949e-01
1.650461885365388000e+15,5.092816215780326949e-01
1.650461885367312500e+15,5.092816215780328060e-01
1.650461885369237250e+15,5.092816215780328060e-01
1.650461885371162000e+15,5.092816215780329170e-01
1.650461885373086750e+15,5.092816215780329170e-01
1.650461885375011500e+15,5.092816215780329170e-01
1.650461885376936250e+15,5.092816215780329170e-01
1.650461885378860750e+15,5.092816215780330280e-01
1.650461885380785500e+15,5.092816215780330280e-01
1.650461885382710250e+15,5.092816215780330280e-01
1.650461885384635000e+15,5.092816215780330280e-01
1.650461885386559750e+15,5.092816215780331390e-01
1.650461885388484500e+15,5.092816215780331390e-01
1.650461885390409000e+15,5.092816215780331390e-01
1.650461885392333750e+15,5.092816215780331390e-01
1.650461885394258500e+15,5.092816215780331390e-01
1.650461885396183250e+15,5.092816215780331390e-01
1.650461885398108000e+15,5.092816215780331390e-01
1.650461885400032750e+15,5.092816215780331390e-01
1.650461885401957250e+15,5.092816215780331390e-01
1.650461885403882000e+15,5.092816215780331390e-01
1.650461885405806750e+15,5.092816215780331390e-01
1.650461885407731500e+15,5.092816215780331390e-01
1.650461885409656250e+15,5.092816215780331390e-01
1.650461885411581000e+15,5.092816215780331390e-01
1.650461885413505500e+15,5.092816215780331390e-01
1.650461885415430250e+15,5.092816215780331390e-01
1.650461885417355000e+15,5.092816215780331390e-01
1.650461885419279750e+15,5.092816215780331390e-01
1.650461885421204500e+15,5.092816215780331390e-01
1.650461885423129250e+15,5.092816215780331390e-01
1.650461885425053750e+15,5.092816215780331390e-01
1.650461885426978500e+15,5.092816215780331390e-01
1.650461885428903250e+15,5.092816215780331390e-01
1.650461885430828000e+15,5.092816215780331390e-01
1.650461885432752750e+15,5.092816215780331390e-01
1.650461885434677500e+15,5.092816215780331390e-01
1.650461885436602000e+15,5.092816215780331390e-01
1.650461885438526750e+15,5.092816215780331390e-01
1.650461885440451500e+15,5.092816215780331390e-01
1.650461885442376250e+15,5.092816215780331390e-01
1.650461885444301000e+15,5.092816215780331390e-01
1.650461885446225750e+15,5.092816215780330280e-01
1.650461885448150250e+15,5.092816215780331390e-01
1.650461885450075000e+15,5.092816215780331390e-01
1.650461885451999750e+15,5.092816215780331390e-01
1.650461885453924500e+15,5.092816215780331390e-01
1.650461885455849250e+15,5.092816215780331390e-01
1.650461885457774000e+15,5.092816215780331390e-01
1.650461885459698500e+15,5.092816215780331390e-01
1.650461885461623250e+15,5.092816215780331390e-01
1.650461885463548000e+15,5.092816215780331390e-01
1.650461885465472750e+15,5.092816215780331390e-01
1.650461885467397500e+15,5.092816215780331390e-01
1.650461885469322250e+15,5.092816215780331390e-01
1.650461885471246750e+15,5.092816215780331390e-01
1.650461885473171500e+15,5.092816215780331390e-01
1.650461885475096250e+15,5.092816215780331390e-01
1.650461885477021000e+15,5.092816215780331390e-01
1.650461885478945750e+15,5.092816215780331390e-01
1.650461885480870500e+15,5.092816215780331390e-01
1.650461885482795000e+15,5.092816215780331390e-01
1.650461885484719750e+15,5.092816215780331390e-01
1.650461885486644500e+15,5.092816215780331390e-01
1.650461885488569250e+15,5.092816215780331390e-01
1.650461885490494000e+15,5.092816215780331390e-01
1.650461885492418750e+15,5.092816215780331390e-01
1.650461885494343250e+15,5.092816215780331390e-01
1.650461885496268000e+15,5.092816215780331390e-01
1.650461885498192750e+15,5.092816215780331390e-01
1.650461885500117500e+15,5.092816215780330280e-01
1.650461885502042250e+15,5.092816215780331390e-01
1.650461885503967000e+15,5.092816215780331390e-01
1.650461885505891500e+15,5.092816215780331390e-01
1.650461885507816250e+15,5.092816215780331390e-01
1.650461885509741000e+15,5.092816215780331390e-01
1.650461885511665750e+15,5.092816215780331390e-01
1.650461885513590500e+15,5.092816215780331390e-01
1.650461885515515250e+15,5.092816215780331390e-01
1.650461885517439750e+15,5.092816215780331390e-01
1.650461885519364500e+15,5.092816215780331390e-01
1.650461885521289250e+15,5.092816215780331390e-01
1.650461885523214000e+15,5.092816215780331390e-01
1.650461885525138750e+15,5.092816215780331390e-01
1.650461885527063500e+15,5.092816215780331390e-01
1.650461885528988000e+15,5.092816215780331390e-01
1.650461885530912750e+15,5.092816215780331390e-01
1.650461885532837500e+15,5.092816215780331390e-01
1.650461885534762250e+15,5.092816215780331390e-01
1.650461885536687000e+15,5.092816215780329170e-01
1.650461885538611750e+15,5.092816215780329170e-01
1.650461885540536250e+15,5.092816215780328060e-01
1.650461885542461000e+15,5.092816215780326949e-01
1.650461885544385750e+15,5.092816215780326949e-01
1.650461885546310500e+15,5.092816215780328060e-01
1.650461885548235250e+15,5.092816215780329170e-01
1.650461885550160000e+15,5.092816215780329170e-01
1.650461885552084500e+15,5.092816215780329170e-01
1.650461885554009250e+15,5.092816215780330280e-01
1.650461885555934000e+15,5.092816215780331390e-01
1.650461885557858750e+15,5.092816215780331390e-01
1.650461885559783500e+15,5.092816215780330280e-01
1.650461885561708250e+15,5.092816215780329170e-01
1.650461885563632750e+15,5.092816215780329170e-01
1.650461885565557500e+15,5.092816215780328060e-01
1.650461885567482250e+15,5.092816215780326949e-01
1.650461885569407000e+15,5.092816215780326949e-01
1.650461885571331750e+15,5.092816215780326949e-01
1.650461885573256500e+15,5.092816215780328060e-01
1.650461885575181000e+15,5.092816215780328060e-01
1.650461885577105750e+15,5.092816215780329170e-01
1.650461885579030500e+15,5.092816215780329170e-01
1.650461885580955250e+15,5.092816215780329170e-01
1.650461885582880000e+15,5.092816215780330280e-01
1.650461885584804750e+15,5.092816215780330280e-01
1.650461885586729250e+15,5.092816215780330280e-01
1.650461885588654000e+15,5.092816215780331390e-01
1.650461885590578750e+15,5.092816215780331390e-01
1.650461885592503500e+15,5.092816215780329170e-01
1.650461885594428250e+15,5.092816215780329170e-01
1.650461885596353000e+15,5.092816215780329170e-01
1.650461885598277500e+15,5.092816215780328060e-01
1.650461885600202250e+15,5.092816215780326949e-01
1.650461885602127000e+15,5.092816215780326949e-01
1.650461885604051750e+15,5.092816215780326949e-01
1.650461885605976500e+15,5.092816215780326949e-01
1.650461885607901250e+15,5.092816215780326949e-01
1.650461885609825750e+15,5.092816215780326949e-01
1.650461885611750500e+15,5.092816215780326949e-01
1.650461885613675250e+15,5.092816215780326949e-01
1.650461885615600000e+15,5.092816215780326949e-01
1.650461885617524750e+15,5.092816215780326949e-01
1.650461885619449500e+15,5.092816215780326949e-01
1.650461885621374000e+15,5.092816215780326949e-01
1.650461885623298750e+15,5.092816215780326949e-01
1.650461885625223500e+15,5.092816215780328060e-01
1.650461885627148250e+15,5.092816215780328060e-01
1.650461885629073000e+15,5.092816215780326949e-01
1.650461885630997750e+15,5.092816215780326949e-01
1.650461885632922250e+15,5.092816215780326949e-01
1.650461885634847000e+15,5.092816215780326949e-01
1.650461885636771750e+15,5.092816215780326949e-01
1.650461885638696500e+15,5.092816215780326949e-01
1.650461885640621250e+15,5.092816215780326949e-01
1.650461885642546000e+15,5.092816215780326949e-01
1.650461885644470500e+15,5.092816215780326949e-01
1.650461885646395250e+15,5.092816215780326949e-01
1.650461885648320000e+15,5.092816215780325839e-01
1.650461885650244750e+15,5.092816215780324729e-01
1.650461885652169500e+15,5.092816215780324729e-01
1.650461885654094250e+15,5.092816215780323619e-01
1.650461885656018750e+15,5.092816215780323619e-01
1.650461885657943500e+15,5.092816215780322509e-01
1.650461885659868250e+15,5.092816215780322509e-01
1.650461885661793000e+15,5.092816215780323619e-01
1.650461885663717750e+15,5.092816215780323619e-01
1.650461885665642500e+15,5.092816215780323619e-01
1.650461885667567000e+15,5.092816215780324729e-01
1.650461885669491750e+15,5.092816215780324729e-01
1.650461885671416500e+15,5.092816215780324729e-01
1.650461885673341250e+15,5.092816215780324729e-01
1.650461885675266000e+15,5.092816215780325839e-01
1.650461885677190750e+15,5.092816215780325839e-01
1.650461885679115250e+15,5.092816215780325839e-01
1.650461885681040000e+15,5.092816215780326949e-01
1.650461885682964750e+15,5.092816215780324729e-01
1.650461885684889500e+15,5.092816215780324729e-01
1.650461885686814250e+15,5.092816215780323619e-01
1.650461885688739000e+15,5.092816215780322509e-01
1.650461885690663500e+15,5.092816215780322509e-01
1.650461885692588250e+15,5.092816215780322509e-01
1.650461885694513000e+15,5.092816215780322509e-01
1.650461885696437750e+15,5.092816215780322509e-01
1.650461885698362500e+15,5.092816215780322509e-01
1.650461885700287250e+15,5.092816215780322509e-01
1.650461885702212000e+15,5.092816215780322509e-01
1.650461885704136500e+15,5.092816215780322509e-01
1.650461885706061250e+15,5.092816215780322509e-01
1.650461885707986000e+15,5.092816215780322509e-01
1.650461885709910750e+15,5.092816215780322509e-01
1.650461885711835500e+15,5.092816215780322509e-01
1.650461885713760250e+15,5.092816215780322509e-01
1.650461885715684750e+15,5.092816215780322509e-01
1.650461885717609500e+15,5.092816215780322509e-01
1.650461885719534250e+15,5.092816215780322509e-01
1.650461885721459000e+15,5.092816215780322509e-01
1.650461885723383750e+15,5.092816215780322509e-01
1.650461885725308500e+15,5.092816215780322509e-01
1.650461885727233000e+15,5.092816215780322509e-01
1.650461885729157750e+15,5.092816215780322509e-01
1.650461885731082500e+15,5.092816215780322509e-01
1.650461885733007250e+15,5.075842155138031719e-01
1.650461885734932000e+15,5.055996552573870373e-01
1.650461885736856750e+15,5.036150950009709026e-01
1.650461885738781250e+15,5.016307925131293644e-01
1.650461885740706000e+15,4.996462322567132852e-01
1.650461885742630750e+15,4.976616720002971506e-01
1.650461885744555500e+15,4.982485570108677875e-01
1.650461885746480250e+15,5.000933114760245379e-01
1.650461885748405000e+15,5.019380659411811774e-01
1.650461885750329500e+15,5.037825807967177827e-01
1.650461885752254250e+15,5.056273352618745331e-01
1.650461885754179000e+15,5.074720897270312836e-01
1.650461885756103750e+15,5.092816215780330280e-01
1.650461885758028500e+15,5.092816215780332501e-01
1.650461885759953250e+15,5.092816215780332501e-01
1.650461885761877750e+15,5.092816215780333611e-01
1.650461885763802500e+15,5.092816215780334721e-01
1.650461885765727250e+15,5.092816215780335831e-01
1.650461885767652000e+15,5.092816215780335831e-01
1.650461885769576750e+15,5.092816215780335831e-01
1.650461885771501500e+15,5.092816215780335831e-01
1.650461885773426000e+15,5.092816215780335831e-01
1.650461885775350750e+15,5.092816215780335831e-01
1.650461885777275500e+15,5.092478346117497168e-01
1.650461885779200250e+15,5.085739334370887876e-01
1.650461885781125000e+15,5.079000322624278585e-01
1.650461885783049750e+15,5.072261310877668183e-01
1.650461885784974250e+15,5.065523174441065590e-01
1.650461885786899000e+15,5.058784162694456299e-01
1.650461885788823750e+15,5.052045150947845897e-01
1.650461885790748500e+15,5.045306139201236606e-01
1.650461885792673250e+15,5.038567127454626204e-01
1.650461885794598000e+15,5.031828115708016913e-01
1.650461885796522500e+15,5.031456984264901511e-01
1.650461885798447250e+15,5.031456984264903731e-01
1.650461885800372000e+15,5.031456984264904841e-01
1.650461885802296750e+15,5.031456984264905952e-01
1.650461885804221500e+15,5.031456984264909282e-01
1.650461885806146250e+15,5.031456984264910393e-01
1.650461885808070750e+15,5.031456984264912613e-01
1.650461885809995500e+15,5.031456984264912613e-01
1.650461885811920250e+15,5.031456984264912613e-01
1.650461885813845000e+15,5.031456984264912613e-01
1.650461885815769750e+15,5.031456984264912613e-01
1.650461885817694500e+15,5.031456984264912613e-01
1.650461885819619000e+15,5.031456984264912613e-01
1.650461885821543750e+15,5.037580692686913775e-01
1.650461885823468500e+15,5.044203312597153044e-01
1.650461885825393250e+15,5.050825932507391203e-01
1.650461885827318000e+15,5.057448552417630472e-01
1.650461885829242750e+15,5.064071172327868631e-01
1.650461885831167250e+15,5.070692932045886003e-01
1.650461885833092000e+15,5.077315551956125272e-01
1.650461885835016750e+15,5.083938171866363431e-01
1.650461885836941500e+15,5.090560791776601590e-01
1.650461885838866250e+15,5.079224557036701171e-01
1.650461885840791000e+15,5.058613530708724326e-01
1.650461885842715500e+15,5.038005181485087913e-01
1.650461885844640250e+15,5.017394155157111069e-01
1.650461885846565000e+15,4.996783128829133114e-01
1.650461885848489750e+15,4.976172102501155714e-01
1.650461885850414500e+15,4.977141442807587746e-01
1.650461885852339250e+15,4.987128435396426251e-01
1.650461885854263750e+15,4.997114130804776178e-01
1.650461885856188500e+15,5.007101123393615794e-01
1.650461885858113250e+15,5.017088115982455410e-01
1.650461885860038000e+15,5.027075108571295026e-01
1.650461885861962750e+15,5.037062101160133532e-01
1.650461885863887500e+15,5.047049093748973148e-01
1.650461885865812000e+15,5.057034789157323074e-01
1.650461885867736750e+15,5.067021781746162690e-01
1.650461885869661500e+15,5.077008774335001196e-01
1.650461885871586250e+15,5.086995766923840812e-01
1.650461885873511000e+15,5.088768945950622458e-01
1.650461885875435750e+15,5.079067846816458509e-01
1.650461885877360250e+15,5.069368007728942693e-01
1.650461885879285000e+15,5.059666908594779855e-01
1.650461885881209750e+15,5.049965809460617017e-01
1.650461885883134500e+15,5.040264710326453068e-01
1.650461885885059250e+15,5.031456984264912613e-01
1.650461885886984000e+15,5.031456984264911503e-01
1.650461885888908500e+15,5.031456984264910393e-01
1.650461885890833250e+15,5.031456984264909282e-01
1.650461885892758000e+15,5.031456984264908172e-01
1.650461885894682750e+15,5.031456984264905952e-01
1.650461885896607500e+15,5.031456984264905952e-01
1.650461885898532250e+15,5.031456984264903731e-01
1.650461885900456750e+15,5.031456984264902621e-01
1.650461885902381500e+15,5.031456984264901511e-01
1.650461885904306250e+15,5.031456984264900401e-01
1.650461885906231000e+15,5.031456984264899290e-01
1.650461885908155750e+15,5.031456984264899290e-01
1.650461885910080500e+15,5.031456984264899290e-01
1.650461885912005000e+15,5.031456984264899290e-01
1.650461885913929750e+15,5.031456984264899290e-01
1.650461885915854500e+15,5.031456984264899290e-01
1.650461885917779250e+15,5.031456984264900401e-01
1.650461885919704000e+15,5.031456984264901511e-01
1.650461885921628750e+15,5.031456984264901511e-01
1.650461885923553250e+15,5.031456984264902621e-01
1.650461885925478000e+15,5.031456984264903731e-01
1.650461885927402750e+15,5.031456984264903731e-01
1.650461885929327500e+15,5.031456984264905952e-01
1.650461885931252250e+15,5.031456984264905952e-01
1.650461885933177000e+15,5.031456984264908172e-01
1.650461885935101500e+15,5.031456984264908172e-01
1.650461885937026250e+15,5.031456984264909282e-01
1.650461885938951000e+15,5.031456984264910393e-01
1.650461885940875750e+15,5.031456984264911503e-01
1.650461885942800500e+15,5.031456984264912613e-01
1.650461885944725250e+15,5.031456984264910393e-01
1.650461885946649750e+15,5.031456984264908172e-01
1.650461885948574500e+15,5.031456984264905952e-01
1.650461885950499250e+15,5.031456984264903731e-01
1.650461885952424000e+15,5.031456984264901511e-01
1.650461885954348750e+15,5.030526201698520827e-01
1.650461885956273500e+15,5.025060072805652700e-01
1.650461885958198000e+15,5.019594653891860103e-01
1.650461885960122750e+15,5.014128524998993086e-01
1.650461885962047500e+15,5.008662396106124959e-01
1.650461885963972250e+15,5.003196267213257942e-01
1.650461885965897000e+15,4.997730138320390370e-01
1.650461885967821750e+15,4.992264009427522797e-01
1.650461885969746250e+15,4.986798590513729645e-01
1.650461885971671000e+15,4.981332461620862073e-01
1.650461885973595750e+15,4.975866332727995056e-01
1.650461885975520500e+15,4.970400203835127484e-01
1.650461885977445250e+15,4.970097752749484399e-01
1.650461885979370000e+15,4.970097752749483844e-01
1.650461885981294500e+15,4.970097752749483289e-01
1.650461885983219250e+15,4.970097752749481623e-01
1.650461885985144000e+15,4.970097752749481623e-01
1.650461885987068750e+15,4.970097752749480513e-01
1.650461885988993500e+15,4.970097752749479403e-01
1.650461885990918250e+15,4.970097752749478848e-01
1.650461885992842750e+15,4.970097752749478293e-01
1.650461885994767500e+15,4.970097752749477737e-01
1.650461885996692250e+15,4.970097752749476627e-01
1.650461885998617000e+15,4.970097752749476072e-01
1.650461886000541750e+15,4.970097752749476072e-01
1.650461886002466500e+15,4.970097752749476072e-01
1.650461886004391000e+15,4.970097752749476072e-01
1.650461886006315750e+15,4.970097752749476072e-01
1.650461886008240500e+15,4.970097752749476072e-01
1.650461886010165250e+15,4.970097752749476627e-01
1.650461886012090000e+15,4.970097752749476627e-01
1.650461886014014750e+15,4.960507460940629665e-01
1.650461886015939250e+15,4.949299617256934791e-01
1.650461886017864000e+15,4.938090317630957626e-01
1.650461886019788750e+15,4.926881018004980461e-01
1.650461886021713500e+15,4.915671718379003297e-01
1.650461886023638250e+15,4.908738521234061181e-01
1.650461886025563000e+15,4.908738521234059515e-01
1.650461886027487500e+15,4.908738521234056740e-01
1.650461886029412250e+15,4.908738521234055074e-01
1.650461886031337000e+15,4.908738521234052854e-01
1.650461886033261750e+15,4.908738521234051744e-01
1.650461886035186500e+15,4.908738521234049523e-01
1.650461886037111250e+15,4.908738521234047858e-01
1.650461886039035750e+15,4.908738521234045638e-01
1.650461886040960500e+15,4.908738521234043972e-01
1.650461886042885250e+15,4.908738521234046193e-01
1.650461886044810000e+15,4.908738521234048968e-01
1.650461886046734750e+15,4.908738521234050634e-01
1.650461886048659500e+15,4.908738521234052854e-01
1.650461886050584250e+15,4.908738521234055074e-01
1.650461886052508750e+15,4.908738521234057295e-01
1.650461886054433500e+15,4.908738521234059515e-01
1.650461886056358250e+15,4.908738521234062291e-01
1.650461886058283000e+15,4.908738521234061736e-01
1.650461886060207750e+15,4.908738521234061736e-01
1.650461886062132500e+15,4.908738521234061736e-01
1.650461886064057000e+15,4.908738521234061736e-01
1.650461886065981750e+15,4.908738521234061736e-01
1.650461886067906500e+15,4.908738521234061736e-01
1.650461886069831250e+15,4.908738521234061181e-01
1.650461886071756000e+15,4.908738521234061736e-01
1.650461886073680750e+15,4.908738521234061736e-01
1.650461886075605250e+15,4.908738521234061181e-01
1.650461886077530000e+15,4.908738521234062291e-01
1.650461886079454750e+15,4.908738521234061736e-01
1.650461886081379500e+15,4.908738521234061736e-01
1.650461886083304250e+15,4.908738521234061736e-01
1.650461886085229000e+15,4.908738521234062291e-01
1.650461886087153500e+15,4.908738521234061736e-01
1.650461886089078250e+15,4.908738521234061181e-01
1.650461886091003000e+15,4.908738521234060626e-01
1.650461886092927750e+15,4.908738521234059515e-01
1.650461886094852500e+15,4.908738521234058960e-01
1.650461886096777250e+15,4.908738521234057850e-01
1.650461886098701750e+15,4.908738521234057850e-01
1.650461886100626500e+15,4.908738521234057295e-01
1.650461886102551250e+15,4.908738521234056185e-01
1.650461886104476000e+15,4.908738521234056185e-01
1.650461886106400750e+15,4.908738521234055074e-01
1.650461886108325500e+15,4.908738521234053964e-01
1.650461886110250000e+15,4.908738521234053409e-01
1.650461886112174750e+15,4.905771171557499200e-01
1.650461886114099500e+15,4.895953541493132111e-01
1.650461886116024250e+15,4.886135911428763912e-01
1.650461886117949000e+15,4.876318281364396268e-01
1.650461886119873750e+15,4.866500651300028624e-01
1.650461886121798250e+15,4.856684296418160018e-01
1.650461886123723000e+15,4.846866666353792930e-01
1.650461886125647750e+15,4.837049036289425286e-01
1.650461886127572500e+15,4.827231406225057642e-01
1.650461886129497250e+15,4.817413776160689998e-01
1.650461886131422000e+15,4.807596146096321799e-01
1.650461886133346500e+15,4.797779791214453748e-01
1.650461886135271250e+15,4.787962161150086660e-01
1.650461886137196000e+15,4.794844037475762821e-01
1.650461886139120750e+15,4.805844007750926794e-01
1.650461886141045500e+15,4.816843978026091877e-01
1.650461886142970250e+15,4.827843948301255850e-01
1.650461886144894750e+15,4.838842489823300119e-01
1.650461886146819500e+15,4.849842460098464092e-01
1.650461886148744250e+15,4.860842430373628620e-01
1.650461886150669000e+15,4.871842400648793148e-01
1.650461886152593750e+15,4.882842370923957676e-01
1.650461886154518500e+15,4.893842341199121648e-01
1.650461886156443000e+15,4.904840882721165363e-01
1.650461886158367750e+15,4.897387794088198798e-01
1.650461886160292500e+15,4.879807981516108839e-01
1.650461886162217250e+15,4.862228168944018880e-01
1.650461886164142000e+15,4.844648356371927811e-01
1.650461886166066750e+15,4.827068543799837852e-01
1.650461886167991250e+15,4.809491014616834037e-01
1.650461886169916000e+15,4.791911202044743523e-01
1.650461886171840750e+15,4.781860261809082191e-01
1.650461886173765500e+15,4.775603908529464370e-01
1.650461886175690250e+15,4.769347555249846549e-01
1.650461886177615000e+15,4.763091201970228727e-01
1.650461886179539500e+15,4.756835661309558594e-01
1.650461886181464250e+15,4.750579308029941328e-01
1.650461886183389000e+15,4.744322954750323507e-01
1.650461886185313750e+15,4.738066601470705685e-01
1.650461886187238500e+15,4.731810248191087864e-01
1.650461886189163250e+15,4.725553894911470598e-01
1.650461886191087750e+15,4.724660826687764881e-01
1.650461886193012500e+15,4.724660826687765436e-01
1.650461886194937250e+15,4.724660826687764326e-01
1.650461886196862000e+15,4.724660826687764881e-01
1.650461886198786750e+15,4.724660826687765436e-01
1.650461886200711500e+15,4.724660826687767101e-01
1.650461886202636000e+15,4.724660826687770432e-01
1.650461886204560750e+15,4.724660826687773207e-01
1.650461886206485500e+15,4.724660826687775983e-01
1.650461886208410250e+15,4.724660826687779869e-01
1.650461886210335000e+15,4.724660826687783199e-01
1.650461886212259750e+15,4.724660826687783199e-01
1.650461886214184250e+15,4.724660826687783199e-01
1.650461886216109000e+15,4.724660826687783199e-01
1.650461886218033750e+15,4.724660826687783199e-01
1.650461886219958500e+15,4.724660826687783199e-01
1.650461886221883250e+15,4.724660826687783199e-01
1.650461886223808000e+15,4.727774156302051445e-01
1.650461886225732500e+15,4.733114265787486397e-01
1.650461886227657250e+15,4.738455068973815854e-01
1.650461886229582000e+15,4.743795872160145866e-01
1.650461886231506750e+15,4.749136675346475878e-01
1.650461886233431500e+15,4.754477478532805335e-01
1.650461886235356250e+15,4.759818281719135347e-01
1.650461886237280750e+15,4.765158391204570298e-01
1.650461886239205500e+15,4.770499194390900310e-01
1.650461886241130250e+15,4.775839997577230323e-01
1.650461886243055000e+15,4.781180800763560335e-01
1.650461886244979750e+15,4.786020058203206418e-01
1.650461886246904500e+15,4.786020058203206418e-01
1.650461886248829000e+15,4.786020058203205862e-01
1.650461886250753750e+15,4.786020058203206418e-01
1.650461886252678500e+15,4.786020058203206418e-01
1.650461886254603250e+15,4.786020058203205862e-01
1.650461886256528000e+15,4.786020058203205862e-01
1.650461886258452750e+15,4.786020058203205862e-01
1.650461886260377250e+15,4.786020058203206418e-01
1.650461886262302000e+15,4.786020058203206418e-01
1.650461886264226750e+15,4.786020058203206418e-01
1.650461886266151500e+15,4.786020058203206418e-01
1.650461886268076250e+15,4.786020058203205862e-01
1.650461886270001000e+15,4.786020058203205862e-01
1.650461886271925500e+15,4.786020058203206973e-01
1.650461886273850250e+15,4.786020058203206418e-01
1.650461886275775000e+15,4.786020058203206418e-01
1.650461886277699750e+15,4.786020058203206418e-01
1.650461886279624500e+15,4.786020058203206418e-01
1.650461886281549250e+15,4.786020058203206418e-01
1.650461886283473750e+15,4.786020058203206418e-01
1.650461886285398500e+15,4.786020058203205862e-01
1.650461886287323250e+15,4.786020058203206418e-01
1.650461886289248000e+15,4.786020058203206418e-01
1.650461886291172750e+15,4.786020058203206973e-01
1.650461886293097500e+15,4.786020058203208638e-01
1.650461886295022000e+15,4.786020058203209748e-01
1.650461886296946750e+15,4.786020058203211969e-01
1.650461886298871500e+15,4.786020058203213634e-01
1.650461886300796250e+15,4.786020058203214744e-01
1.650461886302721000e+15,4.786020058203214189e-01
1.650461886304645750e+15,4.786020058203213079e-01
1.650461886306570250e+15,4.786020058203211969e-01
1.650461886308495000e+15,4.786020058203210858e-01
1.650461886310419750e+15,4.786020058203209748e-01
1.650461886312344500e+15,4.786020058203208083e-01
1.650461886314269250e+15,4.786020058203207528e-01
1.650461886316194000e+15,4.786020058203206418e-01
1.650461886318118500e+15,4.786020058203206973e-01
1.650461886320043250e+15,4.786020058203206418e-01
1.650461886321968000e+15,4.786020058203206973e-01
1.650461886323892750e+15,4.786020058203206418e-01
1.650461886325817500e+15,4.786020058203206418e-01
1.650461886327742250e+15,4.786020058203206418e-01
1.650461886329666750e+15,4.786020058203206418e-01
1.650461886331591500e+15,4.786020058203206418e-01
1.650461886333516250e+15,4.786020058203206418e-01
1.650461886335441000e+15,4.786020058203206418e-01
1.650461886337365750e+15,4.786020058203205862e-01
1.650461886339290500e+15,4.786020058203205862e-01
1.650461886341215000e+15,4.786020058203205862e-01
1.650461886343139750e+15,4.786020058203206418e-01
1.650461886345064500e+15,4.786020058203205862e-01
1.650461886346989250e+15,4.786020058203205862e-01
1.650461886348914000e+15,4.786020058203205862e-01
1.650461886350838750e+15,4.786020058203206418e-01
1.650461886352763250e+15,4.786020058203206418e-01
1.650461886354688000e+15,4.786020058203206418e-01
1.650461886356612750e+15,4.786020058203205862e-01
1.650461886358537500e+15,4.786020058203206418e-01
1.650461886360462250e+15,4.786020058203206418e-01
1.650461886362387000e+15,4.786020058203206418e-01
1.650461886364311500e+15,4.786020058203206418e-01
1.650461886366236250e+15,4.786020058203205862e-01
1.650461886368161000e+15,4.786020058203206418e-01
1.650461886370085750e+15,4.786020058203206418e-01
1.650461886372010500e+15,4.786020058203206418e-01
1.650461886373935250e+15,4.786020058203206418e-01
1.650461886375859750e+15,4.786020058203206418e-01
1.650461886377784500e+15,4.786020058203206418e-01
1.650461886379709250e+15,4.786020058203205862e-01
1.650461886381634000e+15,4.786020058203206418e-01
1.650461886383558750e+15,4.786020058203206418e-01
1.650461886385483500e+15,4.786020058203206418e-01
1.650461886387408000e+15,4.786020058203206418e-01
1.650461886389332750e+15,4.786020058203206418e-01
1.650461886391257500e+15,4.786020058203206418e-01
1.650461886393182250e+15,4.786020058203206418e-01
1.650461886395107000e+15,4.786020058203206418e-01
1.650461886397031750e+15,4.786020058203206418e-01
1.650461886398956250e+15,4.786020058203206973e-01
1.650461886400881000e+15,4.786020058203206418e-01
1.650461886402805750e+15,4.786020058203206973e-01
1.650461886404730500e+15,4.786020058203206973e-01
1.650461886406655250e+15,4.786020058203206418e-01
1.650461886408580000e+15,4.786020058203206418e-01
1.650461886410504750e+15,4.786020058203207528e-01
1.650461886412429250e+15,4.786020058203206418e-01
1.650461886414354000e+15,4.786020058203206973e-01
1.650461886416278750e+15,4.786020058203206418e-01
1.650461886418203500e+15,4.786020058203205307e-01
1.650461886420128250e+15,4.786020058203204197e-01
1.650461886422053000e+15,4.786020058203201977e-01
1.650461886423977500e+15,4.786020058203200866e-01
1.650461886425902250e+15,4.786020058203199201e-01
1.650461886427827000e+15,4.786020058203197536e-01
1.650461886429751750e+15,4.786020058203197536e-01
1.650461886431676500e+15,4.786020058203196981e-01
1.650461886433601250e+15,4.786020058203196981e-01
1.650461886435525750e+15,4.786020058203196981e-01
1.650461886437450500e+15,4.786020058203197536e-01
1.650461886439375250e+15,4.786020058203196981e-01
1.650461886441300000e+15,4.786020058203197536e-01
1.650461886443224750e+15,4.786020058203197536e-01
1.650461886445149500e+15,4.786020058203197536e-01
1.650461886447074000e+15,4.786020058203197536e-01
1.650461886448998750e+15,4.786020058203197536e-01
1.650461886450923500e+15,4.786020058203197536e-01
1.650461886452848250e+15,4.786020058203197536e-01
1.650461886454773000e+15,4.786020058203197536e-01
1.650461886456697750e+15,4.786020058203197536e-01
1.650461886458622250e+15,4.786020058203196981e-01
1.650461886460547000e+15,4.786020058203196981e-01
1.650461886462471750e+15,4.786020058203196981e-01
1.650461886464396500e+15,4.781743803270957494e-01
1.650461886466321250e+15,4.772743560864362578e-01
1.650461886468246000e+15,4.763743318457768772e-01
1.650461886470170500e+15,4.754744245065645192e-01
1.650461886472095250e+15,4.745744002659050831e-01
1.650461886474020000e+15,4.736743760252456470e-01
1.650461886475944750e+15,4.727743517845862664e-01
1.650461886477869500e+15,4.724660826687765436e-01
1.650461886479794250e+15,4.724660826687765436e-01
1.650461886481718750e+15,4.724660826687765436e-01
1.650461886483643500e+15,4.724660826687765436e-01
1.650461886485568250e+15,4.724660826687765436e-01
1.650461886487493000e+15,4.724660826687765436e-01
1.650461886489417750e+15,4.724660826687765436e-01
1.650461886491342500e+15,4.724660826687765436e-01
1.650461886493267000e+15,4.724660826687765436e-01
1.650461886495191750e+15,4.724660826687765436e-01
1.650461886497116500e+15,4.724660826687765436e-01
1.650461886499041250e+15,4.724660826687765991e-01
1.650461886500966000e+15,4.724660826687767656e-01
1.650461886502890750e+15,4.724660826687767656e-01
1.650461886504815250e+15,4.724660826687769322e-01
1.650461886506740000e+15,4.724660826687769322e-01
1.650461886508664750e+15,4.724660826687769877e-01
1.650461886510589500e+15,4.724660826687770987e-01
1.650461886512514250e+15,4.724660826687771542e-01
1.650461886514439000e+15,4.724660826687772097e-01
1.650461886516363500e+15,4.724660826687773207e-01
1.650461886518288250e+15,4.724660826687774318e-01
1.650461886520213000e+15,4.734714441617329239e-01
1.650461886522137750e+15,4.745393633303676140e-01
1.650461886524062500e+15,4.756072824990023040e-01
1.650461886525987250e+15,4.766752016676369941e-01
1.650461886527911750e+15,4.777429821274564725e-01
1.650461886529836500e+15,4.786020058203196981e-01
1.650461886531761250e+15,4.786020058203196981e-01
1.650461886533686000e+15,4.786020058203197536e-01
1.650461886535610750e+15,4.786020058203196981e-01
1.650461886537535500e+15,4.786020058203197536e-01
1.650461886539460000e+15,4.786020058203197536e-01
1.650461886541384750e+15,4.786020058203196981e-01
1.650461886543309500e+15,4.786020058203196426e-01
1.650461886545234250e+15,4.786020058203196981e-01
1.650461886547159000e+15,4.786020058203197536e-01
1.650461886549083750e+15,4.786020058203197536e-01
1.650461886551008250e+15,4.786020058203196981e-01
1.650461886552933000e+15,4.786020058203196981e-01
1.650461886554857750e+15,4.780568912527780046e-01
1.650461886556782500e+15,4.755148942476270513e-01
1.650461886558707250e+15,4.729728972424761535e-01
1.650461886560632000e+15,4.704309002373252557e-01
1.650461886562556500e+15,4.678892334045350876e-01
1.650461886564481250e+15,4.669564157988499442e-01
1.650461886566406000e+15,4.685760150975240013e-01
1.650461886568330750e+15,4.701956143961980583e-01
1.650461886570255500e+15,4.718152136948720599e-01
1.650461886572180250e+15,4.734348129935461169e-01
1.650461886574104750e+15,4.750542019273287786e-01
1.650461886576029500e+15,4.766738012260028357e-01
1.650461886577954250e+15,4.782934005246768372e-01
1.650461886579879000e+15,4.812057830966657290e-01
1.650461886581803750e+15,4.844224841959255956e-01
1.650461886583728500e+15,4.876391852951855732e-01
1.650461886585653000e+15,4.908554685867952405e-01
1.650461886587577750e+15,4.893014601936705454e-01
1.650461886589502500e+15,4.877200303482056576e-01
1.650461886591427250e+15,4.861386005027407142e-01
1.650461886593352000e+15,4.845571706572757154e-01
1.650461886595276750e+15,4.829757408118108275e-01
1.650461886597201250e+15,4.813945163735214861e-01
1.650461886599126000e+15,4.798130865280565427e-01
1.650461886601050750e+15,4.782316566825915993e-01
1.650461886602975500e+15,4.766502268371266560e-01
1.650461886604900250e+15,4.750687969916617126e-01
1.650461886606825000e+15,4.734873671461967692e-01
1.650461886608749500e+15,4.724660826687773763e-01
1.650461886610674250e+15,4.724660826687773207e-01
1.650461886612599000e+15,4.724660826687772652e-01
1.650461886614523750e+15,4.724660826687772097e-01
1.650461886616448500e+15,4.724660826687770987e-01
1.650461886618373250e+15,4.724660826687770987e-01
1.650461886620297750e+15,4.724660826687769877e-01
1.650461886622222500e+15,4.724660826687768767e-01
1.650461886624147250e+15,4.724660826687768767e-01
1.650461886626072000e+15,4.724660826687767656e-01
1.650461886627996750e+15,4.724660826687767656e-01
1.650461886629921500e+15,4.724660826687767101e-01
1.650461886631846000e+15,4.724660826687765436e-01
1.650461886633770750e+15,4.740610649551015854e-01
1.650461886635695500e+15,4.771441100523689527e-01
1.650461886637620250e+15,4.802271551496363200e-01
1.650461886639545000e+15,4.833102002469037428e-01
1.650461886641469750e+15,4.863932453441710546e-01
1.650461886643394250e+15,4.894758899939650743e-01
1.650461886645319000e+15,4.914233065969686454e-01
1.650461886647243750e+15,4.924285941425875501e-01
1.650461886649168500e+15,4.934338816882064549e-01
1.650461886651093250e+15,4.944391692338254152e-01
1.650461886653018000e+15,4.954444567794443754e-01
1.650461886654942500e+15,4.964496137512814933e-01
1.650461886656867250e+15,4.965612321085109970e-01
1.650461886658792000e+15,4.955482271691165064e-01
1.650461886660716750e+15,4.945352222297219047e-01
1.650461886662641500e+15,4.935222172903273585e-01
1.650461886664566250e+15,4.925092123509328679e-01
1.650461886666490750e+15,4.914963389877091693e-01
1.650461886668415500e+15,4.904833340483146786e-01
1.650461886670340250e+15,4.894703291089201880e-01
1.650461886672265000e+15,4.884573241695255863e-01
1.650461886674189750e+15,4.874443192301310956e-01
1.650461886676114500e+15,4.864313142907366050e-01
1.650461886678039000e+15,4.854184409275129064e-01
1.650461886679963750e+15,4.853612898227089856e-01
1.650461886681888500e+15,4.872604806381676257e-01
1.650461886683813250e+15,4.891596714536262658e-01
1.650461886685738000e+15,4.910588622690847949e-01
1.650461886687662750e+15,4.929580530845434350e-01
1.650461886689587250e+15,4.948569972198078037e-01
1.650461886691512000e+15,4.967561880352664438e-01
1.650461886693436750e+15,4.958929810114969805e-01
1.650461886695361500e+15,4.946040889362020021e-01
1.650461886697286250e+15,4.933151968609070792e-01
1.650461886699211000e+15,4.920263047856121563e-01
1.650461886701135500e+15,4.907507828979628672e-01
1.650461886703060250e+15,4.895867657398776385e-01
1.650461886704985000e+15,4.884227485817923542e-01
1.650461886706909750e+15,4.872587314237071254e-01
1.650461886708834500e+15,4.860947142656218967e-01
1.650461886710759250e+15,4.849306971075366679e-01
1.650461886712683750e+15,4.856362066397829080e-01
1.650461886714608500e+15,4.867129371030123330e-01
1.650461886716533250e+15,4.877896675662417580e-01
1.650461886718458000e+15,4.888663980294711831e-01
1.650461886720382750e+15,4.899431284927005525e-01
1.650461886722307500e+15,4.910198589559300331e-01
1.650461886724232000e+15,4.920964495658715632e-01
1.650461886726156750e+15,4.931731800291010992e-01
1.650461886728081500e+15,4.942499104923304687e-01
1.650461886730006250e+15,4.953266409555598937e-01
1.650461886731931000e+15,4.964033714187892632e-01
1.650461886733855750e+15,4.970097752749476627e-01
1.650461886735780250e+15,4.970097752749478293e-01
1.650461886737705000e+15,4.970097752749479403e-01
1.650461886739629750e+15,4.970097752749481068e-01
1.650461886741554500e+15,4.970097752749482733e-01
1.650461886743479250e+15,4.970097752749484399e-01
1.650461886745404000e+15,4.963671574195813729e-01
1.650461886747328500e+15,4.951475143597649509e-01
1.650461886749253250e+15,4.939277128635936043e-01
1.650461886751178000e+15,4.927079113674222022e-01
1.650461886753102750e+15,4.914881098712508001e-01
1.650461886755027500e+15,4.904867103793953964e-01
1.650461886756952250e+15,4.897068557778415099e-01
1.650461886758877000e+15,4.889270011762875123e-01
1.650461886760801500e+15,4.881472478677069127e-01
1.650461886762726250e+15,4.873673932661529706e-01
1.650461886764651000e+15,4.865875386645990286e-01
1.650461886766575750e+15,4.858076840630450866e-01
1.650461886768500500e+15,4.850278294614911445e-01
1.650461886770425250e+15,4.854128302881266510e-01
1.650461886772349750e+15,4.864869238032388243e-01
1.650461886774274500e+15,4.875611568472565382e-01
1.650461886776199250e+15,4.886353898912743077e-01
1.650461886778124000e+15,4.897096229352920771e-01
1.650461886780048750e+15,4.907838559793097355e-01
1.650461886781973500e+15,4.918044249199089446e-01
1.650461886783898000e+15,4.928199550287103992e-01
1.650461886785822750e+15,4.938356170588042438e-01
1.650461886787747500e+15,4.948512790888980328e-01
1.650461886789672250e+15,4.958669411189918774e-01
1.650461886791597000e+15,4.968826031490857220e-01
1.650461886793521750e+15,4.965085448942756496e-01
1.650461886795446250e+15,4.959356463834498352e-01
1.650461886797371000e+15,4.953626734508895790e-01
1.650461886799295750e+15,4.947897005183294339e-01
1.650461886801220500e+15,4.942167275857691777e-01
1.650461886803145250e+15,4.936437546532089771e-01
1.650461886805070000e+15,4.930707817206487764e-01
1.650461886806994500e+15,4.924978832098229065e-01
1.650461886808919250e+15,4.919249102772627058e-01
1.650461886810844000e+15,4.913519373447024496e-01
1.650461886812768750e+15,4.906638644162382157e-01
1.650461886814693500e+15,4.893958680574309605e-01
1.650461886816618250e+15,4.881278716986235944e-01
1.650461886818542750e+15,4.868600400360572622e-01
1.650461886820467500e+15,4.855920436772500071e-01
1.650461886822392250e+15,4.847379289718629081e-01
1.650461886824317000e+15,4.847379289718629081e-01
1.650461886826241750e+15,4.847379289718629636e-01
1.650461886828166500e+15,4.847379289718629636e-01
1.650461886830091000e+15,4.847379289718629636e-01
1.650461886832015750e+15,4.847379289718629636e-01
1.650461886833940500e+15,4.847379289718629081e-01
1.650461886835865250e+15,4.847379289718629636e-01
1.650461886837790000e+15,4.847379289718629636e-01
1.650461886839714750e+15,4.847379289718629636e-01
1.650461886841639250e+15,4.847379289718629636e-01
1.650461886843564000e+15,4.847395917110138841e-01
1.650461886845488750e+15,4.855396810061789470e-01
1.650461886847413500e+15,4.863397703013441209e-01
1.650461886849338250e+15,4.871398595965092948e-01
1.650461886851263000e+15,4.879399488916744132e-01
1.650461886853187500e+15,4.887399342656426615e-01
1.650461886855112250e+15,4.895400235608077244e-01
1.650461886857037000e+15,4.903401128559729538e-01
1.650461886858961750e+15,4.902403883742156299e-01
1.650461886860886500e+15,4.883375255552466765e-01
1.650461886862811250e+15,4.864346627362777231e-01
1.650461886864735750e+15,4.845320470744484131e-01
1.650461886866660500e+15,4.826291842554794043e-01
1.650461886868585250e+15,4.807263214365104509e-01
1.650461886870510000e+15,4.788234586175414420e-01
1.650461886872434750e+15,4.795876189011662460e-01
1.650461886874359500e+15,4.807030437298335235e-01
1.650461886876284000e+15,4.818183236793180391e-01
1.650461886878208750e+15,4.829337485079853165e-01
1.650461886880133500e+15,4.840491733366525939e-01
1.650461886882058250e+15,4.844836470051668842e-01
1.650461886883983000e+15,4.838188874596344169e-01
1.650461886885907750e+15,4.831541279141020606e-01
1.650461886887832250e+15,4.824894547121915123e-01
1.650461886889757000e+15,4.818246951666590450e-01
1.650461886891681750e+15,4.811599356211266332e-01
1.650461886893606500e+15,4.804951760755941659e-01
1.650461886895531250e+15,4.798304165300616986e-01
1.650461886897456000e+15,4.791656569845292868e-01
1.650461886899380500e+15,4.786793560561456440e-01
1.650461886901305250e+15,4.791883470523931043e-01
1.650461886903230000e+15,4.796973380486405092e-01
1.650461886905154750e+15,4.802063290448879140e-01
1.650461886907079500e+15,4.807153200411353744e-01
1.650461886909004250e+15,4.812243110373828348e-01
1.650461886910928750e+15,4.817332359223175930e-01
1.650461886912853500e+15,4.822422269185651089e-01
1.650461886914778250e+15,4.827512179148124583e-01
1.650461886916703000e+15,4.832602089110599186e-01
1.650461886918627750e+15,4.837691999073073790e-01
1.650461886920552500e+15,4.842781909035548393e-01
1.650461886922477000e+15,4.847379289718629081e-01
1.650461886924401750e+15,4.847379289718629081e-01
1.650461886926326500e+15,4.847379289718629636e-01
1.650461886928251250e+15,4.847379289718629636e-01
1.650461886930176000e+15,4.847379289718629636e-01
1.650461886932100750e+15,4.847379289718629081e-01
1.650461886934025250e+15,4.847379289718629636e-01
1.650461886935950000e+15,4.847379289718629636e-01
1.650461886937874750e+15,4.847379289718629636e-01
1.650461886939799500e+15,4.847379289718629636e-01
1.650461886941724250e+15,4.847379289718629081e-01
1.650461886943649000e+15,4.847379289718629636e-01
1.650461886945573500e+15,4.847379289718629636e-01
1.650461886947498250e+15,4.847379289718629636e-01
1.650461886949423000e+15,4.822552847854398306e-01
1.650461886951347750e+15,4.797121930356699204e-01
1.650461886953272500e+15,4.771691012858998437e-01
1.650461886955197250e+15,4.746260095361298781e-01
1.650461886957121750e+15,4.724660826687773763e-01
1.650461886959046500e+15,4.724660826687774318e-01
1.650461886960971250e+15,4.724660826687774318e-01
1.650461886962896000e+15,4.724660826687774318e-01
1.650461886964820750e+15,4.724660826687774318e-01
1.650461886966745500e+15,4.724660826687774318e-01
1.650461886968670000e+15,4.732289359671300599e-01
1.650461886970594750e+15,4.742732474081002847e-01
1.650461886972519500e+15,4.753175588490706205e-01
1.650461886974444250e+15,4.763618702900408453e-01
1.650461886976369000e+15,4.774061817310111810e-01
1.650461886978293750e+15,4.784504931719814613e-01
1.650461886980218250e+15,4.786020058203206973e-01
1.650461886982143000e+15,4.786020058203208083e-01
1.650461886984067750e+15,4.786020058203209193e-01
1.650461886985992500e+15,4.786020058203209748e-01
1.650461886987917250e+15,4.786020058203210858e-01
1.650461886989842000e+15,4.786020058203211414e-01
1.650461886991766500e+15,4.786020058203212524e-01
1.650461886993691250e+15,4.786020058203213079e-01
1.650461886995616000e+15,4.786020058203213634e-01
1.650461886997540750e+15,4.786020058203214189e-01
1.650461886999465500e+15,4.786020058203215299e-01
1.650461887001390250e+15,4.792445565294244925e-01
1.650461887003314750e+15,4.801398244676461369e-01
1.650461887005239500e+15,4.810352087046385616e-01
1.650461887007164250e+15,4.819305929416310974e-01
1.650461887009089000e+15,4.828259771786236332e-01
1.650461887011013750e+15,4.837213614156161690e-01
1.650461887012938500e+15,4.846167456526086492e-01
1.650461887014863000e+15,4.842843449592398319e-01
1.650461887016787750e+15,4.837596840047337365e-01
1.650461887018712500e+15,4.832350230502275856e-01
1.650461887020637250e+15,4.827103620957214902e-01
1.650461887022562000e+15,4.821857011412152838e-01
1.650461887024486750e+15,4.816610401867091884e-01
1.650461887026411250e+15,4.811364473788395379e-01
1.650461887028336000e+15,4.806117864243334425e-01
1.650461887030260750e+15,4.800871254698273471e-01
1.650461887032185500e+15,4.795624645153212517e-01
1.650461887034110250e+15,4.790378035608151563e-01
1.650461887036035000e+15,4.786020058203206418e-01
1.650461887037959500e+15,4.786020058203206418e-01
1.650461887039884250e+15,4.786020058203206418e-01
1.650461887041809000e+15,4.786020058203206418e-01
1.650461887043733750e+15,4.786020058203206418e-01
1.650461887045658500e+15,4.786020058203205862e-01
1.650461887047583250e+15,4.786020058203206418e-01
1.650461887049507750e+15,4.786020058203206418e-01
1.650461887051432500e+15,4.786020058203206418e-01
1.650461887053357250e+15,4.786020058203206418e-01
1.650461887055282000e+15,4.786020058203206418e-01
1.650461887057206750e+15,4.786020058203205862e-01
1.650461887059131500e+15,4.786020058203205862e-01
1.650461887061056000e+15,4.786020058203206418e-01
1.650461887062980750e+15,4.786020058203206418e-01
1.650461887064905500e+15,4.786020058203206418e-01
1.650461887066830250e+15,4.786020058203206418e-01
1.650461887068755000e+15,4.786020058203206418e-01
1.650461887070679750e+15,4.786020058203206418e-01
1.650461887072604250e+15,4.786020058203205862e-01
1.650461887074529000e+15,4.786020058203206418e-01
1.650461887076453750e+15,4.786020058203206418e-01
1.650461887078378500e+15,4.786020058203206418e-01
1.650461887080303250e+15,4.786020058203206418e-01
1.650461887082228000e+15,4.786020058203206418e-01
1.650461887084152500e+15,4.786020058203206418e-01
1.650461887086077250e+15,4.786020058203206418e-01
1.650461887088002000e+15,4.786020058203205862e-01
1.650461887089926750e+15,4.786020058203206973e-01
1.650461887091851500e+15,4.786020058203207528e-01
1.650461887093776250e+15,4.786020058203208083e-01
1.650461887095700750e+15,4.786020058203209193e-01
1.650461887097625500e+15,4.786020058203209748e-01
1.650461887099550250e+15,4.786020058203210858e-01
1.650461887101475000e+15,4.786020058203211969e-01
1.650461887103399750e+15,4.786020058203211969e-01
1.650461887105324500e+15,4.786020058203213079e-01
1.650461887107249000e+15,4.786020058203213634e-01
1.650461887109173750e+15,4.786020058203214189e-01
1.650461887111098500e+15,4.786020058203215299e-01
1.650461887113023250e+15,4.786020058203215299e-01
1.650461887114948000e+15,4.786020058203214189e-01
1.650461887116872750e+15,4.786020058203213634e-01
1.650461887118797500e+15,4.786020058203213079e-01
1.650461887120722000e+15,4.786020058203211969e-01
1.650461887122646750e+15,4.786020058203211414e-01
1.650461887124571500e+15,4.786020058203210858e-01
1.650461887126496250e+15,4.786020058203209748e-01
1.650461887128421000e+15,4.786020058203208638e-01
1.650461887130345750e+15,4.786020058203208638e-01
1.650461887132270250e+15,4.786020058203207528e-01
1.650461887134195000e+15,4.786020058203206973e-01
1.650461887136119750e+15,4.786020058203206973e-01
1.650461887138044500e+15,4.786020058203206973e-01
1.650461887139969250e+15,4.786020058203206418e-01
1.650461887141894000e+15,4.786020058203206418e-01
1.650461887143818500e+15,4.786020058203206418e-01
1.650461887145743250e+15,4.786020058203206418e-01
1.650461887147668000e+15,4.786020058203206973e-01
1.650461887149592750e+15,4.786020058203206418e-01
1.650461887151517500e+15,4.786020058203206973e-01
1.650461887153442250e+15,4.786020058203206418e-01
1.650461887155366750e+15,4.786020058203206973e-01
1.650461887157291500e+15,4.786020058203205862e-01
1.650461887159216250e+15,4.786020058203205862e-01
1.650461887161141000e+15,4.786020058203205862e-01
1.650461887163065750e+15,4.786020058203205862e-01
1.650461887164990500e+15,4.786020058203206418e-01
1.650461887166915000e+15,4.786020058203206418e-01
1.650461887168839750e+15,4.786020058203206418e-01
1.650461887170764500e+15,4.786020058203205307e-01
1.650461887172689250e+15,4.786020058203206418e-01
1.650461887174614000e+15,4.786020058203206418e-01
1.650461887176538750e+15,4.786020058203206418e-01
1.650461887178463250e+15,4.786020058203205862e-01
1.650461887180388000e+15,4.786020058203205862e-01
1.650461887182312750e+15,4.786020058203205307e-01
1.650461887184237500e+15,4.786020058203204752e-01
1.650461887186162250e+15,4.786020058203204197e-01
1.650461887188087000e+15,4.786020058203203087e-01
1.650461887190011500e+15,4.786020058203203087e-01
1.650461887191936250e+15,4.786020058203201977e-01
1.650461887193861000e+15,4.786020058203201422e-01
1.650461887195785750e+15,4.786020058203200311e-01
1.650461887197710500e+15,4.786020058203199756e-01
1.650461887199635250e+15,4.786020058203199201e-01
1.650461887201559750e+15,4.786020058203199201e-01
1.650461887203484500e+15,4.786020058203198091e-01
1.650461887205409250e+15,4.787281765374106768e-01
1.650461887207334000e+15,4.802627552907801078e-01
1.650461887209258750e+15,4.817973340441494834e-01
1.650461887211183500e+15,4.833319127975189700e-01
1.650461887213108000e+15,4.847379289718620199e-01
1.650461887215032750e+15,4.847379289718620754e-01
1.650461887216957500e+15,4.847379289718620754e-01
1.650461887218882250e+15,4.847379289718620754e-01
1.650461887220807000e+15,4.847379289718620199e-01
1.650461887222731750e+15,4.847379289718620754e-01
1.650461887224656250e+15,4.847379289718620199e-01
1.650461887226581000e+15,4.827009473597788647e-01
1.650461887228505750e+15,4.802970967418406789e-01
1.650461887230430500e+15,4.778932461239026042e-01
1.650461887232355250e+15,4.754893955059643629e-01
1.650461887234280000e+15,4.730855448880262326e-01
1.650461887236204500e+15,4.724660826687783199e-01
1.650461887238129250e+15,4.724660826687783199e-01
1.650461887240054000e+15,4.724660826687783199e-01
1.650461887241978750e+15,4.724660826687783199e-01
1.650461887243903500e+15,4.724660826687783199e-01
1.650461887245828250e+15,4.724660826687783199e-01
1.650461887247752750e+15,4.724660826687783199e-01
1.650461887249677500e+15,4.724660826687783199e-01
1.650461887251602250e+15,4.724660826687783199e-01
1.650461887253527000e+15,4.724660826687783199e-01
1.650461887255451750e+15,4.724660826687783199e-01
1.650461887257376500e+15,4.724660826687783199e-01
1.650461887259301000e+15,4.724660826687782644e-01
1.650461887261225750e+15,4.724660826687783199e-01
1.650461887263150500e+15,4.724660826687783199e-01
1.650461887265075250e+15,4.724660826687783755e-01
1.650461887267000000e+15,4.724660826687783199e-01
1.650461887268924750e+15,4.724660826687783755e-01
1.650461887270849250e+15,4.727738698718685351e-01
1.650461887272774000e+15,4.736409220769879358e-01
1.650461887274698750e+15,4.745079742821072255e-01
1.650461887276623500e+15,4.753750264872266262e-01
1.650461887278548250e+15,4.762420786923460270e-01
1.650461887280473000e+15,4.771091308974654277e-01
1.650461887282397500e+15,4.779760704837764940e-01
1.650461887284322250e+15,4.783499719881617041e-01
1.650461887286247000e+15,4.774436625655593680e-01
1.650461887288171750e+15,4.765373531429570320e-01
1.650461887290096500e+15,4.756310437203546959e-01
1.650461887292021250e+15,4.747247342977523044e-01
1.650461887293945750e+15,4.738185425929604677e-01
1.650461887295870500e+15,4.729122331703581317e-01
1.650461887297795250e+15,4.724660826687783199e-01
1.650461887299720000e+15,4.724660826687783199e-01
1.650461887301644750e+15,4.724660826687782644e-01
1.650461887303569500e+15,4.724660826687782089e-01
1.650461887305494000e+15,4.724660826687782644e-01
1.650461887307418750e+15,4.724660826687782644e-01
1.650461887309343500e+15,4.724660826687783199e-01
1.650461887311268250e+15,4.724660826687782644e-01
1.650461887313193000e+15,4.724660826687783199e-01
1.650461887315117750e+15,4.724660826687783199e-01
1.650461887317042250e+15,4.722762387410316953e-01
1.650461887318967000e+15,4.713811937932533835e-01
1.650461887320891750e+15,4.704861488454750718e-01
1.650461887322816500e+15,4.695911038976967600e-01
1.650461887324741250e+15,4.686960589499185037e-01
1.650461887326666000e+15,4.678010140021401919e-01
1.650461887328590500e+15,4.669060853090635232e-01
1.650461887330515250e+15,4.667844455527015990e-01
1.650461887332440000e+15,4.680585978977155892e-01
1.650461887334364750e+15,4.693327502427295794e-01
1.650461887336289500e+15,4.706069025877435696e-01
1.650461887338214250e+15,4.718810549327575043e-01
1.650461887340138750e+15,4.721762858807965202e-01
1.650461887342063500e+15,4.716403393348747586e-01
1.650461887343988250e+15,4.711043927889529970e-01
1.650461887345913000e+15,4.705684462430313464e-01
1.650461887347837750e+15,4.700324996971095848e-01
1.650461887349762500e+15,4.694965531511878787e-01
1.650461887351687000e+15,4.689606762177542798e-01
1.650461887353611750e+15,4.684247296718325182e-01
1.650461887355536500e+15,4.678887831259108121e-01
1.650461887357461250e+15,4.673528365799891060e-01
1.650461887359386000e+15,4.668168900340673444e-01
1.650461887361310750e+15,4.664063038981273723e-01
1.650461887363235250e+15,4.672353837341972072e-01
1.650461887365160000e+15,4.680645712709473050e-01
1.650461887367084750e+15,4.688937588076972918e-01
1.650461887369009500e+15,4.697229463444473341e-01
1.650461887370934250e+15,4.705521338811974874e-01
1.650461887372859000e+15,4.713813214179474742e-01
1.650461887374783500e+15,4.722104012540173645e-01
1.650461887376708250e+15,4.710749982519713552e-01
1.650461887378633000e+15,4.690637383599530752e-01
1.650461887380557750e+15,4.670524784679348507e-01
1.650461887382482500e+15,4.650412185759166261e-01
1.650461887384407250e+15,4.630299586838983461e-01
1.650461887386331750e+15,4.610189600283903233e-01
1.650461887388256500e+15,4.601942363656936208e-01
1.650461887390181250e+15,4.601942363656936763e-01
1.650461887392106000e+15,4.601942363656936763e-01
1.650461887394030750e+15,4.601942363656936763e-01
1.650461887395955500e+15,4.601942363656936763e-01
1.650461887397880000e+15,4.601942363656936208e-01
1.650461887399804750e+15,4.601942363656936763e-01
1.650461887401729500e+15,4.601942363656936763e-01
1.650461887403654250e+15,4.601942363656936763e-01
1.650461887405579000e+15,4.601942363656936763e-01
1.650461887407503750e+15,4.601942363656936763e-01
1.650461887409428250e+15,4.601942363656936763e-01
1.650461887411353000e+15,4.601942363656936763e-01
1.650461887413277750e+15,4.601942363656936763e-01
1.650461887415202500e+15,4.601942363656936763e-01
1.650461887417127250e+15,4.601942363656936763e-01
1.650461887419052000e+15,4.610840116619485118e-01
1.650461887420976500e+15,4.620675685589286097e-01
1.650461887422901250e+15,4.630512532237571754e-01
1.650461887424826000e+15,4.640349378885856302e-01
1.650461887426750750e+15,4.650186225534141959e-01
1.650461887428675500e+15,4.660023072182426507e-01
1.650461887430600250e+15,4.656052540316699684e-01
1.650461887432524750e+15,4.645181076401081466e-01
1.650461887434449500e+15,4.634308200240214726e-01
1.650461887436374250e+15,4.623435324079349096e-01
1.650461887438299000e+15,4.612562447918482911e-01
1.650461887440223750e+15,4.602161819028596779e-01
1.650461887442148500e+15,4.611600852025665720e-01
1.650461887444073000e+15,4.621038659015072048e-01
1.650461887445997750e+15,4.630477692012140434e-01
1.650461887447922500e+15,4.639916725009209930e-01
1.650461887449847250e+15,4.649355758006278871e-01
1.650461887451772000e+15,4.658794791003347813e-01
1.650461887453696750e+15,4.660522023642919009e-01
1.650461887455621250e+15,4.655203320775994635e-01
1.650461887457546000e+15,4.649883926988979121e-01
1.650461887459470750e+15,4.644564533201963052e-01
1.650461887461395500e+15,4.639245139414947539e-01
1.650461887463320250e+15,4.633925745627931470e-01
1.650461887465245000e+15,4.628606351840915401e-01
1.650461887467169500e+15,4.623287648973991026e-01
1.650461887469094250e+15,4.617968255186974957e-01
1.650461887471019000e+15,4.612648861399958888e-01
1.650461887472943750e+15,4.607329467612942819e-01
1.650461887474868500e+15,4.602010073825927305e-01
1.650461887476793250e+15,4.601942363656928436e-01
1.650461887478718000e+15,4.601942363656930102e-01
1.650461887480642500e+15,4.601942363656931767e-01
1.650461887482567250e+15,4.601942363656932877e-01
1.650461887484492000e+15,4.601942363656934543e-01
1.650461887486416750e+15,4.601942363656935653e-01
1.650461887488341500e+15,4.594036696284962140e-01
1.650461887490266250e+15,4.581730644304206068e-01
1.650461887492190750e+15,4.569426190719600989e-01
1.650461887494115500e+15,4.557120138738843806e-01
1.650461887496040250e+15,4.544814086758086069e-01
1.650461887497965000e+15,4.540583132141504663e-01
1.650461887499889750e+15,4.540583132141504663e-01
1.650461887501814500e+15,4.540583132141504663e-01
1.650461887503739000e+15,4.540583132141504663e-01
1.650461887505663750e+15,4.540583132141505218e-01
1.650461887507588500e+15,4.540583132141504663e-01
1.650461887509513250e+15,4.537133964892326454e-01
1.650461887511438000e+15,4.528320443932677963e-01
1.650461887513362750e+15,4.519506922973028917e-01
1.650461887515287250e+15,4.510694546775162461e-01
1.650461887517212000e+15,4.501881025815513970e-01
1.650461887519136750e+15,4.493067504855864369e-01
1.650461887521061500e+15,4.484253983896215878e-01
1.650461887522986250e+15,4.474597320498362452e-01
1.650461887524911000e+15,4.463819698591140472e-01
1.650461887526835500e+15,4.453043476556876046e-01
1.650461887528760250e+15,4.442265854649653511e-01
1.650461887530685000e+15,4.431488232742431532e-01
1.650461887532609750e+15,4.420710610835208443e-01
1.650461887534534500e+15,4.427079613071803199e-01
1.650461887536459250e+15,4.439600942679449158e-01
1.650461887538383750e+15,4.452120645929178444e-01
1.650461887540308500e+15,4.464641975536824958e-01
1.650461887542233250e+15,4.477163305144470362e-01
1.650461887544158000e+15,4.489684634752116876e-01
1.650461887546082750e+15,4.502205964359763390e-01
1.650461887548007500e+15,4.514727293967409905e-01
1.650461887549932000e+15,4.527246997217138080e-01
1.650461887551856750e+15,4.539768326824784039e-01
1.650461887553781500e+15,4.531961601953952146e-01
1.650461887555706250e+15,4.522739990268209720e-01
1.650461887557631000e+15,4.513518378582468404e-01
1.650461887559555750e+15,4.504296766896727089e-01
1.650461887561480250e+15,4.495076352978446543e-01
1.650461887563405000e+15,4.485854741292705228e-01
1.650461887565329750e+15,4.479223900626090327e-01
1.650461887567254500e+15,4.479223900626090327e-01
1.650461887569179250e+15,4.479223900626090327e-01
1.650461887571104000e+15,4.479223900626090327e-01
1.650461887573028500e+15,4.479223900626090327e-01
1.650461887574953250e+15,4.479223900626090327e-01
1.650461887576878000e+15,4.479223900626090327e-01
1.650461887578802750e+15,4.479223900626090327e-01
1.650461887580727500e+15,4.479223900626090327e-01
1.650461887582652250e+15,4.479223900626090327e-01
1.650461887584576750e+15,4.479223900626090327e-01
1.650461887586501500e+15,4.479223900626089772e-01
1.650461887588426250e+15,4.479223900626090327e-01
1.650461887590351000e+15,4.479223900626090327e-01
1.650461887592275750e+15,4.479223900626090327e-01
1.650461887594200500e+15,4.479223900626090327e-01
1.650461887596125000e+15,4.479223900626090882e-01
1.650461887598049750e+15,4.476570290584115930e-01
1.650461887599974500e+15,4.471192521773070250e-01
1.650461887601899250e+15,4.465814752962024015e-01
1.650461887603824000e+15,4.460436984150978335e-01
1.650461887605748750e+15,4.455059215339931544e-01
1.650461887607673250e+15,4.449682145031134128e-01
1.650461887609598000e+15,4.444304376220089003e-01
1.650461887611522750e+15,4.438926607409042768e-01
1.650461887613447500e+15,4.433548838597997643e-01
1.650461887615372250e+15,4.428171069786950853e-01
1.650461887617297000e+15,4.422793300975905173e-01
1.650461887619221500e+15,4.417864669110631581e-01
1.650461887621146250e+15,4.417864669110634357e-01
1.650461887623071000e+15,4.417864669110637132e-01
1.650461887624995750e+15,4.417864669110639353e-01
1.650461887626920500e+15,4.417864669110642684e-01
1.650461887628845250e+15,4.417864669110644349e-01
1.650461887630769750e+15,4.417864669110647680e-01
1.650461887632694500e+15,4.418005898473413851e-01
1.650461887634619250e+15,4.430649210844610497e-01
1.650461887636544000e+15,4.443292523215806589e-01
1.650461887638468750e+15,4.455935835587002680e-01
1.650461887640393500e+15,4.468579147958199327e-01
1.650461887642318000e+15,4.479223900626090327e-01
1.650461887644242750e+15,4.479223900626089772e-01
1.650461887646167500e+15,4.479223900626090327e-01
1.650461887648092250e+15,4.479223900626089772e-01
1.650461887650017000e+15,4.479223900626090327e-01
1.650461887651941750e+15,4.479223900626090327e-01
1.650461887653866250e+15,4.479223900626090327e-01
1.650461887655791000e+15,4.479223900626090327e-01
1.650461887657715750e+15,4.480523797063934999e-01
1.650461887659640500e+15,4.486187578996568837e-01
1.650461887661565250e+15,4.491851360929202119e-01
1.650461887663490000e+15,4.497515142861835957e-01
1.650461887665414500e+15,4.503178189142835186e-01
1.650461887667339250e+15,4.508841971075469024e-01
1.650461887669264000e+15,4.514505753008102307e-01
1.650461887671188750e+15,4.520169534940735590e-01
1.650461887673113500e+15,4.525833316873369983e-01
1.650461887675038250e+15,4.531497098806003265e-01
1.650461887676962750e+15,4.537160145087003049e-01
1.650461887678887500e+15,4.540583132141495781e-01
1.650461887680812250e+15,4.540583132141495781e-01
1.650461887682737000e+15,4.540583132141495781e-01
1.650461887684661750e+15,4.540583132141496336e-01
1.650461887686586500e+15,4.540583132141496336e-01
1.650461887688511000e+15,4.540583132141496336e-01
1.650461887690435750e+15,4.540583132141495781e-01
1.650461887692360500e+15,4.540583132141495781e-01
1.650461887694285250e+15,4.540583132141496336e-01
1.650461887696210000e+15,4.540583132141495781e-01
1.650461887698134750e+15,4.540583132141495781e-01
1.650461887700059250e+15,4.540583132141495781e-01
1.650461887701984000e+15,4.540583132141495781e-01
1.650461887703908750e+15,4.540583132141496336e-01
1.650461887705833500e+15,4.540583132141495781e-01
1.650461887707758250e+15,4.540583132141495781e-01
1.650461887709683000e+15,4.540583132141495781e-01
1.650461887711607500e+15,4.531529537738991920e-01
1.650461887713532250e+15,4.518869962129679618e-01
1.650461887715457000e+15,4.506210386520366762e-01
1.650461887717381750e+15,4.493550810911054461e-01
1.650461887719306500e+15,4.480891235301742159e-01
1.650461887721231250e+15,4.479223900626089216e-01
1.650461887723155750e+15,4.479223900626086996e-01
1.650461887725080500e+15,4.479223900626085331e-01
1.650461887727005250e+15,4.479223900626083665e-01
1.650461887728930000e+15,4.479223900626082555e-01
1.650461887730854750e+15,4.479223900626080890e-01
1.650461887732779500e+15,4.479223900626079224e-01
1.650461887734704000e+15,4.479223900626077559e-01
1.650461887736628750e+15,4.479223900626075894e-01
1.650461887738553500e+15,4.479223900626074784e-01
1.650461887740478250e+15,4.479223900626072563e-01
1.650461887742403000e+15,4.467161341624280579e-01
1.650461887744327750e+15,4.454954501225385499e-01
1.650461887746252250e+15,4.442749246336348268e-01
1.650461887748177000e+15,4.430542405937453188e-01
1.650461887750101750e+15,4.418335565538558107e-01
1.650461887752026500e+15,4.450956183258347743e-01
1.650461887753951250e+15,4.485375470940478060e-01
1.650461887755876000e+15,4.519794758622608932e-01
1.650461887757800500e+15,4.554209575686778422e-01
1.650461887759725250e+15,4.588628863368909849e-01
1.650461887761650000e+15,4.623048151051040167e-01
1.650461887763574750e+15,4.657467438733170484e-01
1.650461887765499500e+15,4.663301595172342218e-01
1.650461887767424250e+15,4.663301595172342218e-01
1.650461887769348750e+15,4.663301595172342218e-01
1.650461887771273500e+15,4.663301595172342218e-01
1.650461887773198250e+15,4.663301595172342218e-01
1.650461887775123000e+15,4.663301595172341663e-01
1.650461887777047750e+15,4.663301595172342218e-01
1.650461887778972500e+15,4.673796075754890200e-01
1.650461887780897000e+15,4.685672951897856819e-01
1.650461887782821750e+15,4.697551370893010558e-01
1.650461887784746500e+15,4.709429789888165407e-01
1.650461887786671250e+15,4.721308208883319146e-01
1.650461887788596000e+15,4.733186627878472885e-01
1.650461887790520750e+15,4.745065046873626624e-01
1.650461887792445250e+15,4.756941923016593243e-01
1.650461887794370000e+15,4.768820342011747537e-01
1.650461887796294750e+15,4.780698761006901276e-01
1.650461887798219500e+15,4.771423800846176788e-01
1.650461887800144250e+15,4.744982251342246826e-01
1.650461887802069000e+15,4.718540701838317419e-01
1.650461887803993500e+15,4.692102586747883275e-01
1.650461887805918250e+15,4.665661037243953868e-01
1.650461887807843000e+15,4.663301595172359981e-01
1.650461887809767750e+15,4.663301595172359981e-01
1.650461887811692500e+15,4.663301595172359981e-01
1.650461887813617250e+15,4.663301595172360536e-01
1.650461887815541750e+15,4.663301595172359981e-01
1.650461887817466500e+15,4.663301595172359981e-01
1.650461887819391250e+15,4.663301595172360536e-01
1.650461887821316000e+15,4.663301595172359981e-01
1.650461887823240750e+15,4.663301595172359981e-01
1.650461887825165500e+15,4.663301595172359981e-01
1.650461887827090250e+15,4.663301595172359981e-01
1.650461887829014750e+15,4.663301595172359981e-01
1.650461887830939500e+15,4.663301595172359981e-01
1.650461887832864250e+15,4.663301595172359981e-01
1.650461887834789000e+15,4.663301595172361091e-01
1.650461887836713750e+15,4.663301595172362202e-01
1.650461887838638500e+15,4.663301595172363312e-01
1.650461887840563000e+15,4.663301595172364422e-01
1.650461887842487750e+15,4.663301595172364422e-01
1.650461887844412500e+15,4.663301595172365532e-01
1.650461887846337250e+15,4.663301595172366643e-01
1.650461887848262000e+15,4.663301595172367753e-01
1.650461887850186750e+15,4.663301595172368308e-01
1.650461887852111250e+15,4.669095205641599078e-01
1.650461887854036000e+15,4.676063649166454783e-01
1.650461887855960750e+15,4.683032092691310488e-01
1.650461887857885500e+15,4.690000536216167304e-01
1.650461887859810250e+15,4.696968979741022454e-01
1.650461887861735000e+15,4.703937423265879270e-01
1.650461887863659500e+15,4.710904961680522640e-01
1.650461887865584250e+15,4.717873405205378345e-01
1.650461887867509000e+15,4.724660826687765436e-01
1.650461887869433750e+15,4.724660826687765436e-01
1.650461887871358500e+15,4.724660826687765436e-01
1.650461887873283250e+15,4.724660826687765436e-01
1.650461887875207750e+15,4.724660826687765436e-01
1.650461887877132500e+15,4.724660826687765436e-01
1.650461887879057250e+15,4.724660826687765436e-01
1.650461887880982000e+15,4.724660826687765436e-01
1.650461887882906750e+15,4.724660826687765436e-01
1.650461887884831500e+15,4.724660826687765436e-01
1.650461887886756000e+15,4.724660826687765436e-01
1.650461887888680750e+15,4.724660826687764881e-01
1.650461887890605500e+15,4.724660826687765436e-01
1.650461887892530250e+15,4.717816804543643050e-01
1.650461887894455000e+15,4.707021449803302504e-01
1.650461887896379750e+15,4.696226095062960848e-01
1.650461887898304250e+15,4.685432142498843211e-01
1.650461887900229000e+15,4.674636787758502665e-01
1.650461887902153750e+15,4.663841433018162119e-01
1.650461887904078500e+15,4.668863530271776252e-01
1.650461887906003250e+15,4.674718238821217731e-01
1.650461887907928000e+15,4.680572947370659209e-01
1.650461887909852500e+15,4.686426895469580356e-01
1.650461887911777250e+15,4.692281604019021835e-01
1.650461887913702000e+15,4.698136312568463313e-01
1.650461887915626750e+15,4.703991021117904792e-01
1.650461887917551500e+15,4.709845729667345715e-01
1.650461887919476250e+15,4.715700438216786639e-01
1.650461887921400750e+15,4.721554386315708340e-01
1.650461887923325500e+15,4.724660826687764881e-01
1.650461887925250250e+15,4.724660826687765436e-01
1.650461887927175000e+15,4.724660826687765436e-01
1.650461887929099750e+15,4.724660826687765436e-01
1.650461887931024500e+15,4.724660826687765436e-01
1.650461887932949000e+15,4.724660826687765436e-01
1.650461887934873750e+15,4.724660826687765991e-01
1.650461887936798500e+15,4.724660826687764881e-01
1.650461887938723250e+15,4.724660826687765436e-01
1.650461887940648000e+15,4.724660826687765436e-01
1.650461887942572750e+15,4.724660826687765436e-01
1.650461887944497250e+15,4.724660826687764881e-01
1.650461887946422000e+15,4.724660826687765436e-01
1.650461887948346750e+15,4.724660826687765436e-01
1.650461887950271500e+15,4.724660826687765436e-01
1.650461887952196250e+15,4.724660826687765436e-01
1.650461887954121000e+15,4.724660826687764881e-01
1.650461887956045500e+15,4.724660826687765436e-01
1.650461887957970250e+15,4.730606910774727281e-01
1.650461887959895000e+15,4.738827219876093899e-01
1.650461887961819750e+15,4.747047528977461628e-01
1.650461887963744500e+15,4.755267838078828802e-01
1.650461887965669250e+15,4.763488147180195975e-01
1.650461887967593750e+15,4.771707388570289865e-01
1.650461887969518500e+15,4.779927697671656484e-01
1.650461887971443250e+15,4.786020058203206418e-01
1.650461887973368000e+15,4.786020058203205862e-01
1.650461887975292750e+15,4.786020058203206418e-01
1.650461887977217500e+15,4.786020058203206418e-01
1.650461887979142000e+15,4.786020058203206418e-01
1.650461887981066750e+15,4.786020058203206418e-01
1.650461887982991500e+15,4.786020058203206418e-01
1.650461887984916250e+15,4.786020058203205862e-01
1.650461887986841000e+15,4.786020058203206418e-01
1.650461887988765750e+15,4.786020058203206418e-01
1.650461887990690250e+15,4.786020058203206418e-01
1.650461887992615000e+15,4.786020058203206973e-01
1.650461887994539750e+15,4.794628156588023327e-01
1.650461887996464500e+15,4.809088935436965362e-01
1.650461887998389250e+15,4.823549714285907397e-01
1.650461888000314000e+15,4.838010493134849987e-01
1.650461888002238500e+15,4.852469393716634105e-01
1.650461888004163250e+15,4.866930172565575585e-01
1.650461888006088000e+15,4.881390951414518176e-01
1.650461888008012750e+15,4.895851730263460211e-01
1.650461888009937500e+15,4.908738521234052854e-01
1.650461888011862250e+15,4.908738521234053964e-01
1.650461888013786750e+15,4.908738521234055074e-01
1.650461888015711500e+15,4.908738521234056185e-01
1.650461888017636250e+15,4.908738521234057295e-01
1.650461888019561000e+15,4.908738521234057850e-01
1.650461888021485750e+15,4.908738521234058960e-01
1.650461888023410500e+15,4.908738521234059515e-01
1.650461888025335000e+15,4.908738521234061181e-01
1.650461888027259750e+15,4.908738521234061736e-01
1.650461888029184500e+15,4.908738521234061736e-01
1.650461888031109250e+15,4.908738521234061181e-01
1.650461888033034000e+15,4.908738521234061736e-01
1.650461888034958750e+15,4.908738521234061736e-01
1.650461888036883250e+15,4.908738521234061736e-01
1.650461888038808000e+15,4.908738521234061181e-01
1.650461888040732750e+15,4.908738521234061181e-01
1.650461888042657500e+15,4.908738521234061736e-01
1.650461888044582250e+15,4.908738521234061736e-01
1.650461888046507000e+15,4.908738521234061736e-01
1.650461888048431500e+15,4.908738521234061736e-01
1.650461888050356250e+15,4.908738521234061736e-01
1.650461888052281000e+15,4.912179651116515555e-01
1.650461888054205750e+15,4.918917509449428072e-01
1.650461888056130500e+15,4.925655367782341143e-01
1.650461888058055250e+15,4.932393226115253659e-01
1.650461888059979750e+15,4.939130209287972972e-01
1.650461888061904500e+15,4.945868067620885489e-01
1.650461888063829250e+15,4.952605925953798005e-01
1.650461888065754000e+15,4.959343784286710521e-01
1.650461888067678750e+15,4.966081642619623593e-01
1.650461888069603500e+15,4.970097752749475517e-01
1.650461888071528000e+15,4.970097752749472741e-01
1.650461888073452750e+15,4.970097752749471631e-01
1.650461888075377500e+15,4.970097752749468856e-01
1.650461888077302250e+15,4.970097752749466635e-01
1.650461888079227000e+15,4.970097752749463860e-01
1.650461888081151750e+15,4.970097752749461639e-01
1.650461888083076250e+15,4.970097752749459974e-01
1.650461888085001000e+15,4.964031754648078332e-01
1.650461888086925750e+15,4.952816067956791191e-01
1.650461888088850500e+15,4.941600381265503494e-01
1.650461888090775250e+15,4.930384694574214688e-01
1.650461888092700000e+15,4.919169007882927547e-01
1.650461888094624500e+15,4.908738521234061181e-01
1.650461888096549250e+15,4.908738521234061736e-01
1.650461888098474000e+15,4.908738521234061181e-01
1.650461888100398750e+15,4.908738521234061181e-01
1.650461888102323500e+15,4.908738521234060626e-01
1.650461888104248250e+15,4.908738521234061181e-01
1.650461888106172750e+15,4.908738521234061736e-01
1.650461888108097500e+15,4.908738521234061181e-01
1.650461888110022250e+15,4.908738521234061736e-01
1.650461888111947000e+15,4.908738521234061736e-01
1.650461888113871750e+15,4.908738521234061181e-01
1.650461888115796500e+15,4.908738521234061736e-01
1.650461888117721000e+15,4.908738521234061736e-01
1.650461888119645750e+15,4.908738521234061736e-01
1.650461888121570500e+15,4.908738521234061736e-01
1.650461888123495250e+15,4.908738521234060626e-01
1.650461888125420000e+15,4.908738521234060626e-01
1.650461888127344750e+15,4.908738521234061736e-01
1.650461888129269250e+15,4.908738521234061736e-01
1.650461888131194000e+15,4.908738521234061736e-01
1.650461888133118750e+15,4.908738521234061736e-01
1.650461888135043500e+15,4.908738521234061736e-01
1.650461888136968250e+15,4.908738521234061736e-01
1.650461888138893000e+15,4.908738521234061736e-01
1.650461888140817500e+15,4.908738521234062846e-01
1.650461888142742250e+15,4.908738521234061736e-01
1.650461888144667000e+15,4.908738521234061736e-01
1.650461888146591750e+15,4.908738521234061736e-01
1.650461888148516500e+15,4.908738521234061736e-01
1.650461888150441250e+15,4.911660150296046634e-01
1.650461888152365750e+15,4.917182050742686106e-01
1.650461888154290500e+15,4.922704668505569203e-01
1.650461888156215250e+15,4.928227286268452856e-01
1.650461888158140000e+15,4.933749904031335953e-01
1.650461888160064750e+15,4.939272521794219051e-01
1.650461888161989500e+15,4.944795139557102148e-01
1.650461888163914000e+15,4.950317040003741065e-01
1.650461888165838750e+15,4.955839657766624717e-01
1.650461888167763500e+15,4.961362275529508370e-01
1.650461888169688250e+15,4.966884893292391467e-01
1.650461888171613000e+15,4.970097752749458309e-01
1.650461888173537750e+15,4.970097752749458864e-01
1.650461888175462250e+15,4.970097752749459419e-01
1.650461888177387000e+15,4.970097752749458309e-01
1.650461888179311750e+15,4.970097752749458864e-01
1.650461888181236500e+15,4.970097752749458309e-01
1.650461888183161250e+15,4.970097752749459419e-01
1.650461888185086000e+15,4.970097752749458309e-01
1.650461888187010750e+15,4.970097752749458864e-01
1.650461888188935250e+15,4.970097752749458309e-01
1.650461888190860000e+15,4.970097752749458864e-01
1.650461888192784750e+15,4.970097752749458864e-01
1.650461888194709500e+15,4.970097752749458309e-01
1.650461888196634250e+15,4.970097752749458309e-01
1.650461888198559000e+15,4.970097752749458309e-01
1.650461888200483500e+15,4.970097752749458309e-01
1.650461888202408250e+15,4.970097752749458309e-01
1.650461888204333000e+15,4.970097752749458309e-01
1.650461888206257750e+15,4.970097752749458309e-01
1.650461888208182500e+15,4.970097752749458309e-01
1.650461888210107250e+15,4.970097752749457753e-01
1.650461888212031750e+15,4.970097752749457198e-01
1.650461888213956500e+15,4.970097752749457753e-01
1.650461888215881250e+15,4.970097752749458309e-01
1.650461888217806000e+15,4.970097752749458309e-01
1.650461888219730750e+15,4.970097752749458309e-01
1.650461888221655500e+15,4.970097752749458309e-01
1.650461888223580000e+15,4.970097752749458309e-01
1.650461888225504750e+15,4.970097752749458309e-01
1.650461888227429500e+15,4.970097752749458309e-01
1.650461888229354250e+15,4.970097752749458309e-01
1.650461888231279000e+15,4.970097752749458309e-01
1.650461888233203750e+15,4.970097752749458309e-01
1.650461888235128250e+15,4.970097752749458864e-01
1.650461888237053000e+15,4.970097752749459419e-01
1.650461888238977750e+15,4.970097752749458864e-01
1.650461888240902500e+15,4.970097752749459419e-01
1.650461888242827250e+15,4.970097752749458864e-01
1.650461888244752000e+15,4.970097752749458864e-01
1.650461888246676500e+15,4.970097752749458309e-01
1.650461888248601250e+15,4.970097752749458864e-01
1.650461888250526000e+15,4.970097752749458309e-01
1.650461888252450750e+15,4.970097752749458309e-01
1.650461888254375500e+15,4.970097752749457753e-01
1.650461888256300250e+15,4.970097752749458309e-01
1.650461888258224750e+15,4.970097752749458309e-01
1.650461888260149500e+15,4.970097752749458309e-01
1.650461888262074250e+15,4.970097752749458309e-01
1.650461888263999000e+15,4.970097752749457753e-01
1.650461888265923750e+15,4.970097752749459974e-01
1.650461888267848500e+15,4.970097752749463305e-01
1.650461888269773000e+15,4.970097752749467190e-01
1.650461888271697750e+15,4.970097752749469411e-01
1.650461888273622500e+15,4.970097752749473297e-01
1.650461888275547250e+15,4.970097752749476627e-01
1.650461888277472000e+15,4.970097752749476072e-01
1.650461888279396750e+15,4.970097752749476627e-01
1.650461888281321250e+15,4.970097752749476072e-01
1.650461888283246000e+15,4.970097752749476072e-01
1.650461888285170750e+15,4.970097752749476627e-01
1.650461888287095500e+15,4.970097752749476627e-01
1.650461888289020250e+15,4.970097752749476627e-01
1.650461888290945000e+15,4.970097752749476072e-01
1.650461888292869500e+15,4.970097752749476072e-01
1.650461888294794250e+15,4.970097752749476627e-01
1.650461888296719000e+15,4.970097752749477182e-01
1.650461888298643750e+15,4.970097752749477737e-01
1.650461888300568500e+15,4.970097752749478848e-01
1.650461888302493250e+15,4.970097752749479403e-01
1.650461888304417750e+15,4.970097752749480513e-01
1.650461888306342500e+15,4.970097752749481068e-01
1.650461888308267250e+15,4.970097752749481623e-01
1.650461888310192000e+15,4.970097752749482733e-01
1.650461888312116750e+15,4.970097752749483289e-01
1.650461888314041500e+15,4.970097752749484399e-01
1.650461888315966000e+15,4.970097752749484399e-01
1.650461888317890750e+15,4.970097752749483844e-01
1.650461888319815500e+15,4.970097752749481623e-01
1.650461888321740250e+15,4.970097752749480513e-01
1.650461888323665000e+15,4.970097752749479403e-01
1.650461888325589750e+15,4.970097752749477737e-01
1.650461888327514250e+15,4.970097752749476072e-01
1.650461888329439000e+15,4.970097752749474962e-01
1.650461888331363750e+15,4.970097752749472741e-01
1.650461888333288500e+15,4.970097752749471631e-01
1.650461888335213250e+15,4.970097752749471076e-01
1.650461888337138000e+15,4.970097752749468856e-01
1.650461888339062500e+15,4.970097752749467745e-01
1.650461888340987250e+15,4.970097752749467190e-01
1.650461888342912000e+15,4.970097752749469966e-01
1.650461888344836750e+15,4.970097752749472186e-01
1.650461888346761500e+15,4.970097752749474407e-01
1.650461888348686250e+15,4.970097752749476072e-01
1.650461888350610750e+15,4.970097752749478293e-01
1.650461888352535500e+15,4.970097752749480513e-01
1.650461888354460250e+15,4.970097752749482733e-01
1.650461888356385000e+15,4.970097752749484954e-01
1.650461888358309750e+15,4.970097752749487174e-01
1.650461888360234500e+15,4.970097752749489395e-01
1.650461888362159000e+15,4.970097752749491060e-01
1.650461888364083750e+15,4.970097752749493836e-01
1.650461888366008500e+15,4.970097752749493836e-01
1.650461888367933250e+15,4.970097752749493836e-01
1.650461888369858000e+15,4.970097752749493836e-01
1.650461888371782750e+15,4.970097752749493836e-01
1.650461888373707250e+15,4.970097752749493836e-01
1.650461888375632000e+15,4.970097752749493281e-01
1.650461888377556750e+15,4.970097752749493281e-01
1.650461888379481500e+15,4.970097752749493836e-01
1.650461888381406250e+15,4.970097752749493281e-01
1.650461888383331000e+15,4.970097752749493836e-01
1.650461888385255500e+15,4.970097752749493281e-01
1.650461888387180250e+15,4.970097752749493281e-01
1.650461888389105000e+15,4.970097752749493281e-01
1.650461888391029750e+15,4.970097752749493836e-01
1.650461888392954500e+15,4.970097752749493836e-01
1.650461888394879250e+15,4.970097752749493836e-01
1.650461888396803750e+15,4.970097752749493836e-01
1.650461888398728500e+15,4.970097752749493836e-01
1.650461888400653250e+15,4.970097752749493281e-01
1.650461888402578000e+15,4.970097752749493836e-01
1.650461888404502750e+15,4.970097752749493836e-01
1.650461888406427500e+15,4.970097752749493281e-01
1.650461888408352000e+15,4.970097752749493836e-01
1.650461888410276750e+15,4.970097752749493836e-01
1.650461888412201500e+15,4.970097752749493836e-01
1.650461888414126250e+15,4.970097752749493836e-01
1.650461888416051000e+15,4.970097752749493836e-01
1.650461888417975750e+15,4.970097752749493836e-01
1.650461888419900250e+15,4.970097752749493836e-01
1.650461888421825000e+15,4.970097752749493281e-01
1.650461888423749750e+15,4.970097752749493281e-01
1.650461888425674500e+15,4.970097752749493836e-01
1.650461888427599250e+15,4.970097752749493281e-01
1.650461888429524000e+15,4.970097752749493836e-01
1.650461888431448500e+15,4.970097752749493836e-01
1.650461888433373250e+15,4.970097752749493836e-01
1.650461888435298000e+15,4.970097752749493836e-01
1.650461888437222750e+15,4.970097752749493836e-01
1.650461888439147500e+15,4.970097752749493836e-01
1.650461888441072250e+15,4.970097752749493836e-01
1.650461888442996750e+15,4.970097752749494391e-01
1.650461888444921500e+15,4.970097752749494391e-01
1.650461888446846250e+15,4.970097752749493836e-01
1.650461888448771000e+15,4.970097752749493836e-01
1.650461888450695750e+15,4.970097752749494391e-01
1.650461888452620500e+15,4.970097752749494391e-01
1.650461888454545000e+15,4.970097752749494391e-01
1.650461888456469750e+15,4.970097752749494391e-01
1.650461888458394500e+15,4.970097752749493836e-01
1.650461888460319250e+15,4.970097752749493836e-01
1.650461888462244000e+15,4.970097752749493836e-01
1.650461888464168750e+15,4.970097752749493836e-01
1.650461888466093250e+15,4.970097752749493281e-01
1.650461888468018000e+15,4.970097752749493836e-01
1.650461888469942750e+15,4.970097752749493281e-01
1.650461888471867500e+15,4.970097752749493281e-01
1.650461888473792250e+15,4.970097752749493836e-01
1.650461888475717000e+15,4.970097752749493281e-01
1.650461888477641500e+15,4.972489921131394430e-01
1.650461888479566250e+15,4.981152811240637801e-01
1.650461888481491000e+15,4.989815701349880062e-01
1.650461888483415750e+15,4.998478591459123432e-01
1.650461888485340500e+15,5.007141481568366803e-01
1.650461888487265250e+15,5.015804371677610174e-01
1.650461888489189750e+15,5.024466136590060028e-01
1.650461888491114500e+15,5.031456984264915944e-01
1.650461888493039250e+15,5.031456984264914833e-01
1.650461888494964000e+15,5.031456984264913723e-01
1.650461888496888750e+15,5.031456984264911503e-01
1.650461888498813500e+15,5.031456984264910393e-01
1.650461888500738000e+15,5.031456984264908172e-01
1.650461888502662750e+15,5.031456984264905952e-01
1.650461888504587500e+15,5.031456984264905952e-01
1.650461888506512250e+15,5.031456984264903731e-01
1.650461888508437000e+15,5.031456984264901511e-01
1.650461888510361750e+15,5.031456984264900401e-01
1.650461888512286250e+15,5.029420714703101147e-01
1.650461888514211000e+15,5.019086344659410281e-01
1.650461888516135750e+15,5.008751974615717195e-01
1.650461888518060500e+15,4.998417604572025774e-01
1.650461888519985250e+15,4.988083234528333243e-01
1.650461888521910000e+15,4.977748864484641822e-01
1.650461888523834500e+15,4.970097752749476072e-01
1.650461888525759250e+15,4.970097752749474407e-01
1.650461888527684000e+15,4.970097752749473297e-01
1.650461888529608750e+15,4.970097752749471631e-01
1.650461888531533500e+15,4.970097752749469966e-01
1.650461888533458250e+15,4.970097752749468301e-01
1.650461888535383000e+15,4.970097752749467745e-01
1.650461888537307500e+15,4.970097752749473297e-01
1.650461888539232250e+15,4.970097752749478293e-01
1.650461888541157000e+15,4.970097752749484399e-01
1.650461888543081750e+15,4.970097752749489395e-01
1.650461888545006500e+15,4.973851578090948133e-01
1.650461888546931250e+15,4.984437915564886579e-01
1.650461888548855750e+15,4.995022878011228240e-01
1.650461888550780500e+15,5.005609215485167240e-01
1.650461888552705250e+15,5.016195552959105131e-01
1.650461888554630000e+15,5.026781890433043021e-01
1.650461888556554750e+15,5.031456984264890409e-01
1.650461888558479500e+15,5.031456984264890409e-01
1.650461888560404000e+15,5.031456984264890409e-01
1.650461888562328750e+15,5.031456984264890409e-01
1.650461888564253500e+15,5.031456984264890409e-01
1.650461888566178250e+15,5.031456984264890409e-01
1.650461888568103000e+15,5.031456984264890409e-01
1.650461888570027750e+15,5.031456984264890409e-01
1.650461888571952250e+15,5.031456984264890409e-01
1.650461888573877000e+15,5.031456984264890409e-01
1.650461888575801750e+15,5.031456984264890409e-01
1.650461888577726500e+15,5.031456984264890409e-01
1.650461888579651250e+15,5.031456984264890409e-01
1.650461888581576000e+15,5.031456984264890409e-01
1.650461888583500500e+15,5.031456984264890409e-01
1.650461888585425250e+15,5.031456984264890409e-01
1.650461888587350000e+15,5.031456984264890409e-01
1.650461888589274750e+15,5.031456984264890409e-01
1.650461888591199500e+15,5.031456984264890409e-01
1.650461888593124250e+15,5.031456984264890409e-01
1.650461888595048750e+15,5.031456984264890409e-01
1.650461888596973500e+15,5.031456984264890409e-01
1.650461888598898250e+15,5.031456984264890409e-01
1.650461888600823000e+15,5.031456984264890409e-01
1.650461888602747750e+15,5.031456984264890409e-01
1.650461888604672500e+15,5.031456984264890409e-01
1.650461888606597000e+15,5.031456984264889298e-01
1.650461888608521750e+15,5.031456984264890409e-01
1.650461888610446500e+15,5.031456984264890409e-01
1.650461888612371250e+15,5.031456984264890409e-01
1.650461888614296000e+15,5.031456984264890409e-01
1.650461888616220750e+15,5.031456984264890409e-01
1.650461888618145250e+15,5.031456984264890409e-01
1.650461888620070000e+15,5.031456984264890409e-01
1.650461888621994750e+15,5.031456984264890409e-01
1.650461888623919500e+15,5.031456984264890409e-01
1.650461888625844250e+15,5.031456984264890409e-01
1.650461888627769000e+15,5.031456984264890409e-01
1.650461888629693500e+15,5.031456984264890409e-01
1.650461888631618250e+15,5.031456984264890409e-01
1.650461888633543000e+15,5.031456984264890409e-01
1.650461888635467750e+15,5.031456984264890409e-01
1.650461888637392500e+15,5.031456984264890409e-01
1.650461888639317250e+15,5.031456984264890409e-01
1.650461888641241750e+15,5.031456984264890409e-01
1.650461888643166500e+15,5.031456984264890409e-01
1.650461888645091250e+15,5.031456984264890409e-01
1.650461888647016000e+15,5.036468206137348913e-01
1.650461888648940750e+15,5.047909901628468976e-01
1.650461888650865500e+15,5.059351597119589039e-01
1.650461888652790000e+15,5.070791806483226916e-01
1.650461888654714750e+15,5.082233501974346979e-01
1.650461888656639500e+15,5.092816215780331390e-01
1.650461888658564250e+15,5.092816215780331390e-01
1.650461888660489000e+15,5.092816215780331390e-01
1.650461888662413750e+15,5.092816215780331390e-01
1.650461888664338250e+15,5.092816215780331390e-01
1.650461888666263000e+15,5.092816215780331390e-01
1.650461888668187750e+15,5.092816215780331390e-01
1.650461888670112500e+15,5.085111732664713280e-01
1.650461888672037250e+15,5.075770501876185614e-01
1.650461888673962000e+15,5.066429271087659059e-01
1.650461888675886500e+15,5.057089253603559431e-01
1.650461888677811250e+15,5.047748022815032876e-01
1.650461888679736000e+15,5.038406792026506320e-01
1.650461888681660750e+15,5.032995414088796693e-01
1.650461888683585500e+15,5.039004734846914690e-01
1.650461888685510250e+15,5.045014055605034908e-01
1.650461888687434750e+15,5.051022595830517714e-01
1.650461888689359500e+15,5.057031916588636822e-01
1.650461888691284250e+15,5.063041237346755929e-01
1.650461888693209000e+15,5.069050558104875037e-01
1.650461888695133750e+15,5.075059878862994145e-01
1.650461888697058500e+15,5.081069199621112142e-01
1.650461888698983000e+15,5.087077739846597169e-01
1.650461888700907750e+15,5.092816215780313627e-01
1.650461888702832500e+15,5.092816215780315847e-01
1.650461888704757250e+15,5.092816215780319178e-01
1.650461888706682000e+15,5.092816215780320288e-01
1.650461888708606750e+15,5.092816215780323619e-01
1.650461888710531250e+15,5.092816215780325839e-01
1.650461888712456000e+15,5.092816215780329170e-01
1.650461888714380750e+15,5.092816215780331390e-01
1.650461888716305500e+15,5.092816215780331390e-01
1.650461888718230250e+15,5.092816215780331390e-01
1.650461888720155000e+15,5.092816215780331390e-01
1.650461888722079500e+15,5.092816215780330280e-01
1.650461888724004250e+15,5.092816215780331390e-01
1.650461888725929000e+15,5.092816215780331390e-01
1.650461888727853750e+15,5.092816215780331390e-01
1.650461888729778500e+15,5.092816215780331390e-01
1.650461888731703250e+15,5.092816215780331390e-01
1.650461888733627750e+15,5.092816215780331390e-01
1.650461888735552500e+15,5.092816215780331390e-01
1.650461888737477250e+15,5.092816215780331390e-01
1.650461888739402000e+15,5.092816215780331390e-01
1.650461888741326750e+15,5.092816215780331390e-01
1.650461888743251500e+15,5.092816215780331390e-01
1.650461888745176000e+15,5.092816215780331390e-01
1.650461888747100750e+15,5.098010101329871757e-01
1.650461888749025500e+15,5.103652506416073154e-01
1.650461888750950250e+15,5.109294911502275660e-01
1.650461888752875000e+15,5.114937316588478167e-01
1.650461888754799750e+15,5.120579721674679563e-01
1.650461888756724250e+15,5.126221393885822541e-01
1.650461888758649000e+15,5.131863798972023938e-01
1.650461888760573750e+15,5.137506204058226444e-01
1.650461888762498500e+15,5.143148609144427841e-01
1.650461888764423250e+15,5.148791014230629237e-01
1.650461888766348000e+15,5.154175447295745727e-01
1.650461888768272500e+15,5.154175447295746837e-01
1.650461888770197250e+15,5.154175447295747947e-01
1.650461888772122000e+15,5.154175447295750168e-01
1.650461888774046750e+15,5.154175447295751278e-01
1.650461888775971500e+15,5.154175447295753498e-01
1.650461888777896250e+15,5.154175447295753498e-01
1.650461888779820750e+15,5.149443210289870176e-01
1.650461888781745500e+15,5.140589384601339518e-01
1.650461888783670250e+15,5.131735558912808859e-01
1.650461888785595000e+15,5.122881733224278200e-01
1.650461888787519750e+15,5.114027907535747541e-01
1.650461888789444500e+15,5.105174081847216883e-01
1.650461888791369000e+15,5.096321406155528422e-01
1.650461888793293750e+15,5.095875101325030299e-01
1.650461888795218500e+15,5.100938605906546464e-01
1.650461888797143250e+15,5.106002110488063739e-01
1.650461888799068000e+15,5.111065615069579904e-01
1.650461888800992750e+15,5.116129119651096069e-01
1.650461888802917250e+15,5.121191966549202279e-01
1.650461888804842000e+15,5.126255471130718444e-01
1.650461888806766750e+15,5.131318975712234609e-01
1.650461888808691500e+15,5.136382480293751884e-01
1.650461888810616250e+15,5.141445984875269160e-01
1.650461888812541000e+15,5.146509489456785325e-01
1.650461888814465500e+15,5.151572336354890425e-01
1.650461888816390250e+15,5.160532622578211104e-01
1.650461888818315000e+15,5.173615726694674732e-01
1.650461888820239750e+15,5.186698830811140581e-01
1.650461888822164500e+15,5.199781934927605320e-01
1.650461888824089250e+15,5.212865039044068949e-01
1.650461888826013750e+15,5.219726971191468445e-01
1.650461888827938500e+15,5.224994877023990680e-01
1.650461888829863250e+15,5.230262782856511805e-01
1.650461888831788000e+15,5.235530688689031820e-01
1.650461888833712750e+15,5.240798594521554055e-01
1.650461888835637500e+15,5.246066500354074069e-01
1.650461888837562000e+15,5.251333721954120071e-01
1.650461888839486750e+15,5.256601627786641195e-01
1.650461888841411500e+15,5.261869533619162320e-01
1.650461888843336250e+15,5.267137439451683445e-01
1.650461888845261000e+15,5.272405345284205680e-01
1.650461888847185750e+15,5.275661662553546849e-01
1.650461888849110250e+15,5.267333441871452360e-01
1.650461888851035000e+15,5.259004139321251659e-01
1.650461888852959750e+15,5.250674836771050957e-01
1.650461888854884500e+15,5.242345534220850256e-01
1.650461888856809250e+15,5.234016231670650665e-01
1.650461888858734000e+15,5.225686929120449964e-01
1.650461888860658500e+15,5.217358708438355475e-01
1.650461888862583250e+15,5.215534678811177827e-01
1.650461888864508000e+15,5.215534678811177827e-01
1.650461888866432750e+15,5.215534678811177827e-01
1.650461888868357500e+15,5.215534678811176716e-01
1.650461888870282250e+15,5.215534678811177827e-01
1.650461888872206750e+15,5.215534678811177827e-01
1.650461888874131500e+15,5.215534678811177827e-01
1.650461888876056250e+15,5.215534678811177827e-01
1.650461888877981000e+15,5.215534678811177827e-01
1.650461888879905750e+15,5.215534678811177827e-01
1.650461888881830500e+15,5.215534678811177827e-01
1.650461888883755000e+15,5.215534678811177827e-01
1.650461888885679750e+15,5.215534678811178937e-01
1.650461888887604500e+15,5.215534678811180047e-01
1.650461888889529250e+15,5.215534678811181157e-01
1.650461888891454000e+15,5.215534678811182268e-01
1.650461888893378750e+15,5.215534678811184488e-01
1.650461888895303500e+15,5.215534678811185598e-01
1.650461888897228000e+15,5.215534678811186708e-01
1.650461888899152750e+15,5.215534678811186708e-01
1.650461888901077500e+15,5.215534678811186708e-01
1.650461888903002250e+15,5.215534678811186708e-01
1.650461888904927000e+15,5.215534678811186708e-01
1.650461888906851750e+15,5.215534678811186708e-01
1.650461888908776250e+15,5.215534678811186708e-01
1.650461888910701000e+15,5.215534678811186708e-01
1.650461888912625750e+15,5.215534678811186708e-01
1.650461888914550500e+15,5.215534678811186708e-01
1.650461888916475250e+15,5.220391162957099818e-01
1.650461888918400000e+15,5.229643840868356541e-01
1.650461888920324500e+15,5.238895316977052463e-01
1.650461888922249250e+15,5.248147994888309187e-01
1.650461888924174000e+15,5.257400672799565911e-01
1.650461888926098750e+15,5.266653350710821524e-01
1.650461888928023500e+15,5.275906028622078248e-01
1.650461888929948250e+15,5.276893910326592163e-01
1.650461888931872750e+15,5.276893910326592163e-01
1.650461888933797500e+15,5.276893910326592163e-01
1.650461888935722250e+15,5.276893910326592163e-01
1.650461888937647000e+15,5.276893910326592163e-01
1.650461888939571750e+15,5.276893910326592163e-01
1.650461888941496500e+15,5.276893910326592163e-01
1.650461888943421000e+15,5.276893910326593273e-01
1.650461888945345750e+15,5.276893910326594384e-01
1.650461888947270500e+15,5.276893910326596604e-01
1.650461888949195250e+15,5.276893910326598824e-01
1.650461888951120000e+15,5.276893910326599935e-01
1.650461888953044750e+15,5.274439389474372408e-01
1.650461888954969250e+15,5.264714787559572340e-01
1.650461888956894000e+15,5.254988922381338412e-01
1.650461888958818750e+15,5.245263057203104484e-01
1.650461888960743500e+15,5.235537192024870556e-01
1.650461888962668250e+15,5.225811326846636629e-01
1.650461888964593000e+15,5.216085461668402701e-01
1.650461888966517500e+15,5.221057618068313255e-01
1.650461888968442250e+15,5.226912907154048771e-01
1.650461888970367000e+15,5.232768196239784286e-01
1.650461888972291750e+15,5.238623485325519802e-01
1.650461888974216500e+15,5.244478774411256428e-01
1.650461888976141250e+15,5.250334063496993053e-01
1.650461888978065750e+15,5.256188592056805220e-01
1.650461888979990500e+15,5.262043881142540735e-01
1.650461888981915250e+15,5.267899170228277361e-01
1.650461888983840000e+15,5.273754459314012877e-01
1.650461888985764750e+15,5.271055234784564059e-01
1.650461888987689500e+15,5.258467174577861059e-01
1.650461888989614000e+15,5.245880749396512055e-01
1.650461888991538750e+15,5.233292689189807945e-01
1.650461888993463500e+15,5.220704628983104945e-01
1.650461888995388250e+15,5.220450394897241386e-01
1.650461888997313000e+15,5.228792051971639099e-01
1.650461888999237750e+15,5.237133709046035701e-01
1.650461889001162250e+15,5.245474282647635267e-01
1.650461889003087000e+15,5.253815939722030759e-01
1.650461889005011750e+15,5.262157596796428471e-01
1.650461889006936500e+15,5.270499253870825074e-01
1.650461889008861250e+15,5.276893910326609927e-01
1.650461889010786000e+15,5.276893910326609927e-01
1.650461889012710500e+15,5.276893910326609927e-01
1.650461889014635250e+15,5.276893910326609927e-01
1.650461889016560000e+15,5.276893910326609927e-01
1.650461889018484750e+15,5.276893910326609927e-01
1.650461889020409500e+15,5.276893910326609927e-01
1.650461889022334250e+15,5.276893910326607706e-01
1.650461889024258750e+15,5.276893910326607706e-01
1.650461889026183500e+15,5.276893910326605486e-01
1.650461889028108250e+15,5.276893910326604376e-01
1.650461889030033000e+15,5.276893910326603265e-01
1.650461889031957750e+15,5.276893910326602155e-01
1.650461889033882500e+15,5.280437156650769071e-01
1.650461889035807000e+15,5.291792656319147525e-01
1.650461889037731750e+15,5.303149631110890549e-01
1.650461889039656500e+15,5.314506605902635794e-01
1.650461889041581250e+15,5.325863580694378818e-01
1.650461889043506000e+15,5.337220555486122953e-01
1.650461889045430750e+15,5.338253141842035365e-01
1.650461889047355250e+15,5.338253141842030924e-01
1.650461889049280000e+15,5.338253141842024263e-01
1.650461889051204750e+15,5.338253141842017602e-01
1.650461889053129500e+15,5.338253141842015381e-01
1.650461889055054250e+15,5.338253141842015381e-01
1.650461889056979000e+15,5.338253141842015381e-01
1.650461889058903500e+15,5.338253141842015381e-01
1.650461889060828250e+15,5.338253141842015381e-01
1.650461889062753000e+15,5.338253141842015381e-01
1.650461889064677750e+15,5.338253141842015381e-01
1.650461889066602500e+15,5.338253141842015381e-01
1.650461889068527250e+15,5.338253141842015381e-01
1.650461889070451750e+15,5.338253141842016491e-01
1.650461889072376500e+15,5.338253141842015381e-01
1.650461889074301250e+15,5.337034034731215071e-01
1.650461889076226000e+15,5.331799285346910944e-01
1.650461889078150750e+15,5.326564535962606817e-01
1.650461889080075500e+15,5.321329786578303800e-01
1.650461889082000000e+15,5.316095717119884156e-01
1.650461889083924750e+15,5.310860967735580029e-01
1.650461889085849500e+15,5.305626218351275902e-01
1.650461889087774250e+15,5.300391468966972885e-01
1.650461889089699000e+15,5.295156719582668758e-01
1.650461889091623750e+15,5.289921970198364631e-01
1.650461889093548250e+15,5.284687900739946098e-01
1.650461889095473000e+15,5.279453151355641971e-01
1.650461889097397750e+15,5.286744933419762482e-01
1.650461889099322500e+15,5.306018891944331850e-01
1.650461889101247250e+15,5.325292850468902328e-01
1.650461889103172000e+15,5.344566808993472806e-01
1.650461889105096500e+15,5.363838264081424168e-01
1.650461889107021250e+15,5.383112222605994646e-01
1.650461889108946000e+15,5.396334990571144408e-01
1.650461889110870750e+15,5.373561912889056602e-01
1.650461889112795500e+15,5.350788835206969907e-01
1.650461889114720250e+15,5.328015757524883211e-01
1.650461889116644750e+15,5.305245637769498979e-01
1.650461889118569500e+15,5.282472560087412283e-01
1.650461889120494250e+15,5.286935611137398849e-01
1.650461889122419000e+15,5.300235293666601954e-01
1.650461889124343750e+15,5.313534976195806170e-01
1.650461889126268500e+15,5.326834658725009275e-01
1.650461889128193000e+15,5.338253141842042027e-01
1.650461889130117750e+15,5.338253141842037586e-01
1.650461889132042500e+15,5.338253141842035365e-01
1.650461889133967250e+15,5.338253141842032035e-01
1.650461889135892000e+15,5.338253141842028704e-01
1.650461889137816750e+15,5.338253141842024263e-01
1.650461889139741250e+15,5.338253141842022043e-01
1.650461889141666000e+15,5.338253141842018712e-01
1.650461889143590750e+15,5.338253141842015381e-01
1.650461889145515500e+15,5.338253141842015381e-01
1.650461889147440250e+15,5.338253141842015381e-01
1.650461889149365000e+15,5.338253141842015381e-01
1.650461889151289500e+15,5.338253141842015381e-01
1.650461889153214250e+15,5.338253141842015381e-01
1.650461889155139000e+15,5.338253141842015381e-01
1.650461889157063750e+15,5.338253141842015381e-01
1.650461889158988500e+15,5.338253141842015381e-01
1.650461889160913250e+15,5.338253141842015381e-01
1.650461889162837750e+15,5.338253141842015381e-01
1.650461889164762500e+15,5.338253141842015381e-01
1.650461889166687250e+15,5.338253141842015381e-01
1.650461889168612000e+15,5.338253141842015381e-01
1.650461889170536750e+15,5.338253141842015381e-01
1.650461889172461500e+15,5.338253141842015381e-01
1.650461889174386000e+15,5.338253141842016491e-01
1.650461889176310750e+15,5.338253141842015381e-01
1.650461889178235500e+15,5.338253141842015381e-01
1.650461889180160250e+15,5.338253141842015381e-01
1.650461889182085000e+15,5.338253141842015381e-01
1.650461889184009750e+15,5.338253141842015381e-01
1.650461889185934250e+15,5.338253141842015381e-01
1.650461889187859000e+15,5.338253141842015381e-01
1.650461889189783750e+15,5.338253141842015381e-01
1.650461889191708500e+15,5.338253141842015381e-01
1.650461889193633250e+15,5.338253141842015381e-01
1.650461889195558000e+15,5.338253141842015381e-01
1.650461889197482500e+15,5.338253141842015381e-01
1.650461889199407250e+15,5.338253141842015381e-01
1.650461889201332000e+15,5.338253141842015381e-01
1.650461889203256750e+15,5.338253141842015381e-01
1.650461889205181500e+15,5.338253141842015381e-01
1.650461889207106250e+15,5.338253141842015381e-01
1.650461889209030750e+15,5.338253141842015381e-01
1.650461889210955500e+15,5.338253141842015381e-01
1.650461889212880250e+15,5.338253141842015381e-01
1.650461889214805000e+15,5.338253141842015381e-01
1.650461889216729750e+15,5.338253141842015381e-01
1.650461889218654500e+15,5.338253141842015381e-01
1.650461889220579000e+15,5.338253141842015381e-01
1.650461889222503750e+15,5.338253141842015381e-01
1.650461889224428500e+15,5.338253141842015381e-01
1.650461889226353250e+15,5.338253141842015381e-01
1.650461889228278000e+15,5.338253141842015381e-01
1.650461889230202750e+15,5.338253141842015381e-01
1.650461889232127250e+15,5.338253141842015381e-01
1.650461889234052000e+15,5.326056677804771322e-01
1.650461889235976750e+15,5.307455137269365686e-01
1.650461889237901500e+15,5.288853596733960050e-01
1.650461889239826250e+15,5.270252056198553303e-01
1.650461889241751000e+15,5.251650515663147667e-01
1.650461889243675750e+15,5.233048975127742031e-01
1.650461889245600250e+15,5.216158496738693140e-01
1.650461889247525000e+15,5.226855098573608416e-01
1.650461889249449750e+15,5.237551700408523692e-01
1.650461889251374500e+15,5.248248302243438967e-01
1.650461889253299250e+15,5.258944904078353133e-01
1.650461889255224000e+15,5.269641505913267299e-01
1.650461889257148500e+15,5.281819664366229627e-01
1.650461889259073250e+15,5.297123691949402469e-01
1.650461889260998000e+15,5.312427719532575310e-01
1.650461889262922750e+15,5.327731747115749261e-01
1.650461889264847500e+15,5.336463683526573298e-01
1.650461889266772250e+15,5.330737565666726629e-01
1.650461889268696750e+15,5.325012191555140717e-01
1.650461889270621500e+15,5.319286073695292938e-01
1.650461889272546250e+15,5.313559955835446269e-01
1.650461889274471000e+15,5.307833837975599600e-01
1.650461889276395750e+15,5.302107720115751821e-01
1.650461889278320500e+15,5.296381602255905152e-01
1.650461889280245000e+15,5.290656228144319240e-01
1.650461889282169750e+15,5.284930110284471461e-01
1.650461889284094500e+15,5.279203992424624792e-01
1.650461889286019250e+15,5.276893910326602155e-01
1.650461889287944000e+15,5.276893910326603265e-01
1.650461889289868750e+15,5.276893910326605486e-01
1.650461889291793250e+15,5.276893910326605486e-01
1.650461889293718000e+15,5.276893910326607706e-01
1.650461889295642750e+15,5.276893910326607706e-01
1.650461889297567500e+15,5.276893910326609927e-01
1.650461889299492250e+15,5.276893910326609927e-01
1.650461889301417000e+15,5.276893910326608816e-01
1.650461889303341500e+15,5.276893910326607706e-01
1.650461889305266250e+15,5.276893910326607706e-01
1.650461889307191000e+15,5.276893910326605486e-01
1.650461889309115750e+15,5.276893910326605486e-01
1.650461889311040500e+15,5.276893910326605486e-01
1.650461889312965250e+15,5.276893910326604376e-01
1.650461889314889750e+15,5.276893910326603265e-01
1.650461889316814500e+15,5.276893910326603265e-01
1.650461889318739250e+15,5.276893910326602155e-01
1.650461889320664000e+15,5.276893910326601045e-01
1.650461889322588750e+15,5.276893910326602155e-01
1.650461889324513500e+15,5.276893910326603265e-01
1.650461889326438000e+15,5.276893910326604376e-01
1.650461889328362750e+15,5.276893910326605486e-01
1.650461889330287500e+15,5.276893910326606596e-01
1.650461889332212250e+15,5.276893910326607706e-01
1.650461889334137000e+15,5.276893910326608816e-01
1.650461889336061750e+15,5.276893910326609927e-01
1.650461889337986250e+15,5.276893910326608816e-01
1.650461889339911000e+15,5.276893910326607706e-01
1.650461889341835750e+15,5.276893910326607706e-01
1.650461889343760500e+15,5.276893910326606596e-01
1.650461889345685250e+15,5.276893910326605486e-01
1.650461889347610000e+15,5.276893910326605486e-01
1.650461889349534500e+15,5.276893910326604376e-01
1.650461889351459250e+15,5.276893910326603265e-01
1.650461889353384000e+15,5.276893910326603265e-01
1.650461889355308750e+15,5.276893910326602155e-01
1.650461889357233500e+15,5.276893910326601045e-01
1.650461889359158250e+15,5.276518478972104242e-01
1.650461889361082750e+15,5.262950072554613001e-01
1.650461889363007500e+15,5.249379903548604398e-01
1.650461889364932250e+15,5.235809734542595795e-01
1.650461889366857000e+15,5.222239565536587191e-01
1.650461889368781750e+15,5.223396330349099337e-01
1.650461889370706500e+15,5.238935959409534160e-01
1.650461889372631000e+15,5.254473570074195132e-01
1.650461889374555750e+15,5.270013199134629955e-01
1.650461889376480500e+15,5.285552828195063668e-01
1.650461889378405250e+15,5.301092457255498491e-01
1.650461889380330000e+15,5.316632086315933314e-01
1.650461889382254750e+15,5.332171715376368137e-01
1.650461889384179250e+15,5.334477226331467703e-01
1.650461889386104000e+15,5.328272151941759738e-01
1.650461889388028750e+15,5.322067077552052883e-01
1.650461889389953500e+15,5.315862003162346028e-01
1.650461889391878250e+15,5.309656928772639173e-01
1.650461889393803000e+15,5.303451854382932318e-01
1.650461889395727500e+15,5.297247585951710969e-01
1.650461889397652250e+15,5.291042511562004114e-01
1.650461889399577000e+15,5.284837437172298369e-01
1.650461889401501750e+15,5.278632362782590404e-01
1.650461889403426500e+15,5.283204273692451158e-01
1.650461889405351250e+15,5.291970691511579394e-01
1.650461889407275750e+15,5.300735970687010523e-01
1.650461889409200500e+15,5.309502388506138759e-01
1.650461889411125250e+15,5.318268806325266995e-01
1.650461889413050000e+15,5.327035224144395231e-01
1.650461889414974750e+15,5.335801641963522357e-01
1.650461889416899500e+15,5.345468354673519329e-01
1.650461889418824000e+15,5.355483267831984140e-01
1.650461889420748750e+15,5.365499481966438111e-01
1.650461889422673500e+15,5.375515696100892082e-01
1.650461889424598250e+15,5.385531910235346054e-01
1.650461889426523000e+15,5.395548124369800025e-01
1.650461889428447750e+15,5.394180934533396865e-01
1.650461889430372250e+15,5.385041870912046225e-01
1.650461889432297000e+15,5.375901620090953736e-01
1.650461889434221750e+15,5.366761369269860138e-01
1.650461889436146500e+15,5.357621118448767650e-01
1.650461889438071250e+15,5.348480867627674051e-01
1.650461889439996000e+15,5.339340616806581563e-01
1.650461889441920500e+15,5.338253141842024263e-01
1.650461889443845250e+15,5.338253141842024263e-01
1.650461889445770000e+15,5.338253141842024263e-01
1.650461889447694750e+15,5.338253141842024263e-01
1.650461889449619500e+15,5.338253141842024263e-01
1.650461889451544250e+15,5.343751913089469507e-01
1.650461889453468750e+15,5.355559316454275853e-01
1.650461889455393500e+15,5.367368253646488396e-01
1.650461889457318250e+15,5.379177190838700939e-01
1.650461889459243000e+15,5.390986128030912372e-01
1.650461889461167750e+15,5.399612373357448591e-01
1.650461889463092500e+15,5.399612373357449702e-01
1.650461889465017000e+15,5.399612373357451922e-01
1.650461889466941750e+15,5.399612373357453032e-01
1.650461889468866500e+15,5.399612373357454143e-01
1.650461889470791250e+15,5.399612373357455253e-01
1.650461889472716000e+15,5.399612373357456363e-01
1.650461889474640750e+15,5.399612373357458583e-01
1.650461889476565250e+15,5.399612373357460804e-01
1.650461889478490000e+15,5.399612373357460804e-01
1.650461889480414750e+15,5.399612373357463024e-01
1.650461889482339500e+15,5.399612373357464135e-01
1.650461889484264250e+15,5.399612373357465245e-01
1.650461889486189000e+15,5.399612373357465245e-01
1.650461889488113500e+15,5.399612373357465245e-01
1.650461889490038250e+15,5.399612373357465245e-01
1.650461889491963000e+15,5.399612373357465245e-01
1.650461889493887750e+15,5.399612373357465245e-01
1.650461889495812500e+15,5.399612373357465245e-01
1.650461889497737250e+15,5.399612373357465245e-01
1.650461889499661750e+15,5.399612373357465245e-01
1.650461889501586500e+15,5.399612373357465245e-01
1.650461889503511250e+15,5.399612373357465245e-01
1.650461889505436000e+15,5.399612373357465245e-01
1.650461889507360750e+15,5.399612373357465245e-01
1.650461889509285500e+15,5.399612373357466355e-01
1.650461889511210000e+15,5.399612373357465245e-01
1.650461889513134750e+15,5.399612373357465245e-01
1.650461889515059500e+15,5.399612373357465245e-01
1.650461889516984250e+15,5.399612373357465245e-01
1.650461889518909000e+15,5.399612373357465245e-01
1.650461889520833750e+15,5.399612373357465245e-01
1.650461889522758250e+15,5.399612373357465245e-01
1.650461889524683000e+15,5.399612373357465245e-01
1.650461889526607750e+15,5.399612373357465245e-01
1.650461889528532500e+15,5.399612373357465245e-01
1.650461889530457250e+15,5.399612373357465245e-01
1.650461889532382000e+15,5.399612373357465245e-01
1.650461889534306500e+15,5.399612373357465245e-01
1.650461889536231250e+15,5.399612373357465245e-01
1.650461889538156000e+15,5.399612373357465245e-01
1.650461889540080750e+15,5.399612373357465245e-01
1.650461889542005500e+15,5.399612373357465245e-01
1.650461889543930250e+15,5.399612373357464135e-01
1.650461889545854750e+15,5.399612373357465245e-01
1.650461889547779500e+15,5.399612373357465245e-01
1.650461889549704250e+15,5.399612373357465245e-01
1.650461889551629000e+15,5.399612373357465245e-01
1.650461889553553750e+15,5.399612373357465245e-01
1.650461889555478500e+15,5.399612373357464135e-01
1.650461889557403000e+15,5.399612373357464135e-01
1.650461889559327750e+15,5.399612373357464135e-01
1.650461889561252500e+15,5.399612373357465245e-01
1.650461889563177250e+15,5.399612373357465245e-01
1.650461889565102000e+15,5.399612373357465245e-01
1.650461889567026750e+15,5.399612373357465245e-01
1.650461889568951250e+15,5.399612373357465245e-01
1.650461889570876000e+15,5.399612373357464135e-01
1.650461889572800750e+15,5.399612373357464135e-01
1.650461889574725500e+15,5.399612373357464135e-01
1.650461889576650250e+15,5.399612373357465245e-01
1.650461889578575000e+15,5.399612373357465245e-01
1.650461889580499500e+15,5.399612373357464135e-01
1.650461889582424250e+15,5.399612373357465245e-01
1.650461889584349000e+15,5.399612373357465245e-01
1.650461889586273750e+15,5.399612373357465245e-01
1.650461889588198500e+15,5.399612373357465245e-01
1.650461889590123250e+15,5.399612373357465245e-01
1.650461889592047750e+15,5.399612373357465245e-01
1.650461889593972500e+15,5.399612373357465245e-01
1.650461889595897250e+15,5.399612373357464135e-01
1.650461889597822000e+15,5.399612373357464135e-01
1.650461889599746750e+15,5.399612373357464135e-01
1.650461889601671500e+15,5.399612373357464135e-01
1.650461889603596250e+15,5.399612373357464135e-01
1.650461889605520750e+15,5.399612373357465245e-01
1.650461889607445500e+15,5.399612373357465245e-01
1.650461889609370250e+15,5.399612373357465245e-01
1.650461889611295000e+15,5.399612373357465245e-01
1.650461889613219750e+15,5.399612373357465245e-01
1.650461889615144500e+15,5.399612373357465245e-01
1.650461889617069000e+15,5.399612373357464135e-01
1.650461889618993750e+15,5.399612373357465245e-01
1.650461889620918500e+15,5.399612373357465245e-01
1.650461889622843250e+15,5.399612373357465245e-01
1.650461889624768000e+15,5.399612373357465245e-01
1.650461889626692750e+15,5.399612373357465245e-01
1.650461889628617250e+15,5.399612373357465245e-01
1.650461889630542000e+15,5.399612373357465245e-01
1.650461889632466750e+15,5.399612373357465245e-01
1.650461889634391500e+15,5.399612373357465245e-01
1.650461889636316250e+15,5.399612373357465245e-01
1.650461889638241000e+15,5.399612373357465245e-01
1.650461889640165500e+15,5.399612373357466355e-01
1.650461889642090250e+15,5.399612373357465245e-01
1.650461889644015000e+15,5.399612373357466355e-01
1.650461889645939750e+15,5.399612373357465245e-01
1.650461889647864500e+15,5.399612373357465245e-01
1.650461889649789250e+15,5.399612373357465245e-01
1.650461889651713750e+15,5.399612373357465245e-01
1.650461889653638500e+15,5.399612373357465245e-01
1.650461889655563250e+15,5.399612373357465245e-01
1.650461889657488000e+15,5.399612373357465245e-01
1.650461889659412750e+15,5.399612373357465245e-01
1.650461889661337500e+15,5.399612373357465245e-01
1.650461889663262000e+15,5.399612373357466355e-01
1.650461889665186750e+15,5.399612373357465245e-01
1.650461889667111500e+15,5.399612373357465245e-01
1.650461889669036250e+15,5.399612373357465245e-01
1.650461889670961000e+15,5.399612373357465245e-01
1.650461889672885750e+15,5.399612373357465245e-01
1.650461889674810250e+15,5.399612373357465245e-01
1.650461889676735000e+15,5.399612373357466355e-01
1.650461889678659750e+15,5.399612373357465245e-01
1.650461889680584500e+15,5.399612373357465245e-01
1.650461889682509250e+15,5.399612373357466355e-01
1.650461889684434000e+15,5.399612373357465245e-01
1.650461889686358500e+15,5.399612373357465245e-01
1.650461889688283250e+15,5.399612373357465245e-01
1.650461889690208000e+15,5.399612373357466355e-01
1.650461889692132750e+15,5.399612373357465245e-01
1.650461889694057500e+15,5.399612373357465245e-01
1.650461889695982250e+15,5.399612373357465245e-01
1.650461889697906750e+15,5.399612373357465245e-01
1.650461889699831500e+15,5.399612373357465245e-01
1.650461889701756250e+15,5.403110505532470187e-01
1.650461889703681000e+15,5.412822773695245004e-01
1.650461889705605750e+15,5.422535041858018712e-01
1.650461889707530500e+15,5.432247310020792419e-01
1.650461889709455000e+15,5.441958316686207331e-01
1.650461889711379750e+15,5.451670584848981038e-01
1.650461889713304500e+15,5.460543236073127638e-01
1.650461889715229250e+15,5.450426636719067908e-01
1.650461889717154000e+15,5.440310037365005957e-01
1.650461889719078750e+15,5.430193438010944007e-01
1.650461889721003250e+15,5.420078152671605753e-01
1.650461889722928000e+15,5.409961553317546024e-01
1.650461889724852750e+15,5.399844953963485183e-01
1.650461889726777500e+15,5.399612373357469686e-01
1.650461889728702250e+15,5.399612373357465245e-01
1.650461889730627000e+15,5.399612373357460804e-01
1.650461889732551500e+15,5.399612373357454143e-01
1.650461889734476250e+15,5.399612373357449702e-01
1.650461889736401000e+15,5.399612373357449702e-01
1.650461889738325750e+15,5.399612373357451922e-01
1.650461889740250500e+15,5.399612373357454143e-01
1.650461889742175250e+15,5.399612373357457473e-01
1.650461889744099750e+15,5.399612373357459694e-01
1.650461889746024500e+15,5.399612373357463024e-01
1.650461889747949250e+15,5.399612373357465245e-01
1.650461889749874000e+15,5.399612373357465245e-01
1.650461889751798750e+15,5.399612373357465245e-01
1.650461889753723500e+15,5.399612373357466355e-01
1.650461889755648000e+15,5.399612373357465245e-01
1.650461889757572750e+15,5.399612373357465245e-01
1.650461889759497500e+15,5.399612373357466355e-01
1.650461889761422250e+15,5.399612373357465245e-01
1.650461889763347000e+15,5.399612373357465245e-01
1.650461889765271750e+15,5.399612373357466355e-01
1.650461889767196250e+15,5.399612373357465245e-01
1.650461889769121000e+15,5.399612373357465245e-01
1.650461889771045750e+15,5.399612373357465245e-01
1.650461889772970500e+15,5.399612373357465245e-01
1.650461889774895250e+15,5.399612373357465245e-01
1.650461889776820000e+15,5.399612373357465245e-01
1.650461889778744500e+15,5.399612373357465245e-01
1.650461889780669250e+15,5.399612373357465245e-01
1.650461889782594000e+15,5.399612373357464135e-01
1.650461889784518750e+15,5.399612373357463024e-01
1.650461889786443500e+15,5.399612373357460804e-01
1.650461889788368250e+15,5.399612373357459694e-01
1.650461889790292750e+15,5.399612373357458583e-01
1.650461889792217500e+15,5.399612373357457473e-01
1.650461889794142250e+15,5.399612373357457473e-01
1.650461889796067000e+15,5.399612373357457473e-01
1.650461889797991750e+15,5.399612373357459694e-01
1.650461889799916500e+15,5.399612373357460804e-01
1.650461889801841000e+15,5.399612373357461914e-01
1.650461889803765750e+15,5.399612373357463024e-01
1.650461889805690500e+15,5.399612373357464135e-01
1.650461889807615250e+15,5.399612373357465245e-01
1.650461889809540000e+15,5.399612373357466355e-01
1.650461889811464750e+15,5.399612373357467465e-01
1.650461889813389250e+15,5.399612373357469686e-01
1.650461889815314000e+15,5.399612373357469686e-01
1.650461889817238750e+15,5.399612373357471906e-01
1.650461889819163500e+15,5.399612373357471906e-01
1.650461889821088250e+15,5.399612373357474127e-01
1.650461889823013000e+15,5.399612373357474127e-01
1.650461889824937500e+15,5.399612373357474127e-01
1.650461889826862250e+15,5.399612373357474127e-01
1.650461889828787000e+15,5.399612373357474127e-01
1.650461889830711750e+15,5.399612373357474127e-01
1.650461889832636500e+15,5.399612373357474127e-01
1.650461889834561250e+15,5.399612373357474127e-01
1.650461889836485750e+15,5.399612373357474127e-01
1.650461889838410500e+15,5.399612373357475237e-01
1.650461889840335250e+15,5.399612373357474127e-01
1.650461889842260000e+15,5.399612373357474127e-01
1.650461889844184750e+15,5.399612373357474127e-01
1.650461889846109500e+15,5.399612373357474127e-01
1.650461889848034000e+15,5.399612373357474127e-01
1.650461889849958750e+15,5.399612373357474127e-01
1.650461889851883500e+15,5.399612373357474127e-01
1.650461889853808250e+15,5.399612373357471906e-01
1.650461889855733000e+15,5.399612373357469686e-01
1.650461889857657750e+15,5.399612373357467465e-01
1.650461889859582250e+15,5.399612373357465245e-01
1.650461889861507000e+15,5.399612373357461914e-01
1.650461889863431750e+15,5.399612373357458583e-01
1.650461889865356500e+15,5.399612373357456363e-01
1.650461889867281250e+15,5.399612373357456363e-01
1.650461889869206000e+15,5.399612373357456363e-01
1.650461889871130500e+15,5.399612373357456363e-01
1.650461889873055250e+15,5.399612373357456363e-01
1.650461889874980000e+15,5.399612373357456363e-01
1.650461889876904750e+15,5.399612373357456363e-01
1.650461889878829500e+15,5.399612373357456363e-01
1.650461889880754250e+15,5.399612373357455253e-01
1.650461889882678750e+15,5.399612373357455253e-01
1.650461889884603500e+15,5.399612373357456363e-01
1.650461889886528250e+15,5.399612373357456363e-01
1.650461889888453000e+15,5.399612373357456363e-01
1.650461889890377750e+15,5.399612373357456363e-01
1.650461889892302500e+15,5.399612373357455253e-01
1.650461889894227000e+15,5.399612373357456363e-01
1.650461889896151750e+15,5.399612373357456363e-01
1.650461889898076500e+15,5.399612373357456363e-01
1.650461889900001250e+15,5.399612373357456363e-01
1.650461889901926000e+15,5.399612373357456363e-01
1.650461889903850750e+15,5.399612373357456363e-01
1.650461889905775250e+15,5.399612373357455253e-01
1.650461889907700000e+15,5.399612373357456363e-01
1.650461889909624750e+15,5.399612373357456363e-01
1.650461889911549500e+15,5.399612373357456363e-01
1.650461889913474250e+15,5.399612373357456363e-01
1.650461889915399000e+15,5.399612373357456363e-01
1.650461889917323500e+15,5.399612373357456363e-01
1.650461889919248250e+15,5.399612373357456363e-01
1.650461889921173000e+15,5.399612373357456363e-01
1.650461889923097750e+15,5.399612373357456363e-01
1.650461889925022500e+15,5.399612373357455253e-01
1.650461889926947250e+15,5.399612373357456363e-01
1.650461889928871750e+15,5.399612373357458583e-01
1.650461889930796500e+15,5.399612373357459694e-01
1.650461889932721250e+15,5.399612373357461914e-01
1.650461889934646000e+15,5.399612373357465245e-01
1.650461889936570750e+15,5.399612373357466355e-01
1.650461889938495500e+15,5.399612373357469686e-01
1.650461889940420000e+15,5.399612373357471906e-01
1.650461889942344750e+15,5.399612373357473016e-01
1.650461889944269500e+15,5.407456820356435490e-01
1.650461889946194250e+15,5.416506025847147576e-01
1.650461889948119000e+15,5.425555231337858553e-01
1.650461889950043750e+15,5.434604436828569529e-01
1.650461889951968500e+15,5.443653642319281616e-01
1.650461889953893000e+15,5.452701672435855684e-01
1.650461889955817750e+15,5.460971604872880691e-01
1.650461889957742500e+15,5.460971604872879581e-01
1.650461889959667250e+15,5.460971604872880691e-01
1.650461889961592000e+15,5.460971604872879581e-01
1.650461889963516750e+15,5.460971604872880691e-01
1.650461889965441250e+15,5.460971604872879581e-01
1.650461889967366000e+15,5.460971604872879581e-01
1.650461889969290750e+15,5.460971604872879581e-01
1.650461889971215500e+15,5.460971604872879581e-01
1.650461889973140250e+15,5.460971604872879581e-01
1.650461889975065000e+15,5.460971604872880691e-01
1.650461889976989500e+15,5.460971604872879581e-01
1.650461889978914250e+15,5.460971604872879581e-01
1.650461889980839000e+15,5.460971604872880691e-01
1.650461889982763750e+15,5.454606558515250336e-01
1.650461889984688500e+15,5.447499308057327516e-01
1.650461889986613250e+15,5.440392057599404696e-01
1.650461889988537750e+15,5.433285730280910109e-01
1.650461889990462500e+15,5.426178479822987288e-01
1.650461889992387250e+15,5.419071229365063358e-01
1.650461889994312000e+15,5.411963978907139428e-01
1.650461889996236750e+15,5.404856728449216607e-01
1.650461889998161500e+15,5.402260878858784476e-01
1.650461890000086000e+15,5.412364048011029105e-01
1.650461890002010750e+15,5.422468529604057563e-01
1.650461890003935500e+15,5.432573011197084911e-01
1.650461890005860250e+15,5.442677492790113369e-01
1.650461890007785000e+15,5.452781974383140717e-01
1.650461890009709750e+15,5.462015435836699018e-01
1.650461890011634250e+15,5.467522914081714980e-01
1.650461890013559000e+15,5.473031107769478210e-01
1.650461890015483750e+15,5.478539301457239219e-01
1.650461890017408500e+15,5.484047495145000228e-01
1.650461890019333250e+15,5.489555688832761238e-01
1.650461890021258000e+15,5.495063882520523357e-01
1.650461890023182500e+15,5.500571360765540430e-01
1.650461890025107250e+15,5.506079554453302549e-01
1.650461890027032000e+15,5.511587748141063559e-01
1.650461890028956750e+15,5.517095941828824568e-01
1.650461890030881500e+15,5.522761958122381909e-01
1.650461890032806250e+15,5.531450979668830481e-01
1.650461890034730750e+15,5.540138872624351674e-01
1.650461890036655500e+15,5.548827894170800246e-01
1.650461890038580250e+15,5.557516915717248818e-01
1.650461890040505000e+15,5.566205937263697390e-01
1.650461890042429750e+15,5.574894958810144852e-01
1.650461890044354500e+15,5.583583980356593424e-01
1.650461890046279000e+15,5.573675996894900120e-01
1.650461890048203750e+15,5.563536815845854244e-01
1.650461890050128500e+15,5.553397634796807258e-01
1.650461890052053250e+15,5.543258453747761383e-01
1.650461890053978000e+15,5.533119272698714397e-01
1.650461890055902750e+15,5.522980091649668521e-01
1.650461890057827250e+15,5.522330836388309461e-01
1.650461890059752000e+15,5.522330836388308350e-01
1.650461890061676750e+15,5.522330836388307240e-01
1.650461890063601500e+15,5.522330836388305020e-01
1.650461890065526250e+15,5.522330836388303910e-01
1.650461890067451000e+15,5.522330836388300579e-01
1.650461890069375500e+15,5.522330836388299469e-01
1.650461890071300250e+15,5.522330836388298358e-01
1.650461890073225000e+15,5.522330836388297248e-01
1.650461890075149750e+15,5.522330836388295028e-01
1.650461890077074500e+15,5.522330836388293918e-01
1.650461890078999250e+15,5.526742324664410955e-01
1.650461890080923750e+15,5.536225607755600464e-01
1.650461890082848500e+15,5.545710122761973171e-01
1.650461890084773250e+15,5.555194637768346988e-01
1.650461890086698000e+15,5.564679152774720805e-01
1.650461890088622750e+15,5.574163667781094622e-01
1.650461890090547500e+15,5.583648182787467329e-01
1.650461890092472000e+15,5.583690067903739340e-01
1.650461890094396750e+15,5.583690067903737120e-01
1.650461890096321500e+15,5.583690067903732679e-01
1.650461890098246250e+15,5.583690067903729348e-01
1.650461890100171000e+15,5.583690067903726018e-01
1.650461890102095750e+15,5.583690067903726018e-01
1.650461890104020250e+15,5.583690067903726018e-01
1.650461890105945000e+15,5.583690067903726018e-01
1.650461890107869750e+15,5.583690067903726018e-01
1.650461890109794500e+15,5.583690067903726018e-01
1.650461890111719250e+15,5.583690067903726018e-01
1.650461890113644000e+15,5.583690067903726018e-01
1.650461890115568500e+15,5.583690067903726018e-01
1.650461890117493250e+15,5.583690067903726018e-01
1.650461890119418000e+15,5.583690067903726018e-01
1.650461890121342750e+15,5.583690067903726018e-01
1.650461890123267500e+15,5.583690067903726018e-01
1.650461890125192250e+15,5.583690067903726018e-01
1.650461890127116750e+15,5.583690067903724907e-01
1.650461890129041500e+15,5.583690067903726018e-01
1.650461890130966250e+15,5.583690067903726018e-01
1.650461890132891000e+15,5.583690067903726018e-01
1.650461890134815750e+15,5.583690067903726018e-01
1.650461890136740500e+15,5.591960980241229562e-01
1.650461890138665000e+15,5.601937395655534058e-01
1.650461890140589750e+15,5.611915107044822548e-01
1.650461890142514500e+15,5.621892818434111039e-01
1.650461890144439250e+15,5.631870529823399529e-01
1.650461890146364000e+15,5.641848241212688020e-01
1.650461890148288750e+15,5.651825952601976510e-01
1.650461890150213250e+15,5.661802368016282117e-01
1.650461890152138000e+15,5.671780079405570607e-01
1.650461890154062750e+15,5.681757790794859098e-01
1.650461890155987500e+15,5.691735502184146478e-01
1.650461890157912250e+15,5.701713213573436079e-01
1.650461890159837000e+15,5.706408530934572454e-01
1.650461890161761500e+15,5.706408530934574674e-01
1.650461890163686250e+15,5.706408530934576895e-01
1.650461890165611000e+15,5.706408530934578005e-01
1.650461890167535750e+15,5.706408530934579115e-01
1.650461890169460500e+15,5.706408530934581336e-01
1.650461890171385250e+15,5.700540282282938742e-01
1.650461890173309750e+15,5.692992449681377742e-01
1.650461890175234500e+15,5.685443636587141913e-01
1.650461890177159250e+15,5.677894823492907195e-01
1.650461890179084000e+15,5.670346010398672476e-01
1.650461890181008750e+15,5.662797197304435537e-01
1.650461890182933500e+15,5.655248384210200818e-01
1.650461890184858000e+15,5.647700551608639818e-01
1.650461890186782750e+15,5.645049299419158118e-01
1.650461890188707500e+15,5.645049299419159228e-01
1.650461890190632250e+15,5.645049299419158118e-01
1.650461890192557000e+15,5.645049299419158118e-01
1.650461890194481750e+15,5.645049299419158118e-01
1.650461890196406250e+15,5.645049299419158118e-01
1.650461890198331000e+15,5.645049299419159228e-01
1.650461890200255750e+15,5.645049299419158118e-01
1.650461890202180500e+15,5.645049299419159228e-01
1.650461890204105250e+15,5.645049299419158118e-01
1.650461890206030000e+15,5.645049299419158118e-01
1.650461890207954500e+15,5.645049299419158118e-01
1.650461890209879250e+15,5.645049299419158118e-01
1.650461890211804000e+15,5.645049299419158118e-01
1.650461890213728750e+15,5.645049299419158118e-01
1.650461890215653500e+15,5.645049299419158118e-01
1.650461890217578250e+15,5.645049299419158118e-01
1.650461890219502750e+15,5.645049299419158118e-01
1.650461890221427500e+15,5.645049299419158118e-01
1.650461890223352250e+15,5.645049299419158118e-01
1.650461890225277000e+15,5.645049299419158118e-01
1.650461890227201750e+15,5.645049299419158118e-01
1.650461890229126500e+15,5.645049299419158118e-01
1.650461890231051000e+15,5.645049299419158118e-01
1.650461890232975750e+15,5.645049299419158118e-01
1.650461890234900500e+15,5.645049299419158118e-01
1.650461890236825250e+15,5.645049299419158118e-01
1.650461890238750000e+15,5.645049299419158118e-01
1.650461890240674750e+15,5.645049299419158118e-01
1.650461890242599250e+15,5.645049299419158118e-01
1.650461890244524000e+15,5.645049299419158118e-01
1.650461890246448750e+15,5.645049299419158118e-01
1.650461890248373500e+15,5.645049299419158118e-01
1.650461890250298250e+15,5.645049299419158118e-01
1.650461890252223000e+15,5.645049299419158118e-01
1.650461890254147500e+15,5.645049299419158118e-01
1.650461890256072250e+15,5.645049299419158118e-01
1.650461890257997000e+15,5.645049299419158118e-01
1.650461890259921750e+15,5.645049299419158118e-01
1.650461890261846500e+15,5.645049299419158118e-01
1.650461890263771250e+15,5.645049299419158118e-01
1.650461890265695750e+15,5.645049299419158118e-01
1.650461890267620500e+15,5.645049299419158118e-01
1.650461890269545250e+15,5.645049299419158118e-01
1.650461890271470000e+15,5.645049299419158118e-01
1.650461890273394750e+15,5.645049299419157007e-01
1.650461890275319500e+15,5.645049299419157007e-01
1.650461890277244000e+15,5.645049299419158118e-01
1.650461890279168750e+15,5.645049299419158118e-01
1.650461890281093500e+15,5.645049299419158118e-01
1.650461890283018250e+15,5.645049299419158118e-01
1.650461890284943000e+15,5.645049299419158118e-01
1.650461890286867750e+15,5.645049299419158118e-01
1.650461890288792250e+15,5.645049299419158118e-01
1.650461890290717000e+15,5.645049299419158118e-01
1.650461890292641750e+15,5.645049299419158118e-01
1.650461890294566500e+15,5.645049299419158118e-01
1.650461890296491250e+15,5.645049299419158118e-01
1.650461890298416000e+15,5.645049299419158118e-01
1.650461890300340500e+15,5.645049299419160338e-01
1.650461890302265250e+15,5.645049299419160338e-01
1.650461890304190000e+15,5.645049299419161448e-01
1.650461890306114750e+15,5.645049299419162558e-01
1.650461890308039500e+15,5.645049299419162558e-01
1.650461890309964250e+15,5.645049299419163669e-01
1.650461890311889000e+15,5.645049299419163669e-01
1.650461890313813500e+15,5.645049299419164779e-01
1.650461890315738250e+15,5.645049299419165889e-01
1.650461890317663000e+15,5.645049299419166999e-01
1.650461890319587750e+15,5.645049299419166999e-01
1.650461890321512500e+15,5.645049299419165889e-01
1.650461890323437250e+15,5.645049299419164779e-01
1.650461890325361750e+15,5.645049299419164779e-01
1.650461890327286500e+15,5.645049299419162558e-01
1.650461890329211250e+15,5.645049299419162558e-01
1.650461890331136000e+15,5.645049299419160338e-01
1.650461890333060750e+15,5.645049299419159228e-01
1.650461890334985500e+15,5.645049299419158118e-01
1.650461890336910000e+15,5.645049299419158118e-01
1.650461890338834750e+15,5.645049299419158118e-01
1.650461890340759500e+15,5.645049299419158118e-01
1.650461890342684250e+15,5.645049299419158118e-01
1.650461890344609000e+15,5.645049299419158118e-01
1.650461890346533750e+15,5.645049299419158118e-01
1.650461890348458250e+15,5.645049299419158118e-01
1.650461890350383000e+15,5.645049299419158118e-01
1.650461890352307750e+15,5.645049299419158118e-01
1.650461890354232500e+15,5.641444523833667457e-01
1.650461890356157250e+15,5.622667008791245591e-01
1.650461890358082000e+15,5.603889493748823725e-01
1.650461890360006500e+15,5.585114417661467545e-01
1.650461890361931250e+15,5.566336902619044569e-01
1.650461890363856000e+15,5.547559387576623813e-01
1.650461890365780750e+15,5.528781872534200836e-01
1.650461890367705500e+15,5.527237633161713459e-01
1.650461890369630250e+15,5.534712391443949997e-01
1.650461890371554750e+15,5.542186178852269718e-01
1.650461890373479500e+15,5.549660937134505145e-01
1.650461890375404250e+15,5.557135695416740573e-01
1.650461890377329000e+15,5.564610453698977111e-01
1.650461890379253750e+15,5.572085211981212538e-01
1.650461890381178500e+15,5.579559970263449076e-01
1.650461890383103000e+15,5.579968313882273101e-01
1.650461890385027750e+15,5.571648399767491489e-01
1.650461890386952500e+15,5.563328485652709876e-01
1.650461890388877250e+15,5.555008571537927153e-01
1.650461890390802000e+15,5.546688657423144431e-01
1.650461890392726750e+15,5.538368743308363928e-01
1.650461890394651250e+15,5.530049909842251754e-01
1.650461890396576000e+15,5.522330836388312791e-01
1.650461890398500750e+15,5.522330836388311681e-01
1.650461890400425500e+15,5.522330836388311681e-01
1.650461890402350250e+15,5.522330836388311681e-01
1.650461890404275000e+15,5.522330836388311681e-01
1.650461890406199500e+15,5.522330836388311681e-01
1.650461890408124250e+15,5.522330836388311681e-01
1.650461890410049000e+15,5.521756380518703100e-01
1.650461890411973750e+15,5.516707595427248201e-01
1.650461890413898500e+15,5.511658810335793302e-01
1.650461890415823250e+15,5.506610025244338402e-01
1.650461890417747750e+15,5.501561895924425016e-01
1.650461890419672500e+15,5.496513110832970117e-01
1.650461890421597250e+15,5.491464325741515218e-01
1.650461890423522000e+15,5.486415540650060318e-01
1.650461890425446750e+15,5.481366755558605419e-01
1.650461890427371500e+15,5.476317970467150520e-01
1.650461890429296000e+15,5.471269841147237134e-01
1.650461890431220750e+15,5.466221056055782235e-01
1.650461890433145500e+15,5.461172270964326225e-01
1.650461890435070250e+15,5.460971604872888463e-01
1.650461890436995000e+15,5.460971604872888463e-01
1.650461890438919750e+15,5.460971604872888463e-01
1.650461890440844250e+15,5.460971604872888463e-01
1.650461890442769000e+15,5.460971604872888463e-01
1.650461890444693750e+15,5.460971604872888463e-01
1.650461890446618500e+15,5.460971604872888463e-01
1.650461890448543250e+15,5.460971604872888463e-01
1.650461890450468000e+15,5.460971604872888463e-01
1.650461890452392500e+15,5.460971604872888463e-01
1.650461890454317250e+15,5.460971604872888463e-01
1.650461890456242000e+15,5.460971604872888463e-01
1.650461890458166750e+15,5.460971604872889573e-01
1.650461890460091500e+15,5.460971604872888463e-01
1.650461890462016250e+15,5.451585401103733464e-01
1.650461890463940750e+15,5.441235165232803928e-01
1.650461890465865500e+15,5.430883584826167176e-01
1.650461890467790250e+15,5.420532004419531535e-01
1.650461890469715000e+15,5.410180424012895894e-01
1.650461890471639750e+15,5.399828843606259143e-01
1.650461890473564500e+15,5.408062495528673796e-01
1.650461890475489000e+15,5.416691978212935243e-01
1.650461890477413750e+15,5.425322581900402508e-01
1.650461890479338500e+15,5.433953185587870882e-01
1.650461890481263250e+15,5.442583789275338146e-01
1.650461890483188000e+15,5.451214392962806521e-01
1.650461890485112750e+15,5.459844996650274895e-01
1.650461890487037250e+15,5.460971604872888463e-01
1.650461890488962000e+15,5.460971604872888463e-01
1.650461890490886750e+15,5.460971604872888463e-01
1.650461890492811500e+15,5.460971604872888463e-01
1.650461890494736250e+15,5.460971604872888463e-01
1.650461890496661000e+15,5.460971604872888463e-01
1.650461890498585500e+15,5.460971604872888463e-01
1.650461890500510250e+15,5.460971604872888463e-01
1.650461890502435000e+15,5.460971604872888463e-01
1.650461890504359750e+15,5.460971604872888463e-01
1.650461890506284500e+15,5.460971604872888463e-01
1.650461890508209250e+15,5.460971604872888463e-01
1.650461890510133750e+15,5.460971604872888463e-01
1.650461890512058500e+15,5.460971604872888463e-01
1.650461890513983250e+15,5.460971604872888463e-01
1.650461890515908000e+15,5.460971604872888463e-01
1.650461890517832750e+15,5.460971604872888463e-01
1.650461890519757500e+15,5.460971604872888463e-01
1.650461890521682000e+15,5.460971604872888463e-01
1.650461890523606750e+15,5.460971604872889573e-01
1.650461890525531500e+15,5.460971604872888463e-01
1.650461890527456250e+15,5.460971604872888463e-01
1.650461890529381000e+15,5.460971604872888463e-01
1.650461890531305750e+15,5.460971604872888463e-01
1.650461890533230250e+15,5.460971604872888463e-01
1.650461890535155000e+15,5.460971604872888463e-01
1.650461890537079750e+15,5.460971604872888463e-01
1.650461890539004500e+15,5.460971604872888463e-01
1.650461890540929250e+15,5.460971604872888463e-01
1.650461890542854000e+15,5.458337445043381919e-01
1.650461890544778500e+15,5.450502142737534417e-01
1.650461890546703250e+15,5.442665822595585956e-01
1.650461890548628000e+15,5.434829502453637495e-01
1.650461890550552750e+15,5.426993182311687924e-01
1.650461890552477500e+15,5.419156862169739464e-01
1.650461890554402250e+15,5.411320542027791003e-01
1.650461890556326750e+15,5.403485239721943501e-01
1.650461890558251500e+15,5.399612373357465245e-01
1.650461890560176250e+15,5.399612373357465245e-01
1.650461890562101000e+15,5.399612373357465245e-01
1.650461890564025750e+15,5.399612373357465245e-01
1.650461890565950500e+15,5.399612373357465245e-01
1.650461890567875000e+15,5.399612373357465245e-01
1.650461890569799750e+15,5.399612373357465245e-01
1.650461890571724500e+15,5.399612373357465245e-01
1.650461890573649250e+15,5.399612373357465245e-01
1.650461890575574000e+15,5.399612373357465245e-01
1.650461890577498750e+15,5.399612373357465245e-01
1.650461890579423250e+15,5.399612373357465245e-01
1.650461890581348000e+15,5.399612373357465245e-01
1.650461890583272750e+15,5.399612373357465245e-01
1.650461890585197500e+15,5.399612373357465245e-01
1.650461890587122250e+15,5.399612373357466355e-01
1.650461890589047000e+15,5.399612373357465245e-01
1.650461890590971500e+15,5.399612373357465245e-01
1.650461890592896250e+15,5.399612373357465245e-01
1.650461890594821000e+15,5.399612373357465245e-01
1.650461890596745750e+15,5.399612373357465245e-01
1.650461890598670500e+15,5.399612373357465245e-01
1.650461890600595250e+15,5.399612373357465245e-01
1.650461890602519750e+15,5.399612373357465245e-01
1.650461890604444500e+15,5.399612373357465245e-01
1.650461890606369250e+15,5.395709492916249683e-01
1.650461890608294000e+15,5.388850721741423877e-01
1.650461890610218750e+15,5.381991950566598071e-01
1.650461890612143500e+15,5.375133179391771154e-01
1.650461890614068000e+15,5.368275299082145846e-01
1.650461890615992750e+15,5.361416527907321150e-01
1.650461890617917500e+15,5.354557756732494234e-01
1.650461890619842250e+15,5.347698985557668427e-01
1.650461890621767000e+15,5.340840214382842621e-01
1.650461890623691750e+15,5.338253141842033145e-01
1.650461890625616250e+15,5.338253141842033145e-01
1.650461890627541000e+15,5.338253141842033145e-01
1.650461890629465750e+15,5.338253141842033145e-01
1.650461890631390500e+15,5.338253141842033145e-01
1.650461890633315250e+15,5.338253141842033145e-01
1.650461890635240000e+15,5.342068792066734240e-01
1.650461890637164500e+15,5.349889046441003160e-01
1.650461890639089250e+15,5.357710316696586705e-01
1.650461890641014000e+15,5.365531586952172471e-01
1.650461890642938750e+15,5.373352857207756017e-01
1.650461890644863500e+15,5.381174127463341783e-01
1.650461890646788250e+15,5.388995397718925329e-01
1.650461890648712750e+15,5.396815652093194249e-01
1.650461890650637500e+15,5.399612373357465245e-01
1.650461890652562250e+15,5.399612373357466355e-01
1.650461890654487000e+15,5.399612373357465245e-01
1.650461890656411750e+15,5.399612373357465245e-01
1.650461890658336500e+15,5.399612373357465245e-01
1.650461890660261000e+15,5.399380991875973868e-01
1.650461890662185750e+15,5.391832661257327519e-01
1.650461890664110500e+15,5.384284330638681171e-01
1.650461890666035250e+15,5.376736000020034822e-01
1.650461890667960000e+15,5.369187669401387364e-01
1.650461890669884750e+15,5.361639338782741016e-01
1.650461890671809500e+15,5.354091008164094667e-01
1.650461890673734000e+15,5.346543657975454389e-01
1.650461890675658750e+15,5.338995327356808041e-01
1.650461890677583500e+15,5.338253141842024263e-01
1.650461890679508250e+15,5.338253141842024263e-01
1.650461890681433000e+15,5.338253141842024263e-01
1.650461890683357750e+15,5.338253141842024263e-01
1.650461890685282250e+15,5.338253141842024263e-01
1.650461890687207000e+15,5.338253141842024263e-01
1.650461890689131750e+15,5.338253141842024263e-01
1.650461890691056500e+15,5.338253141842024263e-01
1.650461890692981250e+15,5.338253141842024263e-01
1.650461890694906000e+15,5.335615010790452084e-01
1.650461890696830500e+15,5.329147388868475943e-01
1.650461890698755250e+15,5.322678926777375530e-01
1.650461890700680000e+15,5.316210464686275117e-01
1.650461890702604750e+15,5.309742002595174704e-01
1.650461890704529500e+15,5.303273540504074290e-01
1.650461890706454250e+15,5.296805078412973877e-01
1.650461890708378750e+15,5.290337456490998846e-01
1.650461890710303500e+15,5.283868994399898433e-01
1.650461890712228250e+15,5.277400532308799130e-01
1.650461890714153000e+15,5.285552829800657104e-01
1.650461890716077750e+15,5.294947562189433743e-01
1.650461890718002500e+15,5.304342294578210382e-01
1.650461890719927000e+15,5.313735806713396626e-01
1.650461890721851750e+15,5.323130539102173264e-01
1.650461890723776500e+15,5.332525271490949903e-01
1.650461890725701250e+15,5.331344940821548528e-01
1.650461890727626000e+15,5.313645693015677240e-01
1.650461890729550750e+15,5.295946445209804843e-01
1.650461890731475250e+15,5.278249496306104405e-01
1.650461890733400000e+15,5.260550248500233117e-01
1.650461890735324750e+15,5.242851000694361829e-01
1.650461890737249500e+15,5.225151752888490542e-01
1.650461890739174250e+15,5.207452505082619254e-01
1.650461890741099000e+15,5.189753257276746856e-01
1.650461890743023500e+15,5.172056308373046418e-01
1.650461890744948250e+15,5.154357060567174020e-01
1.650461890746873000e+15,5.154175447295754608e-01
1.650461890748797750e+15,5.154175447295754608e-01
1.650461890750722500e+15,5.154175447295754608e-01
1.650461890752647250e+15,5.154175447295754608e-01
1.650461890754571750e+15,5.154175447295754608e-01
1.650461890756496500e+15,5.154175447295754608e-01
1.650461890758421250e+15,5.154175447295754608e-01
1.650461890760346000e+15,5.155610750956934885e-01
1.650461890762270750e+15,5.161048941354287045e-01
1.650461890764195500e+15,5.166487131751640316e-01
1.650461890766120000e+15,5.171924615798766389e-01
1.650461890768044750e+15,5.177362806196118550e-01
1.650461890769969500e+15,5.182800996593471821e-01
1.650461890771894250e+15,5.188239186990823981e-01
1.650461890773819000e+15,5.193677377388177252e-01
1.650461890775743750e+15,5.199115567785530523e-01
1.650461890777668250e+15,5.204553051832655486e-01
1.650461890779593000e+15,5.209991242230008757e-01
1.650461890781517750e+15,5.215429432627360917e-01
1.650461890783442500e+15,5.215534678811177827e-01
1.650461890785367250e+15,5.215534678811177827e-01
1.650461890787292000e+15,5.215534678811177827e-01
1.650461890789216500e+15,5.215534678811177827e-01
1.650461890791141250e+15,5.215534678811177827e-01
1.650461890793066000e+15,5.215534678811177827e-01
1.650461890794990750e+15,5.215534678811177827e-01
1.650461890796915500e+15,5.215534678811177827e-01
1.650461890798840250e+15,5.215534678811177827e-01
1.650461890800764750e+15,5.212065881703493719e-01
1.650461890802689500e+15,5.206444692704954580e-01
1.650461890804614250e+15,5.200823503706415440e-01
1.650461890806539000e+15,5.195202314707876301e-01
1.650461890808463750e+15,5.189581125709337162e-01
1.650461890810388500e+15,5.183959936710798022e-01
1.650461890812313000e+15,5.178339477831623849e-01
1.650461890814237750e+15,5.172718288833084710e-01
1.650461890816162500e+15,5.167097099834545570e-01
1.650461890818087250e+15,5.161475910836006431e-01
1.650461890820012000e+15,5.155854721837467292e-01
1.650461890821936750e+15,5.154175447295754608e-01
1.650461890823861250e+15,5.154175447295754608e-01
1.650461890825786000e+15,5.154175447295754608e-01
1.650461890827710750e+15,5.154175447295754608e-01
1.650461890829635500e+15,5.154175447295754608e-01
1.650461890831560250e+15,5.154175447295754608e-01
1.650461890833485000e+15,5.154175447295754608e-01
1.650461890835409500e+15,5.154175447295754608e-01
1.650461890837334250e+15,5.154175447295754608e-01
1.650461890839259000e+15,5.154175447295754608e-01
1.650461890841183750e+15,5.154175447295754608e-01
1.650461890843108500e+15,5.154175447295754608e-01
1.650461890845033250e+15,5.154175447295754608e-01
1.650461890846957750e+15,5.154175447295754608e-01
1.650461890848882500e+15,5.154175447295754608e-01
1.650461890850807250e+15,5.154175447295754608e-01
1.650461890852732000e+15,5.154175447295754608e-01
1.650461890854656750e+15,5.154175447295754608e-01
1.650461890856581500e+15,5.154175447295754608e-01
1.650461890858506000e+15,5.154175447295754608e-01
1.650461890860430750e+15,5.154175447295754608e-01
1.650461890862355500e+15,5.154175447295754608e-01
1.650461890864280250e+15,5.154175447295754608e-01
1.650461890866205000e+15,5.154175447295754608e-01
1.650461890868129750e+15,5.154175447295754608e-01
1.650461890870054250e+15,5.154175447295754608e-01
1.650461890871979000e+15,5.154175447295754608e-01
1.650461890873903750e+15,5.154175447295754608e-01
1.650461890875828500e+15,5.154175447295754608e-01
1.650461890877753250e+15,5.154175447295754608e-01
1.650461890879678000e+15,5.154175447295754608e-01
1.650461890881602500e+15,5.154175447295754608e-01
1.650461890883527250e+15,5.154175447295754608e-01
1.650461890885452000e+15,5.154175447295754608e-01
1.650461890887376750e+15,5.154175447295754608e-01
1.650461890889301500e+15,5.154175447295754608e-01
1.650461890891226250e+15,5.154175447295754608e-01
1.650461890893150750e+15,5.154175447295754608e-01
1.650461890895075500e+15,5.154175447295754608e-01
1.650461890897000250e+15,5.154175447295754608e-01
1.650461890898925000e+15,5.154175447295754608e-01
1.650461890900849750e+15,5.154175447295754608e-01
1.650461890902774500e+15,5.154175447295754608e-01
1.650461890904699000e+15,5.154175447295754608e-01
1.650461890906623750e+15,5.154175447295754608e-01
1.650461890908548500e+15,5.154175447295754608e-01
1.650461890910473250e+15,5.154175447295754608e-01
1.650461890912398000e+15,5.154175447295754608e-01
1.650461890914322750e+15,5.154175447295754608e-01
1.650461890916247250e+15,5.154175447295754608e-01
1.650461890918172000e+15,5.154175447295754608e-01
1.650461890920096750e+15,5.154175447295754608e-01
1.650461890922021500e+15,5.154175447295754608e-01
1.650461890923946250e+15,5.154175447295754608e-01
1.650461890925871000e+15,5.154175447295754608e-01
1.650461890927795500e+15,5.154175447295754608e-01
1.650461890929720250e+15,5.154175447295754608e-01
1.650461890931645000e+15,5.154175447295752388e-01
1.650461890933569750e+15,5.154175447295751278e-01
1.650461890935494500e+15,5.154175447295751278e-01
1.650461890937419250e+15,5.154175447295750168e-01
1.650461890939343750e+15,5.154175447295749057e-01
1.650461890941268500e+15,5.154175447295746837e-01
1.650461890943193250e+15,5.154175447295746837e-01
1.650461890945118000e+15,5.150525062078598060e-01
1.650461890947042750e+15,5.146021165317888890e-01
1.650461890948967500e+15,5.141517268557179721e-01
1.650461890950892000e+15,5.137013956794101999e-01
1.650461890952816750e+15,5.132510060033392829e-01
1.650461890954741500e+15,5.128006163272683660e-01
1.650461890956666250e+15,5.123502266511974490e-01
1.650461890958591000e+15,5.118998369751265320e-01
1.650461890960515750e+15,5.114494472990557261e-01
1.650461890962440250e+15,5.109991161227478429e-01
1.650461890964365000e+15,5.105487264466770370e-01
1.650461890966289750e+15,5.100983367706061200e-01
1.650461890968214500e+15,5.096479470945352030e-01
1.650461890970139250e+15,5.095908710718863865e-01
1.650461890972064000e+15,5.112477338785545999e-01
1.650461890973988500e+15,5.129043814802862755e-01
1.650461890975913250e+15,5.145612442869544889e-01
1.650461890977838000e+15,5.148023648534497676e-01
1.650461890979762750e+15,5.135291740291796359e-01
1.650461890981687500e+15,5.122559832049096151e-01
1.650461890983612250e+15,5.109827923806394834e-01
1.650461890985536750e+15,5.097097669273038534e-01
1.650461890987461500e+15,5.084365761030338327e-01
1.650461890989386250e+15,5.071633852787637009e-01
1.650461890991311000e+15,5.058901944544935692e-01
1.650461890993235750e+15,5.046170036302235484e-01
1.650461890995160500e+15,5.033438128059534167e-01
1.650461890997085000e+15,5.026445486918085237e-01
1.650461890999009750e+15,5.020509561060659820e-01
1.650461891000934500e+15,5.014573635203234403e-01
1.650461891002859250e+15,5.008637709345808986e-01
1.650461891004784000e+15,5.002701783488384679e-01
1.650461891006708750e+15,4.996765857630959262e-01
1.650461891008633250e+15,4.990830702773126348e-01
1.650461891010558000e+15,4.984894776915700931e-01
1.650461891012482750e+15,4.978958851058276069e-01
1.650461891014407500e+15,4.973022925200851208e-01
1.650461891016332250e+15,4.974703823473585196e-01
1.650461891018257000e+15,4.983785036919129441e-01
1.650461891020181750e+15,4.992866250364672576e-01
1.650461891022106250e+15,5.001946284278661059e-01
1.650461891024031000e+15,5.011027497724204194e-01
1.650461891025955750e+15,5.020108711169748439e-01
1.650461891027880500e+15,5.029189924615290463e-01
1.650461891029805250e+15,5.027280629577302040e-01
1.650461891031730000e+15,5.021714807396271407e-01
1.650461891033654500e+15,5.016149708143176067e-01
1.650461891035579250e+15,5.010583885962145434e-01
1.650461891037504000e+15,5.005018063781114801e-01
1.650461891039428750e+15,4.999452241600084168e-01
1.650461891041353500e+15,4.993886419419052425e-01
1.650461891043278250e+15,4.988320597238021792e-01
1.650461891045202750e+15,4.982755497984927562e-01
1.650461891047127500e+15,4.977189675803896929e-01
1.650461891049052250e+15,4.971623853622866296e-01
1.650461891050977000e+15,4.957644048488689670e-01
1.650461891052901750e+15,4.940485661032737452e-01
1.650461891054826500e+15,4.923327273576785235e-01
1.650461891056751000e+15,4.906171114772275299e-01
1.650461891058675750e+15,4.889012727316323637e-01
1.650461891060600500e+15,4.871854339860370864e-01
1.650461891062525250e+15,4.854695952404418646e-01
1.650461891064450000e+15,4.859103171960414969e-01
1.650461891066374750e+15,4.879542974809033540e-01
1.650461891068299250e+15,4.899980122793013981e-01
1.650461891070224000e+15,4.920419925641633663e-01
1.650461891072148750e+15,4.940859728490252234e-01
1.650461891074073500e+15,4.961299531338870250e-01
1.650461891075998250e+15,4.970097752749484954e-01
1.650461891077923000e+15,4.970097752749484954e-01
1.650461891079847500e+15,4.970097752749484954e-01
1.650461891081772250e+15,4.970097752749485509e-01
1.650461891083697000e+15,4.970097752749484954e-01
1.650461891085621750e+15,4.972226097698333458e-01
1.650461891087546500e+15,4.981758458234216147e-01
1.650461891089471250e+15,4.991290818770098836e-01
1.650461891091395750e+15,5.000821941176285534e-01
1.650461891093320500e+15,5.010354301712167668e-01
1.650461891095245250e+15,5.019886662248050913e-01
1.650461891097170000e+15,5.029419022783933046e-01
1.650461891099094750e+15,5.038951383319815180e-01
1.650461891101019500e+15,5.048483743855698425e-01
1.650461891102944000e+15,5.058014866261884013e-01
1.650461891104868750e+15,5.067547226797767257e-01
1.650461891106793500e+15,5.077079587333650501e-01
1.650461891108718250e+15,5.086611947869532635e-01
1.650461891110643000e+15,5.080090838547606236e-01
1.650461891112567750e+15,5.043642669159653646e-01
1.650461891114492250e+15,5.007199233915016201e-01
1.650461891116417000e+15,4.970751064527062502e-01
1.650461891118341750e+15,4.934302895139109912e-01
1.650461891120266500e+15,4.897854725751156213e-01
1.650461891122191250e+15,4.861406556363203624e-01
1.650461891124116000e+15,4.841226216955508144e-01
1.650461891126040500e+15,4.831224875289422682e-01
1.650461891127965250e+15,4.821222234410338370e-01
1.650461891129890000e+15,4.811219593531255168e-01
1.650461891131814750e+15,4.801216952652170855e-01
1.650461891133739500e+15,4.791214311773086543e-01
1.650461891135664250e+15,4.788938359270311640e-01
1.650461891137588750e+15,4.795008362408556546e-01
1.650461891139513500e+15,4.801079154063707111e-01
1.650461891141438250e+15,4.807149945718857120e-01
1.650461891143363000e+15,4.813220737374007685e-01
1.650461891145287750e+15,4.819291529029158250e-01
1.650461891147212500e+15,4.825362320684308259e-01
1.650461891149137000e+15,4.831432323822553165e-01
1.650461891151061750e+15,4.837503115477703175e-01
1.650461891152986500e+15,4.843573907132853740e-01
1.650461891154911250e+15,4.840775863282299474e-01
1.650461891156836000e+15,4.823080151436433538e-01
1.650461891158760750e+15,4.805384439590567047e-01
1.650461891160685250e+15,4.787691026187594900e-01
1.650461891162610000e+15,4.769995314341728965e-01
1.650461891164534750e+15,4.752299602495863029e-01
1.650461891166459500e+15,4.734603890649996538e-01
1.650461891168384250e+15,4.740145241464179260e-01
1.650461891170309000e+15,4.775489003504976848e-01
1.650461891172233500e+15,4.810828174850613204e-01
1.650461891174158250e+15,4.846171936891410237e-01
1.650461891176083000e+15,4.881515698932206715e-01
1.650461891178007750e+15,4.916859460973004303e-01
1.650461891179932500e+15,4.952203223013801336e-01
1.650461891181857250e+15,4.962006355337947316e-01
1.650461891183781750e+15,4.945619200043546160e-01
1.650461891185706500e+15,4.929229915994234323e-01
1.650461891187631250e+15,4.912840631944923597e-01
1.650461891189556000e+15,4.896451347895612316e-01
1.650461891191480750e+15,4.880062063846301035e-01
1.650461891193405500e+15,4.863672779796989754e-01
1.650461891195330000e+15,4.847379289718611872e-01
1.650461891197254750e+15,4.847379289718614648e-01
1.650461891199179500e+15,4.847379289718617423e-01
1.650461891201104250e+15,4.847379289718619644e-01
1.650461891203029000e+15,4.847379289718622974e-01
1.650461891204953750e+15,4.847379289718625195e-01
1.650461891206878250e+15,4.847379289718627970e-01
1.650461891208803000e+15,4.847379289718630746e-01
1.650461891210727750e+15,4.847379289718632966e-01
1.650461891212652500e+15,4.847379289718636297e-01
1.650461891214577250e+15,4.841268813952207539e-01
1.650461891216502000e+15,4.817376202004134966e-01
1.650461891218426500e+15,4.793486693395710985e-01
1.650461891220351250e+15,4.769594081447639522e-01
1.650461891222276000e+15,4.745701469499567504e-01
1.650461891224200750e+15,4.725553681424667363e-01
1.650461891226125500e+15,4.733033647278064859e-01
1.650461891228050250e+15,4.740513613131462911e-01
1.650461891229974750e+15,4.747992607434547985e-01
1.650461891231899500e+15,4.755472573287945481e-01
1.650461891233824250e+15,4.762952539141342978e-01
1.650461891235749000e+15,4.770432504994740475e-01
1.650461891237673750e+15,4.777912470848137971e-01
1.650461891239598500e+15,4.785392436701535468e-01
1.650461891241523000e+15,4.796747579540134865e-01
1.650461891243447750e+15,4.808459319014479760e-01
1.650461891245372500e+15,4.820171058488824656e-01
1.650461891247297250e+15,4.831882797963169551e-01
1.650461891249222000e+15,4.843594537437514447e-01
1.650461891251146750e+15,4.841334085237275486e-01
1.650461891253071250e+15,4.832403748622936535e-01
1.650461891254996000e+15,4.823472251923299758e-01
1.650461891256920750e+15,4.814540755223662982e-01
1.650461891258845500e+15,4.805609258524026761e-01
1.650461891260770250e+15,4.796677761824390540e-01
1.650461891262695000e+15,4.787746265124753764e-01
1.650461891264619500e+15,4.781438698758784800e-01
1.650461891266544250e+15,4.775758845882369652e-01
1.650461891268469000e+15,4.770078993005955059e-01
1.650461891270393750e+15,4.764399140129540466e-01
1.650461891272318500e+15,4.758719287253124763e-01
1.650461891274243250e+15,4.753039434376710171e-01
1.650461891276167750e+15,4.747360319239336546e-01
1.650461891278092500e+15,4.741680466362921953e-01
1.650461891280017250e+15,4.736000613486507360e-01
1.650461891281942000e+15,4.730320760610091657e-01
1.650461891283866750e+15,4.724660826687783199e-01
1.650461891285791500e+15,4.724660826687783199e-01
1.650461891287716000e+15,4.724660826687783755e-01
1.650461891289640750e+15,4.724660826687783199e-01
1.650461891291565500e+15,4.724660826687783199e-01
1.650461891293490250e+15,4.724660826687783199e-01
1.650461891295415000e+15,4.731570198490953061e-01
1.650461891297339750e+15,4.738991411313582258e-01
1.650461891299264250e+15,4.746411660217153550e-01
1.650461891301189000e+15,4.753832873039781637e-01
1.650461891303113750e+15,4.761254085862410279e-01
1.650461891305038500e+15,4.768675298685038366e-01
1.650461891306963250e+15,4.776096511507667008e-01
1.650461891308888000e+15,4.783517724330296206e-01
1.650461891310812500e+15,4.786020058203206973e-01
1.650461891312737250e+15,4.786020058203206418e-01
1.650461891314662000e+15,4.786020058203206418e-01
1.650461891316586750e+15,4.786020058203206418e-01
1.650461891318511500e+15,4.786020058203206973e-01
1.650461891320436250e+15,4.786020058203206418e-01
1.650461891322360750e+15,4.786020058203206418e-01
1.650461891324285500e+15,4.786020058203206973e-01
1.650461891326210250e+15,4.774486578639240975e-01
1.650461891328135000e+15,4.761803210668525965e-01
1.650461891330059750e+15,4.749119842697810956e-01
1.650461891331984500e+15,4.736436474727095947e-01
1.650461891333909000e+15,4.723754754160975344e-01
1.650461891335833750e+15,4.711071386190260890e-01
1.650461891337758500e+15,4.698388018219545881e-01
1.650461891339683250e+15,4.685704650248830871e-01
1.650461891341608000e+15,4.673021282278115862e-01
1.650461891343532750e+15,4.659156448439492615e-01
1.650461891345457250e+15,4.641419183542543347e-01
1.650461891347382000e+15,4.623679614506220892e-01
1.650461891349306750e+15,4.605940045469897326e-01
1.650461891351231500e+15,4.588200476433574870e-01
1.650461891353156250e+15,4.570460907397251860e-01
1.650461891355081000e+15,4.552721338360929404e-01
1.650461891357005500e+15,4.543008043223056847e-01
1.650461891358930250e+15,4.550690919937819823e-01
1.650461891360855000e+15,4.558373796652581689e-01
1.650461891362779750e+15,4.566056673367344665e-01
1.650461891364704500e+15,4.573739550082106531e-01
1.650461891366629250e+15,4.581422426796869507e-01
1.650461891368553750e+15,4.589104305605836709e-01
1.650461891370478500e+15,4.596787182320599130e-01
1.650461891372403250e+15,4.609147877492290601e-01
1.650461891374328000e+15,4.631048884605746263e-01
1.650461891376252750e+15,4.652949891719202480e-01
1.650461891378177500e+15,4.674850898832657586e-01
1.650461891380102250e+15,4.696751905946113803e-01
1.650461891382026750e+15,4.718650068403495990e-01
1.650461891383951500e+15,4.714719819671507328e-01
1.650461891385876250e+15,4.701018456796765554e-01
1.650461891387801000e+15,4.687317093922023781e-01
1.650461891389725750e+15,4.673615731047282007e-01
1.650461891391650500e+15,4.659914368172540233e-01
1.650461891393575000e+15,4.646214784926694374e-01
1.650461891395499750e+15,4.632513422051953711e-01
1.650461891397424500e+15,4.618812059177211937e-01
1.650461891399349250e+15,4.605110696302469053e-01
1.650461891401274000e+15,4.591409333427727280e-01
1.650461891403198750e+15,4.577707970552985506e-01
1.650461891405123250e+15,4.564008387307140757e-01
1.650461891407048000e+15,4.550307024432398983e-01
1.650461891408972750e+15,4.540583132141504663e-01
1.650461891410897500e+15,4.540583132141502998e-01
1.650461891412822250e+15,4.540583132141502443e-01
1.650461891414747000e+15,4.540583132141500222e-01
1.650461891416671500e+15,4.540583132141499112e-01
1.650461891418596250e+15,4.540583132141498002e-01
1.650461891420521000e+15,4.540583132141496892e-01
1.650461891422445750e+15,4.540583132141495781e-01
1.650461891424370500e+15,4.540583132141495781e-01
1.650461891426295250e+15,4.540583132141495781e-01
1.650461891428219750e+15,4.540583132141495781e-01
1.650461891430144500e+15,4.540583132141495226e-01
1.650461891432069250e+15,4.540583132141495781e-01
1.650461891433994000e+15,4.540583132141495781e-01
1.650461891435918750e+15,4.540583132141495781e-01
1.650461891437843500e+15,4.540583132141495226e-01
1.650461891439768000e+15,4.540583132141495226e-01
1.650461891441692750e+15,4.540583132141494671e-01
1.650461891443617500e+15,4.540583132141495226e-01
1.650461891445542250e+15,4.540583132141495226e-01
1.650461891447467000e+15,4.540583132141495226e-01
1.650461891449391750e+15,4.540583132141495781e-01
1.650461891451316250e+15,4.540583132141494671e-01
1.650461891453241000e+15,4.540583132141495226e-01
1.650461891455165750e+15,4.540583132141495781e-01
1.650461891457090500e+15,4.532465380049896519e-01
1.650461891459015250e+15,4.520040216361383978e-01
1.650461891460940000e+15,4.507615052672871991e-01
1.650461891462864500e+15,4.495191502851574317e-01
1.650461891464789250e+15,4.482766339163062330e-01
1.650461891466714000e+15,4.485667486260295211e-01
1.650461891468638750e+15,4.494680779464851894e-01
1.650461891470563500e+15,4.503694072669408577e-01
1.650461891472488250e+15,4.512707365873965815e-01
1.650461891474412750e+15,4.521719488368923789e-01
1.650461891476337500e+15,4.530732781573480472e-01
1.650461891478262250e+15,4.539746074778037710e-01
1.650461891480187000e+15,4.535822078980623617e-01
1.650461891482111750e+15,4.530573604140196164e-01
1.650461891484036500e+15,4.525325129299768157e-01
1.650461891485961000e+15,4.520077336167982462e-01
1.650461891487885750e+15,4.514828861327555010e-01
1.650461891489810500e+15,4.509580386487127002e-01
1.650461891491735250e+15,4.504331911646699549e-01
1.650461891493660000e+15,4.499083436806271541e-01
1.650461891495584750e+15,4.493834961965843533e-01
1.650461891497509250e+15,4.488587168834058394e-01
1.650461891499434000e+15,4.483338693993629831e-01
1.650461891501358750e+15,4.479223900626072008e-01
1.650461891503283500e+15,4.479223900626072008e-01
1.650461891505208250e+15,4.479223900626072563e-01
1.650461891507133000e+15,4.479223900626072563e-01
1.650461891509057500e+15,4.479223900626072563e-01
1.650461891510982250e+15,4.479223900626072563e-01
1.650461891512907000e+15,4.479223900626072563e-01
1.650461891514831750e+15,4.479223900626072563e-01
1.650461891516756500e+15,4.479223900626072563e-01
1.650461891518681250e+15,4.479223900626072008e-01
1.650461891520605750e+15,4.479223900626072563e-01
1.650461891522530500e+15,4.479223900626072563e-01
1.650461891524455250e+15,4.479223900626072563e-01
1.650461891526380000e+15,4.479223900626072563e-01
1.650461891528304750e+15,4.479223900626072563e-01
1.650461891530229500e+15,4.479223900626072563e-01
1.650461891532154000e+15,4.479223900626073118e-01
1.650461891534078750e+15,4.479223900626073118e-01
1.650461891536003500e+15,4.479223900626072563e-01
1.650461891537928250e+15,4.479223900626072563e-01
1.650461891539853000e+15,4.479223900626072563e-01
1.650461891541777750e+15,4.479223900626072563e-01
1.650461891543702250e+15,4.479223900626072563e-01
1.650461891545627000e+15,4.479223900626072563e-01
1.650461891547551750e+15,4.479223900626072563e-01
1.650461891549476500e+15,4.479223900626072563e-01
1.650461891551401250e+15,4.479223900626072563e-01
1.650461891553326000e+15,4.479223900626073118e-01
1.650461891555250500e+15,4.479223900626072563e-01
1.650461891557175250e+15,4.479223900626073118e-01
1.650461891559100000e+15,4.479223900626073118e-01
1.650461891561024750e+15,4.479223900626073673e-01
1.650461891562949500e+15,4.479223900626073118e-01
1.650461891564874250e+15,4.479223900626073673e-01
1.650461891566798750e+15,4.479223900626072563e-01
1.650461891568723500e+15,4.479223900626073118e-01
1.650461891570648250e+15,4.479223900626072563e-01
1.650461891572573000e+15,4.479223900626072563e-01
1.650461891574497750e+15,4.479223900626073118e-01
1.650461891576422500e+15,4.479223900626073673e-01
1.650461891578347000e+15,4.479223900626072563e-01
1.650461891580271750e+15,4.479223900626073118e-01
1.650461891582196500e+15,4.479223900626073118e-01
1.650461891584121250e+15,4.479223900626073118e-01
1.650461891586046000e+15,4.479223900626072563e-01
1.650461891587970750e+15,4.479223900626072563e-01
1.650461891589895250e+15,4.479223900626073118e-01
1.650461891591820000e+15,4.479223900626072563e-01
1.650461891593744750e+15,4.479223900626072563e-01
1.650461891595669500e+15,4.479223900626072563e-01
1.650461891597594250e+15,4.479223900626073118e-01
1.650461891599519000e+15,4.479223900626072563e-01
1.650461891601443500e+15,4.479223900626072563e-01
1.650461891603368250e+15,4.479223900626072563e-01
1.650461891605293000e+15,4.479223900626072563e-01
1.650461891607217750e+15,4.479223900626072563e-01
1.650461891609142500e+15,4.479223900626072563e-01
1.650461891611067250e+15,4.479223900626072563e-01
1.650461891612991750e+15,4.479223900626072563e-01
1.650461891614916500e+15,4.479223900626072563e-01
1.650461891616841250e+15,4.479223900626072563e-01
1.650461891618766000e+15,4.479223900626072563e-01
1.650461891620690750e+15,4.479223900626072563e-01
1.650461891622615500e+15,4.479223900626072008e-01
1.650461891624540000e+15,4.479223900626072563e-01
1.650461891626464750e+15,4.479223900626072563e-01
1.650461891628389500e+15,4.479223900626072563e-01
1.650461891630314250e+15,4.479223900626072563e-01
1.650461891632239000e+15,4.479223900626072563e-01
1.650461891634163750e+15,4.479223900626072563e-01
1.650461891636088250e+15,4.479223900626072563e-01
1.650461891638013000e+15,4.479223900626072563e-01
1.650461891639937750e+15,4.479223900626073118e-01
1.650461891641862500e+15,4.479223900626072563e-01
1.650461891643787250e+15,4.479223900626072563e-01
1.650461891645712000e+15,4.479223900626073118e-01
1.650461891647636500e+15,4.465150450029455320e-01
1.650461891649561250e+15,4.432651500976259595e-01
1.650461891651486000e+15,4.400152551923063315e-01
1.650461891653410750e+15,4.367653602869867036e-01
1.650461891655335500e+15,4.335154653816671311e-01
1.650461891657260250e+15,4.302655704763475031e-01
1.650461891659184750e+15,4.270160976901220540e-01
1.650461891661109500e+15,4.237662027848024260e-01
1.650461891663034250e+15,4.205163078794827980e-01
1.650461891664959000e+15,4.172664129741632255e-01
1.650461891666883750e+15,4.177158873819219465e-01
1.650461891668808500e+15,4.181924669423081609e-01
1.650461891670733000e+15,4.186689846012058291e-01
1.650461891672657750e+15,4.191455641615920436e-01
1.650461891674582500e+15,4.196221437219783135e-01
1.650461891676507250e+15,4.200987232823645279e-01
1.650461891678432000e+15,4.205753028427506868e-01
1.650461891680356750e+15,4.210518824031369567e-01
1.650461891682281250e+15,4.215284000620346250e-01
1.650461891684206000e+15,4.220049796224208394e-01
1.650461891686130750e+15,4.224815591828070538e-01
1.650461891688055500e+15,4.229581387431933237e-01
1.650461891689980250e+15,4.236788601835800860e-01
1.650461891691905000e+15,4.262323992291869867e-01
1.650461891693829500e+15,4.287856066032722513e-01
1.650461891695754250e+15,4.313391456488790965e-01
1.650461891697679000e+15,4.338926846944860527e-01
1.650461891699603750e+15,4.345080352497002751e-01
1.650461891701528500e+15,4.308414354092992005e-01
1.650461891703453250e+15,4.271748355688980148e-01
1.650461891705377750e+15,4.235087119721442361e-01
1.650461891707302500e+15,4.198421121317431060e-01
1.650461891709227250e+15,4.161755122913420868e-01
1.650461891711152000e+15,4.125089124509409566e-01
1.650461891713076750e+15,4.116928150548936904e-01
1.650461891715001500e+15,4.126415713278637765e-01
1.650461891716926000e+15,4.135902043697294861e-01
1.650461891718850750e+15,4.145389606426995721e-01
1.650461891720775500e+15,4.154877169156697136e-01
1.650461891722700250e+15,4.164364731886397997e-01
1.650461891724625000e+15,4.173852294616098857e-01
1.650461891726549750e+15,4.183339857345800272e-01
1.650461891728474500e+15,4.192827420075501688e-01
1.650461891730399000e+15,4.202313750494158229e-01
1.650461891732323750e+15,4.211801313223859089e-01
1.650461891734248500e+15,4.221288875953560504e-01
1.650461891736173250e+15,4.230776438683261365e-01
1.650461891738098000e+15,4.220448231870804201e-01
1.650461891740022750e+15,4.200909613149766964e-01
1.650461891741947250e+15,4.181373532241265956e-01
1.650461891743872000e+15,4.161834913520228163e-01
1.650461891745796750e+15,4.142296294799190925e-01
1.650461891747721500e+15,4.122757676078153688e-01
1.650461891749646250e+15,4.101036578819853839e-01
1.650461891751571000e+15,4.076065401981008307e-01
1.650461891753495500e+15,4.051097468573366944e-01
1.650461891755420250e+15,4.026126291734520857e-01
1.650461891757345000e+15,4.001155114895676435e-01
1.650461891759269750e+15,4.003333023770508370e-01
1.650461891761194500e+15,4.034085870101377092e-01
1.650461891763119250e+15,4.064838716432247478e-01
1.650461891765043750e+15,4.095587568368217468e-01
1.650461891766968500e+15,4.126340414699087300e-01
1.650461891768893250e+15,4.157093261029957132e-01
1.650461891770818000e+15,4.169611091045694606e-01
1.650461891772742750e+15,4.163993110793610675e-01
1.650461891774667500e+15,4.158375130541526743e-01
1.650461891776592000e+15,4.152757879992033940e-01
1.650461891778516750e+15,4.147139899739950009e-01
1.650461891780441500e+15,4.141521919487866077e-01
1.650461891782366250e+15,4.135903939235782145e-01
1.650461891784291000e+15,4.130285958983698213e-01
1.650461891786215750e+15,4.124667978731613172e-01
1.650461891788140250e+15,4.119050728182120924e-01
1.650461891790065000e+15,4.113432747930037547e-01
1.650461891791989750e+15,4.121095661475886462e-01
1.650461891793914500e+15,4.138408742302582266e-01
1.650461891795839250e+15,4.155721823129279180e-01
1.650461891797764000e+15,4.173034903955975539e-01
1.650461891799688500e+15,4.190345736038572633e-01
1.650461891801613250e+15,4.207658816865268991e-01
1.650461891803538000e+15,4.224971897691965905e-01
1.650461891805462750e+15,4.225934206483336064e-01
1.650461891807387500e+15,4.209935672094373693e-01
1.650461891809312250e+15,4.193937137705411877e-01
1.650461891811236750e+15,4.177940681318058624e-01
1.650461891813161500e+15,4.161942146929096253e-01
1.650461891815086250e+15,4.145943612540133882e-01
1.650461891817011000e+15,4.129945078151171511e-01
1.650461891818935750e+15,4.113946543762209695e-01
1.650461891820860500e+15,4.091913849821442462e-01
1.650461891822785000e+15,4.068560573632095112e-01
1.650461891824709750e+15,4.045204263761766339e-01
1.650461891826634500e+15,4.021847953891438121e-01
1.650461891828559250e+15,3.998491644021109348e-01
1.650461891830484000e+15,3.975135334150781685e-01
1.650461891832408750e+15,3.951779024280452912e-01
1.650461891834333250e+15,3.928425748091105563e-01
1.650461891836258000e+15,3.905069438220777345e-01
1.650461891838182750e+15,3.881713128350449127e-01
1.650461891840107500e+15,3.855529324079847164e-01
1.650461891842032250e+15,3.823095082855182958e-01
1.650461891843957000e+15,3.790660841630517641e-01
1.650461891845881500e+15,3.758230813192088293e-01
1.650461891847806250e+15,3.725796571967423532e-01
1.650461891849731000e+15,3.693362330742758770e-01
1.650461891851655750e+15,3.660928089518094009e-01
1.650461891853580500e+15,3.628493848293428692e-01
1.650461891855505250e+15,3.662288664601339727e-01
1.650461891857429750e+15,3.718849958363253938e-01
1.650461891859354500e+15,3.775418599656183982e-01
1.650461891861279250e+15,3.831987240949114581e-01
1.650461891863204000e+15,3.862270498314124834e-01
1.650461891865128750e+15,3.853976584843896158e-01
1.650461891867053500e+15,3.845682671373668038e-01
1.650461891868978000e+15,3.837389835174964126e-01
1.650461891870902750e+15,3.829095921704736005e-01
1.650461891872827500e+15,3.820802008234507330e-01
1.650461891874752250e+15,3.812508094764278654e-01
1.650461891876677000e+15,3.804214181294049979e-01
1.650461891878601750e+15,3.795920267823821304e-01
1.650461891880526250e+15,3.787627431625117946e-01
1.650461891882451000e+15,3.779333518154889271e-01
1.650461891884375750e+15,3.771039604684660596e-01
1.650461891886300500e+15,3.762745691214431920e-01
1.650461891888225250e+15,3.754451777744203800e-01
1.650461891890150000e+15,3.746157864273975124e-01
1.650461891892074500e+15,3.742913122440967300e-01
1.650461891893999250e+15,3.742913122440967300e-01
1.650461891895924000e+15,3.742913122440967300e-01
1.650461891897848750e+15,3.742913122440967300e-01
1.650461891899773500e+15,3.742913122440967300e-01
1.650461891901698250e+15,3.742913122440967300e-01
1.650461891903622750e+15,3.742913122440967300e-01
1.650461891905547500e+15,3.742913122440967300e-01
1.650461891907472250e+15,3.742913122440967300e-01
1.650461891909397000e+15,3.743914035162572151e-01
1.650461891911321750e+15,3.759705074186413531e-01
1.650461891913246500e+15,3.775496113210255467e-01
1.650461891915171000e+15,3.791285101183438089e-01
1.650461891917095750e+15,3.807076140207279469e-01
1.650461891919020500e+15,3.822867179231120849e-01
1.650461891920945250e+15,3.838658218254962229e-01
1.650461891922870000e+15,3.854449257278804164e-01
1.650461891924794750e+15,3.858863314434284320e-01
1.650461891926719250e+15,3.835675886554044123e-01
1.650461891928644000e+15,3.812485446537159373e-01
1.650461891930568750e+15,3.789295006520276843e-01
1.650461891932493500e+15,3.766104566503392093e-01
1.650461891934418250e+15,3.742914126486508453e-01
1.650461891936343000e+15,3.719723686469624813e-01
1.650461891938267500e+15,3.696536258589384616e-01
1.650461891940192250e+15,3.695165410453338795e-01
1.650461891942117000e+15,3.733622323790793396e-01
1.650461891944041750e+15,3.772079237128247442e-01
1.650461891945966500e+15,3.810536150465702043e-01
1.650461891947891250e+15,3.848993063803156645e-01
1.650461891949815750e+15,3.850656412370414006e-01
1.650461891951740500e+15,3.824255254205142229e-01
1.650461891953665250e+15,3.797854096039869898e-01
1.650461891955590000e+15,3.771452937874598677e-01
1.650461891957514750e+15,3.745051779709326345e-01
1.650461891959439500e+15,3.718650621544054569e-01
1.650461891961364000e+15,3.692252892545968557e-01
1.650461891963288750e+15,3.678149753081340623e-01
1.650461891965213500e+15,3.672426132801253074e-01
1.650461891967138250e+15,3.666702512521166080e-01
1.650461891969063000e+15,3.660978892241077975e-01
1.650461891970987750e+15,3.655255271960989871e-01
1.650461891972912250e+15,3.649532395104760907e-01
1.650461891974837000e+15,3.643808774824672803e-01
1.650461891976761750e+15,3.638085154544585254e-01
1.650461891978686500e+15,3.632361534264497704e-01
1.650461891980611250e+15,3.626637913984409600e-01
1.650461891982536000e+15,3.620914293704322051e-01
1.650461891984460500e+15,3.620194659410112537e-01
1.650461891986385250e+15,3.620194659410111981e-01
1.650461891988310000e+15,3.620194659410111981e-01
1.650461891990234750e+15,3.620194659410111981e-01
1.650461891992159500e+15,3.620194659410111981e-01
1.650461891994084250e+15,3.620194659410111981e-01
1.650461891996008750e+15,3.622853144088736821e-01
1.650461891997933500e+15,3.627956029538932370e-01
1.650461891999858250e+15,3.633058914989128474e-01
1.650461892001783000e+15,3.638161800439324023e-01
1.650461892003707750e+15,3.643264685889519572e-01
1.650461892005632500e+15,3.648367571339715676e-01
1.650461892007557000e+15,3.653469793991437342e-01
1.650461892009481750e+15,3.658572679441632891e-01
1.650461892011406500e+15,3.663675564891828440e-01
1.650461892013331250e+15,3.668778450342023989e-01
1.650461892015256000e+15,3.673881335792219538e-01
1.650461892017180750e+15,3.678984221242415087e-01
1.650461892019105250e+15,3.681553890925544081e-01
1.650461892021030000e+15,3.681553890925544081e-01
1.650461892022954750e+15,3.681553890925544081e-01
1.650461892024879500e+15,3.681553890925544081e-01
1.650461892026804250e+15,3.681553890925544081e-01
1.650461892028729000e+15,3.681553890925544081e-01
1.650461892030653500e+15,3.681553890925543526e-01
1.650461892032578250e+15,3.668376578633896767e-01
1.650461892034503000e+15,3.646740381719117963e-01
1.650461892036427750e+15,3.625104184804339713e-01
1.650461892038352500e+15,3.603467987889560908e-01
1.650461892040277250e+15,3.581831790974782659e-01
1.650461892042201750e+15,3.560198404320676357e-01
1.650461892044126500e+15,3.568200019080106089e-01
1.650461892046051250e+15,3.578194195339673422e-01
1.650461892047976000e+15,3.588188371599240756e-01
1.650461892049900750e+15,3.598182547858808089e-01
1.650461892051825500e+15,3.608176724118375422e-01
1.650461892053750000e+15,3.618169602264388329e-01
1.650461892055674750e+15,3.620194659410111981e-01
1.650461892057599500e+15,3.620194659410111981e-01
1.650461892059524250e+15,3.620194659410111981e-01
1.650461892061449000e+15,3.620194659410111426e-01
1.650461892063373750e+15,3.620194659410111981e-01
1.650461892065298250e+15,3.616017035925684353e-01
1.650461892067223000e+15,3.606492747146708422e-01
1.650461892069147750e+15,3.596968458367731936e-01
1.650461892071072500e+15,3.587444169588754894e-01
1.650461892072997250e+15,3.577919880809778963e-01
1.650461892074922000e+15,3.568395592030802477e-01
1.650461892076846500e+15,3.558872540333106738e-01
1.650461892078771250e+15,3.573150466422672089e-01
1.650461892080696000e+15,3.587521503275838963e-01
1.650461892082620750e+15,3.601892540129006393e-01
1.650461892084545500e+15,3.616263576982173267e-01
1.650461892086470250e+15,3.616536312767342221e-01
1.650461892088395000e+15,3.611500444574465840e-01
1.650461892090319500e+15,3.606465230475393580e-01
1.650461892092244250e+15,3.601429362282517199e-01
1.650461892094169000e+15,3.596393494089641374e-01
1.650461892096093750e+15,3.591357625896764993e-01
1.650461892098018500e+15,3.586321757703888613e-01
1.650461892099943250e+15,3.581285889511013343e-01
1.650461892101867750e+15,3.576250675411941082e-01
1.650461892103792500e+15,3.571214807219065257e-01
1.650461892105717250e+15,3.566178939026188877e-01
1.650461892107642000e+15,3.561143070833312496e-01
1.650461892109566750e+15,3.558835427894688763e-01
1.650461892111491500e+15,3.558835427894689318e-01
1.650461892113416000e+15,3.558835427894689318e-01
1.650461892115340750e+15,3.558835427894689318e-01
1.650461892117265500e+15,3.558835427894688763e-01
1.650461892119190250e+15,3.558835427894689318e-01
1.650461892121115000e+15,3.558835427894689318e-01
1.650461892123039750e+15,3.558835427894688763e-01
1.650461892124964250e+15,3.558835427894688763e-01
1.650461892126889000e+15,3.558835427894689318e-01
1.650461892128813750e+15,3.558835427894688763e-01
1.650461892130738500e+15,3.558835427894688763e-01
1.650461892132663250e+15,3.558835427894688763e-01
1.650461892134588000e+15,3.558835427894688763e-01
1.650461892136512500e+15,3.558835427894688763e-01
1.650461892138437250e+15,3.558835427894689318e-01
1.650461892140362000e+15,3.558835427894688763e-01
1.650461892142286750e+15,3.558835427894688763e-01
1.650461892144211500e+15,3.539104817030428451e-01
1.650461892146136250e+15,3.517545638341251779e-01
1.650461892148060750e+15,3.495989259909080271e-01
1.650461892149985500e+15,3.474430081219903599e-01
1.650461892151910250e+15,3.452870902530726926e-01
1.650461892153835000e+15,3.433849881036427076e-01
1.650461892155759750e+15,3.423678390134753391e-01
1.650461892157684500e+15,3.413506899233080261e-01
1.650461892159609000e+15,3.403336729475828215e-01
1.650461892161533750e+15,3.393165238574155085e-01
1.650461892163458500e+15,3.382993747672481955e-01
1.650461892165383250e+15,3.376758874803665877e-01
1.650461892167308000e+15,3.387275453686952043e-01
1.650461892169232750e+15,3.397792032570239318e-01
1.650461892171157250e+15,3.408307245486662529e-01
1.650461892173082000e+15,3.418823824369949249e-01
1.650461892175006750e+15,3.429340403253235969e-01
1.650461892176931500e+15,3.436116964863834000e-01
1.650461892178856250e+15,3.436116964863834555e-01
1.650461892180781000e+15,3.436116964863835666e-01
1.650461892182705500e+15,3.436116964863836776e-01
1.650461892184630250e+15,3.436116964863837886e-01
1.650461892186555000e+15,3.436116964863839551e-01
1.650461892188479750e+15,3.436116964863840662e-01
1.650461892190404500e+15,3.436116964863841772e-01
1.650461892192329250e+15,3.436116964863841772e-01
1.650461892194253750e+15,3.436116964863842327e-01
1.650461892196178500e+15,3.436116964863842327e-01
1.650461892198103250e+15,3.436116964863841772e-01
1.650461892200028000e+15,3.436116964863841772e-01
1.650461892201952750e+15,3.436116964863841217e-01
1.650461892203877500e+15,3.436116964863840662e-01
1.650461892205802000e+15,3.436116964863839551e-01
1.650461892207726750e+15,3.436116964863838996e-01
1.650461892209651500e+15,3.436116964863837886e-01
1.650461892211576250e+15,3.436116964863836776e-01
1.650461892213501000e+15,3.436116964863836776e-01
1.650461892215425750e+15,3.436116964863835666e-01
1.650461892217350250e+15,3.436116964863835110e-01
1.650461892219275000e+15,3.436116964863834555e-01
1.650461892221199750e+15,3.436116964863833445e-01
1.650461892223124500e+15,3.436116964863832890e-01
1.650461892225049250e+15,3.436116964863833445e-01
1.650461892226974000e+15,3.436116964863832890e-01
1.650461892228898500e+15,3.436116964863832890e-01
1.650461892230823250e+15,3.436116964863832335e-01
1.650461892232748000e+15,3.436116964863832890e-01
1.650461892234672750e+15,3.436116964863832335e-01
1.650461892236597500e+15,3.431635470681912436e-01
1.650461892238522250e+15,3.421749217470854143e-01
1.650461892240446750e+15,3.411864248355549467e-01
1.650461892242371500e+15,3.401977995144490063e-01
1.650461892244296250e+15,3.392091741933431215e-01
1.650461892246221000e+15,3.382205488722372921e-01
1.650461892248145750e+15,3.374757733348409672e-01
1.650461892250070500e+15,3.374757733348410227e-01
1.650461892251995000e+15,3.374757733348409672e-01
1.650461892253919750e+15,3.374757733348409672e-01
1.650461892255844500e+15,3.374757733348410227e-01
1.650461892257769250e+15,3.374757733348409672e-01
1.650461892259694000e+15,3.374757733348409672e-01
1.650461892261618750e+15,3.374757733348409672e-01
1.650461892263543250e+15,3.374757733348409672e-01
1.650461892265468000e+15,3.374757733348410227e-01
1.650461892267392750e+15,3.374757733348409672e-01
1.650461892269317500e+15,3.374757733348410227e-01
1.650461892271242250e+15,3.374757733348409672e-01
1.650461892273167000e+15,3.374757733348409672e-01
1.650461892275091500e+15,3.374757733348409672e-01
1.650461892277016250e+15,3.374757733348409672e-01
1.650461892278941000e+15,3.374757733348410227e-01
1.650461892280865750e+15,3.374757733348410227e-01
1.650461892282790500e+15,3.374757733348410227e-01
1.650461892284715250e+15,3.374757733348410227e-01
1.650461892286639750e+15,3.374757733348410227e-01
1.650461892288564500e+15,3.374757733348409672e-01
1.650461892290489250e+15,3.374757733348410227e-01
1.650461892292414000e+15,3.374757733348410227e-01
1.650461892294338750e+15,3.384297427999514718e-01
1.650461892296263500e+15,3.394460166219918085e-01
1.650461892298188000e+15,3.404621584432759307e-01
1.650461892300112750e+15,3.414784322653163229e-01
1.650461892302037500e+15,3.424947060873566596e-01
1.650461892303962250e+15,3.435109799093970517e-01
1.650461892305887000e+15,3.436116964863832890e-01
1.650461892307811750e+15,3.436116964863832890e-01
1.650461892309736250e+15,3.436116964863833445e-01
1.650461892311661000e+15,3.436116964863833445e-01
1.650461892313585750e+15,3.435060870155294821e-01
1.650461892315510500e+15,3.425133064097853897e-01
1.650461892317435250e+15,3.415205258040413527e-01
1.650461892319360000e+15,3.405277451982973158e-01
1.650461892321284500e+15,3.395350935418461336e-01
1.650461892323209250e+15,3.385423129361020411e-01
1.650461892325134000e+15,3.375495323303580042e-01
1.650461892327058750e+15,3.363384924573562529e-01
1.650461892328983500e+15,3.351099354942925768e-01
1.650461892330908250e+15,3.338813785312290117e-01
1.650461892332832750e+15,3.326529811417414662e-01
1.650461892334757500e+15,3.314244241786777900e-01
1.650461892336682250e+15,3.288680344340623729e-01
1.650461892338607000e+15,3.262134787842688177e-01
1.650461892340531750e+15,3.235589231344752070e-01
1.650461892342456500e+15,3.209043674846816518e-01
1.650461892344381000e+15,3.182501566271532800e-01
1.650461892346305750e+15,3.155956009773596693e-01
1.650461892348230500e+15,3.129410453275661141e-01
1.650461892350155250e+15,3.144575128937106001e-01
1.650461892352080000e+15,3.159881139934943572e-01
1.650461892354004750e+15,3.175187150932781699e-01
1.650461892355929250e+15,3.190491173878794995e-01
1.650461892357854000e+15,3.205797184876632566e-01
1.650461892359778750e+15,3.221103195874470693e-01
1.650461892361703500e+15,3.236409206872308264e-01
1.650461892363628250e+15,3.251715217870145835e-01
1.650461892365553000e+15,3.267021228867983962e-01
1.650461892367477500e+15,3.282325251813996703e-01
1.650461892369402250e+15,3.297631262811834829e-01
1.650461892371327000e+15,3.312937273809672956e-01
1.650461892373251750e+15,3.304037407894492295e-01
1.650461892375176500e+15,3.294385464378694062e-01
1.650461892377101250e+15,3.284733520862895828e-01
1.650461892379025750e+15,3.275082831009068496e-01
1.650461892380950500e+15,3.265430887493269707e-01
1.650461892382875250e+15,3.255778943977470918e-01
1.650461892384800000e+15,3.248879103711033167e-01
1.650461892386724750e+15,3.243720044613561115e-01
1.650461892388649500e+15,3.238560985516089064e-01
1.650461892390574000e+15,3.233402596513317295e-01
1.650461892392498750e+15,3.228243537415845243e-01
1.650461892394423500e+15,3.223084478318373192e-01
1.650461892396348250e+15,3.217925419220901695e-01
1.650461892398273000e+15,3.212766360123429643e-01
1.650461892400197750e+15,3.207607301025957591e-01
1.650461892402122250e+15,3.202448912023185823e-01
1.650461892404047000e+15,3.197289852925713216e-01
1.650461892405971750e+15,3.192130793828241719e-01
1.650461892407896500e+15,3.190680038802130580e-01
1.650461892409821250e+15,3.190680038802131135e-01
1.650461892411746000e+15,3.190680038802131135e-01
1.650461892413670500e+15,3.190680038802131135e-01
1.650461892415595250e+15,3.190680038802131135e-01
1.650461892417520000e+15,3.190680038802131135e-01
1.650461892419444750e+15,3.190974570363413476e-01
1.650461892421369500e+15,3.202603280570119892e-01
1.650461892423294250e+15,3.214231990776825754e-01
1.650461892425218750e+15,3.225859190565268930e-01
1.650461892427143500e+15,3.237487900771975902e-01
1.650461892429068250e+15,3.249116610978681763e-01
1.650461892430993000e+15,3.241648078330984228e-01
1.650461892432917750e+15,3.227768517764606493e-01
1.650461892434842500e+15,3.213888957198228757e-01
1.650461892436767250e+15,3.200009396631849912e-01
1.650461892438691750e+15,3.187773803518031412e-01
1.650461892440616500e+15,3.178905351099370336e-01
1.650461892442541250e+15,3.170036898680709259e-01
1.650461892444466000e+15,3.161168446262048182e-01
1.650461892446390750e+15,3.152299993843387105e-01
1.650461892448315500e+15,3.143431541424726028e-01
1.650461892450240000e+15,3.134564240902729115e-01
1.650461892452164750e+15,3.125540807647310126e-01
1.650461892454089500e+15,3.116293201284510705e-01
1.650461892456014250e+15,3.107045594921711285e-01
1.650461892457939000e+15,3.097797988558911864e-01
1.650461892459863750e+15,3.088550382196112443e-01
1.650461892461788250e+15,3.079303976977144641e-01
1.650461892463713000e+15,3.070056370614345775e-01
1.650461892465637750e+15,3.067961575771285809e-01
1.650461892467562500e+15,3.067961575771285254e-01
1.650461892469487250e+15,3.067961575771285254e-01
1.650461892471412000e+15,3.067961575771285254e-01
1.650461892473336500e+15,3.067961575771285254e-01
1.650461892475261250e+15,3.067961575771285809e-01
1.650461892477186000e+15,3.067961575771285254e-01
1.650461892479110750e+15,3.067961575771285254e-01
1.650461892481035500e+15,3.067961575771285254e-01
1.650461892482960250e+15,3.067961575771285254e-01
1.650461892484884750e+15,3.067961575771285809e-01
1.650461892486809500e+15,3.067961575771285254e-01
1.650461892488734250e+15,3.067961575771285254e-01
1.650461892490659000e+15,3.067961575771285254e-01
1.650461892492583750e+15,3.067961575771285254e-01
1.650461892494508500e+15,3.067961575771285254e-01
1.650461892496433000e+15,3.067961575771285254e-01
1.650461892498357750e+15,3.067961575771284144e-01
1.650461892500282500e+15,3.067961575771283034e-01
1.650461892502207250e+15,3.067961575771281924e-01
1.650461892504132000e+15,3.067961575771280813e-01
1.650461892506056750e+15,3.067961575771279148e-01
1.650461892507981250e+15,3.067961575771278038e-01
1.650461892509906000e+15,3.067961575771276372e-01
1.650461892511830750e+15,3.067961575771276372e-01
1.650461892513755500e+15,3.067961575771276372e-01
1.650461892515680250e+15,3.067961575771275817e-01
1.650461892517605000e+15,3.067961575771275817e-01
1.650461892519529500e+15,3.067961575771276372e-01
1.650461892521454250e+15,3.067961575771276372e-01
1.650461892523379000e+15,3.064993563128710630e-01
1.650461892525303750e+15,3.059664568414365848e-01
1.650461892527228500e+15,3.054335573700021067e-01
1.650461892529153250e+15,3.049006578985676286e-01
1.650461892531077750e+15,3.043678276438459007e-01
1.650461892533002500e+15,3.038349281724114226e-01
1.650461892534927250e+15,3.033020287009768889e-01
1.650461892536852000e+15,3.027691292295424663e-01
1.650461892538776750e+15,3.022362297581079327e-01
1.650461892540701500e+15,3.017033302866734545e-01
1.650461892542626000e+15,3.011705000319517267e-01
1.650461892544550750e+15,3.007087884588481863e-01
1.650461892546475500e+15,3.018519612481164738e-01
1.650461892548400250e+15,3.029951340373848168e-01
1.650461892550325000e+15,3.041383068266531597e-01
1.650461892552249750e+15,3.052814796159214472e-01
1.650461892554174250e+15,3.064245039219076205e-01
1.650461892556099000e+15,3.064336449936076456e-01
1.650461892558023750e+15,3.058965040427762960e-01
1.650461892559948500e+15,3.053593630919449464e-01
1.650461892561873250e+15,3.048222221411135413e-01
1.650461892563798000e+15,3.042850811902821917e-01
1.650461892565722500e+15,3.037480100070766298e-01
1.650461892567647250e+15,3.032108690562452247e-01
1.650461892569572000e+15,3.026737281054138751e-01
1.650461892571496750e+15,3.021365871545825255e-01
1.650461892573421500e+15,3.015994462037511759e-01
1.650461892575346250e+15,3.010623052529197707e-01
1.650461892577270750e+15,3.008637205998892505e-01
1.650461892579195500e+15,3.016733537037440960e-01
1.650461892581120250e+15,3.024829868075989969e-01
1.650461892583045000e+15,3.032926199114538979e-01
1.650461892584969750e+15,3.041022530153087988e-01
1.650461892586894500e+15,3.049118861191636443e-01
1.650461892588819000e+15,3.057214140622048770e-01
1.650461892590743750e+15,3.065310471660597780e-01
1.650461892592668500e+15,3.060010672348191241e-01
1.650461892594593250e+15,3.048188732322233419e-01
1.650461892596518000e+15,3.036366792296276707e-01
1.650461892598442750e+15,3.024544852270319995e-01
1.650461892600367250e+15,3.012724447760666835e-01
1.650461892602292000e+15,3.001289162689536050e-01
1.650461892604216750e+15,2.990269177538905643e-01
1.650461892606141500e+15,2.979249192388274681e-01
1.650461892608066250e+15,2.968229207237643719e-01
1.650461892609991000e+15,2.957209222087012757e-01
1.650461892611915500e+15,2.946190668289174752e-01
1.650461892613840250e+15,2.954420652958387183e-01
1.650461892615765000e+15,2.964461562740678402e-01
1.650461892617689750e+15,2.974502472522969621e-01
1.650461892619614500e+15,2.984543382305260839e-01
1.650461892621539250e+15,2.994584292087552058e-01
1.650461892623463750e+15,3.004623897686211631e-01
1.650461892625388500e+15,3.014664807468502850e-01
1.650461892627313250e+15,3.024705717250794068e-01
1.650461892629238000e+15,3.034746627033085287e-01
1.650461892631162750e+15,3.044787536815376505e-01
1.650461892633087500e+15,3.054828446597668279e-01
1.650461892635012000e+15,3.064868052196327852e-01
1.650461892636936750e+15,3.049313662359448007e-01
1.650461892638861500e+15,3.022362229027791836e-01
1.650461892640786250e+15,2.995410795696136219e-01
1.650461892642711000e+15,2.968459362364480048e-01
1.650461892644635750e+15,2.941507929032823876e-01
1.650461892646560250e+15,2.914559996341943848e-01
1.650461892648485000e+15,2.887608563010287677e-01
1.650461892650409750e+15,2.860657129678632060e-01
1.650461892652334500e+15,2.833705696346976444e-01
1.650461892654259250e+15,2.806754263015319717e-01
1.650461892656184000e+15,2.779802829683664100e-01
1.650461892658108500e+15,2.752854896992783518e-01
1.650461892660033250e+15,2.725903463661127901e-01
1.650461892661958000e+15,2.700806163468053023e-01
1.650461892663882750e+15,2.732358709783660466e-01
1.650461892665807500e+15,2.763911256099268465e-01
1.650461892667732250e+15,2.795463802414875909e-01
1.650461892669656750e+15,2.821246429663366584e-01
1.650461892671581500e+15,2.812259200315575525e-01
1.650461892673506250e+15,2.803271970967785576e-01
1.650461892675431000e+15,2.794284741619995627e-01
1.650461892677355750e+15,2.785297512272205123e-01
1.650461892679280500e+15,2.776310282924414619e-01
1.650461892681205000e+15,2.767324220900867493e-01
1.650461892683129750e+15,2.761165418194159171e-01
1.650461892685054500e+15,2.761165418194158061e-01
1.650461892686979250e+15,2.761165418194156951e-01
1.650461892688904000e+15,2.761165418194155285e-01
1.650461892690828750e+15,2.761165418194153620e-01
1.650461892692753250e+15,2.761165418194152510e-01
1.650461892694678000e+15,2.761165418194151400e-01
1.650461892696602750e+15,2.761165418194151400e-01
1.650461892698527500e+15,2.761165418194151400e-01
1.650461892700452250e+15,2.761165418194151400e-01
1.650461892702377000e+15,2.761165418194151400e-01
1.650461892704301500e+15,2.761165418194151400e-01
1.650461892706226250e+15,2.761165418194151400e-01
1.650461892708151000e+15,2.761165418194151400e-01
1.650461892710075750e+15,2.761165418194151400e-01
1.650461892712000500e+15,2.761165418194151400e-01
1.650461892713925250e+15,2.761165418194151400e-01
1.650461892715849750e+15,2.760617109843966910e-01
1.650461892717774500e+15,2.755679769507038968e-01
1.650461892719699250e+15,2.750742429170111025e-01
1.650461892721624000e+15,2.745805088833183083e-01
1.650461892723548750e+15,2.740867748496255141e-01
1.650461892725473500e+15,2.735930408159328309e-01
1.650461892727398000e+15,2.730993709118715862e-01
1.650461892729322750e+15,2.726056368781788475e-01
1.650461892731247500e+15,2.721119028444861088e-01
1.650461892733172250e+15,2.716181688107932590e-01
1.650461892735097000e+15,2.711244347771005203e-01
1.650461892737021750e+15,2.706307007434077816e-01
1.650461892738946250e+15,2.701370308393465369e-01
1.650461892740871000e+15,2.699806186678727626e-01
1.650461892742795750e+15,2.699806186678728182e-01
1.650461892744720500e+15,2.699806186678728182e-01
1.650461892746645250e+15,2.699806186678728182e-01
1.650461892748570000e+15,2.699806186678728182e-01
1.650461892750494500e+15,2.699806186678727626e-01
1.650461892752419250e+15,2.699806186678728182e-01
1.650461892754344000e+15,2.699806186678728182e-01
1.650461892756268750e+15,2.699806186678728182e-01
1.650461892758193500e+15,2.699806186678728182e-01
1.650461892760118250e+15,2.699806186678728182e-01
1.650461892762042750e+15,2.701302186133310856e-01
1.650461892763967500e+15,2.709827500567679737e-01
1.650461892765892250e+15,2.718352815002048617e-01
1.650461892767817000e+15,2.726878129436417497e-01
1.650461892769741750e+15,2.735403443870786377e-01
1.650461892771666500e+15,2.743928758305154703e-01
1.650461892773591000e+15,2.752452965412022223e-01
1.650461892775515750e+15,2.760978279846391104e-01
1.650461892777440500e+15,2.741730951410642492e-01
1.650461892779365250e+15,2.721860306023360376e-01
1.650461892781290000e+15,2.701989660636078261e-01
1.650461892783214750e+15,2.682119015248796146e-01
1.650461892785139250e+15,2.662250950799997518e-01
1.650461892787064000e+15,2.642380305412715402e-01
1.650461892788988750e+15,2.658912184428062209e-01
1.650461892790913500e+15,2.684428265417435067e-01
1.650461892792838250e+15,2.709944346406807925e-01
1.650461892794763000e+15,2.735460427396180783e-01
1.650461892796687750e+15,2.760976508385553641e-01
1.650461892798612250e+15,2.742829638451900753e-01
1.650461892800537000e+15,2.724354678599055779e-01
1.650461892802461750e+15,2.705879718746210805e-01
1.650461892804386500e+15,2.687404758893365830e-01
1.650461892806311250e+15,2.668929799040520856e-01
1.650461892808236000e+15,2.650454839187675882e-01
1.650461892810160500e+15,2.645281560707940516e-01
1.650461892812085250e+15,2.664813716642666641e-01
1.650461892814010000e+15,2.684345872577392211e-01
1.650461892815934750e+15,2.703878028512118337e-01
1.650461892817859500e+15,2.723410184446843907e-01
1.650461892819784250e+15,2.742942340381570032e-01
1.650461892821708750e+15,2.760325707197390233e-01
1.650461892823633500e+15,2.747772435422377590e-01
1.650461892825558250e+15,2.735219163647364948e-01
1.650461892827483000e+15,2.722665891872352306e-01
1.650461892829407750e+15,2.710112620097339664e-01
1.650461892831332500e+15,2.697559348322327022e-01
1.650461892833257000e+15,2.685007707054103965e-01
1.650461892835181750e+15,2.672454435279091323e-01
1.650461892837106500e+15,2.659901163504078681e-01
1.650461892839031250e+15,2.647347891729066038e-01
1.650461892840956000e+15,2.641303245242160869e-01
1.650461892842880750e+15,2.651120467258728519e-01
1.650461892844805250e+15,2.660936414145796958e-01
1.650461892846730000e+15,2.670753636162364608e-01
1.650461892848654750e+15,2.680570858178932814e-01
1.650461892850579500e+15,2.690388080195500464e-01
1.650461892852504250e+15,2.698995283137758383e-01
1.650461892854429000e+15,2.679049128626812548e-01
1.650461892856353500e+15,2.659105564862004334e-01
1.650461892858278250e+15,2.639159410351058499e-01
1.650461892860203000e+15,2.619213255840112109e-01
1.650461892862127750e+15,2.599267101329165719e-01
1.650461892864052500e+15,2.579320946818219884e-01
1.650461892865977250e+15,2.588070316083898037e-01
1.650461892867901750e+15,2.600435973034673776e-01
1.650461892869826500e+15,2.612803236332156276e-01
1.650461892871751250e+15,2.625170499629639331e-01
1.650461892873676000e+15,2.637537762927121276e-01
1.650461892875600750e+15,2.649905026224604332e-01
1.650461892877525500e+15,2.662272289522087387e-01
1.650461892879450000e+15,2.674637946472862571e-01
1.650461892881374750e+15,2.687005209770345626e-01
1.650461892883299500e+15,2.699372473067828127e-01
1.650461892885224250e+15,2.699806186678728182e-01
1.650461892887149000e+15,2.699806186678728182e-01
1.650461892889073750e+15,2.699806186678728182e-01
1.650461892890998250e+15,2.699806186678728182e-01
1.650461892892923000e+15,2.699806186678728182e-01
1.650461892894847750e+15,2.699806186678728182e-01
1.650461892896772500e+15,2.699806186678727626e-01
1.650461892898697250e+15,2.691679597098681209e-01
1.650461892900622000e+15,2.680743289953638753e-01
1.650461892902546500e+15,2.669808403292704968e-01
1.650461892904471250e+15,2.658872096147662512e-01
1.650461892906396000e+15,2.647935789002620610e-01
1.650461892908320750e+15,2.638446955163305518e-01
1.650461892910245500e+15,2.638446955163306074e-01
1.650461892912170250e+15,2.638446955163305518e-01
1.650461892914094750e+15,2.638446955163305518e-01
1.650461892916019500e+15,2.638446955163304963e-01
1.650461892917944250e+15,2.638446955163304963e-01
1.650461892919869000e+15,2.638446955163304963e-01
1.650461892921793750e+15,2.638446955163304963e-01
1.650461892923718500e+15,2.631467303225403787e-01
1.650461892925643000e+15,2.619349720767586431e-01
1.650461892927567750e+15,2.607230564188898758e-01
1.650461892929492500e+15,2.595111407610211085e-01
1.650461892931417250e+15,2.582992251031523412e-01
1.650461892933342000e+15,2.582302254516292139e-01
1.650461892935266750e+15,2.592471118030956756e-01
1.650461892937191250e+15,2.602638660742462862e-01
1.650461892939116000e+15,2.612807524257126923e-01
1.650461892941040750e+15,2.622976387771790985e-01
1.650461892942965500e+15,2.633145251286455601e-01
1.650461892944890250e+15,2.638446955163304408e-01
1.650461892946815000e+15,2.638446955163303298e-01
1.650461892948739500e+15,2.638446955163302188e-01
1.650461892950664250e+15,2.638446955163301078e-01
1.650461892952589000e+15,2.638446955163299967e-01
1.650461892954513750e+15,2.638446955163298302e-01
1.650461892956438500e+15,2.638446955163297192e-01
1.650461892958363250e+15,2.638446955163296082e-01
1.650461892960287750e+15,2.627631584865917636e-01
1.650461892962212500e+15,2.615815558766937388e-01
1.650461892964137250e+15,2.603999532667956585e-01
1.650461892966062000e+15,2.592183506568975782e-01
1.650461892967986750e+15,2.580367480469994979e-01
1.650461892969911500e+15,2.568551454371014175e-01
1.650461892971836000e+15,2.556736963020195819e-01
1.650461892973760750e+15,2.544920936921215016e-01
1.650461892975685500e+15,2.533104910822234768e-01
1.650461892977610250e+15,2.521288884723253410e-01
1.650461892979535000e+15,2.520667670338800903e-01
1.650461892981459750e+15,2.529997094531811208e-01
1.650461892983384250e+15,2.539325306953916783e-01
1.650461892985309000e+15,2.548654731146926533e-01
1.650461892987233750e+15,2.557984155339936283e-01
1.650461892989158500e+15,2.567313579532946588e-01
1.650461892991083250e+15,2.576643003725956338e-01
1.650461892993008000e+15,2.566331079484925892e-01
1.650461892994932500e+15,2.555037483362945228e-01
1.650461892996857250e+15,2.543742420159108564e-01
1.650461892998782000e+15,2.532447356955271900e-01
1.650461893000706750e+15,2.521152293751435791e-01
1.650461893002631500e+15,2.515728492132448535e-01
1.650461893004556250e+15,2.515728492132448535e-01
1.650461893006480750e+15,2.515728492132448535e-01
1.650461893008405500e+15,2.515728492132448535e-01
1.650461893010330250e+15,2.515728492132448535e-01
1.650461893012255000e+15,2.515728492132448535e-01
1.650461893014179750e+15,2.515728492132448535e-01
1.650461893016104500e+15,2.515728492132448535e-01
1.650461893018029000e+15,2.515728492132448535e-01
1.650461893019953750e+15,2.515728492132448535e-01
1.650461893021878500e+15,2.513394611707583381e-01
1.650461893023803250e+15,2.508043645242116759e-01
1.650461893025728000e+15,2.502692678776651247e-01
1.650461893027652750e+15,2.497341712311184625e-01
1.650461893029577250e+15,2.491991440866690444e-01
1.650461893031502000e+15,2.486640474401224377e-01
1.650461893033426750e+15,2.481289507935757754e-01
1.650461893035351500e+15,2.475938541470291687e-01
1.650461893037276250e+15,2.470587575004825620e-01
1.650461893039201000e+15,2.465236608539359275e-01
1.650461893041125500e+15,2.459886337094864817e-01
1.650461893043050250e+15,2.454535370629398749e-01
1.650461893044975000e+15,2.454369260617027260e-01
1.650461893046899750e+15,2.454369260617027260e-01
1.650461893048824500e+15,2.454369260617026982e-01
1.650461893050749250e+15,2.454369260617026982e-01
1.650461893052673750e+15,2.454369260617026427e-01
1.650461893054598500e+15,2.454369260617026427e-01
1.650461893056523250e+15,2.454369260617026149e-01
1.650461893058448000e+15,2.454369260617026149e-01
1.650461893060372750e+15,2.454369260617026149e-01
1.650461893062297500e+15,2.454369260617025872e-01
1.650461893064222000e+15,2.454369260617026149e-01
1.650461893066146750e+15,2.454369260617026427e-01
1.650461893068071500e+15,2.454369260617026427e-01
1.650461893069996250e+15,2.454369260617026427e-01
1.650461893071921000e+15,2.454369260617026427e-01
1.650461893073845750e+15,2.454369260617026427e-01
1.650461893075770250e+15,2.454369260617026427e-01
1.650461893077695000e+15,2.454369260617026427e-01
1.650461893079619750e+15,2.454369260617026427e-01
1.650461893081544500e+15,2.454369260617026427e-01
1.650461893083469250e+15,2.454369260617026427e-01
1.650461893085394000e+15,2.454369260617026427e-01
1.650461893087318500e+15,2.454369260617026427e-01
1.650461893089243250e+15,2.454369260617026427e-01
1.650461893091168000e+15,2.454369260617026427e-01
1.650461893093092750e+15,2.452684511602472306e-01
1.650461893095017500e+15,2.446932457206441314e-01
1.650461893096942250e+15,2.441180402810410044e-01
1.650461893098866750e+15,2.435429095531458366e-01
1.650461893100791500e+15,2.429677041135427651e-01
1.650461893102716250e+15,2.423924986739396381e-01
1.650461893104641000e+15,2.418172932343365389e-01
1.650461893106565750e+15,2.412420877947334397e-01
1.650461893108490500e+15,2.406668823551303127e-01
1.650461893110415000e+15,2.400917516272351726e-01
1.650461893112339750e+15,2.395165461876320734e-01
1.650461893114264500e+15,2.398416811582846087e-01
1.650461893116189250e+15,2.407063844886354054e-01
1.650461893118114000e+15,2.415710878189861743e-01
1.650461893120038750e+15,2.424357911493369988e-01
1.650461893121963250e+15,2.433003821659678045e-01
1.650461893123888000e+15,2.441650854963186013e-01
1.650461893125812750e+15,2.450297888266694257e-01
1.650461893127737500e+15,2.454369260617027260e-01
1.650461893129662250e+15,2.454369260617026982e-01
1.650461893131587000e+15,2.454369260617026982e-01
1.650461893133511500e+15,2.454369260617026982e-01
1.650461893135436250e+15,2.454369260617026427e-01
1.650461893137361000e+15,2.454369260617026427e-01
1.650461893139285750e+15,2.454369260617026427e-01
1.650461893141210500e+15,2.454369260617026427e-01
1.650461893143135250e+15,2.454369260617026427e-01
1.650461893145059750e+15,2.454369260617026427e-01
1.650461893146984500e+15,2.454369260617026427e-01
1.650461893148909250e+15,2.454369260617026427e-01
1.650461893150834000e+15,2.454369260617026427e-01
1.650461893152758750e+15,2.454369260617026427e-01
1.650461893154683500e+15,2.454369260617026427e-01
1.650461893156608250e+15,2.454369260617026427e-01
1.650461893158532750e+15,2.454369260617026427e-01
1.650461893160457500e+15,2.454369260617026427e-01
1.650461893162382250e+15,2.454369260617026149e-01
1.650461893164307000e+15,2.454369260617026427e-01
1.650461893166231750e+15,2.454369260617026427e-01
1.650461893168156500e+15,2.454369260617026427e-01
1.650461893170081000e+15,2.454369260617026427e-01
1.650461893172005750e+15,2.454369260617026149e-01
1.650461893173930500e+15,2.454369260617026427e-01
1.650461893175855250e+15,2.454369260617026427e-01
1.650461893177780000e+15,2.454369260617026427e-01
1.650461893179704750e+15,2.454369260617026149e-01
1.650461893181629250e+15,2.451688471216322551e-01
1.650461893183554000e+15,2.446446053742098725e-01
1.650461893185478750e+15,2.441203636267875177e-01
1.650461893187403500e+15,2.435961218793651906e-01
1.650461893189328250e+15,2.430718801319428080e-01
1.650461893191253000e+15,2.425476383845204253e-01
1.650461893193177500e+15,2.420234647292850427e-01
1.650461893195102250e+15,2.414992229818626601e-01
1.650461893197027000e+15,2.409749812344402775e-01
1.650461893198951750e+15,2.404507394870179227e-01
1.650461893200876500e+15,2.399264977395955678e-01
1.650461893202801250e+15,2.394022559921731852e-01
1.650461893204725750e+15,2.393010029101603209e-01
1.650461893206650500e+15,2.393010029101603209e-01
1.650461893208575250e+15,2.393010029101602931e-01
1.650461893210500000e+15,2.393010029101603209e-01
1.650461893212424750e+15,2.393010029101603209e-01
1.650461893214349500e+15,2.393010029101603209e-01
1.650461893216274000e+15,2.393010029101602931e-01
1.650461893218198750e+15,2.393010029101603209e-01
1.650461893220123500e+15,2.393010029101603209e-01
1.650461893222048250e+15,2.393010029101603486e-01
1.650461893223973000e+15,2.393010029101603209e-01
1.650461893225897750e+15,2.393010029101603209e-01
1.650461893227822250e+15,2.393010029101603209e-01
1.650461893229747000e+15,2.393010029101603486e-01
1.650461893231671750e+15,2.393010029101603209e-01
1.650461893233596500e+15,2.393010029101603209e-01
1.650461893235521250e+15,2.393010029101603209e-01
1.650461893237446000e+15,2.393010029101603209e-01
1.650461893239370500e+15,2.393010029101603209e-01
1.650461893241295250e+15,2.404357037766096661e-01
1.650461893243220000e+15,2.416950467160350891e-01
1.650461893245144750e+15,2.429543896554604288e-01
1.650461893247069500e+15,2.442137325948857962e-01
1.650461893248994250e+15,2.454064148787197530e-01
1.650461893250918750e+15,2.443436316814249221e-01
1.650461893252843500e+15,2.432807104244785468e-01
1.650461893254768250e+15,2.422177891675321715e-01
1.650461893256693000e+15,2.411548679105857684e-01
1.650461893258617750e+15,2.400919466536394209e-01
1.650461893260542500e+15,2.395649510411878846e-01
1.650461893262467000e+15,2.405963585095382551e-01
1.650461893264391750e+15,2.416278999617114676e-01
1.650461893266316500e+15,2.426594414138846800e-01
1.650461893268241250e+15,2.436909828660578925e-01
1.650461893270166000e+15,2.447225243182310772e-01
1.650461893272090750e+15,2.451519458776569849e-01
1.650461893274015250e+15,2.442251281941828500e-01
1.650461893275940000e+15,2.432981901135037872e-01
1.650461893277864750e+15,2.423712520328247244e-01
1.650461893279789500e+15,2.414443139521456616e-01
1.650461893281714250e+15,2.405173758714666266e-01
1.650461893283639000e+15,2.395904377907875360e-01
1.650461893285563500e+15,2.386636201073134012e-01
1.650461893287488250e+15,2.377366820266343383e-01
1.650461893289413000e+15,2.368097439459553033e-01
1.650461893291337750e+15,2.358828058652762405e-01
1.650461893293262500e+15,2.349558677845971499e-01
1.650461893295187250e+15,2.340289297039180871e-01
1.650461893297111750e+15,2.331650797586171386e-01
1.650461893299036500e+15,2.331650797586171386e-01
1.650461893300961250e+15,2.331650797586171109e-01
1.650461893302886000e+15,2.331650797586171386e-01
1.650461893304810750e+15,2.331650797586171386e-01
1.650461893306735500e+15,2.331650797586171109e-01
1.650461893308660000e+15,2.331650797586171109e-01
1.650461893310584750e+15,2.339160657822570433e-01
1.650461893312509500e+15,2.350895671818924726e-01
1.650461893314434250e+15,2.362630685815279297e-01
1.650461893316359000e+15,2.374365699811633590e-01
1.650461893318283750e+15,2.386100713807987883e-01
1.650461893320208250e+15,2.390576542462499732e-01
1.650461893322133000e+15,2.384656980492708134e-01
1.650461893324057750e+15,2.378737418522916258e-01
1.650461893325982500e+15,2.372817856553124938e-01
1.650461893327907250e+15,2.366898294583333340e-01
1.650461893329832000e+15,2.360978732613541742e-01
1.650461893331756500e+15,2.355059939517886169e-01
1.650461893333681250e+15,2.349140377548094294e-01
1.650461893335606000e+15,2.343220815578302973e-01
1.650461893337530750e+15,2.337301253608511376e-01
1.650461893339455500e+15,2.331650797586171109e-01
1.650461893341380250e+15,2.331650797586171109e-01
1.650461893343304750e+15,2.331650797586171109e-01
1.650461893345229500e+15,2.331650797586171109e-01
1.650461893347154250e+15,2.331650797586171109e-01
1.650461893349079000e+15,2.331650797586171386e-01
1.650461893351003750e+15,2.331650797586171109e-01
1.650461893352928500e+15,2.331650797586171109e-01
1.650461893354853000e+15,2.331650797586171109e-01
1.650461893356777750e+15,2.331650797586171386e-01
1.650461893358702500e+15,2.331650797586171386e-01
1.650461893360627250e+15,2.331650797586171386e-01
1.650461893362552000e+15,2.331650797586171109e-01
1.650461893364476750e+15,2.320167188733076591e-01
1.650461893366401250e+15,2.302720806070530923e-01
1.650461893368326000e+15,2.285272157055340259e-01
1.650461893370250750e+15,2.267823508040149594e-01
1.650461893372175500e+15,2.250374859024958374e-01
1.650461893374100250e+15,2.232926210009767709e-01
1.650461893376025000e+15,2.215477560994576767e-01
1.650461893377949500e+15,2.211806569135087164e-01
1.650461893379874250e+15,2.216407137124621063e-01
1.650461893381799000e+15,2.221007705114155240e-01
1.650461893383723750e+15,2.225608273103689139e-01
1.650461893385648500e+15,2.230208841093223038e-01
1.650461893387573250e+15,2.234809409082756937e-01
1.650461893389497750e+15,2.239409379518324528e-01
1.650461893391422500e+15,2.244009947507858427e-01
1.650461893393347250e+15,2.248610515497392881e-01
1.650461893395272000e+15,2.253211083486926503e-01
1.650461893397196750e+15,2.257811651476460679e-01
1.650461893399121500e+15,2.262412219465994578e-01
1.650461893401046000e+15,2.267012189901561892e-01
1.650461893402970750e+15,2.270291566070747891e-01
1.650461893404895500e+15,2.270291566070748168e-01
1.650461893406820250e+15,2.270291566070748446e-01
1.650461893408745000e+15,2.270291566070748446e-01
1.650461893410669750e+15,2.270291566070748446e-01
1.650461893412594250e+15,2.270291566070748446e-01
1.650461893414519000e+15,2.270291566070748723e-01
1.650461893416443750e+15,2.270291566070749001e-01
1.650461893418368500e+15,2.267747367588409113e-01
1.650461893420293250e+15,2.258481622973680658e-01
1.650461893422218000e+15,2.249215878358951926e-01
1.650461893424142500e+15,2.239951337243978602e-01
1.650461893426067250e+15,2.230685592629250147e-01
1.650461893427992000e+15,2.221419848014521414e-01
1.650461893429916750e+15,2.212154103399792959e-01
1.650461893431841500e+15,2.204327916698187728e-01
1.650461893433766250e+15,2.197269092906464771e-01
1.650461893435690750e+15,2.190211185964175966e-01
1.650461893437615500e+15,2.183152362172453564e-01
1.650461893439540250e+15,2.176093538380731163e-01
1.650461893441465000e+15,2.169034714589008206e-01
1.650461893443389750e+15,2.161975890797285804e-01
1.650461893445314500e+15,2.154917067005563125e-01
1.650461893447239000e+15,2.147859160063274597e-01
1.650461893449163750e+15,2.155071955584469956e-01
1.650461893451088500e+15,2.162887532373518606e-01
1.650461893453013250e+15,2.170703109162566979e-01
1.650461893454938000e+15,2.178518685951615352e-01
1.650461893456862750e+15,2.186334262740664003e-01
1.650461893458787250e+15,2.194148824387903152e-01
1.650461893460712000e+15,2.201964401176951525e-01
1.650461893462636750e+15,2.209580648549284987e-01
1.650461893464561500e+15,2.215558336500862979e-01
1.650461893466486250e+15,2.221536024452440972e-01
1.650461893468411000e+15,2.227513712404018964e-01
1.650461893470335500e+15,2.233490623931652097e-01
1.650461893472260250e+15,2.239468311883230367e-01
1.650461893474185000e+15,2.245445999834808082e-01
1.650461893476109750e+15,2.251423687786386629e-01
1.650461893478034500e+15,2.257401375737964622e-01
1.650461893479959250e+15,2.263379063689542614e-01
1.650461893481883750e+15,2.269355975217176025e-01
1.650461893483808500e+15,2.255570609610678123e-01
1.650461893485733250e+15,2.238118092858895625e-01
1.650461893487658000e+15,2.220665576107113126e-01
1.650461893489582750e+15,2.203213059355330627e-01
1.650461893491507500e+15,2.185760542603548684e-01
1.650461893493432000e+15,2.168310292706779885e-01
1.650461893495356750e+15,2.150857775954997386e-01
1.650461893497281500e+15,2.152620420715227745e-01
1.650461893499206250e+15,2.158837908520402360e-01
1.650461893501131000e+15,2.165055396325576975e-01
1.650461893503055750e+15,2.171272884130751590e-01
1.650461893504980500e+15,2.177490371935926761e-01
1.650461893506905000e+15,2.183707052170273666e-01
1.650461893508829750e+15,2.189924539975448003e-01
1.650461893510754500e+15,2.196142027780623174e-01
1.650461893512679250e+15,2.202359515585798067e-01
1.650461893514604000e+15,2.208577003390972959e-01
1.650461893516528750e+15,2.208932334555316901e-01
1.650461893518453250e+15,2.208932334555318289e-01
1.650461893520378000e+15,2.208932334555319121e-01
1.650461893522302750e+15,2.208932334555320509e-01
1.650461893524227500e+15,2.208932334555321342e-01
1.650461893526152250e+15,2.208932334555322730e-01
1.650461893528077000e+15,2.208932334555324117e-01
1.650461893530001500e+15,2.201322005146577332e-01
1.650461893531926250e+15,2.181804374860786266e-01
1.650461893533851000e+15,2.162286744574995478e-01
1.650461893535775750e+15,2.142769114289204413e-01
1.650461893537700500e+15,2.123251484003413347e-01
1.650461893539625250e+15,2.103733853717622282e-01
1.650461893541549750e+15,2.085608767579769651e-01
1.650461893543474500e+15,2.079689205609978331e-01
1.650461893545399250e+15,2.073769643640187010e-01
1.650461893547324000e+15,2.067850081670395690e-01
1.650461893549248750e+15,2.061930519700604370e-01
1.650461893551173500e+15,2.056010957730813327e-01
1.650461893553098000e+15,2.050092164635157199e-01
1.650461893555022750e+15,2.044172602665365879e-01
1.650461893556947500e+15,2.038253040695574836e-01
1.650461893558872250e+15,2.032333478725783515e-01
1.650461893560797000e+15,2.026413916755991917e-01
1.650461893562721750e+15,2.035983212412909027e-01
1.650461893564646250e+15,2.051089498846507264e-01
1.650461893566571000e+15,2.066197747645191762e-01
1.650461893568495750e+15,2.081305996443876261e-01
1.650461893570420500e+15,2.096414245242560759e-01
1.650461893572345250e+15,2.111522494041245257e-01
1.650461893574270000e+15,2.126630742839929478e-01
1.650461893576194500e+15,2.141737029273527715e-01
1.650461893578119250e+15,2.156845278072212491e-01
1.650461893580044000e+15,2.171953526870896989e-01
1.650461893581968750e+15,2.187061775669581210e-01
1.650461893583893500e+15,2.202170024468265708e-01
1.650461893585818250e+15,2.203250627356650171e-01
1.650461893587742750e+15,2.192966643812000738e-01
1.650461893589667500e+15,2.182681324338077711e-01
1.650461893591592250e+15,2.172396004864154961e-01
1.650461893593517000e+15,2.162110685390232212e-01
1.650461893595441750e+15,2.151825365916309185e-01
1.650461893597366500e+15,2.141540046442386158e-01
1.650461893599291000e+15,2.131256062897736447e-01
1.650461893601215750e+15,2.120970743423813976e-01
1.650461893603140500e+15,2.110685423949890949e-01
1.650461893605065250e+15,2.100400104475967922e-01
1.650461893606990000e+15,2.090114785002045172e-01
1.650461893608914750e+15,2.086213871524469354e-01
1.650461893610839250e+15,2.086213871524468799e-01
1.650461893612764000e+15,2.086213871524468244e-01
1.650461893614688750e+15,2.086213871524467967e-01
1.650461893616613500e+15,2.086213871524467689e-01
1.650461893618538250e+15,2.086213871524467411e-01
1.650461893620463000e+15,2.078321210116425566e-01
1.650461893622387500e+15,2.069126641787263632e-01
1.650461893624312250e+15,2.059930879048082475e-01
1.650461893626237000e+15,2.050735116308900763e-01
1.650461893628161750e+15,2.041539353569719328e-01
1.650461893630086500e+15,2.032343590830537894e-01
1.650461893632011250e+15,2.020679688012305686e-01
1.650461893633935750e+15,1.998189288802433849e-01
1.650461893635860500e+15,1.975695968002641467e-01
1.650461893637785250e+15,1.953202647202848807e-01
1.650461893639710000e+15,1.930709326403056147e-01
1.650461893641634750e+15,1.908216005603263765e-01
1.650461893643559500e+15,1.908297544009258107e-01
1.650461893645484000e+15,1.916740086445193891e-01
1.650461893647408750e+15,1.925183725600073947e-01
1.650461893649333500e+15,1.933627364754954003e-01
1.650461893651258250e+15,1.942071003909834614e-01
1.650461893653183000e+15,1.950514643064714670e-01
1.650461893655107750e+15,1.958958282219595282e-01
1.650461893657032250e+15,1.959581878198694560e-01
1.650461893658957000e+15,1.951120696019348899e-01
1.650461893660881750e+15,1.942659513840002683e-01
1.650461893662806500e+15,1.934198331660657022e-01
1.650461893664731250e+15,1.925737149481310806e-01
1.650461893666656000e+15,1.917275967301965145e-01
1.650461893668580500e+15,1.908815884120174389e-01
1.650461893670505250e+15,1.903348789314668332e-01
1.650461893672430000e+15,1.909108136864619831e-01
1.650461893674354750e+15,1.914867484414571885e-01
1.650461893676279500e+15,1.920626831964523662e-01
1.650461893678204250e+15,1.926386179514475439e-01
1.650461893680128750e+15,1.932144779000061485e-01
1.650461893682053500e+15,1.937904126550013539e-01
1.650461893683978250e+15,1.943663474099965038e-01
1.650461893685903000e+15,1.949422821649916815e-01
1.650461893687827750e+15,1.955182169199868591e-01
1.650461893689752500e+15,1.960941516749820646e-01
1.650461893691677000e+15,1.958772075139707802e-01
1.650461893693601750e+15,1.950283526238729692e-01
1.650461893695526500e+15,1.941794977337751305e-01
1.650461893697451250e+15,1.933306428436772917e-01
1.650461893699376000e+15,1.924817879535794807e-01
1.650461893701300750e+15,1.916329330634816419e-01
1.650461893703225250e+15,1.907841884285975120e-01
1.650461893705150000e+15,1.905057604208731104e-01
1.650461893707074750e+15,1.913968883229277829e-01
1.650461893708999500e+15,1.922880162249824276e-01
1.650461893710924250e+15,1.931791441270371279e-01
1.650461893712849000e+15,1.940702720290918282e-01
1.650461893714773500e+15,1.949612841852181866e-01
1.650461893716698250e+15,1.958524120872728591e-01
1.650461893718623000e+15,1.951916783066573458e-01
1.650461893720547750e+15,1.925728816802520227e-01
1.650461893722472500e+15,1.899540850538466996e-01
1.650461893724397250e+15,1.873352884274413488e-01
1.650461893726321750e+15,1.847168319486690580e-01
1.650461893728246500e+15,1.820980353222637071e-01
1.650461893730171250e+15,1.794792386958584118e-01
1.650461893732096000e+15,1.768604420694530610e-01
1.650461893734020750e+15,1.742416454430477657e-01
1.650461893735945500e+15,1.718410820588383847e-01
1.650461893737870000e+15,1.723452268782527663e-01
1.650461893739794750e+15,1.728494371880307801e-01
1.650461893741719500e+15,1.733536474978088215e-01
1.650461893743644250e+15,1.738578578075868630e-01
1.650461893745569000e+15,1.743620681173648768e-01
1.650461893747493750e+15,1.748662784271429183e-01
1.650461893749418250e+15,1.753704232465572999e-01
1.650461893751343000e+15,1.758746335563353413e-01
1.650461893753267750e+15,1.763788438661133551e-01
1.650461893755192500e+15,1.768830541758913966e-01
1.650461893757117250e+15,1.773872644856694381e-01
1.650461893759042000e+15,1.778914747954474795e-01
1.650461893760966500e+15,1.784001400934255299e-01
1.650461893762891250e+15,1.789093725048575279e-01
1.650461893764816000e+15,1.794186049162895535e-01
1.650461893766740750e+15,1.799278373277215237e-01
1.650461893768665500e+15,1.804370697391535217e-01
1.650461893770590250e+15,1.809463021505855196e-01
1.650461893772514750e+15,1.814554684193481482e-01
1.650461893774439500e+15,1.819647008307801739e-01
1.650461893776364250e+15,1.824739332422121718e-01
1.650461893778289000e+15,1.829831656536441420e-01
1.650461893780213750e+15,1.834923980650761399e-01
1.650461893782138500e+15,1.840016304765081656e-01
1.650461893784063000e+15,1.809522161490537406e-01
1.650461893785987750e+15,1.772773447104132316e-01
1.650461893787912500e+15,1.736024732717726948e-01
1.650461893789837250e+15,1.699276018331321858e-01
1.650461893791762000e+15,1.662527303944916768e-01
1.650461893793686750e+15,1.625778589558511400e-01
1.650461893795611250e+15,1.594361796557339506e-01
1.650461893797536000e+15,1.588660556834466109e-01
1.650461893799460750e+15,1.582959317111592434e-01
1.650461893801385500e+15,1.577258077388719038e-01
1.650461893803310250e+15,1.571556837665845363e-01
1.650461893805235000e+15,1.565855597942971689e-01
1.650461893807159500e+15,1.560155098737012747e-01
1.650461893809084250e+15,1.554453859014138795e-01
1.650461893811009000e+15,1.548752619291265398e-01
1.650461893812933750e+15,1.543051379568391723e-01
1.650461893814858500e+15,1.537350139845518326e-01
1.650461893816783250e+15,1.536998345045221537e-01
1.650461893818707750e+15,1.544375021772573242e-01
1.650461893820632500e+15,1.551752656758788040e-01
1.650461893822557250e+15,1.559130291745002839e-01
1.650461893824482000e+15,1.566507926731217637e-01
1.650461893826406750e+15,1.573885561717432435e-01
1.650461893828331500e+15,1.581263196703646956e-01
1.650461893830256000e+15,1.588639873430998661e-01
1.650461893832180750e+15,1.594540281611062649e-01
1.650461893834105500e+15,1.585831397247127184e-01
1.650461893836030250e+15,1.577122512883191996e-01
1.650461893837955000e+15,1.568413628519256531e-01
1.650461893839879750e+15,1.559704744155321343e-01
1.650461893841804250e+15,1.550996990962234534e-01
1.650461893843729000e+15,1.542288106598299069e-01
1.650461893845653750e+15,1.534238679143314077e-01
1.650461893847578500e+15,1.539831650390676709e-01
1.650461893849503250e+15,1.545424621638039619e-01
1.650461893851428000e+15,1.551017592885402252e-01
1.650461893853352500e+15,1.556609837678517849e-01
1.650461893855277250e+15,1.562202808925880482e-01
1.650461893857202000e+15,1.567795780173243392e-01
1.650461893859126750e+15,1.573388751420606302e-01
1.650461893861051500e+15,1.578981722667968934e-01
1.650461893862976250e+15,1.584574693915331567e-01
1.650461893864901000e+15,1.590167665162694199e-01
1.650461893866825500e+15,1.594645159765174236e-01
1.650461893868750250e+15,1.585389581327924235e-01
1.650461893870675000e+15,1.576134002890674513e-01
1.650461893872599750e+15,1.566878424453424512e-01
1.650461893874524500e+15,1.557622846016174789e-01
1.650461893876449250e+15,1.548367267578924511e-01
1.650461893878373750e+15,1.539112891320975618e-01
1.650461893880298500e+15,1.537930903578171860e-01
1.650461893882223250e+15,1.546797358597639671e-01
1.650461893884148000e+15,1.555663813617107483e-01
1.650461893886072750e+15,1.564530268636575294e-01
1.650461893887997500e+15,1.573396723656043106e-01
1.650461893889922000e+15,1.582262027038282559e-01
1.650461893891846750e+15,1.591128482057750371e-01
1.650461893893771500e+15,1.589329598361290397e-01
1.650461893895696250e+15,1.577881248142279924e-01
1.650461893897621000e+15,1.566432897923268897e-01
1.650461893899545750e+15,1.554984547704258424e-01
1.650461893901470250e+15,1.543537684477093441e-01
1.650461893903395000e+15,1.533980787885642627e-01
1.650461893905319750e+15,1.533980787885642627e-01
1.650461893907244500e+15,1.533980787885642627e-01
1.650461893909169250e+15,1.533980787885642627e-01
1.650461893911094000e+15,1.533980787885642627e-01
1.650461893913018500e+15,1.533980787885642627e-01
1.650461893914943250e+15,1.531982146952948765e-01
1.650461893916868000e+15,1.526327043483339252e-01
1.650461893918792750e+15,1.520671940013729739e-01
1.650461893920717500e+15,1.515016836544119672e-01
1.650461893922642250e+15,1.509361733074509881e-01
1.650461893924566750e+15,1.503707364129314994e-01
1.650461893926491500e+15,1.498052260659705204e-01
1.650461893928416250e+15,1.492397157190095414e-01
1.650461893930341000e+15,1.486742053720485623e-01
1.650461893932265750e+15,1.481086950250875833e-01
1.650461893934190500e+15,1.475431846781266321e-01
1.650461893936115000e+15,1.478603000086919361e-01
1.650461893938039750e+15,1.490496371774664985e-01
1.650461893939964500e+15,1.502389743462410610e-01
1.650461893941889250e+15,1.514283115150155956e-01
1.650461893943814000e+15,1.526176486837901580e-01
1.650461893945738750e+15,1.533980787885634023e-01
1.650461893947663250e+15,1.533980787885635411e-01
1.650461893949588000e+15,1.533980787885636521e-01
1.650461893951512750e+15,1.533980787885637631e-01
1.650461893953437500e+15,1.533980787885639019e-01
1.650461893955362250e+15,1.533980787885640129e-01
1.650461893957287000e+15,1.533980787885641517e-01
1.650461893959211500e+15,1.533888642837296923e-01
1.650461893961136250e+15,1.527876568877853392e-01
1.650461893963061000e+15,1.521864494918409860e-01
1.650461893964985750e+15,1.515852420958966329e-01
1.650461893966910500e+15,1.509840346999523075e-01
1.650461893968835250e+15,1.503828273040079821e-01
1.650461893970759750e+15,1.497816979970876261e-01
1.650461893972684500e+15,1.491804906011433007e-01
1.650461893974609250e+15,1.485792832051989754e-01
1.650461893976534000e+15,1.479780758092546222e-01
1.650461893978458750e+15,1.473768684133102691e-01
1.650461893980383500e+15,1.472621556370220242e-01
1.650461893982308000e+15,1.472621556370218299e-01
1.650461893984232750e+15,1.472621556370216633e-01
1.650461893986157500e+15,1.472621556370214968e-01
1.650461893988082250e+15,1.472621556370213303e-01
1.650461893990007000e+15,1.472621556370211637e-01
1.650461893991931750e+15,1.472621556370209694e-01
1.650461893993856250e+15,1.465707021758149431e-01
1.650461893995781000e+15,1.456935395134612010e-01
1.650461893997705750e+15,1.448163768511074867e-01
1.650461893999630500e+15,1.439392141887537169e-01
1.650461894001555250e+15,1.430620515263999748e-01
1.650461894003480000e+15,1.421848888640462327e-01
1.650461894005404500e+15,1.413078401337177215e-01
1.650461894007329250e+15,1.411262324854787309e-01
1.650461894009254000e+15,1.411262324854787309e-01
1.650461894011178750e+15,1.411262324854787309e-01
1.650461894013103500e+15,1.411262324854787309e-01
1.650461894015028250e+15,1.411262324854787309e-01
1.650461894016952750e+15,1.411262324854787309e-01
1.650461894018877500e+15,1.411262324854787309e-01
1.650461894020802250e+15,1.411262324854787309e-01
1.650461894022727000e+15,1.411262324854787309e-01
1.650461894024651750e+15,1.411262324854787309e-01
1.650461894026576500e+15,1.411262324854787309e-01
1.650461894028501000e+15,1.411262324854787309e-01
1.650461894030425750e+15,1.422183696249708640e-01
1.650461894032350500e+15,1.433414314437167214e-01
1.650461894034275250e+15,1.444644932624625233e-01
1.650461894036200000e+15,1.455875550812083530e-01
1.650461894038124750e+15,1.467106168999541826e-01
1.650461894040049250e+15,1.459638404369026921e-01
1.650461894041974000e+15,1.434119566672546753e-01
1.650461894043898750e+15,1.408600728976066307e-01
1.650461894045823500e+15,1.383081891279585862e-01
1.650461894047748250e+15,1.357563053583105694e-01
1.650461894049673000e+15,1.353319124951320174e-01
1.650461894051597500e+15,1.358199713546130449e-01
1.650461894053522250e+15,1.363080936148292621e-01
1.650461894055447000e+15,1.367962158750454793e-01
1.650461894057371750e+15,1.372843381352616965e-01
1.650461894059296500e+15,1.377724603954779414e-01
1.650461894061221250e+15,1.382605826556941586e-01
1.650461894063145750e+15,1.387486415151751862e-01
1.650461894065070500e+15,1.392367637753914311e-01
1.650461894066995250e+15,1.397248860356076483e-01
1.650461894068920000e+15,1.402130082958238655e-01
1.650461894070844750e+15,1.407011305560400827e-01
1.650461894072769500e+15,1.411262324854789529e-01
1.650461894074694000e+15,1.411262324854788974e-01
1.650461894076618750e+15,1.411262324854788142e-01
1.650461894078543500e+15,1.411262324854787586e-01
1.650461894080468250e+15,1.411262324854786754e-01
1.650461894082393000e+15,1.411262324854786199e-01
1.650461894084317750e+15,1.411262324854785088e-01
1.650461894086242250e+15,1.394553518103445466e-01
1.650461894088167000e+15,1.374898651307637221e-01
1.650461894090091750e+15,1.355243784511828697e-01
1.650461894092016500e+15,1.335588917716020452e-01
1.650461894093941250e+15,1.315934050920212206e-01
1.650461894095866000e+15,1.296279184124404238e-01
1.650461894097790500e+15,1.276626870240246125e-01
1.650461894099715250e+15,1.256972003444437880e-01
1.650461894101640000e+15,1.237317136648629495e-01
1.650461894103564750e+15,1.217662269852821111e-01
1.650461894105489500e+15,1.198007403057012865e-01
1.650461894107414250e+15,1.178352536261204619e-01
1.650461894109338750e+15,1.165825398793088052e-01
1.650461894111263500e+15,1.165825398793088608e-01
1.650461894113188250e+15,1.165825398793089163e-01
1.650461894115113000e+15,1.165825398793089579e-01
1.650461894117037750e+15,1.165825398793089995e-01
1.650461894118962500e+15,1.165825398793090550e-01
1.650461894120887000e+15,1.165825398793091106e-01
1.650461894122811750e+15,1.165825398793091661e-01
1.650461894124736500e+15,1.165825398793092077e-01
1.650461894126661250e+15,1.165825398793092632e-01
1.650461894128586000e+15,1.165825398793093048e-01
1.650461894130510750e+15,1.165825398793093742e-01
1.650461894132435250e+15,1.165825398793094159e-01
1.650461894134360000e+15,1.165825398793094159e-01
1.650461894136284750e+15,1.165825398793093465e-01
1.650461894138209500e+15,1.165825398793093048e-01
1.650461894140134250e+15,1.165825398793092216e-01
1.650461894142059000e+15,1.165825398793091799e-01
1.650461894143983500e+15,1.165825398793091383e-01
1.650461894145908250e+15,1.165825398793090550e-01
1.650461894147833000e+15,1.165825398793089995e-01
1.650461894149757750e+15,1.165825398793089440e-01
1.650461894151682500e+15,1.165825398793088885e-01
1.650461894153607250e+15,1.165825398793088469e-01
1.650461894155531750e+15,1.165825398793087775e-01
1.650461894157456500e+15,1.165825398793087081e-01
1.650461894159381250e+15,1.165825398793086110e-01
1.650461894161306000e+15,1.165825398793085416e-01
1.650461894163230750e+15,1.165825398793084444e-01
1.650461894165155500e+15,1.165825398793083750e-01
1.650461894167080000e+15,1.165825398793083473e-01
1.650461894169004750e+15,1.165825398793083889e-01
1.650461894170929500e+15,1.165825398793084167e-01
1.650461894172854250e+15,1.165825398793084583e-01
1.650461894174779000e+15,1.165825398793084999e-01
1.650461894176703750e+15,1.165825398793085277e-01
1.650461894178628250e+15,1.165825398793085554e-01
1.650461894180553000e+15,1.165825398793085832e-01
1.650461894182477750e+15,1.165825398793086248e-01
1.650461894184402500e+15,1.165825398793086665e-01
1.650461894186327250e+15,1.165825398793086803e-01
1.650461894188252000e+15,1.165825398793087220e-01
1.650461894190176500e+15,1.165825398793087497e-01
1.650461894192101250e+15,1.165825398793087497e-01
1.650461894194026000e+15,1.165825398793086942e-01
1.650461894195950750e+15,1.165825398793086248e-01
1.650461894197875500e+15,1.165825398793085554e-01
1.650461894199800250e+15,1.165825398793084861e-01
1.650461894201724750e+15,1.165825398793084167e-01
1.650461894203649500e+15,1.165825398793083473e-01
1.650461894205574250e+15,1.165825398793083473e-01
1.650461894207499000e+15,1.165825398793083612e-01
1.650461894209423750e+15,1.165825398793083889e-01
1.650461894211348500e+15,1.165825398793083889e-01
1.650461894213273250e+15,1.165825398793084305e-01
1.650461894215197750e+15,1.165825398793084444e-01
1.650461894217122500e+15,1.165825398793084583e-01
1.650461894219047250e+15,1.165825398793084861e-01
1.650461894220972000e+15,1.165825398793085138e-01
1.650461894222896750e+15,1.165825398793085138e-01
1.650461894224821500e+15,1.165825398793085277e-01
1.650461894226746000e+15,1.165825398793085693e-01
1.650461894228670750e+15,1.165825398793086110e-01
1.650461894230595500e+15,1.165825398793086665e-01
1.650461894232520250e+15,1.165825398793086942e-01
1.650461894234445000e+15,1.165825398793087359e-01
1.650461894236369750e+15,1.165825398793087775e-01
1.650461894238294250e+15,1.165825398793087359e-01
1.650461894240219000e+15,1.165825398793086942e-01
1.650461894242143750e+15,1.165825398793086803e-01
1.650461894244068500e+15,1.165825398793086387e-01
1.650461894245993250e+15,1.165825398793086110e-01
1.650461894247918000e+15,1.165825398793085832e-01
1.650461894249842500e+15,1.165825398793086387e-01
1.650461894251767250e+15,1.165825398793087636e-01
1.650461894253692000e+15,1.165825398793089024e-01
1.650461894255616750e+15,1.165825398793090273e-01
1.650461894257541500e+15,1.165825398793091661e-01
1.650461894259466250e+15,1.165825398793092771e-01
1.650461894261390750e+15,1.165825398793094159e-01
1.650461894263315500e+15,1.165825398793093881e-01
1.650461894265240250e+15,1.165825398793092771e-01
1.650461894267165000e+15,1.165825398793091661e-01
1.650461894269089750e+15,1.165825398793090550e-01
1.650461894271014500e+15,1.165825398793089440e-01
1.650461894272939000e+15,1.165825398793088608e-01
1.650461894274863750e+15,1.165825398793087497e-01
1.650461894276788500e+15,1.165825398793086665e-01
1.650461894278713250e+15,1.165825398793085554e-01
1.650461894280638000e+15,1.165825398793084305e-01
1.650461894282562750e+15,1.165825398793083473e-01
1.650461894284487250e+15,1.160873447932111446e-01
1.650461894286412000e+15,1.155361655293883766e-01
1.650461894288336750e+15,1.149849862655655947e-01
1.650461894290261500e+15,1.144338070017428266e-01
1.650461894292186250e+15,1.138826277379200447e-01
1.650461894294111000e+15,1.133314484740972627e-01
1.650461894296035500e+15,1.127803408012945929e-01
1.650461894297960250e+15,1.122291615374718110e-01
1.650461894299885000e+15,1.116779822736490291e-01
1.650461894301809750e+15,1.111268030098262610e-01
1.650461894303734500e+15,1.105756237460034791e-01
1.650461894305659250e+15,1.104466167277662197e-01
1.650461894307583750e+15,1.104466167277662336e-01
1.650461894309508500e+15,1.104466167277662197e-01
1.650461894311433250e+15,1.104466167277662197e-01
1.650461894313358000e+15,1.104466167277662336e-01
1.650461894315282750e+15,1.104466167277662336e-01
1.650461894317207500e+15,1.104466167277662197e-01
1.650461894319132000e+15,1.104466167277662336e-01
1.650461894321056750e+15,1.104466167277662336e-01
1.650461894322981500e+15,1.104466167277662197e-01
1.650461894324906250e+15,1.104466167277662197e-01
1.650461894326831000e+15,1.108828864931282465e-01
1.650461894328755750e+15,1.121141331659736146e-01
1.650461894330680250e+15,1.133452199158844764e-01
1.650461894332605000e+15,1.145764665887298445e-01
1.650461894334529750e+15,1.158077132615752125e-01
1.650461894336454500e+15,1.159667034510317996e-01
1.650461894338379250e+15,1.143054123994166754e-01
1.650461894340304000e+15,1.126441213478015513e-01
1.650461894342228500e+15,1.109830460762944448e-01
1.650461894344153250e+15,1.093217550246793068e-01
1.650461894346078000e+15,1.076604639730641966e-01
1.650461894348002750e+15,1.059991729214490586e-01
1.650461894349927500e+15,1.043378818698339205e-01
1.650461894351852250e+15,1.047826541070867035e-01
1.650461894353776750e+15,1.052624048223358699e-01
1.650461894355701500e+15,1.057422178590601142e-01
1.650461894357626250e+15,1.062220308957843584e-01
1.650461894359551000e+15,1.067018439325086165e-01
1.650461894361475750e+15,1.071816569692328469e-01
1.650461894363400500e+15,1.076614700059571050e-01
1.650461894365325000e+15,1.081412207212062715e-01
1.650461894367249750e+15,1.086210337579305296e-01
1.650461894369174500e+15,1.091008467946547739e-01
1.650461894371099250e+15,1.095806598313790042e-01
1.650461894373024000e+15,1.100604728681032485e-01
1.650461894374948750e+15,1.102906978041038738e-01
1.650461894376873250e+15,1.094921190453872345e-01
1.650461894378798000e+15,1.086934365481984077e-01
1.650461894380722750e+15,1.078947540510095809e-01
1.650461894382647500e+15,1.070960715538207680e-01
1.650461894384572250e+15,1.062973890566319413e-01
1.650461894386497000e+15,1.054987065594431284e-01
1.650461894388421500e+15,1.047001278007264752e-01
1.650461894390346250e+15,1.049628709884673355e-01
1.650461894392271000e+15,1.062356501765190087e-01
1.650461894394195750e+15,1.075084293645706957e-01
1.650461894396120500e+15,1.087812085526223688e-01
1.650461894398045250e+15,1.100539877406740419e-01
1.650461894399969750e+15,1.097688231082828980e-01
1.650461894401894500e+15,1.087884862538019276e-01
1.650461894403819250e+15,1.078081493993209294e-01
1.650461894405744000e+15,1.068278125448399590e-01
1.650461894407668750e+15,1.058474756903589747e-01
1.650461894409593500e+15,1.048671388358779905e-01
1.650461894411518000e+15,1.040656454284728805e-01
1.650461894413442750e+15,1.034987506900323373e-01
1.650461894415367500e+15,1.029318559515918219e-01
1.650461894417292250e+15,1.023649612131512926e-01
1.650461894419217000e+15,1.017980664747107633e-01
1.650461894421141750e+15,1.012311717362702340e-01
1.650461894423066250e+15,1.006643506300856361e-01
1.650461894424991000e+15,1.000974558916451207e-01
1.650461894426915750e+15,9.953056115320457753e-02
1.650461894428840500e+15,9.896366641476406212e-02
1.650461894430765250e+15,9.839677167632351895e-02
1.650461894432690000e+15,9.633454350434361713e-02
1.650461894434614500e+15,9.331019106353345693e-02
1.650461894436539250e+15,9.028544574763354424e-02
1.650461894438464000e+15,8.726070043173364543e-02
1.650461894440388750e+15,8.423595511583373274e-02
1.650461894442313500e+15,8.121120979993382005e-02
1.650461894444238250e+15,7.818646448403390736e-02
1.650461894446162750e+15,7.516211204322374717e-02
1.650461894448087500e+15,7.472243166498221401e-02
1.650461894450012250e+15,7.693240885172085430e-02
1.650461894451937000e+15,7.914238603845949460e-02
1.650461894453861750e+15,8.135236322519812102e-02
1.650461894455786500e+15,8.356234041193677520e-02
1.650461894457711000e+15,8.577203055137229415e-02
1.650461894459635750e+15,8.501733326820400116e-02
1.650461894461560500e+15,8.407598797201931706e-02
1.650461894463485250e+15,8.313464267583464684e-02
1.650461894465410000e+15,8.219329737964999050e-02
1.650461894467334750e+15,8.125195208346532028e-02
1.650461894469259250e+15,8.031072905579555998e-02
1.650461894471184000e+15,8.023514150329277839e-02
1.650461894473108750e+15,8.134344838072640749e-02
1.650461894475033500e+15,8.245175525816003659e-02
1.650461894476958250e+15,8.356006213559366569e-02
1.650461894478883000e+15,8.466836901302729479e-02
1.650461894480807500e+15,8.577653193580742075e-02
1.650461894482732250e+15,8.486895179547643275e-02
1.650461894484657000e+15,8.370188641814246822e-02
1.650461894486581750e+15,8.253482104080850368e-02
1.650461894488506500e+15,8.136775566347452526e-02
1.650461894490431250e+15,8.020069028614057460e-02
1.650461894492355750e+15,7.903377649542528416e-02
1.650461894494280500e+15,7.786671111809131962e-02
1.650461894496205250e+15,7.669964574075735508e-02
1.650461894498130000e+15,7.553258036342339055e-02
1.650461894500054750e+15,7.436551498608942601e-02
1.650461894501979500e+15,7.363107781851141453e-02
1.650461894503904000e+15,7.363107781851141453e-02
1.650461894505828750e+15,7.363107781851141453e-02
1.650461894507753500e+15,7.363107781851141453e-02
1.650461894509678250e+15,7.363107781851141453e-02
1.650461894511603000e+15,7.363107781851141453e-02
1.650461894513527750e+15,7.363107781851141453e-02
1.650461894515452250e+15,7.363107781851141453e-02
1.650461894517377000e+15,7.363107781851141453e-02
1.650461894519301750e+15,7.363107781851141453e-02
1.650461894521226500e+15,7.363107781851141453e-02
1.650461894523151250e+15,7.363107781851141453e-02
1.650461894525076000e+15,7.363107781851141453e-02
1.650461894527000500e+15,7.363107781851137290e-02
1.650461894528925250e+15,7.363107781851130351e-02
1.650461894530850000e+15,7.363107781851124800e-02
1.650461894532774750e+15,7.363107781851119249e-02
1.650461894534699500e+15,7.363107781851113698e-02
1.650461894536624250e+15,7.363107781851108147e-02
1.650461894538548750e+15,7.363107781851102596e-02
1.650461894540473500e+15,7.363107781851097045e-02
1.650461894542398250e+15,7.363107781851091493e-02
1.650461894544323000e+15,7.363107781851085942e-02
1.650461894546247750e+15,7.363107781851081779e-02
1.650461894548172500e+15,7.363107781851074840e-02
1.650461894550097000e+15,7.363107781851083167e-02
1.650461894552021750e+15,7.363107781851091493e-02
1.650461894553946500e+15,7.363107781851099820e-02
1.650461894555871250e+15,7.363107781851108147e-02
1.650461894557796000e+15,7.363107781851116473e-02
1.650461894559720750e+15,7.394542148794355785e-02
1.650461894561645250e+15,7.446885163444809386e-02
1.650461894563570000e+15,7.499234977655490353e-02
1.650461894565494750e+15,7.551584791866172708e-02
1.650461894567419500e+15,7.603934606076853675e-02
1.650461894569344250e+15,7.656284420287536030e-02
1.650461894571269000e+15,7.708634234498218385e-02
1.650461894573193750e+15,7.760984048708899352e-02
1.650461894575118250e+15,7.813327063359350177e-02
1.650461894577043000e+15,7.865676877570032532e-02
1.650461894578967750e+15,7.918026691780714887e-02
1.650461894580892500e+15,7.970376505991395855e-02
1.650461894582817250e+15,7.904315879834170055e-02
1.650461894584742000e+15,7.821986719249088282e-02
1.650461894586666500e+15,7.739668252151550576e-02
1.650461894588591250e+15,7.657339091566470191e-02
1.650461894590516000e+15,7.575009930981389805e-02
1.650461894592440750e+15,7.492680770396309420e-02
1.650461894594365500e+15,7.410351609811227647e-02
1.650461894596290250e+15,7.340614972747377953e-02
1.650461894598214750e+15,7.287841536453380786e-02
1.650461894600139500e+15,7.235061244685714321e-02
1.650461894602064250e+15,7.182280952918047856e-02
1.650461894603989000e+15,7.129500661150384166e-02
1.650461894605913750e+15,7.076720369382719089e-02
1.650461894607838500e+15,7.023940077615052624e-02
1.650461894609763000e+15,6.971166641321055457e-02
1.650461894611687750e+15,6.918386349553390380e-02
1.650461894613612500e+15,6.865606057785725302e-02
1.650461894615537250e+15,6.812825766018058837e-02
1.650461894617462000e+15,6.760045474250393760e-02
1.650461894619386750e+15,6.749515466696798249e-02
1.650461894621311250e+15,6.749515466696798249e-02
1.650461894623236000e+15,6.749515466696798249e-02
1.650461894625160750e+15,6.749515466696798249e-02
1.650461894627085500e+15,6.749515466696798249e-02
1.650461894629010250e+15,6.749515466696798249e-02
1.650461894630935000e+15,6.689171829973031280e-02
1.650461894632859500e+15,6.601525544029715475e-02
1.650461894634784250e+15,6.513867872494566447e-02
1.650461894636709000e+15,6.426210200959417418e-02
1.650461894638633750e+15,6.338552529424268389e-02
1.650461894640558500e+15,6.250894857889119360e-02
1.650461894642483250e+15,6.163237186353969638e-02
1.650461894644407750e+15,6.135923151542588272e-02
1.650461894646332500e+15,6.135923151542587578e-02
1.650461894648257250e+15,6.135923151542588272e-02
1.650461894650182000e+15,6.135923151542588272e-02
1.650461894652106750e+15,6.135923151542588272e-02
1.650461894654031500e+15,6.135923151542588272e-02
1.650461894655956000e+15,6.135923151542587578e-02
1.650461894657880750e+15,6.135923151542588272e-02
1.650461894659805500e+15,6.135923151542588272e-02
1.650461894661730250e+15,6.135923151542588272e-02
1.650461894663655000e+15,6.135923151542588272e-02
1.650461894665579750e+15,6.135923151542588966e-02
1.650461894667504250e+15,6.135923151542588272e-02
1.650461894669429000e+15,6.135923151542588272e-02
1.650461894671353750e+15,6.135923151542588272e-02
1.650461894673278500e+15,6.135923151542588272e-02
1.650461894675203250e+15,6.135923151542588272e-02
1.650461894677128000e+15,6.135923151542588966e-02
1.650461894679052500e+15,6.079181088204384242e-02
1.650461894680977250e+15,6.017807507754702190e-02
1.650461894682902000e+15,5.956433927305019443e-02
1.650461894684826750e+15,5.895060346855336697e-02
1.650461894686751500e+15,5.833686766405654645e-02
1.650461894688676250e+15,5.772313185955972592e-02
1.650461894690600750e+15,5.710947577136429865e-02
1.650461894692525500e+15,5.649573996686747812e-02
1.650461894694450250e+15,5.588200416237065066e-02
1.650461894696375000e+15,5.526826835787383013e-02
1.650461894698299750e+15,5.628551264586705710e-02
1.650461894700224500e+15,5.743168093836825694e-02
1.650461894702149000e+15,5.857770035851037754e-02
1.650461894704073750e+15,5.972386865101157738e-02
1.650461894705998500e+15,6.087003694351277722e-02
1.650461894707923250e+15,5.836588319929077173e-02
1.650461894709848000e+15,5.314363332711215943e-02
1.650461894711772750e+15,4.792138345493354018e-02
1.650461894713697250e+15,4.269981188511525610e-02
1.650461894715622000e+15,3.747756201293663686e-02
1.650461894717546750e+15,3.808602422918200975e-02
1.650461894719471500e+15,3.954095007748179014e-02
1.650461894721396250e+15,4.099587592578157053e-02
1.650461894723321000e+15,4.245080177408135091e-02
1.650461894725245500e+15,4.390553864642992438e-02
1.650461894727170250e+15,4.536046449472970477e-02
1.650461894729095000e+15,4.681539034302949209e-02
1.650461894731019750e+15,4.827031619132926554e-02
1.650461894732944500e+15,4.972524203962903899e-02
1.650461894734869250e+15,5.118016788792883326e-02
1.650461894736793750e+15,5.263490476027741366e-02
1.650461894738718500e+15,5.408983060857718711e-02
1.650461894740643250e+15,5.497811936555656309e-02
1.650461894742568000e+15,5.386835446366481511e-02
1.650461894744492750e+15,5.275858956177306713e-02
1.650461894746417500e+15,5.164882465988132609e-02
1.650461894748342000e+15,5.053920390202153168e-02
1.650461894750266750e+15,4.942943900012977676e-02
1.650461894752191500e+15,4.831967409823803572e-02
1.650461894754116250e+15,4.720990919634629468e-02
1.650461894756041000e+15,4.610014429445454670e-02
1.650461894757965750e+15,4.499037939256280566e-02
1.650461894759890250e+15,4.388075863470300431e-02
1.650461894761815000e+15,4.295146206079780010e-02
1.650461894763739750e+15,4.295146206079774459e-02
1.650461894765664500e+15,4.295146206079770296e-02
1.650461894767589250e+15,4.295146206079764745e-02
1.650461894769514000e+15,4.295146206079759887e-02
1.650461894771438500e+15,4.295146206079754336e-02
1.650461894773363250e+15,4.295146206079749479e-02
1.650461894775288000e+15,4.295146206079744622e-02
1.650461894777212750e+15,4.295146206079739071e-02
1.650461894779137500e+15,4.295146206079734214e-02
1.650461894781062250e+15,4.295146206079729356e-02
1.650461894782986750e+15,4.295146206079724499e-02
1.650461894784911500e+15,4.295146206079718948e-02
1.650461894786836250e+15,4.295146206079714091e-02
1.650461894788761000e+15,4.295146206079714091e-02
1.650461894790685750e+15,4.295146206079713397e-02
1.650461894792610500e+15,4.295146206079714091e-02
1.650461894794535000e+15,4.295146206079714091e-02
1.650461894796459750e+15,4.295146206079713397e-02
1.650461894798384500e+15,4.295146206079714091e-02
1.650461894800309250e+15,4.184034135364556040e-02
1.650461894802234000e+15,4.063768167076069193e-02
1.650461894804158750e+15,3.943502198787582347e-02
1.650461894806083250e+15,3.823251851484716496e-02
1.650461894808008000e+15,3.702985883196229649e-02
1.650461894809932750e+15,3.746796539789190583e-02
1.650461894811857500e+15,3.826186954456648609e-02
1.650461894813782250e+15,3.905577369124107329e-02
1.650461894815707000e+15,3.984967783791565354e-02
1.650461894817631500e+15,4.064347886676367844e-02
1.650461894819556250e+15,4.143738301343825869e-02
1.650461894821481000e+15,4.223128716011283895e-02
1.650461894823405750e+15,4.283338732042358404e-02
1.650461894825330500e+15,4.156197833281113918e-02
1.650461894827255250e+15,4.029056934519870126e-02
1.650461894829179750e+15,3.901932549708328479e-02
1.650461894831104500e+15,3.774791650947085381e-02
1.650461894833029250e+15,3.647650752185840894e-02
1.650461894834954000e+15,3.520509853424597796e-02
1.650461894836878750e+15,3.393368954663353310e-02
1.650461894838803500e+15,3.266228055902110211e-02
1.650461894840728000e+15,3.139103671090569259e-02
1.650461894842652750e+15,3.110584722704392430e-02
1.650461894844577500e+15,3.207357240616001692e-02
1.650461894846502250e+15,3.304129758527610955e-02
1.650461894848427000e+15,3.400902276439220218e-02
1.650461894850351750e+15,3.497674794350829480e-02
1.650461894852276250e+15,3.594434742770568486e-02
1.650461894854201000e+15,3.672411432093533601e-02
1.650461894856125750e+15,3.580760663151020401e-02
1.650461894858050500e+15,3.489109894208505813e-02
1.650461894859975250e+15,3.397459125265991919e-02
1.650461894861900000e+15,3.305808356323478026e-02
1.650461894863824500e+15,3.214169491624234432e-02
1.650461894865749250e+15,3.122518722681720538e-02
1.650461894867674000e+15,3.046471223576992238e-02
1.650461894869598750e+15,2.993372949654091869e-02
1.650461894871523500e+15,2.940274675731191500e-02
1.650461894873448250e+15,2.887176401808290785e-02
1.650461894875372750e+15,2.834085024660806112e-02
1.650461894877297500e+15,2.780986750737905744e-02
1.650461894879222250e+15,2.727888476815005375e-02
1.650461894881147000e+15,2.674790202892104660e-02
1.650461894883071750e+15,2.621691928969204638e-02
1.650461894884996500e+15,2.568593655046303922e-02
1.650461894886921000e+15,2.515502277898818903e-02
1.650461894888845750e+15,2.462404003975918187e-02
1.650461894890770500e+15,2.496067602623274276e-02
1.650461894892695250e+15,2.545200681151920524e-02
1.650461894894620000e+15,2.594333759680566773e-02
1.650461894896544750e+15,2.643466838209213021e-02
1.650461894898469250e+15,2.692593534989771303e-02
1.650461894900394000e+15,2.741726613518417205e-02
1.650461894902318750e+15,2.790859692047063106e-02
1.650461894904243500e+15,2.839992770575709008e-02
1.650461894906168250e+15,2.889125849104355256e-02
1.650461894908093000e+15,2.938258927633001505e-02
1.650461894910017500e+15,2.987385624413559440e-02
1.650461894911942250e+15,3.036518702942205342e-02
1.650461894913867000e+15,3.032641410109471886e-02
1.650461894915791750e+15,2.934542580589319730e-02
1.650461894917716500e+15,2.836443751069167574e-02
1.650461894919641250e+15,2.738344921549015765e-02
1.650461894921566000e+15,2.640246092028863956e-02
1.650461894923490500e+15,2.542160004271216273e-02
1.650461894925415250e+15,2.454369260616995341e-02
1.650461894927340000e+15,2.454369260616995341e-02
1.650461894929264750e+15,2.454369260616995341e-02
1.650461894931189500e+15,2.454369260616995341e-02
1.650461894933114250e+15,2.454369260616995341e-02
1.650461894935038750e+15,2.454369260616995688e-02
1.650461894936963500e+15,2.366753314426166266e-02
1.650461894938888250e+15,2.212392863688593739e-02
1.650461894940813000e+15,2.058032412951021906e-02
1.650461894942737750e+15,1.903671962213449725e-02
1.650461894944662500e+15,1.749311511475877545e-02
1.650461894946587000e+15,1.594971110153909494e-02
1.650461894948511750e+15,1.440610659416337140e-02
1.650461894950436500e+15,1.286250208678764786e-02
1.650461894952361250e+15,1.131889757941192606e-02
1.650461894954286000e+15,9.775293072036204262e-03
1.650461894956210750e+15,8.231688564660482460e-03
1.650461894958135250e+15,6.688284551440801945e-03
1.650461894960060000e+15,6.135923151542120590e-03
1.650461894961984750e+15,6.135923151542153550e-03
1.650461894963909500e+15,6.135923151542186510e-03
1.650461894965834250e+15,6.135923151542220337e-03
1.650461894967759000e+15,6.135923151542253297e-03
1.650461894969683500e+15,6.135923151542286257e-03
1.650461894971608250e+15,6.135923151542319216e-03
1.650461894973533000e+15,7.294046001646972699e-03
1.650461894975457750e+15,8.535191299942589127e-03
1.650461894977382500e+15,9.776336598238205555e-03
1.650461894979307250e+15,1.101748189653382198e-02
1.650461894981231750e+15,1.225846598619217444e-02
1.650461894983156500e+15,1.349961128448779260e-02
1.650461894985081250e+15,1.474075658278340729e-02
1.650461894987006000e+15,1.598190188107902199e-02
1.650461894988930750e+15,1.722304717937463842e-02
1.650461894990855500e+15,1.840776945462785363e-02
1.650461894992780000e+15,1.840776945462785363e-02
1.650461894994704750e+15,1.840776945462785363e-02
1.650461894996629500e+15,1.840776945462785363e-02
1.650461894998554250e+15,1.840776945462785363e-02
1.650461895000479000e+15,1.840776945462785363e-02
1.650461895002403750e+15,1.840776945462785363e-02
1.650461895004328250e+15,1.840776945462785363e-02
1.650461895006253000e+15,1.840776945462785363e-02
1.650461895008177750e+15,1.840776945462785363e-02
1.650461895010102500e+15,1.840776945462785363e-02
1.650461895012027250e+15,1.840776945462785363e-02
1.650461895013952000e+15,1.840776945462785363e-02
1.650461895015876500e+15,1.840776945462785363e-02
1.650461895017801250e+15,1.840776945462785363e-02
1.650461895019726000e+15,1.840776945462785363e-02
1.650461895021650750e+15,1.840776945462785363e-02
1.650461895023575500e+15,1.840776945462785710e-02
1.650461895025500250e+15,1.840776945462785363e-02
1.650461895027424750e+15,1.840776945462785363e-02
1.650461895029349500e+15,1.802255013024555222e-02
1.650461895031274250e+15,1.748075188793292434e-02
1.650461895033199000e+15,1.693895364562029993e-02
1.650461895035123750e+15,1.639715540330767204e-02
1.650461895037048500e+15,1.585535716099504416e-02
1.650461895038973000e+15,1.531362929122979943e-02
1.650461895040897750e+15,1.477183104891717155e-02
1.650461895042822500e+15,1.423003280660454541e-02
1.650461895044747250e+15,1.368823456429191926e-02
1.650461895046672000e+15,1.314643632197929138e-02
1.650461895048596750e+15,1.260463807966666176e-02
1.650461895050521250e+15,1.266995722609555453e-02
1.650461895052446000e+15,1.370231020563494884e-02
1.650461895054370750e+15,1.473466318517433968e-02
1.650461895056295500e+15,1.576701616471373399e-02
1.650461895058220250e+15,1.679936914425312830e-02
1.650461895060145000e+15,1.783172212379251914e-02
1.650461895062069500e+15,1.840776945462780506e-02
1.650461895063994250e+15,1.840776945462768710e-02
1.650461895065919000e+15,1.840776945462757261e-02
1.650461895067843750e+15,1.840776945462745812e-02
1.650461895069768500e+15,1.840776945462734016e-02
1.650461895071693250e+15,1.840776945462722566e-02
1.650461895073617750e+15,1.840776945462711117e-02
1.650461895075542500e+15,1.840776945462699321e-02
1.650461895077467250e+15,1.840776945462707995e-02
1.650461895079392000e+15,1.840776945462722566e-02
1.650461895081316750e+15,1.840776945462737138e-02
1.650461895083241500e+15,1.840776945462751710e-02
1.650461895085166000e+15,1.840776945462766281e-02
1.650461895087090750e+15,1.840776945462780853e-02
1.650461895089015500e+15,1.954579529560587434e-02
1.650461895090940250e+15,2.117860575958086314e-02
1.650461895092865000e+15,2.281141622355584847e-02
1.650461895094789750e+15,2.444422668753083727e-02
1.650461895096714250e+15,2.607682507065584715e-02
1.650461895098639000e+15,2.770963553463083248e-02
1.650461895100563750e+15,2.934244599860582128e-02
1.650461895102488500e+15,3.097525646258080662e-02
1.650461895104413250e+15,3.260806692655579542e-02
1.650461895106338000e+15,3.424087739053078422e-02
1.650461895108262500e+15,3.587347577365580104e-02
1.650461895110187250e+15,3.638362402478163837e-02
1.650461895112112000e+15,3.536264990885931020e-02
1.650461895114036750e+15,3.434167579293698203e-02
1.650461895115961500e+15,3.332070167701466079e-02
1.650461895117886250e+15,3.229972756109233262e-02
1.650461895119810750e+15,3.127888605643328046e-02
1.650461895121735500e+15,3.025791194051094882e-02
1.650461895123660250e+15,2.923693782458862411e-02
1.650461895125585000e+15,2.821596370866629594e-02
1.650461895127509750e+15,2.719498959274396777e-02
1.650461895129434500e+15,2.617401547682164306e-02
1.650461895131359000e+15,2.515317397216258744e-02
1.650461895133283750e+15,2.535812367551860264e-02
1.650461895135208500e+15,2.737884710539838229e-02
1.650461895137133250e+15,2.939957053527816194e-02
1.650461895139058000e+15,3.142029396515794160e-02
1.650461895140982750e+15,3.344101739503771431e-02
1.650461895142907250e+15,3.546147835921677205e-02
1.650461895144832000e+15,3.681553890925570727e-02
1.650461895146756750e+15,3.681553890925570727e-02
1.650461895148681500e+15,3.681553890925570727e-02
1.650461895150606250e+15,3.681553890925570727e-02
1.650461895152531000e+15,3.681553890925570727e-02
1.650461895154455500e+15,3.681553890925570727e-02
1.650461895156380250e+15,3.681553890925570727e-02
1.650461895158305000e+15,3.490533979926759706e-02
1.650461895160229750e+15,3.250856291729260772e-02
1.650461895162154500e+15,3.011178603531763226e-02
1.650461895164079250e+15,2.771500915334264292e-02
1.650461895166003750e+15,2.531854358152248879e-02
1.650461895167928500e+15,2.491175191835998462e-02
1.650461895169853250e+15,2.545564609197757677e-02
1.650461895171778000e+15,2.599954026559516893e-02
1.650461895173702750e+15,2.654343443921275761e-02
1.650461895175627500e+15,2.708732861283034976e-02
1.650461895177552000e+15,2.763115214166633055e-02
1.650461895179476750e+15,2.817504631528392270e-02
1.650461895181401500e+15,2.871894048890151485e-02
1.650461895183326250e+15,2.926283466251910353e-02
1.650461895185251000e+15,2.980672883613669569e-02
1.650461895187175750e+15,3.035062300975428437e-02
1.650461895189100250e+15,3.067961575771335422e-02
1.650461895191025000e+15,3.067961575771329177e-02
1.650461895192949750e+15,3.067961575771321892e-02
1.650461895194874500e+15,3.067961575771315647e-02
1.650461895196799250e+15,3.067961575771308708e-02
1.650461895198724000e+15,3.067961575771301769e-02
1.650461895200648500e+15,3.067961575771295177e-02
1.650461895202573250e+15,3.067961575771288585e-02
1.650461895204498000e+15,3.067961575771281646e-02
1.650461895206422750e+15,3.067961575771275401e-02
1.650461895208347500e+15,3.067961575771268115e-02
1.650461895210272250e+15,3.067961575771261523e-02
1.650461895212196750e+15,3.067961575771254584e-02
1.650461895214121500e+15,3.114148363223496682e-02
1.650461895216046250e+15,3.330708702197219401e-02
1.650461895217971000e+15,3.547269041170941772e-02
1.650461895219895750e+15,3.763829380144663450e-02
1.650461895221820500e+15,3.980389719118385822e-02
1.650461895223745000e+15,4.196921929719725497e-02
1.650461895225669750e+15,4.394736594577252492e-02
1.650461895227594500e+15,4.576991503310760129e-02
1.650461895229519250e+15,4.759246412044268459e-02
1.650461895231444000e+15,4.941501320777776096e-02
1.650461895233368750e+15,5.123756229511283733e-02
1.650461895235293250e+15,5.305987465701768324e-02
1.650461895237218000e+15,5.488242374435275961e-02
1.650461895239142750e+15,5.522330836388288089e-02
1.650461895241067500e+15,5.522330836388286007e-02
1.650461895242992250e+15,5.522330836388283926e-02
1.650461895244917000e+15,5.522330836388281844e-02
1.650461895246841500e+15,5.522330836388279762e-02
1.650461895248766250e+15,5.522330836388277681e-02
1.650461895250691000e+15,5.522330836388275599e-02
1.650461895252615750e+15,5.522330836388273517e-02
1.650461895254540500e+15,5.522330836388271436e-02
1.650461895256465250e+15,5.522330836388268660e-02
1.650461895258389750e+15,5.522330836388267272e-02
1.650461895260314500e+15,5.522330836388267272e-02
1.650461895262239250e+15,5.522330836388267272e-02
1.650461895264164000e+15,5.522330836388267272e-02
1.650461895266088750e+15,5.522330836388267966e-02
1.650461895268013500e+15,5.522330836388267272e-02
1.650461895269938000e+15,5.522330836388273517e-02
1.650461895271862750e+15,5.522330836388282538e-02
1.650461895273787500e+15,5.522330836388292252e-02
1.650461895275712250e+15,5.522330836388303354e-02
1.650461895277637000e+15,5.522330836388313069e-02
1.650461895279561750e+15,5.522330836388322783e-02
1.650461895281486500e+15,5.522330836388332498e-02
1.650461895283411000e+15,5.522330836388334580e-02
1.650461895285335750e+15,5.522330836388336661e-02
1.650461895287260500e+15,5.522330836388337355e-02
1.650461895289185250e+15,5.522330836388339437e-02
1.650461895291110000e+15,5.522330836388340825e-02
1.650461895293034750e+15,5.522330836388342212e-02
1.650461895294959250e+15,5.522330836388343600e-02
1.650461895296884000e+15,5.522330836388344988e-02
1.650461895298808750e+15,5.522330836388346376e-02
1.650461895300733500e+15,5.522330836388347763e-02
1.650461895302658250e+15,5.522330836388349151e-02
1.650461895304583000e+15,5.522330836388351233e-02
1.650461895306507500e+15,5.522330836388352621e-02
1.650461895308432250e+15,5.522330836388354008e-02
1.650461895310357000e+15,5.522330836388356090e-02
1.650461895312281750e+15,5.522330836388349151e-02
1.650461895314206500e+15,5.522330836388339437e-02
1.650461895316131250e+15,5.522330836388329722e-02
1.650461895318055750e+15,5.522330836388321396e-02
1.650461895319980500e+15,5.522330836388313069e-02
1.650461895321905250e+15,5.522330836388303354e-02
1.650461895323830000e+15,5.522330836388294334e-02
1.650461895325754750e+15,5.481401004519005637e-02
1.650461895327679500e+15,5.398540427195413355e-02
1.650461895329604000e+15,5.315690612383489055e-02
1.650461895331528750e+15,5.232830035059897467e-02
1.650461895333453500e+15,5.149969457736305184e-02
1.650461895335378250e+15,5.067108880412714289e-02
1.650461895337303000e+15,4.984248303089122700e-02
1.650461895339227750e+15,4.943339210736210493e-02
1.650461895341152250e+15,5.333318870747544294e-02
1.650461895343077000e+15,5.723349190626377675e-02
1.650461895345001750e+15,6.113379510505211056e-02
1.650461895346926500e+15,6.062148062798071446e-02
1.650461895348851250e+15,5.983847206960830889e-02
1.650461895350776000e+15,5.905546351123588944e-02
1.650461895352700500e+15,5.827255665549478658e-02
1.650461895354625250e+15,5.748954809712236713e-02
1.650461895356550000e+15,5.670653953874996156e-02
1.650461895358474750e+15,5.592353098037754905e-02
1.650461895360399500e+15,5.535456668001208225e-02
1.650461895362324250e+15,5.659603814915254577e-02
1.650461895364248750e+15,5.783734836729038931e-02
1.650461895366173500e+15,5.907881983643085977e-02
1.650461895368098250e+15,6.032029130557131635e-02
1.650461895370023000e+15,6.135923151542610476e-02
1.650461895371947750e+15,6.135923151542610476e-02
1.650461895373872500e+15,6.135923151542610476e-02
1.650461895375797000e+15,6.135923151542610476e-02
1.650461895377721750e+15,6.135923151542610476e-02
1.650461895379646500e+15,6.135923151542610476e-02
1.650461895381571250e+15,6.135923151542610476e-02
1.650461895383496000e+15,6.135923151542610476e-02
1.650461895385420750e+15,6.135923151542610476e-02
1.650461895387345250e+15,6.135923151542611170e-02
1.650461895389270000e+15,6.135923151542610476e-02
1.650461895391194750e+15,6.135923151542610476e-02
1.650461895393119500e+15,6.135923151542610476e-02
1.650461895395044250e+15,6.043431340039077948e-02
1.650461895396969000e+15,5.909301662742846850e-02
1.650461895398893500e+15,5.775189407147783560e-02
1.650461895400818250e+15,5.641059729851550381e-02
1.650461895402743000e+15,5.542612604508085489e-02
1.650461895404667750e+15,5.719252121198663968e-02
1.650461895406592500e+15,5.895891637889243836e-02
1.650461895408517250e+15,6.072531154579823010e-02
1.650461895410441750e+15,6.249147728093796400e-02
1.650461895412366500e+15,6.425787244784376961e-02
1.650461895414291250e+15,6.602426761474956829e-02
1.650461895416216000e+15,6.749515466696842658e-02
1.650461895418140750e+15,6.749515466696842658e-02
1.650461895420065500e+15,6.749515466696842658e-02
1.650461895421990000e+15,6.749515466696842658e-02
1.650461895423914750e+15,6.749515466696842658e-02
1.650461895425839500e+15,6.749515466696842658e-02
1.650461895427764250e+15,6.749515466696842658e-02
1.650461895429689000e+15,6.749515466696842658e-02
1.650461895431613750e+15,6.749515466696842658e-02
1.650461895433538250e+15,6.749515466696842658e-02
1.650461895435463000e+15,6.749515466696842658e-02
1.650461895437387750e+15,6.749515466696842658e-02
1.650461895439312500e+15,6.839724669648894473e-02
1.650461895441237250e+15,7.031899725965400083e-02
1.650461895443162000e+15,7.224074782281905693e-02
1.650461895445086500e+15,7.416224877557198170e-02
1.650461895447011250e+15,7.608399933873702392e-02
1.650461895448936000e+15,7.800574990190208002e-02
1.650461895450860750e+15,7.961317226658895518e-02
1.650461895452785500e+15,7.777129483584487024e-02
1.650461895454710250e+15,7.592941740510078530e-02
1.650461895456634750e+15,7.408777921028744662e-02
1.650461895458559500e+15,7.224590177954336168e-02
1.650461895460484250e+15,7.040402434879926286e-02
1.650461895462409000e+15,6.856214691805517791e-02
1.650461895464333750e+15,7.075628419380651513e-02
1.650461895466258500e+15,7.850788537538361256e-02
1.650461895468183000e+15,8.625847972475111924e-02
1.650461895470107750e+15,9.401008090632823055e-02
1.650461895472032500e+15,1.017616820879053141e-01
1.650461895473957250e+15,1.095132832694824115e-01
1.650461895475882000e+15,1.046258558598753274e-01
1.650461895477806750e+15,9.800830743667876543e-02
1.650461895479731250e+15,9.139161854698309162e-02
1.650461895481656000e+15,8.477407012378654350e-02
1.650461895483580750e+15,7.815652170058999537e-02
1.650461895485505500e+15,7.613608233894911259e-02
1.650461895487430250e+15,8.405967716345882912e-02
1.650461895489355000e+15,9.198327198796854565e-02
1.650461895491279500e+15,9.990583764053065363e-02
1.650461895493204250e+15,1.078294324650403702e-01
1.650461895495129000e+15,1.157530272895500728e-01
1.650461895497053750e+15,1.224585183432795599e-01
1.650461895498978500e+15,1.203088790848280548e-01
1.650461895500903250e+15,1.181592398263765498e-01
1.650461895502827750e+15,1.160098797781157764e-01
1.650461895504752500e+15,1.138602405196642575e-01
1.650461895506677250e+15,1.117106012612127663e-01
1.650461895508602000e+15,1.099420763856696348e-01
1.650461895510526750e+15,1.087174685376883637e-01
1.650461895512451500e+15,1.074928606897071204e-01
1.650461895514376000e+15,1.062684119023633300e-01
1.650461895516300750e+15,1.050438040543820589e-01
1.650461895518225500e+15,1.038191962064008017e-01
1.650461895520150250e+15,1.025945883584195445e-01
1.650461895522075000e+15,1.013699805104382734e-01
1.650461895523999750e+15,1.001453726624570023e-01
1.650461895525924250e+15,9.892092387511322582e-02
1.650461895527849000e+15,9.922603585117301117e-02
1.650461895529773750e+15,1.019167580980361865e-01
1.650461895531698500e+15,1.046074803448993340e-01
1.650461895533623250e+15,1.072982025917625093e-01
1.650461895535548000e+15,1.099889248386256568e-01
1.650461895537472500e+15,1.126792975956528720e-01
1.650461895539397250e+15,1.153700198425160195e-01
1.650461895541322000e+15,1.180607420893791948e-01
1.650461895543246750e+15,1.207514643362423423e-01
1.650461895545171500e+15,1.234421865831055037e-01
1.650461895547096250e+15,1.261329088299686652e-01
1.650461895549020750e+15,1.288232815869958803e-01
1.650461895550945500e+15,1.288543861823939762e-01
1.650461895552870250e+15,1.288543861823938652e-01
1.650461895554795000e+15,1.288543861823937542e-01
1.650461895556719750e+15,1.288543861823936154e-01
1.650461895558644500e+15,1.288543861823935044e-01
1.650461895560569000e+15,1.288543861823933934e-01
1.650461895562493750e+15,1.288543861823932823e-01
1.650461895564418500e+15,1.284497814659596449e-01
1.650461895566343250e+15,1.274162540234175522e-01
1.650461895568268000e+15,1.263827265808754596e-01
1.650461895570192750e+15,1.253491991383333670e-01
1.650461895572117250e+15,1.243158059375684549e-01
1.650461895574042000e+15,1.232822784950263623e-01
1.650461895575966750e+15,1.224500125568693670e-01
1.650461895577891500e+15,1.218593294476398858e-01
1.650461895579816250e+15,1.212686463384104185e-01
1.650461895581741000e+15,1.206779632291809512e-01
1.650461895583665500e+15,1.200873568420074977e-01
1.650461895585590250e+15,1.194966737327780026e-01
1.650461895587515000e+15,1.189059906235485353e-01
1.650461895589439750e+15,1.183153075143190680e-01
1.650461895591364500e+15,1.177246244050896007e-01
1.650461895593289250e+15,1.171339412958601334e-01
1.650461895595213750e+15,1.168465205429473075e-01
1.650461895597138500e+15,1.208237947686937458e-01
1.650461895599063250e+15,1.248010689944402118e-01
1.650461895600988000e+15,1.287783432201866640e-01
1.650461895602912750e+15,1.327556174459331162e-01
1.650461895604837500e+15,1.367328916716795684e-01
1.650461895606762000e+15,1.407096493012153782e-01
1.650461895608686750e+15,1.446869235269618026e-01
1.650461895610611500e+15,1.463075067357778869e-01
1.650461895612536250e+15,1.435993851843147262e-01
1.650461895614461000e+15,1.408912636328515933e-01
1.650461895616385750e+15,1.381831420813884048e-01
1.650461895618310250e+15,1.354753722797046034e-01
1.650461895620235000e+15,1.362126972521609525e-01
1.650461895622159750e+15,1.377018055721624390e-01
1.650461895624084500e+15,1.391909138921638700e-01
1.650461895626009250e+15,1.406800222121653288e-01
1.650461895627934000e+15,1.421691305321667875e-01
1.650461895629858750e+15,1.436582388521682185e-01
1.650461895631783250e+15,1.451471537563598369e-01
1.650461895633708000e+15,1.466362620763612679e-01
1.650461895635632750e+15,1.481253703963627544e-01
1.650461895637557500e+15,1.496144787163641854e-01
1.650461895639482250e+15,1.511035870363656441e-01
1.650461895641407000e+15,1.525926953563671029e-01
1.650461895643331500e+15,1.538631288103869954e-01
1.650461895645256250e+15,1.548762641012792762e-01
1.650461895647181000e+15,1.558893993921715571e-01
1.650461895649105750e+15,1.569025346830638379e-01
1.650461895651030500e+15,1.579156699739561187e-01
1.650461895652955250e+15,1.589288052648483995e-01
1.650461895654879750e+15,1.599418089626388484e-01
1.650461895656804500e+15,1.609549442535311292e-01
1.650461895658729250e+15,1.619680795444234100e-01
1.650461895660654000e+15,1.629812148353156909e-01
1.650461895662578750e+15,1.639943501262079717e-01
1.650461895664503500e+15,1.650074854171002525e-01
1.650461895666428000e+15,1.651345491164195600e-01
1.650461895668352750e+15,1.635873045093278189e-01
1.650461895670277500e+15,1.620400599022360499e-01
1.650461895672202250e+15,1.604928152951442810e-01
1.650461895674127000e+15,1.589455706880525399e-01
1.650461895676051750e+15,1.573983260809607709e-01
1.650461895677976250e+15,1.558512824408266884e-01
1.650461895679901000e+15,1.543040378337349194e-01
1.650461895681825750e+15,1.527567932266431783e-01
1.650461895683750500e+15,1.512095486195514371e-01
1.650461895685675250e+15,1.496623040124596682e-01
1.650461895687600000e+15,1.481150594053679270e-01
1.650461895689524500e+15,1.497620941296880226e-01
1.650461895691449250e+15,1.553344816383844806e-01
1.650461895693374000e+15,1.609068691470809664e-01
1.650461895695298750e+15,1.664792566557774800e-01
1.650461895697223500e+15,1.720516441644739658e-01
1.650461895699148250e+15,1.776240316731704516e-01
1.650461895701072750e+15,1.779417713947340773e-01
1.650461895702997500e+15,1.779417713947341606e-01
1.650461895704922250e+15,1.779417713947342439e-01
1.650461895706847000e+15,1.779417713947343271e-01
1.650461895708771750e+15,1.779417713947344382e-01
1.650461895710696500e+15,1.779417713947344937e-01
1.650461895712621000e+15,1.779417713947346047e-01
1.650461895714545750e+15,1.777713784742219194e-01
1.650461895716470500e+15,1.754898913524347570e-01
1.650461895718395250e+15,1.732084042306475946e-01
1.650461895720320000e+15,1.709269171088604322e-01
1.650461895722244750e+15,1.686454299870732421e-01
1.650461895724169250e+15,1.663642392008000126e-01
1.650461895726094000e+15,1.677457212260397290e-01
1.650461895728018750e+15,1.707295812780688926e-01
1.650461895729943500e+15,1.737134413300980285e-01
1.650461895731868250e+15,1.766973013821271921e-01
1.650461895733793000e+15,1.796811614341563279e-01
1.650461895735717500e+15,1.826646339215599602e-01
1.650461895737642250e+15,1.834907763801957303e-01
1.650461895739567000e+15,1.823758780429982629e-01
1.650461895741491750e+15,1.812609797058007954e-01
1.650461895743416500e+15,1.801460813686033280e-01
1.650461895745341250e+15,1.790311830314058605e-01
1.650461895747265750e+15,1.779417713947339941e-01
1.650461895749190500e+15,1.779417713947340218e-01
1.650461895751115250e+15,1.779417713947340218e-01
1.650461895753040000e+15,1.779417713947340496e-01
1.650461895754964750e+15,1.779417713947341051e-01
1.650461895756889500e+15,1.779417713947341051e-01
1.650461895758814000e+15,1.779417713947341328e-01
1.650461895760738750e+15,1.779417713947341606e-01
1.650461895762663500e+15,1.779417713947341884e-01
1.650461895764588250e+15,1.779417713947342161e-01
1.650461895766513000e+15,1.779417713947341884e-01
1.650461895768437750e+15,1.779417713947342439e-01
1.650461895770362250e+15,1.779417713947342716e-01
1.650461895772287000e+15,1.779417713947343271e-01
1.650461895774211750e+15,1.779417713947343549e-01
1.650461895776136500e+15,1.779417713947343826e-01
1.650461895778061250e+15,1.779417713947344382e-01
1.650461895779986000e+15,1.779417713947344382e-01
1.650461895781910500e+15,1.779417713947344382e-01
1.650461895783835250e+15,1.779417713947344382e-01
1.650461895785760000e+15,1.779417713947344382e-01
1.650461895787684750e+15,1.779417713947344382e-01
1.650461895789609500e+15,1.779417713947344659e-01
1.650461895791534250e+15,1.784316314567380157e-01
1.650461895793458750e+15,1.794977730335838295e-01
1.650461895795383500e+15,1.805640531063476550e-01
1.650461895797308250e+15,1.816303331791114251e-01
1.650461895799233000e+15,1.826966132518752506e-01
1.650461895801157750e+15,1.837628933246390484e-01
1.650461895803082500e+15,1.836941993493058090e-01
1.650461895805007000e+15,1.831501252567356020e-01
1.650461895806931750e+15,1.826059804868345737e-01
1.650461895808856500e+15,1.820618357169335733e-01
1.650461895810781250e+15,1.815176909470325728e-01
1.650461895812706000e+15,1.809735461771315723e-01
1.650461895814630750e+15,1.804294014072305163e-01
1.650461895816555250e+15,1.798853273146603649e-01
1.650461895818480000e+15,1.793411825447593366e-01
1.650461895820404750e+15,1.787970377748583362e-01
1.650461895822329500e+15,1.782528930049573079e-01
1.650461895824254250e+15,1.782342666036675627e-01
1.650461895826179000e+15,1.789172877178848708e-01
1.650461895828103500e+15,1.796002201165398937e-01
1.650461895830028250e+15,1.802832412307571741e-01
1.650461895831953000e+15,1.809662623449745100e-01
1.650461895833877750e+15,1.816492834591917904e-01
1.650461895835802500e+15,1.823323045734091541e-01
1.650461895837727250e+15,1.830153256876264345e-01
1.650461895839651750e+15,1.836982580862814574e-01
1.650461895841576500e+15,1.840776945462772318e-01
1.650461895843501250e+15,1.840776945462772041e-01
1.650461895845426000e+15,1.840776945462772596e-01
1.650461895847350750e+15,1.840776945462772318e-01
1.650461895849275500e+15,1.837501951854923765e-01
1.650461895851200000e+15,1.828802538192669525e-01
1.650461895853124750e+15,1.820101994442903937e-01
1.650461895855049500e+15,1.811401450693138349e-01
1.650461895856974250e+15,1.802700906943372483e-01
1.650461895858899000e+15,1.794000363193606895e-01
1.650461895860823750e+15,1.785299819443841307e-01
1.650461895862748250e+15,1.779417713947344382e-01
1.650461895864673000e+15,1.779417713947344659e-01
1.650461895866597750e+15,1.779417713947344937e-01
1.650461895868522500e+15,1.779417713947344937e-01
1.650461895870447250e+15,1.779417713947345214e-01
1.650461895872372000e+15,1.779417713947345492e-01
1.650461895874296500e+15,1.779417713947345769e-01
1.650461895876221250e+15,1.779417713947346047e-01
1.650461895878146000e+15,1.779417713947346047e-01
1.650461895880070750e+15,1.779417713947346324e-01
1.650461895881995500e+15,1.789036347075603217e-01
1.650461895883920250e+15,1.826780412546780696e-01
1.650461895885844750e+15,1.864519575554589581e-01
1.650461895887769500e+15,1.902263641025766505e-01
1.650461895889694250e+15,1.940007706496943429e-01
1.650461895891619000e+15,1.977751771968120353e-01
1.650461895893543750e+15,2.015495837439297833e-01
1.650461895895468500e+15,2.024854640009043916e-01
1.650461895897393000e+15,2.024854640009044193e-01
1.650461895899317750e+15,2.024854640009043916e-01
1.650461895901242500e+15,2.024854640009044193e-01
1.650461895903167250e+15,2.024854640009044193e-01
1.650461895905092000e+15,2.025856087270021255e-01
1.650461895907016750e+15,2.030968913836510570e-01
1.650461895908941250e+15,2.036081076313304428e-01
1.650461895910866000e+15,2.041193902879793742e-01
1.650461895912790750e+15,2.046306729446282779e-01
1.650461895914715500e+15,2.051419556012772372e-01
1.650461895916640250e+15,2.056532382579261409e-01
1.650461895918565000e+15,2.061645209145750723e-01
1.650461895920489500e+15,2.066757371622544581e-01
1.650461895922414250e+15,2.071870198189034173e-01
1.650461895924339000e+15,2.076983024755522933e-01
1.650461895926263750e+15,2.082095851322012525e-01
1.650461895928188500e+15,2.087276485730377718e-01
1.650461895930113250e+15,2.092737812012888110e-01
1.650461895932037750e+15,2.098198428940120652e-01
1.650461895933962500e+15,2.103659755222631600e-01
1.650461895935887250e+15,2.109121081505141992e-01
1.650461895937812000e+15,2.114582407787652385e-01
1.650461895939736750e+15,2.120043734070163055e-01
1.650461895941661500e+15,2.125505060352673170e-01
1.650461895943586000e+15,2.130965677279906267e-01
1.650461895945510750e+15,2.136427003562416937e-01
1.650461895947435500e+15,2.141888329844927330e-01
1.650461895949360250e+15,2.147349656127437723e-01
1.650461895951285000e+15,2.147573103039892572e-01
1.650461895953209750e+15,2.147573103039892572e-01
1.650461895955134250e+15,2.147573103039892572e-01
1.650461895957059000e+15,2.147573103039892572e-01
1.650461895958983750e+15,2.147573103039892572e-01
1.650461895960908500e+15,2.147573103039892572e-01
1.650461895962833250e+15,2.147573103039892572e-01
1.650461895964758000e+15,2.147573103039892572e-01
1.650461895966682500e+15,2.147573103039892572e-01
1.650461895968607250e+15,2.147573103039892295e-01
1.650461895970532000e+15,2.136132073628284334e-01
1.650461895972456750e+15,2.120151579172556422e-01
1.650461895974381500e+15,2.104171084716828788e-01
1.650461895976306250e+15,2.088190590261100876e-01
1.650461895978230750e+15,2.072212171463829467e-01
1.650461895980155500e+15,2.056231677008101832e-01
1.650461895982080250e+15,2.040251182552373921e-01
1.650461895984005000e+15,2.024270688096646009e-01
1.650461895985929750e+15,2.008290193640918375e-01
1.650461895987854500e+15,1.992309699185190741e-01
1.650461895989779250e+15,1.976329204729462830e-01
1.650461895991703750e+15,1.965180429443188770e-01
1.650461895993628500e+15,1.973743450097142083e-01
1.650461895995553250e+15,1.982306470751095673e-01
1.650461895997478000e+15,1.990869491405049263e-01
1.650461895999402750e+15,1.999432512059002853e-01
1.650461896001327500e+15,2.007995532712956166e-01
1.650461896003252000e+15,2.016557441141860751e-01
1.650461896005176750e+15,2.025988537352811092e-01
1.650461896007101500e+15,2.062515213711013373e-01
1.650461896009026250e+15,2.099041890069216210e-01
1.650461896010951000e+15,2.135568566427418769e-01
1.650461896012875750e+15,2.172095242785621605e-01
1.650461896014800250e+15,2.208617174803473859e-01
1.650461896016725000e+15,2.245143851161676418e-01
1.650461896018649750e+15,2.281670527519879532e-01
1.650461896020574500e+15,2.318197203878081813e-01
1.650461896022499250e+15,2.354723880236284650e-01
1.650461896024424000e+15,2.391250556594486931e-01
1.650461896026348500e+15,2.427772488612339463e-01
1.650461896028273250e+15,2.455895874562651626e-01
1.650461896030198000e+15,2.461511450657907218e-01
1.650461896032122750e+15,2.467127026753162533e-01
1.650461896034047500e+15,2.472742602848417848e-01
1.650461896035972250e+15,2.478358178943673162e-01
1.650461896037896750e+15,2.483973025648605337e-01
1.650461896039821500e+15,2.489588601743860652e-01
1.650461896041746250e+15,2.495204177839115967e-01
1.650461896043671000e+15,2.500819753934371281e-01
1.650461896045595750e+15,2.506435330029626596e-01
1.650461896047520500e+15,2.512050906124881910e-01
1.650461896049445000e+15,2.512652887865354234e-01
1.650461896051369750e+15,2.503737572634787134e-01
1.650461896053294500e+15,2.494822257404220311e-01
1.650461896055219250e+15,2.485906942173653211e-01
1.650461896057144000e+15,2.476991626943086389e-01
1.650461896059068750e+15,2.468076311712519844e-01
1.650461896060993250e+15,2.459162154465487082e-01
1.650461896062918000e+15,2.446579557165240726e-01
1.650461896064842750e+15,2.429733229391285443e-01
1.650461896066767500e+15,2.412886901617329605e-01
1.650461896068692250e+15,2.396040573843374322e-01
1.650461896070617000e+15,2.379194246069418761e-01
1.650461896072541500e+15,2.362350106414410345e-01
1.650461896074466250e+15,2.345503778640454784e-01
1.650461896076391000e+15,2.333602151238607370e-01
1.650461896078315750e+15,2.344584221245983036e-01
1.650461896080240500e+15,2.355566291253358147e-01
1.650461896082165250e+15,2.366548361260733535e-01
1.650461896084089750e+15,2.377529004840000515e-01
1.650461896086014500e+15,2.388511074847375903e-01
1.650461896087939250e+15,2.399493144854751292e-01
1.650461896089864000e+15,2.410475214862126958e-01
1.650461896091788750e+15,2.421457284869502069e-01
1.650461896093713500e+15,2.432439354876877458e-01
1.650461896095638000e+15,2.443419998456144437e-01
1.650461896097562750e+15,2.454419655643622633e-01
1.650461896099487500e+15,2.471288843025328807e-01
1.650461896101412250e+15,2.488158030407034427e-01
1.650461896103337000e+15,2.505027217788740601e-01
1.650461896105261750e+15,2.521896405170446775e-01
1.650461896107186250e+15,2.538763401464039782e-01
1.650461896109111000e+15,2.555632588845745401e-01
1.650461896111035750e+15,2.572501776227451575e-01
1.650461896112960500e+15,2.544448967420966379e-01
1.650461896114885250e+15,2.499624532138940425e-01
1.650461896116810000e+15,2.454800096856914471e-01
1.650461896118734500e+15,2.409981483686237935e-01
1.650461896120659250e+15,2.365157048404211704e-01
1.650461896122584000e+15,2.334709319280175444e-01
1.650461896124508750e+15,2.346822260906771540e-01
1.650461896126433500e+15,2.358935202533367914e-01
1.650461896128358250e+15,2.371048144159964288e-01
1.650461896130282750e+15,2.383159512472932118e-01
1.650461896132207500e+15,2.395272454099528492e-01
1.650461896134132250e+15,2.407385395726124866e-01
1.650461896136057000e+15,2.419498337352721240e-01
1.650461896137981750e+15,2.431611278979317892e-01
1.650461896139906500e+15,2.443724220605914543e-01
1.650461896141831000e+15,2.454369260617026427e-01
1.650461896143755750e+15,2.454369260617026149e-01
1.650461896145680500e+15,2.454369260617025872e-01
1.650461896147605250e+15,2.454369260617025594e-01
1.650461896149530000e+15,2.454369260617025317e-01
1.650461896151454750e+15,2.454369260617024762e-01
1.650461896153379250e+15,2.454369260617024762e-01
1.650461896155304000e+15,2.454369260617024484e-01
1.650461896157228750e+15,2.450404423562463352e-01
1.650461896159153500e+15,2.444841223182826484e-01
1.650461896161078250e+15,2.439278022803190171e-01
1.650461896163003000e+15,2.433714822423553858e-01
1.650461896164927500e+15,2.428152344631315518e-01
1.650461896166852250e+15,2.422589144251678928e-01
1.650461896168777000e+15,2.417025943872042615e-01
1.650461896170701750e+15,2.411462743492406302e-01
1.650461896172626500e+15,2.405899543112769712e-01
1.650461896174551250e+15,2.400336342733133399e-01
1.650461896176475750e+15,2.394773864940895336e-01
1.650461896178400500e+15,2.436038415245657673e-01
1.650461896180325250e+15,2.499042512796639526e-01
1.650461896182250000e+15,2.562046610347621378e-01
1.650461896184174750e+15,2.625050707898602953e-01
1.650461896186099500e+15,2.688054805449584528e-01
1.650461896188024000e+15,2.751050719587453952e-01
1.650461896189948750e+15,2.814054817138435527e-01
1.650461896191873500e+15,2.877058914689417657e-01
1.650461896193798250e+15,2.893997959316474411e-01
1.650461896195723000e+15,2.905340754251097835e-01
1.650461896197647750e+15,2.916683549185722368e-01
1.650461896199572250e+15,2.928024870838759064e-01
1.650461896201497000e+15,2.939367665773383043e-01
1.650461896203421750e+15,2.939764188097652720e-01
1.650461896205346500e+15,2.928397375695407923e-01
1.650461896207271250e+15,2.917030563293164791e-01
1.650461896209196000e+15,2.905663750890919994e-01
1.650461896211120500e+15,2.894298414889819870e-01
1.650461896213045250e+15,2.883883881225002277e-01
1.650461896214970000e+15,2.883883881225002277e-01
1.650461896216894750e+15,2.883883881225002277e-01
1.650461896218819500e+15,2.883883881225001722e-01
1.650461896220744250e+15,2.883883881225002277e-01
1.650461896222668750e+15,2.883883881225002277e-01
1.650461896224593500e+15,2.883883881225002277e-01
1.650461896226518250e+15,2.883883881225002277e-01
1.650461896228443000e+15,2.883883881225002277e-01
1.650461896230367750e+15,2.883883881225002277e-01
1.650461896232292500e+15,2.883883881225002277e-01
1.650461896234217000e+15,2.883883881225002277e-01
1.650461896236141750e+15,2.883883881225001722e-01
1.650461896238066500e+15,2.883883881225001722e-01
1.650461896239991250e+15,2.883883881225002277e-01
1.650461896241916000e+15,2.883883881225002277e-01
1.650461896243840750e+15,2.883883881225002277e-01
1.650461896245765250e+15,2.883883881225001722e-01
1.650461896247690000e+15,2.883883881225001722e-01
1.650461896249614750e+15,2.883883881225002277e-01
1.650461896251539500e+15,2.883883881225002832e-01
1.650461896253464250e+15,2.883883881225003387e-01
1.650461896255389000e+15,2.883883881225003387e-01
1.650461896257313500e+15,2.883883881225004497e-01
1.650461896259238250e+15,2.883883881225004497e-01
1.650461896261163000e+15,2.883883881225005053e-01
1.650461896263087750e+15,2.883883881225005608e-01
1.650461896265012500e+15,2.883883881225005608e-01
1.650461896266937250e+15,2.883883881225006163e-01
1.650461896268861750e+15,2.884024294611350903e-01
1.650461896270786500e+15,2.894943917454428917e-01
1.650461896272711250e+15,2.905863540297507486e-01
1.650461896274636000e+15,2.916783163140585500e-01
1.650461896276560750e+15,2.927702785983664069e-01
1.650461896278485500e+15,2.938622408826742638e-01
1.650461896280410000e+15,2.949540613352786833e-01
1.650461896282334750e+15,2.960460236195865402e-01
1.650461896284259500e+15,2.971379859038943416e-01
1.650461896286184250e+15,2.982299481882021430e-01
1.650461896288109000e+15,2.993219104725099444e-01
1.650461896290033750e+15,3.004138727568178013e-01
1.650461896291958250e+15,2.998760097706466565e-01
1.650461896293883000e+15,2.988631351492116450e-01
1.650461896295807750e+15,2.978502605277766335e-01
1.650461896297732500e+15,2.968373859063415665e-01
1.650461896299657250e+15,2.958245112849066105e-01
1.650461896301582000e+15,2.948116366634715990e-01
1.650461896303506500e+15,2.945243112740426050e-01
1.650461896305431250e+15,2.945243112740425495e-01
1.650461896307356000e+15,2.945243112740425495e-01
1.650461896309280750e+15,2.945243112740425495e-01
1.650461896311205500e+15,2.945243112740425495e-01
1.650461896313130250e+15,2.945243112740425495e-01
1.650461896315054750e+15,2.945243112740425495e-01
1.650461896316979500e+15,2.945243112740426050e-01
1.650461896318904250e+15,2.945243112740425495e-01
1.650461896320829000e+15,2.945243112740425495e-01
1.650461896322753750e+15,2.945243112740425495e-01
1.650461896324678500e+15,2.945243112740425495e-01
1.650461896326603000e+15,2.945243112740425495e-01
1.650461896328527750e+15,2.945243112740425495e-01
1.650461896330452500e+15,2.945243112740425495e-01
1.650461896332377250e+15,2.945243112740425495e-01
1.650461896334302000e+15,2.945243112740425495e-01
1.650461896336226750e+15,2.945243112740425495e-01
1.650461896338151250e+15,2.945243112740425495e-01
1.650461896340076000e+15,2.945243112740425495e-01
1.650461896342000750e+15,2.945243112740425495e-01
1.650461896343925500e+15,2.945243112740426050e-01
1.650461896345850250e+15,2.945243112740425495e-01
1.650461896347775000e+15,2.945243112740425495e-01
1.650461896349699750e+15,2.945243112740425495e-01
1.650461896351624250e+15,2.955272240296665243e-01
1.650461896353549000e+15,2.970221756861135542e-01
1.650461896355473750e+15,2.985171273425605842e-01
1.650461896357398500e+15,3.000120789990076142e-01
1.650461896359323250e+15,3.006602344255851489e-01
1.650461896361248000e+15,3.006602344255852599e-01
1.650461896363172500e+15,3.006602344255854264e-01
1.650461896365097250e+15,3.006602344255854820e-01
1.650461896367022000e+15,3.006602344255856485e-01
1.650461896368946750e+15,3.006602344255857595e-01
1.650461896370871500e+15,3.006602344255857040e-01
1.650461896372796250e+15,3.006602344255857040e-01
1.650461896374720750e+15,3.006602344255856485e-01
1.650461896376645500e+15,3.006602344255856485e-01
1.650461896378570250e+15,3.006602344255855930e-01
1.650461896380495000e+15,3.006602344255855375e-01
1.650461896382419750e+15,3.006602344255855930e-01
1.650461896384344500e+15,3.006602344255856485e-01
1.650461896386269000e+15,3.006602344255857040e-01
1.650461896388193750e+15,3.006602344255857595e-01
1.650461896390118500e+15,3.006602344255858150e-01
1.650461896392043250e+15,3.006602344255858705e-01
1.650461896393968000e+15,3.006602344255859260e-01
1.650461896395892750e+15,3.006602344255859816e-01
1.650461896397817250e+15,3.006602344255859816e-01
1.650461896399742000e+15,3.006602344255860926e-01
1.650461896401666750e+15,3.006602344255862036e-01
1.650461896403591500e+15,3.006602344255862036e-01
1.650461896405516250e+15,3.006602344255859816e-01
1.650461896407441000e+15,3.006602344255858705e-01
1.650461896409365500e+15,3.006602344255857040e-01
1.650461896411290250e+15,3.006602344255855375e-01
1.650461896413215000e+15,3.006602344255853709e-01
1.650461896415139750e+15,3.006602344255852044e-01
1.650461896417064500e+15,3.013348373402575664e-01
1.650461896418989250e+15,3.053610139604615026e-01
1.650461896420913750e+15,3.093866676326695875e-01
1.650461896422838500e+15,3.134128442528735792e-01
1.650461896424763250e+15,3.174390208730775709e-01
1.650461896426688000e+15,3.179063522167813183e-01
1.650461896428612750e+15,3.159553146607690932e-01
1.650461896430537500e+15,3.140042771047568682e-01
1.650461896432462000e+15,3.120534929631564314e-01
1.650461896434386750e+15,3.101024554071442063e-01
1.650461896436311500e+15,3.081514178511319813e-01
1.650461896438236250e+15,3.062003802951197562e-01
1.650461896440161000e+15,3.042493427391075311e-01
1.650461896442085750e+15,3.022983051830953061e-01
1.650461896444010250e+15,3.003475210414948138e-01
1.650461896445935000e+15,2.983964834854825887e-01
1.650461896447859750e+15,2.964454459294703637e-01
1.650461896449784500e+15,2.945962318608884578e-01
1.650461896451709250e+15,2.992887454042494899e-01
1.650461896453634000e+15,3.039812589476105220e-01
1.650461896455558500e+15,3.086731629944728938e-01
1.650461896457483250e+15,3.133656765378338704e-01
1.650461896459408000e+15,3.180581900811948470e-01
1.650461896461332750e+15,3.227507036245558791e-01
1.650461896463257500e+15,3.252039270317553243e-01
1.650461896465182250e+15,3.252039270317552688e-01
1.650461896467106750e+15,3.252039270317552688e-01
1.650461896469031500e+15,3.252039270317553243e-01
1.650461896470956250e+15,3.252039270317552688e-01
1.650461896472881000e+15,3.252039270317552688e-01
1.650461896474805750e+15,3.252039270317553243e-01
1.650461896476730500e+15,3.252039270317552688e-01
1.650461896478655000e+15,3.252039270317554354e-01
1.650461896480579750e+15,3.252039270317556019e-01
1.650461896482504500e+15,3.252039270317557129e-01
1.650461896484429250e+15,3.252039270317558795e-01
1.650461896486354000e+15,3.265143735740521080e-01
1.650461896488278750e+15,3.287484585893616917e-01
1.650461896490203250e+15,3.309822534260746796e-01
1.650461896492128000e+15,3.332163384413843188e-01
1.650461896494052750e+15,3.354504234566938470e-01
1.650461896495977500e+15,3.376845084720034862e-01
1.650461896497902250e+15,3.399185934873130699e-01
1.650461896499827000e+15,3.421526785026227091e-01
1.650461896501751500e+15,3.428368341293569488e-01
1.650461896503676250e+15,3.406025025612858248e-01
1.650461896505601000e+15,3.383681709932148118e-01
1.650461896507525750e+15,3.361338394251436879e-01
1.650461896509450500e+15,3.338995078570726749e-01
1.650461896511375250e+15,3.316651762890014954e-01
1.650461896513299750e+15,3.294311349315510729e-01
1.650461896515224500e+15,3.271968033634800044e-01
1.650461896517149250e+15,3.249624717954088804e-01
1.650461896519074000e+15,3.227281402273378119e-01
1.650461896520998750e+15,3.204938086592666879e-01
1.650461896522923500e+15,3.203063899929484704e-01
1.650461896524848000e+15,3.237281761723583839e-01
1.650461896526772750e+15,3.271504068550392108e-01
1.650461896528697500e+15,3.305726375377200377e-01
1.650461896530622250e+15,3.339948682204008090e-01
1.650461896532547000e+15,3.374170989030816914e-01
1.650461896534471750e+15,3.408393295857624627e-01
1.650461896536396250e+15,3.436116964863834000e-01
1.650461896538321000e+15,3.436116964863834000e-01
1.650461896540245750e+15,3.436116964863834555e-01
1.650461896542170500e+15,3.436116964863835110e-01
1.650461896544095250e+15,3.436116964863835666e-01
1.650461896546020000e+15,3.436116964863835666e-01
1.650461896547944500e+15,3.436116964863835666e-01
1.650461896549869250e+15,3.436116964863836776e-01
1.650461896551794000e+15,3.436116964863836776e-01
1.650461896553718750e+15,3.436116964863837331e-01
1.650461896555643500e+15,3.436116964863837886e-01
1.650461896557568250e+15,3.450639309744111816e-01
1.650461896559492750e+15,3.478524820067970813e-01
1.650461896561417500e+15,3.506413952827569513e-01
1.650461896563342250e+15,3.534303085587168214e-01
1.650461896565267000e+15,3.562192218346766914e-01
1.650461896567191750e+15,3.590081351106365615e-01
1.650461896569116500e+15,3.617970483865964315e-01
1.650461896571041000e+15,3.602345250899302020e-01
1.650461896572965750e+15,3.582946239588640780e-01
1.650461896574890500e+15,3.563547228277978984e-01
1.650461896576815250e+15,3.544148216967317744e-01
1.650461896578740000e+15,3.524749205656656503e-01
1.650461896580664750e+15,3.505350194345994708e-01
1.650461896582589250e+15,3.511129827137871584e-01
1.650461896584514000e+15,3.534116772952539676e-01
1.650461896586438750e+15,3.557103718767207212e-01
1.650461896588363500e+15,3.580090664581874749e-01
1.650461896590288250e+15,3.603077610396542285e-01
1.650461896592213000e+15,3.626064556211209822e-01
1.650461896594137500e+15,3.649048516320484992e-01
1.650461896596062250e+15,3.672035462135153083e-01
1.650461896597987000e+15,3.695022407949820620e-01
1.650461896599911750e+15,3.718009353764488156e-01
1.650461896601836500e+15,3.740996299579155693e-01
1.650461896603761250e+15,3.712541938245385587e-01
1.650461896605685750e+15,3.679412084775424696e-01
1.650461896607610500e+15,3.646277927609247738e-01
1.650461896609535250e+15,3.613143770443070224e-01
1.650461896611460000e+15,3.580009613276893266e-01
1.650461896613384750e+15,3.552446778764604129e-01
1.650461896615309500e+15,3.534747530958730621e-01
1.650461896617234000e+15,3.517050582055027963e-01
1.650461896619158750e+15,3.499351334249154455e-01
1.650461896621083500e+15,3.481652086443281502e-01
1.650461896623008250e+15,3.463952838637408549e-01
1.650461896624933000e+15,3.446253590831535596e-01
1.650461896626857750e+15,3.428554343025662643e-01
1.650461896628782250e+15,3.410857394121958874e-01
1.650461896630707000e+15,3.393158146316086476e-01
1.650461896632631750e+15,3.375458898510213523e-01
1.650461896634556500e+15,3.407803851625412217e-01
1.650461896636481250e+15,3.442213111108061163e-01
1.650461896638406000e+15,3.476622370590710109e-01
1.650461896640330500e+15,3.511027160757930199e-01
1.650461896642255250e+15,3.545436420240579145e-01
1.650461896644180000e+15,3.579845679723228091e-01
1.650461896646104750e+15,3.614254939205877037e-01
1.650461896648029500e+15,3.646761972131244978e-01
1.650461896649954250e+15,3.678872135497016083e-01
1.650461896651878750e+15,3.710978128170052681e-01
1.650461896653803500e+15,3.743088291535824896e-01
1.650461896655728250e+15,3.775198454901596001e-01
1.650461896657653000e+15,3.806705652456360833e-01
1.650461896659577750e+15,3.832439121070845833e-01
1.650461896661502500e+15,3.858172589685330833e-01
1.650461896663427000e+15,3.883902715856820675e-01
1.650461896665351750e+15,3.909636184471305120e-01
1.650461896667276500e+15,3.935369653085790120e-01
1.650461896669201250e+15,3.961103121700274565e-01
1.650461896671126000e+15,3.986836590314759565e-01
1.650461896673050750e+15,4.012570058929244565e-01
1.650461896674975250e+15,4.038300185100734407e-01
1.650461896676900000e+15,4.064033653715219407e-01
1.650461896678824750e+15,4.089767122329703852e-01
1.650461896680749500e+15,4.107655804810241840e-01
1.650461896682674250e+15,4.087841001595727830e-01
1.650461896684599000e+15,4.068026198381213820e-01
1.650461896686523500e+15,4.048213968852011346e-01
1.650461896688448250e+15,4.028399165637496782e-01
1.650461896690373000e+15,4.008584362422982772e-01
1.650461896692297750e+15,3.988769559208468207e-01
1.650461896694222500e+15,3.968954755993954198e-01
1.650461896696147250e+15,3.949139952779440188e-01
1.650461896698072000e+15,3.929325149564925623e-01
1.650461896699996500e+15,3.909512920035722594e-01
1.650461896701921250e+15,3.889698116821208584e-01
1.650461896703846000e+15,3.869883313606694575e-01
1.650461896705770750e+15,3.886336902044020269e-01
1.650461896707695500e+15,3.912698772771545652e-01
1.650461896709620250e+15,3.939060643499072145e-01
1.650461896711544750e+15,3.965419090162338733e-01
1.650461896713469500e+15,3.991780960889864671e-01
1.650461896715394250e+15,4.018142831617391164e-01
1.650461896717319000e+15,4.044504702344916547e-01
1.650461896719243750e+15,4.070866573072442485e-01
1.650461896721168500e+15,4.097228443799968423e-01
1.650461896723093000e+15,4.123586890463236121e-01
1.650461896725017750e+15,4.149948761190761504e-01
1.650461896726942500e+15,4.160161953925681222e-01
1.650461896728867250e+15,4.076886547876239497e-01
1.650461896730792000e+15,3.993611141826798328e-01
1.650461896732716750e+15,3.910335735777357158e-01
1.650461896734641250e+15,3.869658270921204068e-01
1.650461896736566000e+15,3.878354330184829446e-01
1.650461896738490750e+15,3.887050389448454268e-01
1.650461896740415500e+15,3.895746448712079646e-01
1.650461896742340250e+15,3.904442507975705023e-01
1.650461896744265000e+15,3.913138567239330401e-01
1.650461896746189500e+15,3.921833496997920165e-01
1.650461896748114250e+15,3.951125208392217147e-01
1.650461896750039000e+15,4.010432798378483765e-01
1.650461896751963750e+15,4.069740388364750938e-01
1.650461896753888500e+15,4.129047978351018111e-01
1.650461896755813250e+15,4.188355568337284174e-01
1.650461896757737750e+15,4.247655455038710781e-01
1.650461896759662500e+15,4.289742310044394324e-01
1.650461896761587250e+15,4.262620670163967396e-01
1.650461896763512000e+15,4.235499030283540467e-01
1.650461896765436750e+15,4.208377390403114093e-01
1.650461896767361500e+15,4.181255750522686054e-01
1.650461896769286000e+15,4.166242019581348210e-01
1.650461896771210750e+15,4.157069468545713242e-01
1.650461896773135500e+15,4.147896917510078274e-01
1.650461896775060250e+15,4.138724366474443861e-01
1.650461896776985000e+15,4.129551815438808893e-01
1.650461896778909750e+15,4.120379264403173925e-01
1.650461896780834250e+15,4.111207904762660403e-01
1.650461896782759000e+15,4.102035353727025435e-01
1.650461896784683750e+15,4.092862802691391022e-01
1.650461896786608500e+15,4.083690251655756054e-01
1.650461896788533250e+15,4.074517700620121641e-01
1.650461896790458000e+15,4.065345149584486673e-01
1.650461896792382500e+15,4.056173789943972596e-01
1.650461896794307250e+15,4.045212003698133163e-01
1.650461896796232000e+15,4.029979038283540982e-01
1.650461896798156750e+15,4.014746072868949911e-01
1.650461896800081500e+15,3.999513107454357730e-01
1.650461896802006250e+15,4.004743148237775996e-01
1.650461896803930750e+15,4.066091753858056546e-01
1.650461896805855500e+15,4.127448328899696595e-01
1.650461896807780250e+15,4.188804903941336644e-01
1.650461896809705000e+15,4.250161478982976693e-01
1.650461896811629750e+15,4.311518054024616187e-01
1.650461896813554500e+15,4.352049705712992544e-01
1.650461896815479000e+15,4.335350472982045789e-01
1.650461896817403750e+15,4.318649070956122604e-01
1.650461896819328500e+15,4.301947668930199420e-01
1.650461896821253250e+15,4.285246266904275680e-01
1.650461896823178000e+15,4.268544864878351941e-01
1.650461896825102750e+15,4.251843462852428757e-01
1.650461896827027250e+15,4.235144230121481446e-01
1.650461896828952000e+15,4.218442828095558261e-01
1.650461896830876750e+15,4.201741426069635077e-01
1.650461896832801500e+15,4.185040024043710782e-01
1.650461896834726250e+15,4.174345346195812989e-01
1.650461896836651000e+15,4.182177508863052506e-01
1.650461896838575500e+15,4.190008654234192997e-01
1.650461896840500250e+15,4.197840816901433625e-01
1.650461896842425000e+15,4.205672979568673142e-01
1.650461896844349750e+15,4.213505142235912659e-01
1.650461896846274500e+15,4.221337304903152732e-01
1.650461896848199250e+15,4.229169467570392804e-01
1.650461896850123750e+15,4.246397824793198272e-01
1.650461896852048500e+15,4.277132530684864542e-01
1.650461896853973250e+15,4.307867236576531367e-01
1.650461896855898000e+15,4.338601942468197636e-01
1.650461896857822750e+15,4.369336648359863906e-01
1.650461896859747500e+15,4.400071354251530176e-01
1.650461896861672000e+15,4.430802068104504610e-01
1.650461896863596750e+15,4.461536773996171434e-01
1.650461896865521500e+15,4.492271479887837704e-01
1.650461896867446250e+15,4.523006185779503974e-01
1.650461896869371000e+15,4.534281641922927597e-01
1.650461896871295750e+15,4.519562232580455752e-01
1.650461896873220250e+15,4.504844735097880415e-01
1.650461896875145000e+15,4.490125325755408014e-01
1.650461896877069750e+15,4.475405916412936169e-01
1.650461896878994500e+15,4.460686507070464879e-01
1.650461896880919250e+15,4.445967097727992479e-01
1.650461896882844000e+15,4.431247688385520078e-01
1.650461896884768500e+15,4.419713125890863403e-01
1.650461896886693250e+15,4.440101763069856933e-01
1.650461896888618000e+15,4.460490400248849907e-01
1.650461896890542750e+15,4.480879037427843437e-01
1.650461896892467500e+15,4.501267674606836966e-01
1.650461896894392250e+15,4.521656311785830495e-01
1.650461896896316750e+15,4.540583132141496336e-01
1.650461896898241500e+15,4.540583132141495226e-01
1.650461896900166250e+15,4.540583132141495781e-01
1.650461896902091000e+15,4.540583132141495226e-01
1.650461896904015750e+15,4.540583132141495781e-01
1.650461896905940500e+15,4.540583132141495781e-01
1.650461896907865000e+15,4.540583132141495781e-01
1.650461896909789750e+15,4.540583132141495781e-01
1.650461896911714500e+15,4.540583132141495781e-01
1.650461896913639250e+15,4.540583132141495226e-01
1.650461896915564000e+15,4.540583132141495781e-01
1.650461896917488750e+15,4.540583132141496892e-01
1.650461896919413250e+15,4.540583132141497447e-01
1.650461896921338000e+15,4.540583132141499112e-01
1.650461896923262750e+15,4.540583132141499667e-01
1.650461896925187500e+15,4.540583132141501332e-01
1.650461896927112250e+15,4.540583132141502443e-01
1.650461896929037000e+15,4.540583132141502998e-01
1.650461896930961500e+15,4.540583132141504663e-01
1.650461896932886250e+15,4.540583132141503553e-01
1.650461896934811000e+15,4.540583132141502998e-01
1.650461896936735750e+15,4.540583132141501888e-01
1.650461896938660500e+15,4.540583132141501332e-01
1.650461896940585250e+15,4.540583132141500222e-01
1.650461896942509750e+15,4.540583132141500222e-01
1.650461896944434500e+15,4.540583132141499112e-01
1.650461896946359250e+15,4.540583132141498002e-01
1.650461896948284000e+15,4.540583132141496892e-01
1.650461896950208750e+15,4.540583132141496336e-01
1.650461896952133500e+15,4.545548065742359145e-01
1.650461896954058000e+15,4.555506392698964735e-01
1.650461896955982750e+15,4.565466013280791158e-01
1.650461896957907500e+15,4.575425633862618691e-01
1.650461896959832250e+15,4.585385254444445668e-01
1.650461896961757000e+15,4.595344875026272091e-01
1.650461896963681750e+15,4.601942363656914559e-01
1.650461896965606250e+15,4.601942363656914559e-01
1.650461896967531000e+15,4.601942363656914559e-01
1.650461896969455750e+15,4.601942363656914559e-01
1.650461896971380500e+15,4.601942363656914559e-01
1.650461896973305250e+15,4.601942363656914559e-01
1.650461896975230000e+15,4.601942363656914003e-01
1.650461896977154500e+15,4.605117215449100465e-01
1.650461896979079250e+15,4.618742178630842465e-01
1.650461896981004000e+15,4.632367141812584466e-01
1.650461896982928750e+15,4.645992104994326466e-01
1.650461896984853500e+15,4.659617068176067356e-01
1.650461896986778250e+15,4.656912946780896734e-01
1.650461896988702750e+15,4.648157416192074676e-01
1.650461896990627500e+15,4.639400748225935844e-01
1.650461896992552250e+15,4.630644080259796458e-01
1.650461896994477000e+15,4.621887412293657071e-01
1.650461896996401750e+15,4.613130744327518240e-01
1.650461896998326500e+15,4.604374076361378854e-01
1.650461897000251000e+15,4.610408646345670602e-01
1.650461897002175750e+15,4.622132011529243023e-01
1.650461897004100500e+15,4.633855376712815444e-01
1.650461897006025250e+15,4.645578741896388419e-01
1.650461897007950000e+15,4.657302107079961395e-01
1.650461897009874750e+15,4.658627281147005306e-01
1.650461897011799250e+15,4.649054823214820997e-01
1.650461897013724000e+15,4.639481121783295414e-01
1.650461897015648750e+15,4.629907420351769276e-01
1.650461897017573500e+15,4.620333718920243138e-01
1.650461897019498250e+15,4.610760017488717555e-01
1.650461897021423000e+15,4.601117803212197432e-01
1.650461897023347500e+15,4.590677891528752164e-01
1.650461897025272250e+15,4.580236623660365325e-01
1.650461897027197000e+15,4.569795355791977931e-01
1.650461897029121750e+15,4.559354087923590537e-01
1.650461897031046500e+15,4.548912820055203698e-01
1.650461897032971250e+15,4.542821040866478199e-01
1.650461897034895750e+15,4.553885537568417297e-01
1.650461897036820500e+15,4.564951471591309762e-01
1.650461897038745250e+15,4.576017405614202227e-01
1.650461897040670000e+15,4.587083339637093582e-01
1.650461897042594750e+15,4.598149273659987157e-01
1.650461897044519500e+15,4.609215207682879623e-01
1.650461897046444000e+15,4.620279704384818165e-01
1.650461897048368750e+15,4.631345638407710075e-01
1.650461897050293500e+15,4.642411572430602540e-01
1.650461897052218250e+15,4.653477506453495005e-01
1.650461897054143000e+15,4.662733965123641022e-01
1.650461897056067750e+15,4.657675882085424712e-01
1.650461897057992500e+15,4.652617799047208402e-01
1.650461897059917000e+15,4.647560372988215338e-01
1.650461897061841750e+15,4.642502289949999583e-01
1.650461897063766500e+15,4.637444206911782718e-01
1.650461897065691250e+15,4.632386123873566963e-01
1.650461897067616000e+15,4.627328040835350098e-01
1.650461897069540750e+15,4.622269957797134898e-01
1.650461897071465250e+15,4.617212531738140724e-01
1.650461897073390000e+15,4.612154448699924414e-01
1.650461897075314750e+15,4.607096365661708659e-01
1.650461897077239500e+15,4.602038282623492349e-01
1.650461897079164250e+15,4.626828057456852661e-01
1.650461897081089000e+15,4.652194793398282679e-01
1.650461897083013500e+15,4.677558234530524439e-01
1.650461897084938250e+15,4.702924970471955013e-01
1.650461897086863000e+15,4.728291706413384476e-01
1.650461897088787750e+15,4.753658442354814495e-01
1.650461897090712500e+15,4.779025178296245069e-01
1.650461897092637250e+15,4.804391914237675087e-01
1.650461897094561750e+15,4.829755355369916847e-01
1.650461897096486500e+15,4.848992128003950519e-01
1.650461897098411250e+15,4.854276060752342747e-01
1.650461897100336000e+15,4.859559993500734976e-01
1.650461897102260750e+15,4.864843926249127204e-01
1.650461897104185500e+15,4.870127858997518322e-01
1.650461897106110000e+15,4.875411105431747272e-01
1.650461897108034750e+15,4.880695038180139500e-01
1.650461897109959500e+15,4.885978970928531173e-01
1.650461897111884250e+15,4.891262903676922846e-01
1.650461897113809000e+15,4.896546836425315075e-01
1.650461897115733750e+15,4.901830769173707858e-01
1.650461897117658250e+15,4.907114015607935142e-01
1.650461897119583000e+15,4.900513274290155818e-01
1.650461897121507750e+15,4.888636647091914034e-01
1.650461897123432500e+15,4.876760019893672249e-01
1.650461897125357250e+15,4.864883392695429354e-01
1.650461897127282000e+15,4.853006765497187569e-01
1.650461897129206500e+15,4.857159481290012626e-01
1.650461897131131250e+15,4.875751504724121221e-01
1.650461897133056000e+15,4.894343528158230372e-01
1.650461897134980750e+15,4.912935551592340078e-01
1.650461897136905500e+15,4.931527575026448673e-01
1.650461897138830250e+15,4.950119598460557824e-01
1.650461897140754750e+15,4.968709207032550590e-01
1.650461897142679500e+15,4.987301230466659741e-01
1.650461897144604250e+15,5.005893253900768336e-01
1.650461897146529000e+15,5.024485277334878042e-01
1.650461897148453750e+15,5.043077300768986637e-01
1.650461897150378500e+15,5.061669324203096343e-01
1.650461897152303000e+15,5.080258932775089109e-01
1.650461897154227750e+15,5.085141705291990055e-01
1.650461897156152500e+15,5.061497825240075521e-01
1.650461897158077250e+15,5.037853945188160987e-01
1.650461897160002000e+15,5.014210065136246453e-01
1.650461897161926750e+15,4.990566185084331363e-01
1.650461897163851250e+15,4.971735415165650096e-01
1.650461897165776000e+15,4.983940994006007541e-01
1.650461897167700750e+15,4.996146572846364986e-01
1.650461897169625500e+15,5.008352151686723541e-01
1.650461897171550250e+15,5.020557730527080986e-01
1.650461897173475000e+15,5.032906941442091275e-01
1.650461897175399500e+15,5.046452779245526044e-01
1.650461897177324250e+15,5.060000376705728886e-01
1.650461897179249000e+15,5.073547974165930619e-01
1.650461897181173750e+15,5.087095571626133461e-01
1.650461897183098500e+15,5.100643169086336304e-01
1.650461897185023250e+15,5.114190766546538036e-01
1.650461897186947750e+15,5.127736604349972804e-01
1.650461897188872500e+15,5.141284201810174537e-01
1.650461897190797250e+15,5.153113701454441475e-01
1.650461897192722000e+15,5.131198470268819589e-01
1.650461897194646750e+15,5.109283239083197703e-01
1.650461897196571500e+15,5.087368007897576927e-01
1.650461897198496000e+15,5.065455623215551206e-01
1.650461897200420750e+15,5.043540392029929320e-01
1.650461897202345500e+15,5.035452436826062250e-01
1.650461897204270250e+15,5.044358339914768452e-01
1.650461897206195000e+15,5.053264243003473544e-01
1.650461897208119750e+15,5.062170146092179746e-01
1.650461897210044250e+15,5.071074892419865643e-01
1.650461897211969000e+15,5.079980795508571845e-01
1.650461897213893750e+15,5.088886698597276936e-01
1.650461897215818500e+15,5.092816215780331390e-01
1.650461897217743250e+15,5.092816215780331390e-01
1.650461897219668000e+15,5.092816215780331390e-01
1.650461897221592500e+15,5.092816215780331390e-01
1.650461897223517250e+15,5.092816215780331390e-01
1.650461897225442000e+15,5.092816215780331390e-01
1.650461897227366750e+15,5.092816215780331390e-01
1.650461897229291500e+15,5.092816215780331390e-01
1.650461897231216250e+15,5.092816215780331390e-01
1.650461897233140750e+15,5.092816215780331390e-01
1.650461897235065500e+15,5.092816215780331390e-01
1.650461897236990250e+15,5.089250890789779325e-01
1.650461897238915000e+15,5.080341628504071450e-01
1.650461897240839750e+15,5.071432366218364685e-01
1.650461897242764500e+15,5.062523103932656809e-01
1.650461897244689000e+15,5.053614998844284667e-01
1.650461897246613750e+15,5.044705736558577902e-01
1.650461897248538500e+15,5.035796474272870027e-01
1.650461897250463250e+15,5.037250490511413492e-01
1.650461897252388000e+15,5.048545553715250156e-01
1.650461897254312750e+15,5.059840616919086820e-01
1.650461897256237250e+15,5.071134213041068595e-01
1.650461897258162000e+15,5.082429276244904148e-01
1.650461897260086750e+15,5.093724339448741922e-01
1.650461897262011500e+15,5.105019402652577476e-01
1.650461897263936250e+15,5.116314465856414140e-01
1.650461897265861000e+15,5.127609529060250804e-01
1.650461897267785500e+15,5.138903125182231468e-01
1.650461897269710250e+15,5.150198188386069242e-01
1.650461897271635000e+15,5.160151311221061743e-01
1.650461897273559750e+15,5.169375083546845495e-01
1.650461897275484500e+15,5.178598855872629247e-01
1.650461897277409250e+15,5.187822628198414110e-01
1.650461897279333750e+15,5.197045202476096026e-01
1.650461897281258500e+15,5.206268974801880889e-01
1.650461897283183250e+15,5.215492747127664641e-01
1.650461897285108000e+15,5.215534678811182268e-01
1.650461897287032750e+15,5.215534678811181157e-01
1.650461897288957500e+15,5.215534678811180047e-01
1.650461897290882000e+15,5.215534678811178937e-01
1.650461897292806750e+15,5.215534678811178937e-01
1.650461897294731500e+15,5.213678774494682200e-01
1.650461897296656250e+15,5.204692229002420012e-01
1.650461897298581000e+15,5.195705683510156714e-01
1.650461897300505750e+15,5.186719138017895636e-01
1.650461897302430250e+15,5.177733759761051768e-01
1.650461897304355000e+15,5.168747214268789580e-01
1.650461897306279750e+15,5.159760668776527393e-01
1.650461897308204500e+15,5.154175447295754608e-01
1.650461897310129250e+15,5.154175447295754608e-01
1.650461897312054000e+15,5.154175447295755719e-01
1.650461897313978500e+15,5.154175447295756829e-01
1.650461897315903250e+15,5.154175447295756829e-01
1.650461897317828000e+15,5.154175447295757939e-01
1.650461897319752750e+15,5.154175447295757939e-01
1.650461897321677500e+15,5.154175447295759049e-01
1.650461897323602250e+15,5.154175447295759049e-01
1.650461897325526750e+15,5.154175447295759049e-01
1.650461897327451500e+15,5.154175447295759049e-01
1.650461897329376250e+15,5.154175447295760160e-01
1.650461897331301000e+15,5.154175447295759049e-01
1.650461897333225750e+15,5.154175447295759049e-01
1.650461897335150500e+15,5.154175447295759049e-01
1.650461897337075000e+15,5.154175447295759049e-01
1.650461897338999750e+15,5.154175447295759049e-01
1.650461897340924500e+15,5.154175447295759049e-01
1.650461897342849250e+15,5.154175447295759049e-01
1.650461897344774000e+15,5.154175447295759049e-01
1.650461897346698750e+15,5.154175447295759049e-01
1.650461897348623250e+15,5.154175447295759049e-01
1.650461897350548000e+15,5.154175447295759049e-01
1.650461897352472750e+15,5.154175447295759049e-01
1.650461897354397500e+15,5.154175447295759049e-01
1.650461897356322250e+15,5.154175447295759049e-01
1.650461897358247000e+15,5.151686237946920821e-01
1.650461897360171500e+15,5.143177386451643907e-01
1.650461897362096250e+15,5.134667429623620549e-01
1.650461897364021000e+15,5.126157472795596082e-01
1.650461897365945750e+15,5.117647515967571614e-01
1.650461897367870500e+15,5.109137559139547147e-01
1.650461897369795250e+15,5.100627602311523789e-01
1.650461897371719750e+15,5.093739472053849804e-01
1.650461897373644500e+15,5.105004369121697305e-01
1.650461897375569250e+15,5.116269266189545917e-01
1.650461897377494000e+15,5.127534163257393418e-01
1.650461897379418750e+15,5.138799060325240919e-01
1.650461897381343500e+15,5.150063957393090641e-01
1.650461897383268000e+15,5.154175447295759049e-01
1.650461897385192750e+15,5.154175447295760160e-01
1.650461897387117500e+15,5.154175447295760160e-01
1.650461897389042250e+15,5.154175447295761270e-01
1.650461897390967000e+15,5.154175447295761270e-01
1.650461897392891750e+15,5.154175447295761270e-01
1.650461897394816250e+15,5.154175447295761270e-01
1.650461897396741000e+15,5.154175447295762380e-01
1.650461897398665750e+15,5.154175447295762380e-01
1.650461897400590500e+15,5.154175447295762380e-01
1.650461897402515250e+15,5.154175447295763490e-01
1.650461897404440000e+15,5.154175447295763490e-01
1.650461897406364750e+15,5.154175447295763490e-01
1.650461897408289250e+15,5.154175447295763490e-01
1.650461897410214000e+15,5.154175447295763490e-01
1.650461897412138750e+15,5.154175447295762380e-01
1.650461897414063500e+15,5.154175447295763490e-01
1.650461897415988250e+15,5.154175447295763490e-01
1.650461897417913000e+15,5.154175447295763490e-01
1.650461897419837500e+15,5.154175447295763490e-01
1.650461897421762250e+15,5.154175447295763490e-01
1.650461897423687000e+15,5.154175447295763490e-01
1.650461897425611750e+15,5.154175447295763490e-01
1.650461897427536500e+15,5.154175447295763490e-01
1.650461897429461250e+15,5.154175447295761270e-01
1.650461897431385750e+15,5.154175447295759049e-01
1.650461897433310500e+15,5.154175447295756829e-01
1.650461897435235250e+15,5.154175447295755719e-01
1.650461897437160000e+15,5.154175447295753498e-01
1.650461897439084750e+15,5.154175447295751278e-01
1.650461897441009500e+15,5.157614129846167517e-01
1.650461897442934000e+15,5.163520193717900941e-01
1.650461897444858750e+15,5.169427024810195892e-01
1.650461897446783500e+15,5.175333855902488622e-01
1.650461897448708250e+15,5.181240686994783573e-01
1.650461897450633000e+15,5.187147518087077414e-01
1.650461897452557750e+15,5.193054349179371254e-01
1.650461897454482250e+15,5.198960413051105789e-01
1.650461897456407000e+15,5.204867244143400740e-01
1.650461897458331750e+15,5.210774075235693470e-01
1.650461897460256500e+15,5.215534678811182268e-01
1.650461897462181250e+15,5.215534678811182268e-01
1.650461897464106000e+15,5.215534678811182268e-01
1.650461897466030500e+15,5.215534678811182268e-01
1.650461897467955250e+15,5.215534678811182268e-01
1.650461897469880000e+15,5.215534678811182268e-01
1.650461897471804750e+15,5.215534678811182268e-01
1.650461897473729500e+15,5.207050333305074385e-01
1.650461897475654250e+15,5.197321263294422122e-01
1.650461897477578750e+15,5.187593456963469629e-01
1.650461897479503500e+15,5.177864386952817366e-01
1.650461897481428250e+15,5.168135316942165103e-01
1.650461897483353000e+15,5.158406246931511729e-01
1.650461897485277750e+15,5.167135351000788912e-01
1.650461897487202500e+15,5.190067619128811982e-01
1.650461897489127000e+15,5.212996908653362294e-01
1.650461897491051750e+15,5.235929176781384253e-01
1.650461897492976500e+15,5.258861444909406213e-01
1.650461897494901250e+15,5.276893910326608816e-01
1.650461897496826000e+15,5.276893910326609927e-01
1.650461897498750750e+15,5.276893910326608816e-01
1.650461897500675250e+15,5.276893910326608816e-01
1.650461897502600000e+15,5.276893910326609927e-01
1.650461897504524750e+15,5.276893910326608816e-01
1.650461897506449500e+15,5.276893910326609927e-01
1.650461897508374250e+15,5.276893910326609927e-01
1.650461897510299000e+15,5.276893910326609927e-01
1.650461897512223500e+15,5.276893910326609927e-01
1.650461897514148250e+15,5.276893910326609927e-01
1.650461897516073000e+15,5.276893910326609927e-01
1.650461897517997750e+15,5.276893910326609927e-01
1.650461897519922500e+15,5.276893910326609927e-01
1.650461897521847250e+15,5.276893910326609927e-01
1.650461897523771750e+15,5.276893910326609927e-01
1.650461897525696500e+15,5.276893910326609927e-01
1.650461897527621250e+15,5.276893910326609927e-01
1.650461897529546000e+15,5.276893910326609927e-01
1.650461897531470750e+15,5.276893910326611037e-01
1.650461897533395500e+15,5.276893910326609927e-01
1.650461897535320000e+15,5.276893910326609927e-01
1.650461897537244750e+15,5.276893910326611037e-01
1.650461897539169500e+15,5.276893910326609927e-01
1.650461897541094250e+15,5.276893910326609927e-01
1.650461897543019000e+15,5.277718559089328298e-01
1.650461897544943750e+15,5.284170765211448906e-01
1.650461897546868250e+15,5.290622133275884043e-01
1.650461897548793000e+15,5.297074339398005760e-01
1.650461897550717750e+15,5.303526545520126367e-01
1.650461897552642500e+15,5.309978751642246975e-01
1.650461897554567250e+15,5.316430957764368692e-01
1.650461897556492000e+15,5.322883163886489299e-01
1.650461897558416500e+15,5.329334531950924436e-01
1.650461897560341250e+15,5.335786738073046154e-01
1.650461897562266000e+15,5.338253141842028704e-01
1.650461897564190750e+15,5.338253141842027594e-01
1.650461897566115500e+15,5.338253141842026483e-01
1.650461897568040250e+15,5.338253141842027594e-01
1.650461897569964750e+15,5.338253141842026483e-01
1.650461897571889500e+15,5.338253141842026483e-01
1.650461897573814250e+15,5.338253141842026483e-01
1.650461897575739000e+15,5.338253141842025373e-01
1.650461897577663750e+15,5.338253141842025373e-01
1.650461897579588500e+15,5.338253141842025373e-01
1.650461897581513000e+15,5.338253141842024263e-01
1.650461897583437750e+15,5.338253141842024263e-01
1.650461897585362500e+15,5.333684977113333225e-01
1.650461897587287250e+15,5.322228853254635794e-01
1.650461897589212000e+15,5.310772729395938363e-01
1.650461897591136750e+15,5.299316605537239822e-01
1.650461897593061250e+15,5.287861969680083263e-01
1.650461897594986000e+15,5.276893910326601045e-01
1.650461897596910750e+15,5.276893910326603265e-01
1.650461897598835500e+15,5.276893910326605486e-01
1.650461897600760250e+15,5.276893910326606596e-01
1.650461897602685000e+15,5.276893910326609927e-01
1.650461897604609500e+15,5.276893910326612147e-01
1.650461897606534250e+15,5.276893910326613257e-01
1.650461897608459000e+15,5.282726310606450371e-01
1.650461897610383750e+15,5.290908462529637646e-01
1.650461897612308500e+15,5.299090614452826031e-01
1.650461897614233250e+15,5.307272766376014417e-01
1.650461897616157750e+15,5.315453855544048922e-01
1.650461897618082500e+15,5.323636007467236197e-01
1.650461897620007250e+15,5.331818159390424583e-01
1.650461897621932000e+15,5.338253141842027594e-01
1.650461897623856750e+15,5.338253141842027594e-01
1.650461897625781500e+15,5.338253141842026483e-01
1.650461897627706000e+15,5.338253141842026483e-01
1.650461897629630750e+15,5.338253141842025373e-01
1.650461897631555500e+15,5.338253141842024263e-01
1.650461897633480250e+15,5.338253141842024263e-01
1.650461897635405000e+15,5.338253141842024263e-01
1.650461897637329750e+15,5.338253141842024263e-01
1.650461897639254250e+15,5.338253141842024263e-01
1.650461897641179000e+15,5.338253141842024263e-01
1.650461897643103750e+15,5.338253141842024263e-01
1.650461897645028500e+15,5.338253141842024263e-01
1.650461897646953250e+15,5.338253141842024263e-01
1.650461897648878000e+15,5.338253141842024263e-01
1.650461897650802500e+15,5.338253141842024263e-01
1.650461897652727250e+15,5.338253141842024263e-01
1.650461897654652000e+15,5.338253141842024263e-01
1.650461897656576750e+15,5.338253141842024263e-01
1.650461897658501500e+15,5.338253141842024263e-01
1.650461897660426250e+15,5.338253141842024263e-01
1.650461897662350750e+15,5.338253141842024263e-01
1.650461897664275500e+15,5.338253141842024263e-01
1.650461897666200250e+15,5.338253141842024263e-01
1.650461897668125000e+15,5.342125591119887273e-01
1.650461897670049750e+15,5.353789905278834027e-01
1.650461897671974500e+15,5.365454219437780781e-01
1.650461897673899000e+15,5.377117018553974059e-01
1.650461897675823750e+15,5.388781332712921923e-01
1.650461897677748500e+15,5.399612373357460804e-01
1.650461897679673250e+15,5.399612373357460804e-01
1.650461897681598000e+15,5.399612373357460804e-01
1.650461897683522750e+15,5.399612373357460804e-01
1.650461897685447250e+15,5.399612373357460804e-01
1.650461897687372000e+15,5.399612373357460804e-01
1.650461897689296750e+15,5.399612373357460804e-01
1.650461897691221500e+15,5.399612373357460804e-01
1.650461897693146250e+15,5.399612373357460804e-01
1.650461897695071000e+15,5.399612373357460804e-01
1.650461897696995500e+15,5.399612373357460804e-01
1.650461897698920250e+15,5.399612373357461914e-01
1.650461897700845000e+15,5.399612373357460804e-01
1.650461897702769750e+15,5.399612373357460804e-01
1.650461897704694500e+15,5.399612373357460804e-01
1.650461897706619250e+15,5.399612373357460804e-01
1.650461897708543750e+15,5.399612373357461914e-01
1.650461897710468500e+15,5.399612373357460804e-01
1.650461897712393250e+15,5.399612373357460804e-01
1.650461897714318000e+15,5.399612373357460804e-01
1.650461897716242750e+15,5.399612373357460804e-01
1.650461897718167500e+15,5.399612373357460804e-01
1.650461897720092000e+15,5.399612373357460804e-01
1.650461897722016750e+15,5.399612373357460804e-01
1.650461897723941500e+15,5.399612373357460804e-01
1.650461897725866250e+15,5.399612373357459694e-01
1.650461897727791000e+15,5.399612373357459694e-01
1.650461897729715750e+15,5.399612373357458583e-01
1.650461897731640250e+15,5.399612373357458583e-01
1.650461897733565000e+15,5.399612373357457473e-01
1.650461897735489750e+15,5.399612373357457473e-01
1.650461897737414500e+15,5.401866972785113186e-01
1.650461897739339250e+15,5.407949019384110656e-01
1.650461897741264000e+15,5.414031065983107016e-01
1.650461897743188500e+15,5.420112322603327648e-01
1.650461897745113250e+15,5.426194369202325118e-01
1.650461897747038000e+15,5.432276415801322589e-01
1.650461897748962750e+15,5.438358462400317839e-01
1.650461897750887500e+15,5.444440508999315309e-01
1.650461897752812250e+15,5.450522555598311669e-01
1.650461897754736750e+15,5.456603812218532301e-01
1.650461897756661500e+15,5.460971604872884022e-01
1.650461897758586250e+15,5.460971604872884022e-01
1.650461897760511000e+15,5.460971604872884022e-01
1.650461897762435750e+15,5.460971604872884022e-01
1.650461897764360500e+15,5.460971604872884022e-01
1.650461897766285250e+15,5.460971604872884022e-01
1.650461897768209750e+15,5.461751116248561022e-01
1.650461897770134500e+15,5.471638197107440149e-01
1.650461897772059250e+15,5.481525277966318166e-01
1.650461897773984000e+15,5.491412358825196183e-01
1.650461897775908750e+15,5.501299439684075310e-01
1.650461897777833500e+15,5.511186520542953327e-01
1.650461897779758000e+15,5.521072317198577606e-01
1.650461897781682750e+15,5.522330836388302799e-01
1.650461897783607500e+15,5.522330836388302799e-01
1.650461897785532250e+15,5.522330836388303910e-01
1.650461897787457000e+15,5.522330836388303910e-01
1.650461897789381750e+15,5.522330836388303910e-01
1.650461897791306250e+15,5.522330836388305020e-01
1.650461897793231000e+15,5.522330836388305020e-01
1.650461897795155750e+15,5.522330836388305020e-01
1.650461897797080500e+15,5.522330836388306130e-01
1.650461897799005250e+15,5.522330836388306130e-01
1.650461897800930000e+15,5.522330836388307240e-01
1.650461897802854500e+15,5.531938923396660934e-01
1.650461897804779250e+15,5.548944133023633318e-01
1.650461897806704000e+15,5.565949342650604592e-01
1.650461897808628750e+15,5.582954552277574756e-01
1.650461897810553500e+15,5.599959761904547140e-01
1.650461897812478250e+15,5.616964971531517303e-01
1.650461897814402750e+15,5.633967972402854629e-01
1.650461897816327500e+15,5.640972667955514996e-01
1.650461897818252250e+15,5.629270212460141254e-01
1.650461897820177000e+15,5.617567756964767511e-01
1.650461897822101750e+15,5.605865301469393769e-01
1.650461897824026500e+15,5.594162845974020026e-01
1.650461897825951000e+15,5.582461910475464695e-01
1.650461897827875750e+15,5.570759454980089842e-01
1.650461897829800500e+15,5.559056999484716100e-01
1.650461897831725250e+15,5.547354543989343467e-01
1.650461897833650000e+15,5.535652088493969725e-01
1.650461897835574750e+15,5.523949632998595982e-01
1.650461897837499250e+15,5.541628272030071356e-01
1.650461897839424000e+15,5.564027029305198546e-01
1.650461897841348750e+15,5.586425786580324626e-01
1.650461897843273500e+15,5.608824543855450706e-01
1.650461897845198250e+15,5.631223301130576786e-01
1.650461897847123000e+15,5.653622058405702866e-01
1.650461897849047500e+15,5.676017906373481692e-01
1.650461897850972250e+15,5.698416663648607772e-01
1.650461897852897000e+15,5.686228934206679630e-01
1.650461897854821750e+15,5.654855203348806425e-01
1.650461897856746500e+15,5.623481472490934330e-01
1.650461897858671250e+15,5.592107741633061124e-01
1.650461897860595750e+15,5.560738085814914688e-01
1.650461897862520500e+15,5.529364354957041483e-01
1.650461897864445250e+15,5.540018997094950937e-01
1.650461897866370000e+15,5.562818452859297214e-01
1.650461897868294750e+15,5.585617908623645711e-01
1.650461897870219500e+15,5.608417364387993098e-01
1.650461897872144000e+15,5.631213858799468674e-01
1.650461897874068750e+15,5.654013314563814951e-01
1.650461897875993500e+15,5.676812770328162339e-01
1.650461897877918250e+15,5.699612226092509726e-01
1.650461897879843000e+15,5.722411681856857113e-01
1.650461897881767750e+15,5.745211137621204500e-01
1.650461897883692250e+15,5.767767762450016766e-01
1.650461897885617000e+15,5.767767762450015656e-01
1.650461897887541750e+15,5.767767762450015656e-01
1.650461897889466500e+15,5.767767762450013436e-01
1.650461897891391250e+15,5.767767762450012325e-01
1.650461897893316000e+15,5.767767762450011215e-01
1.650461897895240500e+15,5.767767762450008995e-01
1.650461897897165250e+15,5.763040391469274049e-01
1.650461897899090000e+15,5.752262769562055400e-01
1.650461897901014750e+15,5.741485147654836751e-01
1.650461897902939500e+15,5.730707525747618103e-01
1.650461897904864250e+15,5.719929903840399454e-01
1.650461897906788750e+15,5.709153681806139469e-01
1.650461897908713500e+15,5.706408530934590217e-01
1.650461897910638250e+15,5.706408530934590217e-01
1.650461897912563000e+15,5.706408530934590217e-01
1.650461897914487750e+15,5.706408530934590217e-01
1.650461897916412500e+15,5.706408530934590217e-01
1.650461897918337000e+15,5.706408530934590217e-01
1.650461897920261750e+15,5.706408530934590217e-01
1.650461897922186500e+15,5.706408530934590217e-01
1.650461897924111250e+15,5.706408530934590217e-01
1.650461897926036000e+15,5.706408530934590217e-01
1.650461897927960750e+15,5.706408530934590217e-01
1.650461897929885250e+15,5.706408530934590217e-01
1.650461897931810000e+15,5.706408530934590217e-01
1.650461897933734750e+15,5.706408530934590217e-01
1.650461897935659500e+15,5.706408530934590217e-01
1.650461897937584250e+15,5.706408530934590217e-01
1.650461897939509000e+15,5.706408530934590217e-01
1.650461897941433500e+15,5.706408530934590217e-01
1.650461897943358250e+15,5.706408530934590217e-01
1.650461897945283000e+15,5.706408530934590217e-01
1.650461897947207750e+15,5.706408530934590217e-01
1.650461897949132500e+15,5.706408530934590217e-01
1.650461897951057250e+15,5.706408530934590217e-01
1.650461897952981750e+15,5.706408530934590217e-01
1.650461897954906500e+15,5.706408530934590217e-01
1.650461897956831250e+15,5.706408530934590217e-01
1.650461897958756000e+15,5.706408530934590217e-01
1.650461897960680750e+15,5.706408530934590217e-01
1.650461897962605500e+15,5.706408530934589107e-01
1.650461897964530000e+15,5.706408530934590217e-01
1.650461897966454750e+15,5.706408530934590217e-01
1.650461897968379500e+15,5.706408530934590217e-01
1.650461897970304250e+15,5.706408530934590217e-01
1.650461897972229000e+15,5.706408530934590217e-01
1.650461897974153750e+15,5.706408530934590217e-01
1.650461897976078250e+15,5.706408530934590217e-01
1.650461897978003000e+15,5.706408530934590217e-01
1.650461897979927750e+15,5.706408530934590217e-01
1.650461897981852500e+15,5.706408530934590217e-01
1.650461897983777250e+15,5.706408530934590217e-01
1.650461897985702000e+15,5.706408530934590217e-01
1.650461897987626500e+15,5.706408530934589107e-01
1.650461897989551250e+15,5.706408530934590217e-01
1.650461897991476000e+15,5.706408530934590217e-01
1.650461897993400750e+15,5.706408530934590217e-01
1.650461897995325500e+15,5.706408530934589107e-01
1.650461897997250250e+15,5.706408530934590217e-01
1.650461897999174750e+15,5.706408530934590217e-01
1.650461898001099500e+15,5.706408530934590217e-01
1.650461898003024250e+15,5.706408530934590217e-01
1.650461898004949000e+15,5.706408530934590217e-01
1.650461898006873750e+15,5.706408530934590217e-01
1.650461898008798500e+15,5.706408530934590217e-01
1.650461898010723000e+15,5.706408530934590217e-01
1.650461898012647750e+15,5.706408530934590217e-01
1.650461898014572500e+15,5.706408530934590217e-01
1.650461898016497250e+15,5.706408530934590217e-01
1.650461898018422000e+15,5.706408530934590217e-01
1.650461898020346750e+15,5.706408530934590217e-01
1.650461898022271250e+15,5.706408530934590217e-01
1.650461898024196000e+15,5.706408530934590217e-01
1.650461898026120750e+15,5.706408530934590217e-01
1.650461898028045500e+15,5.706408530934590217e-01
1.650461898029970250e+15,5.706408530934589107e-01
1.650461898031895000e+15,5.706408530934589107e-01
1.650461898033819500e+15,5.706408530934587997e-01
1.650461898035744250e+15,5.706408530934585777e-01
1.650461898037669000e+15,5.706408530934585777e-01
1.650461898039593750e+15,5.706408530934583556e-01
1.650461898041518500e+15,5.706408530934582446e-01
1.650461898043443250e+15,5.706408530934582446e-01
1.650461898045367750e+15,5.706408530934581336e-01
1.650461898047292500e+15,5.706408530934581336e-01
1.650461898049217250e+15,5.706408530934581336e-01
1.650461898051142000e+15,5.706408530934581336e-01
1.650461898053066750e+15,5.706408530934581336e-01
1.650461898054991500e+15,5.706408530934581336e-01
1.650461898056916000e+15,5.706408530934581336e-01
1.650461898058840750e+15,5.706408530934581336e-01
1.650461898060765500e+15,5.706408530934581336e-01
1.650461898062690250e+15,5.706408530934581336e-01
1.650461898064615000e+15,5.706408530934581336e-01
1.650461898066539750e+15,5.706408530934581336e-01
1.650461898068464250e+15,5.706408530934581336e-01
1.650461898070389000e+15,5.706408530934581336e-01
1.650461898072313750e+15,5.706408530934581336e-01
1.650461898074238500e+15,5.706408530934581336e-01
1.650461898076163250e+15,5.706408530934581336e-01
1.650461898078088000e+15,5.706408530934581336e-01
1.650461898080012500e+15,5.706408530934581336e-01
1.650461898081937250e+15,5.706408530934581336e-01
1.650461898083862000e+15,5.706408530934581336e-01
1.650461898085786750e+15,5.706408530934581336e-01
1.650461898087711500e+15,5.706408530934581336e-01
1.650461898089636250e+15,5.706408530934583556e-01
1.650461898091560750e+15,5.706408530934583556e-01
1.650461898093485500e+15,5.706408530934585777e-01
1.650461898095410250e+15,5.706408530934587997e-01
1.650461898097335000e+15,5.706408530934589107e-01
1.650461898099259750e+15,5.703486720475123839e-01
1.650461898101184500e+15,5.694156559244334392e-01
1.650461898103109000e+15,5.684827609880181987e-01
1.650461898105033750e+15,5.675497448649393650e-01
1.650461898106958500e+15,5.666167287418604204e-01
1.650461898108883250e+15,5.656837126187814757e-01
1.650461898110808000e+15,5.647506964957025311e-01
1.650461898112732750e+15,5.653623323712573256e-01
1.650461898114657500e+15,5.665263495293424434e-01
1.650461898116582000e+15,5.676902154967328196e-01
1.650461898118506750e+15,5.688542326548179373e-01
1.650461898120431500e+15,5.700182498129029440e-01
1.650461898122356250e+15,5.706408530934581336e-01
1.650461898124281000e+15,5.706408530934581336e-01
1.650461898126205750e+15,5.706408530934581336e-01
1.650461898128130250e+15,5.706408530934581336e-01
1.650461898130055000e+15,5.706408530934581336e-01
1.650461898131979750e+15,5.706408530934581336e-01
1.650461898133904500e+15,5.706408530934581336e-01
1.650461898135829250e+15,5.706408530934581336e-01
1.650461898137754000e+15,5.706408530934581336e-01
1.650461898139678500e+15,5.706408530934581336e-01
1.650461898141603250e+15,5.706408530934582446e-01
1.650461898143528000e+15,5.706408530934582446e-01
1.650461898145452750e+15,5.699334029437883586e-01
1.650461898147377500e+15,5.690156845440734745e-01
1.650461898149302250e+15,5.680979661443584794e-01
1.650461898151226750e+15,5.671803669443318263e-01
1.650461898153151500e+15,5.662626485446169422e-01
1.650461898155076250e+15,5.653449301449020581e-01
1.650461898157001000e+15,5.645049299419158118e-01
1.650461898158925750e+15,5.645049299419158118e-01
1.650461898160850500e+15,5.645049299419158118e-01
1.650461898162775000e+15,5.645049299419158118e-01
1.650461898164699750e+15,5.645049299419158118e-01
1.650461898166624500e+15,5.645049299419158118e-01
1.650461898168549250e+15,5.645049299419158118e-01
1.650461898170474000e+15,5.645049299419158118e-01
1.650461898172398750e+15,5.645049299419158118e-01
1.650461898174323250e+15,5.645049299419157007e-01
1.650461898176248000e+15,5.645049299419158118e-01
1.650461898178172750e+15,5.645049299419158118e-01
1.650461898180097500e+15,5.635275191467027378e-01
1.650461898182022250e+15,5.624969678303038956e-01
1.650461898183947000e+15,5.614664165139049423e-01
1.650461898185871500e+15,5.604359990527230106e-01
1.650461898187796250e+15,5.594054477363241684e-01
1.650461898189721000e+15,5.583748964199251041e-01
1.650461898191645750e+15,5.583690067903730458e-01
1.650461898193570500e+15,5.583690067903731569e-01
1.650461898195495250e+15,5.583690067903732679e-01
1.650461898197419750e+15,5.583690067903732679e-01
1.650461898199344500e+15,5.583690067903733789e-01
1.650461898201269250e+15,5.583690067903734899e-01
1.650461898203194000e+15,5.583690067903734899e-01
1.650461898205118750e+15,5.583690067903734899e-01
1.650461898207043500e+15,5.583690067903734899e-01
1.650461898208968000e+15,5.583690067903734899e-01
1.650461898210892750e+15,5.583690067903734899e-01
1.650461898212817500e+15,5.583690067903734899e-01
1.650461898214742250e+15,5.583690067903734899e-01
1.650461898216667000e+15,5.583690067903734899e-01
1.650461898218591750e+15,5.583690067903734899e-01
1.650461898220516250e+15,5.583690067903734899e-01
1.650461898222441000e+15,5.583690067903734899e-01
1.650461898224365750e+15,5.583690067903734899e-01
1.650461898226290500e+15,5.583690067903734899e-01
1.650461898228215250e+15,5.583690067903734899e-01
1.650461898230140000e+15,5.583690067903734899e-01
1.650461898232064500e+15,5.583690067903734899e-01
1.650461898233989250e+15,5.583690067903734899e-01
1.650461898235914000e+15,5.583690067903734899e-01
1.650461898237838750e+15,5.583690067903734899e-01
1.650461898239763500e+15,5.583690067903734899e-01
1.650461898241688250e+15,5.583690067903734899e-01
1.650461898243612750e+15,5.583690067903734899e-01
1.650461898245537500e+15,5.583690067903736010e-01
1.650461898247462250e+15,5.583690067903736010e-01
1.650461898249387000e+15,5.583690067903737120e-01
1.650461898251311750e+15,5.583690067903737120e-01
1.650461898253236500e+15,5.583690067903738230e-01
1.650461898255161000e+15,5.583690067903738230e-01
1.650461898257085750e+15,5.583690067903738230e-01
1.650461898259010500e+15,5.583690067903738230e-01
1.650461898260935250e+15,5.583690067903739340e-01
1.650461898262860000e+15,5.583690067903738230e-01
1.650461898264784750e+15,5.583690067903739340e-01
1.650461898266709250e+15,5.583690067903738230e-01
1.650461898268634000e+15,5.583690067903738230e-01
1.650461898270558750e+15,5.583690067903737120e-01
1.650461898272483500e+15,5.583690067903737120e-01
1.650461898274408250e+15,5.583690067903737120e-01
1.650461898276333000e+15,5.583690067903737120e-01
1.650461898278257500e+15,5.583690067903736010e-01
1.650461898280182250e+15,5.583690067903734899e-01
1.650461898282107000e+15,5.583690067903734899e-01
1.650461898284031750e+15,5.583690067903733789e-01
1.650461898285956500e+15,5.583690067903734899e-01
1.650461898287881250e+15,5.583690067903734899e-01
1.650461898289805750e+15,5.583690067903734899e-01
1.650461898291730500e+15,5.583690067903734899e-01
1.650461898293655250e+15,5.583690067903734899e-01
1.650461898295580000e+15,5.583690067903734899e-01
1.650461898297504750e+15,5.583690067903734899e-01
1.650461898299429500e+15,5.583690067903734899e-01
1.650461898301354000e+15,5.583690067903734899e-01
1.650461898303278750e+15,5.583690067903734899e-01
1.650461898305203500e+15,5.583690067903734899e-01
1.650461898307128250e+15,5.583690067903734899e-01
1.650461898309053000e+15,5.583690067903734899e-01
1.650461898310977750e+15,5.583690067903734899e-01
1.650461898312902250e+15,5.583690067903734899e-01
1.650461898314827000e+15,5.583690067903734899e-01
1.650461898316751750e+15,5.583690067903734899e-01
1.650461898318676500e+15,5.583690067903736010e-01
1.650461898320601250e+15,5.583690067903734899e-01
1.650461898322526000e+15,5.583690067903734899e-01
1.650461898324450500e+15,5.583690067903734899e-01
1.650461898326375250e+15,5.583690067903734899e-01
1.650461898328300000e+15,5.583690067903734899e-01
1.650461898330224750e+15,5.583690067903734899e-01
1.650461898332149500e+15,5.583690067903734899e-01
1.650461898334074250e+15,5.583690067903734899e-01
1.650461898335998750e+15,5.583690067903736010e-01
1.650461898337923500e+15,5.583690067903734899e-01
1.650461898339848250e+15,5.583690067903734899e-01
1.650461898341773000e+15,5.583690067903733789e-01
1.650461898343697750e+15,5.583690067903733789e-01
1.650461898345622500e+15,5.583690067903733789e-01
1.650461898347547000e+15,5.583690067903732679e-01
1.650461898349471750e+15,5.583690067903732679e-01
1.650461898351396500e+15,5.583690067903732679e-01
1.650461898353321250e+15,5.583690067903731569e-01
1.650461898355246000e+15,5.583690067903732679e-01
1.650461898357170750e+15,5.583690067903731569e-01
1.650461898359095250e+15,5.583690067903731569e-01
1.650461898361020000e+15,5.583690067903730458e-01
1.650461898362944750e+15,5.583690067903730458e-01
1.650461898364869500e+15,5.583690067903731569e-01
1.650461898366794250e+15,5.583690067903732679e-01
1.650461898368719000e+15,5.583690067903733789e-01
1.650461898370643500e+15,5.583690067903734899e-01
1.650461898372568250e+15,5.583690067903734899e-01
1.650461898374493000e+15,5.583690067903734899e-01
1.650461898376417750e+15,5.583690067903736010e-01
1.650461898378342500e+15,5.583690067903736010e-01
1.650461898380267250e+15,5.583690067903737120e-01
1.650461898382191750e+15,5.583690067903738230e-01
1.650461898384116500e+15,5.583690067903738230e-01
1.650461898386041250e+15,5.583690067903739340e-01
1.650461898387966000e+15,5.583690067903739340e-01
1.650461898389890750e+15,5.583690067903739340e-01
1.650461898391815500e+15,5.583690067903739340e-01
1.650461898393740000e+15,5.583690067903739340e-01
1.650461898395664750e+15,5.583690067903739340e-01
1.650461898397589500e+15,5.583690067903739340e-01
1.650461898399514250e+15,5.583690067903739340e-01
1.650461898401439000e+15,5.583690067903739340e-01
1.650461898403363750e+15,5.583690067903739340e-01
1.650461898405288250e+15,5.583690067903739340e-01
1.650461898407213000e+15,5.583690067903739340e-01
1.650461898409137750e+15,5.583690067903738230e-01
1.650461898411062500e+15,5.583690067903737120e-01
1.650461898412987250e+15,5.583690067903734899e-01
1.650461898414912000e+15,5.583690067903733789e-01
1.650461898416836500e+15,5.583690067903732679e-01
1.650461898418761250e+15,5.583690067903731569e-01
1.650461898420686000e+15,5.582506052678108954e-01
1.650461898422610750e+15,5.572422276989986711e-01
1.650461898424535500e+15,5.562338501301864468e-01
1.650461898426460250e+15,5.552254725613743336e-01
1.650461898428384750e+15,5.542172259676976243e-01
1.650461898430309500e+15,5.532088483988854000e-01
1.650461898432234250e+15,5.522330836388320563e-01
1.650461898434159000e+15,5.522330836388319453e-01
1.650461898436083750e+15,5.522330836388320563e-01
1.650461898438008500e+15,5.522330836388319453e-01
1.650461898439933000e+15,5.522330836388318343e-01
1.650461898441857750e+15,5.522330836388318343e-01
1.650461898443782500e+15,5.522330836388318343e-01
1.650461898445707250e+15,5.522330836388317232e-01
1.650461898447632000e+15,5.522330836388317232e-01
1.650461898449556750e+15,5.522330836388316122e-01
1.650461898451481250e+15,5.510164630397204055e-01
1.650461898453406000e+15,5.484801072334496430e-01
1.650461898455330750e+15,5.459437514271788805e-01
1.650461898457255500e+15,5.434073956209082290e-01
1.650461898459180250e+15,5.408710398146374665e-01
1.650461898461105000e+15,5.383346840083667040e-01
1.650461898463029500e+15,5.357986576417382851e-01
1.650461898464954250e+15,5.338253141842034255e-01
1.650461898466879000e+15,5.338253141842033145e-01
1.650461898468803750e+15,5.338253141842034255e-01
1.650461898470728500e+15,5.338253141842035365e-01
1.650461898472653250e+15,5.338253141842035365e-01
1.650461898474578000e+15,5.338253141842035365e-01
1.650461898476502500e+15,5.338253141842036475e-01
1.650461898478427250e+15,5.338253141842036475e-01
1.650461898480352000e+15,5.338253141842036475e-01
1.650461898482276750e+15,5.338253141842037586e-01
1.650461898484201500e+15,5.338253141842037586e-01
1.650461898486126250e+15,5.338253141842036475e-01
1.650461898488050750e+15,5.338253141842036475e-01
1.650461898489975500e+15,5.338253141842035365e-01
1.650461898491900250e+15,5.338253141842035365e-01
1.650461898493825000e+15,5.338253141842034255e-01
1.650461898495749750e+15,5.338253141842033145e-01
1.650461898497674500e+15,5.338253141842033145e-01
1.650461898499599000e+15,5.332071387502093085e-01
1.650461898501523750e+15,5.321569770850899106e-01
1.650461898503448500e+15,5.311068154199707347e-01
1.650461898505373250e+15,5.300566537548514479e-01
1.650461898507298000e+15,5.290064920897321610e-01
1.650461898509222750e+15,5.279563304246129851e-01
1.650461898511147250e+15,5.276893910326609927e-01
1.650461898513072000e+15,5.276893910326607706e-01
1.650461898514996750e+15,5.276893910326606596e-01
1.650461898516921500e+15,5.276893910326605486e-01
1.650461898518846250e+15,5.276893910326603265e-01
1.650461898520771000e+15,5.276893910326603265e-01
1.650461898522695500e+15,5.276893910326601045e-01
1.650461898524620250e+15,5.276893910326599935e-01
1.650461898526545000e+15,5.276893910326598824e-01
1.650461898528469750e+15,5.276893910326596604e-01
1.650461898530394500e+15,5.276893910326598824e-01
1.650461898532319250e+15,5.276893910326601045e-01
1.650461898534243750e+15,5.276893910326603265e-01
1.650461898536168500e+15,5.276893910326604376e-01
1.650461898538093250e+15,5.276893910326606596e-01
1.650461898540018000e+15,5.276893910326608816e-01
1.650461898541942750e+15,5.276893910326608816e-01
1.650461898543867500e+15,5.276893910326605486e-01
1.650461898545792000e+15,5.276893910326603265e-01
1.650461898547716750e+15,5.276893910326601045e-01
1.650461898549641500e+15,5.276893910326597714e-01
1.650461898551566250e+15,5.276893910326598824e-01
1.650461898553491000e+15,5.276893910326601045e-01
1.650461898555415750e+15,5.276893910326604376e-01
1.650461898557340250e+15,5.276893910326606596e-01
1.650461898559265000e+15,5.276893910326608816e-01
1.650461898561189750e+15,5.276893910326612147e-01
1.650461898563114500e+15,5.276410935375175359e-01
1.650461898565039250e+15,5.267252255199965649e-01
1.650461898566964000e+15,5.258093575024754829e-01
1.650461898568888500e+15,5.248936084443022176e-01
1.650461898570813250e+15,5.239777404267812466e-01
1.650461898572738000e+15,5.230618724092603866e-01
1.650461898574662750e+15,5.221460043917393046e-01
1.650461898576587500e+15,5.215534678811181157e-01
1.650461898578512250e+15,5.215534678811180047e-01
1.650461898580436750e+15,5.215534678811178937e-01
1.650461898582361500e+15,5.215534678811177827e-01
1.650461898584286250e+15,5.215534678811176716e-01
1.650461898586211000e+15,5.215534678811175606e-01
1.650461898588135750e+15,5.215534678811173386e-01
1.650461898590060500e+15,5.215534678811173386e-01
1.650461898591985000e+15,5.215534678811174496e-01
1.650461898593909750e+15,5.215534678811175606e-01
1.650461898595834500e+15,5.215534678811176716e-01
1.650461898597759250e+15,5.215534678811177827e-01
1.650461898599684000e+15,5.215534678811177827e-01
1.650461898601608750e+15,5.215534678811178937e-01
1.650461898603533250e+15,5.215534678811180047e-01
1.650461898605458000e+15,5.215534678811180047e-01
1.650461898607382750e+15,5.215534678811181157e-01
1.650461898609307500e+15,5.213101755914086866e-01
1.650461898611232250e+15,5.202730175966839843e-01
1.650461898613157000e+15,5.192358596019591710e-01
1.650461898615081500e+15,5.181988363205731751e-01
1.650461898617006250e+15,5.171616783258483618e-01
1.650461898618931000e+15,5.161245203311235485e-01
1.650461898620855750e+15,5.154175447295757939e-01
1.650461898622780500e+15,5.154175447295756829e-01
1.650461898624705250e+15,5.154175447295755719e-01
1.650461898626629750e+15,5.154175447295754608e-01
1.650461898628554500e+15,5.154175447295753498e-01
1.650461898630479250e+15,5.154175447295751278e-01
1.650461898632404000e+15,5.154175447295750168e-01
1.650461898634328750e+15,5.154175447295751278e-01
1.650461898636253500e+15,5.154175447295751278e-01
1.650461898638178000e+15,5.154175447295752388e-01
1.650461898640102750e+15,5.154175447295753498e-01
1.650461898642027500e+15,5.154175447295754608e-01
1.650461898643952250e+15,5.154175447295754608e-01
1.650461898645877000e+15,5.154175447295754608e-01
1.650461898647801750e+15,5.154175447295754608e-01
1.650461898649726250e+15,5.154175447295754608e-01
1.650461898651651000e+15,5.154175447295754608e-01
1.650461898653575750e+15,5.154175447295754608e-01
1.650461898655500500e+15,5.154175447295754608e-01
1.650461898657425250e+15,5.154175447295754608e-01
1.650461898659350000e+15,5.154175447295754608e-01
1.650461898661274500e+15,5.154175447295754608e-01
1.650461898663199250e+15,5.154175447295754608e-01
1.650461898665124000e+15,5.154175447295754608e-01
1.650461898667048750e+15,5.154175447295754608e-01
1.650461898668973500e+15,5.154175447295753498e-01
1.650461898670898250e+15,5.154175447295753498e-01
1.650461898672822750e+15,5.154175447295752388e-01
1.650461898674747500e+15,5.154175447295752388e-01
1.650461898676672250e+15,5.154175447295752388e-01
1.650461898678597000e+15,5.154175447295752388e-01
1.650461898680521750e+15,5.154175447295750168e-01
1.650461898682446500e+15,5.154175447295750168e-01
1.650461898684371000e+15,5.154175447295750168e-01
1.650461898686295750e+15,5.154175447295751278e-01
1.650461898688220500e+15,5.154175447295752388e-01
1.650461898690145250e+15,5.154175447295753498e-01
1.650461898692070000e+15,5.154175447295754608e-01
1.650461898693994750e+15,5.154175447295755719e-01
1.650461898695919250e+15,5.154175447295756829e-01
1.650461898697844000e+15,5.154175447295757939e-01
1.650461898699768750e+15,5.154175447295759049e-01
1.650461898701693500e+15,5.154175447295756829e-01
1.650461898703618250e+15,5.154175447295756829e-01
1.650461898705543000e+15,5.154175447295754608e-01
1.650461898707467500e+15,5.154175447295754608e-01
1.650461898709392250e+15,5.154175447295754608e-01
1.650461898711317000e+15,5.154175447295754608e-01
1.650461898713241750e+15,5.154175447295754608e-01
1.650461898715166500e+15,5.154175447295754608e-01
1.650461898717091250e+15,5.154175447295754608e-01
1.650461898719015750e+15,5.154175447295754608e-01
1.650461898720940500e+15,5.154175447295754608e-01
1.650461898722865250e+15,5.154175447295754608e-01
1.650461898724790000e+15,5.154175447295754608e-01
1.650461898726714750e+15,5.154175447295754608e-01
1.650461898728639500e+15,5.154175447295755719e-01
1.650461898730564000e+15,5.154175447295754608e-01
1.650461898732488750e+15,5.154175447295754608e-01
1.650461898734413500e+15,5.154175447295754608e-01
1.650461898736338250e+15,5.154175447295754608e-01
1.650461898738263000e+15,5.154175447295754608e-01
1.650461898740187750e+15,5.154175447295754608e-01
1.650461898742112250e+15,5.154175447295754608e-01
1.650461898744037000e+15,5.154175447295754608e-01
1.650461898745961750e+15,5.154175447295755719e-01
1.650461898747886500e+15,5.154175447295756829e-01
1.650461898749811250e+15,5.154175447295756829e-01
1.650461898751736000e+15,5.154175447295757939e-01
1.650461898753660500e+15,5.154175447295757939e-01
1.650461898755585250e+15,5.154175447295759049e-01
1.650461898757510000e+15,5.154175447295759049e-01
1.650461898759434750e+15,5.154175447295757939e-01
1.650461898761359500e+15,5.154175447295756829e-01
1.650461898763284250e+15,5.154175447295756829e-01
1.650461898765208750e+15,5.154175447295755719e-01
1.650461898767133500e+15,5.154175447295754608e-01
1.650461898769058250e+15,5.154175447295754608e-01
1.650461898770983000e+15,5.154175447295754608e-01
1.650461898772907750e+15,5.154175447295754608e-01
1.650461898774832500e+15,5.154175447295754608e-01
1.650461898776757000e+15,5.154175447295754608e-01
1.650461898778681750e+15,5.154175447295754608e-01
1.650461898780606500e+15,5.154175447295753498e-01
1.650461898782531250e+15,5.154175447295754608e-01
1.650461898784456000e+15,5.154175447295754608e-01
1.650461898786380750e+15,5.154175447295754608e-01
1.650461898788305250e+15,5.154175447295754608e-01
1.650461898790230000e+15,5.154175447295754608e-01
1.650461898792154750e+15,5.154175447295754608e-01
1.650461898794079500e+15,5.154175447295754608e-01
1.650461898796004250e+15,5.154175447295754608e-01
1.650461898797929000e+15,5.154175447295754608e-01
1.650461898799853500e+15,5.154175447295754608e-01
1.650461898801778250e+15,5.154175447295754608e-01
1.650461898803703000e+15,5.154175447295754608e-01
1.650461898805627750e+15,5.154175447295754608e-01
1.650461898807552500e+15,5.154175447295754608e-01
1.650461898809477250e+15,5.154175447295754608e-01
1.650461898811401750e+15,5.154175447295754608e-01
1.650461898813326500e+15,5.154175447295754608e-01
1.650461898815251250e+15,5.154175447295754608e-01
1.650461898817176000e+15,5.154175447295754608e-01
1.650461898819100750e+15,5.154175447295754608e-01
1.650461898821025500e+15,5.154175447295754608e-01
1.650461898822950000e+15,5.154175447295754608e-01
1.650461898824874750e+15,5.154175447295754608e-01
1.650461898826799500e+15,5.154175447295754608e-01
1.650461898828724250e+15,5.154175447295754608e-01
1.650461898830649000e+15,5.154175447295754608e-01
1.650461898832573750e+15,5.154175447295754608e-01
1.650461898834498500e+15,5.154175447295754608e-01
1.650461898836423000e+15,5.154175447295754608e-01
1.650461898838347750e+15,5.154175447295754608e-01
1.650461898840272500e+15,5.154175447295754608e-01
1.650461898842197250e+15,5.154175447295754608e-01
1.650461898844122000e+15,5.154175447295754608e-01
1.650461898846046750e+15,5.154175447295754608e-01
1.650461898847971250e+15,5.158375913382058364e-01
1.650461898849896000e+15,5.163874874170777396e-01
1.650461898851820750e+15,5.169373834959496428e-01
1.650461898853745500e+15,5.174872795748216570e-01
1.650461898855670250e+15,5.180371756536935601e-01
1.650461898857595000e+15,5.185870717325653523e-01
1.650461898859519500e+15,5.191368963870861553e-01
1.650461898861444250e+15,5.196867924659580584e-01
1.650461898863369000e+15,5.202366885448300726e-01
1.650461898865293750e+15,5.207865846237019758e-01
1.650461898867218500e+15,5.213364807025739900e-01
1.650461898869143250e+15,5.208323862964947537e-01
1.650461898871067750e+15,5.196414645976248359e-01
1.650461898872992500e+15,5.184503881934161562e-01
1.650461898874917250e+15,5.172593117892074766e-01
1.650461898876842000e+15,5.160682353849987969e-01
1.650461898878766750e+15,5.148771589807900062e-01
1.650461898880691500e+15,5.136860825765813265e-01
1.650461898882616000e+15,5.124951608777115197e-01
1.650461898884540750e+15,5.113040844735028401e-01
1.650461898886465500e+15,5.101130080692941604e-01
1.650461898888390250e+15,5.095556308997781780e-01
1.650461898890315000e+15,5.104629847785374652e-01
1.650461898892239750e+15,5.113703386572967524e-01
1.650461898894164250e+15,5.122775746825842802e-01
1.650461898896089000e+15,5.131849285613436784e-01
1.650461898898013750e+15,5.140922824401029656e-01
1.650461898899938500e+15,5.149996363188622528e-01
1.650461898901863250e+15,5.148555632359190781e-01
1.650461898903788000e+15,5.138137391281268895e-01
1.650461898905712500e+15,5.127720503397409368e-01
1.650461898907637250e+15,5.117302262319487483e-01
1.650461898909562000e+15,5.106884021241565597e-01
1.650461898911486750e+15,5.096465780163643711e-01
1.650461898913411500e+15,5.086047539085722935e-01
1.650461898915336250e+15,5.075629298007799939e-01
1.650461898917260750e+15,5.065212410123940412e-01
1.650461898919185500e+15,5.054794169046018526e-01
1.650461898921110250e+15,5.044375927968097750e-01
1.650461898923035000e+15,5.033957686890175864e-01
1.650461898924959750e+15,5.038630928465938075e-01
1.650461898926884500e+15,5.048070715921724183e-01
1.650461898928809000e+15,5.057509277271852177e-01
1.650461898930733750e+15,5.066949064727637175e-01
1.650461898932658500e+15,5.076388852183422173e-01
1.650461898934583250e+15,5.085828639639207172e-01
1.650461898936508000e+15,5.092816215780331390e-01
1.650461898938432750e+15,5.092816215780331390e-01
1.650461898940357250e+15,5.092816215780331390e-01
1.650461898942282000e+15,5.092816215780331390e-01
1.650461898944206750e+15,5.092816215780331390e-01
1.650461898946131500e+15,5.092816215780332501e-01
1.650461898948056250e+15,5.092816215780331390e-01
1.650461898949981000e+15,5.092816215780331390e-01
1.650461898951905500e+15,5.092816215780331390e-01
1.650461898953830250e+15,5.092816215780331390e-01
1.650461898955755000e+15,5.092816215780331390e-01
1.650461898957679750e+15,5.092816215780331390e-01
1.650461898959604500e+15,5.092816215780330280e-01
1.650461898961529250e+15,5.092816215780331390e-01
1.650461898963453750e+15,5.092816215780331390e-01
1.650461898965378500e+15,5.092816215780331390e-01
1.650461898967303250e+15,5.092816215780331390e-01
1.650461898969228000e+15,5.092816215780331390e-01
1.650461898971152750e+15,5.092816215780331390e-01
1.650461898973077500e+15,5.092816215780331390e-01
1.650461898975002000e+15,5.092816215780331390e-01
1.650461898976926750e+15,5.092816215780331390e-01
1.650461898978851500e+15,5.092816215780331390e-01
1.650461898980776250e+15,5.092816215780331390e-01
1.650461898982701000e+15,5.092816215780331390e-01
1.650461898984625750e+15,5.092816215780331390e-01
1.650461898986550250e+15,5.092816215780331390e-01
1.650461898988475000e+15,5.092816215780331390e-01
1.650461898990399750e+15,5.092816215780331390e-01
1.650461898992324500e+15,5.092816215780331390e-01
1.650461898994249250e+15,5.092816215780331390e-01
1.650461898996174000e+15,5.092816215780331390e-01
1.650461898998098500e+15,5.092816215780331390e-01
1.650461899000023250e+15,5.092816215780331390e-01
1.650461899001948000e+15,5.092816215780331390e-01
1.650461899003872750e+15,5.092816215780331390e-01
1.650461899005797500e+15,5.092816215780331390e-01
1.650461899007722250e+15,5.092816215780331390e-01
1.650461899009646750e+15,5.092816215780331390e-01
1.650461899011571500e+15,5.092816215780331390e-01
1.650461899013496250e+15,5.092816215780331390e-01
1.650461899015421000e+15,5.092816215780331390e-01
1.650461899017345750e+15,5.092816215780331390e-01
1.650461899019270500e+15,5.092816215780331390e-01
1.650461899021195000e+15,5.092816215780331390e-01
1.650461899023119750e+15,5.092816215780331390e-01
1.650461899025044500e+15,5.092816215780331390e-01
1.650461899026969250e+15,5.092816215780331390e-01
1.650461899028894000e+15,5.092816215780331390e-01
1.650461899030818750e+15,5.092816215780331390e-01
1.650461899032743250e+15,5.092816215780331390e-01
1.650461899034668000e+15,5.092816215780331390e-01
1.650461899036592750e+15,5.092816215780331390e-01
1.650461899038517500e+15,5.092816215780331390e-01
1.650461899040442250e+15,5.092816215780331390e-01
1.650461899042367000e+15,5.092816215780331390e-01
1.650461899044291500e+15,5.092816215780331390e-01
1.650461899046216250e+15,5.092816215780331390e-01
1.650461899048141000e+15,5.092816215780331390e-01
1.650461899050065750e+15,5.092816215780331390e-01
1.650461899051990500e+15,5.092816215780331390e-01
1.650461899053915250e+15,5.092816215780331390e-01
1.650461899055839750e+15,5.092816215780331390e-01
1.650461899057764500e+15,5.092816215780331390e-01
1.650461899059689250e+15,5.092816215780330280e-01
1.650461899061614000e+15,5.092816215780331390e-01
1.650461899063538750e+15,5.092816215780331390e-01
1.650461899065463500e+15,5.092816215780331390e-01
1.650461899067388000e+15,5.092816215780331390e-01
1.650461899069312750e+15,5.092816215780331390e-01
1.650461899071237500e+15,5.092816215780331390e-01
1.650461899073162250e+15,5.092816215780331390e-01
1.650461899075087000e+15,5.092816215780331390e-01
1.650461899077011750e+15,5.092816215780331390e-01
1.650461899078936250e+15,5.092816215780331390e-01
1.650461899080861000e+15,5.092816215780331390e-01
1.650461899082785750e+15,5.092816215780331390e-01
1.650461899084710500e+15,5.092816215780331390e-01
1.650461899086635250e+15,5.092816215780331390e-01
1.650461899088560000e+15,5.092816215780331390e-01
1.650461899090484500e+15,5.092816215780331390e-01
1.650461899092409250e+15,5.092816215780331390e-01
1.650461899094334000e+15,5.092816215780331390e-01
1.650461899096258750e+15,5.092816215780331390e-01
1.650461899098183500e+15,5.092816215780331390e-01
1.650461899100108250e+15,5.092816215780331390e-01
1.650461899102032750e+15,5.092816215780331390e-01
1.650461899103957500e+15,5.092816215780331390e-01
1.650461899105882250e+15,5.092816215780331390e-01
1.650461899107807000e+15,5.092816215780331390e-01
1.650461899109731750e+15,5.092816215780331390e-01
1.650461899111656500e+15,5.092816215780331390e-01
1.650461899113581000e+15,5.092816215780331390e-01
1.650461899115505750e+15,5.092816215780331390e-01
1.650461899117430500e+15,5.092816215780331390e-01
1.650461899119355250e+15,5.092816215780331390e-01
1.650461899121280000e+15,5.092816215780332501e-01
1.650461899123204750e+15,5.092816215780331390e-01
1.650461899125129250e+15,5.092816215780331390e-01
1.650461899127054000e+15,5.092816215780332501e-01
1.650461899128978750e+15,5.092816215780331390e-01
1.650461899130903500e+15,5.092816215780331390e-01
1.650461899132828250e+15,5.092816215780331390e-01
1.650461899134753000e+15,5.092816215780331390e-01
1.650461899136677500e+15,5.092816215780331390e-01
1.650461899138602250e+15,5.092816215780331390e-01
1.650461899140527000e+15,5.092816215780331390e-01
1.650461899142451750e+15,5.092816215780331390e-01
1.650461899144376500e+15,5.092816215780331390e-01
1.650461899146301250e+15,5.092816215780331390e-01
1.650461899148225750e+15,5.092816215780331390e-01
1.650461899150150500e+15,5.092816215780331390e-01
1.650461899152075250e+15,5.092816215780331390e-01
1.650461899154000000e+15,5.092816215780331390e-01
1.650461899155924750e+15,5.092816215780331390e-01
1.650461899157849500e+15,5.092816215780331390e-01
1.650461899159774000e+15,5.092816215780331390e-01
1.650461899161698750e+15,5.092816215780331390e-01
1.650461899163623500e+15,5.092816215780330280e-01
1.650461899165548250e+15,5.092816215780331390e-01
1.650461899167473000e+15,5.092816215780331390e-01
1.650461899169397750e+15,5.092816215780330280e-01
1.650461899171322250e+15,5.092816215780331390e-01
1.650461899173247000e+15,5.092816215780331390e-01
1.650461899175171750e+15,5.092816215780331390e-01
1.650461899177096500e+15,5.092816215780330280e-01
1.650461899179021250e+15,5.092816215780331390e-01
1.650461899180946000e+15,5.092816215780331390e-01
1.650461899182870750e+15,5.092816215780331390e-01
1.650461899184795250e+15,5.092816215780331390e-01
1.650461899186720000e+15,5.092816215780331390e-01
1.650461899188644750e+15,5.092816215780330280e-01
1.650461899190569500e+15,5.092816215780331390e-01
1.650461899192494250e+15,5.092816215780331390e-01
1.650461899194419000e+15,5.092816215780331390e-01
1.650461899196343500e+15,5.092816215780331390e-01
1.650461899198268250e+15,5.092816215780331390e-01
1.650461899200193000e+15,5.092816215780331390e-01
1.650461899202117750e+15,5.092816215780331390e-01
1.650461899204042500e+15,5.092816215780331390e-01
1.650461899205967250e+15,5.092816215780331390e-01
1.650461899207891750e+15,5.084799952119245514e-01
1.650461899209816500e+15,5.075636297490188076e-01
1.650461899211741250e+15,5.066472642861130637e-01
1.650461899213666000e+15,5.057308988232072089e-01
1.650461899215590750e+15,5.048145333603014651e-01
1.650461899217515500e+15,5.038981678973957212e-01
1.650461899219440000e+15,5.032441295757237310e-01
1.650461899221364750e+15,5.037948718852709451e-01
1.650461899223289500e+15,5.043456141948181592e-01
1.650461899225214250e+15,5.048963565043653734e-01
1.650461899227139000e+15,5.054470988139125875e-01
1.650461899229063750e+15,5.059978411234599127e-01
1.650461899230988250e+15,5.065485118987417268e-01
1.650461899232913000e+15,5.070992542082889409e-01
1.650461899234837750e+15,5.076499965178361551e-01
1.650461899236762500e+15,5.082007388273834803e-01
1.650461899238687250e+15,5.087514811369306944e-01
1.650461899240612000e+15,5.092628779858867638e-01
1.650461899242536500e+15,5.087618773874504896e-01
1.650461899244461250e+15,5.082608117070969156e-01
1.650461899246386000e+15,5.077597460267434526e-01
1.650461899248310750e+15,5.072586803463899896e-01
1.650461899250235500e+15,5.067576146660365266e-01
1.650461899252160250e+15,5.062565489856829526e-01
1.650461899254084750e+15,5.057555483872466784e-01
1.650461899256009500e+15,5.052544827068931044e-01
1.650461899257934250e+15,5.047534170265396414e-01
1.650461899259859000e+15,5.042523513461861784e-01
1.650461899261783750e+15,5.037512856658326044e-01
1.650461899263708500e+15,5.032502199854791414e-01
1.650461899265633000e+15,5.031456984264912613e-01
1.650461899267557750e+15,5.031456984264910393e-01
1.650461899269482500e+15,5.031456984264910393e-01
1.650461899271407250e+15,5.031456984264909282e-01
1.650461899273332000e+15,5.031456984264909282e-01
1.650461899275256750e+15,5.031456984264908172e-01
1.650461899277181250e+15,5.031456984264908172e-01
1.650461899279106000e+15,5.031456984264905952e-01
1.650461899281030750e+15,5.031456984264905952e-01
1.650461899282955500e+15,5.031456984264905952e-01
1.650461899284880250e+15,5.031456984264904841e-01
1.650461899286805000e+15,5.031456984264903731e-01
1.650461899288729500e+15,5.023198513678763799e-01
1.650461899290654250e+15,5.011305141991018175e-01
1.650461899292579000e+15,4.999411770303271441e-01
1.650461899294503750e+15,4.987518398615525816e-01
1.650461899296428500e+15,4.975625026927779082e-01
1.650461899298353250e+15,4.974804427477252933e-01
1.650461899300277750e+15,4.983596463889392592e-01
1.650461899302202500e+15,4.992389642421097840e-01
1.650461899304127250e+15,5.001182820952803088e-01
1.650461899306052000e+15,5.009975999484507225e-01
1.650461899307976750e+15,5.018769178016211363e-01
1.650461899309901500e+15,5.027562356547916611e-01
1.650461899311826000e+15,5.031456984264908172e-01
1.650461899313750750e+15,5.031456984264908172e-01
1.650461899315675500e+15,5.031456984264907062e-01
1.650461899317600250e+15,5.031456984264908172e-01
1.650461899319525000e+15,5.031456984264908172e-01
1.650461899321449750e+15,5.031456984264908172e-01
1.650461899323374250e+15,5.030927624190211223e-01
1.650461899325299000e+15,5.015998894464596125e-01
1.650461899327223750e+15,5.001070164738981028e-01
1.650461899329148500e+15,4.986141435013364820e-01
1.650461899331073250e+15,4.971212705287749167e-01
1.650461899332998000e+15,4.970097752749467745e-01
1.650461899334922500e+15,4.970097752749467190e-01
1.650461899336847250e+15,4.970097752749467190e-01
1.650461899338772000e+15,4.970097752749467745e-01
1.650461899340696750e+15,4.970097752749467190e-01
1.650461899342621500e+15,4.972471077521007921e-01
1.650461899344546250e+15,4.980621045146385595e-01
1.650461899346470750e+15,4.988769954196931034e-01
1.650461899348395500e+15,4.996919921822308153e-01
1.650461899350320250e+15,5.005069889447685272e-01
1.650461899352245000e+15,5.013219857073062391e-01
1.650461899354169750e+15,5.021369824698438400e-01
1.650461899356094500e+15,5.029519792323815519e-01
1.650461899358019000e+15,5.031456984264903731e-01
1.650461899359943750e+15,5.031456984264902621e-01
1.650461899361868500e+15,5.031456984264902621e-01
1.650461899363793250e+15,5.031456984264902621e-01
1.650461899365718000e+15,5.031456984264901511e-01
1.650461899367642750e+15,5.031456984264901511e-01
1.650461899369567250e+15,5.031456984264901511e-01
1.650461899371492000e+15,5.031456984264900401e-01
1.650461899373416750e+15,5.031456984264900401e-01
1.650461899375341500e+15,5.031456984264899290e-01
1.650461899377266250e+15,5.031456984264899290e-01
1.650461899379191000e+15,5.031456984264899290e-01
1.650461899381115500e+15,5.031456984264901511e-01
1.650461899383040250e+15,5.031456984264901511e-01
1.650461899384965000e+15,5.031456984264903731e-01
1.650461899386889750e+15,5.031456984264904841e-01
1.650461899388814500e+15,5.031456984264907062e-01
1.650461899390739250e+15,5.029479170347437300e-01
1.650461899392663750e+15,5.019700614447184517e-01
1.650461899394588500e+15,5.009920788274666581e-01
1.650461899396513250e+15,5.000140962102148645e-01
1.650461899398438000e+15,4.990361135929630709e-01
1.650461899400362750e+15,4.980581309757112218e-01
1.650461899402287500e+15,4.970801483584594282e-01
1.650461899404212000e+15,4.970097752749476072e-01
1.650461899406136750e+15,4.970097752749474962e-01
1.650461899408061500e+15,4.970097752749473297e-01
1.650461899409986250e+15,4.970097752749472741e-01
1.650461899411911000e+15,4.970097752749471631e-01
1.650461899413835750e+15,4.970097752749471631e-01
1.650461899415760250e+15,4.970097752749470521e-01
1.650461899417685000e+15,4.970097752749469411e-01
1.650461899419609750e+15,4.970097752749468856e-01
1.650461899421534500e+15,4.970097752749467745e-01
1.650461899423459250e+15,4.972171571312998251e-01
1.650461899425384000e+15,4.978082837185130449e-01
1.650461899427308500e+15,4.983993335260682445e-01
1.650461899429233250e+15,4.989904601132815198e-01
1.650461899431158000e+15,4.995815867004946842e-01
1.650461899433082750e+15,5.001727132877078486e-01
1.650461899435007500e+15,5.007638398749211239e-01
1.650461899436932250e+15,5.013549664621343993e-01
1.650461899438856750e+15,5.019460162696894878e-01
1.650461899440781500e+15,5.025371428569026522e-01
1.650461899442706250e+15,5.031282694441159276e-01
1.650461899444631000e+15,5.022488357936978343e-01
1.650461899446555750e+15,5.013247263973024115e-01
1.650461899448480500e+15,5.004006170009070997e-01
1.650461899450405000e+15,4.994766276343073352e-01
1.650461899452329750e+15,4.985525182379119125e-01
1.650461899454254500e+15,4.976284088415165452e-01
1.650461899456179250e+15,4.970097752749467190e-01
1.650461899458104000e+15,4.970097752749467745e-01
1.650461899460028750e+15,4.970097752749467190e-01
1.650461899461953250e+15,4.970097752749467190e-01
1.650461899463878000e+15,4.970097752749467190e-01
1.650461899465802750e+15,4.970097752749467745e-01
1.650461899467727500e+15,4.970097752749467190e-01
1.650461899469652250e+15,4.970097752749467190e-01
1.650461899471577000e+15,4.970097752749467190e-01
1.650461899473501500e+15,4.970097752749467190e-01
1.650461899475426250e+15,4.970097752749467190e-01
1.650461899477351000e+15,4.972984883368328779e-01
1.650461899479275750e+15,4.982872792013619545e-01
1.650461899481200500e+15,4.992760700658911421e-01
1.650461899483125250e+15,5.002648609304203298e-01
1.650461899485049750e+15,5.012535233638720777e-01
1.650461899486974500e+15,5.022423142284012654e-01
1.650461899488899250e+15,5.030577514289966690e-01
1.650461899490824000e+15,5.020395500249157372e-01
1.650461899492748750e+15,5.010213486208345834e-01
1.650461899494673500e+15,5.000031472167535407e-01
1.650461899496598000e+15,4.989850780637965499e-01
1.650461899498522750e+15,4.979668766597154517e-01
1.650461899500447500e+15,4.970097752749467190e-01
1.650461899502372250e+15,4.970097752749467190e-01
1.650461899504297000e+15,4.970097752749466635e-01
1.650461899506221750e+15,4.970097752749467190e-01
1.650461899508146250e+15,4.970097752749467190e-01
1.650461899510071000e+15,4.970097752749467745e-01
1.650461899511995750e+15,4.970097752749467190e-01
1.650461899513920500e+15,4.970097752749467190e-01
1.650461899515845250e+15,4.970097752749467190e-01
1.650461899517770000e+15,4.970097752749467190e-01
1.650461899519694500e+15,4.970097752749467190e-01
1.650461899521619250e+15,4.970097752749467190e-01
1.650461899523544000e+15,4.970097752749467190e-01
1.650461899525468750e+15,4.970097752749467745e-01
1.650461899527393500e+15,4.970097752749467190e-01
1.650461899529318250e+15,4.970097752749467190e-01
1.650461899531242750e+15,4.970097752749467190e-01
1.650461899533167500e+15,4.970097752749467190e-01
1.650461899535092250e+15,4.970097752749467190e-01
1.650461899537017000e+15,4.970097752749467190e-01
1.650461899538941750e+15,4.970097752749467190e-01
1.650461899540866500e+15,4.970097752749467745e-01
1.650461899542791250e+15,4.970097752749467190e-01
1.650461899544715750e+15,4.970097752749466635e-01
1.650461899546640500e+15,4.970097752749467745e-01
1.650461899548565250e+15,4.970097752749467190e-01
1.650461899550490000e+15,4.970097752749467190e-01
1.650461899552414750e+15,4.970097752749467190e-01
1.650461899554339500e+15,4.970097752749466080e-01
1.650461899556264000e+15,4.970097752749463860e-01
1.650461899558188750e+15,4.970097752749463305e-01
1.650461899560113500e+15,4.970097752749461639e-01
1.650461899562038250e+15,4.970097752749460529e-01
1.650461899563963000e+15,4.970097752749458864e-01
1.650461899565887750e+15,4.970097752749458309e-01
1.650461899567812250e+15,4.970097752749457753e-01
1.650461899569737000e+15,4.970097752749458309e-01
1.650461899571661750e+15,4.970097752749458309e-01
1.650461899573586500e+15,4.970097752749458309e-01
1.650461899575511250e+15,4.970097752749458309e-01
1.650461899577436000e+15,4.970097752749458309e-01
1.650461899579360500e+15,4.970097752749458309e-01
1.650461899581285250e+15,4.970097752749458309e-01
1.650461899583210000e+15,4.970097752749458309e-01
1.650461899585134750e+15,4.970097752749458309e-01
1.650461899587059500e+15,4.966055521948737339e-01
1.650461899588984250e+15,4.957013937133296633e-01
1.650461899590908750e+15,4.947973526702166835e-01
1.650461899592833500e+15,4.938931941886725019e-01
1.650461899594758250e+15,4.929890357071284868e-01
1.650461899596683000e+15,4.920848772255843606e-01
1.650461899598607750e+15,4.911807187440401790e-01
1.650461899600532500e+15,4.914887017007697478e-01
1.650461899602457000e+15,4.924193175180244797e-01
1.650461899604381750e+15,4.933500542258766330e-01
1.650461899606306500e+15,4.942807909337286199e-01
1.650461899608231250e+15,4.952115276415806067e-01
1.650461899610156000e+15,4.961422643494326490e-01
1.650461899612080750e+15,4.969275247159917197e-01
1.650461899614005250e+15,4.957168845575801730e-01
1.650461899615930000e+15,4.945060871323254115e-01
1.650461899617854750e+15,4.932952897070707610e-01
1.650461899619779500e+15,4.920844922818160549e-01
1.650461899621704250e+15,4.908737761762418939e-01
1.650461899623629000e+15,4.902890589722647130e-01
1.650461899625553500e+15,4.897044177154500355e-01
1.650461899627478250e+15,4.891197005114727991e-01
1.650461899629403000e+15,4.885349833074956738e-01
1.650461899631327750e+15,4.879502661035184374e-01
1.650461899633252500e+15,4.873655488995412566e-01
1.650461899635177250e+15,4.867808316955640757e-01
1.650461899637101750e+15,4.861961904387494537e-01
1.650461899639026500e+15,4.856114732347722729e-01
1.650461899640951250e+15,4.850267560307950920e-01
1.650461899642876000e+15,4.855828274167058312e-01
1.650461899644800750e+15,4.872524560426946261e-01
1.650461899646725500e+15,4.889220846686834765e-01
1.650461899648650000e+15,4.905914964316218096e-01
1.650461899650574750e+15,4.922611250576106601e-01
1.650461899652499500e+15,4.939307536835993995e-01
1.650461899654424250e+15,4.956003823095882499e-01
1.650461899656349000e+15,4.967057909721711573e-01
1.650461899658273750e+15,4.947554783496080910e-01
1.650461899660198250e+15,4.928054190472972440e-01
1.650461899662123000e+15,4.908551064247340667e-01
1.650461899664047750e+15,4.889047938021709450e-01
1.650461899665972500e+15,4.869544811796078232e-01
1.650461899667897250e+15,4.850041685570447014e-01
1.650461899669822000e+15,4.847379289718629636e-01
1.650461899671746500e+15,4.847379289718629636e-01
1.650461899673671250e+15,4.847379289718629636e-01
1.650461899675596000e+15,4.847379289718629636e-01
1.650461899677520750e+15,4.847379289718629636e-01
1.650461899679445500e+15,4.847379289718629636e-01
1.650461899681370250e+15,4.847379289718629636e-01
1.650461899683294750e+15,4.847379289718630191e-01
1.650461899685219500e+15,4.847379289718629636e-01
1.650461899687144250e+15,4.847379289718629636e-01
1.650461899689069000e+15,4.847379289718629636e-01
1.650461899690993750e+15,4.847379289718629636e-01
1.650461899692918500e+15,4.847379289718629636e-01
1.650461899694843000e+15,4.847379289718629636e-01
1.650461899696767750e+15,4.848440520072880289e-01
1.650461899698692500e+15,4.857141704841119179e-01
1.650461899700617250e+15,4.865842889609358624e-01
1.650461899702542000e+15,4.874544074377597513e-01
1.650461899704466750e+15,4.883245259145837514e-01
1.650461899706391250e+15,4.891945313743305546e-01
1.650461899708316000e+15,4.900646498511543880e-01
1.650461899710240750e+15,4.907922879875987743e-01
1.650461899712165500e+15,4.896272373724332438e-01
1.650461899714090250e+15,4.884621867572677134e-01
1.650461899716015000e+15,4.872971361421021830e-01
1.650461899717939500e+15,4.861322368518640191e-01
1.650461899719864250e+15,4.849671862366985442e-01
1.650461899721789000e+15,4.855752612335168528e-01
1.650461899723713750e+15,4.866177290670356537e-01
1.650461899725638500e+15,4.876601969005544546e-01
1.650461899727563250e+15,4.887026647340732555e-01
1.650461899729487750e+15,4.897449971645743139e-01
1.650461899731412500e+15,4.907874649980931148e-01
1.650461899733337250e+15,4.900393807564367710e-01
1.650461899735262000e+15,4.891295103337915395e-01
1.650461899737186750e+15,4.882196399111463636e-01
1.650461899739111500e+15,4.873097694885011877e-01
1.650461899741036000e+15,4.864000172461940830e-01
1.650461899742960750e+15,4.854901468235489070e-01
1.650461899744885500e+15,4.847379289718620199e-01
1.650461899746810250e+15,4.847379289718620754e-01
1.650461899748735000e+15,4.847379289718620199e-01
1.650461899750659750e+15,4.847379289718620754e-01
1.650461899752584250e+15,4.847379289718620199e-01
1.650461899754509000e+15,4.847379289718620754e-01
1.650461899756433750e+15,4.847379289718620754e-01
1.650461899758358500e+15,4.847379289718620754e-01
1.650461899760283250e+15,4.847379289718621309e-01
1.650461899762208000e+15,4.847379289718620754e-01
1.650461899764132500e+15,4.847379289718620754e-01
1.650461899766057250e+15,4.847379289718620754e-01
1.650461899767982000e+15,4.847379289718621309e-01
1.650461899769906750e+15,4.847379289718620754e-01
1.650461899771831500e+15,4.847379289718621309e-01
1.650461899773756250e+15,4.847379289718620754e-01
1.650461899775680750e+15,4.847379289718621309e-01
1.650461899777605500e+15,4.847379289718620754e-01
1.650461899779530250e+15,4.847379289718621309e-01
1.650461899781455000e+15,4.847379289718620754e-01
1.650461899783379750e+15,4.847379289718620754e-01
1.650461899785304500e+15,4.847379289718620754e-01
1.650461899787229000e+15,4.847379289718620754e-01
1.650461899789153750e+15,4.847379289718620754e-01
1.650461899791078500e+15,4.846534478381526734e-01
1.650461899793003250e+15,4.841050327888872240e-01
1.650461899794928000e+15,4.835566177396218301e-01
1.650461899796852750e+15,4.830082026903563808e-01
1.650461899798777250e+15,4.824598588730755755e-01
1.650461899800702000e+15,4.819114438238100706e-01
1.650461899802626750e+15,4.813630287745446767e-01
1.650461899804551500e+15,4.808146137252792274e-01
1.650461899806476250e+15,4.802661986760137780e-01
1.650461899808401000e+15,4.797177836267483286e-01
1.650461899810325500e+15,4.791694398094675789e-01
1.650461899812250250e+15,4.786210247602020740e-01
1.650461899814175000e+15,4.797618944372253891e-01
1.650461899816099750e+15,4.809634528954542243e-01
1.650461899818024500e+15,4.821650113536830595e-01
1.650461899819949250e+15,4.833665698119118947e-01
1.650461899821873750e+15,4.845679722033192638e-01
1.650461899823798500e+15,4.847379289718620199e-01
1.650461899825723250e+15,4.847379289718620754e-01
1.650461899827648000e+15,4.847379289718620754e-01
1.650461899829572750e+15,4.847379289718620754e-01
1.650461899831497500e+15,4.847379289718620754e-01
1.650461899833422000e+15,4.847379289718620754e-01
1.650461899835346750e+15,4.847379289718620199e-01
1.650461899837271500e+15,4.847379289718619644e-01
1.650461899839196250e+15,4.847379289718620754e-01
1.650461899841121000e+15,4.847379289718620754e-01
1.650461899843045750e+15,4.847379289718620199e-01
1.650461899844970250e+15,4.847379289718620754e-01
1.650461899846895000e+15,4.847379289718620199e-01
1.650461899848819750e+15,4.847379289718620754e-01
1.650461899850744500e+15,4.847379289718620754e-01
1.650461899852669250e+15,4.847379289718620754e-01
1.650461899854594000e+15,4.847379289718620754e-01
1.650461899856518500e+15,4.847379289718620754e-01
1.650461899858443250e+15,4.847379289718620754e-01
1.650461899860368000e+15,4.847379289718620754e-01
1.650461899862292750e+15,4.847379289718620199e-01
1.650461899864217500e+15,4.847379289718620754e-01
1.650461899866142250e+15,4.847379289718620754e-01
1.650461899868066750e+15,4.847379289718620199e-01
1.650461899869991500e+15,4.847379289718620754e-01
1.650461899871916250e+15,4.847379289718620199e-01
1.650461899873841000e+15,4.847379289718620754e-01
1.650461899875765750e+15,4.847379289718620754e-01
1.650461899877690500e+15,4.847379289718620754e-01
1.650461899879615000e+15,4.847379289718620754e-01
1.650461899881539750e+15,4.843615130112759459e-01
1.650461899883464500e+15,4.837473942402327198e-01
1.650461899885389250e+15,4.831332754691896048e-01
1.650461899887314000e+15,4.825191566981463787e-01
1.650461899889238750e+15,4.819050379271033191e-01
1.650461899891163500e+15,4.812909191560601485e-01
1.650461899893088000e+15,4.806768801510607481e-01
1.650461899895012750e+15,4.800627613800175775e-01
1.650461899896937500e+15,4.794486426089744069e-01
1.650461899898862250e+15,4.788345238379312918e-01
1.650461899900787000e+15,4.788798238816199260e-01
1.650461899902711750e+15,4.793269228059405807e-01
1.650461899904636250e+15,4.797739636579240741e-01
1.650461899906561000e+15,4.802210625822447287e-01
1.650461899908485750e+15,4.806681615065654389e-01
1.650461899910410500e+15,4.811152604308861491e-01
1.650461899912335250e+15,4.815623593552068593e-01
1.650461899914260000e+15,4.820094582795275695e-01
1.650461899916184500e+15,4.824564991315110074e-01
1.650461899918109250e+15,4.829035980558317176e-01
1.650461899920034000e+15,4.833506969801524278e-01
1.650461899921958750e+15,4.837977959044730270e-01
1.650461899923883500e+15,4.842448948287937371e-01
1.650461899925808250e+15,4.846919937531145028e-01
1.650461899927732750e+15,4.856358277262627920e-01
1.650461899929657500e+15,4.866366851911723135e-01
1.650461899931582250e+15,4.876375426560818349e-01
1.650461899933507000e+15,4.886384001209913563e-01
1.650461899935431750e+15,4.896392575859009333e-01
1.650461899937356500e+15,4.906401150508105102e-01
1.650461899939281000e+15,4.908738521234052854e-01
1.650461899941205750e+15,4.908738521234052854e-01
1.650461899943130500e+15,4.908738521234052854e-01
1.650461899945055250e+15,4.908738521234052299e-01
1.650461899946980000e+15,4.908738521234052854e-01
1.650461899948904750e+15,4.908738521234052854e-01
1.650461899950829250e+15,4.908738521234051744e-01
1.650461899952754000e+15,4.908738521234052854e-01
1.650461899954678750e+15,4.908738521234052299e-01
1.650461899956603500e+15,4.908738521234052299e-01
1.650461899958528250e+15,4.908738521234052854e-01
1.650461899960453000e+15,4.908738521234052854e-01
1.650461899962377500e+15,4.908738521234052854e-01
1.650461899964302250e+15,4.908738521234052854e-01
1.650461899966227000e+15,4.908738521234052299e-01
1.650461899968151750e+15,4.908738521234053409e-01
1.650461899970076500e+15,4.908738521234052854e-01
1.650461899972001250e+15,4.908738521234052854e-01
1.650461899973925750e+15,4.908738521234052854e-01
1.650461899975850500e+15,4.908738521234052854e-01
1.650461899977775250e+15,4.908738521234052854e-01
1.650461899979700000e+15,4.908738521234052854e-01
1.650461899981624750e+15,4.908738521234052854e-01
1.650461899983549500e+15,4.908738521234052854e-01
1.650461899985474000e+15,4.908738521234052854e-01
1.650461899987398750e+15,4.908738521234052854e-01
1.650461899989323500e+15,4.908738521234052854e-01
1.650461899991248250e+15,4.908738521234052854e-01
1.650461899993173000e+15,4.915561410036536905e-01
1.650461899995097750e+15,4.925563203808496771e-01
1.650461899997022250e+15,4.935563698477485328e-01
1.650461899998947000e+15,4.945565492249444084e-01
1.650461900000871750e+15,4.955567286021403395e-01
1.650461900002796500e+15,4.965569079793362151e-01
1.650461900004721250e+15,4.970097752749467190e-01
1.650461900006646000e+15,4.970097752749467745e-01
1.650461900008570500e+15,4.970097752749467190e-01
1.650461900010495250e+15,4.970097752749467190e-01
1.650461900012420000e+15,4.970097752749467190e-01
1.650461900014344750e+15,4.970097752749467190e-01
1.650461900016269500e+15,4.970097752749467190e-01
1.650461900018194250e+15,4.970097752749467745e-01
1.650461900020118750e+15,4.970097752749467190e-01
1.650461900022043500e+15,4.970097752749467190e-01
1.650461900023968250e+15,4.970097752749467745e-01
1.650461900025893000e+15,4.970097752749466635e-01
1.650461900027817750e+15,4.977506105764217259e-01
1.650461900029742500e+15,4.986982249618772123e-01
1.650461900031667000e+15,4.996457162645445149e-01
1.650461900033591750e+15,5.005933306500000013e-01
1.650461900035516500e+15,5.015409450354554322e-01
1.650461900037441250e+15,5.024885594209108630e-01
1.650461900039366000e+15,5.029559010762001403e-01
1.650461900041290750e+15,5.023367274321856035e-01
1.650461900043215250e+15,5.017176342107770859e-01
1.650461900045140000e+15,5.010984605667626601e-01
1.650461900047064750e+15,5.004792869227481233e-01
1.650461900048989500e+15,4.998601132787336421e-01
1.650461900050914250e+15,4.992409396347191608e-01
1.650461900052839000e+15,4.986217659907046240e-01
1.650461900054763500e+15,4.980026727692961064e-01
1.650461900056688250e+15,4.973834991252816251e-01
1.650461900058613000e+15,4.973149515584102676e-01
1.650461900060537750e+15,4.980847917308848238e-01
1.650461900062462500e+15,4.988546319033594356e-01
1.650461900064387250e+15,4.996244720758340474e-01
1.650461900066311750e+15,5.003942122560794958e-01
1.650461900068236500e+15,5.011640524285541076e-01
1.650461900070161250e+15,5.019338926010287194e-01
1.650461900072086000e+15,5.027037327735033312e-01
1.650461900074010750e+15,5.035846479860910385e-01
1.650461900075935500e+15,5.046152892362818498e-01
1.650461900077860000e+15,5.056457966195743170e-01
1.650461900079784750e+15,5.066764378697650173e-01
1.650461900081709500e+15,5.077070791199558286e-01
1.650461900083634250e+15,5.087377203701466399e-01
1.650461900085559000e+15,5.092816215780340272e-01
1.650461900087483750e+15,5.092816215780340272e-01
1.650461900089408250e+15,5.092816215780340272e-01
1.650461900091333000e+15,5.092816215780340272e-01
1.650461900093257750e+15,5.092816215780340272e-01
1.650461900095182500e+15,5.092816215780340272e-01
1.650461900097107250e+15,5.092816215780340272e-01
1.650461900099032000e+15,5.092816215780340272e-01
1.650461900100956500e+15,5.092816215780340272e-01
1.650461900102881250e+15,5.092816215780340272e-01
1.650461900104806000e+15,5.092816215780340272e-01
1.650461900106730750e+15,5.092816215780340272e-01
1.650461900108655500e+15,5.092816215780340272e-01
1.650461900110580250e+15,5.092816215780340272e-01
1.650461900112504750e+15,5.092816215780340272e-01
1.650461900114429500e+15,5.092816215780340272e-01
1.650461900116354250e+15,5.092816215780340272e-01
1.650461900118279000e+15,5.092816215780340272e-01
1.650461900120203750e+15,5.092816215780340272e-01
1.650461900122128500e+15,5.092816215780340272e-01
1.650461900124053000e+15,5.094330972298637406e-01
1.650461900125977750e+15,5.109206113158807350e-01
1.650461900127902500e+15,5.124081254018975073e-01
1.650461900129827250e+15,5.138956394879145018e-01
1.650461900131752000e+15,5.153831535739312741e-01
1.650461900133676750e+15,5.168706676599482686e-01
1.650461900135601250e+15,5.183579885372255891e-01
1.650461900137526000e+15,5.198455026232424725e-01
1.650461900139450750e+15,5.213330167092593559e-01
1.650461900141375500e+15,5.194615889027544009e-01
1.650461900143300250e+15,5.170057523284290468e-01
1.650461900145225000e+15,5.145499157541034707e-01
1.650461900147149500e+15,5.120943981610189821e-01
1.650461900149074250e+15,5.096385615866936281e-01
1.650461900150999000e+15,5.101211452896105003e-01
1.650461900152923750e+15,5.111034390670310401e-01
1.650461900154848500e+15,5.120857328444516909e-01
1.650461900156773250e+15,5.130680266218722307e-01
1.650461900158697750e+15,5.140501928121026243e-01
1.650461900160622500e+15,5.150324865895232751e-01
1.650461900162547250e+15,5.154175447295745727e-01
1.650461900164472000e+15,5.154175447295745727e-01
1.650461900166396750e+15,5.154175447295745727e-01
1.650461900168321500e+15,5.154175447295745727e-01
1.650461900170246000e+15,5.154175447295745727e-01
1.650461900172170750e+15,5.154175447295745727e-01
1.650461900174095500e+15,5.154175447295745727e-01
1.650461900176020250e+15,5.154175447295745727e-01
1.650461900177945000e+15,5.154175447295746837e-01
1.650461900179869750e+15,5.154175447295745727e-01
1.650461900181794250e+15,5.154175447295745727e-01
1.650461900183719000e+15,5.154175447295745727e-01
1.650461900185643750e+15,5.154175447295745727e-01
1.650461900187568500e+15,5.154175447295745727e-01
1.650461900189493250e+15,5.154175447295745727e-01
1.650461900191418000e+15,5.154175447295745727e-01
1.650461900193342500e+15,5.154175447295745727e-01
1.650461900195267250e+15,5.154175447295745727e-01
1.650461900197192000e+15,5.154175447295745727e-01
1.650461900199116750e+15,5.154175447295745727e-01
1.650461900201041500e+15,5.154175447295745727e-01
1.650461900202966250e+15,5.154175447295745727e-01
1.650461900204890750e+15,5.154175447295744616e-01
1.650461900206815500e+15,5.154175447295745727e-01
1.650461900208740250e+15,5.154175447295745727e-01
1.650461900210665000e+15,5.154175447295745727e-01
1.650461900212589750e+15,5.154175447295745727e-01
1.650461900214514500e+15,5.154175447295745727e-01
1.650461900216439000e+15,5.154175447295747947e-01
1.650461900218363750e+15,5.154175447295749057e-01
1.650461900220288500e+15,5.154175447295751278e-01
1.650461900222213250e+15,5.154175447295752388e-01
1.650461900224138000e+15,5.154175447295754608e-01
1.650461900226062750e+15,5.154175447295756829e-01
1.650461900227987250e+15,5.154175447295757939e-01
1.650461900229912000e+15,5.154175447295760160e-01
1.650461900231836750e+15,5.154175447295761270e-01
1.650461900233761500e+15,5.154175447295763490e-01
1.650461900235686250e+15,5.154175447295763490e-01
1.650461900237611000e+15,5.154175447295763490e-01
1.650461900239535500e+15,5.154175447295763490e-01
1.650461900241460250e+15,5.154175447295763490e-01
1.650461900243385000e+15,5.154175447295763490e-01
1.650461900245309750e+15,5.154175447295763490e-01
1.650461900247234500e+15,5.154175447295763490e-01
1.650461900249159250e+15,5.154175447295762380e-01
1.650461900251084000e+15,5.154175447295759049e-01
1.650461900253008500e+15,5.154175447295755719e-01
1.650461900254933250e+15,5.154175447295752388e-01
1.650461900256858000e+15,5.154175447295749057e-01
1.650461900258782750e+15,5.154175447295746837e-01
1.650461900260707500e+15,5.154175447295745727e-01
1.650461900262632250e+15,5.154175447295745727e-01
1.650461900264556750e+15,5.154175447295745727e-01
1.650461900266481500e+15,5.154175447295745727e-01
1.650461900268406250e+15,5.154175447295745727e-01
1.650461900270331000e+15,5.154175447295745727e-01
1.650461900272255750e+15,5.154175447295745727e-01
1.650461900274180500e+15,5.154175447295745727e-01
1.650461900276105000e+15,5.154175447295745727e-01
1.650461900278029750e+15,5.154175447295745727e-01
1.650461900279954500e+15,5.154175447295745727e-01
1.650461900281879250e+15,5.154175447295745727e-01
1.650461900283804000e+15,5.154175447295745727e-01
1.650461900285728750e+15,5.154175447295745727e-01
1.650461900287653250e+15,5.154175447295745727e-01
1.650461900289578000e+15,5.154175447295745727e-01
1.650461900291502750e+15,5.154175447295745727e-01
1.650461900293427500e+15,5.154175447295745727e-01
1.650461900295352250e+15,5.154175447295746837e-01
1.650461900297277000e+15,5.154175447295745727e-01
1.650461900299201500e+15,5.154175447295745727e-01
1.650461900301126250e+15,5.154175447295745727e-01
1.650461900303051000e+15,5.154175447295745727e-01
1.650461900304975750e+15,5.154175447295745727e-01
1.650461900306900500e+15,5.154175447295745727e-01
1.650461900308825250e+15,5.154175447295745727e-01
1.650461900310749750e+15,5.154175447295745727e-01
1.650461900312674500e+15,5.154175447295745727e-01
1.650461900314599250e+15,5.154175447295745727e-01
1.650461900316524000e+15,5.154175447295745727e-01
1.650461900318448750e+15,5.154175447295745727e-01
1.650461900320373500e+15,5.154175447295745727e-01
1.650461900322298000e+15,5.154175447295744616e-01
1.650461900324222750e+15,5.154175447295745727e-01
1.650461900326147500e+15,5.154175447295745727e-01
1.650461900328072250e+15,5.154175447295745727e-01
1.650461900329997000e+15,5.154175447295745727e-01
1.650461900331921750e+15,5.154175447295745727e-01
1.650461900333846250e+15,5.154175447295745727e-01
1.650461900335771000e+15,5.154175447295745727e-01
1.650461900337695750e+15,5.154175447295745727e-01
1.650461900339620500e+15,5.154175447295745727e-01
1.650461900341545250e+15,5.154175447295745727e-01
1.650461900343470000e+15,5.154175447295745727e-01
1.650461900345394500e+15,5.154175447295745727e-01
1.650461900347319250e+15,5.154175447295745727e-01
1.650461900349244000e+15,5.154175447295745727e-01
1.650461900351168750e+15,5.154175447295745727e-01
1.650461900353093500e+15,5.154175447295745727e-01
1.650461900355018250e+15,5.154175447295745727e-01
1.650461900356942750e+15,5.154175447295745727e-01
1.650461900358867500e+15,5.154175447295745727e-01
1.650461900360792250e+15,5.154175447295745727e-01
1.650461900362717000e+15,5.154175447295745727e-01
1.650461900364641750e+15,5.154175447295745727e-01
1.650461900366566500e+15,5.154175447295744616e-01
1.650461900368491000e+15,5.154175447295745727e-01
1.650461900370415750e+15,5.154175447295745727e-01
1.650461900372340500e+15,5.154175447295745727e-01
1.650461900374265250e+15,5.154175447295745727e-01
1.650461900376190000e+15,5.154175447295745727e-01
1.650461900378114750e+15,5.154175447295745727e-01
1.650461900380039250e+15,5.154175447295745727e-01
1.650461900381964000e+15,5.154175447295745727e-01
1.650461900383888750e+15,5.154175447295745727e-01
1.650461900385813500e+15,5.154175447295745727e-01
1.650461900387738250e+15,5.154175447295745727e-01
1.650461900389663000e+15,5.154175447295745727e-01
1.650461900391587500e+15,5.154175447295745727e-01
1.650461900393512250e+15,5.154175447295744616e-01
1.650461900395437000e+15,5.154175447295742396e-01
1.650461900397361750e+15,5.154175447295741286e-01
1.650461900399286500e+15,5.154175447295740176e-01
1.650461900401211250e+15,5.154175447295737955e-01
1.650461900403135750e+15,5.154175447295736845e-01
1.650461900405060500e+15,5.154175447295735735e-01
1.650461900406985250e+15,5.154175447295736845e-01
1.650461900408910000e+15,5.154175447295736845e-01
1.650461900410834750e+15,5.154175447295736845e-01
1.650461900412759500e+15,5.154175447295736845e-01
1.650461900414684000e+15,5.154175447295736845e-01
1.650461900416608750e+15,5.154175447295736845e-01
1.650461900418533500e+15,5.154175447295736845e-01
1.650461900420458250e+15,5.154175447295736845e-01
1.650461900422383000e+15,5.154175447295736845e-01
1.650461900424307750e+15,5.154175447295736845e-01
1.650461900426232250e+15,5.154175447295736845e-01
1.650461900428157000e+15,5.154175447295736845e-01
1.650461900430081750e+15,5.154175447295736845e-01
1.650461900432006500e+15,5.154175447295736845e-01
1.650461900433931250e+15,5.154175447295736845e-01
1.650461900435856000e+15,5.154175447295736845e-01
1.650461900437780500e+15,5.154175447295736845e-01
1.650461900439705250e+15,5.154175447295736845e-01
1.650461900441630000e+15,5.154175447295736845e-01
1.650461900443554750e+15,5.154175447295736845e-01
1.650461900445479500e+15,5.154175447295736845e-01
1.650461900447404250e+15,5.154175447295736845e-01
1.650461900449328750e+15,5.154175447295736845e-01
1.650461900451253500e+15,5.154175447295736845e-01
1.650461900453178250e+15,5.154175447295736845e-01
1.650461900455103000e+15,5.154175447295736845e-01
1.650461900457027750e+15,5.154175447295736845e-01
1.650461900458952500e+15,5.154175447295736845e-01
1.650461900460877000e+15,5.154175447295736845e-01
1.650461900462801750e+15,5.154175447295736845e-01
1.650461900464726500e+15,5.154175447295736845e-01
1.650461900466651250e+15,5.154175447295736845e-01
1.650461900468576000e+15,5.154175447295736845e-01
1.650461900470500750e+15,5.154175447295736845e-01
1.650461900472425250e+15,5.154175447295736845e-01
1.650461900474350000e+15,5.154175447295736845e-01
1.650461900476274750e+15,5.154175447295736845e-01
1.650461900478199500e+15,5.154175447295736845e-01
1.650461900480124250e+15,5.154175447295736845e-01
1.650461900482049000e+15,5.154175447295736845e-01
1.650461900483973500e+15,5.154175447295736845e-01
1.650461900485898250e+15,5.154175447295736845e-01
1.650461900487823000e+15,5.154175447295736845e-01
1.650461900489747750e+15,5.154175447295736845e-01
1.650461900491672500e+15,5.154175447295736845e-01
1.650461900493597250e+15,5.154175447295736845e-01
1.650461900495521750e+15,5.154175447295737955e-01
1.650461900497446500e+15,5.154175447295736845e-01
1.650461900499371250e+15,5.154175447295736845e-01
1.650461900501296000e+15,5.154175447295736845e-01
1.650461900503220750e+15,5.154175447295736845e-01
1.650461900505145500e+15,5.154175447295737955e-01
1.650461900507070000e+15,5.154175447295736845e-01
1.650461900508994750e+15,5.154175447295736845e-01
1.650461900510919500e+15,5.154175447295736845e-01
1.650461900512844250e+15,5.154175447295736845e-01
1.650461900514769000e+15,5.154175447295736845e-01
1.650461900516693750e+15,5.154175447295736845e-01
1.650461900518618250e+15,5.154175447295736845e-01
1.650461900520543000e+15,5.154175447295735735e-01
1.650461900522467750e+15,5.154175447295736845e-01
1.650461900524392500e+15,5.154175447295736845e-01
1.650461900526317250e+15,5.154175447295736845e-01
1.650461900528242000e+15,5.154175447295736845e-01
1.650461900530166500e+15,5.154175447295736845e-01
1.650461900532091250e+15,5.154175447295736845e-01
1.650461900534016000e+15,5.154175447295736845e-01
1.650461900535940750e+15,5.154175447295736845e-01
1.650461900537865500e+15,5.154175447295736845e-01
1.650461900539790250e+15,5.154175447295736845e-01
1.650461900541714750e+15,5.154175447295736845e-01
1.650461900543639500e+15,5.154175447295736845e-01
1.650461900545564250e+15,5.154175447295736845e-01
1.650461900547489000e+15,5.154175447295736845e-01
1.650461900549413750e+15,5.154175447295739065e-01
1.650461900551338500e+15,5.154175447295740176e-01
1.650461900553263000e+15,5.154175447295742396e-01
1.650461900555187750e+15,5.154175447295743506e-01
1.650461900557112500e+15,5.154175447295744616e-01
1.650461900559037250e+15,5.154175447295745727e-01
1.650461900560962000e+15,5.154175447295744616e-01
1.650461900562886750e+15,5.154175447295742396e-01
1.650461900564811250e+15,5.154175447295741286e-01
1.650461900566736000e+15,5.154175447295740176e-01
1.650461900568660750e+15,5.154175447295739065e-01
1.650461900570585500e+15,5.154175447295737955e-01
1.650461900572510250e+15,5.154175447295737955e-01
1.650461900574435000e+15,5.154175447295741286e-01
1.650461900576359500e+15,5.154175447295744616e-01
1.650461900578284250e+15,5.154175447295747947e-01
1.650461900580209000e+15,5.154175447295751278e-01
1.650461900582133750e+15,5.154175447295754608e-01
1.650461900584058500e+15,5.154175447295753498e-01
1.650461900585983250e+15,5.154175447295751278e-01
1.650461900587907750e+15,5.154175447295750168e-01
1.650461900589832500e+15,5.154175447295747947e-01
1.650461900591757250e+15,5.154175447295746837e-01
1.650461900593682000e+15,5.154175447295746837e-01
1.650461900595606750e+15,5.154175447295747947e-01
1.650461900597531500e+15,5.154175447295749057e-01
1.650461900599456250e+15,5.154175447295750168e-01
1.650461900601380750e+15,5.154175447295751278e-01
1.650461900603305500e+15,5.154175447295752388e-01
1.650461900605230250e+15,5.154175447295754608e-01
1.650461900607155000e+15,5.154175447295754608e-01
1.650461900609079750e+15,5.154175447295754608e-01
1.650461900611004500e+15,5.154175447295755719e-01
1.650461900612929000e+15,5.154175447295754608e-01
1.650461900614853750e+15,5.154175447295755719e-01
1.650461900616778500e+15,5.154175447295754608e-01
1.650461900618703250e+15,5.154175447295754608e-01
1.650461900620628000e+15,5.154175447295755719e-01
1.650461900622552750e+15,5.154175447295754608e-01
1.650461900624477250e+15,5.154175447295754608e-01
1.650461900626402000e+15,5.154175447295754608e-01
1.650461900628326750e+15,5.154175447295754608e-01
1.650461900630251500e+15,5.154175447295754608e-01
1.650461900632176250e+15,5.154175447295754608e-01
1.650461900634101000e+15,5.154175447295755719e-01
1.650461900636025500e+15,5.154175447295754608e-01
1.650461900637950250e+15,5.154175447295754608e-01
1.650461900639875000e+15,5.154175447295754608e-01
1.650461900641799750e+15,5.154175447295754608e-01
1.650461900643724500e+15,5.154175447295754608e-01
1.650461900645649250e+15,5.154175447295754608e-01
1.650461900647573750e+15,5.154175447295754608e-01
1.650461900649498500e+15,5.154175447295754608e-01
1.650461900651423250e+15,5.154175447295754608e-01
1.650461900653348000e+15,5.154175447295754608e-01
1.650461900655272750e+15,5.154175447295754608e-01
1.650461900657197500e+15,5.154175447295754608e-01
1.650461900659122000e+15,5.154175447295754608e-01
1.650461900661046750e+15,5.154175447295754608e-01
1.650461900662971500e+15,5.154175447295754608e-01
1.650461900664896250e+15,5.154175447295755719e-01
1.650461900666821000e+15,5.154175447295754608e-01
1.650461900668745750e+15,5.154175447295754608e-01
1.650461900670670250e+15,5.154175447295754608e-01
1.650461900672595000e+15,5.154175447295754608e-01
1.650461900674519750e+15,5.154175447295754608e-01
1.650461900676444500e+15,5.154175447295754608e-01
1.650461900678369250e+15,5.154175447295754608e-01
1.650461900680294000e+15,5.154175447295754608e-01
1.650461900682218500e+15,5.154175447295754608e-01
1.650461900684143250e+15,5.154175447295754608e-01
1.650461900686068000e+15,5.154175447295754608e-01
1.650461900687992750e+15,5.154175447295754608e-01
1.650461900689917500e+15,5.154175447295754608e-01
1.650461900691842250e+15,5.154175447295754608e-01
1.650461900693766750e+15,5.154175447295754608e-01
1.650461900695691500e+15,5.154175447295754608e-01
1.650461900697616250e+15,5.154175447295754608e-01
1.650461900699541000e+15,5.154175447295754608e-01
1.650461900701465750e+15,5.154175447295754608e-01
1.650461900703390500e+15,5.154175447295754608e-01
1.650461900705315000e+15,5.154175447295754608e-01
1.650461900707239750e+15,5.154175447295754608e-01
1.650461900709164500e+15,5.154175447295754608e-01
1.650461900711089250e+15,5.154175447295754608e-01
1.650461900713014000e+15,5.154175447295754608e-01
1.650461900714938750e+15,5.154175447295754608e-01
1.650461900716863250e+15,5.154175447295754608e-01
1.650461900718788000e+15,5.154175447295754608e-01
1.650461900720712750e+15,5.154175447295754608e-01
1.650461900722637500e+15,5.154175447295754608e-01
1.650461900724562250e+15,5.154175447295754608e-01
1.650461900726487000e+15,5.154175447295754608e-01
1.650461900728411500e+15,5.154175447295754608e-01
1.650461900730336250e+15,5.154175447295755719e-01
1.650461900732261000e+15,5.154175447295756829e-01
1.650461900734185750e+15,5.154175447295757939e-01
1.650461900736110500e+15,5.154175447295757939e-01
1.650461900738035250e+15,5.154175447295759049e-01
1.650461900739959750e+15,5.154175447295759049e-01
1.650461900741884500e+15,5.154175447295761270e-01
1.650461900743809250e+15,5.154175447295761270e-01
1.650461900745734000e+15,5.154175447295762380e-01
1.650461900747658750e+15,5.154175447295763490e-01
1.650461900749583500e+15,5.162305263316904202e-01
1.650461900751508000e+15,5.176785440024619378e-01
1.650461900753432750e+15,5.191267497763343286e-01
1.650461900755357500e+15,5.205749555502067194e-01
1.650461900757282250e+15,5.212785755295066270e-01
1.650461900759207000e+15,5.204309999527927388e-01
1.650461900761131750e+15,5.195834243760788507e-01
1.650461900763056250e+15,5.187359588884125072e-01
1.650461900764981000e+15,5.178883833116987301e-01
1.650461900766905750e+15,5.170408077349848419e-01
1.650461900768830500e+15,5.161932321582709537e-01
1.650461900770755250e+15,5.154175447295755719e-01
1.650461900772680000e+15,5.154175447295754608e-01
1.650461900774604500e+15,5.154175447295754608e-01
1.650461900776529250e+15,5.154175447295754608e-01
1.650461900778454000e+15,5.154175447295754608e-01
1.650461900780378750e+15,5.154175447295754608e-01
1.650461900782303500e+15,5.154175447295754608e-01
1.650461900784228250e+15,5.154175447295754608e-01
1.650461900786152750e+15,5.154175447295754608e-01
1.650461900788077500e+15,5.154175447295754608e-01
1.650461900790002250e+15,5.154175447295754608e-01
1.650461900791927000e+15,5.146135539564010708e-01
1.650461900793851750e+15,5.137842499689051490e-01
1.650461900795776500e+15,5.129549459814093382e-01
1.650461900797701000e+15,5.121257497097190248e-01
1.650461900799625750e+15,5.112964457222231029e-01
1.650461900801550500e+15,5.104671417347270701e-01
1.650461900803475250e+15,5.096378377472312593e-01
1.650461900805400000e+15,5.092816215780340272e-01
1.650461900807324750e+15,5.092816215780340272e-01
1.650461900809249250e+15,5.092816215780340272e-01
1.650461900811174000e+15,5.092816215780340272e-01
1.650461900813098750e+15,5.092671722518831157e-01
1.650461900815023500e+15,5.087497519633428222e-01
1.650461900816948250e+15,5.082323316748026398e-01
1.650461900818873000e+15,5.077149113862623464e-01
1.650461900820797500e+15,5.071975583038903501e-01
1.650461900822722250e+15,5.066801380153500567e-01
1.650461900824647000e+15,5.061627177268097633e-01
1.650461900826571750e+15,5.056452974382694698e-01
1.650461900828496500e+15,5.051278771497292874e-01
1.650461900830421250e+15,5.046104568611891050e-01
1.650461900832345750e+15,5.040931037788169977e-01
1.650461900834270500e+15,5.035756834902767043e-01
1.650461900836195250e+15,5.031456984264917054e-01
1.650461900838120000e+15,5.031456984264914833e-01
1.650461900840044750e+15,5.031456984264913723e-01
1.650461900841969500e+15,5.031456984264911503e-01
1.650461900843894000e+15,5.031456984264909282e-01
1.650461900845818750e+15,5.034942724392057478e-01
1.650461900847743500e+15,5.043127144410027851e-01
1.650461900849668250e+15,5.051311564427998224e-01
1.650461900851593000e+15,5.059495984445967487e-01
1.650461900853517750e+15,5.067680404463938970e-01
1.650461900855442250e+15,5.075863761432160004e-01
1.650461900857367000e+15,5.084048181450130377e-01
1.650461900859291750e+15,5.092232601468100750e-01
1.650461900861216500e+15,5.092816215780331390e-01
1.650461900863141250e+15,5.092816215780332501e-01
1.650461900865066000e+15,5.092816215780333611e-01
1.650461900866990500e+15,5.092816215780335831e-01
1.650461900868915250e+15,5.092816215780335831e-01
1.650461900870840000e+15,5.092816215780335831e-01
1.650461900872764750e+15,5.092816215780336941e-01
1.650461900874689500e+15,5.092816215780338052e-01
1.650461900876614250e+15,5.092816215780339162e-01
1.650461900878538750e+15,5.092816215780340272e-01
1.650461900880463500e+15,5.088551206896027024e-01
1.650461900882388250e+15,5.079995630189322320e-01
1.650461900884313000e+15,5.071440053482618726e-01
1.650461900886237750e+15,5.062884476775915132e-01
1.650461900888162500e+15,5.054328900069210428e-01
1.650461900890087000e+15,5.045774434620683424e-01
1.650461900892011750e+15,5.037218857913979830e-01
1.650461900893936500e+15,5.031456984264899290e-01
1.650461900895861250e+15,5.031456984264899290e-01
1.650461900897786000e+15,5.031456984264899290e-01
1.650461900899710750e+15,5.031456984264899290e-01
1.650461900901635250e+15,5.031456984264900401e-01
1.650461900903560000e+15,5.037013486101891147e-01
1.650461900905484750e+15,5.046545461958173995e-01
1.650461900907409500e+15,5.056077437814456843e-01
1.650461900909334250e+15,5.065609413670739691e-01
1.650461900911259000e+15,5.075141389527022540e-01
1.650461900913183500e+15,5.084672127303574429e-01
1.650461900915108250e+15,5.094355414189952747e-01
1.650461900917033000e+15,5.104926590421539068e-01
1.650461900918957750e+15,5.115497766653125389e-01
1.650461900920882500e+15,5.126068942884710600e-01
1.650461900922807250e+15,5.136640119116296921e-01
1.650461900924731750e+15,5.147209922289532891e-01
1.650461900926656500e+15,5.152067528117835193e-01
1.650461900928581250e+15,5.145887455859369242e-01
1.650461900930506000e+15,5.139707383600902180e-01
1.650461900932430750e+15,5.133527311342436228e-01
1.650461900934355500e+15,5.127347239083969166e-01
1.650461900936280000e+15,5.121167969536537523e-01
1.650461900938204750e+15,5.114987897278071571e-01
1.650461900940129500e+15,5.108807825019605620e-01
1.650461900942054250e+15,5.102627752761138558e-01
1.650461900943979000e+15,5.096447680502671496e-01
1.650461900945903750e+15,5.095102032179419371e-01
1.650461900947828250e+15,5.100644147026718311e-01
1.650461900949753000e+15,5.106186981816192016e-01
1.650461900951677750e+15,5.111729816605664611e-01
1.650461900953602500e+15,5.117272651395137206e-01
1.650461900955527250e+15,5.122815486184609801e-01
1.650461900957452000e+15,5.128358320974082396e-01
1.650461900959376750e+15,5.133901155763553881e-01
1.650461900961301250e+15,5.139443270610855041e-01
1.650461900963226000e+15,5.144986105400327636e-01
1.650461900965150750e+15,5.150528940189800231e-01
1.650461900967075500e+15,5.154175447295745727e-01
1.650461900969000250e+15,5.154175447295746837e-01
1.650461900970925000e+15,5.154175447295745727e-01
1.650461900972849500e+15,5.154175447295745727e-01
1.650461900974774250e+15,5.154175447295745727e-01
1.650461900976699000e+15,5.154175447295745727e-01
1.650461900978623750e+15,5.154175447295745727e-01
1.650461900980548500e+15,5.154175447295745727e-01
1.650461900982473250e+15,5.154175447295745727e-01
1.650461900984397750e+15,5.154175447295745727e-01
1.650461900986322500e+15,5.154175447295745727e-01
1.650461900988247250e+15,5.154175447295745727e-01
1.650461900990172000e+15,5.154175447295745727e-01
1.650461900992096750e+15,5.154175447295745727e-01
1.650461900994021500e+15,5.154175447295745727e-01
1.650461900995946000e+15,5.154175447295745727e-01
1.650461900997870750e+15,5.154175447295745727e-01
1.650461900999795500e+15,5.154175447295745727e-01
1.650461901001720250e+15,5.154175447295745727e-01
1.650461901003645000e+15,5.154175447295745727e-01
1.650461901005569750e+15,5.154175447295746837e-01
1.650461901007494250e+15,5.142556278812577819e-01
1.650461901009419000e+15,5.126481529818525118e-01
1.650461901011343750e+15,5.110406780824470196e-01
1.650461901013268500e+15,5.094332031830417495e-01
1.650461901015193250e+15,5.078257282836364794e-01
1.650461901017118000e+15,5.062182533842310983e-01
1.650461901019042500e+15,5.046109872749152681e-01
1.650461901020967250e+15,5.032483406192238551e-01
1.650461901022892000e+15,5.044087550712927914e-01
1.650461901024816750e+15,5.055691695233617278e-01
1.650461901026741500e+15,5.067295839754306641e-01
1.650461901028666250e+15,5.078899984274994894e-01
1.650461901030590750e+15,5.090502621568184782e-01
1.650461901032515500e+15,5.102106766088871925e-01
1.650461901034440250e+15,5.113710910609561289e-01
1.650461901036365000e+15,5.125315055130250652e-01
1.650461901038289750e+15,5.136919199650940016e-01
1.650461901040214500e+15,5.148523344171628269e-01
1.650461901042139000e+15,5.154175447295745727e-01
1.650461901044063750e+15,5.154175447295745727e-01
1.650461901045988500e+15,5.154175447295745727e-01
1.650461901047913250e+15,5.154175447295745727e-01
1.650461901049838000e+15,5.154175447295745727e-01
1.650461901051762750e+15,5.154175447295745727e-01
1.650461901053687250e+15,5.154175447295746837e-01
1.650461901055612000e+15,5.154175447295747947e-01
1.650461901057536750e+15,5.154175447295750168e-01
1.650461901059461500e+15,5.154175447295751278e-01
1.650461901061386250e+15,5.154175447295753498e-01
1.650461901063311000e+15,5.154175447295753498e-01
1.650461901065235500e+15,5.169205056841769119e-01
1.650461901067160250e+15,5.184612908225891825e-01
1.650461901069085000e+15,5.200020759610014531e-01
1.650461901071009750e+15,5.215428610994137237e-01
1.650461901072934500e+15,5.230836462378261054e-01
1.650461901074859250e+15,5.246244313762383760e-01
1.650461901076783750e+15,5.261650163866939955e-01
1.650461901078708500e+15,5.276893910326592163e-01
1.650461901080633250e+15,5.276893910326595494e-01
1.650461901082558000e+15,5.276893910326598824e-01
1.650461901084482750e+15,5.276893910326601045e-01
1.650461901086407500e+15,5.276893910326604376e-01
1.650461901088332000e+15,5.276893910326607706e-01
1.650461901090256750e+15,5.276893910326609927e-01
1.650461901092181500e+15,5.276893910326607706e-01
1.650461901094106250e+15,5.276893910326606596e-01
1.650461901096031000e+15,5.276893910326604376e-01
1.650461901097955750e+15,5.276893910326603265e-01
1.650461901099880250e+15,5.276893910326601045e-01
1.650461901101805000e+15,5.276893910326599935e-01
1.650461901103729750e+15,5.276893910326598824e-01
1.650461901105654500e+15,5.276893910326595494e-01
1.650461901107579250e+15,5.276893910326594384e-01
1.650461901109504000e+15,5.276893910326593273e-01
1.650461901111428500e+15,5.276893910326593273e-01
1.650461901113353250e+15,5.276893910326594384e-01
1.650461901115278000e+15,5.276893910326596604e-01
1.650461901117202750e+15,5.276893910326597714e-01
1.650461901119127500e+15,5.276893910326598824e-01
1.650461901121052250e+15,5.276893910326601045e-01
1.650461901122976750e+15,5.276893910326602155e-01
1.650461901124901500e+15,5.276893910326603265e-01
1.650461901126826250e+15,5.276893910326605486e-01
1.650461901128751000e+15,5.276893910326606596e-01
1.650461901130675750e+15,5.276893910326608816e-01
1.650461901132600500e+15,5.276893910326609927e-01
1.650461901134525000e+15,5.276893910326609927e-01
1.650461901136449750e+15,5.276893910326609927e-01
1.650461901138374500e+15,5.276893910326609927e-01
1.650461901140299250e+15,5.276893910326609927e-01
1.650461901142224000e+15,5.276893910326609927e-01
1.650461901144148750e+15,5.276893910326609927e-01
1.650461901146073250e+15,5.276893910326609927e-01
1.650461901147998000e+15,5.276893910326609927e-01
1.650461901149922750e+15,5.276893910326609927e-01
1.650461901151847500e+15,5.276893910326609927e-01
1.650461901153772250e+15,5.276893910326609927e-01
1.650461901155697000e+15,5.276893910326609927e-01
1.650461901157621500e+15,5.276893910326608816e-01
1.650461901159546250e+15,5.276893910326612147e-01
1.650461901161471000e+15,5.276893910326614368e-01
1.650461901163395750e+15,5.276893910326615478e-01
1.650461901165320500e+15,5.276893910326616588e-01
1.650461901167245250e+15,5.282626320810540621e-01
1.650461901169169750e+15,5.305455134005170326e-01
1.650461901171094500e+15,5.328286912751009075e-01
1.650461901173019250e+15,5.351118691496846713e-01
1.650461901174944000e+15,5.373950470242684352e-01
1.650461901176868750e+15,5.396782248988523101e-01
1.650461901178793500e+15,5.419614027734360739e-01
1.650461901180718000e+15,5.442442840928991554e-01
1.650461901182642750e+15,5.460971604872878471e-01
1.650461901184567500e+15,5.460971604872879581e-01
1.650461901186492250e+15,5.460971604872879581e-01
1.650461901188417000e+15,5.460971604872879581e-01
1.650461901190341750e+15,5.460971604872879581e-01
1.650461901192266250e+15,5.460971604872879581e-01
1.650461901194191000e+15,5.460971604872879581e-01
1.650461901196115750e+15,5.460971604872879581e-01
1.650461901198040500e+15,5.460971604872879581e-01
1.650461901199965250e+15,5.460971604872879581e-01
1.650461901201890000e+15,5.460971604872879581e-01
1.650461901203814500e+15,5.460971604872879581e-01
1.650461901205739250e+15,5.460971604872879581e-01
1.650461901207664000e+15,5.460971604872879581e-01
1.650461901209588750e+15,5.460971604872879581e-01
1.650461901211513500e+15,5.460971604872879581e-01
1.650461901213438250e+15,5.460971604872879581e-01
1.650461901215362750e+15,5.460971604872879581e-01
1.650461901217287500e+15,5.460971604872880691e-01
1.650461901219212250e+15,5.460971604872880691e-01
1.650461901221137000e+15,5.460971604872881802e-01
1.650461901223061750e+15,5.460971604872882912e-01
1.650461901224986500e+15,5.460971604872884022e-01
1.650461901226911000e+15,5.460971604872884022e-01
1.650461901228835750e+15,5.460971604872885132e-01
1.650461901230760500e+15,5.460971604872886243e-01
1.650461901232685250e+15,5.460971604872886243e-01
1.650461901234610000e+15,5.460971604872887353e-01
1.650461901236534750e+15,5.460971604872888463e-01
1.650461901238459250e+15,5.460971604872886243e-01
1.650461901240384000e+15,5.460971604872885132e-01
1.650461901242308750e+15,5.460971604872882912e-01
1.650461901244233500e+15,5.460971604872881802e-01
1.650461901246158250e+15,5.460971604872879581e-01
1.650461901248083000e+15,5.460971604872879581e-01
1.650461901250007500e+15,5.460971604872879581e-01
1.650461901251932250e+15,5.460971604872879581e-01
1.650461901253857000e+15,5.460971604872879581e-01
1.650461901255781750e+15,5.460971604872879581e-01
1.650461901257706500e+15,5.460971604872879581e-01
1.650461901259631250e+15,5.460971604872879581e-01
1.650461901261555750e+15,5.460971604872879581e-01
1.650461901263480500e+15,5.460971604872879581e-01
1.650461901265405250e+15,5.460971604872879581e-01
1.650461901267330000e+15,5.460971604872879581e-01
1.650461901269254750e+15,5.460971604872879581e-01
1.650461901271179500e+15,5.460971604872879581e-01
1.650461901273104000e+15,5.460971604872879581e-01
1.650461901275028750e+15,5.460971604872879581e-01
1.650461901276953500e+15,5.460971604872879581e-01
1.650461901278878250e+15,5.460971604872879581e-01
1.650461901280803000e+15,5.460971604872879581e-01
1.650461901282727750e+15,5.460971604872879581e-01
1.650461901284652250e+15,5.460971604872879581e-01
1.650461901286577000e+15,5.460971604872879581e-01
1.650461901288501750e+15,5.460971604872879581e-01
1.650461901290426500e+15,5.460971604872880691e-01
1.650461901292351250e+15,5.460971604872879581e-01
1.650461901294276000e+15,5.460971604872881802e-01
1.650461901296200500e+15,5.460971604872881802e-01
1.650461901298125250e+15,5.460971604872881802e-01
1.650461901300050000e+15,5.460971604872882912e-01
1.650461901301974750e+15,5.460971604872884022e-01
1.650461901303899500e+15,5.460971604872884022e-01
1.650461901305824250e+15,5.460971604872885132e-01
1.650461901307749000e+15,5.460971604872886243e-01
1.650461901309673500e+15,5.460971604872887353e-01
1.650461901311598250e+15,5.460971604872887353e-01
1.650461901313523000e+15,5.460971604872887353e-01
1.650461901315447750e+15,5.460971604872888463e-01
1.650461901317372500e+15,5.460971604872888463e-01
1.650461901319297250e+15,5.460971604872888463e-01
1.650461901321221750e+15,5.460971604872888463e-01
1.650461901323146500e+15,5.460971604872888463e-01
1.650461901325071250e+15,5.460971604872888463e-01
1.650461901326996000e+15,5.460971604872888463e-01
1.650461901328920750e+15,5.460971604872888463e-01
1.650461901330845500e+15,5.460971604872888463e-01
1.650461901332770000e+15,5.460971604872888463e-01
1.650461901334694750e+15,5.460971604872888463e-01
1.650461901336619500e+15,5.460971604872888463e-01
1.650461901338544250e+15,5.460971604872888463e-01
1.650461901340469000e+15,5.460971604872888463e-01
1.650461901342393750e+15,5.460971604872888463e-01
1.650461901344318250e+15,5.460971604872888463e-01
1.650461901346243000e+15,5.461497755898541140e-01
1.650461901348167750e+15,5.466320180596756506e-01
1.650461901350092500e+15,5.471142605294969652e-01
1.650461901352017250e+15,5.475965029993185018e-01
1.650461901353942000e+15,5.480787454691400384e-01
1.650461901355866500e+15,5.485609253019345655e-01
1.650461901357791250e+15,5.490431677717559911e-01
1.650461901359716000e+15,5.495254102415775277e-01
1.650461901361640750e+15,5.500076527113989533e-01
1.650461901363565500e+15,5.504898951812203789e-01
1.650461901365490250e+15,5.509721376510419155e-01
1.650461901367414750e+15,5.514543174838364425e-01
1.650461901369339500e+15,5.519365599536579792e-01
1.650461901371264250e+15,5.520218415675794965e-01
1.650461901373189000e+15,5.514733246345094875e-01
1.650461901375113750e+15,5.509248077014393674e-01
1.650461901377038500e+15,5.503762907683693584e-01
1.650461901378963000e+15,5.498278450805172968e-01
1.650461901380887750e+15,5.492793281474472877e-01
1.650461901382812500e+15,5.487308112143772787e-01
1.650461901384737250e+15,5.481822942813071586e-01
1.650461901386662000e+15,5.476337773482371496e-01
1.650461901388586750e+15,5.470852604151670295e-01
1.650461901390511250e+15,5.465368147273149679e-01
1.650461901392436000e+15,5.462729722667568621e-01
1.650461901394360750e+15,5.471588197079459981e-01
1.650461901396285500e+15,5.480446671491352451e-01
1.650461901398210250e+15,5.489305145903244920e-01
1.650461901400135000e+15,5.498163620315136280e-01
1.650461901402059500e+15,5.507020944126377326e-01
1.650461901403984250e+15,5.515879418538269796e-01
1.650461901405909000e+15,5.524104597060573996e-01
1.650461901407833750e+15,5.530632409400797478e-01
1.650461901409758500e+15,5.537160221741022070e-01
1.650461901411683250e+15,5.543688034081245553e-01
1.650461901413607750e+15,5.550214998543518963e-01
1.650461901415532500e+15,5.556742810883743555e-01
1.650461901417457250e+15,5.563270623223965927e-01
1.650461901419382000e+15,5.569798435564190520e-01
1.650461901421306750e+15,5.576326247904414002e-01
1.650461901423231500e+15,5.582854060244637484e-01
1.650461901425156000e+15,5.576732787649475442e-01
1.650461901427080750e+15,5.568752438919201131e-01
1.650461901429005500e+15,5.560772090188924599e-01
1.650461901430930250e+15,5.552791741458649177e-01
1.650461901432855000e+15,5.544811392728374866e-01
1.650461901434779750e+15,5.536831043998098334e-01
1.650461901436704250e+15,5.528851731811366133e-01
1.650461901438629000e+15,5.522330836388302799e-01
1.650461901440553750e+15,5.522330836388302799e-01
1.650461901442478500e+15,5.522330836388302799e-01
1.650461901444403250e+15,5.522330836388302799e-01
1.650461901446328000e+15,5.522330836388302799e-01
1.650461901448252500e+15,5.522330836388302799e-01
1.650461901450177250e+15,5.522330836388302799e-01
1.650461901452102000e+15,5.522330836388302799e-01
1.650461901454026750e+15,5.522330836388302799e-01
1.650461901455951500e+15,5.522330836388302799e-01
1.650461901457876250e+15,5.522330836388302799e-01
1.650461901459800750e+15,5.522330836388302799e-01
1.650461901461725500e+15,5.522330836388302799e-01
1.650461901463650250e+15,5.522330836388302799e-01
1.650461901465575000e+15,5.522330836388302799e-01
1.650461901467499750e+15,5.522330836388302799e-01
1.650461901469424500e+15,5.522330836388302799e-01
1.650461901471349000e+15,5.515355283084060201e-01
1.650461901473273750e+15,5.505074887814276341e-01
1.650461901475198500e+15,5.494794492544490261e-01
1.650461901477123250e+15,5.484514097274704181e-01
1.650461901479048000e+15,5.474233702004919211e-01
1.650461901480972750e+15,5.463953306735134241e-01
1.650461901482897250e+15,5.464339977183154673e-01
1.650461901484822000e+15,5.469085283389329977e-01
1.650461901486746750e+15,5.473830589595504170e-01
1.650461901488671500e+15,5.478575895801679474e-01
1.650461901490596250e+15,5.483321202007853667e-01
1.650461901492521000e+15,5.488066508214028971e-01
1.650461901494445500e+15,5.492811198066624989e-01
1.650461901496370250e+15,5.497556504272799183e-01
1.650461901498295000e+15,5.502301810478973376e-01
1.650461901500219750e+15,5.507047116685148680e-01
1.650461901502144500e+15,5.511792422891322873e-01
1.650461901504069250e+15,5.516537729097498177e-01
1.650461901505993750e+15,5.521282418950093085e-01
1.650461901507918500e+15,5.510210145088418887e-01
1.650461901509843250e+15,5.494652092017772160e-01
1.650461901511768000e+15,5.479094038947126544e-01
1.650461901513692750e+15,5.463535985876478707e-01
1.650461901515617500e+15,5.460971604872887353e-01
1.650461901517542000e+15,5.460971604872888463e-01
1.650461901519466750e+15,5.460971604872888463e-01
1.650461901521391500e+15,5.460971604872888463e-01
1.650461901523316250e+15,5.460971604872887353e-01
1.650461901525241000e+15,5.460971604872888463e-01
1.650461901527165750e+15,5.461244976629459069e-01
1.650461901529090250e+15,5.469764878581223622e-01
1.650461901531015000e+15,5.478285887301233004e-01
1.650461901532939750e+15,5.486806896021242386e-01
1.650461901534864500e+15,5.495327904741251768e-01
1.650461901536789250e+15,5.503848913461260040e-01
1.650461901538714000e+15,5.512369922181269422e-01
1.650461901540638500e+15,5.520889824133033974e-01
1.650461901542563250e+15,5.522330836388317232e-01
1.650461901544488000e+15,5.522330836388313902e-01
1.650461901546412750e+15,5.522330836388310571e-01
1.650461901548337500e+15,5.522330836388307240e-01
1.650461901550262250e+15,5.522330836388303910e-01
1.650461901552186750e+15,5.522330836388305020e-01
1.650461901554111500e+15,5.522330836388308350e-01
1.650461901556036250e+15,5.522330836388312791e-01
1.650461901557961000e+15,5.522330836388316122e-01
1.650461901559885750e+15,5.522330836388319453e-01
1.650461901561810500e+15,5.518075735041527707e-01
1.650461901563735000e+15,5.512917346038755939e-01
1.650461901565659750e+15,5.507758286941282222e-01
1.650461901567584500e+15,5.502599227843810725e-01
1.650461901569509250e+15,5.497440168746337008e-01
1.650461901571434000e+15,5.492281109648864401e-01
1.650461901573358750e+15,5.487122050551391794e-01
1.650461901575283250e+15,5.481963661548620026e-01
1.650461901577208000e+15,5.476804602451147419e-01
1.650461901579132750e+15,5.471645543353674812e-01
1.650461901581057500e+15,5.466486484256202205e-01
1.650461901582982250e+15,5.461327425158728488e-01
1.650461901584907000e+15,5.469098415137156888e-01
1.650461901586831500e+15,5.477826119575550656e-01
1.650461901588756250e+15,5.486554957776536012e-01
1.650461901590681000e+15,5.495283795977523589e-01
1.650461901592605750e+15,5.504012634178508945e-01
1.650461901594530500e+15,5.512741472379495411e-01
1.650461901596455250e+15,5.521470310580481877e-01
1.650461901598379750e+15,5.522330836388320563e-01
1.650461901600304500e+15,5.522330836388320563e-01
1.650461901602229250e+15,5.522330836388320563e-01
1.650461901604154000e+15,5.522330836388320563e-01
1.650461901606078750e+15,5.522330836388320563e-01
1.650461901608003500e+15,5.522330836388320563e-01
1.650461901609928000e+15,5.522330836388320563e-01
1.650461901611852750e+15,5.522330836388320563e-01
1.650461901613777500e+15,5.522330836388320563e-01
1.650461901615702250e+15,5.522330836388320563e-01
1.650461901617627000e+15,5.522330836388320563e-01
1.650461901619551750e+15,5.523863868769076646e-01
1.650461901621476250e+15,5.529078753111571487e-01
1.650461901623401000e+15,5.534294314887728827e-01
1.650461901625325750e+15,5.539509876663886168e-01
1.650461901627250500e+15,5.544725438440043508e-01
1.650461901629175250e+15,5.549941000216200848e-01
1.650461901631100000e+15,5.555156561992359299e-01
1.650461901633024500e+15,5.560371446334853029e-01
1.650461901634949250e+15,5.565587008111010370e-01
1.650461901636874000e+15,5.570802569887167710e-01
1.650461901638798750e+15,5.576018131663325050e-01
1.650461901640723500e+15,5.581233693439483501e-01
1.650461901642648250e+15,5.583690067903741561e-01
1.650461901644572750e+15,5.583690067903740450e-01
1.650461901646497500e+15,5.583690067903737120e-01
1.650461901648422250e+15,5.583690067903734899e-01
1.650461901650347000e+15,5.583690067903731569e-01
1.650461901652271750e+15,5.583690067903729348e-01
1.650461901654196500e+15,5.583690067903727128e-01
1.650461901656121000e+15,5.590423642445736530e-01
1.650461901658045750e+15,5.600685279500157154e-01
1.650461901659970500e+15,5.610946916554577779e-01
1.650461901661895250e+15,5.621208553608998404e-01
1.650461901663820000e+15,5.631470190663419029e-01
1.650461901665744750e+15,5.641731827717839654e-01
1.650461901667669500e+15,5.638383711508496710e-01
1.650461901669594000e+15,5.628535017509210814e-01
1.650461901671518750e+15,5.618685044126449091e-01
1.650461901673443500e+15,5.608835070743687368e-01
1.650461901675368250e+15,5.598985097360925645e-01
1.650461901677293000e+15,5.589135123978163922e-01
1.650461901679217750e+15,5.586390633354821889e-01
1.650461901681142250e+15,5.592428667871947034e-01
1.650461901683067000e+15,5.598467486753131439e-01
1.650461901684991750e+15,5.604506305634314733e-01
1.650461901686916500e+15,5.610545124515499138e-01
1.650461901688841250e+15,5.616583943396682432e-01
1.650461901690766000e+15,5.622622762277866837e-01
1.650461901692690500e+15,5.628660796794991983e-01
1.650461901694615250e+15,5.634699615676175277e-01
1.650461901696540000e+15,5.640738434557359682e-01
1.650461901698464750e+15,5.647817451184977688e-01
1.650461901700389500e+15,5.657491532185904282e-01
1.650461901702314250e+15,5.667165613186829765e-01
1.650461901704238750e+15,5.676838437650414404e-01
1.650461901706163500e+15,5.686512518651340997e-01
1.650461901708088250e+15,5.696186599652267590e-01
1.650461901710013000e+15,5.705860680653194184e-01
1.650461901711937750e+15,5.706408530934581336e-01
1.650461901713862500e+15,5.706408530934581336e-01
1.650461901715787000e+15,5.706408530934581336e-01
1.650461901717711750e+15,5.706408530934581336e-01
1.650461901719636500e+15,5.706408530934582446e-01
1.650461901721561250e+15,5.706408530934581336e-01
1.650461901723486000e+15,5.706408530934583556e-01
1.650461901725410750e+15,5.706408530934587997e-01
1.650461901727335250e+15,5.706408530934590217e-01
1.650461901729260000e+15,5.706408530934592438e-01
1.650461901731184750e+15,5.706408530934595769e-01
1.650461901733109500e+15,5.707812173485605767e-01
1.650461901735034250e+15,5.719333115916517274e-01
1.650461901736959000e+15,5.730854058347428781e-01
1.650461901738883500e+15,5.742373504357710656e-01
1.650461901740808250e+15,5.753894446788622163e-01
1.650461901742733000e+15,5.765415389219533671e-01
1.650461901744657750e+15,5.761607507952150042e-01
1.650461901746582500e+15,5.753866721371608817e-01
1.650461901748507250e+15,5.746125934791066481e-01
1.650461901750431750e+15,5.738386153638057596e-01
1.650461901752356500e+15,5.730645367057516371e-01
1.650461901754281250e+15,5.722904580476975145e-01
1.650461901756206000e+15,5.715163793896432809e-01
1.650461901758130750e+15,5.707423007315890473e-01
1.650461901760055500e+15,5.706408530934574674e-01
1.650461901761980000e+15,5.706408530934576895e-01
1.650461901763904750e+15,5.706408530934579115e-01
1.650461901765829500e+15,5.706408530934580225e-01
1.650461901767754250e+15,5.706408530934582446e-01
1.650461901769679000e+15,5.706408530934583556e-01
1.650461901771603750e+15,5.706408530934585777e-01
1.650461901773528250e+15,5.706408530934587997e-01
1.650461901775453000e+15,5.706408530934590217e-01
1.650461901777377750e+15,5.712730361961836367e-01
1.650461901779302500e+15,5.720146448671996620e-01
1.650461901781227250e+15,5.727562535382156872e-01
1.650461901783152000e+15,5.734978622092316014e-01
1.650461901785076500e+15,5.742393745549233541e-01
1.650461901787001250e+15,5.749809832259393794e-01
1.650461901788926000e+15,5.757225918969554046e-01
1.650461901790850750e+15,5.764642005679713188e-01
1.650461901792775500e+15,5.759992241305995631e-01
1.650461901794700250e+15,5.746551797370715864e-01
1.650461901796624750e+15,5.733113099174356186e-01
1.650461901798549500e+15,5.719672655239077530e-01
1.650461901800474250e+15,5.706408530934589107e-01
1.650461901802399000e+15,5.706408530934590217e-01
1.650461901804323750e+15,5.706408530934590217e-01
1.650461901806248500e+15,5.706408530934589107e-01
1.650461901808173000e+15,5.706408530934589107e-01
1.650461901810097750e+15,5.706408530934590217e-01
1.650461901812022500e+15,5.706408530934590217e-01
1.650461901813947250e+15,5.706408530934590217e-01
1.650461901815872000e+15,5.706408530934590217e-01
1.650461901817796750e+15,5.706408530934590217e-01
1.650461901819721250e+15,5.706408530934589107e-01
1.650461901821646000e+15,5.706408530934590217e-01
1.650461901823570750e+15,5.706408530934590217e-01
1.650461901825495500e+15,5.706408530934590217e-01
1.650461901827420250e+15,5.706408530934589107e-01
1.650461901829345000e+15,5.706408530934590217e-01
1.650461901831269500e+15,5.706408530934590217e-01
1.650461901833194250e+15,5.706408530934590217e-01
1.650461901835119000e+15,5.706408530934590217e-01
1.650461901837043750e+15,5.706408530934590217e-01
1.650461901838968500e+15,5.706408530934590217e-01
1.650461901840893250e+15,5.706408530934590217e-01
1.650461901842817750e+15,5.706408530934590217e-01
1.650461901844742500e+15,5.706408530934590217e-01
1.650461901846667250e+15,5.706408530934590217e-01
1.650461901848592000e+15,5.706408530934590217e-01
1.650461901850516750e+15,5.706408530934589107e-01
1.650461901852441500e+15,5.706408530934590217e-01
1.650461901854366000e+15,5.706408530934590217e-01
1.650461901856290750e+15,5.706408530934590217e-01
1.650461901858215500e+15,5.706408530934590217e-01
1.650461901860140250e+15,5.706408530934590217e-01
1.650461901862065000e+15,5.706408530934590217e-01
1.650461901863989750e+15,5.705035047130547765e-01
1.650461901865914250e+15,5.694235171417044716e-01
1.650461901867839000e+15,5.683433892757877581e-01
1.650461901869763750e+15,5.672632614098711556e-01
1.650461901871688500e+15,5.661831335439544421e-01
1.650461901873613250e+15,5.651030056780377286e-01
1.650461901875538000e+15,5.654675375553164240e-01
1.650461901877462500e+15,5.676241596181679228e-01
1.650461901879387250e+15,5.697810618345738876e-01
1.650461901881312000e+15,5.719379640509798524e-01
1.650461901883236750e+15,5.740948662673859282e-01
1.650461901885161500e+15,5.762517684837920040e-01
1.650461901887086250e+15,5.753384763513291755e-01
1.650461901889010750e+15,5.734376982257526345e-01
1.650461901890935500e+15,5.715366731817397294e-01
1.650461901892860250e+15,5.696356481377267134e-01
1.650461901894785000e+15,5.677346230937135863e-01
1.650461901896709750e+15,5.658335980497004591e-01
1.650461901898634500e+15,5.646728687066784325e-01
1.650461901900559000e+15,5.652305876933664264e-01
1.650461901902483750e+15,5.657883791299098686e-01
1.650461901904408500e+15,5.663461705664531998e-01
1.650461901906333250e+15,5.669039620029965310e-01
1.650461901908258000e+15,5.674617534395398621e-01
1.650461901910182750e+15,5.680195448760833044e-01
1.650461901912107250e+15,5.685772638627712983e-01
1.650461901914032000e+15,5.691350552993146295e-01
1.650461901915956750e+15,5.696928467358579606e-01
1.650461901917881500e+15,5.702506381724014028e-01
1.650461901919806250e+15,5.704736477417918783e-01
1.650461901921731000e+15,5.699170917528224578e-01
1.650461901923655500e+15,5.693606080532397362e-01
1.650461901925580250e+15,5.688040520642703157e-01
1.650461901927505000e+15,5.682474960753008952e-01
1.650461901929429750e+15,5.676909400863314747e-01
1.650461901931354500e+15,5.671343840973620543e-01
1.650461901933279250e+15,5.665778281083926338e-01
1.650461901935203750e+15,5.660213444088100232e-01
1.650461901937128500e+15,5.654647884198406027e-01
1.650461901939053250e+15,5.649082324308711822e-01
1.650461901940978000e+15,5.647169134677831881e-01
1.650461901942902750e+15,5.654867536402577999e-01
1.650461901944827500e+15,5.662565938127324117e-01
1.650461901946752000e+15,5.670263339929778601e-01
1.650461901948676750e+15,5.677961741654524719e-01
1.650461901950601500e+15,5.685660143379269726e-01
1.650461901952526250e+15,5.693358545104015844e-01
1.650461901954451000e+15,5.701056946828761962e-01
1.650461901956375750e+15,5.706408530934597989e-01
1.650461901958300250e+15,5.706408530934596879e-01
1.650461901960225000e+15,5.706408530934594658e-01
1.650461901962149750e+15,5.706408530934593548e-01
1.650461901964074500e+15,5.706408530934591328e-01
1.650461901965999250e+15,5.706408530934590217e-01
1.650461901967924000e+15,5.706408530934587997e-01
1.650461901969848500e+15,5.706408530934586887e-01
1.650461901971773250e+15,5.706408530934584666e-01
1.650461901973698000e+15,5.706408530934583556e-01
1.650461901975622750e+15,5.708352304739560124e-01
1.650461901977547500e+15,5.716102234581368347e-01
1.650461901979472250e+15,5.723852164423176569e-01
1.650461901981396750e+15,5.731601087649860204e-01
1.650461901983321500e+15,5.739351017491667317e-01
1.650461901985246250e+15,5.747100947333475540e-01
1.650461901987171000e+15,5.754850877175283763e-01
1.650461901989095750e+15,5.762600807017090876e-01
1.650461901991020500e+15,5.767767762450004554e-01
1.650461901992945000e+15,5.767767762450004554e-01
1.650461901994869750e+15,5.767767762450004554e-01
1.650461901996794500e+15,5.767767762450004554e-01
1.650461901998719250e+15,5.767767762450004554e-01
1.650461902000644000e+15,5.767767762450004554e-01
1.650461902002568750e+15,5.767767762450004554e-01
1.650461902004493250e+15,5.767767762450005664e-01
1.650461902006418000e+15,5.767767762450004554e-01
1.650461902008342750e+15,5.767767762450004554e-01
1.650461902010267500e+15,5.767767762450004554e-01
1.650461902012192250e+15,5.767767762450004554e-01
1.650461902014117000e+15,5.767767762450004554e-01
1.650461902016041500e+15,5.767767762450004554e-01
1.650461902017966250e+15,5.767767762450004554e-01
1.650461902019891000e+15,5.767767762450004554e-01
1.650461902021815750e+15,5.767767762450003444e-01
1.650461902023740500e+15,5.767767762450004554e-01
1.650461902025665250e+15,5.767767762450004554e-01
1.650461902027590000e+15,5.767767762450004554e-01
1.650461902029514500e+15,5.767767762450004554e-01
1.650461902031439250e+15,5.767767762450004554e-01
1.650461902033364000e+15,5.767767762450004554e-01
1.650461902035288750e+15,5.767767762450004554e-01
1.650461902037213500e+15,5.767767762450004554e-01
1.650461902039138250e+15,5.767767762450004554e-01
1.650461902041062750e+15,5.767767762450004554e-01
1.650461902042987500e+15,5.767767762450004554e-01
1.650461902044912250e+15,5.767767762450004554e-01
1.650461902046837000e+15,5.767767762450004554e-01
1.650461902048761750e+15,5.767767762450004554e-01
1.650461902050686500e+15,5.767767762450004554e-01
1.650461902052611000e+15,5.767767762450004554e-01
1.650461902054535750e+15,5.767767762450004554e-01
1.650461902056460500e+15,5.767767762450004554e-01
1.650461902058385250e+15,5.767767762450006774e-01
1.650461902060310000e+15,5.767767762450007885e-01
1.650461902062234750e+15,5.767767762450008995e-01
1.650461902064159250e+15,5.767767762450010105e-01
1.650461902066084000e+15,5.767767762450011215e-01
1.650461902068008750e+15,5.767767762450012325e-01
1.650461902069933500e+15,5.767767762450013436e-01
1.650461902071858250e+15,5.770651292440373004e-01
1.650461902073783000e+15,5.775890918920376649e-01
1.650461902075707500e+15,5.781129864841025867e-01
1.650461902077632250e+15,5.786369491321029512e-01
1.650461902079557000e+15,5.791609117801034268e-01
1.650461902081481750e+15,5.796848744281037913e-01
1.650461902083406500e+15,5.802088370761042668e-01
1.650461902085331250e+15,5.807327997241046313e-01
1.650461902087255750e+15,5.812566943161695532e-01
1.650461902089180500e+15,5.817806569641699177e-01
1.650461902091105250e+15,5.823046196121703932e-01
1.650461902093030000e+15,5.828285822601707578e-01
1.650461902094954750e+15,5.814736809144895879e-01
1.650461902096879500e+15,5.797594610021692407e-01
1.650461902098804000e+15,5.780454637447275390e-01
1.650461902100728750e+15,5.763312438324070808e-01
1.650461902102653500e+15,5.746170239200866225e-01
1.650461902104578250e+15,5.729028040077660533e-01
1.650461902106503000e+15,5.711885840954455951e-01
1.650461902108427750e+15,5.713668592678764480e-01
1.650461902110352250e+15,5.724336268820544582e-01
1.650461902112277000e+15,5.735005330734752604e-01
1.650461902114201750e+15,5.745674392648959516e-01
1.650461902116126500e+15,5.756343454563167539e-01
1.650461902118051250e+15,5.767012516477374451e-01
1.650461902119976000e+15,5.777681578391582473e-01
1.650461902121900500e+15,5.788349254533362576e-01
1.650461902123825250e+15,5.799018316447570598e-01
1.650461902125750000e+15,5.809687378361777510e-01
1.650461902127674750e+15,5.820356440275985532e-01
1.650461902129599500e+15,5.829126993965427772e-01
1.650461902131524250e+15,5.829126993965427772e-01
1.650461902133448750e+15,5.829126993965427772e-01
1.650461902135373500e+15,5.829126993965427772e-01
1.650461902137298250e+15,5.829126993965427772e-01
1.650461902139223000e+15,5.829126993965427772e-01
1.650461902141147750e+15,5.829126993965427772e-01
1.650461902143072500e+15,5.829126993965427772e-01
1.650461902144997000e+15,5.829126993965427772e-01
1.650461902146921750e+15,5.829126993965427772e-01
1.650461902148846500e+15,5.829126993965427772e-01
1.650461902150771250e+15,5.829126993965426662e-01
1.650461902152696000e+15,5.829126993965427772e-01
1.650461902154620750e+15,5.829126993965427772e-01
1.650461902156545250e+15,5.829126993965427772e-01
1.650461902158470000e+15,5.829126993965427772e-01
1.650461902160394750e+15,5.829126993965427772e-01
1.650461902162319500e+15,5.829126993965427772e-01
1.650461902164244250e+15,5.823587538682368780e-01
1.650461902166169000e+15,5.818029312926565888e-01
1.650461902168093500e+15,5.812471809112023102e-01
1.650461902170018250e+15,5.806913583356220210e-01
1.650461902171943000e+15,5.801355357600417317e-01
1.650461902173867750e+15,5.795797131844614425e-01
1.650461902175792500e+15,5.790238906088812643e-01
1.650461902177717250e+15,5.784680680333009750e-01
1.650461902179641750e+15,5.779123176518466964e-01
1.650461902181566500e+15,5.773564950762664072e-01
1.650461902183491250e+15,5.768006725006861179e-01
1.650461902185416000e+15,5.778194303451065217e-01
1.650461902187340750e+15,5.789089246334762073e-01
1.650461902189265500e+15,5.799984189218461150e-01
1.650461902191190000e+15,5.810877716990732189e-01
1.650461902193114750e+15,5.821772659874431266e-01
1.650461902195039500e+15,5.829126993965427772e-01
1.650461902196964250e+15,5.829126993965427772e-01
1.650461902198889000e+15,5.829126993965427772e-01
1.650461902200813750e+15,5.829126993965427772e-01
1.650461902202738250e+15,5.829126993965427772e-01
1.650461902204663000e+15,5.829126993965427772e-01
1.650461902206587750e+15,5.830948369141256693e-01
1.650461902208512500e+15,5.836774196926347580e-01
1.650461902210437250e+15,5.842600024711439577e-01
1.650461902212362000e+15,5.848425852496530464e-01
1.650461902214286500e+15,5.854250923582337007e-01
1.650461902216211250e+15,5.860076751367429004e-01
1.650461902218136000e+15,5.865902579152518781e-01
1.650461902220060750e+15,5.871728406937609668e-01
1.650461902221985500e+15,5.877554234722700555e-01
1.650461902223910250e+15,5.883380062507791441e-01
1.650461902225834750e+15,5.889205133593599095e-01
1.650461902227759500e+15,5.895973473016336008e-01
1.650461902229684250e+15,5.903007492126475242e-01
1.650461902231609000e+15,5.910041511236615586e-01
1.650461902233533750e+15,5.917075530346754819e-01
1.650461902235458500e+15,5.924109549456895163e-01
1.650461902237383000e+15,5.931142654939405290e-01
1.650461902239307750e+15,5.938176674049545634e-01
1.650461902241232500e+15,5.945210693159684867e-01
1.650461902243157250e+15,5.952387591734887851e-01
1.650461902245082000e+15,5.961938839681459879e-01
1.650461902247006750e+15,5.971490087628031906e-01
1.650461902248931250e+15,5.981040094991678657e-01
1.650461902250856000e+15,5.990591342938249575e-01
1.650461902252780750e+15,6.000142590884821603e-01
1.650461902254705500e+15,6.009693838831393631e-01
1.650461902256630250e+15,6.004202154363321720e-01
1.650461902258555000e+15,5.989967093692039057e-01
1.650461902260479500e+15,5.975733881970055617e-01
1.650461902262404250e+15,5.961498821298772954e-01
1.650461902264329000e+15,5.947263760627490292e-01
1.650461902266253750e+15,5.933028699956206520e-01
1.650461902268178500e+15,5.918793639284922747e-01
1.650461902270103250e+15,5.904558578613640085e-01
1.650461902272027750e+15,5.890652495123369636e-01
1.650461902273952500e+15,5.905366402911235157e-01
1.650461902275877250e+15,5.920080310699100679e-01
1.650461902277802000e+15,5.934794218486966200e-01
1.650461902279726750e+15,5.949508126274831721e-01
1.650461902281651500e+15,5.964222034062697242e-01
1.650461902283576000e+15,5.978934030705246316e-01
1.650461902285500750e+15,5.993647938493111837e-01
1.650461902287425500e+15,6.008361846280977359e-01
1.650461902289350250e+15,6.009558572188919978e-01
1.650461902291275000e+15,6.004123635195853792e-01
1.650461902293199750e+15,5.998688698202785385e-01
1.650461902295124250e+15,5.993254467137369979e-01
1.650461902297049000e+15,5.987819530144302682e-01
1.650461902298973750e+15,5.982384593151233165e-01
1.650461902300898500e+15,5.976949656158165869e-01
1.650461902302823250e+15,5.971514719165098573e-01
1.650461902304748000e+15,5.966079782172031276e-01
1.650461902306672500e+15,5.960645551106614759e-01
1.650461902308597250e+15,5.955210614113547463e-01
1.650461902310522000e+15,5.951845456996267547e-01
1.650461902312446750e+15,5.951845456996270878e-01
1.650461902314371500e+15,5.951845456996274208e-01
1.650461902316296250e+15,5.951845456996277539e-01
1.650461902318220750e+15,5.951845456996280870e-01
1.650461902320145500e+15,5.951845456996285311e-01
1.650461902322070250e+15,5.951845456996288641e-01
1.650461902323995000e+15,5.951845456996291972e-01
1.650461902325919750e+15,5.951845456996291972e-01
1.650461902327844500e+15,5.951845456996291972e-01
1.650461902329769000e+15,5.951845456996291972e-01
1.650461902331693750e+15,5.951845456996291972e-01
1.650461902333618500e+15,5.951845456996291972e-01
1.650461902335543250e+15,5.951845456996291972e-01
1.650461902337468000e+15,5.951845456996291972e-01
1.650461902339392750e+15,5.951845456996291972e-01
1.650461902341317250e+15,5.951845456996291972e-01
1.650461902343242000e+15,5.951845456996290862e-01
1.650461902345166750e+15,5.958470938267494965e-01
1.650461902347091500e+15,5.967713478638393410e-01
1.650461902349016250e+15,5.976956019009291854e-01
1.650461902350941000e+15,5.986198559380191409e-01
1.650461902352865500e+15,5.995439899265264660e-01
1.650461902354790250e+15,6.004682439636163105e-01
1.650461902356715000e+15,6.012494731343627219e-01
1.650461902358639750e+15,6.003384797614886859e-01
1.650461902360564500e+15,5.994274863886145388e-01
1.650461902362489250e+15,5.985164930157405028e-01
1.650461902364413750e+15,5.976056179690610870e-01
1.650461902366338500e+15,5.966946245961869399e-01
1.650461902368263250e+15,5.957836312233129039e-01
1.650461902370188000e+15,5.953747420005139901e-01
1.650461902372112750e+15,5.959302508474535465e-01
1.650461902374037500e+15,5.964857596943932139e-01
1.650461902375962250e+15,5.970412685413328813e-01
1.650461902377886750e+15,5.975967052348958308e-01
1.650461902379811500e+15,5.981522140818353872e-01
1.650461902381736250e+15,5.987077229287749436e-01
1.650461902383661000e+15,5.992632317757147220e-01
1.650461902385585750e+15,5.998187406226542784e-01
1.650461902387510500e+15,6.003742494695938348e-01
1.650461902389435000e+15,6.009296861631568953e-01
1.650461902391359750e+15,6.015449322621920780e-01
1.650461902393284500e+15,6.023018940674689237e-01
1.650461902395209250e+15,6.030588558727457693e-01
1.650461902397134000e+15,6.038158176780226150e-01
1.650461902399058750e+15,6.045727794832993496e-01
1.650461902400983250e+15,6.053296429690795399e-01
1.650461902402908000e+15,6.060866047743563856e-01
1.650461902404832750e+15,6.068435665796333423e-01
1.650461902406757500e+15,6.068099948095424523e-01
1.650461902408682250e+15,6.034153072309482724e-01
1.650461902410607000e+15,6.000206196523539814e-01
1.650461902412531500e+15,5.966263729995395781e-01
1.650461902414456250e+15,5.960256476382923552e-01
1.650461902416381000e+15,5.974877482988840693e-01
1.650461902418305750e+15,5.989498489594757835e-01
1.650461902420230500e+15,6.004119496200674977e-01
1.650461902422155250e+15,6.018740502806591008e-01
1.650461902424079750e+15,6.033359610333848266e-01
1.650461902426004500e+15,6.047980616939764298e-01
1.650461902427929250e+15,6.062601623545681440e-01
1.650461902429854000e+15,6.072391801990274507e-01
1.650461902431778750e+15,6.060446704300452847e-01
1.650461902433703500e+15,6.048501606610632297e-01
1.650461902435628000e+15,6.036558060433695472e-01
1.650461902437552750e+15,6.024612962743873812e-01
1.650461902439477500e+15,6.013204688511732954e-01
1.650461902441402250e+15,6.013204688511729623e-01
1.650461902443327000e+15,6.013204688511726292e-01
1.650461902445251750e+15,6.013204688511722962e-01
1.650461902447176250e+15,6.013204688511719631e-01
1.650461902449101000e+15,6.013204688511716300e-01
1.650461902451025750e+15,6.013204688511712970e-01
1.650461902452950500e+15,6.013204688511710749e-01
1.650461902454875250e+15,6.013204688511706308e-01
1.650461902456800000e+15,6.013204688511702978e-01
1.650461902458724500e+15,6.013204688511700757e-01
1.650461902460649250e+15,6.013611612067677470e-01
1.650461902462574000e+15,6.025258097039751792e-01
1.650461902464498750e+15,6.036904582011826115e-01
1.650461902466423500e+15,6.048551066983900437e-01
1.650461902468348250e+15,6.060197551955974760e-01
1.650461902470272750e+15,6.071842524201074287e-01
1.650461902472197500e+15,6.083489009173148609e-01
1.650461902474122250e+15,6.095135494145222932e-01
1.650461902476047000e+15,6.106781979117297254e-01
1.650461902477971750e+15,6.118428464089372687e-01
1.650461902479896500e+15,6.130074949061445899e-01
1.650461902481821000e+15,6.131593453623960244e-01
1.650461902483745750e+15,6.122894512007247547e-01
1.650461902485670500e+15,6.114195570390533740e-01
1.650461902487595250e+15,6.105496628773822154e-01
1.650461902489520000e+15,6.096797687157109458e-01
1.650461902491444750e+15,6.088098745540396761e-01
1.650461902493369250e+15,6.079400933803098539e-01
1.650461902495294000e+15,6.070701992186384732e-01
1.650461902497218750e+15,6.062003050569673146e-01
1.650461902499143500e+15,6.053304108952960449e-01
1.650461902501068250e+15,6.044605167336246643e-01
1.650461902502993000e+15,6.035906225719533946e-01
1.650461902504917500e+15,6.027208413982236834e-01
1.650461902506842250e+15,6.018509472365524138e-01
1.650461902508767000e+15,6.019191538306190026e-01
1.650461902510691750e+15,6.034535332103682093e-01
1.650461902512616500e+15,6.049879125901174159e-01
1.650461902514541250e+15,6.065222919698665116e-01
1.650461902516465750e+15,6.077758784903884992e-01
1.650461902518390500e+15,6.085927919638567385e-01
1.650461902520315250e+15,6.094097054373249778e-01
1.650461902522240000e+15,6.102266189107933281e-01
1.650461902524164750e+15,6.110435323842615674e-01
1.650461902526089500e+15,6.118604458577299177e-01
1.650461902528014000e+15,6.126772532247592995e-01
1.650461902529938750e+15,6.134941666982275388e-01
1.650461902531863500e+15,6.135923151542554965e-01
1.650461902533788250e+15,6.135923151542556075e-01
1.650461902535713000e+15,6.135923151542557186e-01
1.650461902537637750e+15,6.135923151542559406e-01
1.650461902539562250e+15,6.135923151542560516e-01
1.650461902541487000e+15,6.135923151542561627e-01
1.650461902543411750e+15,6.135923151542563847e-01
1.650461902545336500e+15,6.135923151542564957e-01
1.650461902547261250e+15,6.135923151542566067e-01
1.650461902549186000e+15,6.135923151542568288e-01
1.650461902551110500e+15,6.135923151542569398e-01
1.650461902553035250e+15,6.135923151542570508e-01
1.650461902554960000e+15,6.135923151542570508e-01
1.650461902556884750e+15,6.135923151542570508e-01
1.650461902558809500e+15,6.135923151542570508e-01
1.650461902560734250e+15,6.135923151542570508e-01
1.650461902562658750e+15,6.135923151542570508e-01
1.650461902564583500e+15,6.135923151542568288e-01
1.650461902566508250e+15,6.135923151542564957e-01
1.650461902568433000e+15,6.135923151542562737e-01
1.650461902570357750e+15,6.135923151542560516e-01
1.650461902572282500e+15,6.135923151542558296e-01
1.650461902574207000e+15,6.135923151542556075e-01
1.650461902576131750e+15,6.135923151542553855e-01
1.650461902578056500e+15,6.135923151542552745e-01
1.650461902579981250e+15,6.135923151542552745e-01
1.650461902581906000e+15,6.135923151542552745e-01
1.650461902583830750e+15,6.135923151542552745e-01
1.650461902585755250e+15,6.135923151542552745e-01
1.650461902587680000e+15,6.135923151542552745e-01
1.650461902589604750e+15,6.131322970013931561e-01
1.650461902591529500e+15,6.120025745902655245e-01
1.650461902593454250e+15,6.108728521791377819e-01
1.650461902595379000e+15,6.097431297680099282e-01
1.650461902597303500e+15,6.086135540931351118e-01
1.650461902599228250e+15,6.074838316820073691e-01
1.650461902601153000e+15,6.074563920027138408e-01
1.650461902603077750e+15,6.074563920027138408e-01
1.650461902605002500e+15,6.074563920027138408e-01
1.650461902606927250e+15,6.074563920027138408e-01
1.650461902608851750e+15,6.074563920027138408e-01
1.650461902610776500e+15,6.074563920027138408e-01
1.650461902612701250e+15,6.074563920027138408e-01
1.650461902614626000e+15,6.074563920027138408e-01
1.650461902616550750e+15,6.074563920027138408e-01
1.650461902618475500e+15,6.074563920027138408e-01
1.650461902620400000e+15,6.074563920027138408e-01
1.650461902622324750e+15,6.074563920027139519e-01
1.650461902624249500e+15,6.074563920027138408e-01
1.650461902626174250e+15,6.074563920027138408e-01
1.650461902628099000e+15,6.074563920027138408e-01
1.650461902630023750e+15,6.074563920027138408e-01
1.650461902631948250e+15,6.074563920027138408e-01
1.650461902633873000e+15,6.074563920027138408e-01
1.650461902635797750e+15,6.074563920027138408e-01
1.650461902637722500e+15,6.074563920027138408e-01
1.650461902639647250e+15,6.074563920027138408e-01
1.650461902641572000e+15,6.074563920027139519e-01
1.650461902643496500e+15,6.074563920027138408e-01
1.650461902645421250e+15,6.079982844365499073e-01
1.650461902647346000e+15,6.090441680785914080e-01
1.650461902649270750e+15,6.100900517206329088e-01
1.650461902651195500e+15,6.111359353626744095e-01
1.650461902653120250e+15,6.121818190047159103e-01
1.650461902655044750e+15,6.132275668000706226e-01
1.650461902656969500e+15,6.127952396922684564e-01
1.650461902658894250e+15,6.115713298434751755e-01
1.650461902660819000e+15,6.103474199946818946e-01
1.650461902662743750e+15,6.091235101458885026e-01
1.650461902664668500e+15,6.078996002970952217e-01
1.650461902666593000e+15,6.066758494182783457e-01
1.650461902668517750e+15,6.054519395694850648e-01
1.650461902670442500e+15,6.042280297206917838e-01
1.650461902672367250e+15,6.030041198718985029e-01
1.650461902674292000e+15,6.017802100231050000e-01
1.650461902676216750e+15,6.013204688511722962e-01
1.650461902678141250e+15,6.013204688511722962e-01
1.650461902680066000e+15,6.013204688511724072e-01
1.650461902681990750e+15,6.013204688511724072e-01
1.650461902683915500e+15,6.013204688511724072e-01
1.650461902685840250e+15,6.013204688511724072e-01
1.650461902687765000e+15,6.013204688511724072e-01
1.650461902689689500e+15,6.013204688511724072e-01
1.650461902691614250e+15,6.013204688511724072e-01
1.650461902693539000e+15,6.013204688511724072e-01
1.650461902695463750e+15,6.013204688511724072e-01
1.650461902697388500e+15,6.013204688511722962e-01
1.650461902699313250e+15,6.013204688511722962e-01
1.650461902701237750e+15,6.012750470014421866e-01
1.650461902703162500e+15,6.006752136891391203e-01
1.650461902705087250e+15,6.000753803768359429e-01
1.650461902707012000e+15,5.994755470645328765e-01
1.650461902708936750e+15,5.988757137522295881e-01
1.650461902710861500e+15,5.982758804399266328e-01
1.650461902712786000e+15,5.976761250381719126e-01
1.650461902714710750e+15,5.970762917258687352e-01
1.650461902716635500e+15,5.964764584135655578e-01
1.650461902718560250e+15,5.958766251012624915e-01
1.650461902720485000e+15,5.952767917889594251e-01
1.650461902722409750e+15,5.963061938290410424e-01
1.650461902724334250e+15,5.976315119104266271e-01
1.650461902726259000e+15,5.989570021557614199e-01
1.650461902728183750e+15,6.002824924010961016e-01
1.650461902730108500e+15,6.016079826464308944e-01
1.650461902732033250e+15,6.029334728917656872e-01
1.650461902733958000e+15,6.042589631371004799e-01
1.650461902735882750e+15,6.055844533824352727e-01
1.650461902737807250e+15,6.069097714638207464e-01
1.650461902739732000e+15,6.074563920027138408e-01
1.650461902741656750e+15,6.074563920027138408e-01
1.650461902743581500e+15,6.074563920027138408e-01
1.650461902745506250e+15,6.074563920027138408e-01
1.650461902747431000e+15,6.074484644534223765e-01
1.650461902749355500e+15,6.068834063567077886e-01
1.650461902751280250e+15,6.063182748567588209e-01
1.650461902753205000e+15,6.057531433568098533e-01
1.650461902755129750e+15,6.051880118568608857e-01
1.650461902757054500e+15,6.046228803569120291e-01
1.650461902758979250e+15,6.040577488569629505e-01
1.650461902760903750e+15,6.034926907602482515e-01
1.650461902762828500e+15,6.029275592602993949e-01
1.650461902764753250e+15,6.023624277603504273e-01
1.650461902766678000e+15,6.017972962604014597e-01
1.650461902768602750e+15,6.013204688511706308e-01
1.650461902770527500e+15,6.013204688511706308e-01
1.650461902772452000e+15,6.013204688511706308e-01
1.650461902774376750e+15,6.013204688511706308e-01
1.650461902776301500e+15,6.013204688511706308e-01
1.650461902778226250e+15,6.013204688511705198e-01
1.650461902780151000e+15,6.013204688511706308e-01
1.650461902782075750e+15,6.013204688511706308e-01
1.650461902784000250e+15,6.013204688511706308e-01
1.650461902785925000e+15,6.013204688511706308e-01
1.650461902787849750e+15,6.013204688511706308e-01
1.650461902789774500e+15,6.013204688511706308e-01
1.650461902791699250e+15,6.013204688511706308e-01
1.650461902793624000e+15,6.013204688511707419e-01
1.650461902795548500e+15,6.013204688511706308e-01
1.650461902797473250e+15,6.013204688511706308e-01
1.650461902799398000e+15,6.013204688511706308e-01
1.650461902801322750e+15,6.013204688511706308e-01
1.650461902803247500e+15,6.013204688511706308e-01
1.650461902805172250e+15,6.012763302119160658e-01
1.650461902807096750e+15,6.007184004172010372e-01
1.650461902809021500e+15,6.001603981452459102e-01
1.650461902810946250e+15,5.996023958732906722e-01
1.650461902812871000e+15,5.990443936013355453e-01
1.650461902814795750e+15,5.984863913293804183e-01
1.650461902816720500e+15,5.979283890574251803e-01
1.650461902818645000e+15,5.973704592627102627e-01
1.650461902820569750e+15,5.968124569907550248e-01
1.650461902822494500e+15,5.962544547187998978e-01
1.650461902824419250e+15,5.956964524468447708e-01
1.650461902826344000e+15,5.952466588836288208e-01
1.650461902828268750e+15,5.959985604616468979e-01
1.650461902830193250e+15,5.967503643774260125e-01
1.650461902832118000e+15,5.975022659554442006e-01
1.650461902834042750e+15,5.982541675334623887e-01
1.650461902835967500e+15,5.990060691114804658e-01
1.650461902837892250e+15,5.997579706894986540e-01
1.650461902839817000e+15,6.005098722675168421e-01
1.650461902841741500e+15,6.012616761832959567e-01
1.650461902843666250e+15,6.013204688511706308e-01
1.650461902845591000e+15,6.013204688511706308e-01
1.650461902847515750e+15,6.013204688511706308e-01
1.650461902849440500e+15,6.013204688511706308e-01
1.650461902851365250e+15,6.013204688511706308e-01
1.650461902853289750e+15,6.013204688511706308e-01
1.650461902855214500e+15,6.013790446105400367e-01
1.650461902857139250e+15,6.019557386915954655e-01
1.650461902859064000e+15,6.025324327726507834e-01
1.650461902860988750e+15,6.031091268537061012e-01
1.650461902862913500e+15,6.036858209347615301e-01
1.650461902864838000e+15,6.042624401107536958e-01
1.650461902866762750e+15,6.048391341918091246e-01
1.650461902868687500e+15,6.054158282728644425e-01
1.650461902870612250e+15,6.059925223539198713e-01
1.650461902872537000e+15,6.065692164349751891e-01
1.650461902874461750e+15,6.071459105160306180e-01
1.650461902876386250e+15,6.070347920228755800e-01
1.650461902878311000e+15,6.061212265163251622e-01
1.650461902880235750e+15,6.052076610097745224e-01
1.650461902882160500e+15,6.042940955032241046e-01
1.650461902884085250e+15,6.033805299966734648e-01
1.650461902886010000e+15,6.024669644901230470e-01
1.650461902887934500e+15,6.015535176438537857e-01
1.650461902889859250e+15,6.006399521373033679e-01
1.650461902891784000e+15,5.997263866307528390e-01
1.650461902893708750e+15,5.988128211242023102e-01
1.650461902895633500e+15,5.978992556176517814e-01
1.650461902897558250e+15,5.969856901111012526e-01
1.650461902899482750e+15,5.960722432648321023e-01
1.650461902901407500e+15,5.952048497562014706e-01
1.650461902903332250e+15,5.959219182495791856e-01
1.650461902905257000e+15,5.966389867429569005e-01
1.650461902907181750e+15,5.973560552363346154e-01
1.650461902909106500e+15,5.980731237297123304e-01
1.650461902911031000e+15,5.987900990852158545e-01
1.650461902912955750e+15,5.995071675785936804e-01
1.650461902914880500e+15,6.002242360719712844e-01
1.650461902916805250e+15,6.009413045653489993e-01
1.650461902918730000e+15,6.010352891279604481e-01
1.650461902920654750e+15,6.004301075709055358e-01
1.650461902922579250e+15,5.998250046190664042e-01
1.650461902924504000e+15,5.992198230620113808e-01
1.650461902926428750e+15,5.986146415049564684e-01
1.650461902928353500e+15,5.980094599479015560e-01
1.650461902930278250e+15,5.974042783908465326e-01
1.650461902932203000e+15,5.967990968337915092e-01
1.650461902934127500e+15,5.961939938819523777e-01
1.650461902936052250e+15,5.955888123248974653e-01
1.650461902937977000e+15,5.951845456996300854e-01
1.650461902939901750e+15,5.951845456996297523e-01
1.650461902941826500e+15,5.951845456996296413e-01
1.650461902943751250e+15,5.951845456996293082e-01
1.650461902945675750e+15,5.951845456996290862e-01
1.650461902947600500e+15,5.951845456996287531e-01
1.650461902949525250e+15,5.951845456996285311e-01
1.650461902951450000e+15,5.951845456996283090e-01
1.650461902953374750e+15,5.951845456996283090e-01
1.650461902955299500e+15,5.951845456996283090e-01
1.650461902957224000e+15,5.951845456996283090e-01
1.650461902959148750e+15,5.951845456996283090e-01
1.650461902961073500e+15,5.951845456996283090e-01
1.650461902962998250e+15,5.951845456996283090e-01
1.650461902964923000e+15,5.951845456996283090e-01
1.650461902966847750e+15,5.951845456996283090e-01
1.650461902968772250e+15,5.951845456996283090e-01
1.650461902970697000e+15,5.951845456996283090e-01
1.650461902972621750e+15,5.951845456996283090e-01
1.650461902974546500e+15,5.951845456996284200e-01
1.650461902976471250e+15,5.948814184389298321e-01
1.650461902978396000e+15,5.943563842926716800e-01
1.650461902980320500e+15,5.938314183415227543e-01
1.650461902982245250e+15,5.933063841952646023e-01
1.650461902984170000e+15,5.927813500490064502e-01
1.650461902986094750e+15,5.922563159027482982e-01
1.650461902988019500e+15,5.917312817564901462e-01
1.650461902989944250e+15,5.912062476102319941e-01
1.650461902991868750e+15,5.906812816590830684e-01
1.650461902993793500e+15,5.901562475128249163e-01
1.650461902995718250e+15,5.896312133665667643e-01
1.650461902997643000e+15,5.891061792203085012e-01
1.650461902999567750e+15,5.894899470245605899e-01
1.650461903001492500e+15,5.899856081688898968e-01
1.650461903003417000e+15,5.904812049332809343e-01
1.650461903005341750e+15,5.909768660776102411e-01
1.650461903007266500e+15,5.914725272219396590e-01
1.650461903009191250e+15,5.919681883662688548e-01
1.650461903011116000e+15,5.924638495105982727e-01
1.650461903013040750e+15,5.929595106549275796e-01
1.650461903014965250e+15,5.934551074193186171e-01
1.650461903016890000e+15,5.939507685636479239e-01
1.650461903018814750e+15,5.944464297079772308e-01
1.650461903020739500e+15,5.949420908523065377e-01
1.650461903022664250e+15,5.951845456996300854e-01
1.650461903024589000e+15,5.951845456996300854e-01
1.650461903026513500e+15,5.951845456996300854e-01
1.650461903028438250e+15,5.951845456996300854e-01
1.650461903030363000e+15,5.951222219336409491e-01
1.650461903032287750e+15,5.941701769448516357e-01
1.650461903034212500e+15,5.932181319560622113e-01
1.650461903036137250e+15,5.922660869672727868e-01
1.650461903038061750e+15,5.913141656367491006e-01
1.650461903039986500e+15,5.903621206479597872e-01
1.650461903041911250e+15,5.894100756591703627e-01
1.650461903043836000e+15,5.894136413435101529e-01
1.650461903045760750e+15,5.900020583673718511e-01
1.650461903047685500e+15,5.905904753912336602e-01
1.650461903049610000e+15,5.911788159873744286e-01
1.650461903051534750e+15,5.917672330112362378e-01
1.650461903053459500e+15,5.923556500350979359e-01
1.650461903055384250e+15,5.929440670589596341e-01
1.650461903057309000e+15,5.935324840828214432e-01
1.650461903059233750e+15,5.941209011066832524e-01
1.650461903061158250e+15,5.947092417028240208e-01
1.650461903063083000e+15,5.951845456996283090e-01
1.650461903065007750e+15,5.951845456996281980e-01
1.650461903066932500e+15,5.951845456996283090e-01
1.650461903068857250e+15,5.951845456996283090e-01
1.650461903070782000e+15,5.951845456996283090e-01
1.650461903072706500e+15,5.951845456996283090e-01
1.650461903074631250e+15,5.951845456996281980e-01
1.650461903076556000e+15,5.951845456996283090e-01
1.650461903078480750e+15,5.951845456996283090e-01
1.650461903080405500e+15,5.951845456996283090e-01
1.650461903082330250e+15,5.951845456996283090e-01
1.650461903084255000e+15,5.951845456996283090e-01
1.650461903086179500e+15,5.951845456996283090e-01
1.650461903088104250e+15,5.951845456996284200e-01
1.650461903090029000e+15,5.951845456996284200e-01
1.650461903091953750e+15,5.941513979231750620e-01
1.650461903093878500e+15,5.930446489693816936e-01
1.650461903095803250e+15,5.919379000155882142e-01
1.650461903097727750e+15,5.908312948140943544e-01
1.650461903099652500e+15,5.897245458603009860e-01
1.650461903101577250e+15,5.890486225480868754e-01
1.650461903103502000e+15,5.890486225480868754e-01
1.650461903105426750e+15,5.890486225480868754e-01
1.650461903107351500e+15,5.890486225480868754e-01
1.650461903109276000e+15,5.890486225480868754e-01
1.650461903111200750e+15,5.890486225480868754e-01
1.650461903113125500e+15,5.890486225480868754e-01
1.650461903115050250e+15,5.890486225480868754e-01
1.650461903116975000e+15,5.890486225480868754e-01
1.650461903118899750e+15,5.890486225480868754e-01
1.650461903120824250e+15,5.890486225480869864e-01
1.650461903122749000e+15,5.890486225480867644e-01
1.650461903124673750e+15,5.890486225480864313e-01
1.650461903126598500e+15,5.890486225480860982e-01
1.650461903128523250e+15,5.890486225480856541e-01
1.650461903130448000e+15,5.890486225480854321e-01
1.650461903132372500e+15,5.890486225480850990e-01
1.650461903134297250e+15,5.890486225480854321e-01
1.650461903136222000e+15,5.890486225480856541e-01
1.650461903138146750e+15,5.890486225480859872e-01
1.650461903140071500e+15,5.890486225480862092e-01
1.650461903141996250e+15,5.890486225480864313e-01
1.650461903143920750e+15,5.890486225480866533e-01
1.650461903145845500e+15,5.890486225480868754e-01
1.650461903147770250e+15,5.890486225480868754e-01
1.650461903149695000e+15,5.890486225480868754e-01
1.650461903151619750e+15,5.890486225480868754e-01
1.650461903153544500e+15,5.890486225480868754e-01
1.650461903155469000e+15,5.890486225480868754e-01
1.650461903157393750e+15,5.890486225480868754e-01
1.650461903159318500e+15,5.890486225480867644e-01
1.650461903161243250e+15,5.890486225480866533e-01
1.650461903163168000e+15,5.890486225480864313e-01
1.650461903165092750e+15,5.890486225480864313e-01
1.650461903167017250e+15,5.890486225480862092e-01
1.650461903168942000e+15,5.890486225480859872e-01
1.650461903170866750e+15,5.890486225480859872e-01
1.650461903172791500e+15,5.890486225480859872e-01
1.650461903174716250e+15,5.890486225480859872e-01
1.650461903176641000e+15,5.890486225480859872e-01
1.650461903178565500e+15,5.890486225480859872e-01
1.650461903180490250e+15,5.890486225480859872e-01
1.650461903182415000e+15,5.890486225480859872e-01
1.650461903184339750e+15,5.890486225480859872e-01
1.650461903186264500e+15,5.890486225480859872e-01
1.650461903188189250e+15,5.890486225480859872e-01
1.650461903190113750e+15,5.890486225480859872e-01
1.650461903192038500e+15,5.890486225480858762e-01
1.650461903193963250e+15,5.890486225480859872e-01
1.650461903195888000e+15,5.890486225480859872e-01
1.650461903197812750e+15,5.890486225480859872e-01
1.650461903199737500e+15,5.890486225480858762e-01
1.650461903201662000e+15,5.890486225480859872e-01
1.650461903203586750e+15,5.890486225480858762e-01
1.650461903205511500e+15,5.890486225480859872e-01
1.650461903207436250e+15,5.890486225480859872e-01
1.650461903209361000e+15,5.890486225480859872e-01
1.650461903211285750e+15,5.890486225480859872e-01
1.650461903213210250e+15,5.890486225480859872e-01
1.650461903215135000e+15,5.890486225480859872e-01
1.650461903217059750e+15,5.890486225480859872e-01
1.650461903218984500e+15,5.890486225480859872e-01
1.650461903220909250e+15,5.890486225480859872e-01
1.650461903222834000e+15,5.890486225480858762e-01
1.650461903224758500e+15,5.890486225480859872e-01
1.650461903226683250e+15,5.890486225480859872e-01
1.650461903228608000e+15,5.890486225480859872e-01
1.650461903230532750e+15,5.890486225480859872e-01
1.650461903232457500e+15,5.890486225480859872e-01
1.650461903234382250e+15,5.890486225480859872e-01
1.650461903236306750e+15,5.890486225480859872e-01
1.650461903238231500e+15,5.890486225480859872e-01
1.650461903240156250e+15,5.890486225480860982e-01
1.650461903242081000e+15,5.890486225480860982e-01
1.650461903244005750e+15,5.890486225480859872e-01
1.650461903245930500e+15,5.890486225480859872e-01
1.650461903247855000e+15,5.890486225480859872e-01
1.650461903249779750e+15,5.890486225480859872e-01
1.650461903251704500e+15,5.890486225480859872e-01
1.650461903253629250e+15,5.890486225480859872e-01
1.650461903255554000e+15,5.890486225480859872e-01
1.650461903257478750e+15,5.890486225480860982e-01
1.650461903259403250e+15,5.890486225480859872e-01
1.650461903261328000e+15,5.890486225480859872e-01
1.650461903263252750e+15,5.890486225480859872e-01
1.650461903265177500e+15,5.890486225480859872e-01
1.650461903267102250e+15,5.890486225480859872e-01
1.650461903269027000e+15,5.890486225480859872e-01
1.650461903270951500e+15,5.890486225480859872e-01
1.650461903272876250e+15,5.890486225480859872e-01
1.650461903274801000e+15,5.890486225480859872e-01
1.650461903276725750e+15,5.890486225480859872e-01
1.650461903278650500e+15,5.890486225480859872e-01
1.650461903280575250e+15,5.890486225480859872e-01
1.650461903282499750e+15,5.890486225480859872e-01
1.650461903284424500e+15,5.890486225480859872e-01
1.650461903286349250e+15,5.890486225480859872e-01
1.650461903288274000e+15,5.890486225480859872e-01
1.650461903290198750e+15,5.890486225480859872e-01
1.650461903292123500e+15,5.890486225480859872e-01
1.650461903294048000e+15,5.890486225480859872e-01
1.650461903295972750e+15,5.890486225480859872e-01
1.650461903297897500e+15,5.890486225480859872e-01
1.650461903299822250e+15,5.890486225480859872e-01
1.650461903301747000e+15,5.890486225480859872e-01
1.650461903303671750e+15,5.890486225480859872e-01
1.650461903305596250e+15,5.890486225480859872e-01
1.650461903307521000e+15,5.890486225480860982e-01
1.650461903309445750e+15,5.890486225480859872e-01
1.650461903311370500e+15,5.890486225480859872e-01
1.650461903313295250e+15,5.890486225480859872e-01
1.650461903315220000e+15,5.890486225480859872e-01
1.650461903317144500e+15,5.890486225480859872e-01
1.650461903319069250e+15,5.890486225480859872e-01
1.650461903320994000e+15,5.890486225480859872e-01
1.650461903322918750e+15,5.890486225480859872e-01
1.650461903324843500e+15,5.890486225480859872e-01
1.650461903326768250e+15,5.890486225480859872e-01
1.650461903328692750e+15,5.890486225480859872e-01
1.650461903330617500e+15,5.890486225480859872e-01
1.650461903332542250e+15,5.890486225480859872e-01
1.650461903334467000e+15,5.890486225480859872e-01
1.650461903336391750e+15,5.890486225480859872e-01
1.650461903338316500e+15,5.890486225480862092e-01
1.650461903340241000e+15,5.890486225480864313e-01
1.650461903342165750e+15,5.890486225480865423e-01
1.650461903344090500e+15,5.890486225480867644e-01
1.650461903346015250e+15,5.890486225480868754e-01
1.650461903347940000e+15,5.890486225480868754e-01
1.650461903349864750e+15,5.890486225480868754e-01
1.650461903351789250e+15,5.890486225480868754e-01
1.650461903353714000e+15,5.890486225480868754e-01
1.650461903355638750e+15,5.890486225480868754e-01
1.650461903357563500e+15,5.891023205151872943e-01
1.650461903359488250e+15,5.911489573899696426e-01
1.650461903361413000e+15,5.931955942647521018e-01
1.650461903363337500e+15,5.952419653080142092e-01
1.650461903365262250e+15,5.972886021827966685e-01
1.650461903367187000e+15,5.993352390575790167e-01
1.650461903369111750e+15,6.012459003406501745e-01
1.650461903371036500e+15,5.987606061306474103e-01
1.650461903372961250e+15,5.962753119206447572e-01
1.650461903374885750e+15,5.937903405180469107e-01
1.650461903376810500e+15,5.913050463080442576e-01
1.650461903378735250e+15,5.891024690862883828e-01
1.650461903380660000e+15,5.896871862902653971e-01
1.650461903382584750e+15,5.902719034942425225e-01
1.650461903384509500e+15,5.908566206982195368e-01
1.650461903386434000e+15,5.914412619550342143e-01
1.650461903388358750e+15,5.920259791590112286e-01
1.650461903390283500e+15,5.926106963629883539e-01
1.650461903392208250e+15,5.931954135669654793e-01
1.650461903394133000e+15,5.937801307709426046e-01
1.650461903396057750e+15,5.943648479749197300e-01
1.650461903397982250e+15,5.949494892317341854e-01
1.650461903399907000e+15,5.951845456996274208e-01
1.650461903401831750e+15,5.951845456996274208e-01
1.650461903403756500e+15,5.951845456996274208e-01
1.650461903405681250e+15,5.951845456996274208e-01
1.650461903407606000e+15,5.951845456996274208e-01
1.650461903409530500e+15,5.951845456996274208e-01
1.650461903411455250e+15,5.951845456996273098e-01
1.650461903413380000e+15,5.951845456996274208e-01
1.650461903415304750e+15,5.951845456996274208e-01
1.650461903417229500e+15,5.951845456996274208e-01
1.650461903419154250e+15,5.951845456996273098e-01
1.650461903421078750e+15,5.951845456996274208e-01
1.650461903423003500e+15,5.951845456996274208e-01
1.650461903424928250e+15,5.951845456996273098e-01
1.650461903426853000e+15,5.951845456996274208e-01
1.650461903428777750e+15,5.951845456996274208e-01
1.650461903430702500e+15,5.951845456996273098e-01
1.650461903432627000e+15,5.951845456996273098e-01
1.650461903434551750e+15,5.951845456996276429e-01
1.650461903436476500e+15,5.951845456996276429e-01
1.650461903438401250e+15,5.951845456996277539e-01
1.650461903440326000e+15,5.951845456996278649e-01
1.650461903442250750e+15,5.951845456996279760e-01
1.650461903444175500e+15,5.951845456996280870e-01
1.650461903446100000e+15,5.951845456996281980e-01
1.650461903448024750e+15,5.951845456996283090e-01
1.650461903449949500e+15,5.961772582997095782e-01
1.650461903451874250e+15,5.972962765000062735e-01
1.650461903453799000e+15,5.984152947003029688e-01
1.650461903455723750e+15,5.995343129005996641e-01
1.650461903457648250e+15,6.006531857549812781e-01
1.650461903459573000e+15,6.013204688511706308e-01
1.650461903461497750e+15,6.013204688511708529e-01
1.650461903463422500e+15,6.013204688511709639e-01
1.650461903465347250e+15,6.013204688511711860e-01
1.650461903467272000e+15,6.013204688511712970e-01
1.650461903469196500e+15,6.013204688511714080e-01
1.650461903471121250e+15,6.013204688511715190e-01
1.650461903473046000e+15,6.013204688511717411e-01
1.650461903474970750e+15,6.013204688511717411e-01
1.650461903476895500e+15,6.013204688511719631e-01
1.650461903478820250e+15,6.013204688511720741e-01
1.650461903480744750e+15,6.013204688511721852e-01
1.650461903482669500e+15,6.013204688511724072e-01
1.650461903484594250e+15,6.013204688511722962e-01
1.650461903486519000e+15,6.013204688511719631e-01
1.650461903488443750e+15,6.013204688511716300e-01
1.650461903490368500e+15,6.013204688511712970e-01
1.650461903492293000e+15,6.013204688511710749e-01
1.650461903494217750e+15,6.013204688511707419e-01
1.650461903496142500e+15,6.007678253536669066e-01
1.650461903498067250e+15,5.998598436449000815e-01
1.650461903499992000e+15,5.989518619361333673e-01
1.650461903501916750e+15,5.980438802273666532e-01
1.650461903503841250e+15,5.971360164536185788e-01
1.650461903505766000e+15,5.962280347448517537e-01
1.650461903507690750e+15,5.953200530360849285e-01
1.650461903509615500e+15,5.951845456996290862e-01
1.650461903511540250e+15,5.951845456996288641e-01
1.650461903513465000e+15,5.951845456996287531e-01
1.650461903515389500e+15,5.951845456996285311e-01
1.650461903517314250e+15,5.951845456996284200e-01
1.650461903519239000e+15,5.948670246204069700e-01
1.650461903521163750e+15,5.938501382689407304e-01
1.650461903523088500e+15,5.928332519174743798e-01
1.650461903525013250e+15,5.918163655660080291e-01
1.650461903526937750e+15,5.907996112948576961e-01
1.650461903528862500e+15,5.897827249433913455e-01
1.650461903530787250e+15,5.893405172169633444e-01
1.650461903532712000e+15,5.903901655381587066e-01
1.650461903534636750e+15,5.914398138593540688e-01
1.650461903536561500e+15,5.924894621805495420e-01
1.650461903538486000e+15,5.935389741660752616e-01
1.650461903540410750e+15,5.945886224872706238e-01
1.650461903542335500e+15,5.956382708084659861e-01
1.650461903544260250e+15,5.966879191296614593e-01
1.650461903546185000e+15,5.977375674508568215e-01
1.650461903548109750e+15,5.987872157720522948e-01
1.650461903550034250e+15,5.998367277575780143e-01
1.650461903551959000e+15,6.008863760787733765e-01
1.650461903553883750e+15,6.013204688511705198e-01
1.650461903555808500e+15,6.013204688511706308e-01
1.650461903557733250e+15,6.013204688511706308e-01
1.650461903559658000e+15,6.013204688511705198e-01
1.650461903561582500e+15,6.021946102737280038e-01
1.650461903563507250e+15,6.032632058298204036e-01
1.650461903565432000e+15,6.043318013859128035e-01
1.650461903567356750e+15,6.054003969420052034e-01
1.650461903569281500e+15,6.064689924980974922e-01
1.650461903571206250e+15,6.072858849229280098e-01
1.650461903573130750e+15,6.050421866320020436e-01
1.650461903575055500e+15,6.027981968759824616e-01
1.650461903576980250e+15,6.005542071199628795e-01
1.650461903578905000e+15,5.983102173639432975e-01
1.650461903580829750e+15,5.960662276079237154e-01
1.650461903582754500e+15,5.946705796636020391e-01
1.650461903584679000e+15,5.938240861793623315e-01
1.650461903586603750e+15,5.929774827323420761e-01
1.650461903588528500e+15,5.921308792853217096e-01
1.650461903590453250e+15,5.912842758383014541e-01
1.650461903592378000e+15,5.904376723912811986e-01
1.650461903594302750e+15,5.895910689442609431e-01
1.650461903596227250e+15,5.894644924253782392e-01
1.650461903598152000e+15,5.906224606659834508e-01
1.650461903600076750e+15,5.917804289065885515e-01
1.650461903602001500e+15,5.929383971471937631e-01
1.650461903603926250e+15,5.940963653877988637e-01
1.650461903605851000e+15,5.952543336284039643e-01
1.650461903607775500e+15,5.964121514639901811e-01
1.650461903609700250e+15,5.975701197045953927e-01
1.650461903611625000e+15,5.987280879452006044e-01
1.650461903613549750e+15,5.998860561858057050e-01
1.650461903615474500e+15,6.010440244264108056e-01
1.650461903617399250e+15,5.998336718612926610e-01
1.650461903619323750e+15,5.978808714470137398e-01
1.650461903621248500e+15,5.959278173564015457e-01
1.650461903623173250e+15,5.939747632657894627e-01
1.650461903625098000e+15,5.920217091751771576e-01
1.650461903627022750e+15,5.900686550845649636e-01
1.650461903628947500e+15,5.890486225480859872e-01
1.650461903630872000e+15,5.890486225480859872e-01
1.650461903632796750e+15,5.890486225480859872e-01
1.650461903634721500e+15,5.890486225480859872e-01
1.650461903636646250e+15,5.890486225480859872e-01
1.650461903638571000e+15,5.890486225480860982e-01
1.650461903640495750e+15,5.890486225480862092e-01
1.650461903642420250e+15,5.890486225480862092e-01
1.650461903644345000e+15,5.890486225480862092e-01
1.650461903646269750e+15,5.890486225480863203e-01
1.650461903648194500e+15,5.890486225480864313e-01
1.650461903650119250e+15,5.890486225480864313e-01
1.650461903652044000e+15,5.890486225480865423e-01
1.650461903653968500e+15,5.890486225480866533e-01
1.650461903655893250e+15,5.890486225480866533e-01
1.650461903657818000e+15,5.890486225480867644e-01
1.650461903659742750e+15,5.890486225480867644e-01
1.650461903661667500e+15,5.890486225480868754e-01
1.650461903663592250e+15,5.896243446420550427e-01
1.650461903665516750e+15,5.904924952158782103e-01
1.650461903667441500e+15,5.913607585658214871e-01
1.650461903669366250e+15,5.922290219157647639e-01
1.650461903671291000e+15,5.930972852657081518e-01
1.650461903673215750e+15,5.939655486156515396e-01
1.650461903675140500e+15,5.948338119655948164e-01
1.650461903677065000e+15,5.951845456996283090e-01
1.650461903678989750e+15,5.951845456996284200e-01
1.650461903680914500e+15,5.951845456996283090e-01
1.650461903682839250e+15,5.951845456996283090e-01
1.650461903684764000e+15,5.951845456996283090e-01
1.650461903686688750e+15,5.951845456996284200e-01
1.650461903688613250e+15,5.951845456996283090e-01
1.650461903690538000e+15,5.951845456996283090e-01
1.650461903692462750e+15,5.951845456996283090e-01
1.650461903694387500e+15,5.951845456996283090e-01
1.650461903696312250e+15,5.951832987993035395e-01
1.650461903698237000e+15,5.946185996462991508e-01
1.650461903700161500e+15,5.940539738403728398e-01
1.650461903702086250e+15,5.934892746873685621e-01
1.650461903704011000e+15,5.929245755343643953e-01
1.650461903705935750e+15,5.923598763813600065e-01
1.650461903707860500e+15,5.917951772283558398e-01
1.650461903709785250e+15,5.912304780753515621e-01
1.650461903711709750e+15,5.906658522694252511e-01
1.650461903713634500e+15,5.901011531164209734e-01
1.650461903715559250e+15,5.895364539634166956e-01
1.650461903717484000e+15,5.890486225480859872e-01
1.650461903719408750e+15,5.890486225480859872e-01
1.650461903721333500e+15,5.890486225480860982e-01
1.650461903723258000e+15,5.890486225480862092e-01
1.650461903725182750e+15,5.890486225480862092e-01
1.650461903727107500e+15,5.890486225480863203e-01
1.650461903729032250e+15,5.890486225480863203e-01
1.650461903730957000e+15,5.890486225480864313e-01
1.650461903732881750e+15,5.890486225480865423e-01
1.650461903734806250e+15,5.890486225480866533e-01
1.650461903736731000e+15,5.890486225480866533e-01
1.650461903738655750e+15,5.890486225480867644e-01
1.650461903740580500e+15,5.890486225480868754e-01
1.650461903742505250e+15,5.889295082806035309e-01
1.650461903744430000e+15,5.878015122838574635e-01
1.650461903746354500e+15,5.866736627991255837e-01
1.650461903748279250e+15,5.855456668023795164e-01
1.650461903750204000e+15,5.844176708056334490e-01
1.650461903752128750e+15,5.832896748088873817e-01
1.650461903754053500e+15,5.829126993965445536e-01
1.650461903755978250e+15,5.829126993965445536e-01
1.650461903757902750e+15,5.829126993965445536e-01
1.650461903759827500e+15,5.829126993965445536e-01
1.650461903761752250e+15,5.829126993965445536e-01
1.650461903763677000e+15,5.829126993965445536e-01
1.650461903765601750e+15,5.829126993965445536e-01
1.650461903767526500e+15,5.829126993965445536e-01
1.650461903769451000e+15,5.829126993965445536e-01
1.650461903771375750e+15,5.829126993965445536e-01
1.650461903773300500e+15,5.829126993965445536e-01
1.650461903775225250e+15,5.829126993965444425e-01
1.650461903777150000e+15,5.829126993965445536e-01
1.650461903779074750e+15,5.829126993965446646e-01
1.650461903780999250e+15,5.829126993965445536e-01
1.650461903782924000e+15,5.829126993965446646e-01
1.650461903784848750e+15,5.825195388115962380e-01
1.650461903786773500e+15,5.813476675984654563e-01
1.650461903788698250e+15,5.801757963853345634e-01
1.650461903790623000e+15,5.790039251722036706e-01
1.650461903792547750e+15,5.778320539590728888e-01
1.650461903794472250e+15,5.767767762450012325e-01
1.650461903796397000e+15,5.767767762450012325e-01
1.650461903798321750e+15,5.767767762450013436e-01
1.650461903800246500e+15,5.767767762450013436e-01
1.650461903802171250e+15,5.767767762450013436e-01
1.650461903804096000e+15,5.767767762450013436e-01
1.650461903806020500e+15,5.767767762450013436e-01
1.650461903807945250e+15,5.767767762450013436e-01
1.650461903809870000e+15,5.767767762450013436e-01
1.650461903811794750e+15,5.767767762450013436e-01
1.650461903813719500e+15,5.767767762450013436e-01
1.650461903815644250e+15,5.767767762450014546e-01
1.650461903817568750e+15,5.767767762450013436e-01
1.650461903819493500e+15,5.767767762450013436e-01
1.650461903821418250e+15,5.767767762450013436e-01
1.650461903823343000e+15,5.767767762450013436e-01
1.650461903825267750e+15,5.767767762450014546e-01
1.650461903827192500e+15,5.767767762450014546e-01
1.650461903829117000e+15,5.767767762450012325e-01
1.650461903831041750e+15,5.767767762450012325e-01
1.650461903832966500e+15,5.767767762450010105e-01
1.650461903834891250e+15,5.767767762450008995e-01
1.650461903836816000e+15,5.767767762450006774e-01
1.650461903838740750e+15,5.767767762450005664e-01
1.650461903840665250e+15,5.771248102048549544e-01
1.650461903842590000e+15,5.776287623314149133e-01
1.650461903844514750e+15,5.781327144579750943e-01
1.650461903846439500e+15,5.786366665845350532e-01
1.650461903848364250e+15,5.791406187110951231e-01
1.650461903850289000e+15,5.796445708376551931e-01
1.650461903852213500e+15,5.801484575073861949e-01
1.650461903854138250e+15,5.806524096339461538e-01
1.650461903856063000e+15,5.811563617605062237e-01
1.650461903857987750e+15,5.816603138870662937e-01
1.650461903859912500e+15,5.821642660136263636e-01
1.650461903861837250e+15,5.826682181401864336e-01
1.650461903863761750e+15,5.823565594402376755e-01
1.650461903865686500e+15,5.812761351345078209e-01
1.650461903867611250e+15,5.801957108287781884e-01
1.650461903869536000e+15,5.791152865230483338e-01
1.650461903871460750e+15,5.780348622173185902e-01
1.650461903873385500e+15,5.769544379115887356e-01
1.650461903875310000e+15,5.758741539389290454e-01
1.650461903877234750e+15,5.747937296331993018e-01
1.650461903879159500e+15,5.737133053274695582e-01
1.650461903881084250e+15,5.726328810217398146e-01
1.650461903883009000e+15,5.715524567160100711e-01
1.650461903884933750e+15,5.707217623747561364e-01
1.650461903886858250e+15,5.712395010675456186e-01
1.650461903888783000e+15,5.717573070165956617e-01
1.650461903890707750e+15,5.722751129656455937e-01
1.650461903892632500e+15,5.727929189146955258e-01
1.650461903894557250e+15,5.733107248637454578e-01
1.650461903896482000e+15,5.738285308127955009e-01
1.650461903898406500e+15,5.743462695055848721e-01
1.650461903900331250e+15,5.748640754546349152e-01
1.650461903902256000e+15,5.753818814036847362e-01
1.650461903904180750e+15,5.758996873527347793e-01
1.650461903906105500e+15,5.764174933017847113e-01
1.650461903908030250e+15,5.761668069970812267e-01
1.650461903909954750e+15,5.741746375993344031e-01
1.650461903911879500e+15,5.721822094110708967e-01
1.650461903913804250e+15,5.701897812228073903e-01
1.650461903915729000e+15,5.681973530345438839e-01
1.650461903917653750e+15,5.662049248462803774e-01
1.650461903919578500e+15,5.646142098744785232e-01
1.650461903921503000e+15,5.653586673265743601e-01
1.650461903923427750e+15,5.661032214865751033e-01
1.650461903925352500e+15,5.668477756465757356e-01
1.650461903927277250e+15,5.675923298065764788e-01
1.650461903929202000e+15,5.683368839665772221e-01
1.650461903931126750e+15,5.690814381265778543e-01
1.650461903933051250e+15,5.698258955786735802e-01
1.650461903934976000e+15,5.705704497386743235e-01
1.650461903936900750e+15,5.706408530934581336e-01
1.650461903938825500e+15,5.706408530934581336e-01
1.650461903940750250e+15,5.706408530934581336e-01
1.650461903942675000e+15,5.706408530934581336e-01
1.650461903944599500e+15,5.706408530934581336e-01
1.650461903946524250e+15,5.706408530934581336e-01
1.650461903948449000e+15,5.706408530934581336e-01
1.650461903950373750e+15,5.706408530934582446e-01
1.650461903952298500e+15,5.706408530934581336e-01
1.650461903954223250e+15,5.706408530934581336e-01
1.650461903956147750e+15,5.698875933497431490e-01
1.650461903958072500e+15,5.679742489858821131e-01
1.650461903959997250e+15,5.660609046220210772e-01
1.650461903961922000e+15,5.641475602581600413e-01
1.650461903963846750e+15,5.622342158942991164e-01
1.650461903965771500e+15,5.603208715304380805e-01
1.650461903967696000e+15,5.584077756851333341e-01
1.650461903969620750e+15,5.583690067903726018e-01
1.650461903971545500e+15,5.583690067903726018e-01
1.650461903973470250e+15,5.583690067903726018e-01
1.650461903975395000e+15,5.583690067903726018e-01
1.650461903977319750e+15,5.583690067903726018e-01
1.650461903979244250e+15,5.583690067903726018e-01
1.650461903981169000e+15,5.583690067903726018e-01
1.650461903983093750e+15,5.583690067903726018e-01
1.650461903985018500e+15,5.583690067903726018e-01
1.650461903986943250e+15,5.583690067903726018e-01
1.650461903988868000e+15,5.583690067903726018e-01
1.650461903990792500e+15,5.583690067903726018e-01
1.650461903992717250e+15,5.583690067903727128e-01
1.650461903994642000e+15,5.583690067903729348e-01
1.650461903996566750e+15,5.583690067903731569e-01
1.650461903998491500e+15,5.583690067903734899e-01
1.650461904000416250e+15,5.583690067903736010e-01
1.650461904002340750e+15,5.583690067903739340e-01
1.650461904004265500e+15,5.583690067903741561e-01
1.650461904006190250e+15,5.583690067903743781e-01
1.650461904008115000e+15,5.583690067903743781e-01
1.650461904010039750e+15,5.583690067903742671e-01
1.650461904011964500e+15,5.583690067903741561e-01
1.650461904013889000e+15,5.583690067903741561e-01
1.650461904015813750e+15,5.583690067903739340e-01
1.650461904017738500e+15,5.583690067903738230e-01
1.650461904019663250e+15,5.583690067903738230e-01
1.650461904021588000e+15,5.583690067903737120e-01
1.650461904023512750e+15,5.583690067903736010e-01
1.650461904025437250e+15,5.583690067903734899e-01
1.650461904027362000e+15,5.583690067903736010e-01
1.650461904029286750e+15,5.583690067903737120e-01
1.650461904031211500e+15,5.583690067903739340e-01
1.650461904033136250e+15,5.583690067903741561e-01
1.650461904035061000e+15,5.583690067903743781e-01
1.650461904036985500e+15,5.591743589994677688e-01
1.650461904038910250e+15,5.601209859701258287e-01
1.650461904040835000e+15,5.610676129407837776e-01
1.650461904042759750e+15,5.620142399114418374e-01
1.650461904044684500e+15,5.629608668820998973e-01
1.650461904046609250e+15,5.639074938527578462e-01
1.650461904048533750e+15,5.641875584613148531e-01
1.650461904050458500e+15,5.633268881446020782e-01
1.650461904052383250e+15,5.624662178278894142e-01
1.650461904054308000e+15,5.616055475111767503e-01
1.650461904056232750e+15,5.607448771944640864e-01
1.650461904058157500e+15,5.598842068777514225e-01
1.650461904060082000e+15,5.590236483509227750e-01
1.650461904062006750e+15,5.583690067903734899e-01
1.650461904063931500e+15,5.583690067903733789e-01
1.650461904065856250e+15,5.583690067903734899e-01
1.650461904067781000e+15,5.583690067903734899e-01
1.650461904069705750e+15,5.583690067903734899e-01
1.650461904071630250e+15,5.583690067903734899e-01
1.650461904073555000e+15,5.583690067903734899e-01
1.650461904075479750e+15,5.583690067903734899e-01
1.650461904077404500e+15,5.583690067903734899e-01
1.650461904079329250e+15,5.583690067903734899e-01
1.650461904081254000e+15,5.583690067903734899e-01
1.650461904083178500e+15,5.583690067903733789e-01
1.650461904085103250e+15,5.583690067903734899e-01
1.650461904087028000e+15,5.583690067903734899e-01
1.650461904088952750e+15,5.583690067903734899e-01
1.650461904090877500e+15,5.583690067903734899e-01
1.650461904092802250e+15,5.583690067903734899e-01
1.650461904094726750e+15,5.583690067903734899e-01
1.650461904096651500e+15,5.583690067903736010e-01
1.650461904098576250e+15,5.583690067903737120e-01
1.650461904100501000e+15,5.583690067903739340e-01
1.650461904102425750e+15,5.583690067903740450e-01
1.650461904104350500e+15,5.583690067903742671e-01
1.650461904106275000e+15,5.577463389105624669e-01
1.650461904108199750e+15,5.565895049321184507e-01
1.650461904110124500e+15,5.554326709536745454e-01
1.650461904112049250e+15,5.542758369752305292e-01
1.650461904113974000e+15,5.531190029967865129e-01
1.650461904115898750e+15,5.522330836388302799e-01
1.650461904117823250e+15,5.522330836388302799e-01
1.650461904119748000e+15,5.522330836388302799e-01
1.650461904121672750e+15,5.522330836388302799e-01
1.650461904123597500e+15,5.522330836388302799e-01
1.650461904125522250e+15,5.522330836388302799e-01
1.650461904127447000e+15,5.522330836388302799e-01
1.650461904129371500e+15,5.528041126451752607e-01
1.650461904131296250e+15,5.536333001819255806e-01
1.650461904133221000e+15,5.544624877186759004e-01
1.650461904135145750e+15,5.552916752554262203e-01
1.650461904137070500e+15,5.561208627921765402e-01
1.650461904138995250e+15,5.569500503289268600e-01
1.650461904140919750e+15,5.577791301649969169e-01
1.650461904142844500e+15,5.577871023412609430e-01
1.650461904144769250e+15,5.557708636582165962e-01
1.650461904146694000e+15,5.537546249751721383e-01
1.650461904148618750e+15,5.517383862921276805e-01
1.650461904150543500e+15,5.497221476090832226e-01
1.650461904152468250e+15,5.477059089260387648e-01
1.650461904154392750e+15,5.462966536816646901e-01
1.650461904156317500e+15,5.472843695038551726e-01
1.650461904158242250e+15,5.482720853260456551e-01
1.650461904160167000e+15,5.492598011482361375e-01
1.650461904162091750e+15,5.502475169704267310e-01
1.650461904164016500e+15,5.512352327926172135e-01
1.650461904165941000e+15,5.522228203233643384e-01
1.650461904167865750e+15,5.532105361455549319e-01
1.650461904169790500e+15,5.541982519677454144e-01
1.650461904171715250e+15,5.551859677899358969e-01
1.650461904173640000e+15,5.561736836121264904e-01
1.650461904175564750e+15,5.571613994343169729e-01
1.650461904177489250e+15,5.581489869650642088e-01
1.650461904179414000e+15,5.577742587642812166e-01
1.650461904181338750e+15,5.570090573851227411e-01
1.650461904183263500e+15,5.562438560059641546e-01
1.650461904185188250e+15,5.554786546268055680e-01
1.650461904187113000e+15,5.547134532476470925e-01
1.650461904189037500e+15,5.539483512581987457e-01
1.650461904190962250e+15,5.531831498790402701e-01
1.650461904192887000e+15,5.524179484998816836e-01
1.650461904194811750e+15,5.510187515048194928e-01
1.650461904196736500e+15,5.494175966667051991e-01
1.650461904198661250e+15,5.478164418285910164e-01
1.650461904200585750e+15,5.462154949596724762e-01
1.650461904202510500e+15,5.446143401215584046e-01
1.650461904204435250e+15,5.430131852834441109e-01
1.650461904206360000e+15,5.414120304453299282e-01
1.650461904208284750e+15,5.398108756072157455e-01
1.650461904210209500e+15,5.382097207691014518e-01
1.650461904212134000e+15,5.366087739001830226e-01
1.650461904214058750e+15,5.350076190620687289e-01
1.650461904215983500e+15,5.342917851651496353e-01
1.650461904217908250e+15,5.360749828226960556e-01
1.650461904219833000e+15,5.378581804802425870e-01
1.650461904221757750e+15,5.396413781377890073e-01
1.650461904223682250e+15,5.414243441811443791e-01
1.650461904225607000e+15,5.432075418386907995e-01
1.650461904227531750e+15,5.449907394962372198e-01
1.650461904229456500e+15,5.460971604872878471e-01
1.650461904231381250e+15,5.460971604872877361e-01
1.650461904233306000e+15,5.460971604872875140e-01
1.650461904235230500e+15,5.460971604872874030e-01
1.650461904237155250e+15,5.460971604872872920e-01
1.650461904239080000e+15,5.460971604872870699e-01
1.650461904241004750e+15,5.454730085481659385e-01
1.650461904242929500e+15,5.437030837675788097e-01
1.650461904244854250e+15,5.419331589869917920e-01
1.650461904246778750e+15,5.401634640966217482e-01
1.650461904248703500e+15,5.383935393160346194e-01
1.650461904250628250e+15,5.366236145354476017e-01
1.650461904252553000e+15,5.348536897548605840e-01
1.650461904254477750e+15,5.330837649742735662e-01
1.650461904256402500e+15,5.313138401936864375e-01
1.650461904258327000e+15,5.295441453033165047e-01
1.650461904260251750e+15,5.277742205227293759e-01
1.650461904262176500e+15,5.282269994082384734e-01
1.650461904264101250e+15,5.287916715615224028e-01
1.650461904266026000e+15,5.293563437148063322e-01
1.650461904267950750e+15,5.299210158680902616e-01
1.650461904269875250e+15,5.304856146778030856e-01
1.650461904271800000e+15,5.310502868310869040e-01
1.650461904273724750e+15,5.316149589843708334e-01
1.650461904275649500e+15,5.321796311376547628e-01
1.650461904277574250e+15,5.327443032909386922e-01
1.650461904279499000e+15,5.333089754442226216e-01
1.650461904281423500e+15,5.338253141842042027e-01
1.650461904283348250e+15,5.338253141842042027e-01
1.650461904285273000e+15,5.338253141842042027e-01
1.650461904287197750e+15,5.338253141842042027e-01
1.650461904289122500e+15,5.338253141842042027e-01
1.650461904291047250e+15,5.338253141842042027e-01
1.650461904292971750e+15,5.338253141842042027e-01
1.650461904294896500e+15,5.333654626942905264e-01
1.650461904296821250e+15,5.326324613235153826e-01
1.650461904298746000e+15,5.318994599527401279e-01
1.650461904300670750e+15,5.311664585819648732e-01
1.650461904302595500e+15,5.304334572111895074e-01
1.650461904304520000e+15,5.297005510477621470e-01
1.650461904306444750e+15,5.289675496769868923e-01
1.650461904308369500e+15,5.282345483062116376e-01
1.650461904310294250e+15,5.273908564011271505e-01
1.650461904312219000e+15,5.262259207051382948e-01
1.650461904314143750e+15,5.250609850091495501e-01
1.650461904316068250e+15,5.238962006231614454e-01
1.650461904317993000e+15,5.227312649271727008e-01
1.650461904319917750e+15,5.215663292311838450e-01
1.650461904321842500e+15,5.215534678811178937e-01
1.650461904323767250e+15,5.215534678811178937e-01
1.650461904325692000e+15,5.215534678811177827e-01
1.650461904327616500e+15,5.215534678811177827e-01
1.650461904329541250e+15,5.215534678811177827e-01
1.650461904331466000e+15,5.215534678811177827e-01
1.650461904333390750e+15,5.224488563715879996e-01
1.650461904335315500e+15,5.234748417843176904e-01
1.650461904337240250e+15,5.245008271970472702e-01
1.650461904339164750e+15,5.255266793476114362e-01
1.650461904341089500e+15,5.265526647603410160e-01
1.650461904343014250e+15,5.275786501730707068e-01
1.650461904344939000e+15,5.287307451940911340e-01
1.650461904346863750e+15,5.298980989635811989e-01
1.650461904348788500e+15,5.310654527330713748e-01
1.650461904350713000e+15,5.322326548784842570e-01
1.650461904352637750e+15,5.334000086479743219e-01
1.650461904354562500e+15,5.327536079777910327e-01
1.650461904356487250e+15,5.310676525051385433e-01
1.650461904358412000e+15,5.293816970324859428e-01
1.650461904360336750e+15,5.276957415598333423e-01
1.650461904362261250e+15,5.260100050708764741e-01
1.650461904364186000e+15,5.243240495982239846e-01
1.650461904366110750e+15,5.226380941255713841e-01
1.650461904368035500e+15,5.220175832671394289e-01
1.650461904369960250e+15,5.233188303017284326e-01
1.650461904371885000e+15,5.246200773363174363e-01
1.650461904373809500e+15,5.259211553558349461e-01
1.650461904375734250e+15,5.272224023904239498e-01
1.650461904377659000e+15,5.276893910326593273e-01
1.650461904379583750e+15,5.276893910326595494e-01
1.650461904381508500e+15,5.276893910326597714e-01
1.650461904383433250e+15,5.276893910326598824e-01
1.650461904385357750e+15,5.276893910326601045e-01
1.650461904387282500e+15,5.276893910326602155e-01
1.650461904389207250e+15,5.276893910326604376e-01
1.650461904391132000e+15,5.276893910326605486e-01
1.650461904393056750e+15,5.276893910326607706e-01
1.650461904394981500e+15,5.276893910326608816e-01
1.650461904396906000e+15,5.276893910326609927e-01
1.650461904398830750e+15,5.276893910326609927e-01
1.650461904400755500e+15,5.276893910326609927e-01
1.650461904402680250e+15,5.276893910326609927e-01
1.650461904404605000e+15,5.276893910326609927e-01
1.650461904406529750e+15,5.276893910326609927e-01
1.650461904408454250e+15,5.276893910326609927e-01
1.650461904410379000e+15,5.276893910326609927e-01
1.650461904412303750e+15,5.276893910326609927e-01
1.650461904414228500e+15,5.276893910326609927e-01
1.650461904416153250e+15,5.276893910326609927e-01
1.650461904418078000e+15,5.276893910326609927e-01
1.650461904420002500e+15,5.273795206760026888e-01
1.650461904421927250e+15,5.265219750699955403e-01
1.650461904423852000e+15,5.256644294639883919e-01
1.650461904425776750e+15,5.248068838579811324e-01
1.650461904427701500e+15,5.239493382519739839e-01
1.650461904429626250e+15,5.230917926459667244e-01
1.650461904431550750e+15,5.222343584239842462e-01
1.650461904433475500e+15,5.216886286327623301e-01
1.650461904435400250e+15,5.223447463042028005e-01
1.650461904437325000e+15,5.230008639756431599e-01
1.650461904439249750e+15,5.236569816470836303e-01
1.650461904441174500e+15,5.243130993185241007e-01
1.650461904443099000e+15,5.249691317688096603e-01
1.650461904445023750e+15,5.256252494402500197e-01
1.650461904446948500e+15,5.262813671116904901e-01
1.650461904448873250e+15,5.269374847831308495e-01
1.650461904450798000e+15,5.275936024545713199e-01
1.650461904452722750e+15,5.267946936424041660e-01
1.650461904454647250e+15,5.257471832986501115e-01
1.650461904456572000e+15,5.246995368792473080e-01
1.650461904458496750e+15,5.236518904598445046e-01
1.650461904460421500e+15,5.226042440404417011e-01
1.650461904462346250e+15,5.215565976210390087e-01
1.650461904464271000e+15,5.215534678811186708e-01
1.650461904466195500e+15,5.215534678811185598e-01
1.650461904468120250e+15,5.215534678811184488e-01
1.650461904470045000e+15,5.215534678811184488e-01
1.650461904471969750e+15,5.215534678811184488e-01
1.650461904473894500e+15,5.215534678811182268e-01
1.650461904475819250e+15,5.215534678811182268e-01
1.650461904477743750e+15,5.215534678811181157e-01
1.650461904479668500e+15,5.215534678811181157e-01
1.650461904481593250e+15,5.215534678811180047e-01
1.650461904483518000e+15,5.215534678811180047e-01
1.650461904485442750e+15,5.215534678811178937e-01
1.650461904487367500e+15,5.215534678811177827e-01
1.650461904489292000e+15,5.215534678811177827e-01
1.650461904491216750e+15,5.194553707312218327e-01
1.650461904493141500e+15,5.172780894322530632e-01
1.650461904495066250e+15,5.151008081332844046e-01
1.650461904496991000e+15,5.129235268343156351e-01
1.650461904498915750e+15,5.107462455353468656e-01
1.650461904500840250e+15,5.085692470369106433e-01
1.650461904502765000e+15,5.063919657379418737e-01
1.650461904504689750e+15,5.042146844389732152e-01
1.650461904506614500e+15,5.020374031400044457e-01
1.650461904508539250e+15,4.998601218410356761e-01
1.650461904510464000e+15,4.976828405420670176e-01
1.650461904512388750e+15,4.986559457199727929e-01
1.650461904514313250e+15,5.010383898045369655e-01
1.650461904516238000e+15,5.034211433778104094e-01
1.650461904518162750e+15,5.058038969510839644e-01
1.650461904520087500e+15,5.081866505243575194e-01
1.650461904522012250e+15,5.087804127787867170e-01
1.650461904523937000e+15,5.078530379781639459e-01
1.650461904525861500e+15,5.069257836314703392e-01
1.650461904527786250e+15,5.059984088308475680e-01
1.650461904529711000e+15,5.050710340302247969e-01
1.650461904531635750e+15,5.041436592296020258e-01
1.650461904533560500e+15,5.032162844289792547e-01
1.650461904535485250e+15,5.040935922101951183e-01
1.650461904537409750e+15,5.051194443607593954e-01
1.650461904539334500e+15,5.061454297734891972e-01
1.650461904541259250e+15,5.071714151862189990e-01
1.650461904543184000e+15,5.081974005989488008e-01
1.650461904545108750e+15,5.092233860116786026e-01
1.650461904547033500e+15,5.081932221172000830e-01
1.650461904548958000e+15,5.070394767234389644e-01
1.650461904550882750e+15,5.058855814536848960e-01
1.650461904552807500e+15,5.047316861839308277e-01
1.650461904554732250e+15,5.035777909141767594e-01
1.650461904556657000e+15,5.031456984264900401e-01
1.650461904558581750e+15,5.031456984264901511e-01
1.650461904560506250e+15,5.031456984264903731e-01
1.650461904562431000e+15,5.031456984264904841e-01
1.650461904564355750e+15,5.031456984264907062e-01
1.650461904566280500e+15,5.031456984264908172e-01
1.650461904568205250e+15,5.031456984264910393e-01
1.650461904570130000e+15,5.031456984264910393e-01
1.650461904572054500e+15,5.031456984264912613e-01
1.650461904573979250e+15,5.031456984264914833e-01
1.650461904575904000e+15,5.031456984264915944e-01
1.650461904577828750e+15,5.030282650152103630e-01
1.650461904579753500e+15,5.021840821641785357e-01
1.650461904581678250e+15,5.013398993131468195e-01
1.650461904583602750e+15,5.004958261104915929e-01
1.650461904585527500e+15,4.996516432594597656e-01
1.650461904587452250e+15,4.988074604084279939e-01
1.650461904589377000e+15,4.979632775573962222e-01
1.650461904591301750e+15,4.971190947063644505e-01
1.650461904593226500e+15,4.970097752749476072e-01
1.650461904595151000e+15,4.970097752749476072e-01
1.650461904597075750e+15,4.970097752749476072e-01
1.650461904599000500e+15,4.970097752749476072e-01
1.650461904600925250e+15,4.969786608625958446e-01
1.650461904602850000e+15,4.965358699925473962e-01
1.650461904604774750e+15,4.960930791224989478e-01
1.650461904606699250e+15,4.956503457652275402e-01
1.650461904608624000e+15,4.952075548951792028e-01
1.650461904610548750e+15,4.947647640251308099e-01
1.650461904612473500e+15,4.943219731550824170e-01
1.650461904614398250e+15,4.938791822850339686e-01
1.650461904616323000e+15,4.934363914149855201e-01
1.650461904618247500e+15,4.929936580577141125e-01
1.650461904620172250e+15,4.925508671876657196e-01
1.650461904622097000e+15,4.921080763176173267e-01
1.650461904624021750e+15,4.916652854475689338e-01
1.650461904625946500e+15,4.912224945775204854e-01
1.650461904627871250e+15,4.909992203984810955e-01
1.650461904629795750e+15,4.915887652864063262e-01
1.650461904631720500e+15,4.921783867584947347e-01
1.650461904633645250e+15,4.927680082305831988e-01
1.650461904635570000e+15,4.933576297026716073e-01
1.650461904637494750e+15,4.939472511747600714e-01
1.650461904639419500e+15,4.945368726468484244e-01
1.650461904641344000e+15,4.951264175347737106e-01
1.650461904643268750e+15,4.957160390068621192e-01
1.650461904645193500e+15,4.963056604789505832e-01
1.650461904647118250e+15,4.968952819510389918e-01
1.650461904649043000e+15,4.962548917334197451e-01
1.650461904650967750e+15,4.953181012133966998e-01
1.650461904652892250e+15,4.943814323702822588e-01
1.650461904654817000e+15,4.934446418502591580e-01
1.650461904656741750e+15,4.925078513302361127e-01
1.650461904658666500e+15,4.915710608102130119e-01
1.650461904660591250e+15,4.908738521234052854e-01
1.650461904662516000e+15,4.908738521234051189e-01
1.650461904664440500e+15,4.908738521234050078e-01
1.650461904666365250e+15,4.908738521234048968e-01
1.650461904668290000e+15,4.908738521234047858e-01
1.650461904670214750e+15,4.908738521234046748e-01
1.650461904672139500e+15,4.908738521234045082e-01
1.650461904674064250e+15,4.908946079477229385e-01
1.650461904675988750e+15,4.919669457705656557e-01
1.650461904677913500e+15,4.930394228942428514e-01
1.650461904679838250e+15,4.941119000179199361e-01
1.650461904681763000e+15,4.951843771415971318e-01
1.650461904683687750e+15,4.962568542652743275e-01
1.650461904685612500e+15,4.966869652641770494e-01
1.650461904687537000e+15,4.956037083056279990e-01
1.650461904689461750e+15,4.945203106278066030e-01
1.650461904691386500e+15,4.934369129499852624e-01
1.650461904693311250e+15,4.923535152721638664e-01
1.650461904695236000e+15,4.912701175943424148e-01
1.650461904697160750e+15,4.902873795124402800e-01
1.650461904699085250e+15,4.893628113864503804e-01
1.650461904701010000e+15,4.884381231554817404e-01
1.650461904702934750e+15,4.875134349245131560e-01
1.650461904704859500e+15,4.865887466935445160e-01
1.650461904706784250e+15,4.856640584625758761e-01
1.650461904708709000e+15,4.847393702316073472e-01
1.650461904710633500e+15,4.856143916789464887e-01
1.650461904712558250e+15,4.864923368236039325e-01
1.650461904714483000e+15,4.873702819682613208e-01
1.650461904716407750e+15,4.882482271129186535e-01
1.650461904718332500e+15,4.891261722575760418e-01
1.650461904720257250e+15,4.900041174022333745e-01
1.650461904722181750e+15,4.908738521234052854e-01
1.650461904724106500e+15,4.908738521234052854e-01
1.650461904726031250e+15,4.908738521234052854e-01
1.650461904727956000e+15,4.908738521234052854e-01
1.650461904729880750e+15,4.908738521234052854e-01
1.650461904731805500e+15,4.908738521234052854e-01
1.650461904733730000e+15,4.908738521234052854e-01
1.650461904735654750e+15,4.908738521234052854e-01
1.650461904737579500e+15,4.908738521234052854e-01
1.650461904739504250e+15,4.908738521234052854e-01
1.650461904741429000e+15,4.908738521234052854e-01
1.650461904743353750e+15,4.908738521234052854e-01
1.650461904745278250e+15,4.908738521234052854e-01
1.650461904747203000e+15,4.908738521234052299e-01
1.650461904749127750e+15,4.908738521234052854e-01
1.650461904751052500e+15,4.908738521234052854e-01
1.650461904752977250e+15,4.908738521234052854e-01
1.650461904754902000e+15,4.908738521234052854e-01
1.650461904756826500e+15,4.908738521234052854e-01
1.650461904758751250e+15,4.908738521234051744e-01
1.650461904760676000e+15,4.908738521234050634e-01
1.650461904762600750e+15,4.908738521234049523e-01
1.650461904764525500e+15,4.908738521234048968e-01
1.650461904766450250e+15,4.908738521234048413e-01
1.650461904768374750e+15,4.908738521234047303e-01
1.650461904770299500e+15,4.908738521234046193e-01
1.650461904772224250e+15,4.908738521234045638e-01
1.650461904774149000e+15,4.908738521234045082e-01
1.650461904776073750e+15,4.908738521234044527e-01
1.650461904777998500e+15,4.908738521234045082e-01
1.650461904779923000e+15,4.908738521234046193e-01
1.650461904781847750e+15,4.908738521234046193e-01
1.650461904783772500e+15,4.908738521234047303e-01
1.650461904785697250e+15,4.908738521234048413e-01
1.650461904787622000e+15,4.908738521234049523e-01
1.650461904789546750e+15,4.908738521234050634e-01
1.650461904791471250e+15,4.908738521234050634e-01
1.650461904793396000e+15,4.908738521234051744e-01
1.650461904795320750e+15,4.908738521234052299e-01
1.650461904797245500e+15,4.888463460810105188e-01
1.650461904799170250e+15,4.864277267719933073e-01
1.650461904801095000e+15,4.840091074629760959e-01
1.650461904803019500e+15,4.815908023011609695e-01
1.650461904804944250e+15,4.791721829921437581e-01
1.650461904806869000e+15,4.786020058203205307e-01
1.650461904808793750e+15,4.786020058203204197e-01
1.650461904810718500e+15,4.786020058203203087e-01
1.650461904812643250e+15,4.786020058203201977e-01
1.650461904814567750e+15,4.786020058203200311e-01
1.650461904816492500e+15,4.786020058203199201e-01
1.650461904818417250e+15,4.786020058203198091e-01
1.650461904820342000e+15,4.794266452566612879e-01
1.650461904822266750e+15,4.803099088933326932e-01
1.650461904824191500e+15,4.811931725300040430e-01
1.650461904826116000e+15,4.820763214422129073e-01
1.650461904828040750e+15,4.829595850788842570e-01
1.650461904829965500e+15,4.838428487155556623e-01
1.650461904831890250e+15,4.847261123522270121e-01
1.650461904833815000e+15,4.836327294968766344e-01
1.650461904835739750e+15,4.825125437730851674e-01
1.650461904837664250e+15,4.813925035468550329e-01
1.650461904839589000e+15,4.802723178230636769e-01
1.650461904841513750e+15,4.791521320992722655e-01
1.650461904843438500e+15,4.786020058203196981e-01
1.650461904845363250e+15,4.786020058203197536e-01
1.650461904847288000e+15,4.786020058203197536e-01
1.650461904849212500e+15,4.786020058203196981e-01
1.650461904851137250e+15,4.786020058203197536e-01
1.650461904853062000e+15,4.786020058203197536e-01
1.650461904854986750e+15,4.786020058203197536e-01
1.650461904856911500e+15,4.786020058203197536e-01
1.650461904858836250e+15,4.786020058203197536e-01
1.650461904860761000e+15,4.786020058203197536e-01
1.650461904862685500e+15,4.786020058203197536e-01
1.650461904864610250e+15,4.786020058203196981e-01
1.650461904866535000e+15,4.786020058203198091e-01
1.650461904868459750e+15,4.786020058203197536e-01
1.650461904870384500e+15,4.786020058203196981e-01
1.650461904872309250e+15,4.786020058203197536e-01
1.650461904874233750e+15,4.786020058203196981e-01
1.650461904876158500e+15,4.786020058203197536e-01
1.650461904878083250e+15,4.786020058203198091e-01
1.650461904880008000e+15,4.786020058203196981e-01
1.650461904881932750e+15,4.786020058203197536e-01
1.650461904883857500e+15,4.786020058203197536e-01
1.650461904885782000e+15,4.786020058203197536e-01
1.650461904887706750e+15,4.786020058203197536e-01
1.650461904889631500e+15,4.783156238305195096e-01
1.650461904891556250e+15,4.778050043447686912e-01
1.650461904893481000e+15,4.772943848590178728e-01
1.650461904895405750e+15,4.767837653732670544e-01
1.650461904897330250e+15,4.762732122103484622e-01
1.650461904899255000e+15,4.757625927245976438e-01
1.650461904901179750e+15,4.752519732388468254e-01
1.650461904903104500e+15,4.747413537530960070e-01
1.650461904905029250e+15,4.742307342673450776e-01
1.650461904906954000e+15,4.737201147815942592e-01
1.650461904908878500e+15,4.732095616186757225e-01
1.650461904910803250e+15,4.726989421329249041e-01
1.650461904912728000e+15,4.724660826687774318e-01
1.650461904914652750e+15,4.724660826687774318e-01
1.650461904916577500e+15,4.724660826687773763e-01
1.650461904918502250e+15,4.724660826687773763e-01
1.650461904920426750e+15,4.724660826687774318e-01
1.650461904922351500e+15,4.724660826687774318e-01
1.650461904924276250e+15,4.724660826687774318e-01
1.650461904926201000e+15,4.724660826687774318e-01
1.650461904928125750e+15,4.724660826687774873e-01
1.650461904930050500e+15,4.724660826687774873e-01
1.650461904931975000e+15,4.724660826687774318e-01
1.650461904933899750e+15,4.724660826687774318e-01
1.650461904935824500e+15,4.724660826687774318e-01
1.650461904937749250e+15,4.723616897957966798e-01
1.650461904939674000e+15,4.715587719845292791e-01
1.650461904941598750e+15,4.707558541732618229e-01
1.650461904943523250e+15,4.699530406505787461e-01
1.650461904945448000e+15,4.691501228393113454e-01
1.650461904947372750e+15,4.683472050280438892e-01
1.650461904949297500e+15,4.675442872167764330e-01
1.650461904951222250e+15,4.667413694055090323e-01
1.650461904953147000e+15,4.663301595172342218e-01
1.650461904955071500e+15,4.663301595172342218e-01
1.650461904956996250e+15,4.663301595172342218e-01
1.650461904958921000e+15,4.663301595172342773e-01
1.650461904960845750e+15,4.663301595172342218e-01
1.650461904962770500e+15,4.663301595172342218e-01
1.650461904964695250e+15,4.663301595172342218e-01
1.650461904966619750e+15,4.663301595172342218e-01
1.650461904968544500e+15,4.663301595172342218e-01
1.650461904970469250e+15,4.663301595172342773e-01
1.650461904972394000e+15,4.621826296951449531e-01
1.650461904974318750e+15,4.560513255284274203e-01
1.650461904976243500e+15,4.499200213617098321e-01
1.650461904978168000e+15,4.437895135716861117e-01
1.650461904980092750e+15,4.376582094049685789e-01
1.650461904982017500e+15,4.378088081490800754e-01
1.650461904983942250e+15,4.410178613617508070e-01
1.650461904985867000e+15,4.442269145744215941e-01
1.650461904987791750e+15,4.474359677870923813e-01
1.650461904989716250e+15,4.506446041854738627e-01
1.650461904991641000e+15,4.538536573981445943e-01
1.650461904993565750e+15,4.570627106108153814e-01
1.650461904995490500e+15,4.601806386710560193e-01
1.650461904997415250e+15,4.596177964613657463e-01
1.650461904999340000e+15,4.590549542516754178e-01
1.650461905001264500e+15,4.584921851478702681e-01
1.650461905003189250e+15,4.579293429381799951e-01
1.650461905005114000e+15,4.573665007284897221e-01
1.650461905007038750e+15,4.568036585187993937e-01
1.650461905008963500e+15,4.562408163091091762e-01
1.650461905010888250e+15,4.556779740994188477e-01
1.650461905012812750e+15,4.551152049956137535e-01
1.650461905014737500e+15,4.545523627859234250e-01
1.650461905016662250e+15,4.538527191504264091e-01
1.650461905018587000e+15,4.521706057640239029e-01
1.650461905020511750e+15,4.504884923776213412e-01
1.650461905022436500e+15,4.488063789912188906e-01
1.650461905024361000e+15,4.471244840894750272e-01
1.650461905026285750e+15,4.454423707030725765e-01
1.650461905028210500e+15,4.437602573166700703e-01
1.650461905030135250e+15,4.420781439302675642e-01
1.650461905032060000e+15,4.413538771235823721e-01
1.650461905033984750e+15,4.408305413640250525e-01
1.650461905035909250e+15,4.403072735789786418e-01
1.650461905037834000e+15,4.397839378194213777e-01
1.650461905039758750e+15,4.392606020598640582e-01
1.650461905041683500e+15,4.387372663003067386e-01
1.650461905043608250e+15,4.382139305407494190e-01
1.650461905045533000e+15,4.376905947811921549e-01
1.650461905047457500e+15,4.371673269961457442e-01
1.650461905049382250e+15,4.366439912365884801e-01
1.650461905051307000e+15,4.361206554770312160e-01
1.650461905053231750e+15,4.361232809264671828e-01
1.650461905055156500e+15,4.407715611925031585e-01
1.650461905057081250e+15,4.454198414585391896e-01
1.650461905059005750e+15,4.500675179734042741e-01
1.650461905060930500e+15,4.547157982394403053e-01
1.650461905062855250e+15,4.593640785054763365e-01
1.650461905064780000e+15,4.609509364048954838e-01
1.650461905066704750e+15,4.618721624646405788e-01
1.650461905068629500e+15,4.627933885243857848e-01
1.650461905070554000e+15,4.637144949288433127e-01
1.650461905072478750e+15,4.646357209885884076e-01
1.650461905074403500e+15,4.655569470483335581e-01
1.650461905076328250e+15,4.655451740174241237e-01
1.650461905078253000e+15,4.606594801103547354e-01
1.650461905080177750e+15,4.557737862032854026e-01
1.650461905082102250e+15,4.508887268843322360e-01
1.650461905084027000e+15,4.460030329772628477e-01
1.650461905085951750e+15,4.411173390701934593e-01
1.650461905087876500e+15,4.362316451631241265e-01
1.650461905089801250e+15,4.313459512560547382e-01
1.650461905091726000e+15,4.264602573489853499e-01
1.650461905093650500e+15,4.239093173930449931e-01
1.650461905095575250e+15,4.253467709088595283e-01
1.650461905097500000e+15,4.267842244246740080e-01
1.650461905099424750e+15,4.282216779404884321e-01
1.650461905101349500e+15,4.296591314563029118e-01
1.650461905103274250e+15,4.310965849721173360e-01
1.650461905105198750e+15,4.325338517814094619e-01
1.650461905107123500e+15,4.339713052972239415e-01
1.650461905109048250e+15,4.354087588130384212e-01
1.650461905110973000e+15,4.368462123288528454e-01
1.650461905112897750e+15,4.382836658446673250e-01
1.650461905114822500e+15,4.397211193604818047e-01
1.650461905116747000e+15,4.411583861697738751e-01
1.650461905118671750e+15,4.425002718397343382e-01
1.650461905120596500e+15,4.437679959794865736e-01
1.650461905122521250e+15,4.450357201192386425e-01
1.650461905124446000e+15,4.463034442589907669e-01
1.650461905126370750e+15,4.475711683987429468e-01
1.650461905128295250e+15,4.472300459357148594e-01
1.650461905130220000e+15,4.462722099190132297e-01
1.650461905132144750e+15,4.453143739023115999e-01
1.650461905134069500e+15,4.443565378856099701e-01
1.650461905135994250e+15,4.433987018689083959e-01
1.650461905137919000e+15,4.424408658522067661e-01
1.650461905139843500e+15,4.409218294663519444e-01
1.650461905141768250e+15,4.381913767646106184e-01
1.650461905143693000e+15,4.354609240628694034e-01
1.650461905145617750e+15,4.327304713611280773e-01
1.650461905147542500e+15,4.300000186593867513e-01
1.650461905149467250e+15,4.272695659576455363e-01
1.650461905151391750e+15,4.245394679062096666e-01
1.650461905153316500e+15,4.233786974564370809e-01
1.650461905155241250e+15,4.233786974564370809e-01
1.650461905157166000e+15,4.233786974564370809e-01
1.650461905159090750e+15,4.233786974564370809e-01
1.650461905161015500e+15,4.233786974564370809e-01
1.650461905162940000e+15,4.233786974564370253e-01
1.650461905164864750e+15,4.233786974564370809e-01
1.650461905166789500e+15,4.233786974564370809e-01
1.650461905168714250e+15,4.233786974564370809e-01
1.650461905170639000e+15,4.233786974564370253e-01
1.650461905172563750e+15,4.233786974564370809e-01
1.650461905174488250e+15,4.233786974564370253e-01
1.650461905176413000e+15,4.233786974564370809e-01
1.650461905178337750e+15,4.233786974564370809e-01
1.650461905180262500e+15,4.233786974564370809e-01
1.650461905182187250e+15,4.233786974564370809e-01
1.650461905184112000e+15,4.233786974564370809e-01
1.650461905186036500e+15,4.233786974564370809e-01
1.650461905187961250e+15,4.233786974564370809e-01
1.650461905189886000e+15,4.233786974564370809e-01
1.650461905191810750e+15,4.233786974564370809e-01
1.650461905193735500e+15,4.233786974564370809e-01
1.650461905195660250e+15,4.229742426341209782e-01
1.650461905197584750e+15,4.225328002376669834e-01
1.650461905199509500e+15,4.220913004961369119e-01
1.650461905201434250e+15,4.216498007546067295e-01
1.650461905203359000e+15,4.212083010130766025e-01
1.650461905205283750e+15,4.207668012715464756e-01
1.650461905207208500e+15,4.203253015300163487e-01
1.650461905209133000e+15,4.198838591335624093e-01
1.650461905211057750e+15,4.194423593920322269e-01
1.650461905212982500e+15,4.190008596505020999e-01
1.650461905214907250e+15,4.185593599089719730e-01
1.650461905216832000e+15,4.181178601674418460e-01
1.650461905218756750e+15,4.176763604259117191e-01
1.650461905220681500e+15,4.172427743048947590e-01
1.650461905222606000e+15,4.172427743048947590e-01
1.650461905224530750e+15,4.172427743048947590e-01
1.650461905226455500e+15,4.172427743048947590e-01
1.650461905228380250e+15,4.172427743048947590e-01
1.650461905230305000e+15,4.172427743048947590e-01
1.650461905232229750e+15,4.172427743048947590e-01
1.650461905234154250e+15,4.172427743048947590e-01
1.650461905236079000e+15,4.172427743048948146e-01
1.650461905238003750e+15,4.172427743048948146e-01
1.650461905239928500e+15,4.172427743048948146e-01
1.650461905241853250e+15,4.172427743048948146e-01
1.650461905243778000e+15,4.172427743048947590e-01
1.650461905245702500e+15,4.172427743048948146e-01
1.650461905247627250e+15,4.172427743048948146e-01
1.650461905249552000e+15,4.175766640279912623e-01
1.650461905251476750e+15,4.184742258220277011e-01
1.650461905253401500e+15,4.193717876160640845e-01
1.650461905255326250e+15,4.202693494101005234e-01
1.650461905257250750e+15,4.211667946225297054e-01
1.650461905259175500e+15,4.220643564165661443e-01
1.650461905261100250e+15,4.229619182106025277e-01
1.650461905263025000e+15,4.227551255718396961e-01
1.650461905264949750e+15,4.215909936757400445e-01
1.650461905266874500e+15,4.204268617796403928e-01
1.650461905268799000e+15,4.192628810891383395e-01
1.650461905270723750e+15,4.180987491930386879e-01
1.650461905272648500e+15,4.169762565857378367e-01
1.650461905274573250e+15,4.159694263993839458e-01
1.650461905276498000e+15,4.149625962130299994e-01
1.650461905278422750e+15,4.139557660266761641e-01
1.650461905280347250e+15,4.129490666144729483e-01
1.650461905282272000e+15,4.119422364281191129e-01
1.650461905284196750e+15,4.112223755566680738e-01
1.650461905286121500e+15,4.119008060533322912e-01
1.650461905288046250e+15,4.125792365499965086e-01
1.650461905289971000e+15,4.132576670466607816e-01
1.650461905291895500e+15,4.139360094240241983e-01
1.650461905293820250e+15,4.146144399206884712e-01
1.650461905295745000e+15,4.152928704173527441e-01
1.650461905297669750e+15,4.159713009140169060e-01
1.650461905299594500e+15,4.166497314106811789e-01
1.650461905301519250e+15,4.168084004348008853e-01
1.650461905303443750e+15,4.133576160674298228e-01
1.650461905305368500e+15,4.099063834298110054e-01
1.650461905307293250e+15,4.064551507921921325e-01
1.650461905309218000e+15,4.030039181545733151e-01
1.650461905311142750e+15,3.995526855169544977e-01
1.650461905313067500e+15,3.988350048502669054e-01
1.650461905314992000e+15,3.988350048502669054e-01
1.650461905316916750e+15,3.988350048502669054e-01
1.650461905318841500e+15,3.988350048502669054e-01
1.650461905320766250e+15,3.988350048502669054e-01
1.650461905322691000e+15,3.988350048502669054e-01
1.650461905324615750e+15,3.988350048502669054e-01
1.650461905326540250e+15,3.988350048502669054e-01
1.650461905328465000e+15,3.988350048502669054e-01
1.650461905330389750e+15,3.988350048502669054e-01
1.650461905332314500e+15,3.988350048502669054e-01
1.650461905334239250e+15,3.988350048502669609e-01
1.650461905336164000e+15,3.988350048502669054e-01
1.650461905338088500e+15,3.988350048502669054e-01
1.650461905340013250e+15,3.988350048502669609e-01
1.650461905341938000e+15,3.988350048502669054e-01
1.650461905343862750e+15,3.988350048502669054e-01
1.650461905345787500e+15,3.988350048502669054e-01
1.650461905347712250e+15,3.997870028041313750e-01
1.650461905349636750e+15,4.009304698424913660e-01
1.650461905351561500e+15,4.020740854216460769e-01
1.650461905353486250e+15,4.032177010008007878e-01
1.650461905355411000e+15,4.043613165799555542e-01
1.650461905357335750e+15,4.055049321591103206e-01
1.650461905359260500e+15,4.066485477382650870e-01
1.650461905361185000e+15,4.077920147766249670e-01
1.650461905363109750e+15,4.089356303557797334e-01
1.650461905365034500e+15,4.100792459349344998e-01
1.650461905366959250e+15,4.109119846934721210e-01
1.650461905368884000e+15,4.089910155838542560e-01
1.650461905370808750e+15,4.070700464742362801e-01
1.650461905372733250e+15,4.051493268735298914e-01
1.650461905374658000e+15,4.032283577639119154e-01
1.650461905376582750e+15,4.013073886542939395e-01
1.650461905378507500e+15,3.993864195446760190e-01
1.650461905380432250e+15,3.988350048502669054e-01
1.650461905382357000e+15,3.988350048502669054e-01
1.650461905384281500e+15,3.988350048502669054e-01
1.650461905386206250e+15,3.988350048502669054e-01
1.650461905388131000e+15,3.988350048502669054e-01
1.650461905390055750e+15,3.988350048502669054e-01
1.650461905391980500e+15,3.988350048502669054e-01
1.650461905393905250e+15,3.988350048502669054e-01
1.650461905395829750e+15,3.988350048502669054e-01
1.650461905397754500e+15,3.988350048502668499e-01
1.650461905399679250e+15,3.988350048502668499e-01
1.650461905401604000e+15,3.988350048502668499e-01
1.650461905403528750e+15,3.988350048502667944e-01
1.650461905405453500e+15,3.981963604321822059e-01
1.650461905407378000e+15,3.974873490779255447e-01
1.650461905409302750e+15,3.967782456203493013e-01
1.650461905411227500e+15,3.960691421627730024e-01
1.650461905413152250e+15,3.953600387051967036e-01
1.650461905415077000e+15,3.946509352476204602e-01
1.650461905417001750e+15,3.939418317900442168e-01
1.650461905418926250e+15,3.932328204357875556e-01
1.650461905420851000e+15,3.926990816987236954e-01
1.650461905422775750e+15,3.926990816987237509e-01
1.650461905424700500e+15,3.926990816987238619e-01
1.650461905426625250e+15,3.926990816987239175e-01
1.650461905428550000e+15,3.926990816987240285e-01
1.650461905430474500e+15,3.926990816987240285e-01
1.650461905432399250e+15,3.926990816987241395e-01
1.650461905434324000e+15,3.926990816987241950e-01
1.650461905436248750e+15,3.926990816987242505e-01
1.650461905438173500e+15,3.926990816987243615e-01
1.650461905440098250e+15,3.926990816987244726e-01
1.650461905442022750e+15,3.926990816987245281e-01
1.650461905443947500e+15,3.926990816987246391e-01
1.650461905445872250e+15,3.926990816987245836e-01
1.650461905447797000e+15,3.926990816987245836e-01
1.650461905449721750e+15,3.926990816987246391e-01
1.650461905451646500e+15,3.926990816987246391e-01
1.650461905453571000e+15,3.926990816987246391e-01
1.650461905455495750e+15,3.933072685310952110e-01
1.650461905457420500e+15,3.943854242811344890e-01
1.650461905459345250e+15,3.954635800311738780e-01
1.650461905461270000e+15,3.965417357812132115e-01
1.650461905463194750e+15,3.976198915312525450e-01
1.650461905465119250e+15,3.986979072428777915e-01
1.650461905467044000e+15,3.970671518414190526e-01
1.650461905468968750e+15,3.950417500088119760e-01
1.650461905470893500e+15,3.930163481762048994e-01
1.650461905472818250e+15,3.909909463435977672e-01
1.650461905474743000e+15,3.889655445109906906e-01
1.650461905476667500e+15,3.869404057517480400e-01
1.650461905478592250e+15,3.860865945465811744e-01
1.650461905480517000e+15,3.855009494962027827e-01
1.650461905482441750e+15,3.849153044458243356e-01
1.650461905484366500e+15,3.843296593954459439e-01
1.650461905486291250e+15,3.837440143450675523e-01
1.650461905488215750e+15,3.831584453623667619e-01
1.650461905490140500e+15,3.825728003119883702e-01
1.650461905492065250e+15,3.819871552616099786e-01
1.650461905493990000e+15,3.814015102112315314e-01
1.650461905495914750e+15,3.808158651608531398e-01
1.650461905497839500e+15,3.804272353956390518e-01
1.650461905499764000e+15,3.804272353956390518e-01
1.650461905501688750e+15,3.804272353956390518e-01
1.650461905503613500e+15,3.804272353956390518e-01
1.650461905505538250e+15,3.804272353956390518e-01
1.650461905507463000e+15,3.804272353956390518e-01
1.650461905509387750e+15,3.804272353956390518e-01
1.650461905511312250e+15,3.804272353956390518e-01
1.650461905513237000e+15,3.804272353956390518e-01
1.650461905515161750e+15,3.804272353956389963e-01
1.650461905517086500e+15,3.804272353956390518e-01
1.650461905519011250e+15,3.804272353956390518e-01
1.650461905520936000e+15,3.804272353956390518e-01
1.650461905522860500e+15,3.806820603803654501e-01
1.650461905524785250e+15,3.815240764994252132e-01
1.650461905526710000e+15,3.823660926184849207e-01
1.650461905528634750e+15,3.832081087375445172e-01
1.650461905530559500e+15,3.840501248566042247e-01
1.650461905532484250e+15,3.848921409756639322e-01
1.650461905534408750e+15,3.857340477277774182e-01
1.650461905536333500e+15,3.865462630664355803e-01
1.650461905538258250e+15,3.854439045387899054e-01
1.650461905540183000e+15,3.843415460111442306e-01
1.650461905542107750e+15,3.832391874834985557e-01
1.650461905544032500e+15,3.821368289558528808e-01
1.650461905545957000e+15,3.810346136102474857e-01
1.650461905547881750e+15,3.799322550826017553e-01
1.650461905549806500e+15,3.788298965549560249e-01
1.650461905551731250e+15,3.777275380273104055e-01
1.650461905553656000e+15,3.766251794996647306e-01
1.650461905555580750e+15,3.755228209720190002e-01
1.650461905557505250e+15,3.744206056264135496e-01
1.650461905559430000e+15,3.742913122440959528e-01
1.650461905561354750e+15,3.742913122440958418e-01
1.650461905563279500e+15,3.742913122440959528e-01
1.650461905565204250e+15,3.742913122440958973e-01
1.650461905567129000e+15,3.742913122440958973e-01
1.650461905569053750e+15,3.742913122440958973e-01
1.650461905570978250e+15,3.742913122440959528e-01
1.650461905572903000e+15,3.742913122440961748e-01
1.650461905574827750e+15,3.742913122440963414e-01
1.650461905576752500e+15,3.742913122440965079e-01
1.650461905578677250e+15,3.742913122440966744e-01
1.650461905580602000e+15,3.742913122440966744e-01
1.650461905582526500e+15,3.742913122440967300e-01
1.650461905584451250e+15,3.742913122440967300e-01
1.650461905586376000e+15,3.742913122440967300e-01
1.650461905588300750e+15,3.742913122440967300e-01
1.650461905590225500e+15,3.742913122440967300e-01
1.650461905592150250e+15,3.742913122440967300e-01
1.650461905594074750e+15,3.742913122440967300e-01
1.650461905595999500e+15,3.742913122440966744e-01
1.650461905597924250e+15,3.742913122440967300e-01
1.650461905599849000e+15,3.742913122440967300e-01
1.650461905601773750e+15,3.742913122440967300e-01
1.650461905603698500e+15,3.742913122440967300e-01
1.650461905605623000e+15,3.742913122440966189e-01
1.650461905607547750e+15,3.742913122440965079e-01
1.650461905609472500e+15,3.742913122440962859e-01
1.650461905611397250e+15,3.742913122440961748e-01
1.650461905613322000e+15,3.742913122440961193e-01
1.650461905615246750e+15,3.742913122440960083e-01
1.650461905617171250e+15,3.742913122440959528e-01
1.650461905619096000e+15,3.742913122440960083e-01
1.650461905621020750e+15,3.742913122440961193e-01
1.650461905622945500e+15,3.742913122440961748e-01
1.650461905624870250e+15,3.742913122440962304e-01
1.650461905626795000e+15,3.742913122440962859e-01
1.650461905628719500e+15,3.742913122440963414e-01
1.650461905630644250e+15,3.742913122440963969e-01
1.650461905632569000e+15,3.742913122440965079e-01
1.650461905634493750e+15,3.742913122440965634e-01
1.650461905636418500e+15,3.742913122440966744e-01
1.650461905638343250e+15,3.742913122440966744e-01
1.650461905640267750e+15,3.741231924637156148e-01
1.650461905642192500e+15,3.731358894971604778e-01
1.650461905644117250e+15,3.721485865306053409e-01
1.650461905646042000e+15,3.711612835640502039e-01
1.650461905647966750e+15,3.701739805974950115e-01
1.650461905649891500e+15,3.691866776309398746e-01
1.650461905651816000e+15,3.681995029022034904e-01
1.650461905653740750e+15,3.672860387539113591e-01
1.650461905655665500e+15,3.663760281139104569e-01
1.650461905657590250e+15,3.654660174739096101e-01
1.650461905659515000e+15,3.645560068339087634e-01
1.650461905661439750e+15,3.636459961939078611e-01
1.650461905663364250e+15,3.627361037524574616e-01
1.650461905665289000e+15,3.620194659410110871e-01
1.650461905667213750e+15,3.620194659410110871e-01
1.650461905669138500e+15,3.620194659410111426e-01
1.650461905671063250e+15,3.620194659410111981e-01
1.650461905672988000e+15,3.618822349110852321e-01
1.650461905674912500e+15,3.612887492546976165e-01
1.650461905676837250e+15,3.606951865022257619e-01
1.650461905678762000e+15,3.601016237497539074e-01
1.650461905680686750e+15,3.595080609972820529e-01
1.650461905682611500e+15,3.589144982448101429e-01
1.650461905684536250e+15,3.583209354923382328e-01
1.650461905686460750e+15,3.577274498359506727e-01
1.650461905688385500e+15,3.571338870834787627e-01
1.650461905690310250e+15,3.565403243310069081e-01
1.650461905692235000e+15,3.559467615785350536e-01
1.650461905694159750e+15,3.567981080381996684e-01
1.650461905696084500e+15,3.578216925490275147e-01
1.650461905698009000e+15,3.588451441095357186e-01
1.650461905699933750e+15,3.598687286203636759e-01
1.650461905701858500e+15,3.608923131311915222e-01
1.650461905703783250e+15,3.619158976420193685e-01
1.650461905705708000e+15,3.629394821528472148e-01
1.650461905707632750e+15,3.639630666636750611e-01
1.650461905709557250e+15,3.649865182241833206e-01
1.650461905711482000e+15,3.660101027350112224e-01
1.650461905713406750e+15,3.670336872458390687e-01
1.650461905715331500e+15,3.680572717566669705e-01
1.650461905717256250e+15,3.674410911285109771e-01
1.650461905719181000e+15,3.666510638299672054e-01
1.650461905721105500e+15,3.658611391456978446e-01
1.650461905723030250e+15,3.650711118471540173e-01
1.650461905724955000e+15,3.642810845486102456e-01
1.650461905726879750e+15,3.634910572500664738e-01
1.650461905728804500e+15,3.627010299515226466e-01
1.650461905730729250e+15,3.620807092910695579e-01
1.650461905732653750e+15,3.625267370193091532e-01
1.650461905734578500e+15,3.629728226882772413e-01
1.650461905736503250e+15,3.634189083572453849e-01
1.650461905738428000e+15,3.638649940262135285e-01
1.650461905740352750e+15,3.643110796951816166e-01
1.650461905742277500e+15,3.647571653641497047e-01
1.650461905744202000e+15,3.652031930923893555e-01
1.650461905746126750e+15,3.656492787613574436e-01
1.650461905748051500e+15,3.660953644303256427e-01
1.650461905749976250e+15,3.665414500992937308e-01
1.650461905751901000e+15,3.669875357682618189e-01
1.650461905753825750e+15,3.674336214372300180e-01
1.650461905755750250e+15,3.678796491654696132e-01
1.650461905757675000e+15,3.678063793791667702e-01
1.650461905759599750e+15,3.668924250310836577e-01
1.650461905761524500e+15,3.659784706830003786e-01
1.650461905763449250e+15,3.650645163349172106e-01
1.650461905765374000e+15,3.641505619868339316e-01
1.650461905767298500e+15,3.632367263495376308e-01
1.650461905769223250e+15,3.623227720014544073e-01
1.650461905771148000e+15,3.620194659410111426e-01
1.650461905773072750e+15,3.620194659410111426e-01
1.650461905774997500e+15,3.620194659410111981e-01
1.650461905776922250e+15,3.620194659410111426e-01
1.650461905778846750e+15,3.620194659410111426e-01
1.650461905780771500e+15,3.620194659410111981e-01
1.650461905782696250e+15,3.620194659410111426e-01
1.650461905784621000e+15,3.620194659410111426e-01
1.650461905786545750e+15,3.620194659410111426e-01
1.650461905788470500e+15,3.620194659410111426e-01
1.650461905790395000e+15,3.620194659410111426e-01
1.650461905792319750e+15,3.620194659410111426e-01
1.650461905794244500e+15,3.615004285262742312e-01
1.650461905796169250e+15,3.609797002156071022e-01
1.650461905798094000e+15,3.604589719049399177e-01
1.650461905800018750e+15,3.599382435942727887e-01
1.650461905801943250e+15,3.594175829194428129e-01
1.650461905803868000e+15,3.588968546087756284e-01
1.650461905805792750e+15,3.583761262981085549e-01
1.650461905807717500e+15,3.578553979874413704e-01
1.650461905809642250e+15,3.573346696767741859e-01
1.650461905811567000e+15,3.568139413661071124e-01
1.650461905813491500e+15,3.562932806912771366e-01
1.650461905815416250e+15,3.558835427894688763e-01
1.650461905817341000e+15,3.558835427894687653e-01
1.650461905819265750e+15,3.558835427894686543e-01
1.650461905821190500e+15,3.558835427894686543e-01
1.650461905823115250e+15,3.558835427894685433e-01
1.650461905825039750e+15,3.558835427894684322e-01
1.650461905826964500e+15,3.558835427894683767e-01
1.650461905828889250e+15,3.558835427894682657e-01
1.650461905830814000e+15,3.558835427894682102e-01
1.650461905832738750e+15,3.558835427894681547e-01
1.650461905834663500e+15,3.558835427894680437e-01
1.650461905836588000e+15,3.555514322629387824e-01
1.650461905838512750e+15,3.550704467580951817e-01
1.650461905840437500e+15,3.545894612532515255e-01
1.650461905842362250e+15,3.541084757484079248e-01
1.650461905844287000e+15,3.536274902435643797e-01
1.650461905846211750e+15,3.531465047387207790e-01
1.650461905848136250e+15,3.526655817076406185e-01
1.650461905850061000e+15,3.521845962027970733e-01
1.650461905851985750e+15,3.517036106979534171e-01
1.650461905853910500e+15,3.512226251931098719e-01
1.650461905855835250e+15,3.507416396882662712e-01
1.650461905857760000e+15,3.502606541834226705e-01
1.650461905859684500e+15,3.497797311523425656e-01
1.650461905861609250e+15,3.487673944546322846e-01
1.650461905863534000e+15,3.477170459944817216e-01
1.650461905865458750e+15,3.466666975343312140e-01
1.650461905867383500e+15,3.456163490741807065e-01
1.650461905869308250e+15,3.445660006140301990e-01
1.650461905871232750e+15,3.436116964863833445e-01
1.650461905873157500e+15,3.436116964863834000e-01
1.650461905875082250e+15,3.436116964863835666e-01
1.650461905877007000e+15,3.436116964863835666e-01
1.650461905878931750e+15,3.436116964863836776e-01
1.650461905880856500e+15,3.436116964863837331e-01
1.650461905882781000e+15,3.436116964863838441e-01
1.650461905884705750e+15,3.436116964863838996e-01
1.650461905886630500e+15,3.436116964863840106e-01
1.650461905888555250e+15,3.436116964863840662e-01
1.650461905890480000e+15,3.436116964863841772e-01
1.650461905892404750e+15,3.436116964863842327e-01
1.650461905894329250e+15,3.436116964863841772e-01
1.650461905896254000e+15,3.436116964863840106e-01
1.650461905898178750e+15,3.436116964863838996e-01
1.650461905900103500e+15,3.436116964863836776e-01
1.650461905902028250e+15,3.436116964863834555e-01
1.650461905903953000e+15,3.436116964863833445e-01
1.650461905905877500e+15,3.436116964863834000e-01
1.650461905907802250e+15,3.436116964863834555e-01
1.650461905909727000e+15,3.436116964863835666e-01
1.650461905911651750e+15,3.436116964863836776e-01
1.650461905913576500e+15,3.436116964863837331e-01
1.650461905915501250e+15,3.436116964863838441e-01
1.650461905917425750e+15,3.436116964863839551e-01
1.650461905919350500e+15,3.436116964863840106e-01
1.650461905921275250e+15,3.436116964863841217e-01
1.650461905923200000e+15,3.436116964863841772e-01
1.650461905925124750e+15,3.436116964863842882e-01
1.650461905927049500e+15,3.429588514483318251e-01
1.650461905928974250e+15,3.422070934543195442e-01
1.650461905930898750e+15,3.414554331038965884e-01
1.650461905932823500e+15,3.407036751098842520e-01
1.650461905934748250e+15,3.399519171158719710e-01
1.650461905936673000e+15,3.392001591218596901e-01
1.650461905938597750e+15,3.384484011278474092e-01
1.650461905940522500e+15,3.376966431338351282e-01
1.650461905942447000e+15,3.374757733348410227e-01
1.650461905944371750e+15,3.374757733348410227e-01
1.650461905946296500e+15,3.374757733348410227e-01
1.650461905948221250e+15,3.374757733348410227e-01
1.650461905950146000e+15,3.374757733348410227e-01
1.650461905952070750e+15,3.374757733348410227e-01
1.650461905953995250e+15,3.374757733348410227e-01
1.650461905955920000e+15,3.374757733348409672e-01
1.650461905957844750e+15,3.374757733348410227e-01
1.650461905959769500e+15,3.374757733348410227e-01
1.650461905961694250e+15,3.374757733348410227e-01
1.650461905963619000e+15,3.374757733348410227e-01
1.650461905965543500e+15,3.374757733348410227e-01
1.650461905967468250e+15,3.374757733348410227e-01
1.650461905969393000e+15,3.374757733348410227e-01
1.650461905971317750e+15,3.374757733348410227e-01
1.650461905973242500e+15,3.370581982236753316e-01
1.650461905975167250e+15,3.358736327185668502e-01
1.650461905977091750e+15,3.346892210731160500e-01
1.650461905979016500e+15,3.335046555680075131e-01
1.650461905980941250e+15,3.323200900628989762e-01
1.650461905982866000e+15,3.311355245577904949e-01
1.650461905984790750e+15,3.299509590526820135e-01
1.650461905986715500e+15,3.287663935475734767e-01
1.650461905988640000e+15,3.275819819021226764e-01
1.650461905990564750e+15,3.263974163970141396e-01
1.650461905992489500e+15,3.252128508919056582e-01
1.650461905994414250e+15,3.265308243205124472e-01
1.650461905996339000e+15,3.278677935949712574e-01
1.650461905998263750e+15,3.292047628694300676e-01
1.650461906000188250e+15,3.305415584889629943e-01
1.650461906002113000e+15,3.318785277634218045e-01
1.650461906004037750e+15,3.332154970378806147e-01
1.650461906005962500e+15,3.345524663123394249e-01
1.650461906007887250e+15,3.358894355867982351e-01
1.650461906009812000e+15,3.372264048612571008e-01
1.650461906011736500e+15,3.374757733348410782e-01
1.650461906013661250e+15,3.374757733348410227e-01
1.650461906015586000e+15,3.374757733348410227e-01
1.650461906017510750e+15,3.374757733348410227e-01
1.650461906019435500e+15,3.374757733348410227e-01
1.650461906021360250e+15,3.374757733348410227e-01
1.650461906023284750e+15,3.374757733348410782e-01
1.650461906025209500e+15,3.374757733348410782e-01
1.650461906027134250e+15,3.374757733348410227e-01
1.650461906029059000e+15,3.365473887510256890e-01
1.650461906030983750e+15,3.350851070589646596e-01
1.650461906032908500e+15,3.336228253669035748e-01
1.650461906034833000e+15,3.321607336062221694e-01
1.650461906036757750e+15,3.306984519141611401e-01
1.650461906038682500e+15,3.292361702221000552e-01
1.650461906040607250e+15,3.277738885300390259e-01
1.650461906042532000e+15,3.263116068379779966e-01
1.650461906044456750e+15,3.252039270317563791e-01
1.650461906046381250e+15,3.252039270317562125e-01
1.650461906048306000e+15,3.252039270317560460e-01
1.650461906050230750e+15,3.252039270317558239e-01
1.650461906052155500e+15,3.252039270317557129e-01
1.650461906054080250e+15,3.252039270317555464e-01
1.650461906056005000e+15,3.242470551691365444e-01
1.650461906057929500e+15,3.228870109301335001e-01
1.650461906059854250e+15,3.215267900161188908e-01
1.650461906061779000e+15,3.201665691021042814e-01
1.650461906063703750e+15,3.188063481880896721e-01
1.650461906065628500e+15,3.174461272740750073e-01
1.650461906067553250e+15,3.160859063600603980e-01
1.650461906069477750e+15,3.147258621210573537e-01
1.650461906071402500e+15,3.133656412070426889e-01
1.650461906073327250e+15,3.135133775448293303e-01
1.650461906075252000e+15,3.143666481239735244e-01
1.650461906077176750e+15,3.152199187031177186e-01
1.650461906079101500e+15,3.160731892822619127e-01
1.650461906081026000e+15,3.169263490326518218e-01
1.650461906082950750e+15,3.177796196117960159e-01
1.650461906084875500e+15,3.186328901909402656e-01
1.650461906086800250e+15,3.187029408353868054e-01
1.650461906088725000e+15,3.179580109699942647e-01
1.650461906090649750e+15,3.172130811046017240e-01
1.650461906092574250e+15,3.164682479959134431e-01
1.650461906094499000e+15,3.157233181305209024e-01
1.650461906096423750e+15,3.149783882651283617e-01
1.650461906098348500e+15,3.142334583997358211e-01
1.650461906100273250e+15,3.134885285343433359e-01
1.650461906102198000e+15,3.129320807286708472e-01
1.650461906104122500e+15,3.129320807286708472e-01
1.650461906106047250e+15,3.129320807286708472e-01
1.650461906107972000e+15,3.129320807286708472e-01
1.650461906109896750e+15,3.129320807286708472e-01
1.650461906111821500e+15,3.129320807286708472e-01
1.650461906113746250e+15,3.129320807286708472e-01
1.650461906115670750e+15,3.129320807286708472e-01
1.650461906117595500e+15,3.129320807286707917e-01
1.650461906119520250e+15,3.129320807286707917e-01
1.650461906121445000e+15,3.129320807286708472e-01
1.650461906123369750e+15,3.129320807286708472e-01
1.650461906125294500e+15,3.129320807286708472e-01
1.650461906127219000e+15,3.129320807286708472e-01
1.650461906129143750e+15,3.129320807286708472e-01
1.650461906131068500e+15,3.129320807286708472e-01
1.650461906132993250e+15,3.132035344026502521e-01
1.650461906134918000e+15,3.137527911269517578e-01
1.650461906136842750e+15,3.143020478512532634e-01
1.650461906138767250e+15,3.148512332342475739e-01
1.650461906140692000e+15,3.154004899585490795e-01
1.650461906142616750e+15,3.159497466828505852e-01
1.650461906144541500e+15,3.164990034071520908e-01
1.650461906146466250e+15,3.170482601314535964e-01
1.650461906148391000e+15,3.175975168557551020e-01
1.650461906150315500e+15,3.181467022387493571e-01
1.650461906152240250e+15,3.186959589630509182e-01
1.650461906154165000e+15,3.187676642981915331e-01
1.650461906156089750e+15,3.178367808674411044e-01
1.650461906158014500e+15,3.169058974366906756e-01
1.650461906159939250e+15,3.159750140059401913e-01
1.650461906161863750e+15,3.150442514848443287e-01
1.650461906163788500e+15,3.141133680540938444e-01
1.650461906165713250e+15,3.131824846233434156e-01
1.650461906167638000e+15,3.135967899890821364e-01
1.650461906169562750e+15,3.145060999741400853e-01
1.650461906171487500e+15,3.154154099591980343e-01
1.650461906173412000e+15,3.163246018367114609e-01
1.650461906175336750e+15,3.172339118217694653e-01
1.650461906177261500e+15,3.181432218068274143e-01
1.650461906179186250e+15,3.190525317918853632e-01
1.650461906181111000e+15,3.178505996643247733e-01
1.650461906183035750e+15,3.166121225160516417e-01
1.650461906184960250e+15,3.153738062298577782e-01
1.650461906186885000e+15,3.141353290815845911e-01
1.650461906188809750e+15,3.129320807286708472e-01
1.650461906190734500e+15,3.129320807286708472e-01
1.650461906192659250e+15,3.129320807286708472e-01
1.650461906194584000e+15,3.129320807286708472e-01
1.650461906196508500e+15,3.129320807286708472e-01
1.650461906198433250e+15,3.129320807286707917e-01
1.650461906200358000e+15,3.124243616224816056e-01
1.650461906202282750e+15,3.113421552552193550e-01
1.650461906204207500e+15,3.102599488879571599e-01
1.650461906206132250e+15,3.091777425206949648e-01
1.650461906208056750e+15,3.080956767179693356e-01
1.650461906209981500e+15,3.070134703507070850e-01
1.650461906211906250e+15,3.071757507316767999e-01
1.650461906213831000e+15,3.076507202907329819e-01
1.650461906215755750e+15,3.081256898497891639e-01
1.650461906217680500e+15,3.086006594088454014e-01
1.650461906219605000e+15,3.090755672755312600e-01
1.650461906221529750e+15,3.095505368345874420e-01
1.650461906223454500e+15,3.100255063936436795e-01
1.650461906225379250e+15,3.105004759526998614e-01
1.650461906227304000e+15,3.109754455117560989e-01
1.650461906229228750e+15,3.114504150708122809e-01
1.650461906231153250e+15,3.119253229374981951e-01
1.650461906233078000e+15,3.124002924965544326e-01
1.650461906235002750e+15,3.128752620556106701e-01
1.650461906236927500e+15,3.129320807286708472e-01
1.650461906238852250e+15,3.129320807286708472e-01
1.650461906240777000e+15,3.129320807286708472e-01
1.650461906242701500e+15,3.126911302008794635e-01
1.650461906244626250e+15,3.112023034645501340e-01
1.650461906246551000e+15,3.097134767282208601e-01
1.650461906248475750e+15,3.082246499918915861e-01
1.650461906250400500e+15,3.067358232555623676e-01
1.650461906252325250e+15,3.052469965192330381e-01
1.650461906254249750e+15,3.037583631621396107e-01
1.650461906256174500e+15,3.022695364258102813e-01
1.650461906258099250e+15,3.007807096894810073e-01
1.650461906260024000e+15,3.039826856208958095e-01
1.650461906261948750e+15,3.075976590172631031e-01
1.650461906263873500e+15,3.112126324136303968e-01
1.650461906265798000e+15,3.124778846711617764e-01
1.650461906267722750e+15,3.116114685545208207e-01
1.650461906269647500e+15,3.107450524378798651e-01
1.650461906271572250e+15,3.098786363212389094e-01
1.650461906273497000e+15,3.090122202045979538e-01
1.650461906275421750e+15,3.081458040879569982e-01
1.650461906277346500e+15,3.072793879713159870e-01
1.650461906279271000e+15,3.067961575771276372e-01
1.650461906281195750e+15,3.067961575771276372e-01
1.650461906283120500e+15,3.067961575771276372e-01
1.650461906285045250e+15,3.067961575771276372e-01
1.650461906286970000e+15,3.067961575771276372e-01
1.650461906288894750e+15,3.067961575771276372e-01
1.650461906290819250e+15,3.067961575771276372e-01
1.650461906292744000e+15,3.060576397341244204e-01
1.650461906294668750e+15,3.051499371681470341e-01
1.650461906296593500e+15,3.042422346021697033e-01
1.650461906298518250e+15,3.033345320361923725e-01
1.650461906300443000e+15,3.024268294702150417e-01
1.650461906302367500e+15,3.015192448029993533e-01
1.650461906304292250e+15,3.006861628067507564e-01
1.650461906306217000e+15,3.011695105224719837e-01
1.650461906308141750e+15,3.016528582381931001e-01
1.650461906310066500e+15,3.021362059539142719e-01
1.650461906311991250e+15,3.026195536696354438e-01
1.650461906313915750e+15,3.031028386047727174e-01
1.650461906315840500e+15,3.035861863204938893e-01
1.650461906317765250e+15,3.040695340362150612e-01
1.650461906319690000e+15,3.045528817519361775e-01
1.650461906321614750e+15,3.050362294676574049e-01
1.650461906323539500e+15,3.055195771833785767e-01
1.650461906325464000e+15,3.060028621185157949e-01
1.650461906327388750e+15,3.064862098342369112e-01
1.650461906329313500e+15,3.063784453681027142e-01
1.650461906331238250e+15,3.052140839281015650e-01
1.650461906333163000e+15,3.040497224881004712e-01
1.650461906335087750e+15,3.028853610480993219e-01
1.650461906337012250e+15,3.017211508435106437e-01
1.650461906338937000e+15,3.006602344255852044e-01
1.650461906340861750e+15,3.006602344255852599e-01
1.650461906342786500e+15,3.006602344255852599e-01
1.650461906344711250e+15,3.006602344255852599e-01
1.650461906346636000e+15,3.006602344255852599e-01
1.650461906348560500e+15,3.006602344255853154e-01
1.650461906350485250e+15,3.006602344255852599e-01
1.650461906352410000e+15,3.006602344255853154e-01
1.650461906354334750e+15,3.006602344255853154e-01
1.650461906356259500e+15,3.006602344255853154e-01
1.650461906358184250e+15,3.006602344255853154e-01
1.650461906360108750e+15,3.006602344255853154e-01
1.650461906362033500e+15,3.006602344255853154e-01
1.650461906363958250e+15,3.006602344255853709e-01
1.650461906365883000e+15,3.006602344255853154e-01
1.650461906367807750e+15,3.006602344255853154e-01
1.650461906369732500e+15,3.006602344255853154e-01
1.650461906371657000e+15,3.006602344255853154e-01
1.650461906373581750e+15,3.006602344255853154e-01
1.650461906375506500e+15,3.006602344255853154e-01
1.650461906377431250e+15,3.006602344255853154e-01
1.650461906379356000e+15,3.006602344255853154e-01
1.650461906381280750e+15,3.006602344255853154e-01
1.650461906383205250e+15,3.006602344255853154e-01
1.650461906385130000e+15,3.006933897426095070e-01
1.650461906387054750e+15,3.012954246147067083e-01
1.650461906388979500e+15,3.018974594868039096e-01
1.650461906390904250e+15,3.024994943589011109e-01
1.650461906392829000e+15,3.031015292309983677e-01
1.650461906394753500e+15,3.037034859065931292e-01
1.650461906396678250e+15,3.043055207786903860e-01
1.650461906398603000e+15,3.049075556507875873e-01
1.650461906400527750e+15,3.055095905228848441e-01
1.650461906402452500e+15,3.061116253949820454e-01
1.650461906404377250e+15,3.067136602670792467e-01
1.650461906406301750e+15,3.048268398896362696e-01
1.650461906408226500e+15,3.025444709484959027e-01
1.650461906410151250e+15,3.002621020073555358e-01
1.650461906412076000e+15,2.979797330662151134e-01
1.650461906414000750e+15,2.956973641250747464e-01
1.650461906415925500e+15,2.945243112740431046e-01
1.650461906417850000e+15,2.945243112740431601e-01
1.650461906419774750e+15,2.945243112740431046e-01
1.650461906421699500e+15,2.945243112740431046e-01
1.650461906423624250e+15,2.945243112740431046e-01
1.650461906425549000e+15,2.945243112740431046e-01
1.650461906427473750e+15,2.945243112740431046e-01
1.650461906429398250e+15,2.945243112740431046e-01
1.650461906431323000e+15,2.945243112740431046e-01
1.650461906433247750e+15,2.945243112740431046e-01
1.650461906435172500e+15,2.945243112740431046e-01
1.650461906437097250e+15,2.945243112740431046e-01
1.650461906439022000e+15,2.945243112740431046e-01
1.650461906440946500e+15,2.945243112740431046e-01
1.650461906442871250e+15,2.945243112740431046e-01
1.650461906444796000e+15,2.945243112740430491e-01
1.650461906446720750e+15,2.945243112740430491e-01
1.650461906448645500e+15,2.945243112740431046e-01
1.650461906450570250e+15,2.946073593018234682e-01
1.650461906452494750e+15,2.951776569983918241e-01
1.650461906454419500e+15,2.957480287788387119e-01
1.650461906456344250e+15,2.963184005592855996e-01
1.650461906458269000e+15,2.968887723397324319e-01
1.650461906460193750e+15,2.974591441201792641e-01
1.650461906462118500e+15,2.980295159006260963e-01
1.650461906464043000e+15,2.985998135971945078e-01
1.650461906465967750e+15,2.991701853776413955e-01
1.650461906467892500e+15,2.997405571580881722e-01
1.650461906469817250e+15,3.003109289385350045e-01
1.650461906471742000e+15,2.999824025477466072e-01
1.650461906473666750e+15,2.982335326993929558e-01
1.650461906475591250e+15,2.964848900064944170e-01
1.650461906477516000e+15,2.947360201581408212e-01
1.650461906479440750e+15,2.929871503097871699e-01
1.650461906481365500e+15,2.912382804614335741e-01
1.650461906483290250e+15,2.894894106130799782e-01
1.650461906485215000e+15,2.879611505046247300e-01
1.650461906487139500e+15,2.868079684631067994e-01
1.650461906489064250e+15,2.856546366187775465e-01
1.650461906490989000e+15,2.845013047744483492e-01
1.650461906492913750e+15,2.833479729301191519e-01
1.650461906494838500e+15,2.822524649709582389e-01
1.650461906496763250e+15,2.822524649709582945e-01
1.650461906498687750e+15,2.822524649709582389e-01
1.650461906500612500e+15,2.822524649709582945e-01
1.650461906502537250e+15,2.822524649709583500e-01
1.650461906504462000e+15,2.822524649709583500e-01
1.650461906506386750e+15,2.827681685617805529e-01
1.650461906508311500e+15,2.836707377697232912e-01
1.650461906510236000e+15,2.845731897456609261e-01
1.650461906512160750e+15,2.854757589536036644e-01
1.650461906514085500e+15,2.863783281615464582e-01
1.650461906516010250e+15,2.872808973694891965e-01
1.650461906517935000e+15,2.881834665774319904e-01
1.650461906519859750e+15,2.876496392620402909e-01
1.650461906521784250e+15,2.866940202521556236e-01
1.650461906523709000e+15,2.857382771036621749e-01
1.650461906525633750e+15,2.847825339551687263e-01
1.650461906527558500e+15,2.838267908066753331e-01
1.650461906529483250e+15,2.828710476581818845e-01
1.650461906531408000e+15,2.822524649709572953e-01
1.650461906533332500e+15,2.822524649709574618e-01
1.650461906535257250e+15,2.822524649709576283e-01
1.650461906537182000e+15,2.822524649709577949e-01
1.650461906539106750e+15,2.822524649709580169e-01
1.650461906541031500e+15,2.822524649709581834e-01
1.650461906542956250e+15,2.819254924663208706e-01
1.650461906544880750e+15,2.793063100098178708e-01
1.650461906546805500e+15,2.766867873113745824e-01
1.650461906548730250e+15,2.740672646129313494e-01
1.650461906550655000e+15,2.714477419144880610e-01
1.650461906552579750e+15,2.688282192160448281e-01
1.650461906554504500e+15,2.662086965176014841e-01
1.650461906556429000e+15,2.635895140610985399e-01
1.650461906558353750e+15,2.609699913626552514e-01
1.650461906560278500e+15,2.583504686642120185e-01
1.650461906562203250e+15,2.581003854662365371e-01
1.650461906564128000e+15,2.586190555622370768e-01
1.650461906566052750e+15,2.591377256582375055e-01
1.650461906567977250e+15,2.596563283857361015e-01
1.650461906569902000e+15,2.601749984817365857e-01
1.650461906571826750e+15,2.606936685777371254e-01
1.650461906573751500e+15,2.612123386737376096e-01
1.650461906575676250e+15,2.617310087697380938e-01
1.650461906577601000e+15,2.622496788657385780e-01
1.650461906579525500e+15,2.627682815932371740e-01
1.650461906581450250e+15,2.632869516892376582e-01
1.650461906583375000e+15,2.638056217852381424e-01
1.650461906585299750e+15,2.638446955163304963e-01
1.650461906587224500e+15,2.638446955163304963e-01
1.650461906589149250e+15,2.638446955163304963e-01
1.650461906591073750e+15,2.638446955163304963e-01
1.650461906592998500e+15,2.638446955163304963e-01
1.650461906594923250e+15,2.638446955163304963e-01
1.650461906596848000e+15,2.638446955163304408e-01
1.650461906598772750e+15,2.638446955163304408e-01
1.650461906600697500e+15,2.638446955163303853e-01
1.650461906602622000e+15,2.638446955163303853e-01
1.650461906604546750e+15,2.638446955163303298e-01
1.650461906606471500e+15,2.638446955163302743e-01
1.650461906608396250e+15,2.638446955163302743e-01
1.650461906610321000e+15,2.644604441496556935e-01
1.650461906612245750e+15,2.659976194829801188e-01
1.650461906614170250e+15,2.675345951572146164e-01
1.650461906616095000e+15,2.690717704905390417e-01
1.650461906618019750e+15,2.695250281111084001e-01
1.650461906619944500e+15,2.684104454302919107e-01
1.650461906621869250e+15,2.672958627494753658e-01
1.650461906623794000e+15,2.661812800686588765e-01
1.650461906625718500e+15,2.650668421576412026e-01
1.650461906627643250e+15,2.639522594768247132e-01
1.650461906629568000e+15,2.630886287438132243e-01
1.650461906631492750e+15,2.622518032576705016e-01
1.650461906633417500e+15,2.614149777715276679e-01
1.650461906635342250e+15,2.605781522853848897e-01
1.650461906637267000e+15,2.597413267992421670e-01
1.650461906639191500e+15,2.589046100058499111e-01
1.650461906641116250e+15,2.580677845197071330e-01
1.650461906643041000e+15,2.583128013457566818e-01
1.650461906644965750e+15,2.593706764878143112e-01
1.650461906646890500e+15,2.604285516298719960e-01
1.650461906648815250e+15,2.614864267719296254e-01
1.650461906650739750e+15,2.625441645097604804e-01
1.650461906652664500e+15,2.636020396518181097e-01
1.650461906654589250e+15,2.623725007550023469e-01
1.650461906656514000e+15,2.604620966647515079e-01
1.650461906658438750e+15,2.585516925745005024e-01
1.650461906660363500e+15,2.566412884842496078e-01
1.650461906662288000e+15,2.547311325306516050e-01
1.650461906664212750e+15,2.528207284404007105e-01
1.650461906666137500e+15,2.524412322734919112e-01
1.650461906668062250e+15,2.549452327157546438e-01
1.650461906669987000e+15,2.574492331580173210e-01
1.650461906671911750e+15,2.599532336002799982e-01
1.650461906673836250e+15,2.624569088054414245e-01
1.650461906675761000e+15,2.636751752283338357e-01
1.650461906677685750e+15,2.632948906428774771e-01
1.650461906679610500e+15,2.629146060574211186e-01
1.650461906681535250e+15,2.625343214719648155e-01
1.650461906683460000e+15,2.621540368865084014e-01
1.650461906685384500e+15,2.617738016950754143e-01
1.650461906687309250e+15,2.613935171096190002e-01
1.650461906689234000e+15,2.610132325241626972e-01
1.650461906691158750e+15,2.606329479387062831e-01
1.650461906693083500e+15,2.602526633532499800e-01
1.650461906695008250e+15,2.598723787677936214e-01
1.650461906696932750e+15,2.594921435763605788e-01
1.650461906698857500e+15,2.591118589909041647e-01
1.650461906700782250e+15,2.587315744054478617e-01
1.650461906702707000e+15,2.583512898199915031e-01
1.650461906704631750e+15,2.579710052345351445e-01
1.650461906706556500e+15,2.577087723647873974e-01
1.650461906708481000e+15,2.577087723647873974e-01
1.650461906710405750e+15,2.577087723647873418e-01
1.650461906712330500e+15,2.577087723647872863e-01
1.650461906714255250e+15,2.577087723647872863e-01
1.650461906716180000e+15,2.577087723647872308e-01
1.650461906718104750e+15,2.577087723647871753e-01
1.650461906720029250e+15,2.577087723647871753e-01
1.650461906721954000e+15,2.577087723647871198e-01
1.650461906723878750e+15,2.577087723647870643e-01
1.650461906725803500e+15,2.569947449167645503e-01
1.650461906727728250e+15,2.561140500557704813e-01
1.650461906729653000e+15,2.552333551947764123e-01
1.650461906731577500e+15,2.543527747245942772e-01
1.650461906733502250e+15,2.534720798636001526e-01
1.650461906735427000e+15,2.525913850026061391e-01
1.650461906737351750e+15,2.517106901416120146e-01
1.650461906739276500e+15,2.515728492132449645e-01
1.650461906741201250e+15,2.515728492132449090e-01
1.650461906743125750e+15,2.515728492132448535e-01
1.650461906745050500e+15,2.515728492132448535e-01
1.650461906746975250e+15,2.515728492132447980e-01
1.650461906748900000e+15,2.515728492132447425e-01
1.650461906750824750e+15,2.515728492132447425e-01
1.650461906752749500e+15,2.515728492132447425e-01
1.650461906754674000e+15,2.515728492132447425e-01
1.650461906756598750e+15,2.515728492132447425e-01
1.650461906758523500e+15,2.515728492132447425e-01
1.650461906760448250e+15,2.515728492132447425e-01
1.650461906762373000e+15,2.515728492132447980e-01
1.650461906764297750e+15,2.515728492132447425e-01
1.650461906766222250e+15,2.515728492132447425e-01
1.650461906768147000e+15,2.515728492132447425e-01
1.650461906770071750e+15,2.515728492132447425e-01
1.650461906771996500e+15,2.515728492132447425e-01
1.650461906773921250e+15,2.515728492132447980e-01
1.650461906775846000e+15,2.509796915656519189e-01
1.650461906777770500e+15,2.488539338509546672e-01
1.650461906779695250e+15,2.467278999921011517e-01
1.650461906781620000e+15,2.446018661332476918e-01
1.650461906783544750e+15,2.424758322743942041e-01
1.650461906785469500e+15,2.403497984155407163e-01
1.650461906787394250e+15,2.396338204326040333e-01
1.650461906789318750e+15,2.402905826186520766e-01
1.650461906791243500e+15,2.409474301206505076e-01
1.650461906793168250e+15,2.416042776226489108e-01
1.650461906795093000e+15,2.422611251246473141e-01
1.650461906797017750e+15,2.429179726266457451e-01
1.650461906798942500e+15,2.435748201286441761e-01
1.650461906800867000e+15,2.442315823146921916e-01
1.650461906802791750e+15,2.448884298166905948e-01
1.650461906804716500e+15,2.453080456964860101e-01
1.650461906806641250e+15,2.445267465375860760e-01
1.650461906808566000e+15,2.437454473786861697e-01
1.650461906810490750e+15,2.429641482197862634e-01
1.650461906812415250e+15,2.421829505414888617e-01
1.650461906814340000e+15,2.414016513825889554e-01
1.650461906816264750e+15,2.406203522236890213e-01
1.650461906818189500e+15,2.398390530647891428e-01
1.650461906820114250e+15,2.393010029101602931e-01
1.650461906822039000e+15,2.393010029101600988e-01
1.650461906823963500e+15,2.393010029101599323e-01
1.650461906825888250e+15,2.393010029101597103e-01
1.650461906827813000e+15,2.393010029101595437e-01
1.650461906829737750e+15,2.393010029101593772e-01
1.650461906831662500e+15,2.393010029101592939e-01
1.650461906833587250e+15,2.393010029101592939e-01
1.650461906835511750e+15,2.393010029101593217e-01
1.650461906837436500e+15,2.393010029101592939e-01
1.650461906839361250e+15,2.393010029101593217e-01
1.650461906841286000e+15,2.393010029101593217e-01
1.650461906843210750e+15,2.388473405946469896e-01
1.650461906845135500e+15,2.375377244839873003e-01
1.650461906847060000e+15,2.362282784754331511e-01
1.650461906848984750e+15,2.349186623647734340e-01
1.650461906850909500e+15,2.336090462541137447e-01
1.650461906852834250e+15,2.335478603916252560e-01
1.650461906854759000e+15,2.341269580716258125e-01
1.650461906856683750e+15,2.347060557516263690e-01
1.650461906858608250e+15,2.352850782143675046e-01
1.650461906860533000e+15,2.358641758943680333e-01
1.650461906862457750e+15,2.364432735743685898e-01
1.650461906864382500e+15,2.370223712543691463e-01
1.650461906866307250e+15,2.376014689343696751e-01
1.650461906868232000e+15,2.381805666143702038e-01
1.650461906870156500e+15,2.387595890771113949e-01
1.650461906872081250e+15,2.392647671435173540e-01
1.650461906874006000e+15,2.387079224980398207e-01
1.650461906875930750e+15,2.381510778525622873e-01
1.650461906877855500e+15,2.375942332070847818e-01
1.650461906879780250e+15,2.370373885616072207e-01
1.650461906881704750e+15,2.364806162430092562e-01
1.650461906883629500e+15,2.359237715975317229e-01
1.650461906885554250e+15,2.353669269520541896e-01
1.650461906887479000e+15,2.348100823065766840e-01
1.650461906889403750e+15,2.342532376610991784e-01
1.650461906891328500e+15,2.336963930156216174e-01
1.650461906893253000e+15,2.331650797586170831e-01
1.650461906895177750e+15,2.331650797586170554e-01
1.650461906897102500e+15,2.331650797586171109e-01
1.650461906899027250e+15,2.331650797586170831e-01
1.650461906900952000e+15,2.331650797586170554e-01
1.650461906902876750e+15,2.331650797586171109e-01
1.650461906904801250e+15,2.331650797586170831e-01
1.650461906906726000e+15,2.331650797586170831e-01
1.650461906908650750e+15,2.321518093053177023e-01
1.650461906910575500e+15,2.310945970516312675e-01
1.650461906912500250e+15,2.300373847979448605e-01
1.650461906914425000e+15,2.289801725442584535e-01
1.650461906916349500e+15,2.279230976086981941e-01
1.650461906918274250e+15,2.270291566070747891e-01
1.650461906920199000e+15,2.270291566070747891e-01
1.650461906922123750e+15,2.270291566070747613e-01
1.650461906924048500e+15,2.270291566070747613e-01
1.650461906925973250e+15,2.270291566070747891e-01
1.650461906927897750e+15,2.270291566070747613e-01
1.650461906929822500e+15,2.270291566070747891e-01
1.650461906931747250e+15,2.270291566070747891e-01
1.650461906933672000e+15,2.270291566070747891e-01
1.650461906935596750e+15,2.270291566070747891e-01
1.650461906937521500e+15,2.270291566070747891e-01
1.650461906939446000e+15,2.270291566070748168e-01
1.650461906941370750e+15,2.270291566070747891e-01
1.650461906943295500e+15,2.270291566070748168e-01
1.650461906945220250e+15,2.270291566070747891e-01
1.650461906947145000e+15,2.270291566070748168e-01
1.650461906949069750e+15,2.270291566070747891e-01
1.650461906950994250e+15,2.270291566070747891e-01
1.650461906952919000e+15,2.270291566070747891e-01
1.650461906954843750e+15,2.270291566070747891e-01
1.650461906956768500e+15,2.270291566070747891e-01
1.650461906958693250e+15,2.270291566070747891e-01
1.650461906960618000e+15,2.270291566070747891e-01
1.650461906962542500e+15,2.270291566070747891e-01
1.650461906964467250e+15,2.258205269593054898e-01
1.650461906966392000e+15,2.238528298440219111e-01
1.650461906968316750e+15,2.218851327287383324e-01
1.650461906970241500e+15,2.199174356134547814e-01
1.650461906972166250e+15,2.179497384981712305e-01
1.650461906974090750e+15,2.159822969611595311e-01
1.650461906976015500e+15,2.152528909787636280e-01
1.650461906977940250e+15,2.165658557465158229e-01
1.650461906979865000e+15,2.178788205142680456e-01
1.650461906981789750e+15,2.191917852820202683e-01
1.650461906983714500e+15,2.205047500497724633e-01
1.650461906985639250e+15,2.202242302494875070e-01
1.650461906987563750e+15,2.192742234831847603e-01
1.650461906989488500e+15,2.183240933073254952e-01
1.650461906991413250e+15,2.173739631314661747e-01
1.650461906993338000e+15,2.164238329556068541e-01
1.650461906995262750e+15,2.154737027797475335e-01
1.650461906997187500e+15,2.144982501513137962e-01
1.650461906999112000e+15,2.134453224558039708e-01
1.650461907001036750e+15,2.123922579809104372e-01
1.650461907002961500e+15,2.113391935060169036e-01
1.650461907004886250e+15,2.102861290311233977e-01
1.650461907006811000e+15,2.092330645562298641e-01
1.650461907008735750e+15,2.081800000813363583e-01
1.650461907010660250e+15,2.071270723858264495e-01
1.650461907012585000e+15,2.060740079109329437e-01
1.650461907014509750e+15,2.050209434360394378e-01
1.650461907016434500e+15,2.039678789611459042e-01
1.650461907018359250e+15,2.029148144862523706e-01
1.650461907020284000e+15,2.014167573215940865e-01
1.650461907022208500e+15,1.996126117037577141e-01
1.650461907024133250e+15,1.978082317204214458e-01
1.650461907026058000e+15,1.960038517370852051e-01
1.650461907027982750e+15,1.941994717537489645e-01
1.650461907029907500e+15,1.923950917704126962e-01
1.650461907031832250e+15,1.905907117870764278e-01
1.650461907033756750e+15,1.887865661692400554e-01
1.650461907035681500e+15,1.869821861859037870e-01
1.650461907037606250e+15,1.851778062025675187e-01
1.650461907039531000e+15,1.833734262192312503e-01
1.650461907041455750e+15,1.815690462358950097e-01
1.650461907043380500e+15,1.797646662525587691e-01
1.650461907045305000e+15,1.779605206347223412e-01
1.650461907047229750e+15,1.822620374044935099e-01
1.650461907049154500e+15,1.866276664908743110e-01
1.650461907051079250e+15,1.909932955772550844e-01
1.650461907053004000e+15,1.953589246636358578e-01
1.650461907054928750e+15,1.997245537500166590e-01
1.650461907056853250e+15,2.021078420335424841e-01
1.650461907058778000e+15,2.010801603344534172e-01
1.650461907060702750e+15,2.000524786353643780e-01
1.650461907062627500e+15,1.990247969362753389e-01
1.650461907064552250e+15,1.979971152371862719e-01
1.650461907066477000e+15,1.969694335380972605e-01
1.650461907068401500e+15,1.959418853214993095e-01
1.650461907070326250e+15,1.949142036224102981e-01
1.650461907072251000e+15,1.938865219233212311e-01
1.650461907074175750e+15,1.928588402242321920e-01
1.650461907076100500e+15,1.918311585251431528e-01
1.650461907078025250e+15,1.908034768260540859e-01
1.650461907079949750e+15,1.902136176978199422e-01
1.650461907081874500e+15,1.902136176978198867e-01
1.650461907083799250e+15,1.902136176978198312e-01
1.650461907085724000e+15,1.902136176978198034e-01
1.650461907087648750e+15,1.902136176978197202e-01
1.650461907089573500e+15,1.902136176978196924e-01
1.650461907091498000e+15,1.902136176978196369e-01
1.650461907093422750e+15,1.902136176978195536e-01
1.650461907095347500e+15,1.902136176978194981e-01
1.650461907097272250e+15,1.902136176978194426e-01
1.650461907099197000e+15,1.902136176978193594e-01
1.650461907101121750e+15,1.902136176978193316e-01
1.650461907103046250e+15,1.902136176978192483e-01
1.650461907104971000e+15,1.902136176978192483e-01
1.650461907106895750e+15,1.902136176978191928e-01
1.650461907108820500e+15,1.902136176978191373e-01
1.650461907110745250e+15,1.902136176978190818e-01
1.650461907112670000e+15,1.902136176978190263e-01
1.650461907114594500e+15,1.902136176978190263e-01
1.650461907116519250e+15,1.902136176978189985e-01
1.650461907118444000e+15,1.902136176978189708e-01
1.650461907120368750e+15,1.902136176978189708e-01
1.650461907122293500e+15,1.902136176978189430e-01
1.650461907124218250e+15,1.902136176978189708e-01
1.650461907126142750e+15,1.902136176978189708e-01
1.650461907128067500e+15,1.902136176978189708e-01
1.650461907129992250e+15,1.902136176978189708e-01
1.650461907131917000e+15,1.902136176978189708e-01
1.650461907133841750e+15,1.902136176978189708e-01
1.650461907135766500e+15,1.894590547635878197e-01
1.650461907137691000e+15,1.884192005803240755e-01
1.650461907139615750e+15,1.873792113159765127e-01
1.650461907141540500e+15,1.863392220516289499e-01
1.650461907143465250e+15,1.852992327872813871e-01
1.650461907145390000e+15,1.842592435229338244e-01
1.650461907147314750e+15,1.832192542585862616e-01
1.650461907149239250e+15,1.821794000753225173e-01
1.650461907151164000e+15,1.811394108109749268e-01
1.650461907153088750e+15,1.800994215466273640e-01
1.650461907155013500e+15,1.790594322822798012e-01
1.650461907156938250e+15,1.780194430179322662e-01
1.650461907158863000e+15,1.779417713947343826e-01
1.650461907160787500e+15,1.779417713947343271e-01
1.650461907162712250e+15,1.779417713947342994e-01
1.650461907164637000e+15,1.779417713947342439e-01
1.650461907166561750e+15,1.779417713947341884e-01
1.650461907168486500e+15,1.779417713947341328e-01
1.650461907170411250e+15,1.779417713947341051e-01
1.650461907172335750e+15,1.779417713947340218e-01
1.650461907174260500e+15,1.779417713947339941e-01
1.650461907176185250e+15,1.779417713947339386e-01
1.650461907178110000e+15,1.779417713947338830e-01
1.650461907180034750e+15,1.779417713947338275e-01
1.650461907181959500e+15,1.779417713947337720e-01
1.650461907183884000e+15,1.773802428237997442e-01
1.650461907185808750e+15,1.767605168393356629e-01
1.650461907187733500e+15,1.761407908548716095e-01
1.650461907189658250e+15,1.755210648704075560e-01
1.650461907191583000e+15,1.749013388859435025e-01
1.650461907193507750e+15,1.742816129014794491e-01
1.650461907195432250e+15,1.736619674113633049e-01
1.650461907197357000e+15,1.730422414268992237e-01
1.650461907199281750e+15,1.724225154424351980e-01
1.650461907201206500e+15,1.718058482431912004e-01
1.650461907203131250e+15,1.718058482431912559e-01
1.650461907205056000e+15,1.718058482431913114e-01
1.650461907206980500e+15,1.718058482431913392e-01
1.650461907208905250e+15,1.718058482431913947e-01
1.650461907210830000e+15,1.718058482431914225e-01
1.650461907212754750e+15,1.716296204609726039e-01
1.650461907214679500e+15,1.709681003755006423e-01
1.650461907216604250e+15,1.703065802900287362e-01
1.650461907218528750e+15,1.696451461274149919e-01
1.650461907220453500e+15,1.689836260419430580e-01
1.650461907222378250e+15,1.683221059564710964e-01
1.650461907224303000e+15,1.676605858709991625e-01
1.650461907226227750e+15,1.669990657855272009e-01
1.650461907228152500e+15,1.663375457000552671e-01
1.650461907230077000e+15,1.656761115374415227e-01
1.650461907232001750e+15,1.646151404298026033e-01
1.650461907233926500e+15,1.635503984458563376e-01
1.650461907235851250e+15,1.624856564619100718e-01
1.650461907237776000e+15,1.614209144779638061e-01
1.650461907239700750e+15,1.603561724940175404e-01
1.650461907241625250e+15,1.597365835523684163e-01
1.650461907243550000e+15,1.606263016543671152e-01
1.650461907245474750e+15,1.615160197563658417e-01
1.650461907247399500e+15,1.624057378583645683e-01
1.650461907249324250e+15,1.632954559603632949e-01
1.650461907251249000e+15,1.641851740623620493e-01
1.650461907253173500e+15,1.650747766015471241e-01
1.650461907255098250e+15,1.656699250916489341e-01
1.650461907257023000e+15,1.656699250916490174e-01
1.650461907258947750e+15,1.656699250916491006e-01
1.650461907260872500e+15,1.656699250916491839e-01
1.650461907262797250e+15,1.656699250916492949e-01
1.650461907264721750e+15,1.658851627090493219e-01
1.650461907266646500e+15,1.666555552782555127e-01
1.650461907268571250e+15,1.674259478474616758e-01
1.650461907270496000e+15,1.681963404166678666e-01
1.650461907272420750e+15,1.689667329858740574e-01
1.650461907274345500e+15,1.697371255550801927e-01
1.650461907276270000e+15,1.705074180603080580e-01
1.650461907278194750e+15,1.712778106295142488e-01
1.650461907280119500e+15,1.716024929356786688e-01
1.650461907282044250e+15,1.709560715845055978e-01
1.650461907283969000e+15,1.703096502333325546e-01
1.650461907285893750e+15,1.696632288821595114e-01
1.650461907287818250e+15,1.690168914927154264e-01
1.650461907289743000e+15,1.683704701415423832e-01
1.650461907291667750e+15,1.677240487903693400e-01
1.650461907293592500e+15,1.670776274391962968e-01
1.650461907295517250e+15,1.664312060880232536e-01
1.650461907297442000e+15,1.657847847368501826e-01
1.650461907299366500e+15,1.656699250916489619e-01
1.650461907301291250e+15,1.656699250916491006e-01
1.650461907303216000e+15,1.656699250916492394e-01
1.650461907305140750e+15,1.656699250916493504e-01
1.650461907307065500e+15,1.656699250916494615e-01
1.650461907308990250e+15,1.656699250916495725e-01
1.650461907310914750e+15,1.656699250916497113e-01
1.650461907312839500e+15,1.656699250916497945e-01
1.650461907314764250e+15,1.656699250916497668e-01
1.650461907316689000e+15,1.656699250916497945e-01
1.650461907318613750e+15,1.656699250916497945e-01
1.650461907320538500e+15,1.656699250916497945e-01
1.650461907322463000e+15,1.656699250916497945e-01
1.650461907324387750e+15,1.656699250916497945e-01
1.650461907326312500e+15,1.656699250916497945e-01
1.650461907328237250e+15,1.656699250916497668e-01
1.650461907330162000e+15,1.656699250916497945e-01
1.650461907332086750e+15,1.656699250916497390e-01
1.650461907334011250e+15,1.656699250916496835e-01
1.650461907335936000e+15,1.656699250916495725e-01
1.650461907337860750e+15,1.656699250916495170e-01
1.650461907339785500e+15,1.656699250916494337e-01
1.650461907341710250e+15,1.656699250916493504e-01
1.650461907343635000e+15,1.656699250916492949e-01
1.650461907345559750e+15,1.656699250916492117e-01
1.650461907347484250e+15,1.653698639161563233e-01
1.650461907349409000e+15,1.640053210986021637e-01
1.650461907351333750e+15,1.626407782810480041e-01
1.650461907353258500e+15,1.612762354634938167e-01
1.650461907355183250e+15,1.599116926459396848e-01
1.650461907357108000e+15,1.585471498283855252e-01
1.650461907359032500e+15,1.571827842472019732e-01
1.650461907360957250e+15,1.558182414296477858e-01
1.650461907362882000e+15,1.544536986120936262e-01
1.650461907364806750e+15,1.531662258130799537e-01
1.650461907366731500e+15,1.521421087400715577e-01
1.650461907368656250e+15,1.511179916670631618e-01
1.650461907370580750e+15,1.500940076135472978e-01
1.650461907372505500e+15,1.490698905405389296e-01
1.650461907374430250e+15,1.480457734675305337e-01
1.650461907376355000e+15,1.472621556370210250e-01
1.650461907378279750e+15,1.472621556370210250e-01
1.650461907380204500e+15,1.472621556370209972e-01
1.650461907382129000e+15,1.472621556370209694e-01
1.650461907384053750e+15,1.472621556370209694e-01
1.650461907385978500e+15,1.472621556370209694e-01
1.650461907387903250e+15,1.472621556370209417e-01
1.650461907389828000e+15,1.472621556370209417e-01
1.650461907391752750e+15,1.472621556370208862e-01
1.650461907393677250e+15,1.472621556370208862e-01
1.650461907395602000e+15,1.472621556370208584e-01
1.650461907397526750e+15,1.472621556370208307e-01
1.650461907399451500e+15,1.472621556370208307e-01
1.650461907401376250e+15,1.479650132908012228e-01
1.650461907403301000e+15,1.493961958024264403e-01
1.650461907405225500e+15,1.508271924220512261e-01
1.650461907407150250e+15,1.522583749336764714e-01
1.650461907409075000e+15,1.531723367073428710e-01
1.650461907410999750e+15,1.520639258123703819e-01
1.650461907412924500e+15,1.509555149173979482e-01
1.650461907414849250e+15,1.498471040224254591e-01
1.650461907416773750e+15,1.487388370956170824e-01
1.650461907418698500e+15,1.476304262006446211e-01
1.650461907420623250e+15,1.472621556370208584e-01
1.650461907422548000e+15,1.472621556370208862e-01
1.650461907424472750e+15,1.472621556370209417e-01
1.650461907426397500e+15,1.472621556370209694e-01
1.650461907428322000e+15,1.472621556370209972e-01
1.650461907430246750e+15,1.472621556370210527e-01
1.650461907432171500e+15,1.472621556370210805e-01
1.650461907434096250e+15,1.472621556370211082e-01
1.650461907436021000e+15,1.472621556370211360e-01
1.650461907437945750e+15,1.472621556370211637e-01
1.650461907439870250e+15,1.472621556370212192e-01
1.650461907441795000e+15,1.472621556370212748e-01
1.650461907443719750e+15,1.472621556370212748e-01
1.650461907445644500e+15,1.472621556370212748e-01
1.650461907447569250e+15,1.472621556370212748e-01
1.650461907449494000e+15,1.472621556370212748e-01
1.650461907451418500e+15,1.472621556370212748e-01
1.650461907453343250e+15,1.472621556370212748e-01
1.650461907455268000e+15,1.471249182869555638e-01
1.650461907457192750e+15,1.465580779660565491e-01
1.650461907459117500e+15,1.459912376451575344e-01
1.650461907461042250e+15,1.454243973242585197e-01
1.650461907462966750e+15,1.448576306285472848e-01
1.650461907464891500e+15,1.442907903076482978e-01
1.650461907466816250e+15,1.437239499867492554e-01
1.650461907468741000e+15,1.431571096658502407e-01
1.650461907470665750e+15,1.425902693449512260e-01
1.650461907472590500e+15,1.420234290240521835e-01
1.650461907474515000e+15,1.414566623283409763e-01
1.650461907476439750e+15,1.415674374577022276e-01
1.650461907478364500e+15,1.426253125997599125e-01
1.650461907480289250e+15,1.436831877418175418e-01
1.650461907482214000e+15,1.447410628838752267e-01
1.650461907484138750e+15,1.457989380259328838e-01
1.650461907486063250e+15,1.468566757637637388e-01
1.650461907487988000e+15,1.479145509058214236e-01
1.650461907489912750e+15,1.489724260478790807e-01
1.650461907491837500e+15,1.500303011899367378e-01
1.650461907493762250e+15,1.510881763319943949e-01
1.650461907495687000e+15,1.521460514740520520e-01
1.650461907497611500e+15,1.532037892118829348e-01
1.650461907499536250e+15,1.521615686882870078e-01
1.650461907501461000e+15,1.506468684079315112e-01
1.650461907503385750e+15,1.491321681275760147e-01
1.650461907505310500e+15,1.476174678472204904e-01
1.650461907507235250e+15,1.461027675668649661e-01
1.650461907509159750e+15,1.445882640263822239e-01
1.650461907511084500e+15,1.430735637460266996e-01
1.650461907513009250e+15,1.415588634656712030e-01
1.650461907514934000e+15,1.419388788285119163e-01
1.650461907516858750e+15,1.430764359548777898e-01
1.650461907518783500e+15,1.442139930812436910e-01
1.650461907520708000e+15,1.453514024537290172e-01
1.650461907522632750e+15,1.464889595800949185e-01
1.650461907524557500e+15,1.472621556370208862e-01
1.650461907526482250e+15,1.472621556370209694e-01
1.650461907528407000e+15,1.472621556370210527e-01
1.650461907530331750e+15,1.472621556370211915e-01
1.650461907532256250e+15,1.472621556370212748e-01
1.650461907534181000e+15,1.472621556370214135e-01
1.650461907536105750e+15,1.472621556370214968e-01
1.650461907538030500e+15,1.472621556370216078e-01
1.650461907539955250e+15,1.472621556370217188e-01
1.650461907541880000e+15,1.472621556370218299e-01
1.650461907543804500e+15,1.472206424074938291e-01
1.650461907545729250e+15,1.461896412651164379e-01
1.650461907547654000e+15,1.451586401227391021e-01
1.650461907549578750e+15,1.441276389803616831e-01
1.650461907551503500e+15,1.430966378379843196e-01
1.650461907553428250e+15,1.420656366956069561e-01
1.650461907555352750e+15,1.410235863722107963e-01
1.650461907557277500e+15,1.398665257191363254e-01
1.650461907559202250e+15,1.387094650660618544e-01
1.650461907561127000e+15,1.375524044129874113e-01
1.650461907563051750e+15,1.363953437599129404e-01
1.650461907564976500e+15,1.352382831068384694e-01
1.650461907566901000e+15,1.343734122127759334e-01
1.650461907568825750e+15,1.335881127855579609e-01
1.650461907570750500e+15,1.328028133583399328e-01
1.650461907572675250e+15,1.320175139311219326e-01
1.650461907574600000e+15,1.312322145039039323e-01
1.650461907576524750e+15,1.304469150766859320e-01
1.650461907578449250e+15,1.296617176496533130e-01
1.650461907580374000e+15,1.288764182224353128e-01
1.650461907582298750e+15,1.283373240997024989e-01
1.650461907584223500e+15,1.278053367985343969e-01
1.650461907586148250e+15,1.272733494973662949e-01
1.650461907588073000e+15,1.267413621961981651e-01
1.650461907589997500e+15,1.262094439932637535e-01
1.650461907591922250e+15,1.256774566920956515e-01
1.650461907593847000e+15,1.251454693909275495e-01
1.650461907595771750e+15,1.246134820897594475e-01
1.650461907597696500e+15,1.240814947885913316e-01
1.650461907599621250e+15,1.235495074874232296e-01
1.650461907601545750e+15,1.230175892844888180e-01
1.650461907603470500e+15,1.227184630308510993e-01
1.650461907605395250e+15,1.227184630308510993e-01
1.650461907607320000e+15,1.227184630308510993e-01
1.650461907609244750e+15,1.227184630308510993e-01
1.650461907611169500e+15,1.227184630308510993e-01
1.650461907613094000e+15,1.227184630308510993e-01
1.650461907615018750e+15,1.227184630308510993e-01
1.650461907616943500e+15,1.227184630308510993e-01
1.650461907618868250e+15,1.227184630308510993e-01
1.650461907620793000e+15,1.227184630308510993e-01
1.650461907622717750e+15,1.227184630308510993e-01
1.650461907624642250e+15,1.227184630308511132e-01
1.650461907626567000e+15,1.227184630308511132e-01
1.650461907628491750e+15,1.227184630308511132e-01
1.650461907630416500e+15,1.227184630308510993e-01
1.650461907632341250e+15,1.227184630308510993e-01
1.650461907634266000e+15,1.227184630308511132e-01
1.650461907636190500e+15,1.227184630308510993e-01
1.650461907638115250e+15,1.227184630308510993e-01
1.650461907640040000e+15,1.220330258559454151e-01
1.650461907641964750e+15,1.208777761165411024e-01
1.650461907643889500e+15,1.197225263771367898e-01
1.650461907645814250e+15,1.185672766377324772e-01
1.650461907647738750e+15,1.174121769502491364e-01
1.650461907649663500e+15,1.168584174120219504e-01
1.650461907651588250e+15,1.178372105568860767e-01
1.650461907653513000e+15,1.188160037017502169e-01
1.650461907655437750e+15,1.197947968466143431e-01
1.650461907657362500e+15,1.207735899914784972e-01
1.650461907659287000e+15,1.217522560038390711e-01
1.650461907661211750e+15,1.227184630308513075e-01
1.650461907663136500e+15,1.227184630308512381e-01
1.650461907665061250e+15,1.227184630308511826e-01
1.650461907666986000e+15,1.227184630308511271e-01
1.650461907668910750e+15,1.227184630308510438e-01
1.650461907670835250e+15,1.227184630308509883e-01
1.650461907672760000e+15,1.227184630308509189e-01
1.650461907674684750e+15,1.224818171018708379e-01
1.650461907676609500e+15,1.213220863525281412e-01
1.650461907678534250e+15,1.201623556031854445e-01
1.650461907680459000e+15,1.190026248538427617e-01
1.650461907682383500e+15,1.178430447384459512e-01
1.650461907684308250e+15,1.166833139891032545e-01
1.650461907686233000e+15,1.155235832397605716e-01
1.650461907688157750e+15,1.143638524904178611e-01
1.650461907690082500e+15,1.132041217410751782e-01
1.650461907692007250e+15,1.120443909917324815e-01
1.650461907693931750e+15,1.108848108763356710e-01
1.650461907695856500e+15,1.112211258427626553e-01
1.650461907697781250e+15,1.124659996791633476e-01
1.650461907699706000e+15,1.137108735155640260e-01
1.650461907701630750e+15,1.149557473519646905e-01
1.650461907703555500e+15,1.162006211883653689e-01
1.650461907705480250e+15,1.155211498017451321e-01
1.650461907707404750e+15,1.139902184138698871e-01
1.650461907709329500e+15,1.124590881520809160e-01
1.650461907711254250e+15,1.109279578902919450e-01
1.650461907713179000e+15,1.093968276285030017e-01
1.650461907715103750e+15,1.078656973667140306e-01
1.650461907717028500e+15,1.063345671049250596e-01
1.650461907718953000e+15,1.048036357170498145e-01
1.650461907720877750e+15,1.032725054552608435e-01
1.650461907722802500e+15,1.017413751934718724e-01
1.650461907724727250e+15,1.002102449316829152e-01
1.650461907726652000e+15,9.867911466989394420e-02
1.650461907728576750e+15,9.879730955436588635e-02
1.650461907730501250e+15,9.972551141768495886e-02
1.650461907732426000e+15,1.006538338580192787e-01
1.650461907734350750e+15,1.015821562983535847e-01
1.650461907736275500e+15,1.025104787386879046e-01
1.650461907738200250e+15,1.034388011790222384e-01
1.650461907740125000e+15,1.043106935762241338e-01
1.650461907742049500e+15,1.043106935762241338e-01
1.650461907743974250e+15,1.043106935762241338e-01
1.650461907745899000e+15,1.043106935762241338e-01
1.650461907747823750e+15,1.043106935762241200e-01
1.650461907749748500e+15,1.043106935762241200e-01
1.650461907751673250e+15,1.043106935762241338e-01
1.650461907753597750e+15,1.043106935762241338e-01
1.650461907755522500e+15,1.043106935762241338e-01
1.650461907757447250e+15,1.043106935762241338e-01
1.650461907759372000e+15,1.043106935762241338e-01
1.650461907761296750e+15,1.043106935762241338e-01
1.650461907763221500e+15,1.040306432835438055e-01
1.650461907765146000e+15,1.028628062558877426e-01
1.650461907767070750e+15,1.016948175216809136e-01
1.650461907768995500e+15,1.005268287874740707e-01
1.650461907770920250e+15,9.935884005326724167e-02
1.650461907772845000e+15,9.819085131906041264e-02
1.650461907774769750e+15,9.702286258485358361e-02
1.650461907776694250e+15,9.585502555719749296e-02
1.650461907778619000e+15,9.468703682299066393e-02
1.650461907780543750e+15,9.351904808878382103e-02
1.650461907782468500e+15,9.235105935457700588e-02
1.650461907784393250e+15,9.379014976746390120e-02
1.650461907786318000e+15,9.618037807872323319e-02
1.650461907788242500e+15,9.857029593040195214e-02
1.650461907790167250e+15,1.009605242416612841e-01
1.650461907792092000e+15,1.033507525529206161e-01
1.650461907794016750e+15,1.043106935762240783e-01
1.650461907795941500e+15,1.043106935762239951e-01
1.650461907797866250e+15,1.043106935762239396e-01
1.650461907799790750e+15,1.043106935762238563e-01
1.650461907801715500e+15,1.043106935762237730e-01
1.650461907803640250e+15,1.042212509998446529e-01
1.650461907805565000e+15,1.015418019899531343e-01
1.650461907807489750e+15,9.886235298006158800e-02
1.650461907809414500e+15,9.618290397017004167e-02
1.650461907811339000e+15,9.350380298586752348e-02
1.650461907813263750e+15,9.082435397597599103e-02
1.650461907815188500e+15,8.814490496608445858e-02
1.650461907817113250e+15,8.599101466252337400e-02
1.650461907819038000e+15,8.653056046570910265e-02
1.650461907820962750e+15,8.707010626889480354e-02
1.650461907822887250e+15,8.760958199209571695e-02
1.650461907824812000e+15,8.814912779528144560e-02
1.650461907826736750e+15,8.868867359846716036e-02
1.650461907828661500e+15,8.922821940165290289e-02
1.650461907830586250e+15,8.976776520483863153e-02
1.650461907832511000e+15,9.030731100802434630e-02
1.650461907834435500e+15,9.084678673122524584e-02
1.650461907836360250e+15,9.138633253441097448e-02
1.650461907838285000e+15,9.192587833759670313e-02
1.650461907840209750e+15,9.073638653163194900e-02
1.650461907842134500e+15,8.908899943637026142e-02
1.650461907844059250e+15,8.744161234110855996e-02
1.650461907845983750e+15,8.579443922001173117e-02
1.650461907847908500e+15,8.414705212475004359e-02
1.650461907849833250e+15,8.249966502948835601e-02
1.650461907851758000e+15,8.085227793422665454e-02
1.650461907853682750e+15,8.014308753372853533e-02
1.650461907855607500e+15,8.124529174146824517e-02
1.650461907857532000e+15,8.234735278721189156e-02
1.650461907859456750e+15,8.344955699495160140e-02
1.650461907861381500e+15,8.455176120269132511e-02
1.650461907863306250e+15,8.565396541043104883e-02
1.650461907865231000e+15,8.642655101138975449e-02
1.650461907867155750e+15,8.710296098194710013e-02
1.650461907869080250e+15,8.777928309564372866e-02
1.650461907871005000e+15,8.845569306620107430e-02
1.650461907872929750e+15,8.913210303675839219e-02
1.650461907874854500e+15,8.980851300731573783e-02
1.650461907876779250e+15,9.048492297787308347e-02
1.650461907878704000e+15,9.116133294843040136e-02
1.650461907880628500e+15,9.183765506212704377e-02
1.650461907882553250e+15,9.140464242091228542e-02
1.650461907884478000e+15,9.050193523709111620e-02
1.650461907886402750e+15,8.959922805326994699e-02
1.650461907888327500e+15,8.869652086944877778e-02
1.650461907890252250e+15,8.779381368562759469e-02
1.650461907892176750e+15,8.689122375173290169e-02
1.650461907894101500e+15,8.598851656791171860e-02
1.650461907896026250e+15,8.590292412159536428e-02
1.650461907897951000e+15,8.590292412159532265e-02
1.650461907899875750e+15,8.590292412159528102e-02
1.650461907901800500e+15,8.590292412159525326e-02
1.650461907903725000e+15,8.590292412159522550e-02
1.650461907905649750e+15,8.590292412159516999e-02
1.650461907907574500e+15,8.502348369379049420e-02
1.650461907909499250e+15,8.401562244733792872e-02
1.650461907911424000e+15,8.300776120088537713e-02
1.650461907913348750e+15,8.199989995443282553e-02
1.650461907915273250e+15,8.099216961605226750e-02
1.650461907917198000e+15,7.998430836959970203e-02
1.650461907919122750e+15,7.976700097005297307e-02
1.650461907921047500e+15,7.976700097005315349e-02
1.650461907922972250e+15,7.976700097005332002e-02
1.650461907924897000e+15,7.976700097005347267e-02
1.650461907926821500e+15,7.976700097005363921e-02
1.650461907928746250e+15,7.976700097005373635e-02
1.650461907930671000e+15,7.976700097005375023e-02
1.650461907932595750e+15,7.976700097005375023e-02
1.650461907934520500e+15,7.976700097005375023e-02
1.650461907936445250e+15,7.976700097005373635e-02
1.650461907938369750e+15,7.976700097005373635e-02
1.650461907940294500e+15,7.976700097005375023e-02
1.650461907942219250e+15,7.976700097005373635e-02
1.650461907944144000e+15,7.976700097005373635e-02
1.650461907946068750e+15,7.976700097005373635e-02
1.650461907947993500e+15,7.976700097005373635e-02
1.650461907949918000e+15,7.976700097005373635e-02
1.650461907951842750e+15,7.976700097005373635e-02
1.650461907953767500e+15,7.976700097005373635e-02
1.650461907955692250e+15,7.976700097005373635e-02
1.650461907957617000e+15,7.976700097005373635e-02
1.650461907959541750e+15,7.976700097005373635e-02
1.650461907961466250e+15,7.976700097005380574e-02
1.650461907963391000e+15,7.976700097005386125e-02
1.650461907965315750e+15,7.976700097005391676e-02
1.650461907967240500e+15,7.976700097005395840e-02
1.650461907969165250e+15,7.976700097005402779e-02
1.650461907971090000e+15,7.976700097005408330e-02
1.650461907973014500e+15,7.976700097005413881e-02
1.650461907974939250e+15,7.976700097005408330e-02
1.650461907976864000e+15,7.976700097005381962e-02
1.650461907978788750e+15,7.976700097005355594e-02
1.650461907980713500e+15,7.976700097005329226e-02
1.650461907982638250e+15,7.976700097005302859e-02
1.650461907984562750e+15,7.976700097005277879e-02
1.650461907986487500e+15,7.976700097005264001e-02
1.650461907988412250e+15,7.976700097005265389e-02
1.650461907990337000e+15,7.976700097005268164e-02
1.650461907992261750e+15,7.976700097005270940e-02
1.650461907994186500e+15,7.976700097005273715e-02
1.650461907996111000e+15,7.976700097005276491e-02
1.650461907998035750e+15,7.976700097005277879e-02
1.650461907999960500e+15,7.976700097005280654e-02
1.650461908001885250e+15,7.976700097005282042e-02
1.650461908003810000e+15,7.976700097005286205e-02
1.650461908005734750e+15,7.976700097005284817e-02
1.650461908007659250e+15,7.976700097005284817e-02
1.650461908009584000e+15,7.976700097005284817e-02
1.650461908011508750e+15,7.976700097005284817e-02
1.650461908013433500e+15,7.976700097005284817e-02
1.650461908015358250e+15,7.976700097005284817e-02
1.650461908017283000e+15,7.976700097005286205e-02
1.650461908019207500e+15,7.976700097005284817e-02
1.650461908021132250e+15,7.976700097005284817e-02
1.650461908023057000e+15,7.976700097005284817e-02
1.650461908024981750e+15,7.976700097005284817e-02
1.650461908026906500e+15,7.976700097005284817e-02
1.650461908028831250e+15,7.976700097005284817e-02
1.650461908030755750e+15,7.976700097005304246e-02
1.650461908032680500e+15,7.976700097005327839e-02
1.650461908034605250e+15,7.976700097005351431e-02
1.650461908036530000e+15,7.976700097005373635e-02
1.650461908038454750e+15,7.665750580309332873e-02
1.650461908040379500e+15,7.350709084185787223e-02
1.650461908042304000e+15,7.035708507856516802e-02
1.650461908044228750e+15,6.720667011732971152e-02
1.650461908046153500e+15,6.405625515609425502e-02
1.650461908048078250e+15,6.090584019485881240e-02
1.650461908050003000e+15,5.775542523362336284e-02
1.650461908051927750e+15,5.522330836388378295e-02
1.650461908053852500e+15,5.522330836388378295e-02
1.650461908055777000e+15,5.522330836388378295e-02
1.650461908057701750e+15,5.522330836388378295e-02
1.650461908059626500e+15,5.522330836388378295e-02
1.650461908061551250e+15,5.522330836388378295e-02
1.650461908063476000e+15,5.522330836388378295e-02
1.650461908065400750e+15,5.522330836388378988e-02
1.650461908067325250e+15,5.522330836388378295e-02
1.650461908069250000e+15,5.522330836388378295e-02
1.650461908071174750e+15,5.522330836388378988e-02
1.650461908073099500e+15,5.490984017998767203e-02
1.650461908075024250e+15,5.400864841455969845e-02
1.650461908076949000e+15,5.310745664913171099e-02
1.650461908078873500e+15,5.220638193679705275e-02
1.650461908080798250e+15,5.130519017136907223e-02
1.650461908082723000e+15,5.040399840594109865e-02
1.650461908084647750e+15,4.950280664051311813e-02
1.650461908086572500e+15,4.968812318249445775e-02
1.650461908088497250e+15,5.080260068423377018e-02
1.650461908090421750e+15,5.191693342983570020e-02
1.650461908092346500e+15,5.303141093157501262e-02
1.650461908094271250e+15,5.414588843331433199e-02
1.650461908096196000e+15,5.522330836388267966e-02
1.650461908098120750e+15,5.522330836388267272e-02
1.650461908100045500e+15,5.522330836388267966e-02
1.650461908101970000e+15,5.522330836388267966e-02
1.650461908103894750e+15,5.522330836388267966e-02
1.650461908105819500e+15,5.522330836388267966e-02
1.650461908107744250e+15,5.522330836388267966e-02
1.650461908109669000e+15,5.522330836388267966e-02
1.650461908111593750e+15,5.459793227534506799e-02
1.650461908113518250e+15,5.359226168216302266e-02
1.650461908115443000e+15,5.258646044847782586e-02
1.650461908117367750e+15,5.158065921479263599e-02
1.650461908119292500e+15,5.057485798110744613e-02
1.650461908121217250e+15,4.956905674742226320e-02
1.650461908123142000e+15,4.969630288533882778e-02
1.650461908125066500e+15,5.086465987605268135e-02
1.650461908126991250e+15,5.203316864086249272e-02
1.650461908128916000e+15,5.320167740567231102e-02
1.650461908130840750e+15,5.437018617048212238e-02
1.650461908132765500e+15,5.418567422416122742e-02
1.650461908134690250e+15,5.034123474306378271e-02
1.650461908136614750e+15,4.649729460467071085e-02
1.650461908138539500e+15,4.265285512357326614e-02
1.650461908140464250e+15,3.880841564247581449e-02
1.650461908142389000e+15,3.705583297209567167e-02
1.650461908144313750e+15,3.755476069318606364e-02
1.650461908146238500e+15,3.805368841427644866e-02
1.650461908148163000e+15,3.855255133114277033e-02
1.650461908150087750e+15,3.905147905223316923e-02
1.650461908152012500e+15,3.955040677332355425e-02
1.650461908153937250e+15,4.004933449441395316e-02
1.650461908155862000e+15,4.054826221550434512e-02
1.650461908157786750e+15,4.104718993659473708e-02
1.650461908159711250e+15,4.154605285346105875e-02
1.650461908161636000e+15,4.204498057455145071e-02
1.650461908163560750e+15,4.254390829564184268e-02
1.650461908165485500e+15,4.270287995403804215e-02
1.650461908167410250e+15,4.134555113138189963e-02
1.650461908169335000e+15,3.998822230872575711e-02
1.650461908171259500e+15,3.863106978543610903e-02
1.650461908173184250e+15,3.727374096277997345e-02
1.650461908175109000e+15,3.647660372087443981e-02
1.650461908177033750e+15,3.596494450217886663e-02
1.650461908178958500e+15,3.545328528348330038e-02
1.650461908180883250e+15,3.494162606478773414e-02
1.650461908182807750e+15,3.443003330397224199e-02
1.650461908184732500e+15,3.391837408527667574e-02
1.650461908186657250e+15,3.340671486658110950e-02
1.650461908188582000e+15,3.289505564788554326e-02
1.650461908190506750e+15,3.238339642918997008e-02
1.650461908192431500e+15,3.187173721049440384e-02
1.650461908194356000e+15,3.136014444967891168e-02
1.650461908196280750e+15,3.084848523098334197e-02
1.650461908198205500e+15,3.010342344021301950e-02
1.650461908200130250e+15,2.924337988603789920e-02
1.650461908202055000e+15,2.838333633186277544e-02
1.650461908203979750e+15,2.752329277768764820e-02
1.650461908205904250e+15,2.666336093198819548e-02
1.650461908207829000e+15,2.580331737781307172e-02
1.650461908209753750e+15,2.494327382363795143e-02
1.650461908211678500e+15,2.523218006345080353e-02
1.650461908213603250e+15,2.651812497698878210e-02
1.650461908215528000e+15,2.780406989052675720e-02
1.650461908217452500e+15,2.908984777653992465e-02
1.650461908219377250e+15,3.037579269007790322e-02
1.650461908221302000e+15,3.005436918674650806e-02
1.650461908223226750e+15,2.923570024969310288e-02
1.650461908225151500e+15,2.841703131263970464e-02
1.650461908227076250e+15,2.759836237558630292e-02
1.650461908229000750e+15,2.677979977298374642e-02
1.650461908230925500e+15,2.596113083593034471e-02
1.650461908232850250e+15,2.514246189887694299e-02
1.650461908234775000e+15,2.454369260617039750e-02
1.650461908236699750e+15,2.454369260617039750e-02
1.650461908238624500e+15,2.454369260617039750e-02
1.650461908240549000e+15,2.454369260617039750e-02
1.650461908242473750e+15,2.454369260617039403e-02
1.650461908244398500e+15,2.454369260617039750e-02
1.650461908246323250e+15,2.454369260617039750e-02
1.650461908248248000e+15,2.454369260617039750e-02
1.650461908250172750e+15,2.454369260617039750e-02
1.650461908252097250e+15,2.454369260617039750e-02
1.650461908254022000e+15,2.382554669514644341e-02
1.650461908255946750e+15,2.205796185851812211e-02
1.650461908257871500e+15,2.029037702188979733e-02
1.650461908259796250e+15,1.852279218526147256e-02
1.650461908261721000e+15,1.675520734863314778e-02
1.650461908263645500e+15,1.498785209829351164e-02
1.650461908265570250e+15,1.322026726166518860e-02
1.650461908267495000e+15,1.252990860923658585e-02
1.650461908269419750e+15,1.308675325471410876e-02
1.650461908271344500e+15,1.364359790019163340e-02
1.650461908273269250e+15,1.420044254566915631e-02
1.650461908275193750e+15,1.475721486426715204e-02
1.650461908277118500e+15,1.531405950974467495e-02
1.650461908279043250e+15,1.587090415522220133e-02
1.650461908280968000e+15,1.642774880069972077e-02
1.650461908282892750e+15,1.698459344617724714e-02
1.650461908284817500e+15,1.754143809165476658e-02
1.650461908286742000e+15,1.809821041025276578e-02
1.650461908288666750e+15,1.840776945462781200e-02
1.650461908290591500e+15,1.840776945462772526e-02
1.650461908292516250e+15,1.840776945462763506e-02
1.650461908294441000e+15,1.840776945462754138e-02
1.650461908296365750e+15,1.840776945462745118e-02
1.650461908298290250e+15,1.840776945462736097e-02
1.650461908300215000e+15,1.840776945462727077e-02
1.650461908302139750e+15,1.840776945462717709e-02
1.650461908304064500e+15,1.840776945462708689e-02
1.650461908305989250e+15,1.840776945462699668e-02
1.650461908307914000e+15,1.840776945462690647e-02
1.650461908309838500e+15,1.840776945462681627e-02
1.650461908311763250e+15,1.840776945462677811e-02
1.650461908313688000e+15,1.840776945462693770e-02
1.650461908315612750e+15,1.840776945462709729e-02
1.650461908317537500e+15,1.840776945462725689e-02
1.650461908319462250e+15,1.840776945462741648e-02
1.650461908321386750e+15,1.840776945462757608e-02
1.650461908323311500e+15,1.840776945462773567e-02
1.650461908325236250e+15,1.814636593283845342e-02
1.650461908327161000e+15,1.713044179641412534e-02
1.650461908329085750e+15,1.611451765998980074e-02
1.650461908331010500e+15,1.509859352356547266e-02
1.650461908332935000e+15,1.408280134247773957e-02
1.650461908334859750e+15,1.306687720605341323e-02
1.650461908336784500e+15,1.227184630308464364e-02
1.650461908338709250e+15,1.227184630308464364e-02
1.650461908340634000e+15,1.227184630308464364e-02
1.650461908342558750e+15,1.227184630308464364e-02
1.650461908344483250e+15,1.227184630308464364e-02
1.650461908346408000e+15,1.227184630308464364e-02
1.650461908348332750e+15,1.227184630308464364e-02
1.650461908350257500e+15,1.227184630308464364e-02
1.650461908352182250e+15,1.227184630308464364e-02
1.650461908354107000e+15,1.227184630308464364e-02
1.650461908356031500e+15,1.227184630308464364e-02
1.650461908357956250e+15,1.164824306913403787e-02
1.650461908359881000e+15,1.046248824122943816e-02
1.650461908361805750e+15,9.276733413324840180e-03
1.650461908363730500e+15,8.090978585420242203e-03
1.650461908365655250e+15,6.905223757515642491e-03
1.650461908367579750e+15,6.659849114350012769e-03
1.650461908369504500e+15,8.152156176004208415e-03
1.650461908371429250e+15,9.644463237658402327e-03
1.650461908373354000e+15,1.113677029931259624e-02
1.650461908375278750e+15,1.262907736096679188e-02
1.650461908377203500e+15,1.412138442262098753e-02
1.650461908379128000e+15,1.561349765299038447e-02
1.650461908381052750e+15,1.710580471464457838e-02
1.650461908382977500e+15,1.804452635510925620e-02
1.650461908384902250e+15,1.519665606672461651e-02
1.650461908386827000e+15,1.234878577833998202e-02
1.650461908388751750e+15,9.500915489955345794e-03
1.650461908390676250e+15,6.653415102894048513e-03
1.650461908392601000e+15,6.801401664397986602e-03
1.650461908394525750e+15,7.614658659710513491e-03
1.650461908396450500e+15,8.427915655023040381e-03
1.650461908398375250e+15,9.241172650335569005e-03
1.650461908400300000e+15,1.005442964564809416e-02
1.650461908402224500e+15,1.086758100945064628e-02
1.650461908404149250e+15,1.168083800476317317e-02
1.650461908406074000e+15,1.227184630308421343e-02
1.650461908407998750e+15,1.227184630308426373e-02
1.650461908409923500e+15,1.227184630308431577e-02
1.650461908411848250e+15,1.227184630308436608e-02
1.650461908413773000e+15,1.227184630308441639e-02
1.650461908415697500e+15,1.227184630308446669e-02
1.650461908417622250e+15,1.227184630308451700e-02
1.650461908419547000e+15,1.227184630308456904e-02
1.650461908421471750e+15,1.227184630308461762e-02
1.650461908423396500e+15,1.202369858418250032e-02
1.650461908425321250e+15,1.153054182428895486e-02
1.650461908427245750e+15,1.103744911904664706e-02
1.650461908429170500e+15,1.054429235915309987e-02
1.650461908431095250e+15,1.005113559925955267e-02
1.650461908433020000e+15,9.557978839366007215e-03
1.650461908434944750e+15,9.064822079472460020e-03
1.650461908436869500e+15,8.571665319578912826e-03
1.650461908438794000e+15,8.078572614336606769e-03
1.650461908440718750e+15,7.585415854443058707e-03
1.650461908442643500e+15,7.092259094549512380e-03
1.650461908444568250e+15,6.599102334655965185e-03
1.650461908446493000e+15,6.135923151542550802e-03
1.650461908448417750e+15,6.135923151542655753e-03
1.650461908450342250e+15,6.135923151542761571e-03
1.650461908452267000e+15,6.135923151542866522e-03
1.650461908454191750e+15,6.135923151542972340e-03
1.650461908456116500e+15,6.135923151543078158e-03
1.650461908458041250e+15,6.135923151543183109e-03
1.650461908459966000e+15,6.135923151543144945e-03
1.650461908461890500e+15,6.135923151543059076e-03
1.650461908463815250e+15,6.135923151542973207e-03
1.650461908465740000e+15,6.135923151542887338e-03
1.650461908467664750e+15,6.135923151542800602e-03
1.650461908469589500e+15,6.135923151542714733e-03
1.650461908471514250e+15,6.135923151542627997e-03
1.650461908473438750e+15,6.135923151542542128e-03
1.650461908475363500e+15,6.135923151542455392e-03
1.650461908477288250e+15,6.135923151542369523e-03
1.650461908479213000e+15,6.674140039847806759e-03
1.650461908481137750e+15,7.880115541321593489e-03
1.650461908483062500e+15,9.086091042795379352e-03
1.650461908484987000e+15,1.029190990373124275e-02
1.650461908486911750e+15,1.149788540520503034e-02
1.650461908488836500e+15,1.227184630308545896e-02
1.650461908490761250e+15,1.227184630308525426e-02
1.650461908492686000e+15,1.227184630308504956e-02
1.650461908494610750e+15,1.227184630308484486e-02
1.650461908496535250e+15,1.227184630308464017e-02
1.650461908498460000e+15,1.227184630308443547e-02
1.650461908500384750e+15,1.227184630308423251e-02
1.650461908502309500e+15,1.184548900980049273e-02
1.650461908504234250e+15,1.134032976064825241e-02
1.650461908506159000e+15,1.083517051149601208e-02
1.650461908508083500e+15,1.033007687596231364e-02
1.650461908510008250e+15,9.824917626810071580e-03
1.650461908511933000e+15,9.319758377657832993e-03
1.650461908513857750e+15,8.814599128505592671e-03
1.650461908515782500e+15,8.309439879353352348e-03
1.650461908517707250e+15,7.804280630201111159e-03
1.650461908519631750e+15,7.299186994667412713e-03
1.650461908521556500e+15,6.794027745515171524e-03
1.650461908523481250e+15,6.288868496362931201e-03
1.650461908525406000e+15,6.940850704755517110e-03
1.650461908527330750e+15,8.095309950692252537e-03
1.650461908529255500e+15,9.249769196628985363e-03
1.650461908531180000e+15,1.040407849331959241e-02
1.650461908533104750e+15,1.155853773925632696e-02
1.650461908535029500e+15,1.227184630308553182e-02
1.650461908536954250e+15,1.227184630308553182e-02
1.650461908538879000e+15,1.227184630308553182e-02
1.650461908540803750e+15,1.227184630308553182e-02
1.650461908542728250e+15,1.227184630308553182e-02
1.650461908544653000e+15,1.227184630308553182e-02
1.650461908546577750e+15,1.227184630308553182e-02
1.650461908548502500e+15,1.227184630308553182e-02
1.650461908550427250e+15,1.227184630308553182e-02
1.650461908552352000e+15,1.227184630308553182e-02
1.650461908554276500e+15,1.227184630308553182e-02
1.650461908556201250e+15,1.227184630308553355e-02
1.650461908558126000e+15,1.227184630308553182e-02
1.650461908560050750e+15,1.227184630308553355e-02
1.650461908561975500e+15,1.227184630308553355e-02
1.650461908563900250e+15,1.227184630308553182e-02
1.650461908565824750e+15,1.227184630308553182e-02
1.650461908567749500e+15,1.227184630308553182e-02
1.650461908569674250e+15,1.227184630308553182e-02
1.650461908571599000e+15,1.227184630308553182e-02
1.650461908573523750e+15,1.227184630308553182e-02
1.650461908575448500e+15,1.227184630308553182e-02
1.650461908577373000e+15,1.227184630308553355e-02
1.650461908579297750e+15,1.273266073724649283e-02
1.650461908581222500e+15,1.330795023434479599e-02
1.650461908583147250e+15,1.388323973144310088e-02
1.650461908585072000e+15,1.445852922854140576e-02
1.650461908586996750e+15,1.503381872563970892e-02
1.650461908588921250e+15,1.560903350011207461e-02
1.650461908590846000e+15,1.618432299721037776e-02
1.650461908592770750e+15,1.675961249430868438e-02
1.650461908594695500e+15,1.733490199140698754e-02
1.650461908596620250e+15,1.791019148850529069e-02
1.650461908598545000e+15,1.840776945462785363e-02
1.650461908600469500e+15,1.840776945462785363e-02
1.650461908602394250e+15,1.840776945462785363e-02
1.650461908604319000e+15,1.840776945462785363e-02
1.650461908606243750e+15,1.840776945462785363e-02
1.650461908608168500e+15,1.840776945462785363e-02
1.650461908610093250e+15,1.840776945462785363e-02
1.650461908612017750e+15,1.840776945462785363e-02
1.650461908613942500e+15,1.897771700329673947e-02
1.650461908615867250e+15,1.955191566558432334e-02
1.650461908617792000e+15,2.012611432787191068e-02
1.650461908619716750e+15,2.070031299015949802e-02
1.650461908621641500e+15,2.127451165244708536e-02
1.650461908623566000e+15,2.184863573379399251e-02
1.650461908625490750e+15,2.242283439608157986e-02
1.650461908627415500e+15,2.299703305836916720e-02
1.650461908629340250e+15,2.357123172065675107e-02
1.650461908631265000e+15,2.414543038294433841e-02
1.650461908633189750e+15,2.470488734440447892e-02
1.650461908635114250e+15,2.523090561270786847e-02
1.650461908637039000e+15,2.575699221282059734e-02
1.650461908638963750e+15,2.628307881293332621e-02
1.650461908640888500e+15,2.680916541304605855e-02
1.650461908642813250e+15,2.733525201315878742e-02
1.650461908644738000e+15,2.786133861327151628e-02
1.650461908646662500e+15,2.838735688157490583e-02
1.650461908648587250e+15,2.891344348168763123e-02
1.650461908650512000e+15,2.943953008180036357e-02
1.650461908652436750e+15,2.996561668191308897e-02
1.650461908654361500e+15,3.049170328202581784e-02
1.650461908656286250e+15,3.424736979831132649e-02
1.650461908658210750e+15,3.979688901523020794e-02
1.650461908660135500e+15,4.534712913617830465e-02
1.650461908662060250e+15,5.089736925712638749e-02
1.650461908663985000e+15,5.644760937807449114e-02
1.650461908665909750e+15,6.199784949902258091e-02
1.650461908667834500e+15,6.754808961997066374e-02
1.650461908669759000e+15,7.309760883688955213e-02
1.650461908671683750e+15,7.127924430828917746e-02
1.650461908673608500e+15,6.867732360198137986e-02
1.650461908675533250e+15,6.607540289567358227e-02
1.650461908677458000e+15,6.347348218936578468e-02
1.650461908679382750e+15,6.087156148305798709e-02
1.650461908681307250e+15,5.826997873242058257e-02
1.650461908683232000e+15,5.566805802611278498e-02
1.650461908685156750e+15,5.432702941573287758e-02
1.650461908687081500e+15,5.324596226520587894e-02
1.650461908689006250e+15,5.216489511467888029e-02
1.650461908690931000e+15,5.108382796415189553e-02
1.650461908692855500e+15,5.000290123019205529e-02
1.650461908694780250e+15,4.892183407966505665e-02
1.650461908696705000e+15,4.784076692913806494e-02
1.650461908698629750e+15,4.675969977861106630e-02
1.650461908700554500e+15,4.567863262808407460e-02
1.650461908702479250e+15,4.459756547755708289e-02
1.650461908704403750e+15,4.351663874359724266e-02
1.650461908706328500e+15,4.386823236005656101e-02
1.650461908708253250e+15,4.578935770953708462e-02
1.650461908710178000e+15,4.771048305901760822e-02
1.650461908712102750e+15,4.963160840849813182e-02
1.650461908714027500e+15,5.155273375797864849e-02
1.650461908715952000e+15,5.347360957825414429e-02
1.650461908717876750e+15,5.539473492773466790e-02
1.650461908719801500e+15,5.731586027721519150e-02
1.650461908721726250e+15,5.923698562669571510e-02
1.650461908723651000e+15,6.115811097617623870e-02
1.650461908725575750e+15,6.307923632565676231e-02
1.650461908727500250e+15,6.500011214593225117e-02
1.650461908729425000e+15,6.692123749541277478e-02
1.650461908731349750e+15,6.607882935293744875e-02
1.650461908733274500e+15,6.405914263452240631e-02
1.650461908735199250e+15,6.203945591610737775e-02
1.650461908737124000e+15,6.001976919769232838e-02
1.650461908739048500e+15,5.800034481032267930e-02
1.650461908740973250e+15,5.598065809190763686e-02
1.650461908742898000e+15,6.366039751320348716e-02
1.650461908744822750e+15,7.715938948340736458e-02
1.650461908746747500e+15,9.065838145361124201e-02
1.650461908748672250e+15,1.041573734238151194e-01
1.650461908750596750e+15,1.104466167277664279e-01
1.650461908752521500e+15,1.104466167277663724e-01
1.650461908754446250e+15,1.104466167277663030e-01
1.650461908756371000e+15,1.104466167277662475e-01
1.650461908758295750e+15,1.104466167277661920e-01
1.650461908760220500e+15,1.104466167277661087e-01
1.650461908762145250e+15,1.104466167277660671e-01
1.650461908764069750e+15,1.104466167277660255e-01
1.650461908765994500e+15,1.104466167277660116e-01
1.650461908767919250e+15,1.104466167277660116e-01
1.650461908769844000e+15,1.104466167277660116e-01
1.650461908771768750e+15,1.104466167277660116e-01
1.650461908773693500e+15,1.104466167277660116e-01
1.650461908775618000e+15,1.104466167277659977e-01
1.650461908777542750e+15,1.104466167277660116e-01
1.650461908779467500e+15,1.104466167277660116e-01
1.650461908781392250e+15,1.104466167277660116e-01
1.650461908783317000e+15,1.104466167277660255e-01
1.650461908785241750e+15,1.104466167277660810e-01
1.650461908787166250e+15,1.104466167277661504e-01
1.650461908789091000e+15,1.104466167277662059e-01
1.650461908791015750e+15,1.104466167277662891e-01
1.650461908792940500e+15,1.104466167277663169e-01
1.650461908794865250e+15,1.104466167277664002e-01
1.650461908796790000e+15,1.104466167277664418e-01
1.650461908798714500e+15,1.104466167277664140e-01
1.650461908800639250e+15,1.104466167277663863e-01
1.650461908802564000e+15,1.104466167277663446e-01
1.650461908804488750e+15,1.104466167277663169e-01
1.650461908806413500e+15,1.104466167277662891e-01
1.650461908808338250e+15,1.104466167277662475e-01
1.650461908810262750e+15,1.104466167277662475e-01
1.650461908812187500e+15,1.104466167277662336e-01
1.650461908814112250e+15,1.104466167277662336e-01
1.650461908816037000e+15,1.104466167277662336e-01
1.650461908817961750e+15,1.104466167277662336e-01
1.650461908819886500e+15,1.104466167277662475e-01
1.650461908821811000e+15,1.104466167277662475e-01
1.650461908823735750e+15,1.104466167277662475e-01
1.650461908825660500e+15,1.104466167277662891e-01
1.650461908827585250e+15,1.104466167277662891e-01
1.650461908829510000e+15,1.104466167277663169e-01
1.650461908831434750e+15,1.104466167277663446e-01
1.650461908833359250e+15,1.104466167277663724e-01
1.650461908835284000e+15,1.104466167277664002e-01
1.650461908837208750e+15,1.104466167277664279e-01
1.650461908839133500e+15,1.104466167277664418e-01
1.650461908841058250e+15,1.104466167277664557e-01
1.650461908842983000e+15,1.104466167277664557e-01
1.650461908844907500e+15,1.104466167277664557e-01
1.650461908846832250e+15,1.104466167277664557e-01
1.650461908848757000e+15,1.104466167277664557e-01
1.650461908850681750e+15,1.104466167277664557e-01
1.650461908852606500e+15,1.104466167277664695e-01
1.650461908854531250e+15,1.104466167277664695e-01
1.650461908856455750e+15,1.104466167277664140e-01
1.650461908858380500e+15,1.104466167277663863e-01
1.650461908860305250e+15,1.104466167277663585e-01
1.650461908862230000e+15,1.104466167277663169e-01
1.650461908864154750e+15,1.104466167277662891e-01
1.650461908866079500e+15,1.104466167277662475e-01
1.650461908868004000e+15,1.106628979505942800e-01
1.650461908869928750e+15,1.116198802118317096e-01
1.650461908871853500e+15,1.125768624730691253e-01
1.650461908873778250e+15,1.135338447343065549e-01
1.650461908875703000e+15,1.144908269955439983e-01
1.650461908877627750e+15,1.154478092567814140e-01
1.650461908879552250e+15,1.164046672184654851e-01
1.650461908881477000e+15,1.165825398793085277e-01
1.650461908883401750e+15,1.165825398793084999e-01
1.650461908885326500e+15,1.165825398793084444e-01
1.650461908887251250e+15,1.165825398793083889e-01
1.650461908889176000e+15,1.165825398793083612e-01
1.650461908891100500e+15,1.165825398793083334e-01
1.650461908893025250e+15,1.165825398793083334e-01
1.650461908894950000e+15,1.165825398793083334e-01
1.650461908896874750e+15,1.165825398793083334e-01
1.650461908898799500e+15,1.165825398793083473e-01
1.650461908900724250e+15,1.165825398793083334e-01
1.650461908902648750e+15,1.165825398793083473e-01
1.650461908904573500e+15,1.165825398793083334e-01
1.650461908906498250e+15,1.165825398793083334e-01
1.650461908908423000e+15,1.165825398793083334e-01
1.650461908910347750e+15,1.165825398793083334e-01
1.650461908912272500e+15,1.165825398793083334e-01
1.650461908914197000e+15,1.165825398793083334e-01
1.650461908916121750e+15,1.165825398793083889e-01
1.650461908918046500e+15,1.165825398793084444e-01
1.650461908919971250e+15,1.165825398793085138e-01
1.650461908921896000e+15,1.165930930640900753e-01
1.650461908923820750e+15,1.175603427025776193e-01
1.650461908925745250e+15,1.185274667079130040e-01
1.650461908927670000e+15,1.194947163464005202e-01
1.650461908929594750e+15,1.204619659848880642e-01
1.650461908931519500e+15,1.214292156233755943e-01
1.650461908933444250e+15,1.223964652618631244e-01
1.650461908935369000e+15,1.215714947200960405e-01
1.650461908937293500e+15,1.198523821702133507e-01
1.650461908939218250e+15,1.181330463009555021e-01
1.650461908941143000e+15,1.164137104316976534e-01
1.650461908943067750e+15,1.146943745624398048e-01
1.650461908944992500e+15,1.129750386931819423e-01
1.650461908946917250e+15,1.112557028239241214e-01
1.650461908948841750e+15,1.115253003706709045e-01
1.650461908950766500e+15,1.135632845097444693e-01
1.650461908952691250e+15,1.156012686488180341e-01
1.650461908954616000e+15,1.176392527878915850e-01
1.650461908956540750e+15,1.196772369269651637e-01
1.650461908958465500e+15,1.217152210660387146e-01
1.650461908960390000e+15,1.227184630308509050e-01
1.650461908962314750e+15,1.227184630308509466e-01
1.650461908964239500e+15,1.227184630308509883e-01
1.650461908966164250e+15,1.227184630308510160e-01
1.650461908968089000e+15,1.227184630308510438e-01
1.650461908970013750e+15,1.227184630308510993e-01
1.650461908971938250e+15,1.227184630308510993e-01
1.650461908973863000e+15,1.227184630308510993e-01
1.650461908975787750e+15,1.227184630308510993e-01
1.650461908977712500e+15,1.227184630308510993e-01
1.650461908979637250e+15,1.227184630308510993e-01
1.650461908981562000e+15,1.227184630308510993e-01
1.650461908983486500e+15,1.227184630308510993e-01
1.650461908985411250e+15,1.227184630308510993e-01
1.650461908987336000e+15,1.227184630308510993e-01
1.650461908989260750e+15,1.227184630308510993e-01
1.650461908991185500e+15,1.227184630308510993e-01
1.650461908993110250e+15,1.227184630308510993e-01
1.650461908995034750e+15,1.227184630308510993e-01
1.650461908996959500e+15,1.227184630308510993e-01
1.650461908998884250e+15,1.227184630308510993e-01
1.650461909000809000e+15,1.227184630308510993e-01
1.650461909002733750e+15,1.227184630308510993e-01
1.650461909004658500e+15,1.227184630308510993e-01
1.650461909006583000e+15,1.227184630308510993e-01
1.650461909008507750e+15,1.227184630308511826e-01
1.650461909010432500e+15,1.227184630308513213e-01
1.650461909012357250e+15,1.227184630308514324e-01
1.650461909014282000e+15,1.227184630308515711e-01
1.650461909016206750e+15,1.227184630308516822e-01
1.650461909018131250e+15,1.227184630308517654e-01
1.650461909020056000e+15,1.227184630308517793e-01
1.650461909021980750e+15,1.227184630308517932e-01
1.650461909023905500e+15,1.227184630308518209e-01
1.650461909025830250e+15,1.227184630308518487e-01
1.650461909027755000e+15,1.227184630308518487e-01
1.650461909029679500e+15,1.227184630308518903e-01
1.650461909031604250e+15,1.227184630308519042e-01
1.650461909033529000e+15,1.227184630308519181e-01
1.650461909035453750e+15,1.227184630308519458e-01
1.650461909037378500e+15,1.227184630308519597e-01
1.650461909039303250e+15,1.227184630308519736e-01
1.650461909041227750e+15,1.227184630308517516e-01
1.650461909043152500e+15,1.227184630308515156e-01
1.650461909045077250e+15,1.227184630308512936e-01
1.650461909047002000e+15,1.227184630308510715e-01
1.650461909048926750e+15,1.227184630308508495e-01
1.650461909050851500e+15,1.227184630308506830e-01
1.650461909052776000e+15,1.227184630308507801e-01
1.650461909054700750e+15,1.227184630308508773e-01
1.650461909056625500e+15,1.227184630308509605e-01
1.650461909058550250e+15,1.227184630308510577e-01
1.650461909060475000e+15,1.227184630308511548e-01
1.650461909062399750e+15,1.227184630308512520e-01
1.650461909064324250e+15,1.227184630308513352e-01
1.650461909066249000e+15,1.227184630308514324e-01
1.650461909068173750e+15,1.227184630308515295e-01
1.650461909070098500e+15,1.227184630308516267e-01
1.650461909072023250e+15,1.227184630308517238e-01
1.650461909073948000e+15,1.227184630308517377e-01
1.650461909075872500e+15,1.227184630308516822e-01
1.650461909077797250e+15,1.227184630308516267e-01
1.650461909079722000e+15,1.227184630308515573e-01
1.650461909081646750e+15,1.227184630308514879e-01
1.650461909083571500e+15,1.227184630308514324e-01
1.650461909085496250e+15,1.227184630308513769e-01
1.650461909087420750e+15,1.227184630308512936e-01
1.650461909089345500e+15,1.227184630308512381e-01
1.650461909091270250e+15,1.227184630308511687e-01
1.650461909093195000e+15,1.227184630308511271e-01
1.650461909095119750e+15,1.227184630308510577e-01
1.650461909097044500e+15,1.227184630308509883e-01
1.650461909098969000e+15,1.227184630308509328e-01
1.650461909100893750e+15,1.227184630308509050e-01
1.650461909102818500e+15,1.227184630308510299e-01
1.650461909104743250e+15,1.227184630308511687e-01
1.650461909106668000e+15,1.227184630308512936e-01
1.650461909108592750e+15,1.227184630308514185e-01
1.650461909110517250e+15,1.227184630308515295e-01
1.650461909112442000e+15,1.227184630308515989e-01
1.650461909114366750e+15,1.227184630308516405e-01
1.650461909116291500e+15,1.227184630308517099e-01
1.650461909118216250e+15,1.227184630308517377e-01
1.650461909120141000e+15,1.227184630308517932e-01
1.650461909122065750e+15,1.227184630308518626e-01
1.650461909123990250e+15,1.227184630308519042e-01
1.650461909125915000e+15,1.227184630308519458e-01
1.650461909127839750e+15,1.238009617220331704e-01
1.650461909129764500e+15,1.267531960200862784e-01
1.650461909131689250e+15,1.297054303181393586e-01
1.650461909133614000e+15,1.326576646161924389e-01
1.650461909135538500e+15,1.356095154573942474e-01
1.650461909137463250e+15,1.385617497554473554e-01
1.650461909139388000e+15,1.415139840535004634e-01
1.650461909141312750e+15,1.444662183515535436e-01
1.650461909143237500e+15,1.474184526496066239e-01
1.650461909145162250e+15,1.503706869476597319e-01
1.650461909147086750e+15,1.533225377888615126e-01
1.650461909149011500e+15,1.523896732618632288e-01
1.650461909150936250e+15,1.513547873447642911e-01
1.650461909152861000e+15,1.503199014276653256e-01
1.650461909154785750e+15,1.492850155105664156e-01
1.650461909156710500e+15,1.482501295934674501e-01
1.650461909158635000e+15,1.472225131808961029e-01
1.650461909160559750e+15,1.463454807966743099e-01
1.650461909162484500e+15,1.454684484124524890e-01
1.650461909164409250e+15,1.445914160282306404e-01
1.650461909166334000e+15,1.437143836440088474e-01
1.650461909168258750e+15,1.428373512597869988e-01
1.650461909170183250e+15,1.419604327906690000e-01
1.650461909172108000e+15,1.412164055184008948e-01
1.650461909174032750e+15,1.430627942962317267e-01
1.650461909175957500e+15,1.449091830740625586e-01
1.650461909177882250e+15,1.467555718518933905e-01
1.650461909179807000e+15,1.486019606297242224e-01
1.650461909181731500e+15,1.504481095856589901e-01
1.650461909183656250e+15,1.522944983634898219e-01
1.650461909185581000e+15,1.541408871413206261e-01
1.650461909187505750e+15,1.559872759191514857e-01
1.650461909189430500e+15,1.578336646969823176e-01
1.650461909191355250e+15,1.598062295165491309e-01
1.650461909193279750e+15,1.632472933645753577e-01
1.650461909195204500e+15,1.666888042201162823e-01
1.650461909197129250e+15,1.701303150756571791e-01
1.650461909199054000e+15,1.735718259311981038e-01
1.650461909200978750e+15,1.770133367867390006e-01
1.650461909202903500e+15,1.793132790266515619e-01
1.650461909204828000e+15,1.811912345141108438e-01
1.650461909206752750e+15,1.830694339552578209e-01
1.650461909208677500e+15,1.849476333964047425e-01
1.650461909210602250e+15,1.868258328375516641e-01
1.650461909212527000e+15,1.887040322786985858e-01
1.650461909214451750e+15,1.891603709678163214e-01
1.650461909216376250e+15,1.837944587722041556e-01
1.650461909218301000e+15,1.784278495238256490e-01
1.650461909220225750e+15,1.730612402754471146e-01
1.650461909222150500e+15,1.676946310270686080e-01
1.650461909224075250e+15,1.623280217786901014e-01
1.650461909226000000e+15,1.569614125303115948e-01
1.650461909227924500e+15,1.547790620148385698e-01
1.650461909229849250e+15,1.588905043424038988e-01
1.650461909231774000e+15,1.630019466699692832e-01
1.650461909233698750e+15,1.671133889975346398e-01
1.650461909235623500e+15,1.712248313251000242e-01
1.650461909237548250e+15,1.753362736526653531e-01
1.650461909239472750e+15,1.779417713947346602e-01
1.650461909241397500e+15,1.779417713947346047e-01
1.650461909243322250e+15,1.779417713947345769e-01
1.650461909245247000e+15,1.779417713947345492e-01
1.650461909247171750e+15,1.779417713947345214e-01
1.650461909249096500e+15,1.779417713947344937e-01
1.650461909251021000e+15,1.779417713947344382e-01
1.650461909252945750e+15,1.795700848329405130e-01
1.650461909254870500e+15,1.817775835405912588e-01
1.650461909256795250e+15,1.839850822482420045e-01
1.650461909258720000e+15,1.861925809558927503e-01
1.650461909260644750e+15,1.884000796635434960e-01
1.650461909262569250e+15,1.902136176978195259e-01
1.650461909264494000e+15,1.902136176978196369e-01
1.650461909266418750e+15,1.902136176978197479e-01
1.650461909268343500e+15,1.902136176978198590e-01
1.650461909270268250e+15,1.902136176978199422e-01
1.650461909272193000e+15,1.902136176978200810e-01
1.650461909274117500e+15,1.902136176978201365e-01
1.650461909276042250e+15,1.906116773845158430e-01
1.650461909277967000e+15,1.911716374663484097e-01
1.650461909279891750e+15,1.917315975481809764e-01
1.650461909281816500e+15,1.922915576300135987e-01
1.650461909283741250e+15,1.928515177118461654e-01
1.650461909285665750e+15,1.934114050621445480e-01
1.650461909287590500e+15,1.939713651439771425e-01
1.650461909289515250e+15,1.945313252258097370e-01
1.650461909291440000e+15,1.950912853076423314e-01
1.650461909293364750e+15,1.956512453894749259e-01
1.650461909295289500e+15,1.962112054713074927e-01
1.650461909297214000e+15,1.959861405122994005e-01
1.650461909299138750e+15,1.955034249852033168e-01
1.650461909301063500e+15,1.950207094581072331e-01
1.650461909302988250e+15,1.945379939310111217e-01
1.650461909304913000e+15,1.940552784039150658e-01
1.650461909306837750e+15,1.935725628768189821e-01
1.650461909308762250e+15,1.930899100481937580e-01
1.650461909310687000e+15,1.926071945210976744e-01
1.650461909312611750e+15,1.921244789940015907e-01
1.650461909314536500e+15,1.916417634669054793e-01
1.650461909316461250e+15,1.911590479398093956e-01
1.650461909318386000e+15,1.906763324127133119e-01
1.650461909320310500e+15,1.902497889784471874e-01
1.650461909322235250e+15,1.911255207066046014e-01
1.650461909324160000e+15,1.920012524347620431e-01
1.650461909326084750e+15,1.928769841629194570e-01
1.650461909328009500e+15,1.937527158910768987e-01
1.650461909329934250e+15,1.946284476192343127e-01
1.650461909331858750e+15,1.955040656012262401e-01
1.650461909333783500e+15,1.963034607940733756e-01
1.650461909335708250e+15,1.949697376900723089e-01
1.650461909337633000e+15,1.936360145860712700e-01
1.650461909339557750e+15,1.923022914820701756e-01
1.650461909341482500e+15,1.909685683780691368e-01
1.650461909343407000e+15,1.907044915499436222e-01
1.650461909345331750e+15,1.918359998695538526e-01
1.650461909347256500e+15,1.929675081891641109e-01
1.650461909349181250e+15,1.940990165087743691e-01
1.650461909351106000e+15,1.952305248283845995e-01
1.650461909353030750e+15,1.963620331479948300e-01
1.650461909354955250e+15,1.974933944993858825e-01
1.650461909356880000e+15,1.986249028189961408e-01
1.650461909358804750e+15,1.997564111386063990e-01
1.650461909360729500e+15,2.008879194582166572e-01
1.650461909362654250e+15,2.020194277778268876e-01
1.650461909364579000e+15,2.024854640009056128e-01
1.650461909366503500e+15,2.024854640009055018e-01
1.650461909368428250e+15,2.024854640009053353e-01
1.650461909370353000e+15,2.024854640009051687e-01
1.650461909372277750e+15,2.024854640009050299e-01
1.650461909374202500e+15,2.024854640009048912e-01
1.650461909376127250e+15,2.024854640009047246e-01
1.650461909378051750e+15,2.023902768180681211e-01
1.650461909379976500e+15,2.018445983961334178e-01
1.650461909381901250e+15,2.012989199741987423e-01
1.650461909383826000e+15,2.007532415522640667e-01
1.650461909385750750e+15,2.002075631303293357e-01
1.650461909387675500e+15,1.996618847083946879e-01
1.650461909389600000e+15,1.991162771629922390e-01
1.650461909391524750e+15,1.985705987410575912e-01
1.650461909393449500e+15,1.980249203191229157e-01
1.650461909395374250e+15,1.974792418971882124e-01
1.650461909397299000e+15,1.969335634752535369e-01
1.650461909399223750e+15,1.963878850533188336e-01
1.650461909401148250e+15,1.973643019639653717e-01
1.650461909403073000e+15,1.984559109930745247e-01
1.650461909404997750e+15,1.995475200221836776e-01
1.650461909406922500e+15,2.006391290512928305e-01
1.650461909408847250e+15,2.017307380804019834e-01
1.650461909410772000e+15,2.029965399809950111e-01
1.650461909412696500e+15,2.046523745326522814e-01
1.650461909414621250e+15,2.063084241836277699e-01
1.650461909416546000e+15,2.079644738346032862e-01
1.650461909418470750e+15,2.096205234855787469e-01
1.650461909420395500e+15,2.112765731365542632e-01
1.650461909422320250e+15,2.129326227875297239e-01
1.650461909424244750e+15,2.145884573391870220e-01
1.650461909426169500e+15,2.158361367883190884e-01
1.650461909428094250e+15,2.170374508037734851e-01
1.650461909430019000e+15,2.182387648192279095e-01
1.650461909431943750e+15,2.194400788346823061e-01
1.650461909433868500e+15,2.206413928501367305e-01
1.650461909435793000e+15,2.218425508305196803e-01
1.650461909437717750e+15,2.230438648459740769e-01
1.650461909439642500e+15,2.242451788614285013e-01
1.650461909441567250e+15,2.254464928768828980e-01
1.650461909443492000e+15,2.266478068923372946e-01
1.650461909445416750e+15,2.270291566070755385e-01
1.650461909447341250e+15,2.270291566070753719e-01
1.650461909449266000e+15,2.270291566070752054e-01
1.650461909451190750e+15,2.270291566070750111e-01
1.650461909453115500e+15,2.270291566070748446e-01
1.650461909455040250e+15,2.270291566070746503e-01
1.650461909456965000e+15,2.270291566070745115e-01
1.650461909458889500e+15,2.271353286943919303e-01
1.650461909460814250e+15,2.282674878360237136e-01
1.650461909462739000e+15,2.293996469776554969e-01
1.650461909464663750e+15,2.305318061192872525e-01
1.650461909466588500e+15,2.316639652609190914e-01
1.650461909468513250e+15,2.327961244025508469e-01
1.650461909470438000e+15,2.339282835441826580e-01
1.650461909472362500e+15,2.350602956330619109e-01
1.650461909474287250e+15,2.361924547746936942e-01
1.650461909476212000e+15,2.373246139163254775e-01
1.650461909478136750e+15,2.384567730579572609e-01
1.650461909480061500e+15,2.387618171310233461e-01
1.650461909481986250e+15,2.366416989933459725e-01
1.650461909483910750e+15,2.345218562314496380e-01
1.650461909485835500e+15,2.324017380937723476e-01
1.650461909487760250e+15,2.302816199560950294e-01
1.650461909489685000e+15,2.281615018184176835e-01
1.650461909491609750e+15,2.260413836807403931e-01
1.650461909493534500e+15,2.239212655430630472e-01
1.650461909495459000e+15,2.218014227811667127e-01
1.650461909497383750e+15,2.196813046434893668e-01
1.650461909499308500e+15,2.175611865058120764e-01
1.650461909501233250e+15,2.154410683681347305e-01
1.650461909503158000e+15,2.161626398534076676e-01
1.650461909505082750e+15,2.182369558428572942e-01
1.650461909507007250e+15,2.203110024056294525e-01
1.650461909508932000e+15,2.223853183950790791e-01
1.650461909510856750e+15,2.244596343845286779e-01
1.650461909512781500e+15,2.265339503739782767e-01
1.650461909514706250e+15,2.278734690828033427e-01
1.650461909516631000e+15,2.289825565679826369e-01
1.650461909518555500e+15,2.300914999971176433e-01
1.650461909520480250e+15,2.312005874822968821e-01
1.650461909522405000e+15,2.323096749674762318e-01
1.650461909524329750e+15,2.334187624526554983e-01
1.650461909526254500e+15,2.345278499378348203e-01
1.650461909528179250e+15,2.356369374230141145e-01
1.650461909530103750e+15,2.367458808521490654e-01
1.650461909532028500e+15,2.378549683373283874e-01
1.650461909533953250e+15,2.389640558225076816e-01
1.650461909535878000e+15,2.380361560486774497e-01
1.650461909537802750e+15,2.362193545586487864e-01
1.650461909539727500e+15,2.344025530686201786e-01
1.650461909541652000e+15,2.325859875574836089e-01
1.650461909543576750e+15,2.307691860674549456e-01
1.650461909545501500e+15,2.289523845774263378e-01
1.650461909547426250e+15,2.271355830873977300e-01
1.650461909549351000e+15,2.287634091028785122e-01
1.650461909551275750e+15,2.306055738331750649e-01
1.650461909553200250e+15,2.324474992902244019e-01
1.650461909555125000e+15,2.342896640205209546e-01
1.650461909557049750e+15,2.361318287508174796e-01
1.650461909558974500e+15,2.379739934811140323e-01
1.650461909560899250e+15,2.398161582114106127e-01
1.650461909562824000e+15,2.416583229417071377e-01
1.650461909564748500e+15,2.435002483987565025e-01
1.650461909566673250e+15,2.453424131290530552e-01
1.650461909568598000e+15,2.471845778593495802e-01
1.650461909570522750e+15,2.490267425896461606e-01
1.650461909572447500e+15,2.508689073199427133e-01
1.650461909574372250e+15,2.520819287868441005e-01
1.650461909576296750e+15,2.529057451748129015e-01
1.650461909578221500e+15,2.537296685797196805e-01
1.650461909580146250e+15,2.545535919846264039e-01
1.650461909582071000e+15,2.553775153895331829e-01
1.650461909583995750e+15,2.562014387944398508e-01
1.650461909585920500e+15,2.570253621993466298e-01
1.650461909587845000e+15,2.577087723647881745e-01
1.650461909589769750e+15,2.577087723647881745e-01
1.650461909591694500e+15,2.577087723647881745e-01
1.650461909593619250e+15,2.577087723647881745e-01
1.650461909595544000e+15,2.577087723647881745e-01
1.650461909597468750e+15,2.577087723647881745e-01
1.650461909599393250e+15,2.577087723647881745e-01
1.650461909601318000e+15,2.577087723647881745e-01
1.650461909603242750e+15,2.577087723647881745e-01
1.650461909605167500e+15,2.577087723647881745e-01
1.650461909607092250e+15,2.577087723647881745e-01
1.650461909609017000e+15,2.577087723647881745e-01
1.650461909610941500e+15,2.578905122598038613e-01
1.650461909612866250e+15,2.589178363800135885e-01
1.650461909614791000e+15,2.599451605002233157e-01
1.650461909616715750e+15,2.609724846204330984e-01
1.650461909618640500e+15,2.619998087406427700e-01
1.650461909620565250e+15,2.630271328608524972e-01
1.650461909622489750e+15,2.648740105479454043e-01
1.650461909624414500e+15,2.699183749199396409e-01
1.650461909626339250e+15,2.749627392919338220e-01
1.650461909628264000e+15,2.800071036639281141e-01
1.650461909630188750e+15,2.850514680359223507e-01
1.650461909632113500e+15,2.877077506673897944e-01
1.650461909634038000e+15,2.856971800114253002e-01
1.650461909635962750e+15,2.836863481745494076e-01
1.650461909637887500e+15,2.816755163376735149e-01
1.650461909639812250e+15,2.796646845007976778e-01
1.650461909641737000e+15,2.776538526639217297e-01
1.650461909643661750e+15,2.756430208270458926e-01
1.650461909645586250e+15,2.736324501710813983e-01
1.650461909647511000e+15,2.716216183342055057e-01
1.650461909649435750e+15,2.696107864973296131e-01
1.650461909651360500e+15,2.675999546604537205e-01
1.650461909653285250e+15,2.655891228235778279e-01
1.650461909655210000e+15,2.639368807754862156e-01
1.650461909657134500e+15,2.646326083489936587e-01
1.650461909659059250e+15,2.653284263002061438e-01
1.650461909660984000e+15,2.660242442514186290e-01
1.650461909662908750e+15,2.667200622026311141e-01
1.650461909664833500e+15,2.674158801538435437e-01
1.650461909666758250e+15,2.681116981050560844e-01
1.650461909668682750e+15,2.688074256785634719e-01
1.650461909670607500e+15,2.695032436297759570e-01
1.650461909672532250e+15,2.707887688846036256e-01
1.650461909674457000e+15,2.733630132034343685e-01
1.650461909676381750e+15,2.759372575222651114e-01
1.650461909678306500e+15,2.785115018410957988e-01
1.650461909680231000e+15,2.810854117990589929e-01
1.650461909682155750e+15,2.836596561178897913e-01
1.650461909684080500e+15,2.862339004367204787e-01
1.650461909686005250e+15,2.888081447555512216e-01
1.650461909687930000e+15,2.913823890743819645e-01
1.650461909689854750e+15,2.939566333932126518e-01
1.650461909691779250e+15,2.965305433511759015e-01
1.650461909693704000e+15,2.991047876700066444e-01
1.650461909695628750e+15,3.002189542650219312e-01
1.650461909697553500e+15,2.991039506692957928e-01
1.650461909699478250e+15,2.979889470735697099e-01
1.650461909701403000e+15,2.968739434778435715e-01
1.650461909703327500e+15,2.957590847065876272e-01
1.650461909705252250e+15,2.946440811108614888e-01
1.650461909707177000e+15,2.963411875191914180e-01
1.650461909709101750e+15,2.983767128700932081e-01
1.650461909711026500e+15,3.004122382209949982e-01
1.650461909712951250e+15,3.024477635718968438e-01
1.650461909714875750e+15,3.044830245345208630e-01
1.650461909716800500e+15,3.065185498854226531e-01
1.650461909718725250e+15,3.061503373872567213e-01
1.650461909720650000e+15,3.054025302520744778e-01
1.650461909722574750e+15,3.046547231168922898e-01
1.650461909724499500e+15,3.039069159817100463e-01
1.650461909726424000e+15,3.031592059769519509e-01
1.650461909728348750e+15,3.024113988417697074e-01
1.650461909730273500e+15,3.016635917065874639e-01
1.650461909732198250e+15,3.009157845714052759e-01
1.650461909734123000e+15,2.990970283464615687e-01
1.650461909736047750e+15,2.967222999322592369e-01
1.650461909737972250e+15,2.943478799644025368e-01
1.650461909739897000e+15,2.919731515502002606e-01
1.650461909741821750e+15,2.895984231359979288e-01
1.650461909743746500e+15,2.872236947217956526e-01
1.650461909745671250e+15,2.848489663075933764e-01
1.650461909747596000e+15,2.824742378933911002e-01
1.650461909749520500e+15,2.800998179255342890e-01
1.650461909751445250e+15,2.777250895113320128e-01
1.650461909753370000e+15,2.775105936281135888e-01
1.650461909755294750e+15,2.818313685376007682e-01
1.650461909757219500e+15,2.861521434470878367e-01
1.650461909759144250e+15,2.904729183565750161e-01
1.650461909761068750e+15,2.947931320535788213e-01
1.650461909762993500e+15,2.991139069630659453e-01
1.650461909764918250e+15,3.034346818725530692e-01
1.650461909766843000e+15,3.077554567820401932e-01
1.650461909768767750e+15,3.120762316915273726e-01
1.650461909770692500e+15,3.101866568081743658e-01
1.650461909772617000e+15,3.067635480715397711e-01
1.650461909774541750e+15,3.033399946598289709e-01
1.650461909776466500e+15,2.999164412481182262e-01
1.650461909778391250e+15,2.964928878364074261e-01
1.650461909780316000e+15,2.963981903623244540e-01
1.650461909782240750e+15,3.008074186938278216e-01
1.650461909784165250e+15,3.052160743238983009e-01
1.650461909786090000e+15,3.096253026554016685e-01
1.650461909788014750e+15,3.140345309869050361e-01
1.650461909789939500e+15,3.184437593184084037e-01
1.650461909791864250e+15,3.162473656310277326e-01
1.650461909793789000e+15,3.129615290626387436e-01
1.650461909795713500e+15,3.096761192816986918e-01
1.650461909797638250e+15,3.063902827133097029e-01
1.650461909799563000e+15,3.031044461449207694e-01
1.650461909801487750e+15,2.998186095765318360e-01
1.650461909803412500e+15,2.965327730081429025e-01
1.650461909805337250e+15,2.958614254857138692e-01
1.650461909807261750e+15,2.993004850251209104e-01
1.650461909809186500e+15,3.027399913116751717e-01
1.650461909811111250e+15,3.061794975982294331e-01
1.650461909813036000e+15,3.096190038847838055e-01
1.650461909814960750e+15,3.129738367583896341e-01
1.650461909816885500e+15,3.141098073336728858e-01
1.650461909818810000e+15,3.152456303611478883e-01
1.650461909820734750e+15,3.163816009364310844e-01
1.650461909822659500e+15,3.175175715117143360e-01
1.650461909824584250e+15,3.186535420869975876e-01
1.650461909826509000e+15,3.197895126622807283e-01
1.650461909828433750e+15,3.209254832375639799e-01
1.650461909830358500e+15,3.220614538128471760e-01
1.650461909832283000e+15,3.231972768403221785e-01
1.650461909834207750e+15,3.243332474156053746e-01
1.650461909836132500e+15,3.239171408711618017e-01
1.650461909838057250e+15,3.184071482958460431e-01
1.650461909839982000e+15,3.128971557205302845e-01
1.650461909841906750e+15,3.073871631452145259e-01
1.650461909843831250e+15,3.018778862462951351e-01
1.650461909845756000e+15,2.963678936709793765e-01
1.650461909847680750e+15,2.976064109215921238e-01
1.650461909849605500e+15,3.022382838840127484e-01
1.650461909851530250e+15,3.068701568464333174e-01
1.650461909853455000e+15,3.115020298088539419e-01
1.650461909855379500e+15,3.161333011511989199e-01
1.650461909857304250e+15,3.196026198423222997e-01
1.650461909859229000e+15,3.210616798537621053e-01
1.650461909861153750e+15,3.225207398652018553e-01
1.650461909863078500e+15,3.239797998766416054e-01
1.650461909865003250e+15,3.254388598880813555e-01
1.650461909866927750e+15,3.268977303865958639e-01
1.650461909868852500e+15,3.283567903980355585e-01
1.650461909870777250e+15,3.298158504094753640e-01
1.650461909872702000e+15,3.312749104209151141e-01
1.650461909874626750e+15,3.327339704323548641e-01
1.650461909876551500e+15,3.341930304437946142e-01
1.650461909878476000e+15,3.356519009423091227e-01
1.650461909880400750e+15,3.371109609537489282e-01
1.650461909882325500e+15,3.399604370754256144e-01
1.650461909884250250e+15,3.432734655026455362e-01
1.650461909886175000e+15,3.465864939298654024e-01
1.650461909888099750e+15,3.498995223570853241e-01
1.650461909890024250e+15,3.532121204649875112e-01
1.650461909891949000e+15,3.565251488922074330e-01
1.650461909893873750e+15,3.598381773194273547e-01
1.650461909895798500e+15,3.610723196862541950e-01
1.650461909897723250e+15,3.582996660682398748e-01
1.650461909899648000e+15,3.555270124502255547e-01
1.650461909901572500e+15,3.527547189638670089e-01
1.650461909903497250e+15,3.499820653458527442e-01
1.650461909905422000e+15,3.524762451898266757e-01
1.650461909907346750e+15,3.554569046852980585e-01
1.650461909909271500e+15,3.584375641807694413e-01
1.650461909911196250e+15,3.614182236762408240e-01
1.650461909913120750e+15,3.643984960227973358e-01
1.650461909915045500e+15,3.673791555182687185e-01
1.650461909916970250e+15,3.703598150137401013e-01
1.650461909918895000e+15,3.733404745092115395e-01
1.650461909920819750e+15,3.718400287113671210e-01
1.650461909922744500e+15,3.682404803767338475e-01
1.650461909924669000e+15,3.646413995766289995e-01
1.650461909926593750e+15,3.610418512419958370e-01
1.650461909928518500e+15,3.574423029073625635e-01
1.650461909930443250e+15,3.538427545727293455e-01
1.650461909932368000e+15,3.502432062380961275e-01
1.650461909934292750e+15,3.466436579034628540e-01
1.650461909936217250e+15,3.430445771033581170e-01
1.650461909938142000e+15,3.394450287687248435e-01
1.650461909940066750e+15,3.409667754426154440e-01
1.650461909941991500e+15,3.486746117568567116e-01
1.650461909943916250e+15,3.563824480710979792e-01
1.650461909945841000e+15,3.640902843853391913e-01
1.650461909947765500e+15,3.717971195518580685e-01
1.650461909949690250e+15,3.795049558660992806e-01
1.650461909951615000e+15,3.872127921803405481e-01
1.650461909953539750e+15,3.911199105698369149e-01
1.650461909955464500e+15,3.856408485953846110e-01
1.650461909957389250e+15,3.801617866209322516e-01
1.650461909959313750e+15,3.746834363053933581e-01
1.650461909961238500e+15,3.692043743309411097e-01
1.650461909963163250e+15,3.637253123564888058e-01
1.650461909965088000e+15,3.582462503820364463e-01
1.650461909967012750e+15,3.576094682442862993e-01
1.650461909968937500e+15,3.606439281841453681e-01
1.650461909970862000e+15,3.636779939871113143e-01
1.650461909972786750e+15,3.667124539269703276e-01
1.650461909974711500e+15,3.697469138668293409e-01
1.650461909976636250e+15,3.727813738066884097e-01
1.650461909978561000e+15,3.742913122440958973e-01
1.650461909980485750e+15,3.742913122440959528e-01
1.650461909982410250e+15,3.742913122440961193e-01
1.650461909984335000e+15,3.742913122440961748e-01
1.650461909986259750e+15,3.742913122440962859e-01
1.650461909988184500e+15,3.742913122440963969e-01
1.650461909990109250e+15,3.742913122440964524e-01
1.650461909992034000e+15,3.742913122440965634e-01
1.650461909993958500e+15,3.742913122440966189e-01
1.650461909995883250e+15,3.753453332168372181e-01
1.650461909997808000e+15,3.786534895434286452e-01
1.650461909999732750e+15,3.819616458700201278e-01
1.650461910001657500e+15,3.852698021966115549e-01
1.650461910003582250e+15,3.885779585232029820e-01
1.650461910005506750e+15,3.918856851632992466e-01
1.650461910007431500e+15,3.951938414898907292e-01
1.650461910009356250e+15,3.985019978164822119e-01
1.650461910011281000e+15,3.977976182237766833e-01
1.650461910013205750e+15,3.966441174096015931e-01
1.650461910015130500e+15,3.954906165954265029e-01
1.650461910017055000e+15,3.943372656060097903e-01
1.650461910018979750e+15,3.931837647918347001e-01
1.650461910020904500e+15,3.920302639776596099e-01
1.650461910022829250e+15,3.908767631634845197e-01
1.650461910024754000e+15,3.897232623493094295e-01
1.650461910026678750e+15,3.885697615351343392e-01
1.650461910028603250e+15,3.874164105457176266e-01
1.650461910030528000e+15,3.868287163822649588e-01
1.650461910032452750e+15,3.878489408195430199e-01
1.650461910034377500e+15,3.888691652568211365e-01
1.650461910036302250e+15,3.898893896940992532e-01
1.650461910038227000e+15,3.909096141313773143e-01
1.650461910040151500e+15,3.919297060547656253e-01
1.650461910042076250e+15,3.926990816987241395e-01
1.650461910044001000e+15,3.926990816987242505e-01
1.650461910045925750e+15,3.926990816987242505e-01
1.650461910047850500e+15,3.926990816987243615e-01
1.650461910049775250e+15,3.926990816987244726e-01
1.650461910051699750e+15,3.926990816987245281e-01
1.650461910053624500e+15,3.929687610125727204e-01
1.650461910055549250e+15,3.951822589201599012e-01
1.650461910057474000e+15,3.973957568277470820e-01
1.650461910059398750e+15,3.996092547353342628e-01
1.650461910061323500e+15,4.018227526429214991e-01
1.650461910063248000e+15,4.040359630459097184e-01
1.650461910065172750e+15,4.039035500384662858e-01
1.650461910067097500e+15,4.020556204365368091e-01
1.650461910069022250e+15,4.002076908346072770e-01
1.650461910070947000e+15,3.983597612326778004e-01
1.650461910072871750e+15,3.965118316307482682e-01
1.650461910074796250e+15,3.946641420508478215e-01
1.650461910076721000e+15,3.928162124489182894e-01
1.650461910078645750e+15,3.941080150144096184e-01
1.650461910080570500e+15,3.956122970276475526e-01
1.650461910082495250e+15,3.971165790408854868e-01
1.650461910084420000e+15,3.986208610541234210e-01
1.650461910086344500e+15,4.001249476806860716e-01
1.650461910088269250e+15,4.016292296939240059e-01
1.650461910090194000e+15,4.031335117071619401e-01
1.650461910092118750e+15,4.046377937203998743e-01
1.650461910094043500e+15,4.038554747878596030e-01
1.650461910095968250e+15,4.024227296603656856e-01
1.650461910097892750e+15,4.009901706278358180e-01
1.650461910099817500e+15,3.995574255003419561e-01
1.650461910101742250e+15,3.981246803728480943e-01
1.650461910103667000e+15,3.966919352453542325e-01
1.650461910105591750e+15,3.952591901178603706e-01
1.650461910107516500e+15,3.938264449903664532e-01
1.650461910109441000e+15,3.931615742977002115e-01
1.650461910111365750e+15,3.953327514437489643e-01
1.650461910113290500e+15,3.975039285897977726e-01
1.650461910115215250e+15,3.996751057358465808e-01
1.650461910117140000e+15,4.018462828818953891e-01
1.650461910119064750e+15,4.040174600279441419e-01
1.650461910120989250e+15,4.049709280018096713e-01
1.650461910122914000e+15,4.049709280018096713e-01
1.650461910124838750e+15,4.049709280018096713e-01
1.650461910126763500e+15,4.049709280018096713e-01
1.650461910128688250e+15,4.049709280018096713e-01
1.650461910130613000e+15,4.049709280018096713e-01
1.650461910132537500e+15,4.049709280018096713e-01
1.650461910134462250e+15,4.049709280018097268e-01
1.650461910136387000e+15,4.048049064706089606e-01
1.650461910138311750e+15,4.027695565204267858e-01
1.650461910140236500e+15,4.007342065702446665e-01
1.650461910142161250e+15,3.986988566200624917e-01
1.650461910144085750e+15,3.966637710353758672e-01
1.650461910146010500e+15,3.946284210851937480e-01
1.650461910147935250e+15,3.928645420132427790e-01
1.650461910149860000e+15,3.960412975281530912e-01
1.650461910151784750e+15,3.992180530430634589e-01
1.650461910153709500e+15,4.023948085579737155e-01
1.650461910155634000e+15,4.055711514536459728e-01
1.650461910157558750e+15,4.087479069685562294e-01
1.650461910159483500e+15,4.107979352905609671e-01
1.650461910161408250e+15,4.095979639345427858e-01
1.650461910163333000e+15,4.083979925785246046e-01
1.650461910165257750e+15,4.071980212225063678e-01
1.650461910167182250e+15,4.059982057271656619e-01
1.650461910169107000e+15,4.050882180931061338e-01
1.650461910171031750e+15,4.059032148556437347e-01
1.650461910172956500e+15,4.067182116181812801e-01
1.650461910174881250e+15,4.075332083807188810e-01
1.650461910176806000e+15,4.083482051432564264e-01
1.650461910178730500e+15,4.091630960483109147e-01
1.650461910180655250e+15,4.099780928108485156e-01
1.650461910182580000e+15,4.107930895733860610e-01
1.650461910184504750e+15,4.111068511533524372e-01
1.650461910186429500e+15,4.111068511533524372e-01
1.650461910188354250e+15,4.111068511533524372e-01
1.650461910190279000e+15,4.111068511533524372e-01
1.650461910192203500e+15,4.111068511533524372e-01
1.650461910194128250e+15,4.118444360605099108e-01
1.650461910196053000e+15,4.138545833880161173e-01
1.650461910197977750e+15,4.158647307155224349e-01
1.650461910199902500e+15,4.178748780430285859e-01
1.650461910201827250e+15,4.198850253705348479e-01
1.650461910203751750e+15,4.218949116060385363e-01
1.650461910205676500e+15,4.239050589335447983e-01
1.650461910207601250e+15,4.259152062610510603e-01
1.650461910209526000e+15,4.279253535885573223e-01
1.650461910211450750e+15,4.299355009160635843e-01
1.650461910213375500e+15,4.319456482435697908e-01
1.650461910215300000e+15,4.339555344790735347e-01
1.650461910217224750e+15,4.351907114458552495e-01
1.650461910219149500e+15,4.322576136969588090e-01
1.650461910221074250e+15,4.293245159480624240e-01
1.650461910222999000e+15,4.263914181991659835e-01
1.650461910224923750e+15,4.234583204502694875e-01
1.650461910226848250e+15,4.238015472105765569e-01
1.650461910228773000e+15,4.242362541483684080e-01
1.650461910230697750e+15,4.246709610861603146e-01
1.650461910232622500e+15,4.251056680239522212e-01
1.650461910234547250e+15,4.255403749617441833e-01
1.650461910236472000e+15,4.259750818995360344e-01
1.650461910238396500e+15,4.264097323745486001e-01
1.650461910240321250e+15,4.268444393123405067e-01
1.650461910242246000e+15,4.272791462501324133e-01
1.650461910244170750e+15,4.277138531879243200e-01
1.650461910246095500e+15,4.281485601257162266e-01
1.650461910248020250e+15,4.285832670635081332e-01
1.650461910249944750e+15,4.290179175385207544e-01
1.650461910251869500e+15,4.294526244763126055e-01
1.650461910253794250e+15,4.295146206079785145e-01
1.650461910255719000e+15,4.295146206079785700e-01
1.650461910257643750e+15,4.295146206079786255e-01
1.650461910259568500e+15,4.295146206079786255e-01
1.650461910261493000e+15,4.295146206079787365e-01
1.650461910263417750e+15,4.295146206079787365e-01
1.650461910265342500e+15,4.295146206079787365e-01
1.650461910267267250e+15,4.295146206079788476e-01
1.650461910269192000e+15,4.295146206079788476e-01
1.650461910271116750e+15,4.295146206079789031e-01
1.650461910273041250e+15,4.295146206079789586e-01
1.650461910274966000e+15,4.292496982727767030e-01
1.650461910276890750e+15,4.286540098794583420e-01
1.650461910278815500e+15,4.280583214861400365e-01
1.650461910280740250e+15,4.274626330928217310e-01
1.650461910282665000e+15,4.268669446995033701e-01
1.650461910284589500e+15,4.262713336783623408e-01
1.650461910286514250e+15,4.256756452850439798e-01
1.650461910288439000e+15,4.250799568917257298e-01
1.650461910290363750e+15,4.244842684984073133e-01
1.650461910292288500e+15,4.238885801050890079e-01
1.650461910294213250e+15,4.236650279143199249e-01
1.650461910296137750e+15,4.256525589014961697e-01
1.650461910298062500e+15,4.276403480766416410e-01
1.650461910299987250e+15,4.296281372517871677e-01
1.650461910301912000e+15,4.316159264269326390e-01
1.650461910303836750e+15,4.336037156020781103e-01
1.650461910305761500e+15,4.355915047772236370e-01
1.650461910307686000e+15,4.375790357643998818e-01
1.650461910309610750e+15,4.395668249395453531e-01
1.650461910311535500e+15,4.415546141146908243e-01
1.650461910313460250e+15,4.411270519980747817e-01
1.650461910315385000e+15,4.403805683316862618e-01
1.650461910317309750e+15,4.396340846652978529e-01
1.650461910319234250e+15,4.388876979574320991e-01
1.650461910321159000e+15,4.381412142910436347e-01
1.650461910323083750e+15,4.373947306246551703e-01
1.650461910325008500e+15,4.366482469582666504e-01
1.650461910326933250e+15,4.359017632918782414e-01
1.650461910328858000e+15,4.350096494470302444e-01
1.650461910330782500e+15,4.340437911037336449e-01
1.650461910332707250e+15,4.330778072916992016e-01
1.650461910334632000e+15,4.321118234796648139e-01
1.650461910336556750e+15,4.311458396676304261e-01
1.650461910338481500e+15,4.301798558555959828e-01
1.650461910340406250e+15,4.299025256558277608e-01
1.650461910342330750e+15,4.311482883001093724e-01
1.650461910344255500e+15,4.323942127737809837e-01
1.650461910346180250e+15,4.336401372474526505e-01
1.650461910348105000e+15,4.348860617211243174e-01
1.650461910350029750e+15,4.365520832387713712e-01
1.650461910351954500e+15,4.388851764995241878e-01
1.650461910353879000e+15,4.412179667217964729e-01
1.650461910355803750e+15,4.435510599825492895e-01
1.650461910357728500e+15,4.458841532433021060e-01
1.650461910359653250e+15,4.477064364625755744e-01
1.650461910361578000e+15,4.459976730847370896e-01
1.650461910363502750e+15,4.442889097068984938e-01
1.650461910365427250e+15,4.425803682752059154e-01
1.650461910367352000e+15,4.408716048973674306e-01
1.650461910369276750e+15,4.391628415195288904e-01
1.650461910371201500e+15,4.374540781416902946e-01
1.650461910373126250e+15,4.357453147638517543e-01
1.650461910375051000e+15,4.385674203278572825e-01
1.650461910376975500e+15,4.416551700284962467e-01
1.650461910378900250e+15,4.447433208397745252e-01
1.650461910380825000e+15,4.478314716510526372e-01
1.650461910382749750e+15,4.509196224623309157e-01
1.650461910384674500e+15,4.540077732736091387e-01
1.650461910386599250e+15,4.545848434460608156e-01
1.650461910388523750e+15,4.551200645902908071e-01
1.650461910390448500e+15,4.556553552618191616e-01
1.650461910392373250e+15,4.561906459333475716e-01
1.650461910394298000e+15,4.567259366048760372e-01
1.650461910396222750e+15,4.572612272764045027e-01
1.650461910398147500e+15,4.577965179479329128e-01
1.650461910400072000e+15,4.583317390921628487e-01
1.650461910401996750e+15,4.588670297636912587e-01
1.650461910403921500e+15,4.594023204352196688e-01
1.650461910405846250e+15,4.599376111067481898e-01
1.650461910407771000e+15,4.598319811808086466e-01
1.650461910409695750e+15,4.591361222316022728e-01
1.650461910411620250e+15,4.584403536654259592e-01
1.650461910413545000e+15,4.577444947162194744e-01
1.650461910415469750e+15,4.570486357670130451e-01
1.650461910417394500e+15,4.563527768178066157e-01
1.650461910419319250e+15,4.556569178686001309e-01
1.650461910421244000e+15,4.549610589193936461e-01
1.650461910423168500e+15,4.542652903532173880e-01
1.650461910425093250e+15,4.540583132141497447e-01
1.650461910427018000e+15,4.540583132141499667e-01
1.650461910428942750e+15,4.540583132141502443e-01
1.650461910430867500e+15,4.540583132141505773e-01
1.650461910432792250e+15,4.540583132141507994e-01
1.650461910434716750e+15,4.546591575068699154e-01
1.650461910436641500e+15,4.556901136489790449e-01
1.650461910438566250e+15,4.567210697910880635e-01
1.650461910440491000e+15,4.577520259331971930e-01
1.650461910442415750e+15,4.587829820753062671e-01
1.650461910444340500e+15,4.598139382174153966e-01
1.650461910446265000e+15,4.608447604517257323e-01
1.650461910448189750e+15,4.618757165938348619e-01
1.650461910450114500e+15,4.629066727359439914e-01
1.650461910452039250e+15,4.639376288780530100e-01
1.650461910453964000e+15,4.649685850201621395e-01
1.650461910455888750e+15,4.659995411622711581e-01
1.650461910457813250e+15,4.645520204039889633e-01
1.650461910459738000e+15,4.619339494472319840e-01
1.650461910461662750e+15,4.593158784904750047e-01
1.650461910463587500e+15,4.566978075337180254e-01
1.650461910465512250e+15,4.540797365769611016e-01
1.650461910467437000e+15,4.549391582507197329e-01
1.650461910469361500e+15,4.558271552506552027e-01
1.650461910471286250e+15,4.567152676048384929e-01
1.650461910473211000e+15,4.576033799590217277e-01
1.650461910475135750e+15,4.584914923132050735e-01
1.650461910477060500e+15,4.593796046673883637e-01
1.650461910478985250e+15,4.601942363656923995e-01
1.650461910480909750e+15,4.601942363656923440e-01
1.650461910482834500e+15,4.601942363656923440e-01
1.650461910484759250e+15,4.601942363656923440e-01
1.650461910486684000e+15,4.601942363656923995e-01
1.650461910488608750e+15,4.601942363656924551e-01
1.650461910490533500e+15,4.601942363656924551e-01
1.650461910492458000e+15,4.601942363656923440e-01
1.650461910494382750e+15,4.601942363656923440e-01
1.650461910496307500e+15,4.601942363656923995e-01
1.650461910498232250e+15,4.601942363656923440e-01
1.650461910500157000e+15,4.601942363656923440e-01
1.650461910502081750e+15,4.601942363656923440e-01
1.650461910504006250e+15,4.601942363656923995e-01
1.650461910505931000e+15,4.601942363656924551e-01
1.650461910507855750e+15,4.601942363656923440e-01
1.650461910509780500e+15,4.601942363656923440e-01
1.650461910511705250e+15,4.601942363656923440e-01
1.650461910513630000e+15,4.601942363656923440e-01
1.650461910515554500e+15,4.601942363656923440e-01
1.650461910517479250e+15,4.601942363656923995e-01
1.650461910519404000e+15,4.601942363656922885e-01
1.650461910521328750e+15,4.601942363656922885e-01
1.650461910523253500e+15,4.601942363656923995e-01
1.650461910525178250e+15,4.601942363656924551e-01
1.650461910527102750e+15,4.601942363656925661e-01
1.650461910529027500e+15,4.601942363656926771e-01
1.650461910530952250e+15,4.601942363656926771e-01
1.650461910532877000e+15,4.601942363656927881e-01
1.650461910534801750e+15,4.601942363656927326e-01
1.650461910536726500e+15,4.601942363656927881e-01
1.650461910538651250e+15,4.601942363656927881e-01
1.650461910540575750e+15,4.601942363656927881e-01
1.650461910542500500e+15,4.605024953571378310e-01
1.650461910544425250e+15,4.615263460798020301e-01
1.650461910546350000e+15,4.625501968024661736e-01
1.650461910548274750e+15,4.635740475251303172e-01
1.650461910550199500e+15,4.645978982477945163e-01
1.650461910552124000e+15,4.656216159855615100e-01
1.650461910554048750e+15,4.660287283513080414e-01
1.650461910555973500e+15,4.650499352064437764e-01
1.650461910557898250e+15,4.640711420615795113e-01
1.650461910559823000e+15,4.630923489167152463e-01
1.650461910561747750e+15,4.621135557718510922e-01
1.650461910563672250e+15,4.611348897594903518e-01
1.650461910565597000e+15,4.601597286994981162e-01
1.650461910567521750e+15,4.592741469594013304e-01
1.650461910569446500e+15,4.583885652193044891e-01
1.650461910571371250e+15,4.575029834792077033e-01
1.650461910573296000e+15,4.566174017391108619e-01
1.650461910575220500e+15,4.557319350245680467e-01
1.650461910577145250e+15,4.548463532844712054e-01
1.650461910579070000e+15,4.546270448815361576e-01
1.650461910580994750e+15,4.597905650551278312e-01
1.650461910582919500e+15,4.649540852287194492e-01
1.650461910584844250e+15,4.701176054023110673e-01
1.650461910586768750e+15,4.752804549017666247e-01
1.650461910588693500e+15,4.804439750753582983e-01
1.650461910590618250e+15,4.856074952489499719e-01
1.650461910592543000e+15,4.907710154225415899e-01
1.650461910594467750e+15,4.959345355961332080e-01
1.650461910596392500e+15,5.010980557697248816e-01
1.650461910598317000e+15,5.062609052691804390e-01
1.650461910600241750e+15,5.079861564046254108e-01
1.650461910602166500e+15,5.048644705298003243e-01
1.650461910604091250e+15,5.017427846549753490e-01
1.650461910606016000e+15,4.986210987801503736e-01
1.650461910607940750e+15,4.954994129053253427e-01
1.650461910609865250e+15,4.923781324969083162e-01
1.650461910611790000e+15,4.892564466220832853e-01
1.650461910613714750e+15,4.861347607472582544e-01
1.650461910615639500e+15,4.853348512433283690e-01
1.650461910617564250e+15,4.864151767177090635e-01
1.650461910619489000e+15,4.874955021920898135e-01
1.650461910621413500e+15,4.885756873462374639e-01
1.650461910623338250e+15,4.896560128206182694e-01
1.650461910625263000e+15,4.907363382949989639e-01
1.650461910627187750e+15,4.908738521234043972e-01
1.650461910629112500e+15,4.908738521234043972e-01
1.650461910631037250e+15,4.908738521234044527e-01
1.650461910632961750e+15,4.908738521234043972e-01
1.650461910634886500e+15,4.908738521234043972e-01
1.650461910636811250e+15,4.910690002687418398e-01
1.650461910638736000e+15,4.922796735732967166e-01
1.650461910640660750e+15,4.934903468778517599e-01
1.650461910642585500e+15,4.947010201824066922e-01
1.650461910644510000e+15,4.959115362362401802e-01
1.650461910646434750e+15,4.969393097263879455e-01
1.650461910648359500e+15,4.961805485258781734e-01
1.650461910650284250e+15,4.954217873253684568e-01
1.650461910652209000e+15,4.946630261248587956e-01
1.650461910654133750e+15,4.939042649243490790e-01
1.650461910656058250e+15,4.931456022770541736e-01
1.650461910657983000e+15,4.923868410765444570e-01
1.650461910659907750e+15,4.916280798760346848e-01
1.650461910661832500e+15,4.908738521234043972e-01
1.650461910663757250e+15,4.908738521234043972e-01
1.650461910665682000e+15,4.908738521234044527e-01
1.650461910667606500e+15,4.908738521234043972e-01
1.650461910669531250e+15,4.908738521234043972e-01
1.650461910671456000e+15,4.908738521234043972e-01
1.650461910673380750e+15,4.915259755283715171e-01
1.650461910675305500e+15,4.934879521187746088e-01
1.650461910677230250e+15,4.954499287091777560e-01
1.650461910679154750e+15,4.974116504643307790e-01
1.650461910681079500e+15,4.993736270547338707e-01
1.650461910683004250e+15,5.013356036451369624e-01
1.650461910684929000e+15,5.030583230215504020e-01
1.650461910686853750e+15,5.019296263057352325e-01
1.650461910688778500e+15,5.008009295899201740e-01
1.650461910690703000e+15,4.996723794771334992e-01
1.650461910692627750e+15,4.985436827613183297e-01
1.650461910694552500e+15,4.974149860455031602e-01
1.650461910696477250e+15,4.962862893296881017e-01
1.650461910698402000e+15,4.951575926138730432e-01
1.650461910700326750e+15,4.940288958980578737e-01
1.650461910702251250e+15,4.929003457852711434e-01
1.650461910704176000e+15,4.917716490694560294e-01
1.650461910706100750e+15,4.910485588802863122e-01
1.650461910708025500e+15,4.919025698778952682e-01
1.650461910709950250e+15,4.927565808755041132e-01
1.650461910711875000e+15,4.936105918731130693e-01
1.650461910713799500e+15,4.944644919457970023e-01
1.650461910715724250e+15,4.953185029434058473e-01
1.650461910717649000e+15,4.961725139410148588e-01
1.650461910719573750e+15,4.970097752749480513e-01
1.650461910721498500e+15,4.970097752749481623e-01
1.650461910723423250e+15,4.970097752749481623e-01
1.650461910725347750e+15,4.970097752749481623e-01
1.650461910727272500e+15,4.970097752749482733e-01
1.650461910729197250e+15,4.970097752749483289e-01
1.650461910731122000e+15,4.970097752749483289e-01
1.650461910733046750e+15,4.970097752749483844e-01
1.650461910734971500e+15,4.970097752749483844e-01
1.650461910736896000e+15,4.970097752749484399e-01
1.650461910738820750e+15,4.970097752749485509e-01
1.650461910740745500e+15,4.970097752749484399e-01
1.650461910742670250e+15,4.970097752749483844e-01
1.650461910744595000e+15,4.970097752749483289e-01
1.650461910746519750e+15,4.970097752749482733e-01
1.650461910748444250e+15,4.970097752749481623e-01
1.650461910750369000e+15,4.970097752749480513e-01
1.650461910752293750e+15,4.970097752749479958e-01
1.650461910754218500e+15,4.970097752749479403e-01
1.650461910756143250e+15,4.970097752749478848e-01
1.650461910758068000e+15,4.970097752749478293e-01
1.650461910759992500e+15,4.970097752749477182e-01
1.650461910761917250e+15,4.970097752749476627e-01
1.650461910763842000e+15,4.973209093596674402e-01
1.650461910765766750e+15,4.983678592365284321e-01
1.650461910767691500e+15,4.994148091133894796e-01
1.650461910769616250e+15,5.004617589902504715e-01
1.650461910771540750e+15,5.015085728819346222e-01
1.650461910773465500e+15,5.025555227587956697e-01
1.650461910775390250e+15,5.036024726356567172e-01
1.650461910777315000e+15,5.046494225125176536e-01
1.650461910779239750e+15,5.056963723893785900e-01
1.650461910781164500e+15,5.067433222662396375e-01
1.650461910783089000e+15,5.077901361579237882e-01
1.650461910785013750e+15,5.088370860347848357e-01
1.650461910786938500e+15,5.086586923553411133e-01
1.650461910788863250e+15,5.075760891757710169e-01
1.650461910790788000e+15,5.064934859962009206e-01
1.650461910792712750e+15,5.054108828166308243e-01
1.650461910794637250e+15,5.043284202531380656e-01
1.650461910796562000e+15,5.032458170735679692e-01
1.650461910798486750e+15,5.041095404916838829e-01
1.650461910800411500e+15,5.051716014706346680e-01
1.650461910802336250e+15,5.062336624495853421e-01
1.650461910804261000e+15,5.072957234285360162e-01
1.650461910806185500e+15,5.083576464595742639e-01
1.650461910808110250e+15,5.095974411520092229e-01
1.650461910810035000e+15,5.120265069862199869e-01
1.650461910811959750e+15,5.144555728204307510e-01
1.650461910813884500e+15,5.168846386546415150e-01
1.650461910815809250e+15,5.193137044888522791e-01
1.650461910817733750e+15,5.214971551709430830e-01
1.650461910819658500e+15,5.207733629244556406e-01
1.650461910821583250e+15,5.200495706779683092e-01
1.650461910823508000e+15,5.193257784314809777e-01
1.650461910825432750e+15,5.186019861849935353e-01
1.650461910827357500e+15,5.178781939385062039e-01
1.650461910829282000e+15,5.171544957032211398e-01
1.650461910831206750e+15,5.164307034567336974e-01
1.650461910833131500e+15,5.157069112102462549e-01
1.650461910835056250e+15,5.154175447295750168e-01
1.650461910836981000e+15,5.154175447295751278e-01
1.650461910838905750e+15,5.154175447295751278e-01
1.650461910840830250e+15,5.154175447295752388e-01
1.650461910842755000e+15,5.154175447295753498e-01
1.650461910844679750e+15,5.154175447295753498e-01
1.650461910846604500e+15,5.154175447295754608e-01
1.650461910848529250e+15,5.154175447295754608e-01
1.650461910850454000e+15,5.154175447295754608e-01
1.650461910852378500e+15,5.154175447295755719e-01
1.650461910854303250e+15,5.154175447295754608e-01
1.650461910856228000e+15,5.154175447295755719e-01
1.650461910858152750e+15,5.154175447295754608e-01
1.650461910860077500e+15,5.154175447295753498e-01
1.650461910862002250e+15,5.154175447295752388e-01
1.650461910863926750e+15,5.154175447295752388e-01
1.650461910865851500e+15,5.154175447295752388e-01
1.650461910867776250e+15,5.154175447295752388e-01
1.650461910869701000e+15,5.154175447295752388e-01
1.650461910871625750e+15,5.154175447295751278e-01
1.650461910873550500e+15,5.154175447295751278e-01
1.650461910875475000e+15,5.154175447295750168e-01
1.650461910877399750e+15,5.154175447295750168e-01
1.650461910879324500e+15,5.157288176687897518e-01
1.650461910881249250e+15,5.165378961154521997e-01
1.650461910883174000e+15,5.173469745621146476e-01
1.650461910885098750e+15,5.181560530087770955e-01
1.650461910887023250e+15,5.189650263666687469e-01
1.650461910888948000e+15,5.197741048133313058e-01
1.650461910890872750e+15,5.205831832599936426e-01
1.650461910892797500e+15,5.213922617066562015e-01
1.650461910894722250e+15,5.210572723012176777e-01
1.650461910896647000e+15,5.204376113491252509e-01
1.650461910898571750e+15,5.198179503970327131e-01
1.650461910900496250e+15,5.191983699308412303e-01
1.650461910902421000e+15,5.185787089787488036e-01
1.650461910904345750e+15,5.179590480266562658e-01
1.650461910906270500e+15,5.173393870745637280e-01
1.650461910908195250e+15,5.167197261224711902e-01
1.650461910910120000e+15,5.161000651703787634e-01
1.650461910912044500e+15,5.154804847041872806e-01
1.650461910913969250e+15,5.162441686864003287e-01
1.650461910915894000e+15,5.171642464431727149e-01
1.650461910917818750e+15,5.180843241999451010e-01
1.650461910919743500e+15,5.190044019567174871e-01
1.650461910921668250e+15,5.199244797134897622e-01
1.650461910923592750e+15,5.208444379641241628e-01
1.650461910925517500e+15,5.215534678811174496e-01
1.650461910927442250e+15,5.215534678811173386e-01
1.650461910929367000e+15,5.215534678811173386e-01
1.650461910931291750e+15,5.215534678811173386e-01
1.650461910933216500e+15,5.215534678811173386e-01
1.650461910935141000e+15,5.215534678811173386e-01
1.650461910937065750e+15,5.215534678811173386e-01
1.650461910938990500e+15,5.215534678811173386e-01
1.650461910940915250e+15,5.215534678811174496e-01
1.650461910942840000e+15,5.215534678811174496e-01
1.650461910944764750e+15,5.215534678811175606e-01
1.650461910946689250e+15,5.215534678811176716e-01
1.650461910948614000e+15,5.215534678811176716e-01
1.650461910950538750e+15,5.215534678811177827e-01
1.650461910952463500e+15,5.215534678811177827e-01
1.650461910954388250e+15,5.215534678811177827e-01
1.650461910956313000e+15,5.215534678811177827e-01
1.650461910958237500e+15,5.215534678811177827e-01
1.650461910960162250e+15,5.215534678811177827e-01
1.650461910962087000e+15,5.215534678811177827e-01
1.650461910964011750e+15,5.215534678811177827e-01
1.650461910965936500e+15,5.215534678811177827e-01
1.650461910967861250e+15,5.215534678811177827e-01
1.650461910969785750e+15,5.215534678811177827e-01
1.650461910971710500e+15,5.215534678811176716e-01
1.650461910973635250e+15,5.215534678811177827e-01
1.650461910975560000e+15,5.215534678811177827e-01
1.650461910977484750e+15,5.215534678811177827e-01
1.650461910979409500e+15,5.215534678811177827e-01
1.650461910981334000e+15,5.220254921271375581e-01
1.650461910983258750e+15,5.227800840436880314e-01
1.650461910985183500e+15,5.235346759602385047e-01
1.650461910987108250e+15,5.242892678767889780e-01
1.650461910989033000e+15,5.250438597933393403e-01
1.650461910990957750e+15,5.257984517098899246e-01
1.650461910992882250e+15,5.265529456147614029e-01
1.650461910994807000e+15,5.273075375313117652e-01
1.650461910996731750e+15,5.276893910326601045e-01
1.650461910998656500e+15,5.276893910326603265e-01
1.650461911000581250e+15,5.276893910326605486e-01
1.650461911002506000e+15,5.276893910326606596e-01
1.650461911004430500e+15,5.276893910326607706e-01
1.650461911006355250e+15,5.276893910326609927e-01
1.650461911008280000e+15,5.285322126646642138e-01
1.650461911010204750e+15,5.297810355562716511e-01
1.650461911012129500e+15,5.310298584478791994e-01
1.650461911014054250e+15,5.322786813394866368e-01
1.650461911015978750e+15,5.335273420252373278e-01
1.650461911017903500e+15,5.347166896182427021e-01
1.650461911019828250e+15,5.358873991826687000e-01
1.650461911021753000e+15,5.370581087470948090e-01
1.650461911023677750e+15,5.382288183115209179e-01
1.650461911025602500e+15,5.393995278759470269e-01
1.650461911027527000e+15,5.405088775724442574e-01
1.650461911029451750e+15,5.415618951005020110e-01
1.650461911031376500e+15,5.426149126285598756e-01
1.650461911033301250e+15,5.436679301566176292e-01
1.650461911035226000e+15,5.447209476846753828e-01
1.650461911037150750e+15,5.457739652127331365e-01
1.650461911039075250e+15,5.468268459675049709e-01
1.650461911041000000e+15,5.478798634955628355e-01
1.650461911042924750e+15,5.489328810236205891e-01
1.650461911044849500e+15,5.499858985516783427e-01
1.650461911046774250e+15,5.510389160797360963e-01
1.650461911048699000e+15,5.520919336077939610e-01
1.650461911050623500e+15,5.512206563188266628e-01
1.650461911052548250e+15,5.500513376964571988e-01
1.650461911054473000e+15,5.488820190740877347e-01
1.650461911056397750e+15,5.477127004517183817e-01
1.650461911058322500e+15,5.465433818293488066e-01
1.650461911060247250e+15,5.453740632069793426e-01
1.650461911062171750e+15,5.442048964638959152e-01
1.650461911064096500e+15,5.430355778415264512e-01
1.650461911066021250e+15,5.418662592191569871e-01
1.650461911067946000e+15,5.406969405967875231e-01
1.650461911069870750e+15,5.402471998006114218e-01
1.650461911071795500e+15,5.410183469168982073e-01
1.650461911073720000e+15,5.417893938712007307e-01
1.650461911075644750e+15,5.425605409874874052e-01
1.650461911077569500e+15,5.433316881037741908e-01
1.650461911079494250e+15,5.441028352200607543e-01
1.650461911081419000e+15,5.448739823363475399e-01
1.650461911083343750e+15,5.456451294526343254e-01
1.650461911085268250e+15,5.455969322893344797e-01
1.650461911087193000e+15,5.443877464507012043e-01
1.650461911089117750e+15,5.431785606120678178e-01
1.650461911091042500e+15,5.419693747734344313e-01
1.650461911092967250e+15,5.407601889348011559e-01
1.650461911094892000e+15,5.399612373357456363e-01
1.650461911096816500e+15,5.399612373357457473e-01
1.650461911098741250e+15,5.399612373357458583e-01
1.650461911100666000e+15,5.399612373357458583e-01
1.650461911102590750e+15,5.399612373357458583e-01
1.650461911104515500e+15,5.399612373357460804e-01
1.650461911106440250e+15,5.399612373357459694e-01
1.650461911108364750e+15,5.401120346257093363e-01
1.650461911110289500e+15,5.407338816184393826e-01
1.650461911112214250e+15,5.413557286111696509e-01
1.650461911114139000e+15,5.419775756038998082e-01
1.650461911116063750e+15,5.425994225966299656e-01
1.650461911117988500e+15,5.432212695893601229e-01
1.650461911119913000e+15,5.438430358122510189e-01
1.650461911121837750e+15,5.444648828049811762e-01
1.650461911123762500e+15,5.450867297977113335e-01
1.650461911125687250e+15,5.457085767904414908e-01
1.650461911127612000e+15,5.462553514001760036e-01
1.650461911129536750e+15,5.466770660256332626e-01
1.650461911131461250e+15,5.470987258758437388e-01
1.650461911133386000e+15,5.475204405013009978e-01
1.650461911135310750e+15,5.479421551267582569e-01
1.650461911137235500e+15,5.483638697522156269e-01
1.650461911139160250e+15,5.487855843776728859e-01
1.650461911141085000e+15,5.492072990031302560e-01
1.650461911143009500e+15,5.496289588533407322e-01
1.650461911144934250e+15,5.500506734787979912e-01
1.650461911146859000e+15,5.504723881042552502e-01
1.650461911148783750e+15,5.508941027297126203e-01
1.650461911150708500e+15,5.513158173551698793e-01
1.650461911152633250e+15,5.517375319806272493e-01
1.650461911154557750e+15,5.521591918308376146e-01
1.650461911156482500e+15,5.539935712591228523e-01
1.650461911158407250e+15,5.561280585329221315e-01
1.650461911160332000e+15,5.582625458067214108e-01
1.650461911162256750e+15,5.603970330805208011e-01
1.650461911164181500e+15,5.625315203543199694e-01
1.650461911166106000e+15,5.642675898591382744e-01
1.650461911168030750e+15,5.611171048637804137e-01
1.650461911169955500e+15,5.579666198684225531e-01
1.650461911171880250e+15,5.548161348730645814e-01
1.650461911173805000e+15,5.516656498777066098e-01
1.650461911175729750e+15,5.485151648823487491e-01
1.650461911177654250e+15,5.458631855849499503e-01
1.650461911179579000e+15,5.448562695575024373e-01
1.650461911181503750e+15,5.438493535300549242e-01
1.650461911183428500e+15,5.428424375026074111e-01
1.650461911185353250e+15,5.418355214751598981e-01
1.650461911187278000e+15,5.408286054477123850e-01
1.650461911189202500e+15,5.402383625509562526e-01
1.650461911191127250e+15,5.422398513238516626e-01
1.650461911193052000e+15,5.442413400967470727e-01
1.650461911194976750e+15,5.462428288696423717e-01
1.650461911196901500e+15,5.482443176425377818e-01
1.650461911198826250e+15,5.502458064154331918e-01
1.650461911200750750e+15,5.522470352209597477e-01
1.650461911202675500e+15,5.542485239938550468e-01
1.650461911204600250e+15,5.562500127667504568e-01
1.650461911206525000e+15,5.582515015396458669e-01
1.650461911208449750e+15,5.592085143247189638e-01
1.650461911210374500e+15,5.601003824780139695e-01
1.650461911212299000e+15,5.609921347892317112e-01
1.650461911214223750e+15,5.618840029425267169e-01
1.650461911216148500e+15,5.627758710958217225e-01
1.650461911218073250e+15,5.636677392491167282e-01
1.650461911219998000e+15,5.644458632971224299e-01
1.650461911221922750e+15,5.634824012245223113e-01
1.650461911223847250e+15,5.625190642931188201e-01
1.650461911225772000e+15,5.615556022205185904e-01
1.650461911227696750e+15,5.605921401479183608e-01
1.650461911229621500e+15,5.596286780753182422e-01
1.650461911231546250e+15,5.586652160027181235e-01
1.650461911233471000e+15,5.590542602723609367e-01
1.650461911235395500e+15,5.600435853481939841e-01
1.650461911237320250e+15,5.610330389411841701e-01
1.650461911239245000e+15,5.620224925341745781e-01
1.650461911241169750e+15,5.630119461271648751e-01
1.650461911243094500e+15,5.640013997201551721e-01
1.650461911245019250e+15,5.639379164157649615e-01
1.650461911246944000e+15,5.627833443084298004e-01
1.650461911248868500e+15,5.616289221649999330e-01
1.650461911250793250e+15,5.604743500576647719e-01
1.650461911252718000e+15,5.593197779503296108e-01
1.650461911254642750e+15,5.583690067903730458e-01
1.650461911256567500e+15,5.583690067903730458e-01
1.650461911258492250e+15,5.583690067903730458e-01
1.650461911260416750e+15,5.583690067903730458e-01
1.650461911262341500e+15,5.583690067903730458e-01
1.650461911264266250e+15,5.583690067903730458e-01
1.650461911266191000e+15,5.583690067903730458e-01
1.650461911268115750e+15,5.583690067903730458e-01
1.650461911270040500e+15,5.583690067903730458e-01
1.650461911271965000e+15,5.583690067903730458e-01
1.650461911273889750e+15,5.583690067903730458e-01
1.650461911275814500e+15,5.583690067903730458e-01
1.650461911277739250e+15,5.583690067903730458e-01
1.650461911279664000e+15,5.583690067903730458e-01
1.650461911281588750e+15,5.583690067903730458e-01
1.650461911283513250e+15,5.583690067903730458e-01
1.650461911285438000e+15,5.583690067903729348e-01
1.650461911287362750e+15,5.583690067903730458e-01
1.650461911289287500e+15,5.583690067903730458e-01
1.650461911291212250e+15,5.583690067903730458e-01
1.650461911293137000e+15,5.583690067903730458e-01
1.650461911295061500e+15,5.583690067903730458e-01
1.650461911296986250e+15,5.583690067903730458e-01
1.650461911298911000e+15,5.583690067903730458e-01
1.650461911300835750e+15,5.583690067903730458e-01
1.650461911302760500e+15,5.583690067903730458e-01
1.650461911304685250e+15,5.583690067903730458e-01
1.650461911306609750e+15,5.583690067903730458e-01
1.650461911308534500e+15,5.583690067903730458e-01
1.650461911310459250e+15,5.581551380170018950e-01
1.650461911312384000e+15,5.570187848864398550e-01
1.650461911314308750e+15,5.558824317558778150e-01
1.650461911316233500e+15,5.547460786253157750e-01
1.650461911318158000e+15,5.536098730922509592e-01
1.650461911320082750e+15,5.524735199616889192e-01
1.650461911322007500e+15,5.529444101004399315e-01
1.650461911323932250e+15,5.538466345531467550e-01
1.650461911325857000e+15,5.547488590058534674e-01
1.650461911327781750e+15,5.556510834585601799e-01
1.650461911329706250e+15,5.565531907240408582e-01
1.650461911331631000e+15,5.574554151767476817e-01
1.650461911333555750e+15,5.583576396294543942e-01
1.650461911335480500e+15,5.577991611126216220e-01
1.650461911337405250e+15,5.572220443179610738e-01
1.650461911339330000e+15,5.566449275233007477e-01
1.650461911341254500e+15,5.560678856886083210e-01
1.650461911343179250e+15,5.554907688939479948e-01
1.650461911345104000e+15,5.549136520992874466e-01
1.650461911347028750e+15,5.543365353046271204e-01
1.650461911348953500e+15,5.537594185099666833e-01
1.650461911350878250e+15,5.531823017153062461e-01
1.650461911352802750e+15,5.526052598806139304e-01
1.650461911354727500e+15,5.518183794487705462e-01
1.650461911356652250e+15,5.506505639552541354e-01
1.650461911358577000e+15,5.494827484617377245e-01
1.650461911360501750e+15,5.483149329682213136e-01
1.650461911362426500e+15,5.471471174747050137e-01
1.650461911364351000e+15,5.460971604872884022e-01
1.650461911366275750e+15,5.460971604872884022e-01
1.650461911368200500e+15,5.460971604872884022e-01
1.650461911370125250e+15,5.460971604872884022e-01
1.650461911372050000e+15,5.460971604872884022e-01
1.650461911373974750e+15,5.460971604872884022e-01
1.650461911375899250e+15,5.460971604872884022e-01
1.650461911377824000e+15,5.459817376718876236e-01
1.650461911379748750e+15,5.454249455316805273e-01
1.650461911381673500e+15,5.448681533914734310e-01
1.650461911383598250e+15,5.443113612512663346e-01
1.650461911385523000e+15,5.437545691110592383e-01
1.650461911387447500e+15,5.431978492909119716e-01
1.650461911389372250e+15,5.426410571507048752e-01
1.650461911391297000e+15,5.420842650104976679e-01
1.650461911393221750e+15,5.415274728702905715e-01
1.650461911395146500e+15,5.409706807300834752e-01
1.650461911397071250e+15,5.404138885898764899e-01
1.650461911398995750e+15,5.401613278319170597e-01
1.650461911400920500e+15,5.412318606533395027e-01
1.650461911402845250e+15,5.423023934747619457e-01
1.650461911404770000e+15,5.433729262961844997e-01
1.650461911406694750e+15,5.444434591176070537e-01
1.650461911408619500e+15,5.455139919390293857e-01
1.650461911410544000e+15,5.460971604872882912e-01
1.650461911412468750e+15,5.460971604872882912e-01
1.650461911414393500e+15,5.460971604872881802e-01
1.650461911416318250e+15,5.460971604872881802e-01
1.650461911418243000e+15,5.460971604872880691e-01
1.650461911420167750e+15,5.460971604872880691e-01
1.650461911422092250e+15,5.460971604872879581e-01
1.650461911424017000e+15,5.460971604872878471e-01
1.650461911425941750e+15,5.460971604872879581e-01
1.650461911427866500e+15,5.460971604872879581e-01
1.650461911429791250e+15,5.460971604872879581e-01
1.650461911431716000e+15,5.460971604872879581e-01
1.650461911433640500e+15,5.460971604872879581e-01
1.650461911435565250e+15,5.460971604872879581e-01
1.650461911437490000e+15,5.459051155218793694e-01
1.650461911439414750e+15,5.453501026882907610e-01
1.650461911441339500e+15,5.447950898547021525e-01
1.650461911443264250e+15,5.442400770211135441e-01
1.650461911445188750e+15,5.436851362764758555e-01
1.650461911447113500e+15,5.431301234428871361e-01
1.650461911449038250e+15,5.425751106092985276e-01
1.650461911450963000e+15,5.420200977757099192e-01
1.650461911452887750e+15,5.414650849421211998e-01
1.650461911454812500e+15,5.409100721085325914e-01
1.650461911456737000e+15,5.403551313638949027e-01
1.650461911458661750e+15,5.403491145911949456e-01
1.650461911460586500e+15,5.416852519467705296e-01
1.650461911462511250e+15,5.430213893023462246e-01
1.650461911464436000e+15,5.443575266579218086e-01
1.650461911466360750e+15,5.456936640134973926e-01
1.650461911468285250e+15,5.460971604872879581e-01
1.650461911470210000e+15,5.460971604872879581e-01
1.650461911472134750e+15,5.460971604872879581e-01
1.650461911474059500e+15,5.460971604872879581e-01
1.650461911475984250e+15,5.460971604872879581e-01
1.650461911477909000e+15,5.460971604872879581e-01
1.650461911479833500e+15,5.460971604872879581e-01
1.650461911481758250e+15,5.460971604872879581e-01
1.650461911483683000e+15,5.460971604872879581e-01
1.650461911485607750e+15,5.460971604872879581e-01
1.650461911487532500e+15,5.460971604872879581e-01
1.650461911489457250e+15,5.460971604872879581e-01
1.650461911491381750e+15,5.460971604872879581e-01
1.650461911493306500e+15,5.460971604872879581e-01
1.650461911495231250e+15,5.460971604872879581e-01
1.650461911497156000e+15,5.460971604872879581e-01
1.650461911499080750e+15,5.460971604872879581e-01
1.650461911501005500e+15,5.460971604872879581e-01
1.650461911502930000e+15,5.460971604872881802e-01
1.650461911504854750e+15,5.460971604872881802e-01
1.650461911506779500e+15,5.460971604872882912e-01
1.650461911508704250e+15,5.460971604872884022e-01
1.650461911510629000e+15,5.460971604872884022e-01
1.650461911512553750e+15,5.460971604872884022e-01
1.650461911514478250e+15,5.460971604872884022e-01
1.650461911516403000e+15,5.460971604872884022e-01
1.650461911518327750e+15,5.460971604872884022e-01
1.650461911520252500e+15,5.460971604872884022e-01
1.650461911522177250e+15,5.460971604872884022e-01
1.650461911524102000e+15,5.460971604872884022e-01
1.650461911526026500e+15,5.460971604872884022e-01
1.650461911527951250e+15,5.460971604872882912e-01
1.650461911529876000e+15,5.460971604872882912e-01
1.650461911531800750e+15,5.460971604872881802e-01
1.650461911533725500e+15,5.460971604872881802e-01
1.650461911535650250e+15,5.460971604872881802e-01
1.650461911537574750e+15,5.460971604872880691e-01
1.650461911539499500e+15,5.460971604872880691e-01
1.650461911541424250e+15,5.460971604872879581e-01
1.650461911543349000e+15,5.460971604872879581e-01
1.650461911545273750e+15,5.460971604872879581e-01
1.650461911547198500e+15,5.460971604872879581e-01
1.650461911549123000e+15,5.460971604872879581e-01
1.650461911551047750e+15,5.460971604872879581e-01
1.650461911552972500e+15,5.460971604872879581e-01
1.650461911554897250e+15,5.460971604872879581e-01
1.650461911556822000e+15,5.460971604872879581e-01
1.650461911558746750e+15,5.460971604872881802e-01
1.650461911560671250e+15,5.460971604872884022e-01
1.650461911562596000e+15,5.460971604872886243e-01
1.650461911564520750e+15,5.460971604872888463e-01
1.650461911566445500e+15,5.460971604872890683e-01
1.650461911568370250e+15,5.460971604872891794e-01
1.650461911570295000e+15,5.460971604872891794e-01
1.650461911572219500e+15,5.460971604872889573e-01
1.650461911574144250e+15,5.460971604872887353e-01
1.650461911576069000e+15,5.460971604872885132e-01
1.650461911577993750e+15,5.460971604872884022e-01
1.650461911579918500e+15,5.460971604872881802e-01
1.650461911581843250e+15,5.460971604872880691e-01
1.650461911583767750e+15,5.460971604872880691e-01
1.650461911585692500e+15,5.460971604872880691e-01
1.650461911587617250e+15,5.460971604872880691e-01
1.650461911589542000e+15,5.460971604872881802e-01
1.650461911591466750e+15,5.460971604872881802e-01
1.650461911593391500e+15,5.460971604872881802e-01
1.650461911595316000e+15,5.460971604872882912e-01
1.650461911597240750e+15,5.460971604872882912e-01
1.650461911599165500e+15,5.460971604872884022e-01
1.650461911601090250e+15,5.460971604872884022e-01
1.650461911603015000e+15,5.460971604872884022e-01
1.650461911604939750e+15,5.460971604872882912e-01
1.650461911606864500e+15,5.460971604872882912e-01
1.650461911608789000e+15,5.460971604872881802e-01
1.650461911610713750e+15,5.460971604872881802e-01
1.650461911612638500e+15,5.460971604872879581e-01
1.650461911614563250e+15,5.460971604872879581e-01
1.650461911616488000e+15,5.453749136052237212e-01
1.650461911618412750e+15,5.442636868376352632e-01
1.650461911620337250e+15,5.431526044039560741e-01
1.650461911622262000e+15,5.420413776363676162e-01
1.650461911624186750e+15,5.409301508687791582e-01
1.650461911626111500e+15,5.401113768093270817e-01
1.650461911628036250e+15,5.412837133276843238e-01
1.650461911629961000e+15,5.424560498460415658e-01
1.650461911631885500e+15,5.436282340931275492e-01
1.650461911633810250e+15,5.448005706114846802e-01
1.650461911635735000e+15,5.459729071298420333e-01
1.650461911637659750e+15,5.455640431046568928e-01
1.650461911639584500e+15,5.449677230801210914e-01
1.650461911641509250e+15,5.443714030555852901e-01
1.650461911643433750e+15,5.437751604852674170e-01
1.650461911645358500e+15,5.431788404607316156e-01
1.650461911647283250e+15,5.425825204361958143e-01
1.650461911649208000e+15,5.419862004116600129e-01
1.650461911651132750e+15,5.413898803871242116e-01
1.650461911653057500e+15,5.407935603625882992e-01
1.650461911654982000e+15,5.401973177922705371e-01
1.650461911656906750e+15,5.399612373357456363e-01
1.650461911658831500e+15,5.399612373357456363e-01
1.650461911660756250e+15,5.399612373357457473e-01
1.650461911662681000e+15,5.399612373357457473e-01
1.650461911664605750e+15,5.399612373357458583e-01
1.650461911666530250e+15,5.399612373357458583e-01
1.650461911668455000e+15,5.399612373357458583e-01
1.650461911670379750e+15,5.399612373357459694e-01
1.650461911672304500e+15,5.399612373357459694e-01
1.650461911674229250e+15,5.399612373357459694e-01
1.650461911676154000e+15,5.399612373357460804e-01
1.650461911678078500e+15,5.399612373357460804e-01
1.650461911680003250e+15,5.399612373357460804e-01
1.650461911681928000e+15,5.399612373357459694e-01
1.650461911683852750e+15,5.399612373357458583e-01
1.650461911685777500e+15,5.399612373357458583e-01
1.650461911687702250e+15,5.399612373357458583e-01
1.650461911689626750e+15,5.399612373357457473e-01
1.650461911691551500e+15,5.399612373357457473e-01
1.650461911693476250e+15,5.399612373357456363e-01
1.650461911695401000e+15,5.393992589273769456e-01
1.650461911697325750e+15,5.382534242435763616e-01
1.650461911699250500e+15,5.371075895597758887e-01
1.650461911701175000e+15,5.359619037050029622e-01
1.650461911703099750e+15,5.348160690212024893e-01
1.650461911705024500e+15,5.336702343374020163e-01
1.650461911706949250e+15,5.325243996536015434e-01
1.650461911708874000e+15,5.313785649698009594e-01
1.650461911710798750e+15,5.302327302860004865e-01
1.650461911712723250e+15,5.290870444312275600e-01
1.650461911714648000e+15,5.279412097474270871e-01
1.650461911716572750e+15,5.280635585152129163e-01
1.650461911718497500e+15,5.285431182701944008e-01
1.650461911720422250e+15,5.290226780251758854e-01
1.650461911722347000e+15,5.295022377801573699e-01
1.650461911724271500e+15,5.299817352465617804e-01
1.650461911726196250e+15,5.304612950015432649e-01
1.650461911728121000e+15,5.309408547565248604e-01
1.650461911730045750e+15,5.314204145115063449e-01
1.650461911731970500e+15,5.318999742664878294e-01
1.650461911733895250e+15,5.323795340214693139e-01
1.650461911735819750e+15,5.328590314878737244e-01
1.650461911737744500e+15,5.333385912428552089e-01
1.650461911739669250e+15,5.338181509978366934e-01
1.650461911741594000e+15,5.332336291930855898e-01
1.650461911743518750e+15,5.326329721853585442e-01
1.650461911745443500e+15,5.320323151776316095e-01
1.650461911747368000e+15,5.314317361874403289e-01
1.650461911749292750e+15,5.308310791797132833e-01
1.650461911751217500e+15,5.302304221719862376e-01
1.650461911753142250e+15,5.296297651642591919e-01
1.650461911755067000e+15,5.290291081565322573e-01
1.650461911756991750e+15,5.284284511488052116e-01
1.650461911758916250e+15,5.278278721586140421e-01
1.650461911760841000e+15,5.283499494529143581e-01
1.650461911762765750e+15,5.292084300872044178e-01
1.650461911764690500e+15,5.300669107214945885e-01
1.650461911766615250e+15,5.309253913557846483e-01
1.650461911768540000e+15,5.317838719900747080e-01
1.650461911770464500e+15,5.326422411188920236e-01
1.650461911772389250e+15,5.335007217531820833e-01
1.650461911774314000e+15,5.335073205048321832e-01
1.650461911776238750e+15,5.329959935755370637e-01
1.650461911778163500e+15,5.324846666462419442e-01
1.650461911780088250e+15,5.319733397169468248e-01
1.650461911782012750e+15,5.314620792023716511e-01
1.650461911783937500e+15,5.309507522730765317e-01
1.650461911785862250e+15,5.304394253437814122e-01
1.650461911787787000e+15,5.299280984144862927e-01
1.650461911789711750e+15,5.294167714851911732e-01
1.650461911791636500e+15,5.289054445558960538e-01
1.650461911793561000e+15,5.283941840413209912e-01
1.650461911795485750e+15,5.278828571120258717e-01
1.650461911797410500e+15,5.270797728269953630e-01
1.650461911799335250e+15,5.260991103603399610e-01
1.650461911801260000e+15,5.251184478936845590e-01
1.650461911803184750e+15,5.241377854270291570e-01
1.650461911805109250e+15,5.231572503356778370e-01
1.650461911807034000e+15,5.221765878690224350e-01
1.650461911808958750e+15,5.215534678811177827e-01
1.650461911810883500e+15,5.215534678811177827e-01
1.650461911812808250e+15,5.215534678811177827e-01
1.650461911814733000e+15,5.215534678811177827e-01
1.650461911816657500e+15,5.215534678811176716e-01
1.650461911818582250e+15,5.215534678811177827e-01
1.650461911820507000e+15,5.215534678811177827e-01
1.650461911822431750e+15,5.215534678811177827e-01
1.650461911824356500e+15,5.215534678811177827e-01
1.650461911826281250e+15,5.215534678811177827e-01
1.650461911828205750e+15,5.215534678811177827e-01
1.650461911830130500e+15,5.215534678811177827e-01
1.650461911832055250e+15,5.215534678811177827e-01
1.650461911833980000e+15,5.215534678811177827e-01
1.650461911835904750e+15,5.215534678811177827e-01
1.650461911837829500e+15,5.215534678811177827e-01
1.650461911839754000e+15,5.215534678811177827e-01
1.650461911841678750e+15,5.215534678811177827e-01
1.650461911843603500e+15,5.215534678811177827e-01
1.650461911845528250e+15,5.215534678811177827e-01
1.650461911847453000e+15,5.215534678811177827e-01
1.650461911849377750e+15,5.215534678811177827e-01
1.650461911851302250e+15,5.215534678811177827e-01
1.650461911853227000e+15,5.215534678811176716e-01
1.650461911855151750e+15,5.215534678811177827e-01
1.650461911857076500e+15,5.215534678811177827e-01
1.650461911859001250e+15,5.215534678811177827e-01
1.650461911860926000e+15,5.215534678811177827e-01
1.650461911862850500e+15,5.215534678811176716e-01
1.650461911864775250e+15,5.203388647967036595e-01
1.650461911866700000e+15,5.189590169072386683e-01
1.650461911868624750e+15,5.175791690177735660e-01
1.650461911870549500e+15,5.161993211283085747e-01
1.650461911872474250e+15,5.154175447295754608e-01
1.650461911874398750e+15,5.154175447295754608e-01
1.650461911876323500e+15,5.154175447295753498e-01
1.650461911878248250e+15,5.154175447295753498e-01
1.650461911880173000e+15,5.154175447295753498e-01
1.650461911882097750e+15,5.154175447295753498e-01
1.650461911884022500e+15,5.154175447295754608e-01
1.650461911885947000e+15,5.154175447295754608e-01
1.650461911887871750e+15,5.154175447295754608e-01
1.650461911889796500e+15,5.154175447295754608e-01
1.650461911891721250e+15,5.154175447295754608e-01
1.650461911893646000e+15,5.154175447295754608e-01
1.650461911895570750e+15,5.154175447295754608e-01
1.650461911897495250e+15,5.164041381579879131e-01
1.650461911899420000e+15,5.176835356323601367e-01
1.650461911901344750e+15,5.189629331067324713e-01
1.650461911903269500e+15,5.202423305811046950e-01
1.650461911905194250e+15,5.215217280554769186e-01
1.650461911907119000e+15,5.204754384192888939e-01
1.650461911909043500e+15,5.193701279774726176e-01
1.650461911910968250e+15,5.182646739515512913e-01
1.650461911912893000e+15,5.171592199256298539e-01
1.650461911914817750e+15,5.160537658997084165e-01
1.650461911916742500e+15,5.149483118737870901e-01
1.650461911918667250e+15,5.138428578478657638e-01
1.650461911920591750e+15,5.127375474060494875e-01
1.650461911922516500e+15,5.116320933801281612e-01
1.650461911924441250e+15,5.105266393542067238e-01
1.650461911926366000e+15,5.094211853282853975e-01
1.650461911928290750e+15,5.092816215780326949e-01
1.650461911930215500e+15,5.092816215780328060e-01
1.650461911932140000e+15,5.092816215780326949e-01
1.650461911934064750e+15,5.092816215780326949e-01
1.650461911935989500e+15,5.092816215780328060e-01
1.650461911937914250e+15,5.092816215780326949e-01
1.650461911939839000e+15,5.092816215780326949e-01
1.650461911941763750e+15,5.092816215780326949e-01
1.650461911943688250e+15,5.092816215780326949e-01
1.650461911945613000e+15,5.092816215780326949e-01
1.650461911947537750e+15,5.092816215780326949e-01
1.650461911949462500e+15,5.092816215780326949e-01
1.650461911951387250e+15,5.092816215780326949e-01
1.650461911953312000e+15,5.092816215780326949e-01
1.650461911955236750e+15,5.092816215780326949e-01
1.650461911957161250e+15,5.092816215780326949e-01
1.650461911959086000e+15,5.092816215780326949e-01
1.650461911961010750e+15,5.092816215780326949e-01
1.650461911962935500e+15,5.092816215780326949e-01
1.650461911964860250e+15,5.092816215780326949e-01
1.650461911966785000e+15,5.103206932838693088e-01
1.650461911968709500e+15,5.114627226944247207e-01
1.650461911970634250e+15,5.126049004590216285e-01
1.650461911972559000e+15,5.137470782236184252e-01
1.650461911974483750e+15,5.148892559882152220e-01
1.650461911976408500e+15,5.154175447295750168e-01
1.650461911978333250e+15,5.154175447295750168e-01
1.650461911980257750e+15,5.154175447295750168e-01
1.650461911982182500e+15,5.154175447295750168e-01
1.650461911984107250e+15,5.154175447295751278e-01
1.650461911986032000e+15,5.154175447295750168e-01
1.650461911987956750e+15,5.154175447295750168e-01
1.650461911989881500e+15,5.154175447295751278e-01
1.650461911991806000e+15,5.154175447295751278e-01
1.650461911993730750e+15,5.154175447295751278e-01
1.650461911995655500e+15,5.154175447295750168e-01
1.650461911997580250e+15,5.154175447295751278e-01
1.650461911999505000e+15,5.154175447295750168e-01
1.650461912001429750e+15,5.154175447295750168e-01
1.650461912003354250e+15,5.154175447295750168e-01
1.650461912005279000e+15,5.154175447295750168e-01
1.650461912007203750e+15,5.154175447295750168e-01
1.650461912009128500e+15,5.154175447295750168e-01
1.650461912011053250e+15,5.160909724964928280e-01
1.650461912012978000e+15,5.173181252485640202e-01
1.650461912014902500e+15,5.185451186094477416e-01
1.650461912016827250e+15,5.197722713615189338e-01
1.650461912018752000e+15,5.209994241135900150e-01
1.650461912020676750e+15,5.212120172766885329e-01
1.650461912022601500e+15,5.205895147421147895e-01
1.650461912024526250e+15,5.199670122075410461e-01
1.650461912026450750e+15,5.193445905279528985e-01
1.650461912028375500e+15,5.187220879933791551e-01
1.650461912030300250e+15,5.180995854588054117e-01
1.650461912032225000e+15,5.174770829242316683e-01
1.650461912034149750e+15,5.168545803896580360e-01
1.650461912036074500e+15,5.162320778550841816e-01
1.650461912037999000e+15,5.156096561754961449e-01
1.650461912039923750e+15,5.154175447295750168e-01
1.650461912041848500e+15,5.154175447295750168e-01
1.650461912043773250e+15,5.154175447295750168e-01
1.650461912045698000e+15,5.154175447295750168e-01
1.650461912047622750e+15,5.154175447295750168e-01
1.650461912049547250e+15,5.154175447295750168e-01
1.650461912051472000e+15,5.149453138829425125e-01
1.650461912053396750e+15,5.140990137692964534e-01
1.650461912055321500e+15,5.132527136556503944e-01
1.650461912057246250e+15,5.124064135420043353e-01
1.650461912059171000e+15,5.115601134283582763e-01
1.650461912061095500e+15,5.107139232380936145e-01
1.650461912063020250e+15,5.098676231244475554e-01
1.650461912064945000e+15,5.095895882169232394e-01
1.650461912066869750e+15,5.105908699537552442e-01
1.650461912068794500e+15,5.115921516905872490e-01
1.650461912070719250e+15,5.125934334274193649e-01
1.650461912072643750e+15,5.135945851107720506e-01
1.650461912074568500e+15,5.145958668476040554e-01
1.650461912076493250e+15,5.154175447295763490e-01
1.650461912078418000e+15,5.154175447295762380e-01
1.650461912080342750e+15,5.154175447295761270e-01
1.650461912082267500e+15,5.154175447295760160e-01
1.650461912084192000e+15,5.154175447295759049e-01
1.650461912086116750e+15,5.154175447295759049e-01
1.650461912088041500e+15,5.154175447295757939e-01
1.650461912089966250e+15,5.154175447295756829e-01
1.650461912091891000e+15,5.154175447295756829e-01
1.650461912093815750e+15,5.154175447295755719e-01
1.650461912095740250e+15,5.154175447295754608e-01
1.650461912097665000e+15,5.163448834824877487e-01
1.650461912099589750e+15,5.175665777088176434e-01
1.650461912101514500e+15,5.187882719351475380e-01
1.650461912103439250e+15,5.200099661614774327e-01
1.650461912105364000e+15,5.212316603878073273e-01
1.650461912107288500e+15,5.211957009827050680e-01
1.650461912109213250e+15,5.207099077991284020e-01
1.650461912111138000e+15,5.202241146155518470e-01
1.650461912113062750e+15,5.197383214319751810e-01
1.650461912114987500e+15,5.192525282483985150e-01
1.650461912116912250e+15,5.187667350648219600e-01
1.650461912118836750e+15,5.182810049794637219e-01
1.650461912120761500e+15,5.177952117958871670e-01
1.650461912122686250e+15,5.173094186123106120e-01
1.650461912124611000e+15,5.168236254287338349e-01
1.650461912126535750e+15,5.163378322451572799e-01
1.650461912128460500e+15,5.158520390615807250e-01
1.650461912130385000e+15,5.154175447295754608e-01
1.650461912132309750e+15,5.154175447295755719e-01
1.650461912134234500e+15,5.154175447295756829e-01
1.650461912136159250e+15,5.154175447295757939e-01
1.650461912138084000e+15,5.154175447295759049e-01
1.650461912140008750e+15,5.154175447295759049e-01
1.650461912141933250e+15,5.154175447295759049e-01
1.650461912143858000e+15,5.154175447295757939e-01
1.650461912145782750e+15,5.154175447295757939e-01
1.650461912147707500e+15,5.154175447295757939e-01
1.650461912149632250e+15,5.154175447295757939e-01
1.650461912151557000e+15,5.154175447295756829e-01
1.650461912153481500e+15,5.154175447295756829e-01
1.650461912155406250e+15,5.154175447295756829e-01
1.650461912157331000e+15,5.154175447295756829e-01
1.650461912159255750e+15,5.154175447295755719e-01
1.650461912161180500e+15,5.154175447295755719e-01
1.650461912163105250e+15,5.154175447295754608e-01
1.650461912165029750e+15,5.162839087290973517e-01
1.650461912166954500e+15,5.175708345312042269e-01
1.650461912168879250e+15,5.188577603333111021e-01
1.650461912170804000e+15,5.201446861354179774e-01
1.650461912172728750e+15,5.214316119375248526e-01
1.650461912174653500e+15,5.205751673877931918e-01
1.650461912176578000e+15,5.194946857238581517e-01
1.650461912178502750e+15,5.184140637011724895e-01
1.650461912180427500e+15,5.173334416784867162e-01
1.650461912182352250e+15,5.162528196558009430e-01
1.650461912184277000e+15,5.151721976331151698e-01
1.650461912186201750e+15,5.140915756104293965e-01
1.650461912188126250e+15,5.130110939464944675e-01
1.650461912190051000e+15,5.119304719238086943e-01
1.650461912191975750e+15,5.108498499011229210e-01
1.650461912193900500e+15,5.097692278784371478e-01
1.650461912195825250e+15,5.097226906421965520e-01
1.650461912197750000e+15,5.105264280918992981e-01
1.650461912199674500e+15,5.113300611465572132e-01
1.650461912201599250e+15,5.121337985962599593e-01
1.650461912203524000e+15,5.129375360459627053e-01
1.650461912205448750e+15,5.137412734956654514e-01
1.650461912207373500e+15,5.145450109453681975e-01
1.650461912209298250e+15,5.153487483950708326e-01
1.650461912211222750e+15,5.143823907878705137e-01
1.650461912213147500e+15,5.132501773772738529e-01
1.650461912215072250e+15,5.121179639666771921e-01
1.650461912216997000e+15,5.109857505560806423e-01
1.650461912218921750e+15,5.098535371454838705e-01
1.650461912220846500e+15,5.092816215780322509e-01
1.650461912222771000e+15,5.092816215780323619e-01
1.650461912224695750e+15,5.092816215780324729e-01
1.650461912226620500e+15,5.092816215780325839e-01
1.650461912228545250e+15,5.092816215780326949e-01
1.650461912230470000e+15,5.092816215780329170e-01
1.650461912232394750e+15,5.092816215780329170e-01
1.650461912234319250e+15,5.092816215780330280e-01
1.650461912236244000e+15,5.092816215780331390e-01
1.650461912238168750e+15,5.092816215780332501e-01
1.650461912240093500e+15,5.092816215780333611e-01
1.650461912242018250e+15,5.092816215780334721e-01
1.650461912243943000e+15,5.092816215780335831e-01
1.650461912245867500e+15,5.092816215780335831e-01
1.650461912247792250e+15,5.092816215780335831e-01
1.650461912249717000e+15,5.092816215780335831e-01
1.650461912251641750e+15,5.092816215780335831e-01
1.650461912253566500e+15,5.092816215780335831e-01
1.650461912255491250e+15,5.092816215780334721e-01
1.650461912257415750e+15,5.092816215780334721e-01
1.650461912259340500e+15,5.092816215780333611e-01
1.650461912261265250e+15,5.092816215780333611e-01
1.650461912263190000e+15,5.092816215780333611e-01
1.650461912265114750e+15,5.092816215780332501e-01
1.650461912267039500e+15,5.092816215780332501e-01
1.650461912268964000e+15,5.092816215780331390e-01
1.650461912270888750e+15,5.092816215780332501e-01
1.650461912272813500e+15,5.092816215780332501e-01
1.650461912274738250e+15,5.092816215780333611e-01
1.650461912276663000e+15,5.092816215780334721e-01
1.650461912278587750e+15,5.092816215780334721e-01
1.650461912280512250e+15,5.092816215780334721e-01
1.650461912282437000e+15,5.092816215780334721e-01
1.650461912284361750e+15,5.092816215780333611e-01
1.650461912286286500e+15,5.092816215780333611e-01
1.650461912288211250e+15,5.092816215780333611e-01
1.650461912290136000e+15,5.092816215780333611e-01
1.650461912292060500e+15,5.092816215780332501e-01
1.650461912293985250e+15,5.092816215780332501e-01
1.650461912295910000e+15,5.092816215780331390e-01
1.650461912297834750e+15,5.092816215780331390e-01
1.650461912299759500e+15,5.092816215780331390e-01
1.650461912301684250e+15,5.092816215780331390e-01
1.650461912303608750e+15,5.092816215780331390e-01
1.650461912305533500e+15,5.092816215780331390e-01
1.650461912307458250e+15,5.092816215780331390e-01
1.650461912309383000e+15,5.092816215780330280e-01
1.650461912311307750e+15,5.092816215780330280e-01
1.650461912313232500e+15,5.092816215780329170e-01
1.650461912315157250e+15,5.092816215780328060e-01
1.650461912317081750e+15,5.092816215780328060e-01
1.650461912319006500e+15,5.092816215780326949e-01
1.650461912320931250e+15,5.092816215780326949e-01
1.650461912322856000e+15,5.092816215780328060e-01
1.650461912324780750e+15,5.092816215780329170e-01
1.650461912326705500e+15,5.092816215780329170e-01
1.650461912328630000e+15,5.092816215780330280e-01
1.650461912330554750e+15,5.092816215780330280e-01
1.650461912332479500e+15,5.092816215780331390e-01
1.650461912334404250e+15,5.092816215780331390e-01
1.650461912336329000e+15,5.092816215780331390e-01
1.650461912338253750e+15,5.092816215780331390e-01
1.650461912340178250e+15,5.092816215780331390e-01
1.650461912342103000e+15,5.092816215780331390e-01
1.650461912344027750e+15,5.092816215780331390e-01
1.650461912345952500e+15,5.092816215780331390e-01
1.650461912347877250e+15,5.092816215780331390e-01
1.650461912349802000e+15,5.092816215780331390e-01
1.650461912351726500e+15,5.092816215780331390e-01
1.650461912353651250e+15,5.092816215780331390e-01
1.650461912355576000e+15,5.092816215780331390e-01
1.650461912357500750e+15,5.092816215780331390e-01
1.650461912359425500e+15,5.092816215780331390e-01
1.650461912361350250e+15,5.092816215780331390e-01
1.650461912363274750e+15,5.092816215780331390e-01
1.650461912365199500e+15,5.092816215780331390e-01
1.650461912367124250e+15,5.092816215780332501e-01
1.650461912369049000e+15,5.092816215780331390e-01
1.650461912370973750e+15,5.092816215780331390e-01
1.650461912372898500e+15,5.092816215780331390e-01
1.650461912374823000e+15,5.092816215780331390e-01
1.650461912376747750e+15,5.092816215780331390e-01
1.650461912378672500e+15,5.092816215780331390e-01
1.650461912380597250e+15,5.092816215780331390e-01
1.650461912382522000e+15,5.092816215780331390e-01
1.650461912384446750e+15,5.092816215780331390e-01
1.650461912386371250e+15,5.092816215780331390e-01
1.650461912388296000e+15,5.092816215780331390e-01
1.650461912390220750e+15,5.092816215780331390e-01
1.650461912392145500e+15,5.092816215780332501e-01
1.650461912394070250e+15,5.092816215780331390e-01
1.650461912395995000e+15,5.092816215780331390e-01
1.650461912397919500e+15,5.092816215780330280e-01
1.650461912399844250e+15,5.092816215780329170e-01
1.650461912401769000e+15,5.092816215780329170e-01
1.650461912403693750e+15,5.092816215780328060e-01
1.650461912405618500e+15,5.092816215780328060e-01
1.650461912407543250e+15,5.092816215780328060e-01
1.650461912409467750e+15,5.092816215780328060e-01
1.650461912411392500e+15,5.092816215780329170e-01
1.650461912413317250e+15,5.092816215780329170e-01
1.650461912415242000e+15,5.092816215780329170e-01
1.650461912417166750e+15,5.092816215780330280e-01
1.650461912419091500e+15,5.092816215780331390e-01
1.650461912421016000e+15,5.092816215780330280e-01
1.650461912422940750e+15,5.092816215780329170e-01
1.650461912424865500e+15,5.092816215780329170e-01
1.650461912426790250e+15,5.092816215780328060e-01
1.650461912428715000e+15,5.092816215780326949e-01
1.650461912430639750e+15,5.092816215780326949e-01
1.650461912432564250e+15,5.092816215780326949e-01
1.650461912434489000e+15,5.092816215780325839e-01
1.650461912436413750e+15,5.092816215780326949e-01
1.650461912438338500e+15,5.092816215780326949e-01
1.650461912440263250e+15,5.092816215780326949e-01
1.650461912442188000e+15,5.092816215780326949e-01
1.650461912444112500e+15,5.092816215780325839e-01
1.650461912446037250e+15,5.092816215780326949e-01
1.650461912447962000e+15,5.092816215780326949e-01
1.650461912449886750e+15,5.092816215780326949e-01
1.650461912451811500e+15,5.092816215780326949e-01
1.650461912453736250e+15,5.092816215780326949e-01
1.650461912455660750e+15,5.092816215780326949e-01
1.650461912457585500e+15,5.092816215780326949e-01
1.650461912459510250e+15,5.092816215780326949e-01
1.650461912461435000e+15,5.092816215780326949e-01
1.650461912463359750e+15,5.092816215780326949e-01
1.650461912465284500e+15,5.092816215780326949e-01
1.650461912467209000e+15,5.092816215780326949e-01
1.650461912469133750e+15,5.092816215780326949e-01
1.650461912471058500e+15,5.092816215780326949e-01
1.650461912472983250e+15,5.092816215780326949e-01
1.650461912474908000e+15,5.092816215780326949e-01
1.650461912476832750e+15,5.092816215780326949e-01
1.650461912478757250e+15,5.092816215780326949e-01
1.650461912480682000e+15,5.092816215780324729e-01
1.650461912482606750e+15,5.092816215780324729e-01
1.650461912484531500e+15,5.092816215780324729e-01
1.650461912486456250e+15,5.092816215780323619e-01
1.650461912488381000e+15,5.092816215780323619e-01
1.650461912490305500e+15,5.092816215780322509e-01
1.650461912492230250e+15,5.092816215780323619e-01
1.650461912494155000e+15,5.092816215780323619e-01
1.650461912496079750e+15,5.092816215780324729e-01
1.650461912498004500e+15,5.092816215780324729e-01
1.650461912499929250e+15,5.092816215780324729e-01
1.650461912501853750e+15,5.092816215780325839e-01
1.650461912503778500e+15,5.092816215780326949e-01
1.650461912505703250e+15,5.092816215780326949e-01
1.650461912507628000e+15,5.092816215780326949e-01
1.650461912509552750e+15,5.092816215780328060e-01
1.650461912511477500e+15,5.092816215780326949e-01
1.650461912513402000e+15,5.092816215780326949e-01
1.650461912515326750e+15,5.092816215780326949e-01
1.650461912517251500e+15,5.092816215780326949e-01
1.650461912519176250e+15,5.092816215780326949e-01
1.650461912521101000e+15,5.092816215780326949e-01
1.650461912523025750e+15,5.092816215780325839e-01
1.650461912524950250e+15,5.092816215780326949e-01
1.650461912526875000e+15,5.092816215780328060e-01
1.650461912528799750e+15,5.092816215780329170e-01
1.650461912530724500e+15,5.092816215780329170e-01
1.650461912532649250e+15,5.092816215780329170e-01
1.650461912534574000e+15,5.092816215780330280e-01
1.650461912536498500e+15,5.092816215780330280e-01
1.650461912538423250e+15,5.092816215780329170e-01
1.650461912540348000e+15,5.092816215780328060e-01
1.650461912542272750e+15,5.092816215780326949e-01
1.650461912544197500e+15,5.092816215780324729e-01
1.650461912546122250e+15,5.092816215780322509e-01
1.650461912548046750e+15,5.092816215780323619e-01
1.650461912549971500e+15,5.092816215780323619e-01
1.650461912551896250e+15,5.092816215780324729e-01
1.650461912553821000e+15,5.092816215780324729e-01
1.650461912555745750e+15,5.092816215780326949e-01
1.650461912557670500e+15,5.092788736449691545e-01
1.650461912559595000e+15,5.084652740786785863e-01
1.650461912561519750e+15,5.076515688226547196e-01
1.650461912563444500e+15,5.068378635666309640e-01
1.650461912565369250e+15,5.060241583106070973e-01
1.650461912567294000e+15,5.052104530545833416e-01
1.650461912569218750e+15,5.043967477985595860e-01
1.650461912571143250e+15,5.035831482322690178e-01
1.650461912573068000e+15,5.034004435682961631e-01
1.650461912574992750e+15,5.039513657162612015e-01
1.650461912576917500e+15,5.045022878642263509e-01
1.650461912578842250e+15,5.050532100121915002e-01
1.650461912580767000e+15,5.056041321601566496e-01
1.650461912582691500e+15,5.061549827504976395e-01
1.650461912584616250e+15,5.067059048984627889e-01
1.650461912586541000e+15,5.072568270464279383e-01
1.650461912588465750e+15,5.078077491943930877e-01
1.650461912590390500e+15,5.083586713423582371e-01
1.650461912592315250e+15,5.089095934903232754e-01
1.650461912594239750e+15,5.092816215780322509e-01
1.650461912596164500e+15,5.092816215780324729e-01
1.650461912598089250e+15,5.092816215780326949e-01
1.650461912600014000e+15,5.092816215780329170e-01
1.650461912601938750e+15,5.092816215780330280e-01
1.650461912603863500e+15,5.085210132249189385e-01
1.650461912605788000e+15,5.068413909924823768e-01
1.650461912607712750e+15,5.051615505706157361e-01
1.650461912609637500e+15,5.034817101487493174e-01
1.650461912611562250e+15,5.018018697268826767e-01
1.650461912613487000e+15,5.001220293050161469e-01
1.650461912615411750e+15,4.984421888831496172e-01
1.650461912617336250e+15,4.968489535637711785e-01
1.650461912619261000e+15,4.957561324213699550e-01
1.650461912621185750e+15,4.946633112789688425e-01
1.650461912623110500e+15,4.935704901365676189e-01
1.650461912625035250e+15,4.924776689941665619e-01
1.650461912626960000e+15,4.913848478517652829e-01
1.650461912628884500e+15,4.920629665221107341e-01
1.650461912630809250e+15,4.942969811037684069e-01
1.650461912632734000e+15,4.965309956854260798e-01
1.650461912634658750e+15,4.987650102670836416e-01
1.650461912636583500e+15,5.009990248487413700e-01
1.650461912638508250e+15,5.031018120832592144e-01
1.650461912640432750e+15,5.019794297902124836e-01
1.650461912642357500e+15,5.008569016953609010e-01
1.650461912644282250e+15,4.997343736005093184e-01
1.650461912646207000e+15,4.986118455056577359e-01
1.650461912648131750e+15,4.974893174108062088e-01
1.650461912650056500e+15,4.963667893159546818e-01
1.650461912651981000e+15,4.952444070229078399e-01
1.650461912653905750e+15,4.941218789280562573e-01
1.650461912655830500e+15,4.929993508332047303e-01
1.650461912657755250e+15,4.918768227383531477e-01
1.650461912659680000e+15,4.907185666315243000e-01
1.650461912661604750e+15,4.892605873608031342e-01
1.650461912663529500e+15,4.878026080900820238e-01
1.650461912665454000e+15,4.863448181919118873e-01
1.650461912667378750e+15,4.848868389211907770e-01
1.650461912669303500e+15,4.834288596504695557e-01
1.650461912671228250e+15,4.819708803797484453e-01
1.650461912673153000e+15,4.805129011090272240e-01
1.650461912675077750e+15,4.790549218383061136e-01
1.650461912677002250e+15,4.775971319401359771e-01
1.650461912678927000e+15,4.761391526694148668e-01
1.650461912680851750e+15,4.746811733986936455e-01
1.650461912682776500e+15,4.732231941279724796e-01
1.650461912684701250e+15,4.730152737590762602e-01
1.650461912686626000e+15,4.741577277456234252e-01
1.650461912688550500e+15,4.753000333422515711e-01
1.650461912690475250e+15,4.764424873287986806e-01
1.650461912692400000e+15,4.775849413153458456e-01
1.650461912694324750e+15,4.787273953018929551e-01
1.650461912696249500e+15,4.798698492884401201e-01
1.650461912698174250e+15,4.810123032749872296e-01
1.650461912700098750e+15,4.821546088716154310e-01
1.650461912702023500e+15,4.832970628581624850e-01
1.650461912703948250e+15,4.844395168447096500e-01
1.650461912705873000e+15,4.841252414694752204e-01
1.650461912707797750e+15,4.832959374819792986e-01
1.650461912709722500e+15,4.824666334944833768e-01
1.650461912711647000e+15,4.816374372227930634e-01
1.650461912713571750e+15,4.808081332352971415e-01
1.650461912715496500e+15,4.799788292478012197e-01
1.650461912717421250e+15,4.791495252603052979e-01
1.650461912719346000e+15,4.786020058203205307e-01
1.650461912721270750e+15,4.786020058203202532e-01
1.650461912723195250e+15,4.786020058203200311e-01
1.650461912725120000e+15,4.786020058203197536e-01
1.650461912727044750e+15,4.786020058203195315e-01
1.650461912728969500e+15,4.786020058203192540e-01
1.650461912730894250e+15,4.786020058203189764e-01
1.650461912732819000e+15,4.783105704024462335e-01
1.650461912734743500e+15,4.776908273508484459e-01
1.650461912736668250e+15,4.770710037922292757e-01
1.650461912738593000e+15,4.764511802336099944e-01
1.650461912740517750e+15,4.758313566749907131e-01
1.650461912742442500e+15,4.752115331163715428e-01
1.650461912744367250e+15,4.745917095577523170e-01
1.650461912746291750e+15,4.739719665061545295e-01
1.650461912748216500e+15,4.733521429475353592e-01
1.650461912750141250e+15,4.727323193889160224e-01
1.650461912752066000e+15,4.724660826687767656e-01
1.650461912753990750e+15,4.724660826687770987e-01
1.650461912755915500e+15,4.724660826687774318e-01
1.650461912757840000e+15,4.724660826687778203e-01
1.650461912759764750e+15,4.724660826687781534e-01
1.650461912761689500e+15,4.728491803515519343e-01
1.650461912763614250e+15,4.736653035003273726e-01
1.650461912765539000e+15,4.744814266491028665e-01
1.650461912767463750e+15,4.752975497978783048e-01
1.650461912769388250e+15,4.761135669428676609e-01
1.650461912771313000e+15,4.769296900916430992e-01
1.650461912773237750e+15,4.777458132404185376e-01
1.650461912775162500e+15,4.785619363891939759e-01
1.650461912777087250e+15,4.795839305687772947e-01
1.650461912779012000e+15,4.806165543412638796e-01
1.650461912780936500e+15,4.816490439893483244e-01
1.650461912782861250e+15,4.826816677618349649e-01
1.650461912784786000e+15,4.837142915343216054e-01
1.650461912786710750e+15,4.847275148759255803e-01
1.650461912788635500e+15,4.835308264489391883e-01
1.650461912790560250e+15,4.823341380219526853e-01
1.650461912792484750e+15,4.811376050292339168e-01
1.650461912794409500e+15,4.799409166022474138e-01
1.650461912796334250e+15,4.787442281752609663e-01
1.650461912798259000e+15,4.786020058203197536e-01
1.650461912800183750e+15,4.786020058203197536e-01
1.650461912802108500e+15,4.786020058203197536e-01
1.650461912804033000e+15,4.786020058203197536e-01
1.650461912805957750e+15,4.786020058203197536e-01
1.650461912807882500e+15,4.786020058203197536e-01
1.650461912809807250e+15,4.786020058203197536e-01
1.650461912811732000e+15,4.786020058203197536e-01
1.650461912813656750e+15,4.786020058203197536e-01
1.650461912815581250e+15,4.786020058203197536e-01
1.650461912817506000e+15,4.786020058203197536e-01
1.650461912819430750e+15,4.786020058203197536e-01
1.650461912821355500e+15,4.786020058203197536e-01
1.650461912823280250e+15,4.786020058203197536e-01
1.650461912825205000e+15,4.786020058203197536e-01
1.650461912827129500e+15,4.786020058203197536e-01
1.650461912829054250e+15,4.786020058203197536e-01
1.650461912830979000e+15,4.786020058203197536e-01
1.650461912832903750e+15,4.786020058203196426e-01
1.650461912834828500e+15,4.786020058203195315e-01
1.650461912836753250e+15,4.786020058203193095e-01
1.650461912838677750e+15,4.786020058203191430e-01
1.650461912840602500e+15,4.786020058203189764e-01
1.650461912842527250e+15,4.790069472907942938e-01
1.650461912844452000e+15,4.797731415353727602e-01
1.650461912846376750e+15,4.805393357799512821e-01
1.650461912848301500e+15,4.813055300245296930e-01
1.650461912850226000e+15,4.820716247504376883e-01
1.650461912852150750e+15,4.828378189950161548e-01
1.650461912854075500e+15,4.836040132395946767e-01
1.650461912856000250e+15,4.843702074841731431e-01
1.650461912857925000e+15,4.840658209590925631e-01
1.650461912859849750e+15,4.827734734090644020e-01
1.650461912861774250e+15,4.814812937181803809e-01
1.650461912863699000e+15,4.801889461681522198e-01
1.650461912865623750e+15,4.788965986181241696e-01
1.650461912867548500e+15,4.776042510680960085e-01
1.650461912869473250e+15,4.763119035180679028e-01
1.650461912871398000e+15,4.750195559680397417e-01
1.650461912873322500e+15,4.737273762771557206e-01
1.650461912875247250e+15,4.724908891762729102e-01
1.650461912877172000e+15,4.735232421558125404e-01
1.650461912879096750e+15,4.745555951353521151e-01
1.650461912881021500e+15,4.755879481148916899e-01
1.650461912882946250e+15,4.766203010944313201e-01
1.650461912884870750e+15,4.776525199847411196e-01
1.650461912886795500e+15,4.786020058203197536e-01
1.650461912888720250e+15,4.786020058203197536e-01
1.650461912890645000e+15,4.786020058203197536e-01
1.650461912892569750e+15,4.786020058203197536e-01
1.650461912894494500e+15,4.786020058203196981e-01
1.650461912896419000e+15,4.786020058203197536e-01
1.650461912898343750e+15,4.786020058203196981e-01
1.650461912900268500e+15,4.786020058203197536e-01
1.650461912902193250e+15,4.786020058203197536e-01
1.650461912904118000e+15,4.786020058203196981e-01
1.650461912906042750e+15,4.786020058203197536e-01
1.650461912907967250e+15,4.786020058203196981e-01
1.650461912909892000e+15,4.786020058203196981e-01
1.650461912911816750e+15,4.786020058203195870e-01
1.650461912913741500e+15,4.786020058203195315e-01
1.650461912915666250e+15,4.786020058203194760e-01
1.650461912917591000e+15,4.786020058203194205e-01
1.650461912919515500e+15,4.786020058203193095e-01
1.650461912921440250e+15,4.786020058203192540e-01
1.650461912923365000e+15,4.786020058203191985e-01
1.650461912925289750e+15,4.786020058203191430e-01
1.650461912927214500e+15,4.786020058203190874e-01
1.650461912929139250e+15,4.786020058203189764e-01
1.650461912931063750e+15,4.786020058203189209e-01
1.650461912932988500e+15,4.786020058203188654e-01
1.650461912934913250e+15,4.786020058203188654e-01
1.650461912936838000e+15,4.786020058203188099e-01
1.650461912938762750e+15,4.786020058203188654e-01
1.650461912940687500e+15,4.786020058203188654e-01
1.650461912942612000e+15,4.786020058203188654e-01
1.650461912944536750e+15,4.786020058203188099e-01
1.650461912946461500e+15,4.786020058203188099e-01
1.650461912948386250e+15,4.780614630437759471e-01
1.650461912950311000e+15,4.774886290676432221e-01
1.650461912952235750e+15,4.769157950915104971e-01
1.650461912954160250e+15,4.763430355190635401e-01
1.650461912956085000e+15,4.757702015429308151e-01
1.650461912958009750e+15,4.751973675667982011e-01
1.650461912959934500e+15,4.746245335906654761e-01
1.650461912961859250e+15,4.740516996145328066e-01
1.650461912963784000e+15,4.734788656384001371e-01
1.650461912965708500e+15,4.729061060659530691e-01
1.650461912967633250e+15,4.725869672083737316e-01
1.650461912969558000e+15,4.731083622057658533e-01
1.650461912971482750e+15,4.736297572031579750e-01
1.650461912973407500e+15,4.741511522005501522e-01
1.650461912975332250e+15,4.746725471979422184e-01
1.650461912977256750e+15,4.751938744729032882e-01
1.650461912979181500e+15,4.757152694702954654e-01
1.650461912981106250e+15,4.762366644676875316e-01
1.650461912983031000e+15,4.767580594650796533e-01
1.650461912984955750e+15,4.772794544624718860e-01
1.650461912986880500e+15,4.778008494598639522e-01
1.650461912988805000e+15,4.783221767348250220e-01
1.650461912990729750e+15,4.788527831002312163e-01
1.650461912992654500e+15,4.793940598812904130e-01
1.650461912994579250e+15,4.799353366623496098e-01
1.650461912996504000e+15,4.804766134434088620e-01
1.650461912998428750e+15,4.810178902244680588e-01
1.650461913000353250e+15,4.815590967007109535e-01
1.650461913002278000e+15,4.821003734817701503e-01
1.650461913004202750e+15,4.826416502628293470e-01
1.650461913006127500e+15,4.831829270438885993e-01
1.650461913008052250e+15,4.837242038249478515e-01
1.650461913009977000e+15,4.842654806060070483e-01
1.650461913011901500e+15,4.844004566491644792e-01
1.650461913013826250e+15,4.817438110331637713e-01
1.650461913015751000e+15,4.790871654171630634e-01
1.650461913017675750e+15,4.764305198011623554e-01
1.650461913019600500e+15,4.737738741851616475e-01
1.650461913021525250e+15,4.724660826687774873e-01
1.650461913023450000e+15,4.724660826687775983e-01
1.650461913025374500e+15,4.724660826687777093e-01
1.650461913027299250e+15,4.724660826687778203e-01
1.650461913029224000e+15,4.724660826687779869e-01
1.650461913031148750e+15,4.724660826687780979e-01
1.650461913033073500e+15,4.724660826687782089e-01
1.650461913034998250e+15,4.725630098372671228e-01
1.650461913036922750e+15,4.730925665037158945e-01
1.650461913038847500e+15,4.736221919616256937e-01
1.650461913040772250e+15,4.741518174195353263e-01
1.650461913042697000e+15,4.746814428774451255e-01
1.650461913044621750e+15,4.752110683353548692e-01
1.650461913046546500e+15,4.757406937932646129e-01
1.650461913048471000e+15,4.762702504597134401e-01
1.650461913050395750e+15,4.767998759176231283e-01
1.650461913052320500e+15,4.773295013755328720e-01
1.650461913054245250e+15,4.778591268334425601e-01
1.650461913056170000e+15,4.783887522913524148e-01
1.650461913058094750e+15,4.780571091150224161e-01
1.650461913060019250e+15,4.771450380479689279e-01
1.650461913061944000e+15,4.762328484993529898e-01
1.650461913063868750e+15,4.753206589507372182e-01
1.650461913065793500e+15,4.744084694021213355e-01
1.650461913067718250e+15,4.734962798535055084e-01
1.650461913069643000e+15,4.725840903048896813e-01
1.650461913071567500e+15,4.732983290251620012e-01
1.650461913073492250e+15,4.742543816509152133e-01
1.650461913075417000e+15,4.752104342766684253e-01
1.650461913077341750e+15,4.761664869024216928e-01
1.650461913079266500e+15,4.771225395281748494e-01
1.650461913081191250e+15,4.780785921539280614e-01
1.650461913083115750e+15,4.786020058203197536e-01
1.650461913085040500e+15,4.786020058203197536e-01
1.650461913086965250e+15,4.786020058203197536e-01
1.650461913088890000e+15,4.786020058203197536e-01
1.650461913090814750e+15,4.786020058203196981e-01
1.650461913092739500e+15,4.786020058203197536e-01
1.650461913094664000e+15,4.786020058203197536e-01
1.650461913096588750e+15,4.786020058203197536e-01
1.650461913098513500e+15,4.786020058203197536e-01
1.650461913100438250e+15,4.786020058203198091e-01
1.650461913102363000e+15,4.786020058203197536e-01
1.650461913104287750e+15,4.786020058203196981e-01
1.650461913106212250e+15,4.793902021856111251e-01
1.650461913108137000e+15,4.803394159845127964e-01
1.650461913110061750e+15,4.812886297834144678e-01
1.650461913111986500e+15,4.822378435823161946e-01
1.650461913113911250e+15,4.831870573812178105e-01
1.650461913115836000e+15,4.841362711801194818e-01
1.650461913117760500e+15,4.845476499921885782e-01
1.650461913119685250e+15,4.840277926946300879e-01
1.650461913121610000e+15,4.835079353970715421e-01
1.650461913123534750e+15,4.829880780995129408e-01
1.650461913125459500e+15,4.824682208019545060e-01
1.650461913127384250e+15,4.819483635043959602e-01
1.650461913129308750e+15,4.814285737295413981e-01
1.650461913131233500e+15,4.809087164319828522e-01
1.650461913133158250e+15,4.803888591344243619e-01
1.650461913135083000e+15,4.798690018368658161e-01
1.650461913137007750e+15,4.793491445393073258e-01
1.650461913138932500e+15,4.788292872417487800e-01
1.650461913140857000e+15,4.790503094547474694e-01
1.650461913142781750e+15,4.798470522251672699e-01
1.650461913144706500e+15,4.806437949955870703e-01
1.650461913146631250e+15,4.814405377660068708e-01
1.650461913148556000e+15,4.822372805364266712e-01
1.650461913150480750e+15,4.830340233068465272e-01
1.650461913152405250e+15,4.838306625907394243e-01
1.650461913154330000e+15,4.846274053611592247e-01
1.650461913156254750e+15,4.841541464532409522e-01
1.650461913158179500e+15,4.834763389414221679e-01
1.650461913160104250e+15,4.827985314296033281e-01
1.650461913162029000e+15,4.821207239177845993e-01
1.650461913163953500e+15,4.814430044443488432e-01
1.650461913165878250e+15,4.807651969325300589e-01
1.650461913167803000e+15,4.800873894207112191e-01
1.650461913169727750e+15,4.794095819088924348e-01
1.650461913171652500e+15,4.787317743970735395e-01
1.650461913173577250e+15,4.786020058203206418e-01
1.650461913175501750e+15,4.786020058203206418e-01
1.650461913177426500e+15,4.786020058203206418e-01
1.650461913179351250e+15,4.786020058203206418e-01
1.650461913181276000e+15,4.786020058203206418e-01
1.650461913183200750e+15,4.786020058203206418e-01
1.650461913185125500e+15,4.786020058203205862e-01
1.650461913187050000e+15,4.795546747048861635e-01
1.650461913188974750e+15,4.805243465375501621e-01
1.650461913190899500e+15,4.814940183702141052e-01
1.650461913192824250e+15,4.824636902028781593e-01
1.650461913194749000e+15,4.834333620355421024e-01
1.650461913196673750e+15,4.844030338682061010e-01
1.650461913198598250e+15,4.853725797531064368e-01
1.650461913200523000e+15,4.863422515857703798e-01
1.650461913202447750e+15,4.873119234184344339e-01
1.650461913204372500e+15,4.882815952510984325e-01
1.650461913206297250e+15,4.892512670837624311e-01
1.650461913208222000e+15,4.902209389164264297e-01
1.650461913210146500e+15,4.905803868086845987e-01
1.650461913212071250e+15,4.896816638739053817e-01
1.650461913213996000e+15,4.887829409391262758e-01
1.650461913215920750e+15,4.878842180043471699e-01
1.650461913217845500e+15,4.869854950695680085e-01
1.650461913219770250e+15,4.860867721347888470e-01
1.650461913221694750e+15,4.851881659324340235e-01
1.650461913223619500e+15,4.847379289718620754e-01
1.650461913225544250e+15,4.847379289718620754e-01
1.650461913227469000e+15,4.847379289718620754e-01
1.650461913229393750e+15,4.847379289718620754e-01
1.650461913231318500e+15,4.847379289718621309e-01
1.650461913233243000e+15,4.847379289718620754e-01
1.650461913235167750e+15,4.847379289718620754e-01
1.650461913237092500e+15,4.847379289718620754e-01
1.650461913239017250e+15,4.847379289718620199e-01
1.650461913240942000e+15,4.847379289718621309e-01
1.650461913242866750e+15,4.847379289718620754e-01
1.650461913244791250e+15,4.847379289718620199e-01
1.650461913246716000e+15,4.847379289718620754e-01
1.650461913248640750e+15,4.847379289718620754e-01
1.650461913250565500e+15,4.847379289718620754e-01
1.650461913252490250e+15,4.847379289718620754e-01
1.650461913254415000e+15,4.847379289718620754e-01
1.650461913256339500e+15,4.847379289718620754e-01
1.650461913258264250e+15,4.847379289718620199e-01
1.650461913260189000e+15,4.847379289718621309e-01
1.650461913262113750e+15,4.847379289718620754e-01
1.650461913264038500e+15,4.847379289718620754e-01
1.650461913265963250e+15,4.847379289718620199e-01
1.650461913267887750e+15,4.847379289718621309e-01
1.650461913269812500e+15,4.847379289718620754e-01
1.650461913271737250e+15,4.847379289718620754e-01
1.650461913273662000e+15,4.847379289718620754e-01
1.650461913275586750e+15,4.847379289718620754e-01
1.650461913277511500e+15,4.847379289718621309e-01
1.650461913279436000e+15,4.847379289718622974e-01
1.650461913281360750e+15,4.847379289718624640e-01
1.650461913283285500e+15,4.847379289718627415e-01
1.650461913285210250e+15,4.847379289718628526e-01
1.650461913287135000e+15,4.847379289718629081e-01
1.650461913289059750e+15,4.847379289718627970e-01
1.650461913290984250e+15,4.847379289718626305e-01
1.650461913292909000e+15,4.847379289718624640e-01
1.650461913294833750e+15,4.847379289718622974e-01
1.650461913296758500e+15,4.847379289718621864e-01
1.650461913298683250e+15,4.847379289718621309e-01
1.650461913300608000e+15,4.847379289718621864e-01
1.650461913302532500e+15,4.847379289718622419e-01
1.650461913304457250e+15,4.847379289718623530e-01
1.650461913306382000e+15,4.847379289718624085e-01
1.650461913308306750e+15,4.847379289718624640e-01
1.650461913310231500e+15,4.847379289718625195e-01
1.650461913312156250e+15,4.847379289718626305e-01
1.650461913314080750e+15,4.847379289718627415e-01
1.650461913316005500e+15,4.847379289718626860e-01
1.650461913317930250e+15,4.847379289718627970e-01
1.650461913319855000e+15,4.847379289718629081e-01
1.650461913321779750e+15,4.847379289718629636e-01
1.650461913323704500e+15,4.847379289718629081e-01
1.650461913325629000e+15,4.847379289718626860e-01
1.650461913327553750e+15,4.847379289718625195e-01
1.650461913329478500e+15,4.847379289718624085e-01
1.650461913331403250e+15,4.847379289718622974e-01
1.650461913333328000e+15,4.847379289718621309e-01
1.650461913335252750e+15,4.847379289718621309e-01
1.650461913337177250e+15,4.847379289718620754e-01
1.650461913339102000e+15,4.847379289718620754e-01
1.650461913341026750e+15,4.847379289718620754e-01
1.650461913342951500e+15,4.847379289718620754e-01
1.650461913344876250e+15,4.847379289718621309e-01
1.650461913346801000e+15,4.847379289718620754e-01
1.650461913348725500e+15,4.847379289718620754e-01
1.650461913350650250e+15,4.847379289718620199e-01
1.650461913352575000e+15,4.847379289718620754e-01
1.650461913354499750e+15,4.847379289718620754e-01
1.650461913356424500e+15,4.847379289718620754e-01
1.650461913358349250e+15,4.847379289718620754e-01
1.650461913360273750e+15,4.847379289718620754e-01
1.650461913362198500e+15,4.847379289718620754e-01
1.650461913364123250e+15,4.847379289718620754e-01
1.650461913366048000e+15,4.847379289718620754e-01
1.650461913367972750e+15,4.847379289718620754e-01
1.650461913369897500e+15,4.847379289718620754e-01
1.650461913371822000e+15,4.847379289718620199e-01
1.650461913373746750e+15,4.847379289718620754e-01
1.650461913375671500e+15,4.847379289718620754e-01
1.650461913377596250e+15,4.847379289718619644e-01
1.650461913379521000e+15,4.847379289718619089e-01
1.650461913381445750e+15,4.847379289718619089e-01
1.650461913383370500e+15,4.847379289718618534e-01
1.650461913385295000e+15,4.847379289718617423e-01
1.650461913387219750e+15,4.847379289718617423e-01
1.650461913389144500e+15,4.847379289718616313e-01
1.650461913391069250e+15,4.847379289718616313e-01
1.650461913392994000e+15,4.847379289718615758e-01
1.650461913394918750e+15,4.847379289718615203e-01
1.650461913396843250e+15,4.847379289718614093e-01
1.650461913398768000e+15,4.847379289718612982e-01
1.650461913400692750e+15,4.847379289718612982e-01
1.650461913402617500e+15,4.847379289718612427e-01
1.650461913404542250e+15,4.847379289718611872e-01
1.650461913406467000e+15,4.847379289718614093e-01
1.650461913408391500e+15,4.847379289718617423e-01
1.650461913410316250e+15,4.847379289718619644e-01
1.650461913412241000e+15,4.847379289718623530e-01
1.650461913414165750e+15,4.847379289718626860e-01
1.650461913416090500e+15,4.847379289718629636e-01
1.650461913418015250e+15,4.847379289718627970e-01
1.650461913419939750e+15,4.847379289718626860e-01
1.650461913421864500e+15,4.847379289718624640e-01
1.650461913423789250e+15,4.847379289718623530e-01
1.650461913425714000e+15,4.847379289718621864e-01
1.650461913427638750e+15,4.847379289718620199e-01
1.650461913429563500e+15,4.847379289718620199e-01
1.650461913431488000e+15,4.847379289718620754e-01
1.650461913433412750e+15,4.847379289718620754e-01
1.650461913435337500e+15,4.847379289718620754e-01
1.650461913437262250e+15,4.847379289718620199e-01
1.650461913439187000e+15,4.847379289718620754e-01
1.650461913441111750e+15,4.847379289718620199e-01
1.650461913443036250e+15,4.847379289718620754e-01
1.650461913444961000e+15,4.847379289718620199e-01
1.650461913446885750e+15,4.847379289718620199e-01
1.650461913448810500e+15,4.847379289718620199e-01
1.650461913450735250e+15,4.847379289718620199e-01
1.650461913452660000e+15,4.847379289718619644e-01
1.650461913454584500e+15,4.847379289718620199e-01
1.650461913456509250e+15,4.847379289718620199e-01
1.650461913458434000e+15,4.847379289718620754e-01
1.650461913460358750e+15,4.847379289718619644e-01
1.650461913462283500e+15,4.847379289718620754e-01
1.650461913464208250e+15,4.847379289718620199e-01
1.650461913466132750e+15,4.847379289718620199e-01
1.650461913468057500e+15,4.847379289718620199e-01
1.650461913469982250e+15,4.847379289718620754e-01
1.650461913471907000e+15,4.847379289718620754e-01
1.650461913473831750e+15,4.847379289718620754e-01
1.650461913475756500e+15,4.847379289718620754e-01
1.650461913477681000e+15,4.847379289718620754e-01
1.650461913479605750e+15,4.847379289718620754e-01
1.650461913481530500e+15,4.847379289718621309e-01
1.650461913483455250e+15,4.847379289718620754e-01
1.650461913485380000e+15,4.847379289718620754e-01
1.650461913487304750e+15,4.847379289718621309e-01
1.650461913489229250e+15,4.847379289718620754e-01
1.650461913491154000e+15,4.847379289718621309e-01
1.650461913493078750e+15,4.847379289718620754e-01
1.650461913495003500e+15,4.847379289718620754e-01
1.650461913496928250e+15,4.847379289718620754e-01
1.650461913498853000e+15,4.847379289718620754e-01
1.650461913500777500e+15,4.847379289718620754e-01
1.650461913502702250e+15,4.847379289718621309e-01
1.650461913504627000e+15,4.847379289718620754e-01
1.650461913506551750e+15,4.847379289718620754e-01
1.650461913508476500e+15,4.847379289718620754e-01
1.650461913510401250e+15,4.847379289718621309e-01
1.650461913512325750e+15,4.847379289718621864e-01
1.650461913514250500e+15,4.847379289718622974e-01
1.650461913516175250e+15,4.847379289718624085e-01
1.650461913518100000e+15,4.847379289718625195e-01
1.650461913520024750e+15,4.847379289718625195e-01
1.650461913521949500e+15,4.847379289718625750e-01
1.650461913523874000e+15,4.847379289718627415e-01
1.650461913525798750e+15,4.847379289718627415e-01
1.650461913527723500e+15,4.847379289718627970e-01
1.650461913529648250e+15,4.847379289718629081e-01
1.650461913531573000e+15,4.847379289718629636e-01
1.650461913533497750e+15,4.847379289718627970e-01
1.650461913535422250e+15,4.847379289718626860e-01
1.650461913537347000e+15,4.847379289718625195e-01
1.650461913539271750e+15,4.847379289718624085e-01
1.650461913541196500e+15,4.847379289718622974e-01
1.650461913543121250e+15,4.847379289718621864e-01
1.650461913545046000e+15,4.847379289718620754e-01
1.650461913546970500e+15,4.847379289718621864e-01
1.650461913548895250e+15,4.847379289718623530e-01
1.650461913550820000e+15,4.847379289718625195e-01
1.650461913552744750e+15,4.847379289718626305e-01
1.650461913554669500e+15,4.847379289718627415e-01
1.650461913556594250e+15,4.847379289718628526e-01
1.650461913558518750e+15,4.847379289718629081e-01
1.650461913560443500e+15,4.847379289718628526e-01
1.650461913562368250e+15,4.847379289718627415e-01
1.650461913564293000e+15,4.847379289718626305e-01
1.650461913566217750e+15,4.847379289718625195e-01
1.650461913568142500e+15,4.847379289718624085e-01
1.650461913570067000e+15,4.847379289718622974e-01
1.650461913571991750e+15,4.847379289718621864e-01
1.650461913573916500e+15,4.847379289718621309e-01
1.650461913575841250e+15,4.847379289718620754e-01
1.650461913577766000e+15,4.847379289718620754e-01
1.650461913579690750e+15,4.847379289718621309e-01
1.650461913581615250e+15,4.847379289718621309e-01
1.650461913583540000e+15,4.847379289718620754e-01
1.650461913585464750e+15,4.847379289718621309e-01
1.650461913587389500e+15,4.847379289718621309e-01
1.650461913589314250e+15,4.847379289718620754e-01
1.650461913591239000e+15,4.847379289718620199e-01
1.650461913593163500e+15,4.847379289718620754e-01
1.650461913595088250e+15,4.847379289718619644e-01
1.650461913597013000e+15,4.847379289718620754e-01
1.650461913598937750e+15,4.847379289718620754e-01
1.650461913600862500e+15,4.847379289718619644e-01
1.650461913602787250e+15,4.847379289718620754e-01
1.650461913604711750e+15,4.847379289718620754e-01
1.650461913606636500e+15,4.847379289718620754e-01
1.650461913608561250e+15,4.847379289718620754e-01
1.650461913610486000e+15,4.844544686408949197e-01
1.650461913612410750e+15,4.835856943223774129e-01
1.650461913614335500e+15,4.827169200038597952e-01
1.650461913616260000e+15,4.818482585278306418e-01
1.650461913618184750e+15,4.809794842093131351e-01
1.650461913620109500e+15,4.801107098907955728e-01
1.650461913622034250e+15,4.792419355722780105e-01
1.650461913623959000e+15,4.786020058203214744e-01
1.650461913625883750e+15,4.786020058203213634e-01
1.650461913627808250e+15,4.786020058203213079e-01
1.650461913629733000e+15,4.786020058203212524e-01
1.650461913631657750e+15,4.786020058203211414e-01
1.650461913633582500e+15,4.786020058203210303e-01
1.650461913635507250e+15,4.786020058203209193e-01
1.650461913637432000e+15,4.786020058203208638e-01
1.650461913639356500e+15,4.786020058203207528e-01
1.650461913641281250e+15,4.786020058203206418e-01
1.650461913643206000e+15,4.794403794786501471e-01
1.650461913645130750e+15,4.804571782807105507e-01
1.650461913647055500e+15,4.814739770827708987e-01
1.650461913648980250e+15,4.824907758848313022e-01
1.650461913650904750e+15,4.835074426179473139e-01
1.650461913652829500e+15,4.845242414200077730e-01
1.650461913654754250e+15,4.847379289718629081e-01
1.650461913656679000e+15,4.847379289718627415e-01
1.650461913658603750e+15,4.847379289718625750e-01
1.650461913660528500e+15,4.847379289718625195e-01
1.650461913662453000e+15,4.847379289718622974e-01
1.650461913664377750e+15,4.847379289718622419e-01
1.650461913666302500e+15,4.847379289718621309e-01
1.650461913668227250e+15,4.842117092702767356e-01
1.650461913670152000e+15,4.836286950980929200e-01
1.650461913672076750e+15,4.830456809259090489e-01
1.650461913674001250e+15,4.824627424796860686e-01
1.650461913675926000e+15,4.818797283075022531e-01
1.650461913677850750e+15,4.812967141353184375e-01
1.650461913679775500e+15,4.807136999631346219e-01
1.650461913681700250e+15,4.801306857909508063e-01
1.650461913683625000e+15,4.795476716187669353e-01
1.650461913685549500e+15,4.789647331725439550e-01
1.650461913687474250e+15,4.786020058203214744e-01
1.650461913689399000e+15,4.786020058203213079e-01
1.650461913691323750e+15,4.786020058203211969e-01
1.650461913693248500e+15,4.786020058203210858e-01
1.650461913695173250e+15,4.786020058203209748e-01
1.650461913697097750e+15,4.786020058203208638e-01
1.650461913699022500e+15,4.786020058203206973e-01
1.650461913700947250e+15,4.787251879887384209e-01
1.650461913702872000e+15,4.793672865091501145e-01
1.650461913704796750e+15,4.800093850295618081e-01
1.650461913706721500e+15,4.806514835499735572e-01
1.650461913708646000e+15,4.812934986701358220e-01
1.650461913710570750e+15,4.819355971905475711e-01
1.650461913712495500e+15,4.825776957109592091e-01
1.650461913714420250e+15,4.832197942313710137e-01
1.650461913716345000e+15,4.838618927517827073e-01
1.650461913718269750e+15,4.845039912721944564e-01
1.650461913720194250e+15,4.844247841600183291e-01
1.650461913722119000e+15,4.839320594703802048e-01
1.650461913724043750e+15,4.834393347807421915e-01
1.650461913725968500e+15,4.829466100911040671e-01
1.650461913727893250e+15,4.824538854014659983e-01
1.650461913729818000e+15,4.819611607118279850e-01
1.650461913731742750e+15,4.814684360221899162e-01
1.650461913733667250e+15,4.809757753310828221e-01
1.650461913735592000e+15,4.804830506414447533e-01
1.650461913737516750e+15,4.799903259518066845e-01
1.650461913739441500e+15,4.794976012621686712e-01
1.650461913741366250e+15,4.790048765725306024e-01
1.650461913743291000e+15,4.784120676400400729e-01
1.650461913745215500e+15,4.773706544550023745e-01
1.650461913747140250e+15,4.763291059863605237e-01
1.650461913749065000e+15,4.752875575177186729e-01
1.650461913750989750e+15,4.742460090490768221e-01
1.650461913752914500e+15,4.732044605804349713e-01
1.650461913754839250e+15,4.721629121117930650e-01
1.650461913756763750e+15,4.711214989267553666e-01
1.650461913758688500e+15,4.700799504581134602e-01
1.650461913760613250e+15,4.690384019894715539e-01
1.650461913762538000e+15,4.679968535208297031e-01
1.650461913764462750e+15,4.669553050521878523e-01
1.650461913766387500e+15,4.667490003639592766e-01
1.650461913768312000e+15,4.677965107077134421e-01
1.650461913770236750e+15,4.688441571271164676e-01
1.650461913772161500e+15,4.698918035465193821e-01
1.650461913774086250e+15,4.709394499659223521e-01
1.650461913776011000e+15,4.719870963853252666e-01
1.650461913777935750e+15,4.719380779152502203e-01
1.650461913779860250e+15,4.709654575293560907e-01
1.650461913781785000e+15,4.699927107963086659e-01
1.650461913783709750e+15,4.690199640632611300e-01
1.650461913785634500e+15,4.680472173302137051e-01
1.650461913787559250e+15,4.670744705971661692e-01
1.650461913789484000e+15,4.663301595172359426e-01
1.650461913791408500e+15,4.663301595172359981e-01
1.650461913793333250e+15,4.663301595172359426e-01
1.650461913795258000e+15,4.663301595172359981e-01
1.650461913797182750e+15,4.663301595172359981e-01
1.650461913799107500e+15,4.663301595172359426e-01
1.650461913801032250e+15,4.663301595172358316e-01
1.650461913802956750e+15,4.663301595172356651e-01
1.650461913804881500e+15,4.663301595172355540e-01
1.650461913806806250e+15,4.663301595172354430e-01
1.650461913808731000e+15,4.663301595172352765e-01
1.650461913810655750e+15,4.663301595172351655e-01
1.650461913812580500e+15,4.663301595172351099e-01
1.650461913814505000e+15,4.663301595172352210e-01
1.650461913816429750e+15,4.663301595172353320e-01
1.650461913818354500e+15,4.663301595172354430e-01
1.650461913820279250e+15,4.663301595172354430e-01
1.650461913822204000e+15,4.663301595172355540e-01
1.650461913824128750e+15,4.663301595172356095e-01
1.650461913826053250e+15,4.663301595172356651e-01
1.650461913827978000e+15,4.663301595172357761e-01
1.650461913829902750e+15,4.663301595172358871e-01
1.650461913831827500e+15,4.663301595172359981e-01
1.650461913833752250e+15,4.663301595172360536e-01
1.650461913835677000e+15,4.663301595172359981e-01
1.650461913837601500e+15,4.663301595172359981e-01
1.650461913839526250e+15,4.663301595172359981e-01
1.650461913841451000e+15,4.663301595172359981e-01
1.650461913843375750e+15,4.663301595172359981e-01
1.650461913845300500e+15,4.663301595172359981e-01
1.650461913847225250e+15,4.663301595172360536e-01
1.650461913849149750e+15,4.663301595172359981e-01
1.650461913851074500e+15,4.663301595172359981e-01
1.650461913852999250e+15,4.663301595172360536e-01
1.650461913854924000e+15,4.663301595172359981e-01
1.650461913856848750e+15,4.663301595172358871e-01
1.650461913858773500e+15,4.663301595172357761e-01
1.650461913860698000e+15,4.663301595172357206e-01
1.650461913862622750e+15,4.663301595172355540e-01
1.650461913864547500e+15,4.663301595172354430e-01
1.650461913866472250e+15,4.663301595172353320e-01
1.650461913868397000e+15,4.663301595172352210e-01
1.650461913870321750e+15,4.663301595172350544e-01
1.650461913872246250e+15,4.663301595172351099e-01
1.650461913874171000e+15,4.663301595172351099e-01
1.650461913876095750e+15,4.663301595172351099e-01
1.650461913878020500e+15,4.663301595172351099e-01
1.650461913879945250e+15,4.663301595172351099e-01
1.650461913881870000e+15,4.663301595172351099e-01
1.650461913883794500e+15,4.663301595172351099e-01
1.650461913885719250e+15,4.663301595172351099e-01
1.650461913887644000e+15,4.663301595172351099e-01
1.650461913889568750e+15,4.663301595172351099e-01
1.650461913891493500e+15,4.663301595172351099e-01
1.650461913893418250e+15,4.663301595172350544e-01
1.650461913895342750e+15,4.663301595172351099e-01
1.650461913897267500e+15,4.663301595172351655e-01
1.650461913899192250e+15,4.663301595172351655e-01
1.650461913901117000e+15,4.663301595172351099e-01
1.650461913903041750e+15,4.663301595172351655e-01
1.650461913904966500e+15,4.663301595172351099e-01
1.650461913906891000e+15,4.663301595172351099e-01
1.650461913908815750e+15,4.663301595172351099e-01
1.650461913910740500e+15,4.663301595172351655e-01
1.650461913912665250e+15,4.663301595172352210e-01
1.650461913914590000e+15,4.663301595172351099e-01
1.650461913916514750e+15,4.663301595172351099e-01
1.650461913918439250e+15,4.663301595172351655e-01
1.650461913920364000e+15,4.663301595172351655e-01
1.650461913922288750e+15,4.663301595172351099e-01
1.650461913924213500e+15,4.663301595172351099e-01
1.650461913926138250e+15,4.663301595172351099e-01
1.650461913928063000e+15,4.663301595172351099e-01
1.650461913929987500e+15,4.663301595172350544e-01
1.650461913931912250e+15,4.663301595172350544e-01
1.650461913933837000e+15,4.663301595172350544e-01
1.650461913935761750e+15,4.663301595172351099e-01
1.650461913937686500e+15,4.663301595172351099e-01
1.650461913939611250e+15,4.663301595172351099e-01
1.650461913941535750e+15,4.663301595172350544e-01
1.650461913943460500e+15,4.663301595172351099e-01
1.650461913945385250e+15,4.663301595172351099e-01
1.650461913947310000e+15,4.663301595172351099e-01
1.650461913949234750e+15,4.663301595172351655e-01
1.650461913951159500e+15,4.663301595172351099e-01
1.650461913953084000e+15,4.663301595172351099e-01
1.650461913955008750e+15,4.663301595172351099e-01
1.650461913956933500e+15,4.663301595172350544e-01
1.650461913958858250e+15,4.663301595172349989e-01
1.650461913960783000e+15,4.663301595172348879e-01
1.650461913962707750e+15,4.663301595172347769e-01
1.650461913964632250e+15,4.663301595172346659e-01
1.650461913966557000e+15,4.663301595172346659e-01
1.650461913968481750e+15,4.663301595172345548e-01
1.650461913970406500e+15,4.663301595172345548e-01
1.650461913972331250e+15,4.663301595172344438e-01
1.650461913974256000e+15,4.663301595172343328e-01
1.650461913976180500e+15,4.663301595172342773e-01
1.650461913978105250e+15,4.660704335453107472e-01
1.650461913980030000e+15,4.648024371865036586e-01
1.650461913981954750e+15,4.635344408276965145e-01
1.650461913983879500e+15,4.622664444688894259e-01
1.650461913985804250e+15,4.609984481100822817e-01
1.650461913987728750e+15,4.603742945725937119e-01
1.650461913989653500e+15,4.608667521693717850e-01
1.650461913991578250e+15,4.613592097661498581e-01
1.650461913993503000e+15,4.618516673629278202e-01
1.650461913995427750e+15,4.623441249597058933e-01
1.650461913997352500e+15,4.628365825564839664e-01
1.650461913999277000e+15,4.633289761894229253e-01
1.650461914001201750e+15,4.638214337862009984e-01
1.650461914003126500e+15,4.643138913829790715e-01
1.650461914005051250e+15,4.648063489797570891e-01
1.650461914006976000e+15,4.652988065765351067e-01
1.650461914008900750e+15,4.657912641733131798e-01
1.650461914010825250e+15,4.662836578062521942e-01
1.650461914012750000e+15,4.671811233979749067e-01
1.650461914014674750e+15,4.681208208904901191e-01
1.650461914016599500e+15,4.690605183830053315e-01
1.650461914018524250e+15,4.700002158755205439e-01
1.650461914020449000e+15,4.709399133680357008e-01
1.650461914022373500e+15,4.718794888060643400e-01
1.650461914024298250e+15,4.720269567614596706e-01
1.650461914026223000e+15,4.708583323714011781e-01
1.650461914028147750e+15,4.696897079813426856e-01
1.650461914030072500e+15,4.685210835912841931e-01
1.650461914031997250e+15,4.673524592012257006e-01
1.650461914033921750e+15,4.661104816975111254e-01
1.650461914035846500e+15,4.643541997306837033e-01
1.650461914037771250e+15,4.625979177638562811e-01
1.650461914039696000e+15,4.608416357970288590e-01
1.650461914041620750e+15,4.590853538302014369e-01
1.650461914043545500e+15,4.573290718633739593e-01
1.650461914045470000e+15,4.555730180147393726e-01
1.650461914047394750e+15,4.541411064282767085e-01
1.650461914049319500e+15,4.547430185676135661e-01
1.650461914051244250e+15,4.553449307069505347e-01
1.650461914053169000e+15,4.559468428462873923e-01
1.650461914055093750e+15,4.565487549856243610e-01
1.650461914057018250e+15,4.571505889444001935e-01
1.650461914058943000e+15,4.577525010837371067e-01
1.650461914060867750e+15,4.583544132230740198e-01
1.650461914062792500e+15,4.589563253624109329e-01
1.650461914064717250e+15,4.595582375017477905e-01
1.650461914066642000e+15,4.601601496410846481e-01
1.650461914068566500e+15,4.594063610929269847e-01
1.650461914070491250e+15,4.585710744329135613e-01
1.650461914072416000e+15,4.577357877729001934e-01
1.650461914074340750e+15,4.569005011128868254e-01
1.650461914076265500e+15,4.560652144528734020e-01
1.650461914078190250e+15,4.552299277928600341e-01
1.650461914080114750e+15,4.543947496257235708e-01
1.650461914082039500e+15,4.540583132141504663e-01
1.650461914083964250e+15,4.540583132141504663e-01
1.650461914085889000e+15,4.540583132141504663e-01
1.650461914087813750e+15,4.540583132141505218e-01
1.650461914089738500e+15,4.540583132141504663e-01
1.650461914091663250e+15,4.540583132141503553e-01
1.650461914093587750e+15,4.540583132141502443e-01
1.650461914095512500e+15,4.540583132141500777e-01
1.650461914097437250e+15,4.540583132141500222e-01
1.650461914099362000e+15,4.540583132141498002e-01
1.650461914101286750e+15,4.540583132141496892e-01
1.650461914103211500e+15,4.540583132141496336e-01
1.650461914105136000e+15,4.550963825817792574e-01
1.650461914107060750e+15,4.566859004937484090e-01
1.650461914108985500e+15,4.582754184057176161e-01
1.650461914110910250e+15,4.598649363176868232e-01
1.650461914112835000e+15,4.597879437887044118e-01
1.650461914114759750e+15,4.592754853106201240e-01
1.650461914116684250e+15,4.587630933942292710e-01
1.650461914118609000e+15,4.582506349161449277e-01
1.650461914120533750e+15,4.577381764380606954e-01
1.650461914122458500e+15,4.572257179599763521e-01
1.650461914124383250e+15,4.567132594818920088e-01
1.650461914126308000e+15,4.562008010038077765e-01
1.650461914128232500e+15,4.556884090874168680e-01
1.650461914130157250e+15,4.551759506093325247e-01
1.650461914132082000e+15,4.546634921312482924e-01
1.650461914134006750e+15,4.541510336531639491e-01
1.650461914135931500e+15,4.531938554082151072e-01
1.650461914137856250e+15,4.521384382423588866e-01
1.650461914139780750e+15,4.510831581614702657e-01
1.650461914141705500e+15,4.500277409956140451e-01
1.650461914143630250e+15,4.489723238297578800e-01
1.650461914145555000e+15,4.479223900626072563e-01
1.650461914147479750e+15,4.479223900626072563e-01
1.650461914149404500e+15,4.479223900626072563e-01
1.650461914151329000e+15,4.479223900626072563e-01
1.650461914153253750e+15,4.479223900626072563e-01
1.650461914155178500e+15,4.479223900626072563e-01
1.650461914157103250e+15,4.479223900626073118e-01
1.650461914159028000e+15,4.479223900626074784e-01
1.650461914160952750e+15,4.479223900626075894e-01
1.650461914162877250e+15,4.479223900626078114e-01
1.650461914164802000e+15,4.479223900626079224e-01
1.650461914166726750e+15,4.479223900626080890e-01
1.650461914168651500e+15,4.483045230594032704e-01
1.650461914170576250e+15,4.488565009097457703e-01
1.650461914172501000e+15,4.494084787600883812e-01
1.650461914174425500e+15,4.499603849156848523e-01
1.650461914176350250e+15,4.505123627660274077e-01
1.650461914178275000e+15,4.510643406163699076e-01
1.650461914180199750e+15,4.516163184667125186e-01
1.650461914182124500e+15,4.521682963170550185e-01
1.650461914184049250e+15,4.527202741673976849e-01
1.650461914185973750e+15,4.532721803229940449e-01
1.650461914187898500e+15,4.538241581733366559e-01
1.650461914189823250e+15,4.537628477858333675e-01
1.650461914191748000e+15,4.532496990530099357e-01
1.650461914193672750e+15,4.527365503201865593e-01
1.650461914195597500e+15,4.522234015873631274e-01
1.650461914197522000e+15,4.517103195058882470e-01
1.650461914199446750e+15,4.511971707730648706e-01
1.650461914201371500e+15,4.506840220402414943e-01
1.650461914203296250e+15,4.501708733074180624e-01
1.650461914205221000e+15,4.496577245745946305e-01
1.650461914207145750e+15,4.491445758417711431e-01
1.650461914209070250e+15,4.486314937602963182e-01
1.650461914210995000e+15,4.481183450274729418e-01
1.650461914212919750e+15,4.479223900626072563e-01
1.650461914214844500e+15,4.479223900626072563e-01
1.650461914216769250e+15,4.479223900626072563e-01
1.650461914218694000e+15,4.479223900626072563e-01
1.650461914220618500e+15,4.479223900626072563e-01
1.650461914222543250e+15,4.479223900626072563e-01
1.650461914224468000e+15,4.484222607462102772e-01
1.650461914226392750e+15,4.492314500635062324e-01
1.650461914228317500e+15,4.500406393808021877e-01
1.650461914230242250e+15,4.508498286980981984e-01
1.650461914232166750e+15,4.516589129122225987e-01
1.650461914234091500e+15,4.524681022295185540e-01
1.650461914236016250e+15,4.532772915468145092e-01
1.650461914237941000e+15,4.540384404993471623e-01
1.650461914239865750e+15,4.534675448602533687e-01
1.650461914241790500e+15,4.528966492211595196e-01
1.650461914243715000e+15,4.523258277339864963e-01
1.650461914245639750e+15,4.517549320948927027e-01
1.650461914247564500e+15,4.511840364557988536e-01
1.650461914249489250e+15,4.506131408167050045e-01
1.650461914251414000e+15,4.500422451776111554e-01
1.650461914253338750e+15,4.494713495385173063e-01
1.650461914255263250e+15,4.489005280513443941e-01
1.650461914257188000e+15,4.483296324122504894e-01
1.650461914259112750e+15,4.479223900626072563e-01
1.650461914261037500e+15,4.479223900626072563e-01
1.650461914262962250e+15,4.479223900626072563e-01
1.650461914264887000e+15,4.479223900626072008e-01
1.650461914266811500e+15,4.479223900626072563e-01
1.650461914268736250e+15,4.479223900626072008e-01
1.650461914270661000e+15,4.479223900626072563e-01
1.650461914272585750e+15,4.479223900626072563e-01
1.650461914274510500e+15,4.479223900626072563e-01
1.650461914276435250e+15,4.479223900626072008e-01
1.650461914278359750e+15,4.479223900626073118e-01
1.650461914280284500e+15,4.479223900626072563e-01
1.650461914282209250e+15,4.479223900626072563e-01
1.650461914284134000e+15,4.479223900626072563e-01
1.650461914286058750e+15,4.479223900626072563e-01
1.650461914287983500e+15,4.479223900626072563e-01
1.650461914289908000e+15,4.479223900626072008e-01
1.650461914291832750e+15,4.479223900626072563e-01
1.650461914293757500e+15,4.479223900626072563e-01
1.650461914295682250e+15,4.479223900626072563e-01
1.650461914297607000e+15,4.479223900626072008e-01
1.650461914299531750e+15,4.479223900626073118e-01
1.650461914301456250e+15,4.479223900626072563e-01
1.650461914303381000e+15,4.479223900626073118e-01
1.650461914305305750e+15,4.479223900626072563e-01
1.650461914307230500e+15,4.479223900626073118e-01
1.650461914309155250e+15,4.479223900626072563e-01
1.650461914311080000e+15,4.479223900626072008e-01
1.650461914313004500e+15,4.479223900626072563e-01
1.650461914314929250e+15,4.479223900626072563e-01
1.650461914316854000e+15,4.479223900626072563e-01
1.650461914318778750e+15,4.479223900626072563e-01
1.650461914320703500e+15,4.479223900626072563e-01
1.650461914322628250e+15,4.479223900626072563e-01
1.650461914324552750e+15,4.479223900626073118e-01
1.650461914326477500e+15,4.479223900626072563e-01
1.650461914328402250e+15,4.479223900626073673e-01
1.650461914330327000e+15,4.479223900626073118e-01
1.650461914332251750e+15,4.479223900626072008e-01
1.650461914334176500e+15,4.479223900626072563e-01
1.650461914336101000e+15,4.479223900626072563e-01
1.650461914338025750e+15,4.479223900626072563e-01
1.650461914339950500e+15,4.479223900626072563e-01
1.650461914341875250e+15,4.479223900626072563e-01
1.650461914343800000e+15,4.479223900626072563e-01
1.650461914345724750e+15,4.479223900626073118e-01
1.650461914347649250e+15,4.479223900626072563e-01
1.650461914349574000e+15,4.479223900626072008e-01
1.650461914351498750e+15,4.479223900626072008e-01
1.650461914353423500e+15,4.479223900626072563e-01
1.650461914355348250e+15,4.479223900626072008e-01
1.650461914357273000e+15,4.479223900626072563e-01
1.650461914359197500e+15,4.479223900626072008e-01
1.650461914361122250e+15,4.479223900626072563e-01
1.650461914363047000e+15,4.479223900626072563e-01
1.650461914364971750e+15,4.479223900626072563e-01
1.650461914366896500e+15,4.479223900626072563e-01
1.650461914368821250e+15,4.479223900626072563e-01
1.650461914370745750e+15,4.479223900626073118e-01
1.650461914372670500e+15,4.479223900626072563e-01
1.650461914374595250e+15,4.479223900626071453e-01
1.650461914376520000e+15,4.479223900626069788e-01
1.650461914378444750e+15,4.479223900626067012e-01
1.650461914380369500e+15,4.479223900626064792e-01
1.650461914382294000e+15,4.479223900626064236e-01
1.650461914384218750e+15,4.479223900626065347e-01
1.650461914386143500e+15,4.479223900626067012e-01
1.650461914388068250e+15,4.479223900626067567e-01
1.650461914389993000e+15,4.479223900626069232e-01
1.650461914391917750e+15,4.479223900626070343e-01
1.650461914393842250e+15,4.479223900626071453e-01
1.650461914395767000e+15,4.479223900626072563e-01
1.650461914397691750e+15,4.479223900626073118e-01
1.650461914399616500e+15,4.479223900626072563e-01
1.650461914401541250e+15,4.479223900626072563e-01
1.650461914403466000e+15,4.479223900626072563e-01
1.650461914405390500e+15,4.479223900626072563e-01
1.650461914407315250e+15,4.479223900626072563e-01
1.650461914409240000e+15,4.479223900626072563e-01
1.650461914411164750e+15,4.479223900626072563e-01
1.650461914413089500e+15,4.479223900626072563e-01
1.650461914415014250e+15,4.479223900626072563e-01
1.650461914416938750e+15,4.479223900626072563e-01
1.650461914418863500e+15,4.479223900626072563e-01
1.650461914420788250e+15,4.479223900626072563e-01
1.650461914422713000e+15,4.479223900626072563e-01
1.650461914424637750e+15,4.479223900626072563e-01
1.650461914426562500e+15,4.479223900626073118e-01
1.650461914428487000e+15,4.474076053975190592e-01
1.650461914430411750e+15,4.465299864567499055e-01
1.650461914432336500e+15,4.456523675159806408e-01
1.650461914434261250e+15,4.447747485752114871e-01
1.650461914436186000e+15,4.438971296344422779e-01
1.650461914438110750e+15,4.430195106936731242e-01
1.650461914440035500e+15,4.421418917529038595e-01
1.650461914441960000e+15,4.433274009676191896e-01
1.650461914443884750e+15,4.459177178456564805e-01
1.650461914445809500e+15,4.485080347236938270e-01
1.650461914447734250e+15,4.510983516017312289e-01
1.650461914449659000e+15,4.536886684797685199e-01
1.650461914451583750e+15,4.562789853578059218e-01
1.650461914453508250e+15,4.588689657873593064e-01
1.650461914455433000e+15,4.601942363656928991e-01
1.650461914457357750e+15,4.601942363656931212e-01
1.650461914459282500e+15,4.601942363656933432e-01
1.650461914461207250e+15,4.601942363656935098e-01
1.650461914463132000e+15,4.601942363656936763e-01
1.650461914465056500e+15,4.601942363656936763e-01
1.650461914466981250e+15,4.601942363656936763e-01
1.650461914468906000e+15,4.601942363656936763e-01
1.650461914470830750e+15,4.601942363656936763e-01
1.650461914472755500e+15,4.601942363656936763e-01
1.650461914474680250e+15,4.601942363656936763e-01
1.650461914476604750e+15,4.601942363656936763e-01
1.650461914478529500e+15,4.601942363656936763e-01
1.650461914480454250e+15,4.601942363656936763e-01
1.650461914482379000e+15,4.601942363656936763e-01
1.650461914484303750e+15,4.601942363656936208e-01
1.650461914486228500e+15,4.601942363656936208e-01
1.650461914488153000e+15,4.603026525858175955e-01
1.650461914490077750e+15,4.609005726995239471e-01
1.650461914492002500e+15,4.614984928132302988e-01
1.650461914493927250e+15,4.620964129269366505e-01
1.650461914495852000e+15,4.626943330406430022e-01
1.650461914497776750e+15,4.632922531543492983e-01
1.650461914499701250e+15,4.638900956060068581e-01
1.650461914501626000e+15,4.644880157197132098e-01
1.650461914503550750e+15,4.650859358334195059e-01
1.650461914505475500e+15,4.656838559471259131e-01
1.650461914507400250e+15,4.662817760608322648e-01
1.650461914509325000e+15,4.663301595172343883e-01
1.650461914511249500e+15,4.663301595172346659e-01
1.650461914513174250e+15,4.663301595172348324e-01
1.650461914515099000e+15,4.663301595172351099e-01
1.650461914517023750e+15,4.663301595172353320e-01
1.650461914518948500e+15,4.663301595172354985e-01
1.650461914520873250e+15,4.663301595172357761e-01
1.650461914522797750e+15,4.663301595172359981e-01
1.650461914524722500e+15,4.663301595172361091e-01
1.650461914526647250e+15,4.663301595172363867e-01
1.650461914528572000e+15,4.663301595172365532e-01
1.650461914530496750e+15,4.663301595172367753e-01
1.650461914532421500e+15,4.666981411544600111e-01
1.650461914534346000e+15,4.674942970407287568e-01
1.650461914536270750e+15,4.682905563507291924e-01
1.650461914538195500e+15,4.690868156607295725e-01
1.650461914540120250e+15,4.698830749707300081e-01
1.650461914542045000e+15,4.706793342807303882e-01
1.650461914543969750e+15,4.714755935907307682e-01
1.650461914545894250e+15,4.722717494769995139e-01
1.650461914547819000e+15,4.715789832862753439e-01
1.650461914549743750e+15,4.704054818866399978e-01
1.650461914551668500e+15,4.692319804870047628e-01
1.650461914553593250e+15,4.680584790873695278e-01
1.650461914555518000e+15,4.668849776877342372e-01
1.650461914557442500e+15,4.663301595172351099e-01
1.650461914559367250e+15,4.663301595172351655e-01
1.650461914561292000e+15,4.663301595172351099e-01
1.650461914563216750e+15,4.663301595172351099e-01
1.650461914565141500e+15,4.663301595172351655e-01
1.650461914567066250e+15,4.663301595172351099e-01
1.650461914568990750e+15,4.663301595172351655e-01
1.650461914570915500e+15,4.663301595172351099e-01
1.650461914572840250e+15,4.663301595172351099e-01
1.650461914574765000e+15,4.663301595172351655e-01
1.650461914576689750e+15,4.663301595172351099e-01
1.650461914578614500e+15,4.663301595172351099e-01
1.650461914580539000e+15,4.663301595172351099e-01
1.650461914582463750e+15,4.663301595172351099e-01
1.650461914584388500e+15,4.663301595172351099e-01
1.650461914586313250e+15,4.663301595172351099e-01
1.650461914588238000e+15,4.663301595172351099e-01
1.650461914590162750e+15,4.663301595172351655e-01
1.650461914592087250e+15,4.663301595172351655e-01
1.650461914594012000e+15,4.663301595172353875e-01
1.650461914595936750e+15,4.663301595172355540e-01
1.650461914597861500e+15,4.663301595172357761e-01
1.650461914599786250e+15,4.663301595172359981e-01
1.650461914601711000e+15,4.663301595172361091e-01
1.650461914603635500e+15,4.663301595172363312e-01
1.650461914605560250e+15,4.663301595172364977e-01
1.650461914607485000e+15,4.663301595172367198e-01
1.650461914609409750e+15,4.665317545949128619e-01
1.650461914611334500e+15,4.672768724552237019e-01
1.650461914613259250e+15,4.680219903155344863e-01
1.650461914615183750e+15,4.687670113947229877e-01
1.650461914617108500e+15,4.695121292550337166e-01
1.650461914619033250e+15,4.702572471153445566e-01
1.650461914620958000e+15,4.710023649756553410e-01
1.650461914622882750e+15,4.717474828359661254e-01
1.650461914624807500e+15,4.724462510779546265e-01
1.650461914626732000e+15,4.718890847051538384e-01
1.650461914628656750e+15,4.713318459542843453e-01
1.650461914630581500e+15,4.707746072034148521e-01
1.650461914632506250e+15,4.702173684525454145e-01
1.650461914634431000e+15,4.696601297016759213e-01
1.650461914636355750e+15,4.691028909508064837e-01
1.650461914638280250e+15,4.685457245780056956e-01
1.650461914640205000e+15,4.679884858271361470e-01
1.650461914642129750e+15,4.674312470762667093e-01
1.650461914644054500e+15,4.668740083253972717e-01
1.650461914645979250e+15,4.663301595172359426e-01
1.650461914647904000e+15,4.663301595172358316e-01
1.650461914649828500e+15,4.663301595172356651e-01
1.650461914651753250e+15,4.663301595172355540e-01
1.650461914653678000e+15,4.663301595172354430e-01
1.650461914655602750e+15,4.663301595172352765e-01
1.650461914657527500e+15,4.663301595172351099e-01
1.650461914659452250e+15,4.682812356228955308e-01
1.650461914661376750e+15,4.709685471028335901e-01
1.650461914663301500e+15,4.736562076749358807e-01
1.650461914665226250e+15,4.763438682470381158e-01
1.650461914667151000e+15,4.790315288191404619e-01
1.650461914669075750e+15,4.817191893912426970e-01
1.650461914671000500e+15,4.844068499633449321e-01
1.650461914672925000e+15,4.870941614432830469e-01
1.650461914674849750e+15,4.897818220153852820e-01
1.650461914676774500e+15,4.924694825874875725e-01
1.650461914678699250e+15,4.951571431595898076e-01
1.650461914680624000e+15,4.967066039914136977e-01
1.650461914682548750e+15,4.957308031084977085e-01
1.650461914684473250e+15,4.947551289694294696e-01
1.650461914686398000e+15,4.937793280865135914e-01
1.650461914688322750e+15,4.928035272035977687e-01
1.650461914690247500e+15,4.918277263206818350e-01
1.650461914692172250e+15,4.908738521234061736e-01
1.650461914694097000e+15,4.908738521234062291e-01
1.650461914696021500e+15,4.908738521234061736e-01
1.650461914697946250e+15,4.908738521234061736e-01
1.650461914699871000e+15,4.908738521234061736e-01
1.650461914701795750e+15,4.908738521234061736e-01
1.650461914703720500e+15,4.908738521234061736e-01
1.650461914705645250e+15,4.908738521234061736e-01
1.650461914707569750e+15,4.908738521234062291e-01
1.650461914709494500e+15,4.908738521234061736e-01
1.650461914711419250e+15,4.908738521234061736e-01
1.650461914713344000e+15,4.908738521234061736e-01
1.650461914715268750e+15,4.905663069974858237e-01
1.650461914717193500e+15,4.893649929820313438e-01
1.650461914719118000e+15,4.881638350016483940e-01
1.650461914721042750e+15,4.869625209861939141e-01
1.650461914722967500e+15,4.857612069707394897e-01
1.650461914724892250e+15,4.850271345367964115e-01
1.650461914726817000e+15,4.869785750665274193e-01
1.650461914728741750e+15,4.889300155962584826e-01
1.650461914730666250e+15,4.908812026592366262e-01
1.650461914732591000e+15,4.928326431889676340e-01
1.650461914734515750e+15,4.947840837186985863e-01
1.650461914736440500e+15,4.967355242484295386e-01
1.650461914738365250e+15,4.962154138041831586e-01
1.650461914740290000e+15,4.952911597670935917e-01
1.650461914742214500e+15,4.943670257785864885e-01
1.650461914744139250e+15,4.934427717414969217e-01
1.650461914746064000e+15,4.925185177044072438e-01
1.650461914747988750e+15,4.915942636673177324e-01
1.650461914749913500e+15,4.910905492430258645e-01
1.650461914751838250e+15,4.920730881852826699e-01
1.650461914753762750e+15,4.930554995085054126e-01
1.650461914755687500e+15,4.940380384507621625e-01
1.650461914757612250e+15,4.950205773930188569e-01
1.650461914759537000e+15,4.960031163352756067e-01
1.650461914761461750e+15,4.969856552775323011e-01
1.650461914763386500e+15,4.970097752749463305e-01
1.650461914765311000e+15,4.970097752749468856e-01
1.650461914767235750e+15,4.970097752749473852e-01
1.650461914769160500e+15,4.970097752749478848e-01
1.650461914771085250e+15,4.970097752749484954e-01
1.650461914773010000e+15,4.975422496005543205e-01
1.650461914774934750e+15,4.981069217538380278e-01
1.650461914776859250e+15,4.986715205635506853e-01
1.650461914778784000e+15,4.992361927168343372e-01
1.650461914780708750e+15,4.998008648701179335e-01
1.650461914782633500e+15,5.003655370234016964e-01
1.650461914784558250e+15,5.009302091766852927e-01
1.650461914786483000e+15,5.014948813299688890e-01
1.650461914788407500e+15,5.020594801396816020e-01
1.650461914790332250e+15,5.026241522929651984e-01
1.650461914792257000e+15,5.031456984264890409e-01
1.650461914794181750e+15,5.031456984264890409e-01
1.650461914796106500e+15,5.031456984264890409e-01
1.650461914798031250e+15,5.031456984264890409e-01
1.650461914799956000e+15,5.031456984264890409e-01
1.650461914801880500e+15,5.031456984264890409e-01
1.650461914803805250e+15,5.031456984264891519e-01
1.650461914805730000e+15,5.028478788377757080e-01
1.650461914807654750e+15,5.023725651948436344e-01
1.650461914809579500e+15,5.018972515519115607e-01
1.650461914811504250e+15,5.014219379089794870e-01
1.650461914813428750e+15,5.009466860031098756e-01
1.650461914815353500e+15,5.004713723601776909e-01
1.650461914817278250e+15,4.999960587172456727e-01
1.650461914819203000e+15,4.995207450743136546e-01
1.650461914821127750e+15,4.990454314313816364e-01
1.650461914823052500e+15,4.985701177884495072e-01
1.650461914824977000e+15,4.980948658825797848e-01
1.650461914826901750e+15,4.976195522396477666e-01
1.650461914828826500e+15,4.971442385967156929e-01
1.650461914830751250e+15,4.970097752749458309e-01
1.650461914832676000e+15,4.970097752749458309e-01
1.650461914834600750e+15,4.970097752749458309e-01
1.650461914836525250e+15,4.970097752749458309e-01
1.650461914838450000e+15,4.970097752749458309e-01
1.650461914840374750e+15,4.970097752749458309e-01
1.650461914842299500e+15,4.970097752749458309e-01
1.650461914844224250e+15,4.970097752749458309e-01
1.650461914846149000e+15,4.970097752749458309e-01
1.650461914848073500e+15,4.970097752749458309e-01
1.650461914849998250e+15,4.970097752749458309e-01
1.650461914851923000e+15,4.973784221932629479e-01
1.650461914853847750e+15,4.979415596186841930e-01
1.650461914855772500e+15,4.985046970441053826e-01
1.650461914857697250e+15,4.990678344695266277e-01
1.650461914859621750e+15,4.996308987507180888e-01
1.650461914861546500e+15,5.001940361761394449e-01
1.650461914863471250e+15,5.007571736015605790e-01
1.650461914865396000e+15,5.013203110269818241e-01
1.650461914867320750e+15,5.018834484524030692e-01
1.650461914869245500e+15,5.024465858778244254e-01
1.650461914871170000e+15,5.030096501590157754e-01
1.650461914873094750e+15,5.025815899858510072e-01
1.650461914875019500e+15,5.018377861008571639e-01
1.650461914876944250e+15,5.010939822158633206e-01
1.650461914878869000e+15,5.003501783308693662e-01
1.650461914880793750e+15,4.996063744458755229e-01
1.650461914882718250e+15,4.988626671713355942e-01
1.650461914884643000e+15,4.981188632863416954e-01
1.650461914886567750e+15,4.973750594013478521e-01
1.650461914888492500e+15,4.975044774501822253e-01
1.650461914890417250e+15,4.984765836388341809e-01
1.650461914892342000e+15,4.994486898274861364e-01
1.650461914894266500e+15,5.004206697521832448e-01
1.650461914896191250e+15,5.013927759408352003e-01
1.650461914898116000e+15,5.023648821294872668e-01
1.650461914900040750e+15,5.029152019331950552e-01
1.650461914901965500e+15,5.017438537471369253e-01
1.650461914903890250e+15,5.005725055610789065e-01
1.650461914905814750e+15,4.994013095179207218e-01
1.650461914907739500e+15,4.982299613318627030e-01
1.650461914909664250e+15,4.970586131458046286e-01
1.650461914911589000e+15,4.958872649597466653e-01
1.650461914913513750e+15,4.947159167736885355e-01
1.650461914915438500e+15,4.935445685876305166e-01
1.650461914917363000e+15,4.923733725444722764e-01
1.650461914919287750e+15,4.912020243584142576e-01
1.650461914921212500e+15,4.916054003143070505e-01
1.650461914923137250e+15,4.926216741363471097e-01
1.650461914925062000e+15,4.936379479583872243e-01
1.650461914926986750e+15,4.946542217804272279e-01
1.650461914928911250e+15,4.956703636017111281e-01
1.650461914930836000e+15,4.966866374237512427e-01
1.650461914932760750e+15,4.970097752749467190e-01
1.650461914934685500e+15,4.970097752749467190e-01
1.650461914936610250e+15,4.970097752749467190e-01
1.650461914938535000e+15,4.970097752749467190e-01
1.650461914940459500e+15,4.970097752749467745e-01
1.650461914942384250e+15,4.970097752749467190e-01
1.650461914944309000e+15,4.970097752749467190e-01
1.650461914946233750e+15,4.970097752749467745e-01
1.650461914948158500e+15,4.970097752749467745e-01
1.650461914950083250e+15,4.970097752749467190e-01
1.650461914952007750e+15,4.970097752749469411e-01
1.650461914953932500e+15,4.970097752749471076e-01
1.650461914955857250e+15,4.970097752749473297e-01
1.650461914957782000e+15,4.970097752749476072e-01
1.650461914959706750e+15,4.970097752749477737e-01
1.650461914961631500e+15,4.970097752749479403e-01
1.650461914963556000e+15,4.970097752749481623e-01
1.650461914965480750e+15,4.970097752749483844e-01
1.650461914967405500e+15,4.962336027336067823e-01
1.650461914969330250e+15,4.947908812474191009e-01
1.650461914971255000e+15,4.933481597612313641e-01
1.650461914973179750e+15,4.919054382750435717e-01
1.650461914975104250e+15,4.908738521234053409e-01
1.650461914977029000e+15,4.908738521234053409e-01
1.650461914978953750e+15,4.908738521234053409e-01
1.650461914980878500e+15,4.908738521234052854e-01
1.650461914982803250e+15,4.908738521234052854e-01
1.650461914984728000e+15,4.908738521234053409e-01
1.650461914986652500e+15,4.908738521234053409e-01
1.650461914988577250e+15,4.914196816057411765e-01
1.650461914990502000e+15,4.924668635605141120e-01
1.650461914992426750e+15,4.935140455152870476e-01
1.650461914994351500e+15,4.945612274700599831e-01
1.650461914996276250e+15,4.956084094248330296e-01
1.650461914998200750e+15,4.966554553642851255e-01
1.650461915000125500e+15,4.976663670011454155e-01
1.650461915002050250e+15,4.986587305072316401e-01
1.650461915003975000e+15,4.996510940133179757e-01
1.650461915005899750e+15,5.006434575194042003e-01
1.650461915007824500e+15,5.016358210254905359e-01
1.650461915009749000e+15,5.026280556364597363e-01
1.650461915011673750e+15,5.028345771509911133e-01
1.650461915013598500e+15,5.021842044385107506e-01
1.650461915015523250e+15,5.015338317260303880e-01
1.650461915017448000e+15,5.008834590135500253e-01
1.650461915019372750e+15,5.002330863010696627e-01
1.650461915021297250e+15,4.995827980635486609e-01
1.650461915023222000e+15,4.989324253510682983e-01
1.650461915025146750e+15,4.982820526385879356e-01
1.650461915027071500e+15,4.976316799261075174e-01
1.650461915028996250e+15,4.970097752749476627e-01
1.650461915030921000e+15,4.970097752749475517e-01
1.650461915032845500e+15,4.970097752749473852e-01
1.650461915034770250e+15,4.970097752749472741e-01
1.650461915036695000e+15,4.970097752749471631e-01
1.650461915038619750e+15,4.970097752749470521e-01
1.650461915040544500e+15,4.970097752749469411e-01
1.650461915042469250e+15,4.970097752749468301e-01
1.650461915044393750e+15,4.967767685172722048e-01
1.650461915046318500e+15,4.961721446455715778e-01
1.650461915048243250e+15,4.955675207738709509e-01
1.650461915050168000e+15,4.949628969021702130e-01
1.650461915052092750e+15,4.943582730304695305e-01
1.650461915054017500e+15,4.937536491587688481e-01
1.650461915055942000e+15,4.931491038198480004e-01
1.650461915057866750e+15,4.925444799481473179e-01
1.650461915059791500e+15,4.919398560764466355e-01
1.650461915061716250e+15,4.913352322047459531e-01
1.650461915063641000e+15,4.912490674857632467e-01
1.650461915065565750e+15,4.928328301364178765e-01
1.650461915067490250e+15,4.944163870768956692e-01
1.650461915069415000e+15,4.960001497275502436e-01
1.650461915071339750e+15,4.975839123782048179e-01
1.650461915073264500e+15,4.991676750288593922e-01
1.650461915075189250e+15,5.007514376795139110e-01
1.650461915077114000e+15,5.023352003301684299e-01
1.650461915079038500e+15,5.026158059914431764e-01
1.650461915080963250e+15,5.015302174184188555e-01
1.650461915082888000e+15,5.004446288453946456e-01
1.650461915084812750e+15,4.993590402723703803e-01
1.650461915086737500e+15,4.982734516993461149e-01
1.650461915088662250e+15,4.971878631263217940e-01
1.650461915090586750e+15,4.970097752749476627e-01
1.650461915092511500e+15,4.970097752749477182e-01
1.650461915094436250e+15,4.970097752749478293e-01
1.650461915096361000e+15,4.970097752749479403e-01
1.650461915098285750e+15,4.970097752749479958e-01
1.650461915100210500e+15,4.970097752749480513e-01
1.650461915102135000e+15,4.970097752749481623e-01
1.650461915104059750e+15,4.970097752749482733e-01
1.650461915105984500e+15,4.970097752749483289e-01
1.650461915107909250e+15,4.970097752749484399e-01
1.650461915109834000e+15,4.974125973195524519e-01
1.650461915111758750e+15,4.983733553497277646e-01
1.650461915113683250e+15,4.993339885899264474e-01
1.650461915115608000e+15,5.002947466201017601e-01
1.650461915117532750e+15,5.012555046502771283e-01
1.650461915119457500e+15,5.022162626804524965e-01
1.650461915121382250e+15,5.031770207106277537e-01
1.650461915123307000e+15,5.041377787408031219e-01
1.650461915125231500e+15,5.050984119810018047e-01
1.650461915127156250e+15,5.060591700111771729e-01
1.650461915129081000e+15,5.070199280413524301e-01
1.650461915131005750e+15,5.079806860715277983e-01
1.650461915132930500e+15,5.089414441017030555e-01
1.650461915134855250e+15,5.092816215780324729e-01
1.650461915136779750e+15,5.092816215780328060e-01
1.650461915138704500e+15,5.092816215780331390e-01
1.650461915140629250e+15,5.092816215780334721e-01
1.650461915142554000e+15,5.092816215780339162e-01
1.650461915144478750e+15,5.088124438336226740e-01
1.650461915146403500e+15,5.079118705466061368e-01
1.650461915148328250e+15,5.070112972595895995e-01
1.650461915150252750e+15,5.061108409453342061e-01
1.650461915152177500e+15,5.052102676583176688e-01
1.650461915154102250e+15,5.043096943713011315e-01
1.650461915156027000e+15,5.034091210842845943e-01
1.650461915157951750e+15,5.034777043609125480e-01
1.650461915159876500e+15,5.039469743607509766e-01
1.650461915161801000e+15,5.044161834085177931e-01
1.650461915163725750e+15,5.048854534083563328e-01
1.650461915165650500e+15,5.053547234081947614e-01
1.650461915167575250e+15,5.058239934080333011e-01
1.650461915169500000e+15,5.062932634078717298e-01
1.650461915171424750e+15,5.067625334077101584e-01
1.650461915173349250e+15,5.072317424554769749e-01
1.650461915175274000e+15,5.077010124553154036e-01
1.650461915177198750e+15,5.081702824551538322e-01
1.650461915179123500e+15,5.086395524549922609e-01
1.650461915181048250e+15,5.091088224548306895e-01
1.650461915182973000e+15,5.085863846648511766e-01
1.650461915184897500e+15,5.074860693363806297e-01
1.650461915186822250e+15,5.063856110726894233e-01
1.650461915188747000e+15,5.052851528089981059e-01
1.650461915190671750e+15,5.041846945453068995e-01
1.650461915192596500e+15,5.030923964677997962e-01
1.650461915194521250e+15,5.021380434911587587e-01
1.650461915196445750e+15,5.011838144725611066e-01
1.650461915198370500e+15,5.002294614959201802e-01
1.650461915200295250e+15,4.992751085192790317e-01
1.650461915202220000e+15,4.983207555426381052e-01
1.650461915204144750e+15,4.973664025659970123e-01
1.650461915206069500e+15,4.973504087245984029e-01
1.650461915207994000e+15,4.978942072097536364e-01
1.650461915209918750e+15,4.984380763364372746e-01
1.650461915211843500e+15,4.989819454631209128e-01
1.650461915213768250e+15,4.995258145898045510e-01
1.650461915215693000e+15,5.000696837164880781e-01
1.650461915217617750e+15,5.006135528431717718e-01
1.650461915219542250e+15,5.011573513283269499e-01
1.650461915221467000e+15,5.017012204550106436e-01
1.650461915223391750e+15,5.022450895816942262e-01
1.650461915225316500e+15,5.027889587083778089e-01
1.650461915227241250e+15,5.031456984264909282e-01
1.650461915229166000e+15,5.031456984264908172e-01
1.650461915231090500e+15,5.031456984264908172e-01
1.650461915233015250e+15,5.031456984264908172e-01
1.650461915234940000e+15,5.031456984264908172e-01
1.650461915236864750e+15,5.037780198607839655e-01
1.650461915238789500e+15,5.047180165247387995e-01
1.650461915240714250e+15,5.056580131886937446e-01
1.650461915242638750e+15,5.065978877593034779e-01
1.650461915244563500e+15,5.075378844232584230e-01
1.650461915246488250e+15,5.084778810872133681e-01
1.650461915248413000e+15,5.092816215780323619e-01
1.650461915250337750e+15,5.092816215780324729e-01
1.650461915252262500e+15,5.092816215780324729e-01
1.650461915254187000e+15,5.092816215780326949e-01
1.650461915256111750e+15,5.092816215780328060e-01
1.650461915258036500e+15,5.092816215780329170e-01
1.650461915259961250e+15,5.092816215780330280e-01
1.650461915261886000e+15,5.092816215780331390e-01
1.650461915263810750e+15,5.083518147194234782e-01
1.650461915265735250e+15,5.073558980368607640e-01
1.650461915267660000e+15,5.063598519808658605e-01
1.650461915269584750e+15,5.053638059248707348e-01
1.650461915271509500e+15,5.043677598688757202e-01
1.650461915273434250e+15,5.033717138128808166e-01
1.650461915275359000e+15,5.031456984264898180e-01
1.650461915277283500e+15,5.031456984264897070e-01
1.650461915279208250e+15,5.031456984264894849e-01
1.650461915281133000e+15,5.031456984264893739e-01
1.650461915283057750e+15,5.031456984264892629e-01
1.650461915284982500e+15,5.031456984264891519e-01
1.650461915286907250e+15,5.025659340050085966e-01
1.650461915288831750e+15,5.019759767655430638e-01
1.650461915290756500e+15,5.013859428883483682e-01
1.650461915292681250e+15,5.007959090111536726e-01
1.650461915294606000e+15,5.002058751339588660e-01
1.650461915296530750e+15,4.996158412567641705e-01
1.650461915298455500e+15,4.990258073795694749e-01
1.650461915300380000e+15,4.984358501401040531e-01
1.650461915302304750e+15,4.978458162629093020e-01
1.650461915304229500e+15,4.972557823857146064e-01
1.650461915306154250e+15,4.980401568037248761e-01
1.650461915308079000e+15,4.998073449057647277e-01
1.650461915310003750e+15,5.015745330078045239e-01
1.650461915311928250e+15,5.033414915750862306e-01
1.650461915313853000e+15,5.051086796771260268e-01
1.650461915315777750e+15,5.068758677791659339e-01
1.650461915317702500e+15,5.086430558812056191e-01
1.650461915319627250e+15,5.096728141268652701e-01
1.650461915321552000e+15,5.102853403488418760e-01
1.650461915323476500e+15,5.108977870116259146e-01
1.650461915325401250e+15,5.115103132336025205e-01
1.650461915327326000e+15,5.121228394555790153e-01
1.650461915329250750e+15,5.127353656775555102e-01
1.650461915331175500e+15,5.133478918995321161e-01
1.650461915333100250e+15,5.139604181215086109e-01
1.650461915335024750e+15,5.145728647842927606e-01
1.650461915336949500e+15,5.151853910062693664e-01
1.650461915338874250e+15,5.154175447295745727e-01
1.650461915340799000e+15,5.154175447295745727e-01
1.650461915342723750e+15,5.154175447295745727e-01
1.650461915344648500e+15,5.154175447295745727e-01
1.650461915346573000e+15,5.154175447295745727e-01
1.650461915348497750e+15,5.154175447295745727e-01
1.650461915350422500e+15,5.148775939009295755e-01
1.650461915352347250e+15,5.138758875323181652e-01
1.650461915354272000e+15,5.128741811637066439e-01
1.650461915356196750e+15,5.118724747950951226e-01
1.650461915358121250e+15,5.108708985351171350e-01
1.650461915360046000e+15,5.098691921665056137e-01
1.650461915361970750e+15,5.088288525824988806e-01
1.650461915363895500e+15,5.077337006828388510e-01
1.650461915365820250e+15,5.066385487831787104e-01
1.650461915367745000e+15,5.055433968835185699e-01
1.650461915369669500e+15,5.044483872298514138e-01
1.650461915371594250e+15,5.033532353301913842e-01
1.650461915373519000e+15,5.021996576954744773e-01
1.650461915375443750e+15,5.010324192999485726e-01
1.650461915377368500e+15,4.998651809044226679e-01
1.650461915379293250e+15,4.986979425088967632e-01
1.650461915381217750e+15,4.975308557224623618e-01
1.650461915383142500e+15,4.979513502901363742e-01
1.650461915385067250e+15,4.996522386153228745e-01
1.650461915386992000e+15,5.013531269405093749e-01
1.650461915388916750e+15,5.030540152656959307e-01
1.650461915390841500e+15,5.047549035908825976e-01
1.650461915392766000e+15,5.064555709927900384e-01
1.650461915394690750e+15,5.081564593179765943e-01
1.650461915396615500e+15,5.099317360573354385e-01
1.650461915398540250e+15,5.118523927634551773e-01
1.650461915400465000e+15,5.137730494695749162e-01
1.650461915402389750e+15,5.156937061756946550e-01
1.650461915404314250e+15,5.176141134134799593e-01
1.650461915406239000e+15,5.195347701195998091e-01
1.650461915408163750e+15,5.214554268257195480e-01
1.650461915410088500e+15,5.199100134423215724e-01
1.650461915412013250e+15,5.181781552813189418e-01
1.650461915413938000e+15,5.164462971203163111e-01
1.650461915415862500e+15,5.147146639051717321e-01
1.650461915417787250e+15,5.129828057441692124e-01
1.650461915419712000e+15,5.112509475831664707e-01
1.650461915421636750e+15,5.095190894221639510e-01
1.650461915423561500e+15,5.077872312611613204e-01
1.650461915425486250e+15,5.060553731001586897e-01
1.650461915427410750e+15,5.043237398850141107e-01
1.650461915429335500e+15,5.044901842576671180e-01
1.650461915431260250e+15,5.086945694787176064e-01
1.650461915433185000e+15,5.128989546997679838e-01
1.650461915435109750e+15,5.171033399208183612e-01
1.650461915437034500e+15,5.213077251418688496e-01
1.650461915438959000e+15,5.255115642679430987e-01
1.650461915440883750e+15,5.272307170576497892e-01
1.650461915442808500e+15,5.262791323274966793e-01
1.650461915444733250e+15,5.253275475973436803e-01
1.650461915446658000e+15,5.243759628671905704e-01
1.650461915448582750e+15,5.234243781370375714e-01
1.650461915450507250e+15,5.224729170053687977e-01
1.650461915452432000e+15,5.215840042110198027e-01
1.650461915454356750e+15,5.224882319183876689e-01
1.650461915456281500e+15,5.233924596257554240e-01
1.650461915458206250e+15,5.242966873331231792e-01
1.650461915460131000e+15,5.252009150404910454e-01
1.650461915462055500e+15,5.261050253004362354e-01
1.650461915463980250e+15,5.270092530078039905e-01
1.650461915465905000e+15,5.275250359482438478e-01
1.650461915467829750e+15,5.268618442318281359e-01
1.650461915469754500e+15,5.261986525154123129e-01
1.650461915471679250e+15,5.255354607989966009e-01
1.650461915473603750e+15,5.248723552225622591e-01
1.650461915475528500e+15,5.242091635061465471e-01
1.650461915477453250e+15,5.235459717897309462e-01
1.650461915479378000e+15,5.228827800733151232e-01
1.650461915481302750e+15,5.222195883568994113e-01
1.650461915483227500e+15,5.215563966404836993e-01
1.650461915485152000e+15,5.215534678811178937e-01
1.650461915487076750e+15,5.215534678811180047e-01
1.650461915489001500e+15,5.215534678811180047e-01
1.650461915490926250e+15,5.215534678811182268e-01
1.650461915492851000e+15,5.215534678811183378e-01
1.650461915494775750e+15,5.215534678811184488e-01
1.650461915496700250e+15,5.215534678811185598e-01
1.650461915498625000e+15,5.215534678811185598e-01
1.650461915500549750e+15,5.225655447393189323e-01
1.650461915502474500e+15,5.237809525900884999e-01
1.650461915504399250e+15,5.249963604408579565e-01
1.650461915506324000e+15,5.262117682916275241e-01
1.650461915508248750e+15,5.274271761423970917e-01
1.650461915510173250e+15,5.276893910326593273e-01
1.650461915512098000e+15,5.276893910326594384e-01
1.650461915514022750e+15,5.276893910326596604e-01
1.650461915515947500e+15,5.276893910326598824e-01
1.650461915517872250e+15,5.276893910326599935e-01
1.650461915519797000e+15,5.276893910326602155e-01
1.650461915521721500e+15,5.276893910326603265e-01
1.650461915523646250e+15,5.276893910326605486e-01
1.650461915525571000e+15,5.276893910326606596e-01
1.650461915527495750e+15,5.276893910326608816e-01
1.650461915529420500e+15,5.276893910326607706e-01
1.650461915531345250e+15,5.276893910326605486e-01
1.650461915533269750e+15,5.276893910326602155e-01
1.650461915535194500e+15,5.276893910326598824e-01
1.650461915537119250e+15,5.276893910326596604e-01
1.650461915539044000e+15,5.276893910326594384e-01
1.650461915540968750e+15,5.276893910326592163e-01
1.650461915542893500e+15,5.276893910326592163e-01
1.650461915544818000e+15,5.276893910326592163e-01
1.650461915546742750e+15,5.276893910326592163e-01
1.650461915548667500e+15,5.276893910326592163e-01
1.650461915550592250e+15,5.276893910326592163e-01
1.650461915552517000e+15,5.276893910326592163e-01
1.650461915554441750e+15,5.276893910326592163e-01
1.650461915556366250e+15,5.276893910326592163e-01
1.650461915558291000e+15,5.276893910326592163e-01
1.650461915560215750e+15,5.276893910326592163e-01
1.650461915562140500e+15,5.276893910326592163e-01
1.650461915564065250e+15,5.276893910326592163e-01
1.650461915565990000e+15,5.276893910326594384e-01
1.650461915567914500e+15,5.276893910326596604e-01
1.650461915569839250e+15,5.276893910326597714e-01
1.650461915571764000e+15,5.276893910326599935e-01
1.650461915573688750e+15,5.276893910326601045e-01
1.650461915575613500e+15,5.276893910326603265e-01
1.650461915577538250e+15,5.276893910326604376e-01
1.650461915579462750e+15,5.276893910326605486e-01
1.650461915581387500e+15,5.276893910326607706e-01
1.650461915583312250e+15,5.276893910326607706e-01
1.650461915585237000e+15,5.276893910326609927e-01
1.650461915587161750e+15,5.276893910326609927e-01
1.650461915589086500e+15,5.276893910326609927e-01
1.650461915591011000e+15,5.276893910326609927e-01
1.650461915592935750e+15,5.276893910326609927e-01
1.650461915594860500e+15,5.276893910326609927e-01
1.650461915596785250e+15,5.276893910326609927e-01
1.650461915598710000e+15,5.276893910326609927e-01
1.650461915600634750e+15,5.276893910326609927e-01
1.650461915602559250e+15,5.276893910326609927e-01
1.650461915604484000e+15,5.276893910326609927e-01
1.650461915606408750e+15,5.276893910326609927e-01
1.650461915608333500e+15,5.276893910326609927e-01
1.650461915610258250e+15,5.276893910326609927e-01
1.650461915612183000e+15,5.276893910326608816e-01
1.650461915614107500e+15,5.276893910326608816e-01
1.650461915616032250e+15,5.276893910326609927e-01
1.650461915617957000e+15,5.276893910326609927e-01
1.650461915619881750e+15,5.276893910326609927e-01
1.650461915621806500e+15,5.276893910326609927e-01
1.650461915623731250e+15,5.276893910326609927e-01
1.650461915625655750e+15,5.276893910326609927e-01
1.650461915627580500e+15,5.276893910326611037e-01
1.650461915629505250e+15,5.276893910326609927e-01
1.650461915631430000e+15,5.276893910326609927e-01
1.650461915633354750e+15,5.276893910326609927e-01
1.650461915635279500e+15,5.276893910326609927e-01
1.650461915637204000e+15,5.276893910326607706e-01
1.650461915639128750e+15,5.276893910326605486e-01
1.650461915641053500e+15,5.276893910326603265e-01
1.650461915642978250e+15,5.276893910326602155e-01
1.650461915644903000e+15,5.276893910326599935e-01
1.650461915646827750e+15,5.276893910326598824e-01
1.650461915648752250e+15,5.276893910326596604e-01
1.650461915650677000e+15,5.276893910326594384e-01
1.650461915652601750e+15,5.276893910326592163e-01
1.650461915654526500e+15,5.276893910326594384e-01
1.650461915656451250e+15,5.276893910326597714e-01
1.650461915658376000e+15,5.276893910326601045e-01
1.650461915660300500e+15,5.276893910326604376e-01
1.650461915662225250e+15,5.276893910326607706e-01
1.650461915664150000e+15,5.276893910326608816e-01
1.650461915666074750e+15,5.276893910326611037e-01
1.650461915667999500e+15,5.276893910326612147e-01
1.650461915669924250e+15,5.276893910326613257e-01
1.650461915671848750e+15,5.276893910326614368e-01
1.650461915673773500e+15,5.276893910326615478e-01
1.650461915675698250e+15,5.276893910326616588e-01
1.650461915677623000e+15,5.276893910326617698e-01
1.650461915679547750e+15,5.276893910326619919e-01
1.650461915681472500e+15,5.276893910326616588e-01
1.650461915683397000e+15,5.276893910326614368e-01
1.650461915685321750e+15,5.276893910326613257e-01
1.650461915687246500e+15,5.276893910326611037e-01
1.650461915689171250e+15,5.276893910326609927e-01
1.650461915691096000e+15,5.276893910326609927e-01
1.650461915693020750e+15,5.276893910326609927e-01
1.650461915694945250e+15,5.276893910326609927e-01
1.650461915696870000e+15,5.276893910326609927e-01
1.650461915698794750e+15,5.276893910326609927e-01
1.650461915700719500e+15,5.276893910326609927e-01
1.650461915702644250e+15,5.276893910326608816e-01
1.650461915704569000e+15,5.276893910326609927e-01
1.650461915706493500e+15,5.276893910326609927e-01
1.650461915708418250e+15,5.276893910326609927e-01
1.650461915710343000e+15,5.276893910326609927e-01
1.650461915712267750e+15,5.276893910326609927e-01
1.650461915714192500e+15,5.276893910326609927e-01
1.650461915716117250e+15,5.276893910326609927e-01
1.650461915718041750e+15,5.276893910326609927e-01
1.650461915719966500e+15,5.276893910326609927e-01
1.650461915721891250e+15,5.276893910326609927e-01
1.650461915723816000e+15,5.276893910326608816e-01
1.650461915725740750e+15,5.276893910326608816e-01
1.650461915727665500e+15,5.276893910326609927e-01
1.650461915729590000e+15,5.276893910326609927e-01
1.650461915731514750e+15,5.276893910326609927e-01
1.650461915733439500e+15,5.276893910326609927e-01
1.650461915735364250e+15,5.276893910326609927e-01
1.650461915737289000e+15,5.276893910326609927e-01
1.650461915739213750e+15,5.276893910326609927e-01
1.650461915741138250e+15,5.276893910326609927e-01
1.650461915743063000e+15,5.276893910326609927e-01
1.650461915744987750e+15,5.276893910326609927e-01
1.650461915746912500e+15,5.276893910326609927e-01
1.650461915748837250e+15,5.276893910326609927e-01
1.650461915750762000e+15,5.276893910326609927e-01
1.650461915752686500e+15,5.276893910326609927e-01
1.650461915754611250e+15,5.276893910326608816e-01
1.650461915756536000e+15,5.276893910326608816e-01
1.650461915758460750e+15,5.276893910326608816e-01
1.650461915760385500e+15,5.276893910326609927e-01
1.650461915762310250e+15,5.276893910326609927e-01
1.650461915764234750e+15,5.276893910326608816e-01
1.650461915766159500e+15,5.276893910326609927e-01
1.650461915768084250e+15,5.276893910326609927e-01
1.650461915770009000e+15,5.276893910326609927e-01
1.650461915771933750e+15,5.276893910326609927e-01
1.650461915773858500e+15,5.276893910326609927e-01
1.650461915775783000e+15,5.276893910326608816e-01
1.650461915777707750e+15,5.276893910326609927e-01
1.650461915779632500e+15,5.276893910326608816e-01
1.650461915781557250e+15,5.276893910326609927e-01
1.650461915783482000e+15,5.276893910326609927e-01
1.650461915785406750e+15,5.276893910326609927e-01
1.650461915787331250e+15,5.276893910326609927e-01
1.650461915789256000e+15,5.276893910326609927e-01
1.650461915791180750e+15,5.276893910326609927e-01
1.650461915793105500e+15,5.276893910326609927e-01
1.650461915795030250e+15,5.276893910326609927e-01
1.650461915796955000e+15,5.276893910326609927e-01
1.650461915798879500e+15,5.279091956192006885e-01
1.650461915800804250e+15,5.283683045480582763e-01
1.650461915802729000e+15,5.288274134769158641e-01
1.650461915804653750e+15,5.292865224057734519e-01
1.650461915806578500e+15,5.297456313346311507e-01
1.650461915808503250e+15,5.302047402634886275e-01
1.650461915810427750e+15,5.306637895600656574e-01
1.650461915812352500e+15,5.311228984889231342e-01
1.650461915814277250e+15,5.315820074177807220e-01
1.650461915816202000e+15,5.320411163466383098e-01
1.650461915818126750e+15,5.325002252754958976e-01
1.650461915820051500e+15,5.329593342043535964e-01
1.650461915821976000e+15,5.334183835009305152e-01
1.650461915823900750e+15,5.337057707936271322e-01
1.650461915825825500e+15,5.326539255775660786e-01
1.650461915827750250e+15,5.316020803615051360e-01
1.650461915829675000e+15,5.305502351454440824e-01
1.650461915831599750e+15,5.294983899293831398e-01
1.650461915833524250e+15,5.284466813343399183e-01
1.650461915835449000e+15,5.276893910326608816e-01
1.650461915837373750e+15,5.276893910326609927e-01
1.650461915839298500e+15,5.276893910326609927e-01
1.650461915841223250e+15,5.276893910326608816e-01
1.650461915843148000e+15,5.276893910326609927e-01
1.650461915845072500e+15,5.276893910326609927e-01
1.650461915846997250e+15,5.276893910326609927e-01
1.650461915848922000e+15,5.276893910326609927e-01
1.650461915850846750e+15,5.276893910326609927e-01
1.650461915852771500e+15,5.276893910326609927e-01
1.650461915854696250e+15,5.276893910326609927e-01
1.650461915856620750e+15,5.276893910326609927e-01
1.650461915858545500e+15,5.283695013799092344e-01
1.650461915860470250e+15,5.295923340663792889e-01
1.650461915862395000e+15,5.308151667528493434e-01
1.650461915864319750e+15,5.320379994393193979e-01
1.650461915866244500e+15,5.332608321257894524e-01
1.650461915868169250e+15,5.338253141842017602e-01
1.650461915870093750e+15,5.338253141842022043e-01
1.650461915872018500e+15,5.338253141842026483e-01
1.650461915873943250e+15,5.338253141842030924e-01
1.650461915875868000e+15,5.338253141842035365e-01
1.650461915877792750e+15,5.338253141842039806e-01
1.650461915879717500e+15,5.335989595005572461e-01
1.650461915881642000e+15,5.330634713767978816e-01
1.650461915883566750e+15,5.325279136910581190e-01
1.650461915885491500e+15,5.319923560053183564e-01
1.650461915887416250e+15,5.314567983195785938e-01
1.650461915889341000e+15,5.309212406338388313e-01
1.650461915891265750e+15,5.303856829480990687e-01
1.650461915893190250e+15,5.298501948243395931e-01
1.650461915895115000e+15,5.293146371385998306e-01
1.650461915897039750e+15,5.287790794528601790e-01
1.650461915898964500e+15,5.282435217671204164e-01
1.650461915900889250e+15,5.277079640813806538e-01
1.650461915902814000e+15,5.276893910326609927e-01
1.650461915904738500e+15,5.276893910326612147e-01
1.650461915906663250e+15,5.276893910326612147e-01
1.650461915908588000e+15,5.276893910326613257e-01
1.650461915910512750e+15,5.276893910326614368e-01
1.650461915912437500e+15,5.276893910326614368e-01
1.650461915914362250e+15,5.276893910326615478e-01
1.650461915916286750e+15,5.276893910326616588e-01
1.650461915918211500e+15,5.276893910326616588e-01
1.650461915920136250e+15,5.276893910326618808e-01
1.650461915922061000e+15,5.277484218272784355e-01
1.650461915923985750e+15,5.285374462851837318e-01
1.650461915925910500e+15,5.293264707430889171e-01
1.650461915927835000e+15,5.301153927169758306e-01
1.650461915929759750e+15,5.309044171748811269e-01
1.650461915931684500e+15,5.316934416327863122e-01
1.650461915933609250e+15,5.324824660906916085e-01
1.650461915935534000e+15,5.332714905485967938e-01
1.650461915937458750e+15,5.336630274599956092e-01
1.650461915939383250e+15,5.331186774805027895e-01
1.650461915941308000e+15,5.325742567878400946e-01
1.650461915943232750e+15,5.320298360951775107e-01
1.650461915945157500e+15,5.314854154025149269e-01
1.650461915947082250e+15,5.309409947098523430e-01
1.650461915949007000e+15,5.303965740171897592e-01
1.650461915950931500e+15,5.298522240376967174e-01
1.650461915952856250e+15,5.293078033450342446e-01
1.650461915954781000e+15,5.287633826523715497e-01
1.650461915956705750e+15,5.282189619597090768e-01
1.650461915958630500e+15,5.277183444719424354e-01
1.650461915960555250e+15,5.287798327054432646e-01
1.650461915962479750e+15,5.298411830654236043e-01
1.650461915964404500e+15,5.309026712989243224e-01
1.650461915966329250e+15,5.319641595324251515e-01
1.650461915968254000e+15,5.330256477659258696e-01
1.650461915970178750e+15,5.336792537391457092e-01
1.650461915972103500e+15,5.330870897757518101e-01
1.650461915974028000e+15,5.324950027267578712e-01
1.650461915975952750e+15,5.319028387633639721e-01
1.650461915977877500e+15,5.313106747999701840e-01
1.650461915979802250e+15,5.307185108365763959e-01
1.650461915981727000e+15,5.301263468731826078e-01
1.650461915983651750e+15,5.295341829097888198e-01
1.650461915985576250e+15,5.289420958607946588e-01
1.650461915987501000e+15,5.283499318974009817e-01
1.650461915989425750e+15,5.277577679340070826e-01
1.650461915991350500e+15,5.284657294070298494e-01
1.650461915993275250e+15,5.293434135691825748e-01
1.650461915995200000e+15,5.302210977313350782e-01
1.650461915997124500e+15,5.310986678937265060e-01
1.650461915999049250e+15,5.319763520558791203e-01
1.650461916000974000e+15,5.328540362180318457e-01
1.650461916002898750e+15,5.337317203801844601e-01
1.650461916004823500e+15,5.346726934998452530e-01
1.650461916006748250e+15,5.356212211752074959e-01
1.650461916008672750e+15,5.365696256491570004e-01
1.650461916010597500e+15,5.375181533245192433e-01
1.650461916012522250e+15,5.384666809998814863e-01
1.650461916014447000e+15,5.394152086752437292e-01
1.650461916016371750e+15,5.393717166635867422e-01
1.650461916018296500e+15,5.379824544490316995e-01
1.650461916020221000e+15,5.365933726815754756e-01
1.650461916022145750e+15,5.352041104670204330e-01
1.650461916024070500e+15,5.338316638049345197e-01
1.650461916025995250e+15,5.346745212190034957e-01
1.650461916027920000e+15,5.355173786330724717e-01
1.650461916029844750e+15,5.363602360471414476e-01
1.650461916031769250e+15,5.372029839849908894e-01
1.650461916033694000e+15,5.380458413990598654e-01
1.650461916035618750e+15,5.388886988131288414e-01
1.650461916037543500e+15,5.397315562271978173e-01
1.650461916039468250e+15,5.390100775446529102e-01
1.650461916041393000e+15,5.377026361535386378e-01
1.650461916043317500e+15,5.363953645820621619e-01
1.650461916045242250e+15,5.350879231909480005e-01
1.650461916047167000e+15,5.338253141842024263e-01
1.650461916049091750e+15,5.338253141842025373e-01
1.650461916051016500e+15,5.338253141842026483e-01
1.650461916052941250e+15,5.338253141842028704e-01
1.650461916054865750e+15,5.338253141842029814e-01
1.650461916056790500e+15,5.338253141842030924e-01
1.650461916058715250e+15,5.338835342394532280e-01
1.650461916060640000e+15,5.346712955845658310e-01
1.650461916062564750e+15,5.354590569296783231e-01
1.650461916064489500e+15,5.362468182747910372e-01
1.650461916066414000e+15,5.370344772999471328e-01
1.650461916068338750e+15,5.378222386450596249e-01
1.650461916070263500e+15,5.386099999901722279e-01
1.650461916072188250e+15,5.393977613352848310e-01
1.650461916074113000e+15,5.399612373357438599e-01
1.650461916076037750e+15,5.399612373357438599e-01
1.650461916077962250e+15,5.399612373357438599e-01
1.650461916079887000e+15,5.399612373357438599e-01
1.650461916081811750e+15,5.399612373357438599e-01
1.650461916083736500e+15,5.399612373357438599e-01
1.650461916085661250e+15,5.399612373357438599e-01
1.650461916087586000e+15,5.399612373357443040e-01
1.650461916089510500e+15,5.399612373357447481e-01
1.650461916091435250e+15,5.399612373357453032e-01
1.650461916093360000e+15,5.399612373357458583e-01
1.650461916095284750e+15,5.399612373357464135e-01
1.650461916097209500e+15,5.399612373357460804e-01
1.650461916099134250e+15,5.399612373357456363e-01
1.650461916101058750e+15,5.399612373357450812e-01
1.650461916102983500e+15,5.399612373357446371e-01
1.650461916104908250e+15,5.399612373357440820e-01
1.650461916106833000e+15,5.399612373357438599e-01
1.650461916108757750e+15,5.399612373357438599e-01
1.650461916110682500e+15,5.399612373357438599e-01
1.650461916112607000e+15,5.399612373357438599e-01
1.650461916114531750e+15,5.399612373357438599e-01
1.650461916116456500e+15,5.399612373357438599e-01
1.650461916118381250e+15,5.399612373357438599e-01
1.650461916120306000e+15,5.399612373357441930e-01
1.650461916122230750e+15,5.399612373357444151e-01
1.650461916124155250e+15,5.399612373357447481e-01
1.650461916126080000e+15,5.399612373357449702e-01
1.650461916128004750e+15,5.399612373357451922e-01
1.650461916129929500e+15,5.399612373357454143e-01
1.650461916131854250e+15,5.399612373357456363e-01
1.650461916133779000e+15,5.399612373357459694e-01
1.650461916135703500e+15,5.399612373357461914e-01
1.650461916137628250e+15,5.399612373357465245e-01
1.650461916139553000e+15,5.399612373357463024e-01
1.650461916141477750e+15,5.399612373357460804e-01
1.650461916143402500e+15,5.399612373357457473e-01
1.650461916145327250e+15,5.399612373357454143e-01
1.650461916147251750e+15,5.399612373357450812e-01
1.650461916149176500e+15,5.399612373357447481e-01
1.650461916151101250e+15,5.399612373357445261e-01
1.650461916153026000e+15,5.399612373357445261e-01
1.650461916154950750e+15,5.399612373357443040e-01
1.650461916156875500e+15,5.399612373357441930e-01
1.650461916158800000e+15,5.399612373357440820e-01
1.650461916160724750e+15,5.399612373357439710e-01
1.650461916162649500e+15,5.399612373357438599e-01
1.650461916164574250e+15,5.399612373357438599e-01
1.650461916166499000e+15,5.399612373357438599e-01
1.650461916168423750e+15,5.399612373357438599e-01
1.650461916170348250e+15,5.399612373357438599e-01
1.650461916172273000e+15,5.399612373357438599e-01
1.650461916174197750e+15,5.399612373357438599e-01
1.650461916176122500e+15,5.399612373357438599e-01
1.650461916178047250e+15,5.399612373357438599e-01
1.650461916179972000e+15,5.399612373357438599e-01
1.650461916181896500e+15,5.399612373357438599e-01
1.650461916183821250e+15,5.399612373357438599e-01
1.650461916185746000e+15,5.399612373357438599e-01
1.650461916187670750e+15,5.399612373357438599e-01
1.650461916189595500e+15,5.399612373357438599e-01
1.650461916191520250e+15,5.399612373357438599e-01
1.650461916193444750e+15,5.399612373357439710e-01
1.650461916195369500e+15,5.399612373357440820e-01
1.650461916197294250e+15,5.399612373357443040e-01
1.650461916199219000e+15,5.399612373357444151e-01
1.650461916201143750e+15,5.399612373357446371e-01
1.650461916203068500e+15,5.399612373357447481e-01
1.650461916204993000e+15,5.399612373357447481e-01
1.650461916206917750e+15,5.399612373357447481e-01
1.650461916208842500e+15,5.399612373357447481e-01
1.650461916210767250e+15,5.399612373357447481e-01
1.650461916212692000e+15,5.399612373357447481e-01
1.650461916214616750e+15,5.399612373357447481e-01
1.650461916216541500e+15,5.399612373357447481e-01
1.650461916218466000e+15,5.399612373357447481e-01
1.650461916220390750e+15,5.399612373357447481e-01
1.650461916222315500e+15,5.399612373357447481e-01
1.650461916224240250e+15,5.399612373357447481e-01
1.650461916226165000e+15,5.399612373357447481e-01
1.650461916228089750e+15,5.399612373357447481e-01
1.650461916230014250e+15,5.399612373357447481e-01
1.650461916231939000e+15,5.402352633696764217e-01
1.650461916233863750e+15,5.411415032473569919e-01
1.650461916235788500e+15,5.420477431250375622e-01
1.650461916237713250e+15,5.429539830027181324e-01
1.650461916239638000e+15,5.438602228803985916e-01
1.650461916241562500e+15,5.447663450493016590e-01
1.650461916243487250e+15,5.456725849269822293e-01
1.650461916245412000e+15,5.460971604872879581e-01
1.650461916247336750e+15,5.460971604872878471e-01
1.650461916249261500e+15,5.460971604872877361e-01
1.650461916251186250e+15,5.460971604872877361e-01
1.650461916253110750e+15,5.460971604872875140e-01
1.650461916255035500e+15,5.460971604872875140e-01
1.650461916256960250e+15,5.460971604872875140e-01
1.650461916258885000e+15,5.460971604872874030e-01
1.650461916260809750e+15,5.460971604872872920e-01
1.650461916262734500e+15,5.460971604872872920e-01
1.650461916264659000e+15,5.460971604872871810e-01
1.650461916266583750e+15,5.460971604872870699e-01
1.650461916268508500e+15,5.460971604872870699e-01
1.650461916270433250e+15,5.460971604872872920e-01
1.650461916272358000e+15,5.460971604872875140e-01
1.650461916274282750e+15,5.460971604872876251e-01
1.650461916276207250e+15,5.460971604872878471e-01
1.650461916278132000e+15,5.459667281093926183e-01
1.650461916280056750e+15,5.451966369457299511e-01
1.650461916281981500e+15,5.444265457820673948e-01
1.650461916283906250e+15,5.436564546184048385e-01
1.650461916285831000e+15,5.428863634547422823e-01
1.650461916287755500e+15,5.421163723159093673e-01
1.650461916289680250e+15,5.413462811522468110e-01
1.650461916291605000e+15,5.405761899885842547e-01
1.650461916293529750e+15,5.399612373357465245e-01
1.650461916295454500e+15,5.399612373357465245e-01
1.650461916297379250e+15,5.399612373357465245e-01
1.650461916299303750e+15,5.399612373357465245e-01
1.650461916301228500e+15,5.399612373357465245e-01
1.650461916303153250e+15,5.399612373357464135e-01
1.650461916305078000e+15,5.399612373357465245e-01
1.650461916307002750e+15,5.399612373357465245e-01
1.650461916308927500e+15,5.399612373357465245e-01
1.650461916310852000e+15,5.399612373357465245e-01
1.650461916312776750e+15,5.399612373357464135e-01
1.650461916314701500e+15,5.399612373357465245e-01
1.650461916316626250e+15,5.400570140220286586e-01
1.650461916318551000e+15,5.405355245396709085e-01
1.650461916320475750e+15,5.410140350573131585e-01
1.650461916322400250e+15,5.414924834226605421e-01
1.650461916324325000e+15,5.419709939403027921e-01
1.650461916326249750e+15,5.424495044579450420e-01
1.650461916328174500e+15,5.429280149755872920e-01
1.650461916330099250e+15,5.434065254932294309e-01
1.650461916332024000e+15,5.438850360108716808e-01
1.650461916333948500e+15,5.443634843762190645e-01
1.650461916335873250e+15,5.448419948938613144e-01
1.650461916337798000e+15,5.453205054115035644e-01
1.650461916339722750e+15,5.457990159291458143e-01
1.650461916341647500e+15,5.465761374881957790e-01
1.650461916343572250e+15,5.478468624813026544e-01
1.650461916345496750e+15,5.491174224237542756e-01
1.650461916347421500e+15,5.503881474168611510e-01
1.650461916349346250e+15,5.516588724099679153e-01
1.650461916351271000e+15,5.522330836388311681e-01
1.650461916353195750e+15,5.522330836388311681e-01
1.650461916355120500e+15,5.522330836388311681e-01
1.650461916357045000e+15,5.522330836388311681e-01
1.650461916358969750e+15,5.522330836388311681e-01
1.650461916360894500e+15,5.522330836388310571e-01
1.650461916362819250e+15,5.522330836388311681e-01
1.650461916364744000e+15,5.522330836388311681e-01
1.650461916366668750e+15,5.522330836388311681e-01
1.650461916368593250e+15,5.522330836388311681e-01
1.650461916370518000e+15,5.522330836388310571e-01
1.650461916372442750e+15,5.522330836388311681e-01
1.650461916374367500e+15,5.522330836388311681e-01
1.650461916376292250e+15,5.522330836388310571e-01
1.650461916378217000e+15,5.511872707536454863e-01
1.650461916380141500e+15,5.499077622364554330e-01
1.650461916382066250e+15,5.486280875061558815e-01
1.650461916383991000e+15,5.473484127758563300e-01
1.650461916385915750e+15,5.460857363021589528e-01
1.650461916387840500e+15,5.455713807389895864e-01
1.650461916389765250e+15,5.450570251758202200e-01
1.650461916391689750e+15,5.445427364207510168e-01
1.650461916393614500e+15,5.440283808575817615e-01
1.650461916395539250e+15,5.435140252944123951e-01
1.650461916397464000e+15,5.429996697312430287e-01
1.650461916399388750e+15,5.424853141680736623e-01
1.650461916401313500e+15,5.419709586049044070e-01
1.650461916403238000e+15,5.414566698498352038e-01
1.650461916405162750e+15,5.409423142866659484e-01
1.650461916407087500e+15,5.404279587234965820e-01
1.650461916409012250e+15,5.400578735172045786e-01
1.650461916410937000e+15,5.411013545285079385e-01
1.650461916412861750e+15,5.421448355398112984e-01
1.650461916414786250e+15,5.431881810164982394e-01
1.650461916416711000e+15,5.442316620278015993e-01
1.650461916418635750e+15,5.452751430391048482e-01
1.650461916420560500e+15,5.459254689599629673e-01
1.650461916422485250e+15,5.451165013535564929e-01
1.650461916424410000e+15,5.443075337471501296e-01
1.650461916426334500e+15,5.434986712151177457e-01
1.650461916428259250e+15,5.426897036087112713e-01
1.650461916430184000e+15,5.418807360023047970e-01
1.650461916432108750e+15,5.410717683958984336e-01
1.650461916434033500e+15,5.402628007894920703e-01
1.650461916435958250e+15,5.402924361743719484e-01
1.650461916437882750e+15,5.408204064911537046e-01
1.650461916439807500e+15,5.413484453933233853e-01
1.650461916441732250e+15,5.418764842954930661e-01
1.650461916443657000e+15,5.424045231976628578e-01
1.650461916445581750e+15,5.429325620998325386e-01
1.650461916447506500e+15,5.434606010020022193e-01
1.650461916449431000e+15,5.439885713187839755e-01
1.650461916451355750e+15,5.445166102209536563e-01
1.650461916453280500e+15,5.450446491231233370e-01
1.650461916455205250e+15,5.455726880252931288e-01
1.650461916457130000e+15,5.460828640447796811e-01
1.650461916459054750e+15,5.439661657589243138e-01
1.650461916460979250e+15,5.418497424046555544e-01
1.650461916462904000e+15,5.397330441188001871e-01
1.650461916464828750e+15,5.376163458329448197e-01
1.650461916466753500e+15,5.354996475470893413e-01
1.650461916468678250e+15,5.338253141842033145e-01
1.650461916470603000e+15,5.338253141842033145e-01
1.650461916472527500e+15,5.338253141842033145e-01
1.650461916474452250e+15,5.338253141842033145e-01
1.650461916476377000e+15,5.338253141842033145e-01
1.650461916478301750e+15,5.338253141842033145e-01
1.650461916480226500e+15,5.339302613961477428e-01
1.650461916482151250e+15,5.344784219014125926e-01
1.650461916484075750e+15,5.350265112077547958e-01
1.650461916486000500e+15,5.355746717130196455e-01
1.650461916487925250e+15,5.361228322182844952e-01
1.650461916489850000e+15,5.366709927235493449e-01
1.650461916491774750e+15,5.372191532288141946e-01
1.650461916493699500e+15,5.377673137340790444e-01
1.650461916495624000e+15,5.383154030404212476e-01
1.650461916497548750e+15,5.388635635456860973e-01
1.650461916499473500e+15,5.394117240509509470e-01
1.650461916501398250e+15,5.399598845562157967e-01
1.650461916503323000e+15,5.399612373357455253e-01
1.650461916505247750e+15,5.399612373357454143e-01
1.650461916507172250e+15,5.399612373357451922e-01
1.650461916509097000e+15,5.399612373357450812e-01
1.650461916511021750e+15,5.399612373357448591e-01
1.650461916512946500e+15,5.399612373357447481e-01
1.650461916514871250e+15,5.399612373357447481e-01
1.650461916516796000e+15,5.399612373357447481e-01
1.650461916518720500e+15,5.399612373357447481e-01
1.650461916520645250e+15,5.399612373357447481e-01
1.650461916522570000e+15,5.399612373357447481e-01
1.650461916524494750e+15,5.399612373357447481e-01
1.650461916526419500e+15,5.399612373357447481e-01
1.650461916528344250e+15,5.399612373357447481e-01
1.650461916530268750e+15,5.399612373357447481e-01
1.650461916532193500e+15,5.399612373357447481e-01
1.650461916534118250e+15,5.399612373357447481e-01
1.650461916536043000e+15,5.399612373357447481e-01
1.650461916537967750e+15,5.399612373357447481e-01
1.650461916539892500e+15,5.399612373357447481e-01
1.650461916541817000e+15,5.399612373357447481e-01
1.650461916543741750e+15,5.399612373357447481e-01
1.650461916545666500e+15,5.399612373357447481e-01
1.650461916547591250e+15,5.399612373357447481e-01
1.650461916549516000e+15,5.399612373357447481e-01
1.650461916551440750e+15,5.399612373357447481e-01
1.650461916553365250e+15,5.399612373357447481e-01
1.650461916555290000e+15,5.399612373357447481e-01
1.650461916557214750e+15,5.399612373357447481e-01
1.650461916559139500e+15,5.399612373357446371e-01
1.650461916561064250e+15,5.399612373357447481e-01
1.650461916562989000e+15,5.399612373357447481e-01
1.650461916564913500e+15,5.399612373357447481e-01
1.650461916566838250e+15,5.399612373357447481e-01
1.650461916568763000e+15,5.399612373357447481e-01
1.650461916570687750e+15,5.399612373357446371e-01
1.650461916572612500e+15,5.399612373357447481e-01
1.650461916574537250e+15,5.399612373357447481e-01
1.650461916576462000e+15,5.399612373357447481e-01
1.650461916578386500e+15,5.399612373357448591e-01
1.650461916580311250e+15,5.399612373357449702e-01
1.650461916582236000e+15,5.399612373357450812e-01
1.650461916584160750e+15,5.399612373357451922e-01
1.650461916586085500e+15,5.399612373357453032e-01
1.650461916588010250e+15,5.399612373357454143e-01
1.650461916589934750e+15,5.399612373357456363e-01
1.650461916591859500e+15,5.399612373357456363e-01
1.650461916593784250e+15,5.399612373357456363e-01
1.650461916595709000e+15,5.399612373357456363e-01
1.650461916597633750e+15,5.399612373357456363e-01
1.650461916599558500e+15,5.399612373357456363e-01
1.650461916601483000e+15,5.399612373357456363e-01
1.650461916603407750e+15,5.399612373357456363e-01
1.650461916605332500e+15,5.399612373357456363e-01
1.650461916607257250e+15,5.399612373357455253e-01
1.650461916609182000e+15,5.399612373357454143e-01
1.650461916611106750e+15,5.399612373357454143e-01
1.650461916613031250e+15,5.399612373357453032e-01
1.650461916614956000e+15,5.399612373357451922e-01
1.650461916616880750e+15,5.399612373357451922e-01
1.650461916618805500e+15,5.399612373357450812e-01
1.650461916620730250e+15,5.399612373357450812e-01
1.650461916622655000e+15,5.399612373357449702e-01
1.650461916624579500e+15,5.399612373357448591e-01
1.650461916626504250e+15,5.399612373357448591e-01
1.650461916628429000e+15,5.399612373357447481e-01
1.650461916630353750e+15,5.399612373357447481e-01
1.650461916632278500e+15,5.399612373357446371e-01
1.650461916634203250e+15,5.399612373357446371e-01
1.650461916636127750e+15,5.399612373357447481e-01
1.650461916638052500e+15,5.399612373357447481e-01
1.650461916639977250e+15,5.399612373357447481e-01
1.650461916641902000e+15,5.399612373357447481e-01
1.650461916643826750e+15,5.399612373357447481e-01
1.650461916645751500e+15,5.399612373357446371e-01
1.650461916647676000e+15,5.399612373357447481e-01
1.650461916649600750e+15,5.399612373357447481e-01
1.650461916651525500e+15,5.399612373357447481e-01
1.650461916653450250e+15,5.399612373357446371e-01
1.650461916655375000e+15,5.399612373357447481e-01
1.650461916657299750e+15,5.399612373357447481e-01
1.650461916659224250e+15,5.399612373357447481e-01
1.650461916661149000e+15,5.399612373357447481e-01
1.650461916663073750e+15,5.399612373357446371e-01
1.650461916664998500e+15,5.399612373357447481e-01
1.650461916666923250e+15,5.399612373357447481e-01
1.650461916668848000e+15,5.399612373357447481e-01
1.650461916670772500e+15,5.399612373357447481e-01
1.650461916672697250e+15,5.399612373357447481e-01
1.650461916674622000e+15,5.399612373357447481e-01
1.650461916676546750e+15,5.399612373357447481e-01
1.650461916678471500e+15,5.399612373357446371e-01
1.650461916680396250e+15,5.399612373357446371e-01
1.650461916682320750e+15,5.399612373357447481e-01
1.650461916684245500e+15,5.399612373357447481e-01
1.650461916686170250e+15,5.399612373357447481e-01
1.650461916688095000e+15,5.399612373357447481e-01
1.650461916690019750e+15,5.399612373357447481e-01
1.650461916691944500e+15,5.399612373357447481e-01
1.650461916693869000e+15,5.399612373357446371e-01
1.650461916695793750e+15,5.399612373357447481e-01
1.650461916697718500e+15,5.399612373357446371e-01
1.650461916699643250e+15,5.399612373357447481e-01
1.650461916701568000e+15,5.399612373357447481e-01
1.650461916703492750e+15,5.399612373357447481e-01
1.650461916705417250e+15,5.399612373357447481e-01
1.650461916707342000e+15,5.399612373357447481e-01
1.650461916709266750e+15,5.399612373357447481e-01
1.650461916711191500e+15,5.399612373357447481e-01
1.650461916713116250e+15,5.399612373357447481e-01
1.650461916715041000e+15,5.399612373357447481e-01
1.650461916716965500e+15,5.399612373357447481e-01
1.650461916718890250e+15,5.399612373357447481e-01
1.650461916720815000e+15,5.399612373357447481e-01
1.650461916722739750e+15,5.399612373357448591e-01
1.650461916724664500e+15,5.399612373357449702e-01
1.650461916726589250e+15,5.399612373357450812e-01
1.650461916728513750e+15,5.399612373357451922e-01
1.650461916730438500e+15,5.399612373357454143e-01
1.650461916732363250e+15,5.399612373357454143e-01
1.650461916734288000e+15,5.399612373357456363e-01
1.650461916736212750e+15,5.399612373357457473e-01
1.650461916738137500e+15,5.399612373357458583e-01
1.650461916740062000e+15,5.399612373357460804e-01
1.650461916741986750e+15,5.399612373357461914e-01
1.650461916743911500e+15,5.399612373357463024e-01
1.650461916745836250e+15,5.399612373357464135e-01
1.650461916747761000e+15,5.397430228023119003e-01
1.650461916749685750e+15,5.387453780915554269e-01
1.650461916751610250e+15,5.377478629618758221e-01
1.650461916753535000e+15,5.367502182511194597e-01
1.650461916755459750e+15,5.357525735403630973e-01
1.650461916757384500e+15,5.347549288296066239e-01
1.650461916759309250e+15,5.338253141842025373e-01
1.650461916761234000e+15,5.338253141842027594e-01
1.650461916763158500e+15,5.338253141842030924e-01
1.650461916765083250e+15,5.338253141842032035e-01
1.650461916767008000e+15,5.338253141842035365e-01
1.650461916768932750e+15,5.338253141842037586e-01
1.650461916770857500e+15,5.338253141842040916e-01
1.650461916772782250e+15,5.342775250291122990e-01
1.650461916774706750e+15,5.353244781371131467e-01
1.650461916776631500e+15,5.363715672483755359e-01
1.650461916778556250e+15,5.374186563596381472e-01
1.650461916780481000e+15,5.384657454709005364e-01
1.650461916782405750e+15,5.395128345821631477e-01
1.650461916784330500e+15,5.399612373357456363e-01
1.650461916786255000e+15,5.399612373357457473e-01
1.650461916788179750e+15,5.399612373357458583e-01
1.650461916790104500e+15,5.399612373357459694e-01
1.650461916792029250e+15,5.399612373357459694e-01
1.650461916793954000e+15,5.399612373357460804e-01
1.650461916795878750e+15,5.399612373357460804e-01
1.650461916797803250e+15,5.399612373357461914e-01
1.650461916799728000e+15,5.399612373357463024e-01
1.650461916801652750e+15,5.399612373357464135e-01
1.650461916803577500e+15,5.399612373357465245e-01
1.650461916805502250e+15,5.399612373357464135e-01
1.650461916807427000e+15,5.399612373357466355e-01
1.650461916809351500e+15,5.399612373357465245e-01
1.650461916811276250e+15,5.399612373357465245e-01
1.650461916813201000e+15,5.399612373357465245e-01
1.650461916815125750e+15,5.399612373357465245e-01
1.650461916817050500e+15,5.399612373357465245e-01
1.650461916818975250e+15,5.399612373357465245e-01
1.650461916820899750e+15,5.399612373357465245e-01
1.650461916822824500e+15,5.399612373357465245e-01
1.650461916824749250e+15,5.399612373357465245e-01
1.650461916826674000e+15,5.399612373357466355e-01
1.650461916828598750e+15,5.400380708169275623e-01
1.650461916830523500e+15,5.405556044753819789e-01
1.650461916832448000e+15,5.410730709129428773e-01
1.650461916834372750e+15,5.415906045713971828e-01
1.650461916836297500e+15,5.421081382298514884e-01
1.650461916838222250e+15,5.426256718883057939e-01
1.650461916840147000e+15,5.431432055467602105e-01
1.650461916842071750e+15,5.436607392052144050e-01
1.650461916843996250e+15,5.441782056427754144e-01
1.650461916845921000e+15,5.446957393012296089e-01
1.650461916847845750e+15,5.452132729596840255e-01
1.650461916849770500e+15,5.457308066181383310e-01
1.650461916851695250e+15,5.460971604872869589e-01
1.650461916853620000e+15,5.460971604872870699e-01
1.650461916855544500e+15,5.460971604872870699e-01
1.650461916857469250e+15,5.460971604872870699e-01
1.650461916859394000e+15,5.460971604872870699e-01
1.650461916861318750e+15,5.460971604872870699e-01
1.650461916863243500e+15,5.460971604872870699e-01
1.650461916865168250e+15,5.460971604872869589e-01
1.650461916867092750e+15,5.460971604872871810e-01
1.650461916869017500e+15,5.460971604872875140e-01
1.650461916870942250e+15,5.460971604872877361e-01
1.650461916872867000e+15,5.460971604872879581e-01
1.650461916874791750e+15,5.460971604872884022e-01
1.650461916876716500e+15,5.460971604872886243e-01
1.650461916878641000e+15,5.460971604872888463e-01
1.650461916880565750e+15,5.460971604872888463e-01
1.650461916882490500e+15,5.460971604872888463e-01
1.650461916884415250e+15,5.460971604872888463e-01
1.650461916886340000e+15,5.460971604872888463e-01
1.650461916888264750e+15,5.460971604872888463e-01
1.650461916890189250e+15,5.460971604872888463e-01
1.650461916892114000e+15,5.460971604872888463e-01
1.650461916894038750e+15,5.460971604872888463e-01
1.650461916895963500e+15,5.460971604872888463e-01
1.650461916897888250e+15,5.460971604872888463e-01
1.650461916899813000e+15,5.460971604872888463e-01
1.650461916901737500e+15,5.464048979594867683e-01
1.650461916903662250e+15,5.473340237628011584e-01
1.650461916905587000e+15,5.482631495661155485e-01
1.650461916907511750e+15,5.491922753694299386e-01
1.650461916909436500e+15,5.501214011727442177e-01
1.650461916911361250e+15,5.510505269760588298e-01
1.650461916913285750e+15,5.519795320980115383e-01
1.650461916915210500e+15,5.522330836388302799e-01
1.650461916917135250e+15,5.522330836388302799e-01
1.650461916919060000e+15,5.522330836388302799e-01
1.650461916920984750e+15,5.522330836388302799e-01
1.650461916922909500e+15,5.522330836388302799e-01
1.650461916924834250e+15,5.521700897791137486e-01
1.650461916926758750e+15,5.507963596598557388e-01
1.650461916928683500e+15,5.494224510877374623e-01
1.650461916930608250e+15,5.480485425156190749e-01
1.650461916932533000e+15,5.466746339435006874e-01
1.650461916934457750e+15,5.463668747155648875e-01
1.650461916936382500e+15,5.468321514001935890e-01
1.650461916938307000e+15,5.472973676514302221e-01
1.650461916940231750e+15,5.477626443360590347e-01
1.650461916942156500e+15,5.482279210206876252e-01
1.650461916944081250e+15,5.486931977053162157e-01
1.650461916946006000e+15,5.491584743899449172e-01
1.650461916947930750e+15,5.496237510745736188e-01
1.650461916949855250e+15,5.500889673258102519e-01
1.650461916951780000e+15,5.505542440104390645e-01
1.650461916953704750e+15,5.510195206950676550e-01
1.650461916955629500e+15,5.514847973796962455e-01
1.650461916957554250e+15,5.519500740643249470e-01
1.650461916959479000e+15,5.522330836388302799e-01
1.650461916961403500e+15,5.522330836388302799e-01
1.650461916963328250e+15,5.522330836388302799e-01
1.650461916965253000e+15,5.522330836388302799e-01
1.650461916967177750e+15,5.522330836388302799e-01
1.650461916969102500e+15,5.522330836388302799e-01
1.650461916971027250e+15,5.522330836388302799e-01
1.650461916972951750e+15,5.522330836388302799e-01
1.650461916974876500e+15,5.522330836388302799e-01
1.650461916976801250e+15,5.522330836388302799e-01
1.650461916978726000e+15,5.522330836388302799e-01
1.650461916980650750e+15,5.522330836388302799e-01
1.650461916982575500e+15,5.522330836388302799e-01
1.650461916984500000e+15,5.522330836388301689e-01
1.650461916986424750e+15,5.522330836388302799e-01
1.650461916988349500e+15,5.522330836388302799e-01
1.650461916990274250e+15,5.522330836388302799e-01
1.650461916992199000e+15,5.522330836388301689e-01
1.650461916994123750e+15,5.522330836388303910e-01
1.650461916996048250e+15,5.522330836388305020e-01
1.650461916997973000e+15,5.522330836388306130e-01
1.650461916999897750e+15,5.522330836388307240e-01
1.650461917001822500e+15,5.522330836388309461e-01
1.650461917003747250e+15,5.522330836388310571e-01
1.650461917005672000e+15,5.522330836388310571e-01
1.650461917007596500e+15,5.522330836388309461e-01
1.650461917009521250e+15,5.522330836388307240e-01
1.650461917011446000e+15,5.522330836388306130e-01
1.650461917013370750e+15,5.522330836388305020e-01
1.650461917015295500e+15,5.522330836388302799e-01
1.650461917017220250e+15,5.522330836388302799e-01
1.650461917019144750e+15,5.522330836388303910e-01
1.650461917021069500e+15,5.522330836388305020e-01
1.650461917022994250e+15,5.522330836388307240e-01
1.650461917024919000e+15,5.522330836388307240e-01
1.650461917026843750e+15,5.522330836388309461e-01
1.650461917028768500e+15,5.522330836388309461e-01
1.650461917030693000e+15,5.522330836388310571e-01
1.650461917032617750e+15,5.522330836388310571e-01
1.650461917034542500e+15,5.522330836388311681e-01
1.650461917036467250e+15,5.522330836388311681e-01
1.650461917038392000e+15,5.522330836388310571e-01
1.650461917040316750e+15,5.522330836388311681e-01
1.650461917042241250e+15,5.522330836388311681e-01
1.650461917044166000e+15,5.522330836388311681e-01
1.650461917046090750e+15,5.522330836388311681e-01
1.650461917048015500e+15,5.522330836388311681e-01
1.650461917049940250e+15,5.522330836388311681e-01
1.650461917051865000e+15,5.522330836388311681e-01
1.650461917053789500e+15,5.522330836388311681e-01
1.650461917055714250e+15,5.522330836388311681e-01
1.650461917057639000e+15,5.522330836388311681e-01
1.650461917059563750e+15,5.522330836388311681e-01
1.650461917061488500e+15,5.522330836388311681e-01
1.650461917063413250e+15,5.522330836388311681e-01
1.650461917065337750e+15,5.522330836388311681e-01
1.650461917067262500e+15,5.522330836388311681e-01
1.650461917069187250e+15,5.522330836388311681e-01
1.650461917071112000e+15,5.522330836388311681e-01
1.650461917073036750e+15,5.522330836388311681e-01
1.650461917074961500e+15,5.522330836388311681e-01
1.650461917076886000e+15,5.522330836388311681e-01
1.650461917078810750e+15,5.522330836388311681e-01
1.650461917080735500e+15,5.522330836388311681e-01
1.650461917082660250e+15,5.522330836388311681e-01
1.650461917084585000e+15,5.522330836388311681e-01
1.650461917086509750e+15,5.522330836388312791e-01
1.650461917088434250e+15,5.522330836388311681e-01
1.650461917090359000e+15,5.522330836388311681e-01
1.650461917092283750e+15,5.522330836388311681e-01
1.650461917094208500e+15,5.522330836388312791e-01
1.650461917096133250e+15,5.522330836388311681e-01
1.650461917098058000e+15,5.522330836388311681e-01
1.650461917099982500e+15,5.522330836388311681e-01
1.650461917101907250e+15,5.522330836388311681e-01
1.650461917103832000e+15,5.522330836388311681e-01
1.650461917105756750e+15,5.522330836388311681e-01
1.650461917107681500e+15,5.522330836388311681e-01
1.650461917109606250e+15,5.522330836388311681e-01
1.650461917111530750e+15,5.522330836388311681e-01
1.650461917113455500e+15,5.522330836388311681e-01
1.650461917115380250e+15,5.522330836388310571e-01
1.650461917117305000e+15,5.522330836388311681e-01
1.650461917119229750e+15,5.522330836388311681e-01
1.650461917121154500e+15,5.522330836388311681e-01
1.650461917123079000e+15,5.522330836388311681e-01
1.650461917125003750e+15,5.522330836388310571e-01
1.650461917126928500e+15,5.522330836388312791e-01
1.650461917128853250e+15,5.522330836388311681e-01
1.650461917130778000e+15,5.522330836388311681e-01
1.650461917132702750e+15,5.522330836388311681e-01
1.650461917134627250e+15,5.522330836388311681e-01
1.650461917136552000e+15,5.522330836388311681e-01
1.650461917138476750e+15,5.522330836388311681e-01
1.650461917140401500e+15,5.522330836388311681e-01
1.650461917142326250e+15,5.522330836388311681e-01
1.650461917144251000e+15,5.526041871953643048e-01
1.650461917146175500e+15,5.533688432923108413e-01
1.650461917148100250e+15,5.541335987210443959e-01
1.650461917150025000e+15,5.548983541497780614e-01
1.650461917151949750e+15,5.556631095785116159e-01
1.650461917153874500e+15,5.564278650072451704e-01
1.650461917155799250e+15,5.571926204359787249e-01
1.650461917157723750e+15,5.579572765329252615e-01
1.650461917159648500e+15,5.571612602861327757e-01
1.650461917161573250e+15,5.545449292967813415e-01
1.650461917163498000e+15,5.519285983074297963e-01
1.650461917165422750e+15,5.493122673180783622e-01
1.650461917167347500e+15,5.466959363287268170e-01
1.650461917169272000e+15,5.460971604872879581e-01
1.650461917171196750e+15,5.460971604872879581e-01
1.650461917173121500e+15,5.460971604872879581e-01
1.650461917175046250e+15,5.460971604872879581e-01
1.650461917176971000e+15,5.460971604872879581e-01
1.650461917178895750e+15,5.460971604872879581e-01
1.650461917180820250e+15,5.460199042513785850e-01
1.650461917182745000e+15,5.450558916739619564e-01
1.650461917184669750e+15,5.440918790965453278e-01
1.650461917186594500e+15,5.431278665191285882e-01
1.650461917188519250e+15,5.421638539417120706e-01
1.650461917190444000e+15,5.411998413642954420e-01
1.650461917192368500e+15,5.402359539995787996e-01
1.650461917194293250e+15,5.407741917749572247e-01
1.650461917196218000e+15,5.419111465846739861e-01
1.650461917198142750e+15,5.430481013943906365e-01
1.650461917200067500e+15,5.441850562041072870e-01
1.650461917201992250e+15,5.453220110138239374e-01
1.650461917203916750e+15,5.464588181478932105e-01
1.650461917205841500e+15,5.475957729576098609e-01
1.650461917207766250e+15,5.487327277673265113e-01
1.650461917209691000e+15,5.498696825770432728e-01
1.650461917211615750e+15,5.510066373867599232e-01
1.650461917213540500e+15,5.521435921964765736e-01
1.650461917215465000e+15,5.497600234552247889e-01
1.650461917217389750e+15,5.470752955429876163e-01
1.650461917219314500e+15,5.443905676307505548e-01
1.650461917221239250e+15,5.417058397185134933e-01
1.650461917223164000e+15,5.398146364068510117e-01
1.650461917225088750e+15,5.393959863506323504e-01
1.650461917227013250e+15,5.389773906716126550e-01
1.650461917228938000e+15,5.385587406153937717e-01
1.650461917230862750e+15,5.381400905591749995e-01
1.650461917232787500e+15,5.377214405029562272e-01
1.650461917234712250e+15,5.373027904467373439e-01
1.650461917236637000e+15,5.368841403905184606e-01
1.650461917238561500e+15,5.364655447114988762e-01
1.650461917240486250e+15,5.360468946552801039e-01
1.650461917242411000e+15,5.356282445990612207e-01
1.650461917244335750e+15,5.352095945428424484e-01
1.650461917246260500e+15,5.347909444866236761e-01
1.650461917248185250e+15,5.343722944304046818e-01
1.650461917250109750e+15,5.339536987513850974e-01
1.650461917252034500e+15,5.327568917617432342e-01
1.650461917253959250e+15,5.312159055814287267e-01
1.650461917255884000e+15,5.296749194011141082e-01
1.650461917257808750e+15,5.281339332207994897e-01
1.650461917259733500e+15,5.276893910326608816e-01
1.650461917261658000e+15,5.276893910326609927e-01
1.650461917263582750e+15,5.276893910326609927e-01
1.650461917265507500e+15,5.276893910326608816e-01
1.650461917267432250e+15,5.276893910326609927e-01
1.650461917269357000e+15,5.276893910326609927e-01
1.650461917271281750e+15,5.276893910326609927e-01
1.650461917273206250e+15,5.276893910326609927e-01
1.650461917275131000e+15,5.276893910326609927e-01
1.650461917277055750e+15,5.276893910326609927e-01
1.650461917278980500e+15,5.276893910326609927e-01
1.650461917280905250e+15,5.276893910326609927e-01
1.650461917282830000e+15,5.276893910326609927e-01
1.650461917284754750e+15,5.276893910326609927e-01
1.650461917286679250e+15,5.276893910326609927e-01
1.650461917288604000e+15,5.276893910326609927e-01
1.650461917290528750e+15,5.276893910326609927e-01
1.650461917292453500e+15,5.273018389481050061e-01
1.650461917294378250e+15,5.264852643725721482e-01
1.650461917296303000e+15,5.256686897970392902e-01
1.650461917298227500e+15,5.248522212839270562e-01
1.650461917300152250e+15,5.240356467083941983e-01
1.650461917302077000e+15,5.232190721328614513e-01
1.650461917304001750e+15,5.224024975573285934e-01
1.650461917305926500e+15,5.215859229817957354e-01
1.650461917307851250e+15,5.219521712971232352e-01
1.650461917309775750e+15,5.223673233188199649e-01
1.650461917311700500e+15,5.227825292703712767e-01
1.650461917313625250e+15,5.231977352219226995e-01
1.650461917315550000e+15,5.236129411734740113e-01
1.650461917317474750e+15,5.240281471250254341e-01
1.650461917319399500e+15,5.244433530765768570e-01
1.650461917321324000e+15,5.248585050982734757e-01
1.650461917323248750e+15,5.252737110498248985e-01
1.650461917325173500e+15,5.256889170013763213e-01
1.650461917327098250e+15,5.261041229529276331e-01
1.650461917329023000e+15,5.265193289044790559e-01
1.650461917330947750e+15,5.269345348560303677e-01
1.650461917332872250e+15,5.273496868777270974e-01
1.650461917334797000e+15,5.276893910326593273e-01
1.650461917336721750e+15,5.276893910326592163e-01
1.650461917338646500e+15,5.276893910326592163e-01
1.650461917340571250e+15,5.276893910326592163e-01
1.650461917342496000e+15,5.276893910326592163e-01
1.650461917344420500e+15,5.276893910326592163e-01
1.650461917346345250e+15,5.276893910326592163e-01
1.650461917348270000e+15,5.276893910326594384e-01
1.650461917350194750e+15,5.276893910326597714e-01
1.650461917352119500e+15,5.276893910326601045e-01
1.650461917354044250e+15,5.276893910326604376e-01
1.650461917355968750e+15,5.276893910326607706e-01
1.650461917357893500e+15,5.276331589228443475e-01
1.650461917359818250e+15,5.271332385839545553e-01
1.650461917361743000e+15,5.266333182450648742e-01
1.650461917363667750e+15,5.261333979061751931e-01
1.650461917365592500e+15,5.256334775672854009e-01
1.650461917367517000e+15,5.251336221615479083e-01
1.650461917369441750e+15,5.246337018226581161e-01
1.650461917371366500e+15,5.241337814837684350e-01
1.650461917373291250e+15,5.236338611448787539e-01
1.650461917375216000e+15,5.231339408059889617e-01
1.650461917377140750e+15,5.226340204670991696e-01
1.650461917379065250e+15,5.221341650613616769e-01
1.650461917380990000e+15,5.216342447224718848e-01
1.650461917382914750e+15,5.215534678811186708e-01
1.650461917384839500e+15,5.215534678811186708e-01
1.650461917386764250e+15,5.215534678811186708e-01
1.650461917388689000e+15,5.215534678811186708e-01
1.650461917390613500e+15,5.215534678811186708e-01
1.650461917392538250e+15,5.215534678811187819e-01
1.650461917394463000e+15,5.215534678811186708e-01
1.650461917396387750e+15,5.214437268325560204e-01
1.650461917398312500e+15,5.204736965996252795e-01
1.650461917400237250e+15,5.195036663666944277e-01
1.650461917402161750e+15,5.185337621280788900e-01
1.650461917404086500e+15,5.175637318951480381e-01
1.650461917406011250e+15,5.165937016622171862e-01
1.650461917407936000e+15,5.156236714292864454e-01
1.650461917409860750e+15,5.162775896266488251e-01
1.650461917411785500e+15,5.173697033760416009e-01
1.650461917413710000e+15,5.184616752740576207e-01
1.650461917415634750e+15,5.195537890234502854e-01
1.650461917417559500e+15,5.206459027728429501e-01
1.650461917419484250e+15,5.215534678811186708e-01
1.650461917421409000e+15,5.215534678811187819e-01
1.650461917423333750e+15,5.215534678811186708e-01
1.650461917425258250e+15,5.215534678811187819e-01
1.650461917427183000e+15,5.215534678811186708e-01
1.650461917429107750e+15,5.215534678811186708e-01
1.650461917431032500e+15,5.215534678811186708e-01
1.650461917432957250e+15,5.215534678811186708e-01
1.650461917434882000e+15,5.215534678811186708e-01
1.650461917436806500e+15,5.215534678811186708e-01
1.650461917438731250e+15,5.215534678811186708e-01
1.650461917440656000e+15,5.215534678811186708e-01
1.650461917442580750e+15,5.215534678811186708e-01
1.650461917444505500e+15,5.215534678811186708e-01
1.650461917446430250e+15,5.215534678811186708e-01
1.650461917448354750e+15,5.215534678811186708e-01
1.650461917450279500e+15,5.215534678811186708e-01
1.650461917452204250e+15,5.215534678811186708e-01
1.650461917454129000e+15,5.215534678811186708e-01
1.650461917456053750e+15,5.215534678811186708e-01
1.650461917457978500e+15,5.215534678811186708e-01
1.650461917459903000e+15,5.215534678811186708e-01
1.650461917461827750e+15,5.215534678811186708e-01
1.650461917463752500e+15,5.215534678811186708e-01
1.650461917465677250e+15,5.215534678811186708e-01
1.650461917467602000e+15,5.215534678811185598e-01
1.650461917469526750e+15,5.215534678811184488e-01
1.650461917471451250e+15,5.215534678811182268e-01
1.650461917473376000e+15,5.215534678811181157e-01
1.650461917475300750e+15,5.215534678811178937e-01
1.650461917477225500e+15,5.215534678811177827e-01
1.650461917479150250e+15,5.215534678811177827e-01
1.650461917481075000e+15,5.215534678811177827e-01
1.650461917482999500e+15,5.215534678811177827e-01
1.650461917484924250e+15,5.215534678811177827e-01
1.650461917486849000e+15,5.215534678811177827e-01
1.650461917488773750e+15,5.215534678811177827e-01
1.650461917490698500e+15,5.215534678811177827e-01
1.650461917492623250e+15,5.215534678811177827e-01
1.650461917494547750e+15,5.215534678811177827e-01
1.650461917496472500e+15,5.215534678811177827e-01
1.650461917498397250e+15,5.215534678811177827e-01
1.650461917500322000e+15,5.215534678811178937e-01
1.650461917502246750e+15,5.215534678811180047e-01
1.650461917504171500e+15,5.215534678811182268e-01
1.650461917506096000e+15,5.215534678811184488e-01
1.650461917508020750e+15,5.215534678811186708e-01
1.650461917509945500e+15,5.215534678811186708e-01
1.650461917511870250e+15,5.215534678811186708e-01
1.650461917513795000e+15,5.215534678811186708e-01
1.650461917515719750e+15,5.215534678811186708e-01
1.650461917517644250e+15,5.215534678811186708e-01
1.650461917519569000e+15,5.215534678811186708e-01
1.650461917521493750e+15,5.215534678811186708e-01
1.650461917523418500e+15,5.215534678811186708e-01
1.650461917525343250e+15,5.215534678811186708e-01
1.650461917527268000e+15,5.215534678811186708e-01
1.650461917529192500e+15,5.215534678811186708e-01
1.650461917531117250e+15,5.215534678811186708e-01
1.650461917533042000e+15,5.215534678811186708e-01
1.650461917534966750e+15,5.215534678811185598e-01
1.650461917536891500e+15,5.215534678811186708e-01
1.650461917538816250e+15,5.215534678811186708e-01
1.650461917540740750e+15,5.215534678811186708e-01
1.650461917542665500e+15,5.215534678811186708e-01
1.650461917544590250e+15,5.215534678811186708e-01
1.650461917546515000e+15,5.215534678811186708e-01
1.650461917548439750e+15,5.215534678811186708e-01
1.650461917550364500e+15,5.215534678811185598e-01
1.650461917552289000e+15,5.215534678811184488e-01
1.650461917554213750e+15,5.215534678811181157e-01
1.650461917556138500e+15,5.215534678811180047e-01
1.650461917558063250e+15,5.215534678811177827e-01
1.650461917559988000e+15,5.215534678811177827e-01
1.650461917561912750e+15,5.215534678811177827e-01
1.650461917563837250e+15,5.215534678811177827e-01
1.650461917565762000e+15,5.215534678811177827e-01
1.650461917567686750e+15,5.215534678811177827e-01
1.650461917569611500e+15,5.215534678811177827e-01
1.650461917571536250e+15,5.215534678811177827e-01
1.650461917573461000e+15,5.215534678811177827e-01
1.650461917575385500e+15,5.215534678811177827e-01
1.650461917577310250e+15,5.215534678811177827e-01
1.650461917579235000e+15,5.215534678811177827e-01
1.650461917581159750e+15,5.215534678811177827e-01
1.650461917583084500e+15,5.215534678811180047e-01
1.650461917585009250e+15,5.215534678811181157e-01
1.650461917586933750e+15,5.215534678811183378e-01
1.650461917588858500e+15,5.215534678811186708e-01
1.650461917590783250e+15,5.215534678811188929e-01
1.650461917592708000e+15,5.215534678811191149e-01
1.650461917594632750e+15,5.215534678811193370e-01
1.650461917596557500e+15,5.215534678811196700e-01
1.650461917598482000e+15,5.215534678811195590e-01
1.650461917600406750e+15,5.215534678811195590e-01
1.650461917602331500e+15,5.215534678811195590e-01
1.650461917604256250e+15,5.215534678811195590e-01
1.650461917606181000e+15,5.215534678811195590e-01
1.650461917608105750e+15,5.215534678811196700e-01
1.650461917610030250e+15,5.215534678811195590e-01
1.650461917611955000e+15,5.215534678811196700e-01
1.650461917613879750e+15,5.215534678811195590e-01
1.650461917615804500e+15,5.215534678811194480e-01
1.650461917617729250e+15,5.215534678811192260e-01
1.650461917619654000e+15,5.215534678811191149e-01
1.650461917621578500e+15,5.215534678811188929e-01
1.650461917623503250e+15,5.215534678811186708e-01
1.650461917625428000e+15,5.215534678811185598e-01
1.650461917627352750e+15,5.215534678811183378e-01
1.650461917629277500e+15,5.215534678811182268e-01
1.650461917631202250e+15,5.215534678811180047e-01
1.650461917633127000e+15,5.215534678811178937e-01
1.650461917635051500e+15,5.210213281836041377e-01
1.650461917636976250e+15,5.193463717113403488e-01
1.650461917638901000e+15,5.176714152390766710e-01
1.650461917640825750e+15,5.159964587668128821e-01
1.650461917642750500e+15,5.143215022945490933e-01
1.650461917644675250e+15,5.126465458222853044e-01
1.650461917646599750e+15,5.109718069050899203e-01
1.650461917648524500e+15,5.092968504328262425e-01
1.650461917650449250e+15,5.081858594590455969e-01
1.650461917652374000e+15,5.070800431588650126e-01
1.650461917654298750e+15,5.059742268586843172e-01
1.650461917656223500e+15,5.048684105585036219e-01
1.650461917658148000e+15,5.037627378894828922e-01
1.650461917660072750e+15,5.026569215893023079e-01
1.650461917661997500e+15,5.015511052891216126e-01
1.650461917663922250e+15,5.004452889889410283e-01
1.650461917665847000e+15,4.993394726887602775e-01
1.650461917667771750e+15,4.982336563885796377e-01
1.650461917669696250e+15,4.971279837195589080e-01
1.650461917671621000e+15,4.977510016907962243e-01
1.650461917673545750e+15,4.985809467425129649e-01
1.650461917675470500e+15,4.994108917942297055e-01
1.650461917677395250e+15,5.002408368459464461e-01
1.650461917679320000e+15,5.010707818976631867e-01
1.650461917681244500e+15,5.019006191503083691e-01
1.650461917683169250e+15,5.027305642020252208e-01
1.650461917685094000e+15,5.031456984264908172e-01
1.650461917687018750e+15,5.031456984264907062e-01
1.650461917688943500e+15,5.031456984264905952e-01
1.650461917690868250e+15,5.031456984264904841e-01
1.650461917692792750e+15,5.031456984264903731e-01
1.650461917694717500e+15,5.031456984264903731e-01
1.650461917696642250e+15,5.031456984264902621e-01
1.650461917698567000e+15,5.031456984264901511e-01
1.650461917700491750e+15,5.031456984264901511e-01
1.650461917702416500e+15,5.031456984264900401e-01
1.650461917704341000e+15,5.031456984264899290e-01
1.650461917706265750e+15,5.048606026516275769e-01
1.650461917708190500e+15,5.071516051901204802e-01
1.650461917710115250e+15,5.094426077286133836e-01
1.650461917712040000e+15,5.117336102671063980e-01
1.650461917713964750e+15,5.140246128055993013e-01
1.650461917715889250e+15,5.145131046207117587e-01
1.650461917717814000e+15,5.122050885789037888e-01
1.650461917719738750e+15,5.098970725370959300e-01
1.650461917721663500e+15,5.075890564952878492e-01
1.650461917723588250e+15,5.052810404534798794e-01
1.650461917725513000e+15,5.029730244116719096e-01
1.650461917727437500e+15,5.006653081511396319e-01
1.650461917729362250e+15,4.983572921093316621e-01
1.650461917731287000e+15,4.960492760675236923e-01
1.650461917733211750e+15,4.937412600257157225e-01
1.650461917735136500e+15,4.914332439839077526e-01
1.650461917737061250e+15,4.891252279420997828e-01
1.650461917738985750e+15,4.868175116815675052e-01
1.650461917740910500e+15,4.847379289718621309e-01
1.650461917742835250e+15,4.847379289718622419e-01
1.650461917744760000e+15,4.847379289718624085e-01
1.650461917746684750e+15,4.847379289718625195e-01
1.650461917748609500e+15,4.847379289718626860e-01
1.650461917750534000e+15,4.847379289718628526e-01
1.650461917752458750e+15,4.847379289718629636e-01
1.650461917754383500e+15,4.847379289718631856e-01
1.650461917756308250e+15,4.847379289718632966e-01
1.650461917758233000e+15,4.847379289718635187e-01
1.650461917760157750e+15,4.847379289718636297e-01
1.650461917762082250e+15,4.847379289718637962e-01
1.650461917764007000e+15,4.861795962409455329e-01
1.650461917765931750e+15,4.889378955214276345e-01
1.650461917767856500e+15,4.916961948019098472e-01
1.650461917769781250e+15,4.944544940823919488e-01
1.650461917771706000e+15,4.972127933628741614e-01
1.650461917773630500e+15,4.999707343761423117e-01
1.650461917775555250e+15,5.027290336566244688e-01
1.650461917777480000e+15,5.017633603002505938e-01
1.650461917779404750e+15,5.001350522779244301e-01
1.650461917781329500e+15,4.985067442555984329e-01
1.650461917783254250e+15,4.968784362332723248e-01
1.650461917785178750e+15,4.952503397069875635e-01
1.650461917787103500e+15,4.936220316846615108e-01
1.650461917789028250e+15,4.919937236623354027e-01
1.650461917790953000e+15,4.908738521234061736e-01
1.650461917792877750e+15,4.908738521234061736e-01
1.650461917794802500e+15,4.908738521234061736e-01
1.650461917796727000e+15,4.908738521234061736e-01
1.650461917798651750e+15,4.908738521234061736e-01
1.650461917800576500e+15,4.908738521234061736e-01
1.650461917802501250e+15,4.908738521234061736e-01
1.650461917804426000e+15,4.877996846216379745e-01
1.650461917806350750e+15,4.839773306816972376e-01
1.650461917808275250e+15,4.801554732158362926e-01
1.650461917810200000e+15,4.763331192758955002e-01
1.650461917812124750e+15,4.725107653359547077e-01
1.650461917814049500e+15,4.686884113960140263e-01
1.650461917815974250e+15,4.671613417576531146e-01
1.650461917817899000e+15,4.693313221133595392e-01
1.650461917819823500e+15,4.715010206168310791e-01
1.650461917821748250e+15,4.736710009725375037e-01
1.650461917823673000e+15,4.758409813282438172e-01
1.650461917825597750e+15,4.780109616839501308e-01
1.650461917827522500e+15,4.786020058203205862e-01
1.650461917829447250e+15,4.786020058203206418e-01
1.650461917831371750e+15,4.786020058203206418e-01
1.650461917833296500e+15,4.786020058203206418e-01
1.650461917835221250e+15,4.786020058203206418e-01
1.650461917837146000e+15,4.786020058203206418e-01
1.650461917839070750e+15,4.786020058203205862e-01
1.650461917840995500e+15,4.786020058203205862e-01
1.650461917842920000e+15,4.786020058203206418e-01
1.650461917844844750e+15,4.786020058203206418e-01
1.650461917846769500e+15,4.782230682369240093e-01
1.650461917848694250e+15,4.772381119727205911e-01
1.650461917850619000e+15,4.762531557085171730e-01
1.650461917852543750e+15,4.752681994443137548e-01
1.650461917854468250e+15,4.742833711131229091e-01
1.650461917856393000e+15,4.732984148489194909e-01
1.650461917858317750e+15,4.723134585847160727e-01
1.650461917860242500e+15,4.713285023205127100e-01
1.650461917862167250e+15,4.703435460563092363e-01
1.650461917864092000e+15,4.693585897921058736e-01
1.650461917866016500e+15,4.683737614609150279e-01
1.650461917867941250e+15,4.673888051967116652e-01
1.650461917869866000e+15,4.664038489325082470e-01
1.650461917871790750e+15,4.663301595172360536e-01
1.650461917873715500e+15,4.663301595172359981e-01
1.650461917875640250e+15,4.663301595172360536e-01
1.650461917877564750e+15,4.663301595172360536e-01
1.650461917879489500e+15,4.663301595172361091e-01
1.650461917881414250e+15,4.663301595172359981e-01
1.650461917883339000e+15,4.663301595172360536e-01
1.650461917885263750e+15,4.663301595172359426e-01
1.650461917887188500e+15,4.663301595172359981e-01
1.650461917889113000e+15,4.663301595172359426e-01
1.650461917891037750e+15,4.663301595172359426e-01
1.650461917892962500e+15,4.663301595172359981e-01
1.650461917894887250e+15,4.663301595172359426e-01
1.650461917896812000e+15,4.663301595172358871e-01
1.650461917898736750e+15,4.663301595172357761e-01
1.650461917900661250e+15,4.663301595172356095e-01
1.650461917902586000e+15,4.663301595172354985e-01
1.650461917904510750e+15,4.663301595172353875e-01
1.650461917906435500e+15,4.663301595172351655e-01
1.650461917908360250e+15,4.663301595172350544e-01
1.650461917910285000e+15,4.663301595172351099e-01
1.650461917912209500e+15,4.663301595172351099e-01
1.650461917914134250e+15,4.663301595172351099e-01
1.650461917916059000e+15,4.663301595172351099e-01
1.650461917917983750e+15,4.663301595172351099e-01
1.650461917919908500e+15,4.663301595172351099e-01
1.650461917921833250e+15,4.663301595172351655e-01
1.650461917923757750e+15,4.663301595172351099e-01
1.650461917925682500e+15,4.663301595172351099e-01
1.650461917927607250e+15,4.663301595172351099e-01
1.650461917929532000e+15,4.663301595172351099e-01
1.650461917931456750e+15,4.663301595172351099e-01
1.650461917933381500e+15,4.663301595172351099e-01
1.650461917935306000e+15,4.663301595172351099e-01
1.650461917937230750e+15,4.663301595172351099e-01
1.650461917939155500e+15,4.663301595172351099e-01
1.650461917941080250e+15,4.663301595172349989e-01
1.650461917943005000e+15,4.663301595172348879e-01
1.650461917944929750e+15,4.663301595172347769e-01
1.650461917946854250e+15,4.663301595172346659e-01
1.650461917948779000e+15,4.663301595172345548e-01
1.650461917950703750e+15,4.663301595172344438e-01
1.650461917952628500e+15,4.663301595172343328e-01
1.650461917954553250e+15,4.663301595172342773e-01
1.650461917956478000e+15,4.663301595172343883e-01
1.650461917958402500e+15,4.663301595172344438e-01
1.650461917960327250e+15,4.663301595172345548e-01
1.650461917962252000e+15,4.663301595172346103e-01
1.650461917964176750e+15,4.663301595172346659e-01
1.650461917966101500e+15,4.663301595172347769e-01
1.650461917968026250e+15,4.663301595172348879e-01
1.650461917969950750e+15,4.663301595172349989e-01
1.650461917971875500e+15,4.663301595172350544e-01
1.650461917973800250e+15,4.663301595172351655e-01
1.650461917975725000e+15,4.663301595172349989e-01
1.650461917977649750e+15,4.663301595172348879e-01
1.650461917979574500e+15,4.663301595172347769e-01
1.650461917981499000e+15,4.663301595172346659e-01
1.650461917983423750e+15,4.663301595172345548e-01
1.650461917985348500e+15,4.663301595172344438e-01
1.650461917987273250e+15,4.663301595172343328e-01
1.650461917989198000e+15,4.663301595172342218e-01
1.650461917991122750e+15,4.663301595172342218e-01
1.650461917993047500e+15,4.663301595172342218e-01
1.650461917994972000e+15,4.663301595172342218e-01
1.650461917996896750e+15,4.663301595172342218e-01
1.650461917998821500e+15,4.663301595172342218e-01
1.650461918000746250e+15,4.663301595172342773e-01
1.650461918002671000e+15,4.663301595172342218e-01
1.650461918004595750e+15,4.663301595172342218e-01
1.650461918006520250e+15,4.663301595172342773e-01
1.650461918008445000e+15,4.663301595172342773e-01
1.650461918010369750e+15,4.663301595172342773e-01
1.650461918012294500e+15,4.663301595172342773e-01
1.650461918014219250e+15,4.663301595172342218e-01
1.650461918016144000e+15,4.663301595172342218e-01
1.650461918018068500e+15,4.663301595172342218e-01
1.650461918019993250e+15,4.663301595172342218e-01
1.650461918021918000e+15,4.663301595172343328e-01
1.650461918023842750e+15,4.663301595172342218e-01
1.650461918025767500e+15,4.663301595172342773e-01
1.650461918027692250e+15,4.663301595172342218e-01
1.650461918029616750e+15,4.663301595172342773e-01
1.650461918031541500e+15,4.663301595172342773e-01
1.650461918033466250e+15,4.663301595172342218e-01
1.650461918035391000e+15,4.663301595172342218e-01
1.650461918037315750e+15,4.663301595172342218e-01
1.650461918039240500e+15,4.663301595172342218e-01
1.650461918041165000e+15,4.663301595172342773e-01
1.650461918043089750e+15,4.663301595172342218e-01
1.650461918045014500e+15,4.663301595172342218e-01
1.650461918046939250e+15,4.663301595172342773e-01
1.650461918048864000e+15,4.663301595172342218e-01
1.650461918050788750e+15,4.663301595172342218e-01
1.650461918052713250e+15,4.663301595172342218e-01
1.650461918054638000e+15,4.663301595172342773e-01
1.650461918056562750e+15,4.662390966547078075e-01
1.650461918058487500e+15,4.651209260349456476e-01
1.650461918060412250e+15,4.640027554151835432e-01
1.650461918062337000e+15,4.628845847954213832e-01
1.650461918064261500e+15,4.617665594114847005e-01
1.650461918066186250e+15,4.606483887917224851e-01
1.650461918068111000e+15,4.599453591420523679e-01
1.650461918070035750e+15,4.595262633973421496e-01
1.650461918071960500e+15,4.591071676526319867e-01
1.650461918073885250e+15,4.586880719079217683e-01
1.650461918075809750e+15,4.582690305982999313e-01
1.650461918077734500e+15,4.578499348535897129e-01
1.650461918079659250e+15,4.574308391088796055e-01
1.650461918081584000e+15,4.570117433641693871e-01
1.650461918083508750e+15,4.565926476194591688e-01
1.650461918085433500e+15,4.561735518747490614e-01
1.650461918087358000e+15,4.557545105651271689e-01
1.650461918089282750e+15,4.553354148204169505e-01
1.650461918091207500e+15,4.549163190757067321e-01
1.650461918093132250e+15,4.544972233309966247e-01
1.650461918095057000e+15,4.540781275862864064e-01
1.650461918096981750e+15,4.532514470198771850e-01
1.650461918098906250e+15,4.524046500241695190e-01
1.650461918100831000e+15,4.515577430262540659e-01
1.650461918102755750e+15,4.507108360283386683e-01
1.650461918104680500e+15,4.498639290304231597e-01
1.650461918106605250e+15,4.490170220325077621e-01
1.650461918108530000e+15,4.481701150345923090e-01
1.650461918110454500e+15,4.488048300510759647e-01
1.650461918112379250e+15,4.500523338100208548e-01
1.650461918114304000e+15,4.512998375689657449e-01
1.650461918116228750e+15,4.525473413279106349e-01
1.650461918118153500e+15,4.537948450868554695e-01
1.650461918120078250e+15,4.520656147489461874e-01
1.650461918122002750e+15,4.495397144055999217e-01
1.650461918123927500e+15,4.470134859380209269e-01
1.650461918125852250e+15,4.444872574704419321e-01
1.650461918127777000e+15,4.419610290028628818e-01
1.650461918129701750e+15,4.432436927453517472e-01
1.650461918131626500e+15,4.448090871500084420e-01
1.650461918133551000e+15,4.463742782302846379e-01
1.650461918135475750e+15,4.479396726349412217e-01
1.650461918137400500e+15,4.495050670395978609e-01
1.650461918139325250e+15,4.510704614442544447e-01
1.650461918141250000e+15,4.526358558489110839e-01
1.650461918143174750e+15,4.539405466427970381e-01
1.650461918145099250e+15,4.526509775584741657e-01
1.650461918147024000e+15,4.513612409541352122e-01
1.650461918148948750e+15,4.500715043497962586e-01
1.650461918150873500e+15,4.487817677454573051e-01
1.650461918152798250e+15,4.474920311411183516e-01
1.650461918154723000e+15,4.462022945367793980e-01
1.650461918156647500e+15,4.449127254524565811e-01
1.650461918158572250e+15,4.436229888481175720e-01
1.650461918160497000e+15,4.423332522437786185e-01
1.650461918162421750e+15,4.415213587825375097e-01
1.650461918164346500e+15,4.410611406356303443e-01
1.650461918166271250e+15,4.406009224887232345e-01
1.650461918168195750e+15,4.401407641181697694e-01
1.650461918170120500e+15,4.396805459712626041e-01
1.650461918172045250e+15,4.392203278243554387e-01
1.650461918173970000e+15,4.387601096774483289e-01
1.650461918175894750e+15,4.382998915305411636e-01
1.650461918177819500e+15,4.378396733836339427e-01
1.650461918179744000e+15,4.373795150130804776e-01
1.650461918181668750e+15,4.369192968661733678e-01
1.650461918183593500e+15,4.364590787192662025e-01
1.650461918185518250e+15,4.359988605723590926e-01
1.650461918187443000e+15,4.356505437595225572e-01
1.650461918189367750e+15,4.356505437595225572e-01
1.650461918191292250e+15,4.356505437595226127e-01
1.650461918193217000e+15,4.356505437595225572e-01
1.650461918195141750e+15,4.356505437595226127e-01
1.650461918197066500e+15,4.356505437595226127e-01
1.650461918198991250e+15,4.356505437595226127e-01
1.650461918200916000e+15,4.356505437595226127e-01
1.650461918202840500e+15,4.356505437595225572e-01
1.650461918204765250e+15,4.356505437595225572e-01
1.650461918206690000e+15,4.356505437595225572e-01
1.650461918208614750e+15,4.356505437595226127e-01
1.650461918210539500e+15,4.356505437595226127e-01
1.650461918212464250e+15,4.365538525549483850e-01
1.650461918214388750e+15,4.384429237603784113e-01
1.650461918216313500e+15,4.403322403634709059e-01
1.650461918218238250e+15,4.422215569665634005e-01
1.650461918220163000e+15,4.441108735696558396e-01
1.650461918222087750e+15,4.460001901727482787e-01
1.650461918224012500e+15,4.478895067758407733e-01
1.650461918225937000e+15,4.444366007537046692e-01
1.650461918227861750e+15,4.408885981242439134e-01
1.650461918229786500e+15,4.373405954947832130e-01
1.650461918231711250e+15,4.337925928653225127e-01
1.650461918233636000e+15,4.302445902358617569e-01
1.650461918235560750e+15,4.298964455161050080e-01
1.650461918237485250e+15,4.303771140594819800e-01
1.650461918239410000e+15,4.308578450435635032e-01
1.650461918241334750e+15,4.313385760276450265e-01
1.650461918243259500e+15,4.318193070117265497e-01
1.650461918245184250e+15,4.323000379958081840e-01
1.650461918247109000e+15,4.327807689798897073e-01
1.650461918249033500e+15,4.332614375232667348e-01
1.650461918250958250e+15,4.337421685073482580e-01
1.650461918252883000e+15,4.342228994914297813e-01
1.650461918254807750e+15,4.347036304755113045e-01
1.650461918256732500e+15,4.351843614595928833e-01
1.650461918258657250e+15,4.356204200744330790e-01
1.650461918260581750e+15,4.346251748906875267e-01
1.650461918262506500e+15,4.336298004207398415e-01
1.650461918264431250e+15,4.326344259507921564e-01
1.650461918266356000e+15,4.316390514808444157e-01
1.650461918268280750e+15,4.306436770108967860e-01
1.650461918270205500e+15,4.296483025409490453e-01
1.650461918272130000e+15,4.295146206079803464e-01
1.650461918274054750e+15,4.295146206079804019e-01
1.650461918275979500e+15,4.295146206079804019e-01
1.650461918277904250e+15,4.295146206079804019e-01
1.650461918279829000e+15,4.295146206079804019e-01
1.650461918281753750e+15,4.295146206079804019e-01
1.650461918283678250e+15,4.295146206079804019e-01
1.650461918285603000e+15,4.295146206079804019e-01
1.650461918287527750e+15,4.295146206079802909e-01
1.650461918289452500e+15,4.295146206079804019e-01
1.650461918291377250e+15,4.295146206079804019e-01
1.650461918293302000e+15,4.295146206079804019e-01
1.650461918295226500e+15,4.295146206079803464e-01
1.650461918297151250e+15,4.291486145107817896e-01
1.650461918299076000e+15,4.285302513459076090e-01
1.650461918301000750e+15,4.279118881810333730e-01
1.650461918302925500e+15,4.272935250161591370e-01
1.650461918304850250e+15,4.266751618512848454e-01
1.650461918306774750e+15,4.260568790037460030e-01
1.650461918308699500e+15,4.254385158388718224e-01
1.650461918310624250e+15,4.248201526739975309e-01
1.650461918312549000e+15,4.242017895091232949e-01
1.650461918314473750e+15,4.235834263442491143e-01
1.650461918316398500e+15,4.233786974564370253e-01
1.650461918318323000e+15,4.233786974564370253e-01
1.650461918320247750e+15,4.233786974564370809e-01
1.650461918322172500e+15,4.233786974564370809e-01
1.650461918324097250e+15,4.233786974564370253e-01
1.650461918326022000e+15,4.233786974564370809e-01
1.650461918327946750e+15,4.233786974564370809e-01
1.650461918329871250e+15,4.233786974564370809e-01
1.650461918331796000e+15,4.233786974564370809e-01
1.650461918333720750e+15,4.233786974564370253e-01
1.650461918335645500e+15,4.233786974564370809e-01
1.650461918337570250e+15,4.233786974564370809e-01
1.650461918339495000e+15,4.233786974564370809e-01
1.650461918341419750e+15,4.233786974564370253e-01
1.650461918343344250e+15,4.233786974564370809e-01
1.650461918345269000e+15,4.233786974564370253e-01
1.650461918347193750e+15,4.233786974564370809e-01
1.650461918349118500e+15,4.233786974564370253e-01
1.650461918351043250e+15,4.233786974564370253e-01
1.650461918352968000e+15,4.233786974564369143e-01
1.650461918354892500e+15,4.233786974564368588e-01
1.650461918356817250e+15,4.233786974564368588e-01
1.650461918358742000e+15,4.233786974564367478e-01
1.650461918360666750e+15,4.233786974564366923e-01
1.650461918362591500e+15,4.233786974564365813e-01
1.650461918364516250e+15,4.233786974564365257e-01
1.650461918366440750e+15,4.233786974564364702e-01
1.650461918368365500e+15,4.233786974564363592e-01
1.650461918370290250e+15,4.233786974564363037e-01
1.650461918372215000e+15,4.233786974564362482e-01
1.650461918374139750e+15,4.221768757364154356e-01
1.650461918376064500e+15,4.205135959552829816e-01
1.650461918377989000e+15,4.188505322125686270e-01
1.650461918379913750e+15,4.171872524314361730e-01
1.650461918381838500e+15,4.155239726503037190e-01
1.650461918383763250e+15,4.138606928691712650e-01
1.650461918385688000e+15,4.121974130880388110e-01
1.650461918387612750e+15,4.111068511533514935e-01
1.650461918389537250e+15,4.111068511533514935e-01
1.650461918391462000e+15,4.111068511533514935e-01
1.650461918393386750e+15,4.111068511533515490e-01
1.650461918395311500e+15,4.111068511533515490e-01
1.650461918397236250e+15,4.111068511533515490e-01
1.650461918399161000e+15,4.111068511533515490e-01
1.650461918401085500e+15,4.111068511533515490e-01
1.650461918403010250e+15,4.111068511533514935e-01
1.650461918404935000e+15,4.111068511533515490e-01
1.650461918406859750e+15,4.111068511533515490e-01
1.650461918408784500e+15,4.111068511533515490e-01
1.650461918410709250e+15,4.111068511533515490e-01
1.650461918412633750e+15,4.111068511533516046e-01
1.650461918414558500e+15,4.111068511533515490e-01
1.650461918416483250e+15,4.111068511533515490e-01
1.650461918418408000e+15,4.111068511533515490e-01
1.650461918420332750e+15,4.111068511533516046e-01
1.650461918422257500e+15,4.111068511533515490e-01
1.650461918424182000e+15,4.111068511533514935e-01
1.650461918426106750e+15,4.111068511533515490e-01
1.650461918428031500e+15,4.111068511533514935e-01
1.650461918429956250e+15,4.111068511533515490e-01
1.650461918431881000e+15,4.111068511533515490e-01
1.650461918433805750e+15,4.111068511533515490e-01
1.650461918435730250e+15,4.110223954849072658e-01
1.650461918437655000e+15,4.097743644074551272e-01
1.650461918439579750e+15,4.085263333300030442e-01
1.650461918441504500e+15,4.072783022525509056e-01
1.650461918443429250e+15,4.060302711750988225e-01
1.650461918445354000e+15,4.049709280018101154e-01
1.650461918447278500e+15,4.049709280018101709e-01
1.650461918449203250e+15,4.049709280018101709e-01
1.650461918451128000e+15,4.049709280018101709e-01
1.650461918453052750e+15,4.049709280018101154e-01
1.650461918454977500e+15,4.049709280018101154e-01
1.650461918456902250e+15,4.049709280018101154e-01
1.650461918458826750e+15,4.048292457240528219e-01
1.650461918460751500e+15,4.038945311941016802e-01
1.650461918462676250e+15,4.029598166641505386e-01
1.650461918464601000e+15,4.020251021341993969e-01
1.650461918466525750e+15,4.010903876042483107e-01
1.650461918468450500e+15,4.001556730742971135e-01
1.650461918470375000e+15,3.992210799516104913e-01
1.650461918472299750e+15,3.995498712192939172e-01
1.650461918474224500e+15,4.007677858409223193e-01
1.650461918476149250e+15,4.019857004625508878e-01
1.650461918478074000e+15,4.032036150841792344e-01
1.650461918479998750e+15,4.044215297058076919e-01
1.650461918481923250e+15,4.049709280018092272e-01
1.650461918483848000e+15,4.049709280018092272e-01
1.650461918485772750e+15,4.049709280018092272e-01
1.650461918487697500e+15,4.049709280018092272e-01
1.650461918489622250e+15,4.049709280018092827e-01
1.650461918491547000e+15,4.049709280018092272e-01
1.650461918493471500e+15,4.051557067539517387e-01
1.650461918495396250e+15,4.057982594245682084e-01
1.650461918497321000e+15,4.064408120951847336e-01
1.650461918499245750e+15,4.070833647658012033e-01
1.650461918501170500e+15,4.077259174364176730e-01
1.650461918503095250e+15,4.083684701070341427e-01
1.650461918505019750e+15,4.090109393184130360e-01
1.650461918506944500e+15,4.096534919890294502e-01
1.650461918508869250e+15,4.102960446596459754e-01
1.650461918510794000e+15,4.109385973302625006e-01
1.650461918512718750e+15,4.093821849404353230e-01
1.650461918514643500e+15,4.070457068173942150e-01
1.650461918516568000e+15,4.047095321724831773e-01
1.650461918518492750e+15,4.023730540494420693e-01
1.650461918520417500e+15,4.000365759264010168e-01
1.650461918522342250e+15,3.977000978033599088e-01
1.650461918524267000e+15,3.953636196803188563e-01
1.650461918526191750e+15,3.930271415572777483e-01
1.650461918528116250e+15,3.921233059387011499e-01
1.650461918530041000e+15,3.914533803566528358e-01
1.650461918531965750e+15,3.907834547746045217e-01
1.650461918533890500e+15,3.901135291925562631e-01
1.650461918535815250e+15,3.894436036105080046e-01
1.650461918537740000e+15,3.887736780284597460e-01
1.650461918539664500e+15,3.881038394610343278e-01
1.650461918541589250e+15,3.874339138789860693e-01
1.650461918543514000e+15,3.867639882969376997e-01
1.650461918545438750e+15,3.865631585471822618e-01
1.650461918547363500e+15,3.865631585471822618e-01
1.650461918549288250e+15,3.865631585471822618e-01
1.650461918551212750e+15,3.865631585471822618e-01
1.650461918553137500e+15,3.865631585471822618e-01
1.650461918555062250e+15,3.865631585471822618e-01
1.650461918556987000e+15,3.865631585471822618e-01
1.650461918558911750e+15,3.863465939458001763e-01
1.650461918560836500e+15,3.857777331931421250e-01
1.650461918562761000e+15,3.852089463280998771e-01
1.650461918564685750e+15,3.846400855754418258e-01
1.650461918566610500e+15,3.840712248227838299e-01
1.650461918568535250e+15,3.835023640701258341e-01
1.650461918570460000e+15,3.829335033174678937e-01
1.650461918572384750e+15,3.823646425648098424e-01
1.650461918574309250e+15,3.817958556997674835e-01
1.650461918576234000e+15,3.812269949471094876e-01
1.650461918578158750e+15,3.806581341944514918e-01
1.650461918580083500e+15,3.804272353956391628e-01
1.650461918582008250e+15,3.804272353956391628e-01
1.650461918583933000e+15,3.804272353956391628e-01
1.650461918585857500e+15,3.804272353956391628e-01
1.650461918587782250e+15,3.804272353956391628e-01
1.650461918589707000e+15,3.804272353956391628e-01
1.650461918591631750e+15,3.804272353956391628e-01
1.650461918593556500e+15,3.804272353956391628e-01
1.650461918595481250e+15,3.804272353956391628e-01
1.650461918597405750e+15,3.804272353956391628e-01
1.650461918599330500e+15,3.804272353956391628e-01
1.650461918601255250e+15,3.804272353956391628e-01
1.650461918603180000e+15,3.804272353956391628e-01
1.650461918605104750e+15,3.804272353956391073e-01
1.650461918607029500e+15,3.804272353956391073e-01
1.650461918608954000e+15,3.804272353956391073e-01
1.650461918610878750e+15,3.804272353956391073e-01
1.650461918612803500e+15,3.804272353956391073e-01
1.650461918614728250e+15,3.804272353956390518e-01
1.650461918616653000e+15,3.804272353956390518e-01
1.650461918618577750e+15,3.804272353956390518e-01
1.650461918620502250e+15,3.804272353956390518e-01
1.650461918622427000e+15,3.804272353956390518e-01
1.650461918624351750e+15,3.804272353956390518e-01
1.650461918626276500e+15,3.804272353956389963e-01
1.650461918628201250e+15,3.804272353956390518e-01
1.650461918630126000e+15,3.804272353956390518e-01
1.650461918632050500e+15,3.804272353956390518e-01
1.650461918633975250e+15,3.804272353956389963e-01
1.650461918635900000e+15,3.804272353956390518e-01
1.650461918637824750e+15,3.804272353956391073e-01
1.650461918639749500e+15,3.804272353956391073e-01
1.650461918641674250e+15,3.804272353956391073e-01
1.650461918643598750e+15,3.804272353956391073e-01
1.650461918645523500e+15,3.804272353956390518e-01
1.650461918647448250e+15,3.804272353956390518e-01
1.650461918649373000e+15,3.804272353956390518e-01
1.650461918651297750e+15,3.804272353956391073e-01
1.650461918653222500e+15,3.800291733268446603e-01
1.650461918655147000e+15,3.788849306809973227e-01
1.650461918657071750e+15,3.777405393936007494e-01
1.650461918658996500e+15,3.765961481062041760e-01
1.650461918660921250e+15,3.754517568188076027e-01
1.650461918662846000e+15,3.743073655314109738e-01
1.650461918664770750e+15,3.742913122440959528e-01
1.650461918666695250e+15,3.742913122440959528e-01
1.650461918668620000e+15,3.742913122440959528e-01
1.650461918670544750e+15,3.742913122440960083e-01
1.650461918672469500e+15,3.742913122440960083e-01
1.650461918674394250e+15,3.742913122440960083e-01
1.650461918676319000e+15,3.742913122440959528e-01
1.650461918678243500e+15,3.742913122440959528e-01
1.650461918680168250e+15,3.742913122440959528e-01
1.650461918682093000e+15,3.742913122440959528e-01
1.650461918684017750e+15,3.742913122440960083e-01
1.650461918685942500e+15,3.743105964898819082e-01
1.650461918687867250e+15,3.748772736208225709e-01
1.650461918689791750e+15,3.754438771477715542e-01
1.650461918691716500e+15,3.760105542787121613e-01
1.650461918693641250e+15,3.765772314096527129e-01
1.650461918695566000e+15,3.771439085405933200e-01
1.650461918697490750e+15,3.777105856715339272e-01
1.650461918699415500e+15,3.782772628024744788e-01
1.650461918701340250e+15,3.788439399334150859e-01
1.650461918703264750e+15,3.794105434603641247e-01
1.650461918705189500e+15,3.799772205913047318e-01
1.650461918707114250e+15,3.799722228479085473e-01
1.650461918709039000e+15,3.777620388700041465e-01
1.650461918710963750e+15,3.755518548920998012e-01
1.650461918712888500e+15,3.733416709141954559e-01
1.650461918714813000e+15,3.711317740104536633e-01
1.650461918716737750e+15,3.689215900325493736e-01
1.650461918718662500e+15,3.674828016306407319e-01
1.650461918720587250e+15,3.664533282967903371e-01
1.650461918722512000e+15,3.654238549629400534e-01
1.650461918724436750e+15,3.643943816290896587e-01
1.650461918726361250e+15,3.633650420104405088e-01
1.650461918728286000e+15,3.623355686765901140e-01
1.650461918730210750e+15,3.620194659410111981e-01
1.650461918732135500e+15,3.620194659410111981e-01
1.650461918734060250e+15,3.620194659410111981e-01
1.650461918735985000e+15,3.620194659410111981e-01
1.650461918737909500e+15,3.620194659410111981e-01
1.650461918739834250e+15,3.620194659410111981e-01
1.650461918741759000e+15,3.620194659410111981e-01
1.650461918743683750e+15,3.620194659410111981e-01
1.650461918745608500e+15,3.620194659410111981e-01
1.650461918747533250e+15,3.620194659410111981e-01
1.650461918749457750e+15,3.620194659410111981e-01
1.650461918751382500e+15,3.620194659410111981e-01
1.650461918753307250e+15,3.603566599099288226e-01
1.650461918755232000e+15,3.578069798395637768e-01
1.650461918757156750e+15,3.552572997691986756e-01
1.650461918759081500e+15,3.527076196988335743e-01
1.650461918761006000e+15,3.501582707987594967e-01
1.650461918762930750e+15,3.476085907283944509e-01
1.650461918764855500e+15,3.450589106580293497e-01
1.650461918766780250e+15,3.438513764846415355e-01
1.650461918768705000e+15,3.444056859789592084e-01
1.650461918770629750e+15,3.449599954732768259e-01
1.650461918772554250e+15,3.455142329699981141e-01
1.650461918774479000e+15,3.460685424643157315e-01
1.650461918776403750e+15,3.466228519586332935e-01
1.650461918778328500e+15,3.471771614529509664e-01
1.650461918780253250e+15,3.477314709472685283e-01
1.650461918782178000e+15,3.482857804415862013e-01
1.650461918784102500e+15,3.488400179383074340e-01
1.650461918786027250e+15,3.493943274326250514e-01
1.650461918787952000e+15,3.501864836977458539e-01
1.650461918789876750e+15,3.513966607738736592e-01
1.650461918791801500e+15,3.526068378500014089e-01
1.650461918793726250e+15,3.538170149261291586e-01
1.650461918795650750e+15,3.550270348159891287e-01
1.650461918797575500e+15,3.554129002896063150e-01
1.650461918799500250e+15,3.538024662422985522e-01
1.650461918801425000e+15,3.521920321949908450e-01
1.650461918803349750e+15,3.505815981476830823e-01
1.650461918805274500e+15,3.489711641003754306e-01
1.650461918807199000e+15,3.473609392275120999e-01
1.650461918809123750e+15,3.457505051802043927e-01
1.650461918811048500e+15,3.441400711328966855e-01
1.650461918812973250e+15,3.436116964863841217e-01
1.650461918814898000e+15,3.436116964863839551e-01
1.650461918816822750e+15,3.436116964863837886e-01
1.650461918818747250e+15,3.436116964863836221e-01
1.650461918820672000e+15,3.436116964863834555e-01
1.650461918822596750e+15,3.438178977386061042e-01
1.650461918824521500e+15,3.443038308395742764e-01
1.650461918826446250e+15,3.447897639405425041e-01
1.650461918828371000e+15,3.452756970415107318e-01
1.650461918830295500e+15,3.457615670260870133e-01
1.650461918832220250e+15,3.462475001270552410e-01
1.650461918834145000e+15,3.467334332280234133e-01
1.650461918836069750e+15,3.472193663289916410e-01
1.650461918837994500e+15,3.477052994299598132e-01
1.650461918839919250e+15,3.481912325309279854e-01
1.650461918841843750e+15,3.486771025155043779e-01
1.650461918843768500e+15,3.491630356164725502e-01
1.650461918845693250e+15,3.496489687174407779e-01
1.650461918847618000e+15,3.497476196379256663e-01
1.650461918849542750e+15,3.497476196379256663e-01
1.650461918851467500e+15,3.497476196379256108e-01
1.650461918853392000e+15,3.497476196379256663e-01
1.650461918855316750e+15,3.497476196379256663e-01
1.650461918857241500e+15,3.497476196379256663e-01
1.650461918859166250e+15,3.497476196379256663e-01
1.650461918861091000e+15,3.497476196379256663e-01
1.650461918863015750e+15,3.497476196379256663e-01
1.650461918864940250e+15,3.497476196379256663e-01
1.650461918866865000e+15,3.497476196379256663e-01
1.650461918868789750e+15,3.497476196379256663e-01
1.650461918870714500e+15,3.489830602753425381e-01
1.650461918872639250e+15,3.480472347534781519e-01
1.650461918874564000e+15,3.471114092316136546e-01
1.650461918876488500e+15,3.461757052613171903e-01
1.650461918878413250e+15,3.452398797394527485e-01
1.650461918880338000e+15,3.443040542175882512e-01
1.650461918882262750e+15,3.432621840852768114e-01
1.650461918884187500e+15,3.419187512464719747e-01
1.650461918886112250e+15,3.405753184076672491e-01
1.650461918888036750e+15,3.392320600633212946e-01
1.650461918889961500e+15,3.378886272245165134e-01
1.650461918891886250e+15,3.387543104203756816e-01
1.650461918893811000e+15,3.406000739721348203e-01
1.650461918895735750e+15,3.424458375238940144e-01
1.650461918897660500e+15,3.442916010756532641e-01
1.650461918899585000e+15,3.461371248867250450e-01
1.650461918901509750e+15,3.479828884384842946e-01
1.650461918903434500e+15,3.497026863242672090e-01
1.650461918905359250e+15,3.486791905199574937e-01
1.650461918907284000e+15,3.476556947156478339e-01
1.650461918909208750e+15,3.466321989113381741e-01
1.650461918911133250e+15,3.456088360458263176e-01
1.650461918913058000e+15,3.445853402415166578e-01
1.650461918914982750e+15,3.435594729007775405e-01
1.650461918916907500e+15,3.424872878725494507e-01
1.650461918918832250e+15,3.414151028443213054e-01
1.650461918920757000e+15,3.403429178160931601e-01
1.650461918922681500e+15,3.392708720507599529e-01
1.650461918924606250e+15,3.381986870225318076e-01
1.650461918926531000e+15,3.374757733348409672e-01
1.650461918928455750e+15,3.374757733348410782e-01
1.650461918930380500e+15,3.374757733348411337e-01
1.650461918932305250e+15,3.374757733348412447e-01
1.650461918934229750e+15,3.374757733348413558e-01
1.650461918936154500e+15,3.374757733348413558e-01
1.650461918938079250e+15,3.374757733348414668e-01
1.650461918940004000e+15,3.374757733348415223e-01
1.650461918941928750e+15,3.374757733348416333e-01
1.650461918943853500e+15,3.374757733348417443e-01
1.650461918945778000e+15,3.374757733348417998e-01
1.650461918947702750e+15,3.374757733348419109e-01
1.650461918949627500e+15,3.374757733348418554e-01
1.650461918951552250e+15,3.374757733348417998e-01
1.650461918953477000e+15,3.374757733348417443e-01
1.650461918955401750e+15,3.374757733348416333e-01
1.650461918957326250e+15,3.374757733348415778e-01
1.650461918959251000e+15,3.374757733348415223e-01
1.650461918961175750e+15,3.374757733348414668e-01
1.650461918963100500e+15,3.374757733348414668e-01
1.650461918965025250e+15,3.374757733348413558e-01
1.650461918966950000e+15,3.374757733348413002e-01
1.650461918968874500e+15,3.374757733348411892e-01
1.650461918970799250e+15,3.374757733348411892e-01
1.650461918972724000e+15,3.374757733348410782e-01
1.650461918974648750e+15,3.372362372619049364e-01
1.650461918976573500e+15,3.366904579705360390e-01
1.650461918978498250e+15,3.361446786791671415e-01
1.650461918980422750e+15,3.355989702774321848e-01
1.650461918982347500e+15,3.350531909860633428e-01
1.650461918984272250e+15,3.345074116946943898e-01
1.650461918986197000e+15,3.339616324033255479e-01
1.650461918988121750e+15,3.334158531119566504e-01
1.650461918990046500e+15,3.328700738205878085e-01
1.650461918991971000e+15,3.323243654188527962e-01
1.650461918993895750e+15,3.317785861274839543e-01
1.650461918995820500e+15,3.315195205982620075e-01
1.650461918997745250e+15,3.324356017405155628e-01
1.650461918999670000e+15,3.333516828827691736e-01
1.650461919001594750e+15,3.342677640250226734e-01
1.650461919003519250e+15,3.351837261802464440e-01
1.650461919005444000e+15,3.360998073224999994e-01
1.650461919007368750e+15,3.370158884647535547e-01
1.650461919009293500e+15,3.374757733348419109e-01
1.650461919011218250e+15,3.374757733348416888e-01
1.650461919013143000e+15,3.374757733348415778e-01
1.650461919015067500e+15,3.374757733348414668e-01
1.650461919016992250e+15,3.374757733348413558e-01
1.650461919018917000e+15,3.374757733348411337e-01
1.650461919020841750e+15,3.374757733348410227e-01
1.650461919022766500e+15,3.388484533906200857e-01
1.650461919024691250e+15,3.407005851378061001e-01
1.650461919026615750e+15,3.425524763171591269e-01
1.650461919028540500e+15,3.444046080643451413e-01
1.650461919030465250e+15,3.462567398115312112e-01
1.650461919032390000e+15,3.481088715587172255e-01
1.650461919034314750e+15,3.495194198963994525e-01
1.650461919036239500e+15,3.475386873033710633e-01
1.650461919038164000e+15,3.455582119817536269e-01
1.650461919040088750e+15,3.435774793887252931e-01
1.650461919042013500e+15,3.415967467956968484e-01
1.650461919043938250e+15,3.396160142026684592e-01
1.650461919045863000e+15,3.376352816096400700e-01
1.650461919047787750e+15,3.352805845750609359e-01
1.650461919049712250e+15,3.328934447145173725e-01
1.650461919051637000e+15,3.305059947552650423e-01
1.650461919053561750e+15,3.281185447960127122e-01
1.650461919055486500e+15,3.257310948367603820e-01
1.650461919057411250e+15,3.233436448775079963e-01
1.650461919059336000e+15,3.209561949182556662e-01
1.650461919061260750e+15,3.185687449590033360e-01
1.650461919063185250e+15,3.161816050984598281e-01
1.650461919065110000e+15,3.137941551392074979e-01
1.650461919067034750e+15,3.144530747814040517e-01
1.650461919068959500e+15,3.168336670180360581e-01
1.650461919070884250e+15,3.192142592546681201e-01
1.650461919072809000e+15,3.215948514913001821e-01
1.650461919074733500e+15,3.239751345199524124e-01
1.650461919076658250e+15,3.263557267565844189e-01
1.650461919078583000e+15,3.287363189932164809e-01
1.650461919080507750e+15,3.311169112298484873e-01
1.650461919082432500e+15,3.334975034664805493e-01
1.650461919084357250e+15,3.358780957031125558e-01
1.650461919086281750e+15,3.371517451780943753e-01
1.650461919088206500e+15,3.361660901884489516e-01
1.650461919090131250e+15,3.351804351988034725e-01
1.650461919092056000e+15,3.341947802091579933e-01
1.650461919093980750e+15,3.332091252195125142e-01
1.650461919095905500e+15,3.322234702298670905e-01
1.650461919097830000e+15,3.312379432639895871e-01
1.650461919099754750e+15,3.302522882743440524e-01
1.650461919101679500e+15,3.292666332846986288e-01
1.650461919103604250e+15,3.282809782950532052e-01
1.650461919105529000e+15,3.272953233054077260e-01
1.650461919107453750e+15,3.263096683157622468e-01
1.650461919109378250e+15,3.253241413498847434e-01
1.650461919111303000e+15,3.230363454836562842e-01
1.650461919113227750e+15,3.205676753151924241e-01
1.650461919115152500e+15,3.180990051467285640e-01
1.650461919117077250e+15,3.156303349782647594e-01
1.650461919119002000e+15,3.131616648098008437e-01
1.650461919120926500e+15,3.129320807286709027e-01
1.650461919122851250e+15,3.129320807286709027e-01
1.650461919124776000e+15,3.129320807286709027e-01
1.650461919126700750e+15,3.129320807286708472e-01
1.650461919128625500e+15,3.129320807286708472e-01
1.650461919130550250e+15,3.129320807286708472e-01
1.650461919132474750e+15,3.129320807286708472e-01
1.650461919134399500e+15,3.129320807286708472e-01
1.650461919136324250e+15,3.129320807286708472e-01
1.650461919138249000e+15,3.129320807286708472e-01
1.650461919140173750e+15,3.129320807286708472e-01
1.650461919142098500e+15,3.129320807286708472e-01
1.650461919144023000e+15,3.129320807286708472e-01
1.650461919145947750e+15,3.129320807286708472e-01
1.650461919147872500e+15,3.129320807286708472e-01
1.650461919149797250e+15,3.129320807286708472e-01
1.650461919151722000e+15,3.129320807286707917e-01
1.650461919153646750e+15,3.129320807286707917e-01
1.650461919155571250e+15,3.129320807286707362e-01
1.650461919157496000e+15,3.129320807286707917e-01
1.650461919159420750e+15,3.123748955320314602e-01
1.650461919161345500e+15,3.118168405263170850e-01
1.650461919163270250e+15,3.112587855206028209e-01
1.650461919165195000e+15,3.107007305148884457e-01
1.650461919167119500e+15,3.101427479932636899e-01
1.650461919169044250e+15,3.095846929875493148e-01
1.650461919170969000e+15,3.090266379818349951e-01
1.650461919172893750e+15,3.084685829761206755e-01
1.650461919174818500e+15,3.079105279704063558e-01
1.650461919176743250e+15,3.073524729646919806e-01
1.650461919178667750e+15,3.067945545257340645e-01
1.650461919180592500e+15,3.062579504962038013e-01
1.650461919182517250e+15,3.057213464666735936e-01
1.650461919184442000e+15,3.051847424371433304e-01
1.650461919186366750e+15,3.046481384076130672e-01
1.650461919188291500e+15,3.041115343780828040e-01
1.650461919190216000e+15,3.035750000464393361e-01
1.650461919192140750e+15,3.030383960169090729e-01
1.650461919194065500e+15,3.025017919873788097e-01
1.650461919195990250e+15,3.019651879578485465e-01
1.650461919197915000e+15,3.014285839283183388e-01
1.650461919199839750e+15,3.008919798987880756e-01
1.650461919201764250e+15,3.011677316252694414e-01
1.650461919203689000e+15,3.020612191487929143e-01
1.650461919205613750e+15,3.029547066723163318e-01
1.650461919207538500e+15,3.038481941958397492e-01
1.650461919209463250e+15,3.047416817193632221e-01
1.650461919211388000e+15,3.056351692428866396e-01
1.650461919213312500e+15,3.065285407139975993e-01
1.650461919215237250e+15,3.067961575771284144e-01
1.650461919217162000e+15,3.067961575771283034e-01
1.650461919219086750e+15,3.067961575771281924e-01
1.650461919221011500e+15,3.067961575771280258e-01
1.650461919222936250e+15,3.067961575771279148e-01
1.650461919224860750e+15,3.067961575771277483e-01
1.650461919226785500e+15,3.067961575771276372e-01
1.650461919228710250e+15,3.067961575771278038e-01
1.650461919230635000e+15,3.067961575771279703e-01
1.650461919232559750e+15,3.067961575771280813e-01
1.650461919234484500e+15,3.067961575771281924e-01
1.650461919236409000e+15,3.067961575771283589e-01
1.650461919238333750e+15,3.067961575771284699e-01
1.650461919240258500e+15,3.067961575771283589e-01
1.650461919242183250e+15,3.067961575771281924e-01
1.650461919244108000e+15,3.067961575771280258e-01
1.650461919246032750e+15,3.067961575771278593e-01
1.650461919247957250e+15,3.067961575771276928e-01
1.650461919249882000e+15,3.064449509648466963e-01
1.650461919251806750e+15,3.053239146016830108e-01
1.650461919253731500e+15,3.042028782385193253e-01
1.650461919255656250e+15,3.030818418753556398e-01
1.650461919257581000e+15,3.019608055121919543e-01
1.650461919259505500e+15,3.008399147570764987e-01
1.650461919261430250e+15,3.006602344255861481e-01
1.650461919263355000e+15,3.006602344255860371e-01
1.650461919265279750e+15,3.006602344255859816e-01
1.650461919267204500e+15,3.006602344255858705e-01
1.650461919269129250e+15,3.006602344255857595e-01
1.650461919271053750e+15,3.006602344255856485e-01
1.650461919272978500e+15,3.006602344255855375e-01
1.650461919274903250e+15,3.006602344255854820e-01
1.650461919276828000e+15,3.006602344255853709e-01
1.650461919278752750e+15,3.006602344255854264e-01
1.650461919280677500e+15,3.006602344255855930e-01
1.650461919282602000e+15,3.006602344255857595e-01
1.650461919284526750e+15,3.006602344255858705e-01
1.650461919286451500e+15,3.006602344255860371e-01
1.650461919288376250e+15,3.006602344255862036e-01
1.650461919290301000e+15,3.000515631111188020e-01
1.650461919292225750e+15,2.992751945806210179e-01
1.650461919294150250e+15,2.984989268903012194e-01
1.650461919296075000e+15,2.977225583598033243e-01
1.650461919297999750e+15,2.969461898293055402e-01
1.650461919299924500e+15,2.961698212988077561e-01
1.650461919301849250e+15,2.953934527683099165e-01
1.650461919303774000e+15,2.946170842378121324e-01
1.650461919305698500e+15,2.945243112740432156e-01
1.650461919307623250e+15,2.945243112740434377e-01
1.650461919309548000e+15,2.945243112740436042e-01
1.650461919311472750e+15,2.945243112740437708e-01
1.650461919313397500e+15,2.945243112740438263e-01
1.650461919315322250e+15,2.945243112740436597e-01
1.650461919317246750e+15,2.945243112740435487e-01
1.650461919319171500e+15,2.945243112740434377e-01
1.650461919321096250e+15,2.945243112740432712e-01
1.650461919323021000e+15,2.945243112740431601e-01
1.650461919324945750e+15,2.945243112740429936e-01
1.650461919326870500e+15,2.945243112740429381e-01
1.650461919328795000e+15,2.945243112740429381e-01
1.650461919330719750e+15,2.945243112740429381e-01
1.650461919332644500e+15,2.945243112740429936e-01
1.650461919334569250e+15,2.945243112740429381e-01
1.650461919336494000e+15,2.945243112740429936e-01
1.650461919338418750e+15,2.945243112740429381e-01
1.650461919340343250e+15,2.945243112740429381e-01
1.650461919342268000e+15,2.945243112740429381e-01
1.650461919344192750e+15,2.945243112740429381e-01
1.650461919346117500e+15,2.945243112740429381e-01
1.650461919348042250e+15,2.945243112740429381e-01
1.650461919349967000e+15,2.945243112740428826e-01
1.650461919351891500e+15,2.945243112740428826e-01
1.650461919353816250e+15,2.945243112740429381e-01
1.650461919355741000e+15,2.945243112740428826e-01
1.650461919357665750e+15,2.945243112740428826e-01
1.650461919359590500e+15,2.945243112740428826e-01
1.650461919361515250e+15,2.945243112740429381e-01
1.650461919363439750e+15,2.945243112740429381e-01
1.650461919365364500e+15,2.945243112740429381e-01
1.650461919367289250e+15,2.945243112740428826e-01
1.650461919369214000e+15,2.945243112740428826e-01
1.650461919371138750e+15,2.945243112740429381e-01
1.650461919373063500e+15,2.945243112740429381e-01
1.650461919374988000e+15,2.945243112740429381e-01
1.650461919376912750e+15,2.945243112740429381e-01
1.650461919378837500e+15,2.945243112740429381e-01
1.650461919380762250e+15,2.945243112740429381e-01
1.650461919382687000e+15,2.945243112740429381e-01
1.650461919384611750e+15,2.945243112740429381e-01
1.650461919386536250e+15,2.945243112740429381e-01
1.650461919388461000e+15,2.945243112740428826e-01
1.650461919390385750e+15,2.945243112740429381e-01
1.650461919392310500e+15,2.945243112740429936e-01
1.650461919394235250e+15,2.945243112740429381e-01
1.650461919396160000e+15,2.945243112740429381e-01
1.650461919398084500e+15,2.945243112740429381e-01
1.650461919400009250e+15,2.945243112740429936e-01
1.650461919401934000e+15,2.945243112740429936e-01
1.650461919403858750e+15,2.945243112740429936e-01
1.650461919405783500e+15,2.945243112740429936e-01
1.650461919407708250e+15,2.945243112740430491e-01
1.650461919409633000e+15,2.945243112740430491e-01
1.650461919411557500e+15,2.945243112740430491e-01
1.650461919413482250e+15,2.945243112740430491e-01
1.650461919415407000e+15,2.945243112740430491e-01
1.650461919417331750e+15,2.923693804143169817e-01
1.650461919419256500e+15,2.895084021958257425e-01
1.650461919421181250e+15,2.866474239773344479e-01
1.650461919423105750e+15,2.837868173627162149e-01
1.650461919425030500e+15,2.822524649709574618e-01
1.650461919426955250e+15,2.822524649709574618e-01
1.650461919428880000e+15,2.822524649709574618e-01
1.650461919430804750e+15,2.822524649709574618e-01
1.650461919432729500e+15,2.822524649709574618e-01
1.650461919434654000e+15,2.822524649709574618e-01
1.650461919436578750e+15,2.822524649709574618e-01
1.650461919438503500e+15,2.822524649709574618e-01
1.650461919440428250e+15,2.822524649709574618e-01
1.650461919442353000e+15,2.822524649709574618e-01
1.650461919444277750e+15,2.822524649709574618e-01
1.650461919446202250e+15,2.822524649709574618e-01
1.650461919448127000e+15,2.822524649709574618e-01
1.650461919450051750e+15,2.813058930599890983e-01
1.650461919451976500e+15,2.801031108941950953e-01
1.650461919453901250e+15,2.789003287284010923e-01
1.650461919455826000e+15,2.776975465626071449e-01
1.650461919457750500e+15,2.764949206225782996e-01
1.650461919459675250e+15,2.761165418194151955e-01
1.650461919461600000e+15,2.761165418194151400e-01
1.650461919463524750e+15,2.761165418194151400e-01
1.650461919465449500e+15,2.761165418194151400e-01
1.650461919467374250e+15,2.761165418194151400e-01
1.650461919469298750e+15,2.761165418194151400e-01
1.650461919471223500e+15,2.761165418194151400e-01
1.650461919473148250e+15,2.761165418194151400e-01
1.650461919475073000e+15,2.761165418194151400e-01
1.650461919476997750e+15,2.761165418194151400e-01
1.650461919478922500e+15,2.761165418194151400e-01
1.650461919480847000e+15,2.760760099458856587e-01
1.650461919482771750e+15,2.755488901919945222e-01
1.650461919484696500e+15,2.750217704381033856e-01
1.650461919486621250e+15,2.744946506842121936e-01
1.650461919488546000e+15,2.739675309303211126e-01
1.650461919490470750e+15,2.734404111764299206e-01
1.650461919492395250e+15,2.729133598885413736e-01
1.650461919494320000e+15,2.723862401346502371e-01
1.650461919496244750e+15,2.718591203807591006e-01
1.650461919498169500e+15,2.713320006268679641e-01
1.650461919500094250e+15,2.708048808729768275e-01
1.650461919502019000e+15,2.702777611190856355e-01
1.650461919503943500e+15,2.694600418628480543e-01
1.650461919505868250e+15,2.682664978420364332e-01
1.650461919507793000e+15,2.670729538212248677e-01
1.650461919509717750e+15,2.658794098004131912e-01
1.650461919511642500e+15,2.646858657796015701e-01
1.650461919513567250e+15,2.638446955163304963e-01
1.650461919515491750e+15,2.638446955163304963e-01
1.650461919517416500e+15,2.638446955163304963e-01
1.650461919519341250e+15,2.638446955163304963e-01
1.650461919521266000e+15,2.638446955163304963e-01
1.650461919523190750e+15,2.638446955163304963e-01
1.650461919525115500e+15,2.638446955163304963e-01
1.650461919527040000e+15,2.638446955163304963e-01
1.650461919528964750e+15,2.638446955163304963e-01
1.650461919530889500e+15,2.638446955163304963e-01
1.650461919532814250e+15,2.638446955163304963e-01
1.650461919534739000e+15,2.638446955163304963e-01
1.650461919536663750e+15,2.638446955163304963e-01
1.650461919538588250e+15,2.638446955163304963e-01
1.650461919540513000e+15,2.638446955163304408e-01
1.650461919542437750e+15,2.638446955163304963e-01
1.650461919544362500e+15,2.638446955163304963e-01
1.650461919546287250e+15,2.638446955163304963e-01
1.650461919548212000e+15,2.638446955163304963e-01
1.650461919550136500e+15,2.638446955163304963e-01
1.650461919552061250e+15,2.638446955163304963e-01
1.650461919553986000e+15,2.638446955163304963e-01
1.650461919555910750e+15,2.638446955163304963e-01
1.650461919557835500e+15,2.638446955163304963e-01
1.650461919559760250e+15,2.638446955163304963e-01
1.650461919561684750e+15,2.638446955163304963e-01
1.650461919563609500e+15,2.638446955163304963e-01
1.650461919565534250e+15,2.638446955163304963e-01
1.650461919567459000e+15,2.638446955163304963e-01
1.650461919569383750e+15,2.638446955163304963e-01
1.650461919571308500e+15,2.638446955163304963e-01
1.650461919573233000e+15,2.638446955163304408e-01
1.650461919575157750e+15,2.638446955163304963e-01
1.650461919577082500e+15,2.638446955163304963e-01
1.650461919579007250e+15,2.638446955163304963e-01
1.650461919580932000e+15,2.638446955163304963e-01
1.650461919582856750e+15,2.638446955163304963e-01
1.650461919584781250e+15,2.638446955163304963e-01
1.650461919586706000e+15,2.638446955163304963e-01
1.650461919588630750e+15,2.638446955163304963e-01
1.650461919590555500e+15,2.638446955163304408e-01
1.650461919592480250e+15,2.638446955163303298e-01
1.650461919594405000e+15,2.638446955163302743e-01
1.650461919596329500e+15,2.638446955163301633e-01
1.650461919598254250e+15,2.638446955163300522e-01
1.650461919600179000e+15,2.638446955163299967e-01
1.650461919602103750e+15,2.638446955163299412e-01
1.650461919604028500e+15,2.638446955163298302e-01
1.650461919605953250e+15,2.638446955163297192e-01
1.650461919607877750e+15,2.638446955163296637e-01
1.650461919609802500e+15,2.638446955163296637e-01
1.650461919611727250e+15,2.638446955163298302e-01
1.650461919613652000e+15,2.638446955163299967e-01
1.650461919615576750e+15,2.638446955163301633e-01
1.650461919617501500e+15,2.638446955163302743e-01
1.650461919619426000e+15,2.638446955163304408e-01
1.650461919621350750e+15,2.638446955163305518e-01
1.650461919623275500e+15,2.638446955163305518e-01
1.650461919625200250e+15,2.638446955163305518e-01
1.650461919627125000e+15,2.638446955163305518e-01
1.650461919629049750e+15,2.638446955163306074e-01
1.650461919630974250e+15,2.638446955163305518e-01
1.650461919632899000e+15,2.638446955163305518e-01
1.650461919634823750e+15,2.638446955163306074e-01
1.650461919636748500e+15,2.638446955163306074e-01
1.650461919638673250e+15,2.638446955163306074e-01
1.650461919640598000e+15,2.638446955163306074e-01
1.650461919642522500e+15,2.638446955163306074e-01
1.650461919644447250e+15,2.638446955163306074e-01
1.650461919646372000e+15,2.638446955163305518e-01
1.650461919648296750e+15,2.638446955163305518e-01
1.650461919650221500e+15,2.638446955163305518e-01
1.650461919652146250e+15,2.638446955163304963e-01
1.650461919654070750e+15,2.638446955163304408e-01
1.650461919655995500e+15,2.638446955163303298e-01
1.650461919657920250e+15,2.638446955163302188e-01
1.650461919659845000e+15,2.638446955163301078e-01
1.650461919661769750e+15,2.638446955163299967e-01
1.650461919663694500e+15,2.638446955163299412e-01
1.650461919665619000e+15,2.638446955163297747e-01
1.650461919667543750e+15,2.638446955163296637e-01
1.650461919669468500e+15,2.640488269825098655e-01
1.650461919671393250e+15,2.646719864425104984e-01
1.650461919673318000e+15,2.652951459025111869e-01
1.650461919675242750e+15,2.659183053625118753e-01
1.650461919677167250e+15,2.665413838822007775e-01
1.650461919679092000e+15,2.671645433422014659e-01
1.650461919681016750e+15,2.677877028022021544e-01
1.650461919682941500e+15,2.684108622622028428e-01
1.650461919684866250e+15,2.690340217222034758e-01
1.650461919686791000e+15,2.696571811822041642e-01
1.650461919688715500e+15,2.686173256954199062e-01
1.650461919690640250e+15,2.657821034925796910e-01
1.650461919692565000e+15,2.629468812897394203e-01
1.650461919694489750e+15,2.601116590868991496e-01
1.650461919696414500e+15,2.577829748141074462e-01
1.650461919698339250e+15,2.582695886619001402e-01
1.650461919700263750e+15,2.587561393048808389e-01
1.650461919702188500e+15,2.592427531526735329e-01
1.650461919704113250e+15,2.597293670004662824e-01
1.650461919706038000e+15,2.602159808482589765e-01
1.650461919707962750e+15,2.607025946960517260e-01
1.650461919709887500e+15,2.611892085438444200e-01
1.650461919711812000e+15,2.616757591868251187e-01
1.650461919713736750e+15,2.621623730346178682e-01
1.650461919715661500e+15,2.626489868824105622e-01
1.650461919717586250e+15,2.631356007302033118e-01
1.650461919719511000e+15,2.636222145779960058e-01
1.650461919721435750e+15,2.633113312004485840e-01
1.650461919723360250e+15,2.623288381390339041e-01
1.650461919725285000e+15,2.613462174479672107e-01
1.650461919727209750e+15,2.603635967569004617e-01
1.650461919729134500e+15,2.593809760658337127e-01
1.650461919731059250e+15,2.583983553747669637e-01
1.650461919732984000e+15,2.574157346837002147e-01
1.650461919734908500e+15,2.564332416222855349e-01
1.650461919736833250e+15,2.554506209312188414e-01
1.650461919738758000e+15,2.544680002401520924e-01
1.650461919740682750e+15,2.534853795490853434e-01
1.650461919742607500e+15,2.525027588580185944e-01
1.650461919744532250e+15,2.515043071743618408e-01
1.650461919746456750e+15,2.502267366772132351e-01
1.650461919748381500e+15,2.489490002187114970e-01
1.650461919750306250e+15,2.476712637602097034e-01
1.650461919752231000e+15,2.463935273017079375e-01
1.650461919754155750e+15,2.451157908432061716e-01
1.650461919756080500e+15,2.438380543847043502e-01
1.650461919758005000e+15,2.425604838875558278e-01
1.650461919759929750e+15,2.412827474290540619e-01
1.650461919761854500e+15,2.400050109705522683e-01
1.650461919763779250e+15,2.399418453976181476e-01
1.650461919765704000e+15,2.413690500001476891e-01
1.650461919767628750e+15,2.427962546026772306e-01
1.650461919769553500e+15,2.442234592052067721e-01
1.650461919771478000e+15,2.456504784324144985e-01
1.650461919773402750e+15,2.470776830349440401e-01
1.650461919775327500e+15,2.485048876374735816e-01
1.650461919777252250e+15,2.499320922400031231e-01
1.650461919779177000e+15,2.513592968425326646e-01
1.650461919781101750e+15,2.519772207794508390e-01
1.650461919783026250e+15,2.524526831769844382e-01
1.650461919784951000e+15,2.529282073389240715e-01
1.650461919786875750e+15,2.534037315008637048e-01
1.650461919788800500e+15,2.538792556628033381e-01
1.650461919790725250e+15,2.543547798247429714e-01
1.650461919792650000e+15,2.548303039866826047e-01
1.650461919794574500e+15,2.553057663842162595e-01
1.650461919796499250e+15,2.557812905461558928e-01
1.650461919798424000e+15,2.562568147080954706e-01
1.650461919800348750e+15,2.567323388700351039e-01
1.650461919802273500e+15,2.572078630319747372e-01
1.650461919804198250e+15,2.576833871939143705e-01
1.650461919806122750e+15,2.567457226532930958e-01
1.650461919808047500e+15,2.557282230335866102e-01
1.650461919809972250e+15,2.547107234138801246e-01
1.650461919811897000e+15,2.536932237941736945e-01
1.650461919813821750e+15,2.526757241744672644e-01
1.650461919815746500e+15,2.516582245547608343e-01
1.650461919817671000e+15,2.515728492132449645e-01
1.650461919819595750e+15,2.515728492132449645e-01
1.650461919821520500e+15,2.515728492132449645e-01
1.650461919823445250e+15,2.515728492132449645e-01
1.650461919825370000e+15,2.515728492132449645e-01
1.650461919827294750e+15,2.515728492132449645e-01
1.650461919829219250e+15,2.515728492132449645e-01
1.650461919831144000e+15,2.511544370153147576e-01
1.650461919833068750e+15,2.500153438357303748e-01
1.650461919834993500e+15,2.488762506561459920e-01
1.650461919836918250e+15,2.477371574765616091e-01
1.650461919838843000e+15,2.465980642969772263e-01
1.650461919840767500e+15,2.454591190707867132e-01
1.650461919842692250e+15,2.454369260617027537e-01
1.650461919844617000e+15,2.454369260617027537e-01
1.650461919846541750e+15,2.454369260617027815e-01
1.650461919848466500e+15,2.454369260617027537e-01
1.650461919850391250e+15,2.454369260617027537e-01
1.650461919852315750e+15,2.454369260617027537e-01
1.650461919854240500e+15,2.454369260617027537e-01
1.650461919856165250e+15,2.454369260617027537e-01
1.650461919858090000e+15,2.454369260617027815e-01
1.650461919860014750e+15,2.454369260617027537e-01
1.650461919861939500e+15,2.454369260617027537e-01
1.650461919863864000e+15,2.454369260617027537e-01
1.650461919865788750e+15,2.454369260617027537e-01
1.650461919867713500e+15,2.454369260617027537e-01
1.650461919869638250e+15,2.454369260617027537e-01
1.650461919871563000e+15,2.454369260617027537e-01
1.650461919873487750e+15,2.454369260617027537e-01
1.650461919875412250e+15,2.454369260617027260e-01
1.650461919877337000e+15,2.448453770093448334e-01
1.650461919879261750e+15,2.435788764103171689e-01
1.650461919881186500e+15,2.423123758112895043e-01
1.650461919883111250e+15,2.410458752122618398e-01
1.650461919885036000e+15,2.397793746132341752e-01
1.650461919886960500e+15,2.393010029101595160e-01
1.650461919888885250e+15,2.393010029101596547e-01
1.650461919890810000e+15,2.393010029101597935e-01
1.650461919892734750e+15,2.393010029101599323e-01
1.650461919894659500e+15,2.393010029101600988e-01
1.650461919896584250e+15,2.393010029101601543e-01
1.650461919898508750e+15,2.393010029101603209e-01
1.650461919900433500e+15,2.387937069085258324e-01
1.650461919902358250e+15,2.382154315285164026e-01
1.650461919904283000e+15,2.376371561485069728e-01
1.650461919906207750e+15,2.370588807684975152e-01
1.650461919908132500e+15,2.364806053884880854e-01
1.650461919910057000e+15,2.359024051189319571e-01
1.650461919911981750e+15,2.353241297389224995e-01
1.650461919913906500e+15,2.347458543589130697e-01
1.650461919915831250e+15,2.341675789789036399e-01
1.650461919917756000e+15,2.335893035988941824e-01
1.650461919919680750e+15,2.334735302092008080e-01
1.650461919921605250e+15,2.346312345332346172e-01
1.650461919923530000e+15,2.357890892475417721e-01
1.650461919925454750e+15,2.369469439618488993e-01
1.650461919927379500e+15,2.381047986761560542e-01
1.650461919929304250e+15,2.392626533904631536e-01
1.650461919931229000e+15,2.393010029101601821e-01
1.650461919933153500e+15,2.393010029101600433e-01
1.650461919935078250e+15,2.393010029101599323e-01
1.650461919937003000e+15,2.393010029101598213e-01
1.650461919938927750e+15,2.393010029101596825e-01
1.650461919940852500e+15,2.393010029101595437e-01
1.650461919942777250e+15,2.393142825468745072e-01
1.650461919944701750e+15,2.402521416609357807e-01
1.650461919946626500e+15,2.411901226065265302e-01
1.650461919948551250e+15,2.421281035521172798e-01
1.650461919950476000e+15,2.430660844977080570e-01
1.650461919952400750e+15,2.440040654432987788e-01
1.650461919954325500e+15,2.449420463888895561e-01
1.650461919956250000e+15,2.454369260617028092e-01
1.650461919958174750e+15,2.454369260617028092e-01
1.650461919960099500e+15,2.454369260617028092e-01
1.650461919962024250e+15,2.454369260617027537e-01
1.650461919963949000e+15,2.454369260617027537e-01
1.650461919965873750e+15,2.454369260617027260e-01
1.650461919967798250e+15,2.454369260617027260e-01
1.650461919969723000e+15,2.454369260617026982e-01
1.650461919971647750e+15,2.454369260617026705e-01
1.650461919973572500e+15,2.454369260617026427e-01
1.650461919975497250e+15,2.454369260617026149e-01
1.650461919977422000e+15,2.450466197854910821e-01
1.650461919979346500e+15,2.444013067025279096e-01
1.650461919981271250e+15,2.437559097908971739e-01
1.650461919983196000e+15,2.431105128792663828e-01
1.650461919985120750e+15,2.424651159676356749e-01
1.650461919987045500e+15,2.418197190560049115e-01
1.650461919988970250e+15,2.411743221443741203e-01
1.650461919990894750e+15,2.405290090614110032e-01
1.650461919992819500e+15,2.398836121497802121e-01
1.650461919994744250e+15,2.393010029101603209e-01
1.650461919996669000e+15,2.393010029101602376e-01
1.650461919998593750e+15,2.393010029101601821e-01
1.650461920000518500e+15,2.393010029101600988e-01
1.650461920002443000e+15,2.393010029101600711e-01
1.650461920004367750e+15,2.393010029101599878e-01
1.650461920006292500e+15,2.393010029101599323e-01
1.650461920008217250e+15,2.393010029101598213e-01
1.650461920010142000e+15,2.393010029101597935e-01
1.650461920012066750e+15,2.393010029101597103e-01
1.650461920013991250e+15,2.393010029101596547e-01
1.650461920015916000e+15,2.393010029101595715e-01
1.650461920017840750e+15,2.393010029101595160e-01
1.650461920019765500e+15,2.393010029101594327e-01
1.650461920021690250e+15,2.383234299136477718e-01
1.650461920023615000e+15,2.373075931610302836e-01
1.650461920025539500e+15,2.362918883523993374e-01
1.650461920027464250e+15,2.352760515997818214e-01
1.650461920029389000e+15,2.342602148471643608e-01
1.650461920031313750e+15,2.332443780945468448e-01
1.650461920033238500e+15,2.331650797586171109e-01
1.650461920035163250e+15,2.331650797586170831e-01
1.650461920037087750e+15,2.331650797586170554e-01
1.650461920039012500e+15,2.331650797586170276e-01
1.650461920040937250e+15,2.331650797586170276e-01
1.650461920042862000e+15,2.331650797586169999e-01
1.650461920044786750e+15,2.325227215956585658e-01
1.650461920046711500e+15,2.318701928324157502e-01
1.650461920048636000e+15,2.312177488241753676e-01
1.650461920050560750e+15,2.305652200609325519e-01
1.650461920052485500e+15,2.299126912976898196e-01
1.650461920054410250e+15,2.292601625344470317e-01
1.650461920056335000e+15,2.286076337712042161e-01
1.650461920058259750e+15,2.279551050079614560e-01
1.650461920060184250e+15,2.273026609997210457e-01
1.650461920062109000e+15,2.270291566070747058e-01
1.650461920064033750e+15,2.270291566070746780e-01
1.650461920065958500e+15,2.270291566070747336e-01
1.650461920067883250e+15,2.270291566070747336e-01
1.650461920069808000e+15,2.270291566070747336e-01
1.650461920071732500e+15,2.270291566070747613e-01
1.650461920073657250e+15,2.270291566070747613e-01
1.650461920075582000e+15,2.270291566070747613e-01
1.650461920077506750e+15,2.270291566070747891e-01
1.650461920079431500e+15,2.270291566070747891e-01
1.650461920081356250e+15,2.270291566070747891e-01
1.650461920083280750e+15,2.270291566070747891e-01
1.650461920085205500e+15,2.270291566070747891e-01
1.650461920087130250e+15,2.270291566070747891e-01
1.650461920089055000e+15,2.270291566070747891e-01
1.650461920090979750e+15,2.270291566070747891e-01
1.650461920092904500e+15,2.270291566070748168e-01
1.650461920094829000e+15,2.270291566070747891e-01
1.650461920096753750e+15,2.270291566070747891e-01
1.650461920098678500e+15,2.270291566070747891e-01
1.650461920100603250e+15,2.270291566070747891e-01
1.650461920102528000e+15,2.270291566070747891e-01
1.650461920104452750e+15,2.270291566070747891e-01
1.650461920106377250e+15,2.270291566070748168e-01
1.650461920108302000e+15,2.270291566070748168e-01
1.650461920110226750e+15,2.270291566070747891e-01
1.650461920112151500e+15,2.270291566070747891e-01
1.650461920114076250e+15,2.270291566070747891e-01
1.650461920116001000e+15,2.270291566070747891e-01
1.650461920117925750e+15,2.270291566070747891e-01
1.650461920119850250e+15,2.270291566070747891e-01
1.650461920121775000e+15,2.270291566070747891e-01
1.650461920123699750e+15,2.270291566070748168e-01
1.650461920125624500e+15,2.270291566070747891e-01
1.650461920127549250e+15,2.270291566070748168e-01
1.650461920129474000e+15,2.270291566070747891e-01
1.650461920131398500e+15,2.270291566070747891e-01
1.650461920133323250e+15,2.270291566070747891e-01
1.650461920135248000e+15,2.270291566070747891e-01
1.650461920137172750e+15,2.270291566070747891e-01
1.650461920139097500e+15,2.270291566070747891e-01
1.650461920141022250e+15,2.270291566070747891e-01
1.650461920142946750e+15,2.270291566070747891e-01
1.650461920144871500e+15,2.270291566070747613e-01
1.650461920146796250e+15,2.270291566070747891e-01
1.650461920148721000e+15,2.270291566070747891e-01
1.650461920150645750e+15,2.270291566070747891e-01
1.650461920152570500e+15,2.270291566070747891e-01
1.650461920154495000e+15,2.270291566070747891e-01
1.650461920156419750e+15,2.270291566070747891e-01
1.650461920158344500e+15,2.270291566070747891e-01
1.650461920160269250e+15,2.270291566070747891e-01
1.650461920162194000e+15,2.270291566070748168e-01
1.650461920164118750e+15,2.270291566070747891e-01
1.650461920166043250e+15,2.270291566070747891e-01
1.650461920167968000e+15,2.270291566070747891e-01
1.650461920169892750e+15,2.270291566070747891e-01
1.650461920171817500e+15,2.270291566070748168e-01
1.650461920173742250e+15,2.270291566070747891e-01
1.650461920175667000e+15,2.270977861415306165e-01
1.650461920177591500e+15,2.279498992967581295e-01
1.650461920179516250e+15,2.288021231447831538e-01
1.650461920181441000e+15,2.296543469928081782e-01
1.650461920183365750e+15,2.305065708408332026e-01
1.650461920185290500e+15,2.313587946888582270e-01
1.650461920187215250e+15,2.322110185368833069e-01
1.650461920189139750e+15,2.330631316921107921e-01
1.650461920191064500e+15,2.320752137439117124e-01
1.650461920192989250e+15,2.308372558732690594e-01
1.650461920194914000e+15,2.295992980026263786e-01
1.650461920196838750e+15,2.283613401319837255e-01
1.650461920198763500e+15,2.271233822613410724e-01
1.650461920200688000e+15,2.258855851853302787e-01
1.650461920202612750e+15,2.246476273146875702e-01
1.650461920204537500e+15,2.234096694440449449e-01
1.650461920206462250e+15,2.221717115734022918e-01
1.650461920208387000e+15,2.209337537027596110e-01
1.650461920210311750e+15,2.196424336167736024e-01
1.650461920212236250e+15,2.183494757600842606e-01
1.650461920214161000e+15,2.170563499431641119e-01
1.650461920216085750e+15,2.157632241262439632e-01
1.650461920218010500e+15,2.144700983093237867e-01
1.650461920219935250e+15,2.131769724924036657e-01
1.650461920221860000e+15,2.118838466754834893e-01
1.650461920223784500e+15,2.105908888187941752e-01
1.650461920225709250e+15,2.092977630018739987e-01
1.650461920227634000e+15,2.080046371849538223e-01
1.650461920229558750e+15,2.067115113680337013e-01
1.650461920231483500e+15,2.054183855511135526e-01
1.650461920233408250e+15,2.041252597341934039e-01
1.650461920235332750e+15,2.028323018775040620e-01
1.650461920237257500e+15,2.032446389621613003e-01
1.650461920239182250e+15,2.042820702768074204e-01
1.650461920241107000e+15,2.053195015914535126e-01
1.650461920243031750e+15,2.063569329060996327e-01
1.650461920244956500e+15,2.073943642207457250e-01
1.650461920246881000e+15,2.084316607865524251e-01
1.650461920248805750e+15,2.078438917337724345e-01
1.650461920250730500e+15,2.068923836701299090e-01
1.650461920252655250e+15,2.059408756064873836e-01
1.650461920254580000e+15,2.049893675428448581e-01
1.650461920256504750e+15,2.040378594792022771e-01
1.650461920258429250e+15,2.030864750040860256e-01
1.650461920260354000e+15,2.026821353171091022e-01
1.650461920262278750e+15,2.032160466229830098e-01
1.650461920264203500e+15,2.037499579288569451e-01
1.650461920266128250e+15,2.042838692347308804e-01
1.650461920268053000e+15,2.048177805406047880e-01
1.650461920269977500e+15,2.053516224983418237e-01
1.650461920271902250e+15,2.058855338042157312e-01
1.650461920273827000e+15,2.064194451100896388e-01
1.650461920275751750e+15,2.069533564159635741e-01
1.650461920277676500e+15,2.074872677218374817e-01
1.650461920279601250e+15,2.080211790277114170e-01
1.650461920281525750e+15,2.085550209854484527e-01
1.650461920283450500e+15,2.086213871524470742e-01
1.650461920285375250e+15,2.086213871524472685e-01
1.650461920287300000e+15,2.086213871524474350e-01
1.650461920289224750e+15,2.086213871524476016e-01
1.650461920291149500e+15,2.086213871524477681e-01
1.650461920293074000e+15,2.068162822554982794e-01
1.650461920294998750e+15,2.046938780707679151e-01
1.650461920296923500e+15,2.025714738860375230e-01
1.650461920298848250e+15,2.004490697013071587e-01
1.650461920300773000e+15,1.983266655165767944e-01
1.650461920302697750e+15,1.964033486152843289e-01
1.650461920304622250e+15,1.971893299854349801e-01
1.650461920306547000e+15,1.979754134576082458e-01
1.650461920308471750e+15,1.987614969297815115e-01
1.650461920310396500e+15,1.995475804019548050e-01
1.650461920312321250e+15,2.003336638741280984e-01
1.650461920314246000e+15,2.011197473463013363e-01
1.650461920316170500e+15,2.019057287164520154e-01
1.650461920318095250e+15,2.022112335566483010e-01
1.650461920320020000e+15,2.011665526114089220e-01
1.650461920321944750e+15,2.001218716661695707e-01
1.650461920323869500e+15,1.990771907209302194e-01
1.650461920325794250e+15,1.980325097756908681e-01
1.650461920327718750e+15,1.969879645209237085e-01
1.650461920329643500e+15,1.968060754894149222e-01
1.650461920331568250e+15,1.979800434900045036e-01
1.650461920333493000e+15,1.991540114905940850e-01
1.650461920335417750e+15,2.003279794911836387e-01
1.650461920337342500e+15,2.015019474917732201e-01
1.650461920339267000e+15,2.021322847696009894e-01
1.650461920341191750e+15,1.999534971880251033e-01
1.650461920343116500e+15,1.977747096064492727e-01
1.650461920345041250e+15,1.955959220248734143e-01
1.650461920346966000e+15,1.934171344432975281e-01
1.650461920348890750e+15,1.912383468617216975e-01
1.650461920350815250e+15,1.902136176978190540e-01
1.650461920352740000e+15,1.902136176978190818e-01
1.650461920354664750e+15,1.902136176978190818e-01
1.650461920356589500e+15,1.902136176978190818e-01
1.650461920358514250e+15,1.902136176978190540e-01
1.650461920360439000e+15,1.902136176978190540e-01
1.650461920362363500e+15,1.925461410492307623e-01
1.650461920364288250e+15,1.951167246854344228e-01
1.650461920366213000e+15,1.976873083216380556e-01
1.650461920368137750e+15,2.002578919578417438e-01
1.650461920370062500e+15,2.028284755940454043e-01
1.650461920371987250e+15,2.053990592302490370e-01
1.650461920373911750e+15,2.079693089810602524e-01
1.650461920375836500e+15,2.082909806746874315e-01
1.650461920377761250e+15,2.078482727957680909e-01
1.650461920379686000e+15,2.074055649168487780e-01
1.650461920381610750e+15,2.069628570379294374e-01
1.650461920383535500e+15,2.065201491590100691e-01
1.650461920385460000e+15,2.060774987820882531e-01
1.650461920387384750e+15,2.056347909031689680e-01
1.650461920389309500e+15,2.051920830242496274e-01
1.650461920391234250e+15,2.047493751453302591e-01
1.650461920393159000e+15,2.043066672664109462e-01
1.650461920395083750e+15,2.038639593874916056e-01
1.650461920397008250e+15,2.034213090105697896e-01
1.650461920398933000e+15,2.029786011316504768e-01
1.650461920400857750e+15,2.025358932527311362e-01
1.650461920402782500e+15,1.962675097911862343e-01
1.650461920404707250e+15,1.892502084923556871e-01
1.650461920406632000e+15,1.822329071935251954e-01
1.650461920408556500e+15,1.752165173508966056e-01
1.650461920410481250e+15,1.715500878261490003e-01
1.650461920412406000e+15,1.710524635019620432e-01
1.650461920414330750e+15,1.705548391777750583e-01
1.650461920416255500e+15,1.700572148535880734e-01
1.650461920418180250e+15,1.695595905294011163e-01
1.650461920420104750e+15,1.690620308401438732e-01
1.650461920422029500e+15,1.685644065159568883e-01
1.650461920423954250e+15,1.680667821917699034e-01
1.650461920425879000e+15,1.675691578675829463e-01
1.650461920427803750e+15,1.670715335433959614e-01
1.650461920429728500e+15,1.665739092192090043e-01
1.650461920431653000e+15,1.660763495299517611e-01
1.650461920433577750e+15,1.658684435628692000e-01
1.650461920435502500e+15,1.669516425068231225e-01
1.650461920437427250e+15,1.680348414507770172e-01
1.650461920439352000e+15,1.691180403947309396e-01
1.650461920441276750e+15,1.702012393386848621e-01
1.650461920443201250e+15,1.712842975891793740e-01
1.650461920445126000e+15,1.718058482431912837e-01
1.650461920447050750e+15,1.718058482431913947e-01
1.650461920448975500e+15,1.718058482431915057e-01
1.650461920450900250e+15,1.718058482431916167e-01
1.650461920452825000e+15,1.718058482431917278e-01
1.650461920454749500e+15,1.715906555234938680e-01
1.650461920456674250e+15,1.711301861658078571e-01
1.650461920458599000e+15,1.706697168081218741e-01
1.650461920460523750e+15,1.702092474504358355e-01
1.650461920462448500e+15,1.697487780927498524e-01
1.650461920464373250e+15,1.692883087350638416e-01
1.650461920466297750e+15,1.688278991863605139e-01
1.650461920468222500e+15,1.683674298286745030e-01
1.650461920470147250e+15,1.679069604709885200e-01
1.650461920472072000e+15,1.674464911133025091e-01
1.650461920473996750e+15,1.669860217556165261e-01
1.650461920475921500e+15,1.665255523979304875e-01
1.650461920477846250e+15,1.660650830402444766e-01
1.650461920479770750e+15,1.657981584101373695e-01
1.650461920481695500e+15,1.667030789592086615e-01
1.650461920483620250e+15,1.676079995082799812e-01
1.650461920485545000e+15,1.685129200573513009e-01
1.650461920487469750e+15,1.694178406064225928e-01
1.650461920489394500e+15,1.703227611554938847e-01
1.650461920491319000e+15,1.712275641671513471e-01
1.650461920493243750e+15,1.713957142611310658e-01
1.650461920495168500e+15,1.702594704583670349e-01
1.650461920497093250e+15,1.691232266556029762e-01
1.650461920499018000e+15,1.679869828528389453e-01
1.650461920500942750e+15,1.668507390500749143e-01
1.650461920502867250e+15,1.657146428306077446e-01
1.650461920504792000e+15,1.656699250916497113e-01
1.650461920506716750e+15,1.656699250916495725e-01
1.650461920508641500e+15,1.656699250916495170e-01
1.650461920510566250e+15,1.656699250916494337e-01
1.650461920512491000e+15,1.656699250916493227e-01
1.650461920514415500e+15,1.656699250916492117e-01
1.650461920516340250e+15,1.656699250916491284e-01
1.650461920518265000e+15,1.656699250916490451e-01
1.650461920520189750e+15,1.656699250916489619e-01
1.650461920522114500e+15,1.656699250916488508e-01
1.650461920524039250e+15,1.656699250916487676e-01
1.650461920525963750e+15,1.656699250916487676e-01
1.650461920527888500e+15,1.656699250916487953e-01
1.650461920529813250e+15,1.656699250916487953e-01
1.650461920531738000e+15,1.656699250916487953e-01
1.650461920533662750e+15,1.656699250916487953e-01
1.650461920535587500e+15,1.656699250916487953e-01
1.650461920537512000e+15,1.656699250916487953e-01
1.650461920539436750e+15,1.656699250916487953e-01
1.650461920541361500e+15,1.656699250916487953e-01
1.650461920543286250e+15,1.656699250916487676e-01
1.650461920545211000e+15,1.650306070388423973e-01
1.650461920547135750e+15,1.641102424747892252e-01
1.650461920549060250e+15,1.631899974541266007e-01
1.650461920550985000e+15,1.622696328900734286e-01
1.650461920552909750e+15,1.613492683260202565e-01
1.650461920554834500e+15,1.604289037619670566e-01
1.650461920556759250e+15,1.595340019401067788e-01
1.650461920558684000e+15,1.595340019401067511e-01
1.650461920560608500e+15,1.595340019401066955e-01
1.650461920562533250e+15,1.595340019401066400e-01
1.650461920564458000e+15,1.595340019401065845e-01
1.650461920566382750e+15,1.595340019401065290e-01
1.650461920568307500e+15,1.595340019401065013e-01
1.650461920570232250e+15,1.600184738844814547e-01
1.650461920572156750e+15,1.609441291408227059e-01
1.650461920574081500e+15,1.618699046433650923e-01
1.650461920576006250e+15,1.627956801459074510e-01
1.650461920577931000e+15,1.637214556484498096e-01
1.650461920579855750e+15,1.646472311509921960e-01
1.650461920581780500e+15,1.655730066535345546e-01
1.650461920583705000e+15,1.645523568474522857e-01
1.650461920585629750e+15,1.633039299884743167e-01
1.650461920587554500e+15,1.620555031294963200e-01
1.650461920589479250e+15,1.608070762705183232e-01
1.650461920591404000e+15,1.595586494115403542e-01
1.650461920593328750e+15,1.583102225525623297e-01
1.650461920595253250e+15,1.570619578480016432e-01
1.650461920597178000e+15,1.558135309890236742e-01
1.650461920599102750e+15,1.545651041300456496e-01
1.650461920601027500e+15,1.533341682270639439e-01
1.650461920602952250e+15,1.523539940975982554e-01
1.650461920604877000e+15,1.513738199681325947e-01
1.650461920606801500e+15,1.503937731505423925e-01
1.650461920608726250e+15,1.494135990210767040e-01
1.650461920610651000e+15,1.484334248916110155e-01
1.650461920612575750e+15,1.474532507621453270e-01
1.650461920614500500e+15,1.464730766326796385e-01
1.650461920616425250e+15,1.454929025032139500e-01
1.650461920618349750e+15,1.445128556856237756e-01
1.650461920620274500e+15,1.435326815561581149e-01
1.650461920622199250e+15,1.425525074266923986e-01
1.650461920624124000e+15,1.415723332972267379e-01
1.650461920626048750e+15,1.427640663885534067e-01
1.650461920627973500e+15,1.457699503503583904e-01
1.650461920629898000e+15,1.487754438869182960e-01
1.650461920631822750e+15,1.517813278487233075e-01
1.650461920633747500e+15,1.547872118105282913e-01
1.650461920635672250e+15,1.577930957723332472e-01
1.650461920637597000e+15,1.592989202187582998e-01
1.650461920639521750e+15,1.587403109062082429e-01
1.650461920641446250e+15,1.581817741497450192e-01
1.650461920643371000e+15,1.576231648371949623e-01
1.650461920645295750e+15,1.570645555246449054e-01
1.650461920647220500e+15,1.565059462120948486e-01
1.650461920649145250e+15,1.559473368995448195e-01
1.650461920651070000e+15,1.553887275869947626e-01
1.650461920652994500e+15,1.548301908305315389e-01
1.650461920654919250e+15,1.542715815179814820e-01
1.650461920656844000e+15,1.537129722054314251e-01
1.650461920658768750e+15,1.524574724602487386e-01
1.650461920660693500e+15,1.503015545913310436e-01
1.650461920662618250e+15,1.481456367224133486e-01
1.650461920664542750e+15,1.459899988791962810e-01
1.650461920666467500e+15,1.438340810102785861e-01
1.650461920668392250e+15,1.416781631413608911e-01
1.650461920670317000e+15,1.405390078678881161e-01
1.650461920672241750e+15,1.397497197514722400e-01
1.650461920674166500e+15,1.389604316350563640e-01
1.650461920676091000e+15,1.381712460369047268e-01
1.650461920678015750e+15,1.373819579204888230e-01
1.650461920679940500e+15,1.365926698040729470e-01
1.650461920681865250e+15,1.358033816876570710e-01
1.650461920683790000e+15,1.350140935712411949e-01
1.650461920685714750e+15,1.349903093339365479e-01
1.650461920687639250e+15,1.349903093339365756e-01
1.650461920689564000e+15,1.349903093339365756e-01
1.650461920691488750e+15,1.349903093339366311e-01
1.650461920693413500e+15,1.349903093339366311e-01
1.650461920695338250e+15,1.349903093339366866e-01
1.650461920697263000e+15,1.349903093339366866e-01
1.650461920699187500e+15,1.349903093339367421e-01
1.650461920701112250e+15,1.349903093339367421e-01
1.650461920703037000e+15,1.349903093339367977e-01
1.650461920704961750e+15,1.349903093339367977e-01
1.650461920706886500e+15,1.349903093339368532e-01
1.650461920708811250e+15,1.341547100960047700e-01
1.650461920710735750e+15,1.333021663009615054e-01
1.650461920712660500e+15,1.324495117571789504e-01
1.650461920714585250e+15,1.315968572133964232e-01
1.650461920716510000e+15,1.307442026696138959e-01
1.650461920718434750e+15,1.298915481258313409e-01
1.650461920720359500e+15,1.290388935820488137e-01
1.650461920722284000e+15,1.284277066604663231e-01
1.650461920724208750e+15,1.278831102348493010e-01
1.650461920726133500e+15,1.273385138092322788e-01
1.650461920728058250e+15,1.267939173836152844e-01
1.650461920729983000e+15,1.262493209579982623e-01
1.650461920731907750e+15,1.257047245323812401e-01
1.650461920733832250e+15,1.251601988427592238e-01
1.650461920735757000e+15,1.246156024171422155e-01
1.650461920737681750e+15,1.240710059915251934e-01
1.650461920739606500e+15,1.235264095659081574e-01
1.650461920741531250e+15,1.229818131402911491e-01
1.650461920743456000e+15,1.232271034789074321e-01
1.650461920745380500e+15,1.242118907447854054e-01
1.650461920747305250e+15,1.251968059383414544e-01
1.650461920749230000e+15,1.261817211318975174e-01
1.650461920751154750e+15,1.271666363254535803e-01
1.650461920753079500e+15,1.281515515190096433e-01
1.650461920755004250e+15,1.284435982740521343e-01
1.650461920756928750e+15,1.270094734130923775e-01
1.650461920758853500e+15,1.255751622537614742e-01
1.650461920760778250e+15,1.241408510944305710e-01
1.650461920762703000e+15,1.227102510048859035e-01
1.650461920764627750e+15,1.217223699437454953e-01
1.650461920766552500e+15,1.207344888826051288e-01
1.650461920768477000e+15,1.197467361343704795e-01
1.650461920770401750e+15,1.187588550732300852e-01
1.650461920772326500e+15,1.177709740120897325e-01
1.650461920774251250e+15,1.167830929509493382e-01
1.650461920776176000e+15,1.169554157702274999e-01
1.650461920778100750e+15,1.174232729221481031e-01
1.650461920780025250e+15,1.178910693055076342e-01
1.650461920781950000e+15,1.183589264574282651e-01
1.650461920783874750e+15,1.188267836093488961e-01
1.650461920785799500e+15,1.192946407612695270e-01
1.650461920787724250e+15,1.197624979131901579e-01
1.650461920789649000e+15,1.202303550651107611e-01
1.650461920791573500e+15,1.206981514484702922e-01
1.650461920793498250e+15,1.211660086003909231e-01
1.650461920795423000e+15,1.216338657523115541e-01
1.650461920797347750e+15,1.221017229042321850e-01
1.650461920799272500e+15,1.225695800561528021e-01
1.650461920801197250e+15,1.227184630308515434e-01
1.650461920803121750e+15,1.227184630308515573e-01
1.650461920805046500e+15,1.227184630308515434e-01
1.650461920806971250e+15,1.227184630308515434e-01
1.650461920808896000e+15,1.227184630308515434e-01
1.650461920810820750e+15,1.227184630308515434e-01
1.650461920812745500e+15,1.227184630308515434e-01
1.650461920814670000e+15,1.227184630308515434e-01
1.650461920816594750e+15,1.227184630308515573e-01
1.650461920818519500e+15,1.227184630308515434e-01
1.650461920820444250e+15,1.226090030952335930e-01
1.650461920822369000e+15,1.218177054010338711e-01
1.650461920824293750e+15,1.210264077068341909e-01
1.650461920826218500e+15,1.202351100126344691e-01
1.650461920828143000e+15,1.194439150977170128e-01
1.650461920830067750e+15,1.186526174035173187e-01
1.650461920831992500e+15,1.178613197093175968e-01
1.650461920833917250e+15,1.170700220151179027e-01
1.650461920835842000e+15,1.165825398793094436e-01
1.650461920837766750e+15,1.165825398793094575e-01
1.650461920839691250e+15,1.165825398793094436e-01
1.650461920841616000e+15,1.165825398793094575e-01
1.650461920843540750e+15,1.165825398793094436e-01
1.650461920845465500e+15,1.165825398793094575e-01
1.650461920847390250e+15,1.165825398793094436e-01
1.650461920849315000e+15,1.165825398793094436e-01
1.650461920851239500e+15,1.165825398793094436e-01
1.650461920853164250e+15,1.165825398793094436e-01
1.650461920855089000e+15,1.165825398793094436e-01
1.650461920857013750e+15,1.174745400414267255e-01
1.650461920858938500e+15,1.184734504775199482e-01
1.650461920860863250e+15,1.194723609136131848e-01
1.650461920862787750e+15,1.204711416042282823e-01
1.650461920864712500e+15,1.214700520403214912e-01
1.650461920866637250e+15,1.224689624764147278e-01
1.650461920868562000e+15,1.211061851615350821e-01
1.650461920870486750e+15,1.189571326484004377e-01
1.650461920872411500e+15,1.168080801352657794e-01
1.650461920874336000e+15,1.146593067561112456e-01
1.650461920876260750e+15,1.125102542429765873e-01
1.650461920878185500e+15,1.104466167277662336e-01
1.650461920880110250e+15,1.104466167277662197e-01
1.650461920882035000e+15,1.104466167277662197e-01
1.650461920883959750e+15,1.104466167277662336e-01
1.650461920885884250e+15,1.104466167277662336e-01
1.650461920887809000e+15,1.104466167277662336e-01
1.650461920889733750e+15,1.104466167277662059e-01
1.650461920891658500e+15,1.104466167277661781e-01
1.650461920893583250e+15,1.104466167277661504e-01
1.650461920895508000e+15,1.104466167277661226e-01
1.650461920897432500e+15,1.104466167277660948e-01
1.650461920899357250e+15,1.104466167277660393e-01
1.650461920901282000e+15,1.104466167277659977e-01
1.650461920903206750e+15,1.104466167277660393e-01
1.650461920905131500e+15,1.104466167277660393e-01
1.650461920907056250e+15,1.104466167277660671e-01
1.650461920908980750e+15,1.104466167277660948e-01
1.650461920910905500e+15,1.104466167277661226e-01
1.650461920912830250e+15,1.104466167277661226e-01
1.650461920914755000e+15,1.104466167277661504e-01
1.650461920916679750e+15,1.104466167277661642e-01
1.650461920918604500e+15,1.104466167277661920e-01
1.650461920920529000e+15,1.104466167277662059e-01
1.650461920922453750e+15,1.104466167277662336e-01
1.650461920924378500e+15,1.100385082247979096e-01
1.650461920926303250e+15,1.095599783185607634e-01
1.650461920928228000e+15,1.090814484123236172e-01
1.650461920930152750e+15,1.086029185060864571e-01
1.650461920932077250e+15,1.081244507546624406e-01
1.650461920934002000e+15,1.076459208484252805e-01
1.650461920935926750e+15,1.071673909421881343e-01
1.650461920937851500e+15,1.066888610359509881e-01
1.650461920939776250e+15,1.062103311297138419e-01
1.650461920941701000e+15,1.057318012234766957e-01
1.650461920943625500e+15,1.052533334720526792e-01
1.650461920945550250e+15,1.047748035658155191e-01
1.650461920947475000e+15,1.043106935762230375e-01
1.650461920949399750e+15,1.043106935762231485e-01
1.650461920951324500e+15,1.043106935762232595e-01
1.650461920953249250e+15,1.043106935762233844e-01
1.650461920955173750e+15,1.043106935762235093e-01
1.650461920957098500e+15,1.043106935762236204e-01
1.650461920959023250e+15,1.043106935762237453e-01
1.650461920960948000e+15,1.043106935762238702e-01
1.650461920962872750e+15,1.043106935762239118e-01
1.650461920964797500e+15,1.043106935762238979e-01
1.650461920966722000e+15,1.043106935762239118e-01
1.650461920968646750e+15,1.043106935762239118e-01
1.650461920970571500e+15,1.043106935762239118e-01
1.650461920972496250e+15,1.043106935762239118e-01
1.650461920974421000e+15,1.043106935762239118e-01
1.650461920976345750e+15,1.043106935762239118e-01
1.650461920978270250e+15,1.043106935762239118e-01
1.650461920980195000e+15,1.043156409806133000e-01
1.650461920982119750e+15,1.050481422574185419e-01
1.650461920984044500e+15,1.057806435342237977e-01
1.650461920985969250e+15,1.065131448110290535e-01
1.650461920987894000e+15,1.072456460878342954e-01
1.650461920989818500e+15,1.079780522222474476e-01
1.650461920991743250e+15,1.087105534990527034e-01
1.650461920993668000e+15,1.094430547758579730e-01
1.650461920995592750e+15,1.101755560526632149e-01
1.650461920997517500e+15,1.097043062442296935e-01
1.650461920999442250e+15,1.085259457467558919e-01
1.650461921001366750e+15,1.073477383029900478e-01
1.650461921003291500e+15,1.061693778055162463e-01
1.650461921005216250e+15,1.049910173080424586e-01
1.650461921007141000e+15,1.038126568105686709e-01
1.650461921009065750e+15,1.026342963130948693e-01
1.650461921010990500e+15,1.014559358156210817e-01
1.650461921012915000e+15,1.002777283718552237e-01
1.650461921014839750e+15,9.909936787438144989e-02
1.650461921016764500e+15,9.840412745834684061e-02
1.650461921018689250e+15,9.946915749585512334e-02
1.650461921020614000e+15,1.005341875333634061e-01
1.650461921022538750e+15,1.015992175708717027e-01
1.650461921024463250e+15,1.026641092748253048e-01
1.650461921026388000e+15,1.037291393123335875e-01
1.650461921028312750e+15,1.038998688364790035e-01
1.650461921030237500e+15,1.029948789448369151e-01
1.650461921032162250e+15,1.020898890531948267e-01
1.650461921034087000e+15,1.011848991615527243e-01
1.650461921036011500e+15,1.002800268163311359e-01
1.650461921037936250e+15,9.937503692468904748e-02
1.650461921039861000e+15,9.847004703304694517e-02
1.650461921041785750e+15,9.899674959273556396e-02
1.650461921043710500e+15,1.002168031140094340e-01
1.650461921045635250e+15,1.014368566352833040e-01
1.650461921047559750e+15,1.026567516874675179e-01
1.650461921049484500e+15,1.038768052087413879e-01
1.650461921051409250e+15,1.029174166284573810e-01
1.650461921053334000e+15,1.007551833648302197e-01
1.650461921055258750e+15,9.859295010120303071e-02
1.650461921057183500e+15,9.643071683757586943e-02
1.650461921059108000e+15,9.426876441993695122e-02
1.650461921061032750e+15,9.210653115630978993e-02
1.650461921062957500e+15,8.994429789268260089e-02
1.650461921064882250e+15,8.778206462905543961e-02
1.650461921066807000e+15,8.561983136542827832e-02
1.650461921068731750e+15,8.345759810180110316e-02
1.650461921070656250e+15,8.129564568416218495e-02
1.650461921072581000e+15,7.927255024031068520e-02
1.650461921074505750e+15,7.758514945649416794e-02
1.650461921076430500e+15,7.589774867267767844e-02
1.650461921078355250e+15,7.421034788886117506e-02
1.650461921080280000e+15,7.252294710504467168e-02
1.650461921082204500e+15,7.083576549265091504e-02
1.650461921084129250e+15,6.914836470883441166e-02
1.650461921086054000e+15,6.751704462332662471e-02
1.650461921087978750e+15,6.859737009770751348e-02
1.650461921089903500e+15,6.967769557208840225e-02
1.650461921091828250e+15,7.075802104646930490e-02
1.650461921093752750e+15,7.183820620061712181e-02
1.650461921095677500e+15,7.291853167499802446e-02
1.650461921097602250e+15,7.399885714937892711e-02
1.650461921099527000e+15,7.507918262375980201e-02
1.650461921101451750e+15,7.615950809814070466e-02
1.650461921103376500e+15,7.723983357252159343e-02
1.650461921105301000e+15,7.832001872666942421e-02
1.650461921107225750e+15,7.940034420105032686e-02
1.650461921109150500e+15,7.976700097005370860e-02
1.650461921111075250e+15,7.976700097005366696e-02
1.650461921113000000e+15,7.976700097005362533e-02
1.650461921114924750e+15,7.976700097005359757e-02
1.650461921116849250e+15,7.976700097005354206e-02
1.650461921118774000e+15,7.976700097005351431e-02
1.650461921120698750e+15,7.895648078974526474e-02
1.650461921122623500e+15,7.810154246008460532e-02
1.650461921124548250e+15,7.724660413042394591e-02
1.650461921126473000e+15,7.639166580076328650e-02
1.650461921128397500e+15,7.553683851647600977e-02
1.650461921130322250e+15,7.468190018681533648e-02
1.650461921132247000e+15,7.382696185715469095e-02
1.650461921134171750e+15,7.300716224997294557e-02
1.650461921136096500e+15,7.219780656974199295e-02
1.650461921138021250e+15,7.138845088951102646e-02
1.650461921139945750e+15,7.057920033405992721e-02
1.650461921141870500e+15,6.976984465382896072e-02
1.650461921143795250e+15,6.896048897359799423e-02
1.650461921145720000e+15,6.815113329336704162e-02
1.650461921147644750e+15,6.767056637396173802e-02
1.650461921149569500e+15,6.859619675925293647e-02
1.650461921151494000e+15,6.952170691719182505e-02
1.650461921153418750e+15,7.044733730248300962e-02
1.650461921155343500e+15,7.137296768777419420e-02
1.650461921157268250e+15,7.229859807306537878e-02
1.650461921159193000e+15,7.322422845835656335e-02
1.650461921161117750e+15,7.363107781851052636e-02
1.650461921163042250e+15,7.363107781851052636e-02
1.650461921164967000e+15,7.363107781851052636e-02
1.650461921166891750e+15,7.363107781851052636e-02
1.650461921168816500e+15,7.363107781851052636e-02
1.650461921170741250e+15,7.363107781851052636e-02
1.650461921172666000e+15,7.334037099639088841e-02
1.650461921174590500e+15,7.273619682882154214e-02
1.650461921176515250e+15,7.213194417668895853e-02
1.650461921178440000e+15,7.152769152455638879e-02
1.650461921180364750e+15,7.092343887242381906e-02
1.650461921182289500e+15,7.031918622029124932e-02
1.650461921184214250e+15,6.971493356815867959e-02
1.650461921186139000e+15,6.911068091602610985e-02
1.650461921188063500e+15,6.850650674845674970e-02
1.650461921189988250e+15,6.790225409632416609e-02
1.650461921191913000e+15,6.749515466696820454e-02
1.650461921193837750e+15,6.749515466696820454e-02
1.650461921195762500e+15,6.749515466696820454e-02
1.650461921197687250e+15,6.749515466696820454e-02
1.650461921199611750e+15,6.749515466696820454e-02
1.650461921201536500e+15,6.749515466696820454e-02
1.650461921203461250e+15,6.749515466696820454e-02
1.650461921205386000e+15,6.749515466696820454e-02
1.650461921207310750e+15,6.749515466696820454e-02
1.650461921209235500e+15,6.749515466696820454e-02
1.650461921211160000e+15,6.749515466696820454e-02
1.650461921213084750e+15,6.770948725757452991e-02
1.650461921215009500e+15,6.860290718993952708e-02
1.650461921216934250e+15,6.949632712230451037e-02
1.650461921218859000e+15,7.038974705466949366e-02
1.650461921220783750e+15,7.128316698703449084e-02
1.650461921222708250e+15,7.217647087576622988e-02
1.650461921224633000e+15,7.306989080813122706e-02
1.650461921226557750e+15,7.279748438665856192e-02
1.650461921228482500e+15,7.055583722220341858e-02
1.650461921230407250e+15,6.831419005774827524e-02
1.650461921232332000e+15,6.607254289329313190e-02
1.650461921234256500e+15,6.383118688965944143e-02
1.650461921236181250e+15,6.158953972520429809e-02
1.650461921238106000e+15,5.934789256074915476e-02
1.650461921240030750e+15,5.710624539629399754e-02
1.650461921241955500e+15,5.486459823183886114e-02
1.650461921243880250e+15,5.262295106738371087e-02
1.650461921245804750e+15,5.038159506375002733e-02
1.650461921247729500e+15,4.958679226424435316e-02
1.650461921249654250e+15,5.076839487414257918e-02
1.650461921251579000e+15,5.194999748404080520e-02
1.650461921253503750e+15,5.313160009393902428e-02
1.650461921255428500e+15,5.431320270383725723e-02
1.650461921257353000e+15,5.511063374680910676e-02
1.650461921259277750e+15,5.461997657664158234e-02
1.650461921261202500e+15,5.412931940647405793e-02
1.650461921263127250e+15,5.363866223630652658e-02
1.650461921265052000e+15,5.314800506613900910e-02
1.650461921266976750e+15,5.265734789597147081e-02
1.650461921268901250e+15,5.216675445579098402e-02
1.650461921270826000e+15,5.167609728562345267e-02
1.650461921272750750e+15,5.118544011545592826e-02
1.650461921274675500e+15,5.069478294528839690e-02
1.650461921276600250e+15,5.020412577512087943e-02
1.650461921278525000e+15,4.971346860495334113e-02
1.650461921280449500e+15,4.922287516477285435e-02
1.650461921282374250e+15,4.877349224627167135e-02
1.650461921284299000e+15,4.833985471787322769e-02
1.650461921286223750e+15,4.790621718947478402e-02
1.650461921288148500e+15,4.747257966107634730e-02
1.650461921290073250e+15,4.703894213267791058e-02
1.650461921291997750e+15,4.660536092815639742e-02
1.650461921293922500e+15,4.617172339975794682e-02
1.650461921295847250e+15,4.573808587135951009e-02
1.650461921297772000e+15,4.530444834296107337e-02
1.650461921299696750e+15,4.487081081456262971e-02
1.650461921301621500e+15,4.443717328616418605e-02
1.650461921303546000e+15,4.400359208164266595e-02
1.650461921305470750e+15,4.356995455324422228e-02
1.650461921307395500e+15,4.313631702484578556e-02
1.650461921309320250e+15,4.346640301991724215e-02
1.650461921311245000e+15,4.436396481395365327e-02
1.650461921313169750e+15,4.526152660799005745e-02
1.650461921315094250e+15,4.615897182041923952e-02
1.650461921317019000e+15,4.705653361445565064e-02
1.650461921318943750e+15,4.795409540849206176e-02
1.650461921320868500e+15,4.885165720252847288e-02
1.650461921322793250e+15,4.908738521234031621e-02
1.650461921324718000e+15,4.908738521234026764e-02
1.650461921326642500e+15,4.908738521234021213e-02
1.650461921328567250e+15,4.908738521234016355e-02
1.650461921330492000e+15,4.872096043105368646e-02
1.650461921332416750e+15,4.779051703028706910e-02
1.650461921334341500e+15,4.686007362952044480e-02
1.650461921336266250e+15,4.592963022875383439e-02
1.650461921338190750e+15,4.499930768048764074e-02
1.650461921340115500e+15,4.406886427972102338e-02
1.650461921342040250e+15,4.313842087895440602e-02
1.650461921343965000e+15,4.295146206079802909e-02
1.650461921345889750e+15,4.295146206079802909e-02
1.650461921347814500e+15,4.295146206079802909e-02
1.650461921349739000e+15,4.295146206079802909e-02
1.650461921351663750e+15,4.295146206079803602e-02
1.650461921353588500e+15,4.295146206079802909e-02
1.650461921355513250e+15,4.295146206079802909e-02
1.650461921357438000e+15,4.295146206079802909e-02
1.650461921359362750e+15,4.295146206079802909e-02
1.650461921361287250e+15,4.295146206079802909e-02
1.650461921363212000e+15,4.295146206079802909e-02
1.650461921365136750e+15,4.295146206079802909e-02
1.650461921367061500e+15,4.295146206079802909e-02
1.650461921368986250e+15,4.295146206079802909e-02
1.650461921370911000e+15,4.295146206079802909e-02
1.650461921372835500e+15,4.295146206079802909e-02
1.650461921374760250e+15,4.295146206079802909e-02
1.650461921376685000e+15,4.295146206079802909e-02
1.650461921378609750e+15,4.295146206079802909e-02
1.650461921380534500e+15,4.295146206079802909e-02
1.650461921382459250e+15,4.295146206079802215e-02
1.650461921384383750e+15,4.295146206079802909e-02
1.650461921386308500e+15,4.295146206079802909e-02
1.650461921388233250e+15,4.295146206079802909e-02
1.650461921390158000e+15,4.295146206079802909e-02
1.650461921392082750e+15,4.295146206079802909e-02
1.650461921394007500e+15,4.295146206079802909e-02
1.650461921395932000e+15,4.295146206079802909e-02
1.650461921397856750e+15,4.295146206079802909e-02
1.650461921399781500e+15,4.181903654903651457e-02
1.650461921401706250e+15,4.043205850018957020e-02
1.650461921403631000e+15,3.904508045134262584e-02
1.650461921405555750e+15,3.765810240249568147e-02
1.650461921407480250e+15,3.627130450406423207e-02
1.650461921409405000e+15,3.488432645521728770e-02
1.650461921411329750e+15,3.349734840637034333e-02
1.650461921413254500e+15,3.211037035752339897e-02
1.650461921415179250e+15,3.072339230867645807e-02
1.650461921417104000e+15,3.131636894524620490e-02
1.650461921419028500e+15,3.197378928291155081e-02
1.650461921420953250e+15,3.263129502202372079e-02
1.650461921422878000e+15,3.328880076113588382e-02
1.650461921424802750e+15,3.394630650024806073e-02
1.650461921426727500e+15,3.460381223936023071e-02
1.650461921428652250e+15,3.526131797847240068e-02
1.650461921430576750e+15,3.591873831613774659e-02
1.650461921432501500e+15,3.657624405524991656e-02
1.650461921434426250e+15,3.681553890925581829e-02
1.650461921436351000e+15,3.681553890925564482e-02
1.650461921438275750e+15,3.681553890925547134e-02
1.650461921440200500e+15,3.681553890925529093e-02
1.650461921442125000e+15,3.681553890925511746e-02
1.650461921444049750e+15,3.681553890925495093e-02
1.650461921445974500e+15,3.641143502719613317e-02
1.650461921447899250e+15,3.483853523550256570e-02
1.650461921449824000e+15,3.326563544380901211e-02
1.650461921451748750e+15,3.169273565211545851e-02
1.650461921453673250e+15,3.012004015965448131e-02
1.650461921455598000e+15,2.854714036796092425e-02
1.650461921457522750e+15,2.697424057626736371e-02
1.650461921459447500e+15,2.540134078457380318e-02
1.650461921461372250e+15,2.522178184081514882e-02
1.650461921463297000e+15,2.671295836681676639e-02
1.650461921465221500e+15,2.820394120837546592e-02
1.650461921467146250e+15,2.969511773437708002e-02
1.650461921469071000e+15,3.067961575771335422e-02
1.650461921470995750e+15,3.067961575771326749e-02
1.650461921472920500e+15,3.067961575771318422e-02
1.650461921474845250e+15,3.067961575771309748e-02
1.650461921476769750e+15,3.067961575771301075e-02
1.650461921478694500e+15,3.067961575771292401e-02
1.650461921480619250e+15,3.067961575771283728e-02
1.650461921482544000e+15,3.067961575771274707e-02
1.650461921484468750e+15,3.027288732444237407e-02
1.650461921486393500e+15,2.967011500341284330e-02
1.650461921488318000e+15,2.906742097467076430e-02
1.650461921490242750e+15,2.846464865364124047e-02
1.650461921492167500e+15,2.786187633261170971e-02
1.650461921494092250e+15,2.725910401158218588e-02
1.650461921496017000e+15,2.665633169055265511e-02
1.650461921497941750e+15,2.605355936952313128e-02
1.650461921499866250e+15,2.545086534078104534e-02
1.650461921501791000e+15,2.484809301975152498e-02
1.650461921503715750e+15,2.454369260617017892e-02
1.650461921505640500e+15,2.454369260617017545e-02
1.650461921507565250e+15,2.454369260617017545e-02
1.650461921509490000e+15,2.454369260617017545e-02
1.650461921511414500e+15,2.454369260617017545e-02
1.650461921513339250e+15,2.454369260617017545e-02
1.650461921515264000e+15,2.454369260617017892e-02
1.650461921517188750e+15,2.454369260617017545e-02
1.650461921519113500e+15,2.454369260617017892e-02
1.650461921521038250e+15,2.454369260617017892e-02
1.650461921522962750e+15,2.454369260617017892e-02
1.650461921524887500e+15,2.454369260617017892e-02
1.650461921526812250e+15,2.485503474994329304e-02
1.650461921528737000e+15,2.541235238884336639e-02
1.650461921530661750e+15,2.596967002774344321e-02
1.650461921532586500e+15,2.652698766664352004e-02
1.650461921534511000e+15,2.708423291722836940e-02
1.650461921536435750e+15,2.764155055612844969e-02
1.650461921538360500e+15,2.819886819502852651e-02
1.650461921540285250e+15,2.875618583392859640e-02
1.650461921542210000e+15,2.931350347282867669e-02
1.650461921544134750e+15,2.987082111172875698e-02
1.650461921546059500e+15,3.042813875062882686e-02
1.650461921547984000e+15,2.957115029743922693e-02
1.650461921549908750e+15,2.755077255628259753e-02
1.650461921551833500e+15,2.553039481512596465e-02
1.650461921553758250e+15,2.351001707396933871e-02
1.650461921555683000e+15,2.148963933281270583e-02
1.650461921557607750e+15,1.946926159165607295e-02
1.650461921559532250e+15,1.864678126175734960e-02
1.650461921561457000e+15,1.915051843752747784e-02
1.650461921563381750e+15,1.965425561329760609e-02
1.650461921565306500e+15,2.015799278906773434e-02
1.650461921567231250e+15,2.066172996483786606e-02
1.650461921569156000e+15,2.116546714060799084e-02
1.650461921571080500e+15,2.166913888746842265e-02
1.650461921573005250e+15,2.217287606323854743e-02
1.650461921574930000e+15,2.267661323900867915e-02
1.650461921576854750e+15,2.318035041477880739e-02
1.650461921578779500e+15,2.368408759054893217e-02
1.650461921580704250e+15,2.418782476631906042e-02
1.650461921582628750e+15,2.454369260617017545e-02
1.650461921584553500e+15,2.454369260617017198e-02
1.650461921586478250e+15,2.454369260617017545e-02
1.650461921588403000e+15,2.454369260617017545e-02
1.650461921590327750e+15,2.454369260617017892e-02
1.650461921592252500e+15,2.389291287797631891e-02
1.650461921594177000e+15,2.320871425087493375e-02
1.650461921596101750e+15,2.252442674372326370e-02
1.650461921598026500e+15,2.184013923657159711e-02
1.650461921599951250e+15,2.115585172941992359e-02
1.650461921601876000e+15,2.047156422226825701e-02
1.650461921603800750e+15,1.978727671511658695e-02
1.650461921605725250e+15,1.910307808801520180e-02
1.650461921607650000e+15,1.841879058086353868e-02
1.650461921609574750e+15,1.840776945462807568e-02
1.650461921611499500e+15,1.840776945462807568e-02
1.650461921613424250e+15,1.840776945462807568e-02
1.650461921615349000e+15,1.840776945462807568e-02
1.650461921617273500e+15,1.840776945462807568e-02
1.650461921619198250e+15,1.840776945462807568e-02
1.650461921621123000e+15,1.840776945462807915e-02
1.650461921623047750e+15,1.840776945462807568e-02
1.650461921624972500e+15,1.840776945462807568e-02
1.650461921626897250e+15,1.840776945462806874e-02
1.650461921628821750e+15,1.840776945462804792e-02
1.650461921630746500e+15,1.840776945462802711e-02
1.650461921632671250e+15,1.840776945462800976e-02
1.650461921634596000e+15,1.840776945462798894e-02
1.650461921636520750e+15,1.840776945462797159e-02
1.650461921638445500e+15,1.840776945462795078e-02
1.650461921640370000e+15,1.840776945462793343e-02
1.650461921642294750e+15,1.840776945462791261e-02
1.650461921644219500e+15,1.840776945462789527e-02
1.650461921646144250e+15,1.840776945462787445e-02
1.650461921648069000e+15,1.840776945462785710e-02
1.650461921649993750e+15,1.840776945462765588e-02
1.650461921651918250e+15,1.840776945462744077e-02
1.650461921653843000e+15,1.840776945462722219e-02
1.650461921655767750e+15,1.840776945462700709e-02
1.650461921657692500e+15,1.840776945462679198e-02
1.650461921659617250e+15,1.840776945462681280e-02
1.650461921661542000e+15,1.840776945462690301e-02
1.650461921663466500e+15,1.840776945462698974e-02
1.650461921665391250e+15,1.840776945462708342e-02
1.650461921667316000e+15,1.840776945462717015e-02
1.650461921669240750e+15,1.840776945462726036e-02
1.650461921671165500e+15,1.840776945462735056e-02
1.650461921673090250e+15,1.840776945462744077e-02
1.650461921675014750e+15,1.840776945462752751e-02
1.650461921676939500e+15,1.840776945462761771e-02
1.650461921678864250e+15,1.840776945462771139e-02
1.650461921680789000e+15,1.840776945462779812e-02
1.650461921682713750e+15,1.840776945462785363e-02
1.650461921684638500e+15,1.840776945462785363e-02
1.650461921686563000e+15,1.840776945462785363e-02
1.650461921688487750e+15,1.840776945462785363e-02
1.650461921690412500e+15,1.840776945462785363e-02
1.650461921692337250e+15,1.840776945462779465e-02
1.650461921694262000e+15,1.840776945462768363e-02
1.650461921696186750e+15,1.840776945462756914e-02
1.650461921698111250e+15,1.840776945462745812e-02
1.650461921700036000e+15,1.840776945462734709e-02
1.650461921701960750e+15,1.840776945462723260e-02
1.650461921703885500e+15,1.840776945462712158e-02
1.650461921705810250e+15,1.840776945462701056e-02
1.650461921707735000e+15,1.840776945462696546e-02
1.650461921709659500e+15,1.840776945462696546e-02
1.650461921711584250e+15,1.840776945462696546e-02
1.650461921713509000e+15,1.840776945462696546e-02
1.650461921715433750e+15,1.840776945462696546e-02
1.650461921717358500e+15,1.840776945462703484e-02
1.650461921719283250e+15,1.840776945462715281e-02
1.650461921721207750e+15,1.840776945462727771e-02
1.650461921723132500e+15,1.840776945462739567e-02
1.650461921725057250e+15,1.840776945462751710e-02
1.650461921726982000e+15,1.840776945462763506e-02
1.650461921728906750e+15,1.840776945462775649e-02
1.650461921730831500e+15,1.840776945462785710e-02
1.650461921732756000e+15,1.840776945462785710e-02
1.650461921734680750e+15,1.840776945462785363e-02
1.650461921736605500e+15,1.840776945462785363e-02
1.650461921738530250e+15,1.840776945462785363e-02
1.650461921740455000e+15,1.840776945462785363e-02
1.650461921742379750e+15,1.840776945462785363e-02
1.650461921744304250e+15,1.840776945462785363e-02
1.650461921746229000e+15,1.840776945462785710e-02
1.650461921748153750e+15,1.840776945462785363e-02
1.650461921750078500e+15,1.840776945462785363e-02
1.650461921752003250e+15,1.840776945462785363e-02
1.650461921753928000e+15,1.840776945462785363e-02
1.650461921755852500e+15,1.840776945462785363e-02
1.650461921757777250e+15,1.840776945462785363e-02
1.650461921759702000e+15,1.840776945462785363e-02
1.650461921761626750e+15,1.840776945462786057e-02
1.650461921763551500e+15,1.840776945462788139e-02
1.650461921765476250e+15,1.840776945462789874e-02
1.650461921767400750e+15,1.840776945462791608e-02
1.650461921769325500e+15,1.840776945462794037e-02
1.650461921771250250e+15,1.840776945462796119e-02
1.650461921773175000e+15,1.840776945462797853e-02
1.650461921775099750e+15,1.840776945462800282e-02
1.650461921777024500e+15,1.840776945462802017e-02
1.650461921778949000e+15,1.840776945462804098e-02
1.650461921780873750e+15,1.840776945462806180e-02
1.650461921782798500e+15,1.840776945462806180e-02
1.650461921784723250e+15,1.840776945462802017e-02
1.650461921786648000e+15,1.840776945462797853e-02
1.650461921788572750e+15,1.840776945462794037e-02
1.650461921790497250e+15,1.840776945462790221e-02
1.650461921792422000e+15,1.840776945462786404e-02
1.650461921794346750e+15,1.950319203840214163e-02
1.650461921796271500e+15,2.092996559151976202e-02
1.650461921798196250e+15,2.235673914463737894e-02
1.650461921800121000e+15,2.378351269775499585e-02
1.650461921802045500e+15,2.521010093153852952e-02
1.650461921803970250e+15,2.663687448465614643e-02
1.650461921805895000e+15,2.806364803777376682e-02
1.650461921807819750e+15,2.949042159089138374e-02
1.650461921809744500e+15,3.048681542731352875e-02
1.650461921811669250e+15,2.932896071300647445e-02
1.650461921813593750e+15,2.817125638897274506e-02
1.650461921815518500e+15,2.701340167466569075e-02
1.650461921817443250e+15,2.585554696035863992e-02
1.650461921819368000e+15,2.469769224605158561e-02
1.650461921821292750e+15,2.505333979939739636e-02
1.650461921823217500e+15,2.564117107140635385e-02
1.650461921825142000e+15,2.622892599177587686e-02
1.650461921827066750e+15,2.681675726378483088e-02
1.650461921828991500e+15,2.740458853579378490e-02
1.650461921830916250e+15,2.799241980780274586e-02
1.650461921832841000e+15,2.858025107981169988e-02
1.650461921834765750e+15,2.916808235182065737e-02
1.650461921836690250e+15,2.975583727219017691e-02
1.650461921838615000e+15,3.034366854419913093e-02
1.650461921840539750e+15,3.067961575771250768e-02
1.650461921842464500e+15,3.067961575771252503e-02
1.650461921844389250e+15,3.067961575771254584e-02
1.650461921846314000e+15,3.067961575771257013e-02
1.650461921848238500e+15,3.067961575771258401e-02
1.650461921850163250e+15,3.067961575771260829e-02
1.650461921852088000e+15,3.067961575771262564e-02
1.650461921854012750e+15,3.067961575771264993e-02
1.650461921855937500e+15,3.067961575771266380e-02
1.650461921857862250e+15,3.067961575771268809e-02
1.650461921859786750e+15,3.067961575771270544e-02
1.650461921861711500e+15,3.067961575771272278e-02
1.650461921863636250e+15,3.067961575771272278e-02
1.650461921865561000e+15,3.067961575771271932e-02
1.650461921867485750e+15,3.067961575771272625e-02
1.650461921869410500e+15,3.067961575771271932e-02
1.650461921871335000e+15,3.067961575771272625e-02
1.650461921873259750e+15,3.067961575771272278e-02
1.650461921875184500e+15,3.073624852007002944e-02
1.650461921877109250e+15,3.136451312725866553e-02
1.650461921879034000e+15,3.199277773444729467e-02
1.650461921880958750e+15,3.262104234163593075e-02
1.650461921882883250e+15,3.324922534542058827e-02
1.650461921884808000e+15,3.387748995260922436e-02
1.650461921886732750e+15,3.450575455979785350e-02
1.650461921888657500e+15,3.513401916698648958e-02
1.650461921890582250e+15,3.576228377417512566e-02
1.650461921892507000e+15,3.639054838136375480e-02
1.650461921894431750e+15,3.712912030867471236e-02
1.650461921896356250e+15,3.809818880033639943e-02
1.650461921898281000e+15,3.906738317774653690e-02
1.650461921900205750e+15,4.003657755515668132e-02
1.650461921902130500e+15,4.100577193256682573e-02
1.650461921904055250e+15,4.197496630997696321e-02
1.650461921905980000e+15,4.294416068738711456e-02
1.650461921907904500e+15,4.391322917904878775e-02
1.650461921909829250e+15,4.488242355645893911e-02
1.650461921911754000e+15,4.585161793386907658e-02
1.650461921913678750e+15,4.682081231127922100e-02
1.650461921915603500e+15,4.779000668868935847e-02
1.650461921917528250e+15,4.875920106609950289e-02
1.650461921919452750e+15,4.845179506086924603e-02
1.650461921921377500e+15,4.749060696890772953e-02
1.650461921923302250e+15,4.652941887694622691e-02
1.650461921925227000e+15,4.556823078498471041e-02
1.650461921927151750e+15,4.460704269302320779e-02
1.650461921929076500e+15,4.364585460106169129e-02
1.650461921931001000e+15,4.295146206079803602e-02
1.650461921932925750e+15,4.295146206079803602e-02
1.650461921934850500e+15,4.295146206079803602e-02
1.650461921936775250e+15,4.295146206079803602e-02
1.650461921938700000e+15,4.295146206079803602e-02
1.650461921940624750e+15,4.295146206079802909e-02
1.650461921942549250e+15,4.295146206079802909e-02
1.650461921944474000e+15,4.295146206079802909e-02
1.650461921946398750e+15,4.295146206079802909e-02
1.650461921948323500e+15,4.295146206079802909e-02
1.650461921950248250e+15,4.295146206079802909e-02
1.650461921952173000e+15,4.295146206079803602e-02
1.650461921954097500e+15,4.295146206079802909e-02
1.650461921956022250e+15,4.295146206079802909e-02
1.650461921957947000e+15,4.295146206079802909e-02
1.650461921959871750e+15,4.295146206079802215e-02
1.650461921961796500e+15,4.295146206079802909e-02
1.650461921963721250e+15,4.295146206079802909e-02
1.650461921965645750e+15,4.295146206079802909e-02
1.650461921967570500e+15,4.295146206079802909e-02
1.650461921969495250e+15,4.295146206079802909e-02
1.650461921971420000e+15,4.295146206079802909e-02
1.650461921973344750e+15,4.295146206079802909e-02
1.650461921975269500e+15,4.295146206079802909e-02
1.650461921977194000e+15,4.295146206079802909e-02
1.650461921979118750e+15,4.295146206079802215e-02
1.650461921981043500e+15,4.295146206079802909e-02
1.650461921982968250e+15,4.295146206079802215e-02
1.650461921984893000e+15,4.312411136135668732e-02
1.650461921986817750e+15,4.365326222322016975e-02
1.650461921988742250e+15,4.418234435526655762e-02
1.650461921990667000e+15,4.471149521713002617e-02
1.650461921992591750e+15,4.524064607899351553e-02
1.650461921994516500e+15,4.576979694085700490e-02
1.650461921996441250e+15,4.629894780272048732e-02
1.650461921998366000e+15,4.682809866458396975e-02
1.650461922000290500e+15,4.735718079663035068e-02
1.650461922002215250e+15,4.788633165849383311e-02
1.650461922004140000e+15,4.841548252035731553e-02
1.650461922006064750e+15,4.894463338222079796e-02
1.650461922007989500e+15,4.968412199544944979e-02
1.650461922009914250e+15,5.050131809882137113e-02
1.650461922011838750e+15,5.131840805904440417e-02
1.650461922013763500e+15,5.213560416241633244e-02
1.650461922015688250e+15,5.295280026578825378e-02
1.650461922017613000e+15,5.376999636916018205e-02
1.650461922019537750e+15,5.458719247253211032e-02
1.650461922021462500e+15,5.499204544199041284e-02
1.650461922023387000e+15,5.394851556348713439e-02
1.650461922025311750e+15,5.290485012641298057e-02
1.650461922027236500e+15,5.186118468933882675e-02
1.650461922029161250e+15,5.081751925226467292e-02
1.650461922031086000e+15,4.977385381519052604e-02
1.650461922033010750e+15,4.908738521234034397e-02
1.650461922034935250e+15,4.908738521234035784e-02
1.650461922036860000e+15,4.908738521234035090e-02
1.650461922038784750e+15,4.908738521234035090e-02
1.650461922040709500e+15,4.908738521234035090e-02
1.650461922042634250e+15,4.908738521234035090e-02
1.650461922044559000e+15,4.908738521234035090e-02
1.650461922046483500e+15,4.908738521234035090e-02
1.650461922048408250e+15,4.908738521234035784e-02
1.650461922050333000e+15,4.908738521234035090e-02
1.650461922052257750e+15,4.952662611013098487e-02
1.650461922054182500e+15,5.034842821756478626e-02
1.650461922056107250e+15,5.117023032499857377e-02
1.650461922058031750e+15,5.199192569102342731e-02
1.650461922059956500e+15,5.281372779845722176e-02
1.650461922061881250e+15,5.363552990589101621e-02
1.650461922063806000e+15,5.445733201332481066e-02
1.650461922065730750e+15,5.522330836388267272e-02
1.650461922067655500e+15,5.522330836388267272e-02
1.650461922069580000e+15,5.522330836388266578e-02
1.650461922071504750e+15,5.522330836388267272e-02
1.650461922073429500e+15,5.522330836388267272e-02
1.650461922075354250e+15,5.522330836388267272e-02
1.650461922077279000e+15,5.522330836388266578e-02
1.650461922079203750e+15,5.522330836388267272e-02
1.650461922081128250e+15,5.522330836388267272e-02
1.650461922083053000e+15,5.522330836388267272e-02
1.650461922084977750e+15,5.522330836388266578e-02
1.650461922086902500e+15,5.522330836388266578e-02
1.650461922088827250e+15,5.285044263408670423e-02
1.650461922090752000e+15,5.018930741868988382e-02
1.650461922092676500e+15,4.752851785015829722e-02
1.650461922094601250e+15,4.486738263476147681e-02
1.650461922096526000e+15,4.336743504989934439e-02
1.650461922098450750e+15,4.485285993073930694e-02
1.650461922100375500e+15,4.633828481157927642e-02
1.650461922102300250e+15,4.782370969241925285e-02
1.650461922104224750e+15,4.930894163588023238e-02
1.650461922106149500e+15,5.079436651672020187e-02
1.650461922108074250e+15,5.227979139756017135e-02
1.650461922109999000e+15,5.376521627840014084e-02
1.650461922111923750e+15,5.525064115924011032e-02
1.650461922113848500e+15,5.673606604008007981e-02
1.650461922115773000e+15,5.822129798354105934e-02
1.650461922117697750e+15,5.970672286438102883e-02
1.650461922119622500e+15,6.119214774522099831e-02
1.650461922121547250e+15,6.484934746435538910e-02
1.650461922123472000e+15,6.878179334329705130e-02
1.650461922125396750e+15,7.271423922223869962e-02
1.650461922127321250e+15,7.664617432758911997e-02
1.650461922129246000e+15,8.057862020653076829e-02
1.650461922131170750e+15,8.451106608547240273e-02
1.650461922133095500e+15,8.590292412159604429e-02
1.650461922135020250e+15,8.590292412159607205e-02
1.650461922136945000e+15,8.590292412159605817e-02
1.650461922138869500e+15,8.590292412159605817e-02
1.650461922140794250e+15,8.590292412159605817e-02
1.650461922142719000e+15,8.590292412159605817e-02
1.650461922144643750e+15,8.590292412159605817e-02
1.650461922146568500e+15,8.590292412159605817e-02
1.650461922148493250e+15,8.590292412159605817e-02
1.650461922150417750e+15,8.590292412159604429e-02
1.650461922152342500e+15,8.590292412159605817e-02
1.650461922154267250e+15,8.590292412159605817e-02
1.650461922156192000e+15,8.581417698625204427e-02
1.650461922158116750e+15,8.477892820592849987e-02
1.650461922160041500e+15,8.374367942560494160e-02
1.650461922161966000e+15,8.270856511063796879e-02
1.650461922163890750e+15,8.167331633031441052e-02
1.650461922165815500e+15,8.063806754999088000e-02
1.650461922167740250e+15,7.976700097005373635e-02
1.650461922169665000e+15,7.976700097005373635e-02
1.650461922171589750e+15,7.976700097005373635e-02
1.650461922173514250e+15,7.976700097005373635e-02
1.650461922175439000e+15,7.976700097005373635e-02
1.650461922177363750e+15,8.007243675615510758e-02
1.650461922179288500e+15,8.057117485100016852e-02
1.650461922181213250e+15,8.106991294584524332e-02
1.650461922183138000e+15,8.156865104069030425e-02
1.650461922185062500e+15,8.206732435594127351e-02
1.650461922186987250e+15,8.256606245078634831e-02
1.650461922188912000e+15,8.306480054563140925e-02
1.650461922190836750e+15,8.356353864047647018e-02
1.650461922192761500e+15,8.406227673532154498e-02
1.650461922194686250e+15,8.456101483016659204e-02
1.650461922196610750e+15,8.505968814541757517e-02
1.650461922198535500e+15,8.555842624026264998e-02
1.650461922200460250e+15,8.704453953812728295e-02
1.650461922202385000e+15,9.073597048809532717e-02
1.650461922204309750e+15,9.442740143806335751e-02
1.650461922206234500e+15,9.811883238803140173e-02
1.650461922208159000e+15,1.018097838691138929e-01
1.650461922210083750e+15,1.039842839184700052e-01
1.650461922212008500e+15,1.029721905012165040e-01
1.650461922213933250e+15,1.019600970839630028e-01
1.650461922215858000e+15,1.009480036667095015e-01
1.650461922217782750e+15,9.993591024945600032e-02
1.650461922219707250e+15,9.892394828997848333e-02
1.650461922221632000e+15,9.922919769158038139e-02
1.650461922223556750e+15,1.032882154555106041e-01
1.650461922225481500e+15,1.073472332194408407e-01
1.650461922227406250e+15,1.114062509833710912e-01
1.650461922229331000e+15,1.154652687473013278e-01
1.650461922231255500e+15,1.195237592975981200e-01
1.650461922233180250e+15,1.235827770615283566e-01
1.650461922235105000e+15,1.276417948254585932e-01
1.650461922237029750e+15,1.269773478745469530e-01
1.650461922238954500e+15,1.243006822082923929e-01
1.650461922240879250e+15,1.216240165420378605e-01
1.650461922242803750e+15,1.189476985398521813e-01
1.650461922244728500e+15,1.162710328735976351e-01
1.650461922246653250e+15,1.135943672073430888e-01
1.650461922248578000e+15,1.109177015410885425e-01
1.650461922250502750e+15,1.082410358748340101e-01
1.650461922252427500e+15,1.055643702085794639e-01
1.650461922254352250e+15,1.057399181072531252e-01
1.650461922256276750e+15,1.084279636581623324e-01
1.650461922258201500e+15,1.111163583965943946e-01
1.650461922260126250e+15,1.138047531350264430e-01
1.650461922262051000e+15,1.164931478734585191e-01
1.650461922263975750e+15,1.191815426118905674e-01
1.650461922265900500e+15,1.218699373503226435e-01
1.650461922267825000e+15,1.245579829012318507e-01
1.650461922269749750e+15,1.272463776396638990e-01
1.650461922271674500e+15,1.288543861823940873e-01
1.650461922273599250e+15,1.288543861823940595e-01
1.650461922275524000e+15,1.288543861823940317e-01
1.650461922277448750e+15,1.288543861823940317e-01
1.650461922279373250e+15,1.288543861823940040e-01
1.650461922281298000e+15,1.288543861823939762e-01
1.650461922283222750e+15,1.288543861823939762e-01
1.650461922285147500e+15,1.288543861823939485e-01
1.650461922287072250e+15,1.288543861823939207e-01
1.650461922288997000e+15,1.288543861823939207e-01
1.650461922290921500e+15,1.288543861823938930e-01
1.650461922292846250e+15,1.288543861823938930e-01
1.650461922294771000e+15,1.282088159714592779e-01
1.650461922296695750e+15,1.274855556318222893e-01
1.650461922298620500e+15,1.267622952921853008e-01
1.650461922300545250e+15,1.260390349525483122e-01
1.650461922302469750e+15,1.253158685550258278e-01
1.650461922304394500e+15,1.245926082153888392e-01
1.650461922306319250e+15,1.238693478757518507e-01
1.650461922308244000e+15,1.231460875361148760e-01
1.650461922310168750e+15,1.240525252481382845e-01
1.650461922312093500e+15,1.273162510221756971e-01
1.650461922314018000e+15,1.305795528806689698e-01
1.650461922315942750e+15,1.338432786547063824e-01
1.650461922317867500e+15,1.371070044287437950e-01
1.650461922319792250e+15,1.403707302027812076e-01
1.650461922321717000e+15,1.436344559768186202e-01
1.650461922323641750e+15,1.468981817508560328e-01
1.650461922325566250e+15,1.501614836093493333e-01
1.650461922327491000e+15,1.533781905914358978e-01
1.650461922329415750e+15,1.509857026275089331e-01
1.650461922331340500e+15,1.485932146635819406e-01
1.650461922333265250e+15,1.462007266996549759e-01
1.650461922335190000e+15,1.438082387357280112e-01
1.650461922337114500e+15,1.414160615248811759e-01
1.650461922339039250e+15,1.390235735609542111e-01
1.650461922340964000e+15,1.366310855970272187e-01
1.650461922342888750e+15,1.355350124986714755e-01
1.650461922344813500e+15,1.372686502271930065e-01
1.650461922346738250e+15,1.390022879557145652e-01
1.650461922348662750e+15,1.407357005072353562e-01
1.650461922350587500e+15,1.424693382357568872e-01
1.650461922352512250e+15,1.442029759642784181e-01
1.650461922354437000e+15,1.459366136927999491e-01
1.650461922356361750e+15,1.476702514213214801e-01
1.650461922358286500e+15,1.494038891498430111e-01
1.650461922360211000e+15,1.511373017013638298e-01
1.650461922362135750e+15,1.528709394298853608e-01
1.650461922364060500e+15,1.520677017957687005e-01
1.650461922365985250e+15,1.501560607977222572e-01
1.650461922367910000e+15,1.482444197996757862e-01
1.650461922369834750e+15,1.463327788016293152e-01
1.650461922371759250e+15,1.444213861008939448e-01
1.650461922373684000e+15,1.425097451028474460e-01
1.650461922375608750e+15,1.431812477770784131e-01
1.650461922377533500e+15,1.506196881767112583e-01
1.650461922379458250e+15,1.580581285763441590e-01
1.650461922381383000e+15,1.654965689759770042e-01
1.650461922383307500e+15,1.729340432189142573e-01
1.650461922385232250e+15,1.803724836185471303e-01
1.650461922387157000e+15,1.821711091060264909e-01
1.650461922389081750e+15,1.783722474847820316e-01
1.650461922391006500e+15,1.745733858635375446e-01
1.650461922392931250e+15,1.707745242422931131e-01
1.650461922394855750e+15,1.669761560437816317e-01
1.650461922396780500e+15,1.631772944225372002e-01
1.650461922398705250e+15,1.593784328012927132e-01
1.650461922400630000e+15,1.555795711800482817e-01
1.650461922402554750e+15,1.517807095588037947e-01
1.650461922404479500e+15,1.479818479375593632e-01
1.650461922406404000e+15,1.441834797390478817e-01
1.650461922408328750e+15,1.414679254271891118e-01
1.650461922410253500e+15,1.432182208085795994e-01
1.650461922412178250e+15,1.449685161899701147e-01
1.650461922414103000e+15,1.467188115713605745e-01
1.650461922416027750e+15,1.484691069527510898e-01
1.650461922417952250e+15,1.502191749935283260e-01
1.650461922419877000e+15,1.519694703749188414e-01
1.650461922421801750e+15,1.546122776408066224e-01
1.650461922423726500e+15,1.612187207244901443e-01
1.650461922425651250e+15,1.678251638081736663e-01
1.650461922427576000e+15,1.744316068918571883e-01
1.650461922429500500e+15,1.810371918844790873e-01
1.650461922431425250e+15,1.876436349681626092e-01
1.650461922433350000e+15,1.876142496768494483e-01
1.650461922435274750e+15,1.833598843721190308e-01
1.650461922437199500e+15,1.791055190673885855e-01
1.650461922439124250e+15,1.748511537626581680e-01
1.650461922441048750e+15,1.705973410446668947e-01
1.650461922442973500e+15,1.663429757399364495e-01
1.650461922444898250e+15,1.620886104352060042e-01
1.650461922446823000e+15,1.600189479733582221e-01
1.650461922448747750e+15,1.612327319493018496e-01
1.650461922450672500e+15,1.624465159252454771e-01
1.650461922452597000e+15,1.636601422464318834e-01
1.650461922454521750e+15,1.648739262223755109e-01
1.650461922456446500e+15,1.660877101983191384e-01
1.650461922458371250e+15,1.673014941742627659e-01
1.650461922460296000e+15,1.685152781502063934e-01
1.650461922462220750e+15,1.697290621261500210e-01
1.650461922464145250e+15,1.709426884473363994e-01
1.650461922466070000e+15,1.720646438640724418e-01
1.650461922467994750e+15,1.729605375174713688e-01
1.650461922469919500e+15,1.738564311708702959e-01
1.650461922471844250e+15,1.747523248242692506e-01
1.650461922473769000e+15,1.756482184776681776e-01
1.650461922475693500e+15,1.765439957661296688e-01
1.650461922477618250e+15,1.774398894195286236e-01
1.650461922479543000e+15,1.783357830729275506e-01
1.650461922481467750e+15,1.792316767263265054e-01
1.650461922483392500e+15,1.801275703797254324e-01
1.650461922485317250e+15,1.810234640331243872e-01
1.650461922487241750e+15,1.819192413215858783e-01
1.650461922489166500e+15,1.828151349749848054e-01
1.650461922491091250e+15,1.837110286283837601e-01
1.650461922493016000e+15,1.863501846515876748e-01
1.650461922494940750e+15,1.901971286535197037e-01
1.650461922496865500e+15,1.940440726554517603e-01
1.650461922498790000e+15,1.978905169893747096e-01
1.650461922500714750e+15,2.017374609913067385e-01
1.650461922502639500e+15,2.028540425243224588e-01
1.650461922504564250e+15,2.033115862282559860e-01
1.650461922506489000e+15,2.037691299321894856e-01
1.650461922508413750e+15,2.042266736361230128e-01
1.650461922510338250e+15,2.046841579110782461e-01
1.650461922512263000e+15,2.051417016150117734e-01
1.650461922514187750e+15,2.055992453189452451e-01
1.650461922516112500e+15,2.060567890228787724e-01
1.650461922518037250e+15,2.065143327268122719e-01
1.650461922519962000e+15,2.069718764307457992e-01
1.650461922521886500e+15,2.074293607057010325e-01
1.650461922523811250e+15,2.078869044096345597e-01
1.650461922525736000e+15,2.083444481135680870e-01
1.650461922527660750e+15,2.077701559620182270e-01
1.650461922529585500e+15,2.056136475924517926e-01
1.650461922531510250e+15,2.034571392228853304e-01
1.650461922533434750e+15,2.013009109557178378e-01
1.650461922535359500e+15,1.991444025861513756e-01
1.650461922537284250e+15,1.969878942165849689e-01
1.650461922539209000e+15,1.963495408493627914e-01
1.650461922541133750e+15,1.963495408493625694e-01
1.650461922543058500e+15,1.963495408493623473e-01
1.650461922544983000e+15,1.963495408493621253e-01
1.650461922546907750e+15,1.963495408493619032e-01
1.650461922548832500e+15,1.963495408493619032e-01
1.650461922550757250e+15,1.963495408493619587e-01
1.650461922552682000e+15,1.963495408493620697e-01
1.650461922554606750e+15,1.963495408493621253e-01
1.650461922556531250e+15,1.963495408493622363e-01
1.650461922558456000e+15,1.963495408493622918e-01
1.650461922560380750e+15,1.963495408493624028e-01
1.650461922562305500e+15,1.963495408493624583e-01
1.650461922564230250e+15,1.963495408493625694e-01
1.650461922566155000e+15,1.963495408493626249e-01
1.650461922568079500e+15,1.963495408493627359e-01
1.650461922570004250e+15,1.963495408493628192e-01
1.650461922571929000e+15,1.963495408493629024e-01
1.650461922573853750e+15,1.963495408493629579e-01
1.650461922575778500e+15,1.963495408493629579e-01
1.650461922577703250e+15,1.963495408493629579e-01
1.650461922579627750e+15,1.963495408493629857e-01
1.650461922581552500e+15,1.967450597558790815e-01
1.650461922583477250e+15,1.980002535156761279e-01
1.650461922585402000e+15,1.992554472754731465e-01
1.650461922587326750e+15,2.005106410352701651e-01
1.650461922589251500e+15,2.017658347950672115e-01
1.650461922591176000e+15,2.024854640009048357e-01
1.650461922593100750e+15,2.024854640009048357e-01
1.650461922595025500e+15,2.024854640009048079e-01
1.650461922596950250e+15,2.024854640009048357e-01
1.650461922598875000e+15,2.024854640009048357e-01
1.650461922600799750e+15,2.024854640009048357e-01
1.650461922602724500e+15,2.024854640009048357e-01
1.650461922604649000e+15,2.024854640009048634e-01
1.650461922606573750e+15,2.024854640009048634e-01
1.650461922608498500e+15,2.024854640009048357e-01
1.650461922610423250e+15,2.024854640009048357e-01
1.650461922612348000e+15,2.024854640009048357e-01
1.650461922614272750e+15,2.024854640009048357e-01
1.650461922616197250e+15,2.024854640009048634e-01
1.650461922618122000e+15,2.020075663226421903e-01
1.650461922620046750e+15,2.009599199032389705e-01
1.650461922621971500e+15,1.999122734838357784e-01
1.650461922623896250e+15,1.988646270644325587e-01
1.650461922625821000e+15,1.978169806450293666e-01
1.650461922627745500e+15,1.967694703012748680e-01
1.650461922629670250e+15,1.967520810037799994e-01
1.650461922631595000e+15,1.974239120570784045e-01
1.650461922633519750e+15,1.980957431103767818e-01
1.650461922635444500e+15,1.987675741636751869e-01
1.650461922637369250e+15,1.994394052169735643e-01
1.650461922639293750e+15,2.001111490081530775e-01
1.650461922641218500e+15,2.007829800614514548e-01
1.650461922643143250e+15,2.014548111147498322e-01
1.650461922645068000e+15,2.021266421680482372e-01
1.650461922646992750e+15,2.024854640009048357e-01
1.650461922648917500e+15,2.024854640009048357e-01
1.650461922650842000e+15,2.024854640009048357e-01
1.650461922652766750e+15,2.024854640009048357e-01
1.650461922654691500e+15,2.024854640009048357e-01
1.650461922656616250e+15,2.024854640009048357e-01
1.650461922658541000e+15,2.024854640009048079e-01
1.650461922660465750e+15,2.024854640009048357e-01
1.650461922662390250e+15,2.033344053445681754e-01
1.650461922664315000e+15,2.046912663378968600e-01
1.650461922666239750e+15,2.060481273312255446e-01
1.650461922668164500e+15,2.074049883245542292e-01
1.650461922670089250e+15,2.086213871524480457e-01
1.650461922672014000e+15,2.086213871524480734e-01
1.650461922673938500e+15,2.086213871524480457e-01
1.650461922675863250e+15,2.086213871524480457e-01
1.650461922677788000e+15,2.086213871524480457e-01
1.650461922679712750e+15,2.086213871524480457e-01
1.650461922681637500e+15,2.086213871524480457e-01
1.650461922683562250e+15,2.086213871524480457e-01
1.650461922685486750e+15,2.086213871524480457e-01
1.650461922687411500e+15,2.086213871524480457e-01
1.650461922689336250e+15,2.086213871524480457e-01
1.650461922691261000e+15,2.086213871524480734e-01
1.650461922693185750e+15,2.086213871524480457e-01
1.650461922695110500e+15,2.077489637171231751e-01
1.650461922697035000e+15,2.068122948740086786e-01
1.650461922698959750e+15,2.058755043539854945e-01
1.650461922700884500e+15,2.049387138339622827e-01
1.650461922702809250e+15,2.040019233139390986e-01
1.650461922704734000e+15,2.030651327939159145e-01
1.650461922706658750e+15,2.035704267157683045e-01
1.650461922708583250e+15,2.064160972367282132e-01
1.650461922710508000e+15,2.092621374213047281e-01
1.650461922712432750e+15,2.121081776058812429e-01
1.650461922714357500e+15,2.149542177904578133e-01
1.650461922716282250e+15,2.178002579750343282e-01
1.650461922718207000e+15,2.206462981596108708e-01
1.650461922720131500e+15,2.191156211685733046e-01
1.650461922722056250e+15,2.171688449242923369e-01
1.650461922723981000e+15,2.152220686800113691e-01
1.650461922725905750e+15,2.132752924357304014e-01
1.650461922727830500e+15,2.113285161914494614e-01
1.650461922729755250e+15,2.093817399471684937e-01
1.650461922731679750e+15,2.086213871524480457e-01
1.650461922733604500e+15,2.086213871524480457e-01
1.650461922735529250e+15,2.086213871524480457e-01
1.650461922737454000e+15,2.086213871524480457e-01
1.650461922739378750e+15,2.086213871524480457e-01
1.650461922741303500e+15,2.086213871524480457e-01
1.650461922743228000e+15,2.086213871524480457e-01
1.650461922745152750e+15,2.086213871524480457e-01
1.650461922747077500e+15,2.086213871524480457e-01
1.650461922749002250e+15,2.086213871524480457e-01
1.650461922750927000e+15,2.101400363249210368e-01
1.650461922752851750e+15,2.119421448296789356e-01
1.650461922754776250e+15,2.137440192639725733e-01
1.650461922756701000e+15,2.155461277687305000e-01
1.650461922758625750e+15,2.173482362734883988e-01
1.650461922760550500e+15,2.191503447782463254e-01
1.650461922762475250e+15,2.210016404776933285e-01
1.650461922764400000e+15,2.243005561441546725e-01
1.650461922766324500e+15,2.275990433243624267e-01
1.650461922768249250e+15,2.308979589908237984e-01
1.650461922770174000e+15,2.341968746572851423e-01
1.650461922772098750e+15,2.374957903237465140e-01
1.650461922774023500e+15,2.407947059902078579e-01
1.650461922775948250e+15,2.440936216566692019e-01
1.650461922777872750e+15,2.473921088368769561e-01
1.650461922779797500e+15,2.506910245033383555e-01
1.650461922781722250e+15,2.539899401697996439e-01
1.650461922783647000e+15,2.572888558362609879e-01
1.650461922785571750e+15,2.540484211630681943e-01
1.650461922787496500e+15,2.498541892979030954e-01
1.650461922789421000e+15,2.456605022089252133e-01
1.650461922791345750e+15,2.414662703437601976e-01
1.650461922793270500e+15,2.372720384785951264e-01
1.650461922795195250e+15,2.330778066134300552e-01
1.650461922797120000e+15,2.288835747482650118e-01
1.650461922799044750e+15,2.285232203258728556e-01
1.650461922800969250e+15,2.312010556011478424e-01
1.650461922802894000e+15,2.338792387375913662e-01
1.650461922804818750e+15,2.365574218740348622e-01
1.650461922806743500e+15,2.392356050104783582e-01
1.650461922808668250e+15,2.419137881469218543e-01
1.650461922810593000e+15,2.445919712833653503e-01
1.650461922812517500e+15,2.472698065586403371e-01
1.650461922814442250e+15,2.499479896950838331e-01
1.650461922816367000e+15,2.519629141969302877e-01
1.650461922818291750e+15,2.529546943519463409e-01
1.650461922820216500e+15,2.539464745069623386e-01
1.650461922822141250e+15,2.549382546619783363e-01
1.650461922824065750e+15,2.559299059976470891e-01
1.650461922825990500e+15,2.569216861526630868e-01
1.650461922827915250e+15,2.579134663076790845e-01
1.650461922829840000e+15,2.589052464626950822e-01
1.650461922831764750e+15,2.598970266177110799e-01
1.650461922833689500e+15,2.608888067727270776e-01
1.650461922835614000e+15,2.618804581083957750e-01
1.650461922837538750e+15,2.628722382634117727e-01
1.650461922839463500e+15,2.638285935486473499e-01
1.650461922841388250e+15,2.630021332207304052e-01
1.650461922843313000e+15,2.621756728928135716e-01
1.650461922845237750e+15,2.613492125648966269e-01
1.650461922847162250e+15,2.605228595834310212e-01
1.650461922849087000e+15,2.596963992555140766e-01
1.650461922851011750e+15,2.588699389275972429e-01
1.650461922852936500e+15,2.580434785996803537e-01
1.650461922854861250e+15,2.577087723647868978e-01
1.650461922856786000e+15,2.577087723647870088e-01
1.650461922858710500e+15,2.577087723647871753e-01
1.650461922860635250e+15,2.577087723647872863e-01
1.650461922862560000e+15,2.577087723647873974e-01
1.650461922864484750e+15,2.577087723647875084e-01
1.650461922866409500e+15,2.577087723647876749e-01
1.650461922868334250e+15,2.577087723647878414e-01
1.650461922870258750e+15,2.577087723647879525e-01
1.650461922872183500e+15,2.577087723647880635e-01
1.650461922874108250e+15,2.577087723647881745e-01
1.650461922876033000e+15,2.577087723647882855e-01
1.650461922877957750e+15,2.577087723647882855e-01
1.650461922879882500e+15,2.577087723647883410e-01
1.650461922881807000e+15,2.577087723647883966e-01
1.650461922883731750e+15,2.577087723647884521e-01
1.650461922885656500e+15,2.577087723647885076e-01
1.650461922887581250e+15,2.577087723647885631e-01
1.650461922889506000e+15,2.577087723647886186e-01
1.650461922891430750e+15,2.577087723647886741e-01
1.650461922893355250e+15,2.577087723647887296e-01
1.650461922895280000e+15,2.577087723647887296e-01
1.650461922897204750e+15,2.577087723647887851e-01
1.650461922899129500e+15,2.581244292482153257e-01
1.650461922901054250e+15,2.595724574588490485e-01
1.650461922902979000e+15,2.610204856694827713e-01
1.650461922904903500e+15,2.624683258000787278e-01
1.650461922906828250e+15,2.638718816117891497e-01
1.650461922908753000e+15,2.644212405328950632e-01
1.650461922910677750e+15,2.649705994540009213e-01
1.650461922912602500e+15,2.655199583751068904e-01
1.650461922914527250e+15,2.660693172962127484e-01
1.650461922916451750e+15,2.666186048627373628e-01
1.650461922918376500e+15,2.671679637838432209e-01
1.650461922920301250e+15,2.677173227049491899e-01
1.650461922922226000e+15,2.682666816260550480e-01
1.650461922924150750e+15,2.688160405471609615e-01
1.650461922926075500e+15,2.693653994682668196e-01
1.650461922928000000e+15,2.699146870347914895e-01
1.650461922929924750e+15,2.691093309551033652e-01
1.650461922931849500e+15,2.681192137446796186e-01
1.650461922933774250e+15,2.671290965342559276e-01
1.650461922935699000e+15,2.661389793238322365e-01
1.650461922937623750e+15,2.651488621134084900e-01
1.650461922939548250e+15,2.641588735063372106e-01
1.650461922941473000e+15,2.644665220643114267e-01
1.650461922943397750e+15,2.653773749168435447e-01
1.650461922945322500e+15,2.662882277693756072e-01
1.650461922947247250e+15,2.671990806219076697e-01
1.650461922949172000e+15,2.681099334744398432e-01
1.650461922951096500e+15,2.690206680190289634e-01
1.650461922953021250e+15,2.699315208715610814e-01
1.650461922954946000e+15,2.699806186678723741e-01
1.650461922956870750e+15,2.699806186678724296e-01
1.650461922958795500e+15,2.699806186678724851e-01
1.650461922960720250e+15,2.699806186678724851e-01
1.650461922962645000e+15,2.699806186678725961e-01
1.650461922964569500e+15,2.699806186678725961e-01
1.650461922966494250e+15,2.699806186678725961e-01
1.650461922968419000e+15,2.699806186678727071e-01
1.650461922970343750e+15,2.699806186678727071e-01
1.650461922972268500e+15,2.699806186678727626e-01
1.650461922974193250e+15,2.699806186678728182e-01
1.650461922976117750e+15,2.716254233453017086e-01
1.650461922978042500e+15,2.756596225206839890e-01
1.650461922979967250e+15,2.796938216960662693e-01
1.650461922981892000e+15,2.837280208714485497e-01
1.650461922983816750e+15,2.877622200468307745e-01
1.650461922985741500e+15,2.917964192222131103e-01
1.650461922987666000e+15,2.945243112740432156e-01
1.650461922989590750e+15,2.945243112740432156e-01
1.650461922991515500e+15,2.945243112740432156e-01
1.650461922993440250e+15,2.945243112740432156e-01
1.650461922995365000e+15,2.945243112740432156e-01
1.650461922997289750e+15,2.945243112740432156e-01
1.650461922999214250e+15,2.945243112740432156e-01
1.650461923001139000e+15,2.945243112740432156e-01
1.650461923003063750e+15,2.945243112740432156e-01
1.650461923004988500e+15,2.945243112740432156e-01
1.650461923006913250e+15,2.945243112740432156e-01
1.650461923008838000e+15,2.945243112740432156e-01
1.650461923010762500e+15,2.945243112740432156e-01
1.650461923012687250e+15,2.945243112740432156e-01
1.650461923014612000e+15,2.945243112740432156e-01
1.650461923016536750e+15,2.945243112740431601e-01
1.650461923018461500e+15,2.945243112740432156e-01
1.650461923020386250e+15,2.972442503738477182e-01
1.650461923022310750e+15,3.020454636713243435e-01
1.650461923024235500e+15,3.068473006649943824e-01
1.650461923026160250e+15,3.116491376586644213e-01
1.650461923028085000e+15,3.164509746523344602e-01
1.650461923030009750e+15,3.186088059055113275e-01
1.650461923031934500e+15,3.175995666228304537e-01
1.650461923033859000e+15,3.165904584272105637e-01
1.650461923035783750e+15,3.155812191445296899e-01
1.650461923037708500e+15,3.145719798618488161e-01
1.650461923039633250e+15,3.135627405791678868e-01
1.650461923041558000e+15,3.125535012964870685e-01
1.650461923043482750e+15,3.115442620138061391e-01
1.650461923045407250e+15,3.105351538181862492e-01
1.650461923047332000e+15,3.095259145355053754e-01
1.650461923049256750e+15,3.085166752528245016e-01
1.650461923051181500e+15,3.075074359701436277e-01
1.650461923053106250e+15,3.070668670748659679e-01
1.650461923055031000e+15,3.079838017088669666e-01
1.650461923056955500e+15,3.089006172449805798e-01
1.650461923058880250e+15,3.098175518789815230e-01
1.650461923060805000e+15,3.107344865129824663e-01
1.650461923062729750e+15,3.116514211469833540e-01
1.650461923064654500e+15,3.125683557809843527e-01
1.650461923066579250e+15,3.132795057986269005e-01
1.650461923068503750e+15,3.138552815119792228e-01
1.650461923070428500e+15,3.144311320208256211e-01
1.650461923072353250e+15,3.150069825296720749e-01
1.650461923074278000e+15,3.155828330385184177e-01
1.650461923076202750e+15,3.161586835473648716e-01
1.650461923078127500e+15,3.167345340562113254e-01
1.650461923080052000e+15,3.173103097695635921e-01
1.650461923081976750e+15,3.178861602784100460e-01
1.650461923083901500e+15,3.184620107872564443e-01
1.650461923085826250e+15,3.190378612961028426e-01
1.650461923087751000e+15,3.190680038802131691e-01
1.650461923089675750e+15,3.190680038802132801e-01
1.650461923091600250e+15,3.190680038802133356e-01
1.650461923093525000e+15,3.190680038802133911e-01
1.650461923095449750e+15,3.190680038802135021e-01
1.650461923097374500e+15,3.190680038802135021e-01
1.650461923099299250e+15,3.190680038802136131e-01
1.650461923101224000e+15,3.190680038802136131e-01
1.650461923103148500e+15,3.190680038802136131e-01
1.650461923105073250e+15,3.190680038802136131e-01
1.650461923106998000e+15,3.190680038802136131e-01
1.650461923108922750e+15,3.190680038802136131e-01
1.650461923110847500e+15,3.190680038802136687e-01
1.650461923112772250e+15,3.193493810091945218e-01
1.650461923114696750e+15,3.203803382385592147e-01
1.650461923116621500e+15,3.214114293932590072e-01
1.650461923118546250e+15,3.224425205479587442e-01
1.650461923120471000e+15,3.234736117026585367e-01
1.650461923122395750e+15,3.245047028573582182e-01
1.650461923124320500e+15,3.249358968249881907e-01
1.650461923126245000e+15,3.241032509284190732e-01
1.650461923128169750e+15,3.232704968679246949e-01
1.650461923130094500e+15,3.224377428074303165e-01
1.650461923132019250e+15,3.216049887469359381e-01
1.650461923133944000e+15,3.207722346864416152e-01
1.650461923135868750e+15,3.199394806259472368e-01
1.650461923137793250e+15,3.191068347293781748e-01
1.650461923139718000e+15,3.195801448391892841e-01
1.650461923141642750e+15,3.201173346543328413e-01
1.650461923143567500e+15,3.206545244694763985e-01
1.650461923145492250e+15,3.211917142846199558e-01
1.650461923147417000e+15,3.217289040997635130e-01
1.650461923149341500e+15,3.222660241409344706e-01
1.650461923151266250e+15,3.228032139560780278e-01
1.650461923153191000e+15,3.233404037712215850e-01
1.650461923155115750e+15,3.238775935863650868e-01
1.650461923157040500e+15,3.244147834015086995e-01
1.650461923158965250e+15,3.249519732166522012e-01
1.650461923160889750e+15,3.262832727285948087e-01
1.650461923162814500e+15,3.283165202255271531e-01
1.650461923164739250e+15,3.303497677224594975e-01
1.650461923166664000e+15,3.323830152193918419e-01
1.650461923168588750e+15,3.344162627163241863e-01
1.650461923170513500e+15,3.364495102132565307e-01
1.650461923172438000e+15,3.368863041046575857e-01
1.650461923174362750e+15,3.356957680072856220e-01
1.650461923176287500e+15,3.345052319099136584e-01
1.650461923178212250e+15,3.333146958125415837e-01
1.650461923180137000e+15,3.321241597151696201e-01
1.650461923182061750e+15,3.320078597199382364e-01
1.650461923183986250e+15,3.339653539769036339e-01
1.650461923185911000e+15,3.359231025199507226e-01
1.650461923187835750e+15,3.378808510629978112e-01
1.650461923189760500e+15,3.398385996060448999e-01
1.650461923191685250e+15,3.417963481490919331e-01
1.650461923193610000e+15,3.434719146555785807e-01
1.650461923195534500e+15,3.415504137028256837e-01
1.650461923197459250e+15,3.396286631396605582e-01
1.650461923199384000e+15,3.377069125764954327e-01
1.650461923201308750e+15,3.357851620133303627e-01
1.650461923203233500e+15,3.338634114501652927e-01
1.650461923205158250e+15,3.319416608870001673e-01
1.650461923207082750e+15,3.321983403310237448e-01
1.650461923209007500e+15,3.334484851479951883e-01
1.650461923210932250e+15,3.346986299649665764e-01
1.650461923212857000e+15,3.359487747819381309e-01
1.650461923214781750e+15,3.371989195989095744e-01
1.650461923216706500e+15,3.347851066166945277e-01
1.650461923218631000e+15,3.313295256363321117e-01
1.650461923220555750e+15,3.278734957626233681e-01
1.650461923222480500e+15,3.244174658889145135e-01
1.650461923224405250e+15,3.209614360152057699e-01
1.650461923226330000e+15,3.175054061414969708e-01
1.650461923228254750e+15,3.140493762677882272e-01
1.650461923230179250e+15,3.140686564136690451e-01
1.650461923232104000e+15,3.157485366591668563e-01
1.650461923234028750e+15,3.174284169046646675e-01
1.650461923235953500e+15,3.191082971501624788e-01
1.650461923237878250e+15,3.207881773956602900e-01
1.650461923239803000e+15,3.224680576411580457e-01
1.650461923241727500e+15,3.241477196920532489e-01
1.650461923243652250e+15,3.258275999375510601e-01
1.650461923245577000e+15,3.275074801830488713e-01
1.650461923247501750e+15,3.291873604285466826e-01
1.650461923249426500e+15,3.308672406740444938e-01
1.650461923251351250e+15,3.313398501832987009e-01
1.650461923253275750e+15,3.313398501832988119e-01
1.650461923255200500e+15,3.313398501832988674e-01
1.650461923257125250e+15,3.313398501832989229e-01
1.650461923259050000e+15,3.313398501832989784e-01
1.650461923260974750e+15,3.313398501832990894e-01
1.650461923262899500e+15,3.319668431276859843e-01
1.650461923264824000e+15,3.357317352383645814e-01
1.650461923266748750e+15,3.394971164231027627e-01
1.650461923268673500e+15,3.432624976078408885e-01
1.650461923270598250e+15,3.470278787925791253e-01
1.650461923272523000e+15,3.507932599773172511e-01
1.650461923274447750e+15,3.545586411620554323e-01
1.650461923276372250e+15,3.558835427894688763e-01
1.650461923278297000e+15,3.558835427894688208e-01
1.650461923280221750e+15,3.558835427894687653e-01
1.650461923282146500e+15,3.558835427894686543e-01
1.650461923284071250e+15,3.558835427894685988e-01
1.650461923285996000e+15,3.558835427894684877e-01
1.650461923287920500e+15,3.567538557196137661e-01
1.650461923289845250e+15,3.580389610608468165e-01
1.650461923291770000e+15,3.593240664020798669e-01
1.650461923293694750e+15,3.606091717433128618e-01
1.650461923295619500e+15,3.618942770845459123e-01
1.650461923297544250e+15,3.631793824257789627e-01
1.650461923299468750e+15,3.644643208485366936e-01
1.650461923301393500e+15,3.657494261897696886e-01
1.650461923303318250e+15,3.670345315310026835e-01
1.650461923305243000e+15,3.680891217690273609e-01
1.650461923307167750e+15,3.675706338383076810e-01
1.650461923309092500e+15,3.670521459075881676e-01
1.650461923311017250e+15,3.665336579768685432e-01
1.650461923312941750e+15,3.660152373909899004e-01
1.650461923314866500e+15,3.654967494602703315e-01
1.650461923316791250e+15,3.649782615295507071e-01
1.650461923318716000e+15,3.644597735988310827e-01
1.650461923320640750e+15,3.639412856681115138e-01
1.650461923322565500e+15,3.634227977373918894e-01
1.650461923324490000e+15,3.629043771515132466e-01
1.650461923326414750e+15,3.623858892207936777e-01
1.650461923328339500e+15,3.620194659410111426e-01
1.650461923330264250e+15,3.620194659410110871e-01
1.650461923332189000e+15,3.620194659410110316e-01
1.650461923334113750e+15,3.620194659410109761e-01
1.650461923336038250e+15,3.620194659410108651e-01
1.650461923337963000e+15,3.620194659410108651e-01
1.650461923339887750e+15,3.620194659410107541e-01
1.650461923341812500e+15,3.639445122416953282e-01
1.650461923343737250e+15,3.739182211710158077e-01
1.650461923345662000e+15,3.838919301003365092e-01
1.650461923347586500e+15,3.938643435745421417e-01
1.650461923349511250e+15,4.038380525038627322e-01
1.650461923351436000e+15,4.096544299380226462e-01
1.650461923353360750e+15,4.042989745085104891e-01
1.650461923355285500e+15,3.989435190789984431e-01
1.650461923357210250e+15,3.935880636494863971e-01
1.650461923359134750e+15,3.882333038240045608e-01
1.650461923361059500e+15,3.872816970922698387e-01
1.650461923362984250e+15,3.883258700365190830e-01
1.650461923364909000e+15,3.893700429807683272e-01
1.650461923366833750e+15,3.904142159250175714e-01
1.650461923368758500e+15,3.914583888692667601e-01
1.650461923370683000e+15,3.925024261890266430e-01
1.650461923372607750e+15,3.935465991332758873e-01
1.650461923374532500e+15,3.945907720775251315e-01
1.650461923376457250e+15,3.956349450217743202e-01
1.650461923378382000e+15,3.966791179660236200e-01
1.650461923380306750e+15,3.977232909102728642e-01
1.650461923382231250e+15,3.987673282300325805e-01
1.650461923384156000e+15,3.988350048502664613e-01
1.650461923386080750e+15,3.988350048502664058e-01
1.650461923388005500e+15,3.988350048502663503e-01
1.650461923389930250e+15,3.988350048502662393e-01
1.650461923391855000e+15,3.988350048502662393e-01
1.650461923393779500e+15,3.988350048502661283e-01
1.650461923395704250e+15,3.988350048502660727e-01
1.650461923397629000e+15,3.988350048502660727e-01
1.650461923399553750e+15,3.976918352724262418e-01
1.650461923401478500e+15,3.963819286524249419e-01
1.650461923403403250e+15,3.950720220324236420e-01
1.650461923405327750e+15,3.937622855522613374e-01
1.650461923407252500e+15,3.924523789322600376e-01
1.650461923409177250e+15,3.911424723122587932e-01
1.650461923411102000e+15,3.898325656922574933e-01
1.650461923413026750e+15,3.885226590722561935e-01
1.650461923414951500e+15,3.872127524522549491e-01
1.650461923416876000e+15,3.868229396766382222e-01
1.650461923418800750e+15,3.873384177476928425e-01
1.650461923420725500e+15,3.878538958187474073e-01
1.650461923422650250e+15,3.883693738898019721e-01
1.650461923424575000e+15,3.888848519608564813e-01
1.650461923426499750e+15,3.894003300319111016e-01
1.650461923428424250e+15,3.899157411490662972e-01
1.650461923430349000e+15,3.904312192201208620e-01
1.650461923432273750e+15,3.909466972911753713e-01
1.650461923434198500e+15,3.914621753622299916e-01
1.650461923436123250e+15,3.919776534332845563e-01
1.650461923438048000e+15,3.924931315043390656e-01
1.650461923439972500e+15,3.944872429097214250e-01
1.650461923441897250e+15,3.974658351129830014e-01
1.650461923443822000e+15,4.004444273162446333e-01
1.650461923445746750e+15,4.034230195195062096e-01
1.650461923447671500e+15,4.064016117227678415e-01
1.650461923449596250e+15,4.093802039260294179e-01
1.650461923451520750e+15,4.095620063097657471e-01
1.650461923453445500e+15,4.058854188443033473e-01
1.650461923455370250e+15,4.022088313788410030e-01
1.650461923457295000e+15,3.985322439133786032e-01
1.650461923459219750e+15,3.948556564479163145e-01
1.650461923461144500e+15,3.911790689824538592e-01
1.650461923463069000e+15,3.875029590579014416e-01
1.650461923464993750e+15,3.895019697825021221e-01
1.650461923466918500e+15,3.934499557711134687e-01
1.650461923468843250e+15,3.973979417597247044e-01
1.650461923470768000e+15,4.013459277483359955e-01
1.650461923472692750e+15,4.052939137369472311e-01
1.650461923474617250e+15,4.092413869335090881e-01
1.650461923476542000e+15,4.131893729221203238e-01
1.650461923478466750e+15,4.171373589107316704e-01
1.650461923480391500e+15,4.210853448993429060e-01
1.650461923482316250e+15,4.250333308879542527e-01
1.650461923484241000e+15,4.289813168765654883e-01
1.650461923486165500e+15,4.264079303917839292e-01
1.650461923488090250e+15,4.228154990348464981e-01
1.650461923490015000e+15,4.192230676779091225e-01
1.650461923491939750e+15,4.156306363209716914e-01
1.650461923493864500e+15,4.120382049640342603e-01
1.650461923495789250e+15,4.084457736070968292e-01
1.650461923497713750e+15,4.051223057009474826e-01
1.650461923499638500e+15,4.097655603052060558e-01
1.650461923501563250e+15,4.144088149094646845e-01
1.650461923503488000e+15,4.190520695137232021e-01
1.650461923505412750e+15,4.236953241179818863e-01
1.650461923507337500e+15,4.283385787222404595e-01
1.650461923509262000e+15,4.329812302280960923e-01
1.650461923511186750e+15,4.376244848323547210e-01
1.650461923513111500e+15,4.422677394366132941e-01
1.650461923515036250e+15,4.469109940408718673e-01
1.650461923516961000e+15,4.515542486451304960e-01
1.650461923518885750e+15,4.540583132141500222e-01
1.650461923520810250e+15,4.540583132141498002e-01
1.650461923522735000e+15,4.540583132141496892e-01
1.650461923524659750e+15,4.540583132141495781e-01
1.650461923526584500e+15,4.540583132141494671e-01
1.650461923528509250e+15,4.540583132141493006e-01
1.650461923530434000e+15,4.540583132141491896e-01
1.650461923532358500e+15,4.534976728474640062e-01
1.650461923534283250e+15,4.529016537666701314e-01
1.650461923536208000e+15,4.523056346858762566e-01
1.650461923538132750e+15,4.517096156050823819e-01
1.650461923540057500e+15,4.511135965242885071e-01
1.650461923541982250e+15,4.505175774434946323e-01
1.650461923543906750e+15,4.499216357778301756e-01
1.650461923545831500e+15,4.493256166970363008e-01
1.650461923547756250e+15,4.487295976162424815e-01
1.650461923549681000e+15,4.481335785354486623e-01
1.650461923551605750e+15,4.479223900626073118e-01
1.650461923553530500e+15,4.479223900626072563e-01
1.650461923555455000e+15,4.479223900626072563e-01
1.650461923557379750e+15,4.479223900626072563e-01
1.650461923559304500e+15,4.479223900626072563e-01
1.650461923561229250e+15,4.479223900626072563e-01
1.650461923563154000e+15,4.479223900626072008e-01
1.650461923565078750e+15,4.479223900626072008e-01
1.650461923567003250e+15,4.479223900626072563e-01
1.650461923568928000e+15,4.479223900626072563e-01
1.650461923570852750e+15,4.479223900626072563e-01
1.650461923572777500e+15,4.479223900626072563e-01
1.650461923574702250e+15,4.479223900626072008e-01
1.650461923576627000e+15,4.479223900626072563e-01
1.650461923578551500e+15,4.479223900626072563e-01
1.650461923580476250e+15,4.479223900626072563e-01
1.650461923582401000e+15,4.479223900626072563e-01
1.650461923584325750e+15,4.479223900626073118e-01
1.650461923586250500e+15,4.479223900626072563e-01
1.650461923588175250e+15,4.479223900626072563e-01
1.650461923590099750e+15,4.479223900626072563e-01
1.650461923592024500e+15,4.479223900626072563e-01
1.650461923593949250e+15,4.479223900626072008e-01
1.650461923595874000e+15,4.479223900626072008e-01
1.650461923597798750e+15,4.479223900626072563e-01
1.650461923599723500e+15,4.479223900626072008e-01
1.650461923601648000e+15,4.479223900626072008e-01
1.650461923603572750e+15,4.479223900626072563e-01
1.650461923605497500e+15,4.479223900626072008e-01
1.650461923607422250e+15,4.479223900626072563e-01
1.650461923609347000e+15,4.479223900626072563e-01
1.650461923611271750e+15,4.479223900626072563e-01
1.650461923613196250e+15,4.479223900626072563e-01
1.650461923615121000e+15,4.479223900626072563e-01
1.650461923617045750e+15,4.479223900626072563e-01
1.650461923618970500e+15,4.479223900626073673e-01
1.650461923620895250e+15,4.479223900626074228e-01
1.650461923622820000e+15,4.479223900626074784e-01
1.650461923624744500e+15,4.479223900626074784e-01
1.650461923626669250e+15,4.479223900626075894e-01
1.650461923628594000e+15,4.479223900626076449e-01
1.650461923630518750e+15,4.479223900626077004e-01
1.650461923632443500e+15,4.479223900626075894e-01
1.650461923634368250e+15,4.479223900626074784e-01
1.650461923636292750e+15,4.479223900626074784e-01
1.650461923638217500e+15,4.479223900626074228e-01
1.650461923640142250e+15,4.479223900626073118e-01
1.650461923642067000e+15,4.479223900626072563e-01
1.650461923643991750e+15,4.479223900626072563e-01
1.650461923645916500e+15,4.479223900626072563e-01
1.650461923647841000e+15,4.479223900626072563e-01
1.650461923649765750e+15,4.479223900626071453e-01
1.650461923651690500e+15,4.479223900626072563e-01
1.650461923653615250e+15,4.479223900626072563e-01
1.650461923655540000e+15,4.479223900626073118e-01
1.650461923657464750e+15,4.479223900626074784e-01
1.650461923659389250e+15,4.479223900626074784e-01
1.650461923661314000e+15,4.479223900626075894e-01
1.650461923663238750e+15,4.479223900626076449e-01
1.650461923665163500e+15,4.479497699754653728e-01
1.650461923667088250e+15,4.490363573419139942e-01
1.650461923669013000e+15,4.501229447083626711e-01
1.650461923670937750e+15,4.512095320748112370e-01
1.650461923672862250e+15,4.522959783076884732e-01
1.650461923674787000e+15,4.533825656741371501e-01
1.650461923676711750e+15,4.536962425035735436e-01
1.650461923678636500e+15,4.527386394803081804e-01
1.650461923680561250e+15,4.517810364570428727e-01
1.650461923682486000e+15,4.508234334337775651e-01
1.650461923684410500e+15,4.498659547906945222e-01
1.650461923686335250e+15,4.489083517674292145e-01
1.650461923688260000e+15,4.479507487441638514e-01
1.650461923690184750e+15,4.490434279640347359e-01
1.650461923692109500e+15,4.501986777034391318e-01
1.650461923694034250e+15,4.513539274428435277e-01
1.650461923695958750e+15,4.525090271303269240e-01
1.650461923697883500e+15,4.536642768697312644e-01
1.650461923699808250e+15,4.532999927564471121e-01
1.650461923701733000e+15,4.521491334613846891e-01
1.650461923703657750e+15,4.509982741663222661e-01
1.650461923705582500e+15,4.498474148712598986e-01
1.650461923707507000e+15,4.486967050578568039e-01
1.650461923709431750e+15,4.483149432809430124e-01
1.650461923711356500e+15,4.495147317795392117e-01
1.650461923713281250e+15,4.507145202781353555e-01
1.650461923715206000e+15,4.519143087767315548e-01
1.650461923717130750e+15,4.531140972753278096e-01
1.650461923719055250e+15,4.543137299369972570e-01
1.650461923720980000e+15,4.555135184355934008e-01
1.650461923722904750e+15,4.567133069341895446e-01
1.650461923724829500e+15,4.579130954327857439e-01
1.650461923726754250e+15,4.591128839313819432e-01
1.650461923728679000e+15,4.601169833407909304e-01
1.650461923730603500e+15,4.593344915175092136e-01
1.650461923732528250e+15,4.585518980455103866e-01
1.650461923734453000e+15,4.577693045735115596e-01
1.650461923736377750e+15,4.569867111015127881e-01
1.650461923738302500e+15,4.562041176295140721e-01
1.650461923740227250e+15,4.554215241575152451e-01
1.650461923742151750e+15,4.546390323342334172e-01
1.650461923744076500e+15,4.545246596543074946e-01
1.650461923746001250e+15,4.563325152649716498e-01
1.650461923747926000e+15,4.581403708756357496e-01
1.650461923749850750e+15,4.599482264862999603e-01
1.650461923751775500e+15,4.617560820969640600e-01
1.650461923753700000e+15,4.635637028906895996e-01
1.650461923755624750e+15,4.653715585013536993e-01
1.650461923757549500e+15,4.671794141120177990e-01
1.650461923759474250e+15,4.689872697226819542e-01
1.650461923761399000e+15,4.707951253333461095e-01
1.650461923763323750e+15,4.723650876603824322e-01
1.650461923765248250e+15,4.710315377896716615e-01
1.650461923767173000e+15,4.696978146856702896e-01
1.650461923769097750e+15,4.683640915816689732e-01
1.650461923771022500e+15,4.670303684776676567e-01
1.650461923772947250e+15,4.669122667851912656e-01
1.650461923774872000e+15,4.681377641480564122e-01
1.650461923776796500e+15,4.693631023347477060e-01
1.650461923778721250e+15,4.705885996976127972e-01
1.650461923780646000e+15,4.718140970604779993e-01
1.650461923782570750e+15,4.730395944233430905e-01
1.650461923784495500e+15,4.742650917862083482e-01
1.650461923786420250e+15,4.754905891490734948e-01
1.650461923788344750e+15,4.767159273357647331e-01
1.650461923790269500e+15,4.779414246986299353e-01
1.650461923792194250e+15,4.786020058203198091e-01
1.650461923794119000e+15,4.786020058203197536e-01
1.650461923796043750e+15,4.786020058203198091e-01
1.650461923797968500e+15,4.786020058203197536e-01
1.650461923799893000e+15,4.786020058203197536e-01
1.650461923801817750e+15,4.786020058203197536e-01
1.650461923803742500e+15,4.786020058203198091e-01
1.650461923805667250e+15,4.786020058203197536e-01
1.650461923807592000e+15,4.786020058203196981e-01
1.650461923809516750e+15,4.786020058203197536e-01
1.650461923811441250e+15,4.786020058203197536e-01
1.650461923813366000e+15,4.786020058203197536e-01
1.650461923815290750e+15,4.786020058203196981e-01
1.650461923817215500e+15,4.786020058203197536e-01
1.650461923819140250e+15,4.786020058203197536e-01
1.650461923821065000e+15,4.786020058203197536e-01
1.650461923822989500e+15,4.786020058203197536e-01
1.650461923824914250e+15,4.786020058203197536e-01
1.650461923826839000e+15,4.786020058203196981e-01
1.650461923828763750e+15,4.786020058203197536e-01
1.650461923830688500e+15,4.786020058203197536e-01
1.650461923832613250e+15,4.786020058203197536e-01
1.650461923834537750e+15,4.786020058203197536e-01
1.650461923836462500e+15,4.786020058203197536e-01
1.650461923838387250e+15,4.786020058203196981e-01
1.650461923840312000e+15,4.786020058203198091e-01
1.650461923842236750e+15,4.786020058203197536e-01
1.650461923844161500e+15,4.786020058203198646e-01
1.650461923846086000e+15,4.786020058203198646e-01
1.650461923848010750e+15,4.786020058203199756e-01
1.650461923849935500e+15,4.786020058203199756e-01
1.650461923851860250e+15,4.786020058203199756e-01
1.650461923853785000e+15,4.786020058203200311e-01
1.650461923855709750e+15,4.786020058203200866e-01
1.650461923857634250e+15,4.786020058203201422e-01
1.650461923859559000e+15,4.787433632732107647e-01
1.650461923861483750e+15,4.797150695498217932e-01
1.650461923863408500e+15,4.806867758264328216e-01
1.650461923865333250e+15,4.816584821030437391e-01
1.650461923867258000e+15,4.826301883796547676e-01
1.650461923869182500e+15,4.836017684442542874e-01
1.650461923871107250e+15,4.845734747208653714e-01
1.650461923873032000e+15,4.840435173985506712e-01
1.650461923874956750e+15,4.832076395525650159e-01
1.650461923876881500e+15,4.823717617065794716e-01
1.650461923878806250e+15,4.815358838605937608e-01
1.650461923880730750e+15,4.807001145842725309e-01
1.650461923882655500e+15,4.798642367382868756e-01
1.650461923884580250e+15,4.790283588923012759e-01
1.650461923886505000e+15,4.791308583504270691e-01
1.650461923888429750e+15,4.802102951556488919e-01
1.650461923890354500e+15,4.812897319608705482e-01
1.650461923892279000e+15,4.823690285612858286e-01
1.650461923894203750e+15,4.834484653665075404e-01
1.650461923896128500e+15,4.845279021717292522e-01
1.650461923898053250e+15,4.839163522862792721e-01
1.650461923899978000e+15,4.828963040840050791e-01
1.650461923901902750e+15,4.818762558817309416e-01
1.650461923903827250e+15,4.808563401704558649e-01
1.650461923905752000e+15,4.798362919681817829e-01
1.650461923907676750e+15,4.788162437659075898e-01
1.650461923909601500e+15,4.811370129261766659e-01
1.650461923911526250e+15,4.843459934766515818e-01
1.650461923913451000e+15,4.875549740271266086e-01
1.650461923915375500e+15,4.907635377727501691e-01
1.650461923917300250e+15,4.939725183232251404e-01
1.650461923919225000e+15,4.971814988737001673e-01
1.650461923921149750e+15,5.003904794241751386e-01
1.650461923923074500e+15,5.035994599746500544e-01
1.650461923924999250e+15,5.068084405251250812e-01
1.650461923926923750e+15,5.100170042707486973e-01
1.650461923928848500e+15,5.132259848212236131e-01
1.650461923930773250e+15,5.150672362719804775e-01
1.650461923932698000e+15,5.139623510548478880e-01
1.650461923934622750e+15,5.128574658377154094e-01
1.650461923936547500e+15,5.117525806205829308e-01
1.650461923938472000e+15,5.106478389136747120e-01
1.650461923940396750e+15,5.095429536965422335e-01
1.650461923942321500e+15,5.086483346647597825e-01
1.650461923944246250e+15,5.078188559398031376e-01
1.650461923946171000e+15,5.069893772148466038e-01
1.650461923948095750e+15,5.061598984898900699e-01
1.650461923950020250e+15,5.053305275034352118e-01
1.650461923951945000e+15,5.045010487784785669e-01
1.650461923953869750e+15,5.036715700535220330e-01
1.650461923955794500e+15,5.035809338131461699e-01
1.650461923957719250e+15,5.047700314859141502e-01
1.650461923959644000e+15,5.059591291586820194e-01
1.650461923961568500e+15,5.071480723831224280e-01
1.650461923963493250e+15,5.083371700558904083e-01
1.650461923965418000e+15,5.095262677286582775e-01
1.650461923967342750e+15,5.107153654014262578e-01
1.650461923969267500e+15,5.119044630741940161e-01
1.650461923971192250e+15,5.130935607469618853e-01
1.650461923973116750e+15,5.142825039714022939e-01
1.650461923975041500e+15,5.154557143069786740e-01
1.650461923976966250e+15,5.162953359539240727e-01
1.650461923978891000e+15,5.171349576008692495e-01
1.650461923980815750e+15,5.179745792478146482e-01
1.650461923982740500e+15,5.188142008947600470e-01
1.650461923984665000e+15,5.196537134857699414e-01
1.650461923986589750e+15,5.204933351327151181e-01
1.650461923988514500e+15,5.213329567796605168e-01
1.650461923990439250e+15,5.215534678811181157e-01
1.650461923992364000e+15,5.215534678811181157e-01
1.650461923994288750e+15,5.215534678811181157e-01
1.650461923996213250e+15,5.215534678811180047e-01
1.650461923998138000e+15,5.215534678811180047e-01
1.650461924000062750e+15,5.215534678811180047e-01
1.650461924001987500e+15,5.215534678811178937e-01
1.650461924003912250e+15,5.215534678811177827e-01
1.650461924005837000e+15,5.215534678811176716e-01
1.650461924007761500e+15,5.215534678811177827e-01
1.650461924009686250e+15,5.215534678811177827e-01
1.650461924011611000e+15,5.215534678811177827e-01
1.650461924013535750e+15,5.215534678811177827e-01
1.650461924015460500e+15,5.215534678811177827e-01
1.650461924017385250e+15,5.215534678811177827e-01
1.650461924019310000e+15,5.215534678811177827e-01
1.650461924021234500e+15,5.215534678811178937e-01
1.650461924023159250e+15,5.215534678811178937e-01
1.650461924025084000e+15,5.215534678811178937e-01
1.650461924027008750e+15,5.215534678811180047e-01
1.650461924028933500e+15,5.215534678811180047e-01
1.650461924030858250e+15,5.215534678811180047e-01
1.650461924032782750e+15,5.215534678811180047e-01
1.650461924034707500e+15,5.215534678811181157e-01
1.650461924036632250e+15,5.215534678811181157e-01
1.650461924038557000e+15,5.215534678811182268e-01
1.650461924040481750e+15,5.215534678811182268e-01
1.650461924042406500e+15,5.215534678811182268e-01
1.650461924044331000e+15,5.215534678811182268e-01
1.650461924046255750e+15,5.215534678811182268e-01
1.650461924048180500e+15,5.215534678811182268e-01
1.650461924050105250e+15,5.215534678811182268e-01
1.650461924052030000e+15,5.215534678811182268e-01
1.650461924053954750e+15,5.215534678811182268e-01
1.650461924055879250e+15,5.215534678811182268e-01
1.650461924057804000e+15,5.215534678811182268e-01
1.650461924059728750e+15,5.215534678811181157e-01
1.650461924061653500e+15,5.215534678811182268e-01
1.650461924063578250e+15,5.215534678811182268e-01
1.650461924065503000e+15,5.215534678811182268e-01
1.650461924067427500e+15,5.215534678811182268e-01
1.650461924069352250e+15,5.215534678811182268e-01
1.650461924071277000e+15,5.215534678811182268e-01
1.650461924073201750e+15,5.215534678811182268e-01
1.650461924075126500e+15,5.215534678811181157e-01
1.650461924077051250e+15,5.215534678811182268e-01
1.650461924078975750e+15,5.215534678811184488e-01
1.650461924080900500e+15,5.215534678811184488e-01
1.650461924082825250e+15,5.215534678811184488e-01
1.650461924084750000e+15,5.215534678811186708e-01
1.650461924086674750e+15,5.215534678811186708e-01
1.650461924088599500e+15,5.215534678811185598e-01
1.650461924090524000e+15,5.215534678811184488e-01
1.650461924092448750e+15,5.215534678811184488e-01
1.650461924094373500e+15,5.215534678811183378e-01
1.650461924096298250e+15,5.215534678811182268e-01
1.650461924098223000e+15,5.215534678811181157e-01
1.650461924100147750e+15,5.215534678811181157e-01
1.650461924102072250e+15,5.215534678811180047e-01
1.650461924103997000e+15,5.215534678811180047e-01
1.650461924105921750e+15,5.215534678811178937e-01
1.650461924107846500e+15,5.215534678811177827e-01
1.650461924109771250e+15,5.215534678811177827e-01
1.650461924111696000e+15,5.215534678811178937e-01
1.650461924113620500e+15,5.215534678811180047e-01
1.650461924115545250e+15,5.215534678811180047e-01
1.650461924117470000e+15,5.215534678811181157e-01
1.650461924119394750e+15,5.215534678811181157e-01
1.650461924121319500e+15,5.215534678811182268e-01
1.650461924123244250e+15,5.215534678811182268e-01
1.650461924125168750e+15,5.215534678811182268e-01
1.650461924127093500e+15,5.215534678811183378e-01
1.650461924129018250e+15,5.215534678811183378e-01
1.650461924130943000e+15,5.215534678811184488e-01
1.650461924132867750e+15,5.215534678811184488e-01
1.650461924134792500e+15,5.215534678811184488e-01
1.650461924136717000e+15,5.215534678811185598e-01
1.650461924138641750e+15,5.215534678811186708e-01
1.650461924140566500e+15,5.215534678811185598e-01
1.650461924142491250e+15,5.215534678811186708e-01
1.650461924144416000e+15,5.215534678811185598e-01
1.650461924146340750e+15,5.215534678811184488e-01
1.650461924148265250e+15,5.215534678811184488e-01
1.650461924150190000e+15,5.215534678811183378e-01
1.650461924152114750e+15,5.215534678811183378e-01
1.650461924154039500e+15,5.215534678811181157e-01
1.650461924155964250e+15,5.215534678811183378e-01
1.650461924157889000e+15,5.215534678811184488e-01
1.650461924159813500e+15,5.215534678811185598e-01
1.650461924161738250e+15,5.215534678811186708e-01
1.650461924163663000e+15,5.215534678811188929e-01
1.650461924165587750e+15,5.215534678811190039e-01
1.650461924167512500e+15,5.215534678811191149e-01
1.650461924169437250e+15,5.215534678811190039e-01
1.650461924171361750e+15,5.215534678811188929e-01
1.650461924173286500e+15,5.215534678811188929e-01
1.650461924175211250e+15,5.215534678811188929e-01
1.650461924177136000e+15,5.215534678811186708e-01
1.650461924179060750e+15,5.215534678811186708e-01
1.650461924180985500e+15,5.215534678811186708e-01
1.650461924182910000e+15,5.215534678811186708e-01
1.650461924184834750e+15,5.215534678811187819e-01
1.650461924186759500e+15,5.215534678811188929e-01
1.650461924188684250e+15,5.215534678811188929e-01
1.650461924190609000e+15,5.215534678811188929e-01
1.650461924192533750e+15,5.215534678811188929e-01
1.650461924194458250e+15,5.215534678811188929e-01
1.650461924196383000e+15,5.215534678811190039e-01
1.650461924198307750e+15,5.215534678811190039e-01
1.650461924200232500e+15,5.215534678811191149e-01
1.650461924202157250e+15,5.215534678811191149e-01
1.650461924204082000e+15,5.215534678811191149e-01
1.650461924206006500e+15,5.215534678811191149e-01
1.650461924207931250e+15,5.215534678811191149e-01
1.650461924209856000e+15,5.215534678811191149e-01
1.650461924211780750e+15,5.215534678811191149e-01
1.650461924213705500e+15,5.215534678811191149e-01
1.650461924215630250e+15,5.215534678811190039e-01
1.650461924217554750e+15,5.215534678811190039e-01
1.650461924219479500e+15,5.215534678811190039e-01
1.650461924221404250e+15,5.215534678811188929e-01
1.650461924223329000e+15,5.215534678811188929e-01
1.650461924225253750e+15,5.215534678811188929e-01
1.650461924227178500e+15,5.215534678811188929e-01
1.650461924229103000e+15,5.215534678811187819e-01
1.650461924231027750e+15,5.215534678811187819e-01
1.650461924232952500e+15,5.215534678811186708e-01
1.650461924234877250e+15,5.215534678811186708e-01
1.650461924236802000e+15,5.215534678811186708e-01
1.650461924238726750e+15,5.215534678811184488e-01
1.650461924240651250e+15,5.215534678811183378e-01
1.650461924242576000e+15,5.215534678811182268e-01
1.650461924244500750e+15,5.215534678811180047e-01
1.650461924246425500e+15,5.215534678811178937e-01
1.650461924248350250e+15,5.215534678811178937e-01
1.650461924250275000e+15,5.215534678811182268e-01
1.650461924252199500e+15,5.215534678811184488e-01
1.650461924254124250e+15,5.215534678811186708e-01
1.650461924256049000e+15,5.215534678811188929e-01
1.650461924257973750e+15,5.215534678811191149e-01
1.650461924259898500e+15,5.215534678811191149e-01
1.650461924261823250e+15,5.215534678811191149e-01
1.650461924263747750e+15,5.215534678811191149e-01
1.650461924265672500e+15,5.215534678811191149e-01
1.650461924267597250e+15,5.215534678811191149e-01
1.650461924269522000e+15,5.215534678811191149e-01
1.650461924271446750e+15,5.215534678811191149e-01
1.650461924273371500e+15,5.215534678811191149e-01
1.650461924275296000e+15,5.215534678811191149e-01
1.650461924277220750e+15,5.215534678811191149e-01
1.650461924279145500e+15,5.215534678811191149e-01
1.650461924281070250e+15,5.215534678811191149e-01
1.650461924282995000e+15,5.215534678811191149e-01
1.650461924284919750e+15,5.215534678811191149e-01
1.650461924286844250e+15,5.215534678811191149e-01
1.650461924288769000e+15,5.215534678811191149e-01
1.650461924290693750e+15,5.215534678811191149e-01
1.650461924292618500e+15,5.215534678811191149e-01
1.650461924294543250e+15,5.215534678811191149e-01
1.650461924296468000e+15,5.232999334151784421e-01
1.650461924298392500e+15,5.254867082494640851e-01
1.650461924300317250e+15,5.276737671542661712e-01
1.650461924302242000e+15,5.298608260590680352e-01
1.650461924304166750e+15,5.320478849638700103e-01
1.650461924306091500e+15,5.338253141842033145e-01
1.650461924308016250e+15,5.338253141842033145e-01
1.650461924309940750e+15,5.338253141842033145e-01
1.650461924311865500e+15,5.338253141842033145e-01
1.650461924313790250e+15,5.338253141842033145e-01
1.650461924315715000e+15,5.338253141842033145e-01
1.650461924317639750e+15,5.338253141842033145e-01
1.650461924319564500e+15,5.338253141842033145e-01
1.650461924321489000e+15,5.338253141842033145e-01
1.650461924323413750e+15,5.338253141842033145e-01
1.650461924325338500e+15,5.338253141842033145e-01
1.650461924327263250e+15,5.334362785760039527e-01
1.650461924329188000e+15,5.317469468515108044e-01
1.650461924331112750e+15,5.300576151270175451e-01
1.650461924333037250e+15,5.283685028247512294e-01
1.650461924334962000e+15,5.266791711002580811e-01
1.650461924336886750e+15,5.249898393757648218e-01
1.650461924338811500e+15,5.233005076512716736e-01
1.650461924340736250e+15,5.216111759267785253e-01
1.650461924342661000e+15,5.225560767532914097e-01
1.650461924344585500e+15,5.235940115432310415e-01
1.650461924346510250e+15,5.246320811649178850e-01
1.650461924348435000e+15,5.256701507866048395e-01
1.650461924350359750e+15,5.267082204082917940e-01
1.650461924352284500e+15,5.277462900299787485e-01
1.650461924354209250e+15,5.287843596516655920e-01
1.650461924356133750e+15,5.298222944416053348e-01
1.650461924358058500e+15,5.308603640632921783e-01
1.650461924359983250e+15,5.318984336849791328e-01
1.650461924361908000e+15,5.329365033066659763e-01
1.650461924363832750e+15,5.339887989952353253e-01
1.650461924365757500e+15,5.351258085346530802e-01
1.650461924367682000e+15,5.362626703913146997e-01
1.650461924369606750e+15,5.373996799307323435e-01
1.650461924371531500e+15,5.385366894701500984e-01
1.650461924373456250e+15,5.396736990095677422e-01
1.650461924375381000e+15,5.406552873233113621e-01
1.650461924377305750e+15,5.415842669572238366e-01
1.650461924379230500e+15,5.425132465911364221e-01
1.650461924381155000e+15,5.434421055626729169e-01
1.650461924383079750e+15,5.443710851965853914e-01
1.650461924385004500e+15,5.453000648304978659e-01
1.650461924386929250e+15,5.460971604872879581e-01
1.650461924388854000e+15,5.460971604872879581e-01
1.650461924390778750e+15,5.460971604872879581e-01
1.650461924392703250e+15,5.460971604872879581e-01
1.650461924394628000e+15,5.460971604872879581e-01
1.650461924396552750e+15,5.460971604872879581e-01
1.650461924398477500e+15,5.460971604872879581e-01
1.650461924400402250e+15,5.460971604872879581e-01
1.650461924402327000e+15,5.460971604872879581e-01
1.650461924404251500e+15,5.460971604872879581e-01
1.650461924406176250e+15,5.460971604872879581e-01
1.650461924408101000e+15,5.460971604872879581e-01
1.650461924410025750e+15,5.460971604872879581e-01
1.650461924411950500e+15,5.460971604872880691e-01
1.650461924413875250e+15,5.460971604872879581e-01
1.650461924415799750e+15,5.460971604872879581e-01
1.650461924417724500e+15,5.460971604872879581e-01
1.650461924419649250e+15,5.460971604872879581e-01
1.650461924421574000e+15,5.460971604872879581e-01
1.650461924423498750e+15,5.460971604872879581e-01
1.650461924425423500e+15,5.460971604872879581e-01
1.650461924427348000e+15,5.460971604872879581e-01
1.650461924429272750e+15,5.460971604872879581e-01
1.650461924431197500e+15,5.460971604872879581e-01
1.650461924433122250e+15,5.460971604872879581e-01
1.650461924435047000e+15,5.460971604872879581e-01
1.650461924436971750e+15,5.458006049933500359e-01
1.650461924438896250e+15,5.452569316920082843e-01
1.650461924440821000e+15,5.447131877654002308e-01
1.650461924442745750e+15,5.441694438387920663e-01
1.650461924444670500e+15,5.436256999121839018e-01
1.650461924446595250e+15,5.430819559855757372e-01
1.650461924448520000e+15,5.425382120589675727e-01
1.650461924450444500e+15,5.419945387576258211e-01
1.650461924452369250e+15,5.414507948310176566e-01
1.650461924454294000e+15,5.409070509044094921e-01
1.650461924456218750e+15,5.403633069778013276e-01
1.650461924458143500e+15,5.402105620368078398e-01
1.650461924460068250e+15,5.411674667593755483e-01
1.650461924461992750e+15,5.421242471924613282e-01
1.650461924463917500e+15,5.430811519150290367e-01
1.650461924465842250e+15,5.440380566375968563e-01
1.650461924467767000e+15,5.449949613601645648e-01
1.650461924469691750e+15,5.459518660827323844e-01
1.650461924471616500e+15,5.469087708053002039e-01
1.650461924473541000e+15,5.478655512383858728e-01
1.650461924475465750e+15,5.488224559609535813e-01
1.650461924477390500e+15,5.497793606835214009e-01
1.650461924479315250e+15,5.507362654060892204e-01
1.650461924481240000e+15,5.516931701286569290e-01
1.650461924483164750e+15,5.526650911552721812e-01
1.650461924485089250e+15,5.536563262853938516e-01
1.650461924487014000e+15,5.546476901807961823e-01
1.650461924488938750e+15,5.556390540761986241e-01
1.650461924490863500e+15,5.566304179716009548e-01
1.650461924492788250e+15,5.576217818670032855e-01
1.650461924494713000e+15,5.580955555329608631e-01
1.650461924496637500e+15,5.569853088137862729e-01
1.650461924498562250e+15,5.558749178692650172e-01
1.650461924500487000e+15,5.547645269247437616e-01
1.650461924502411750e+15,5.536541359802225060e-01
1.650461924504336500e+15,5.525437450357011393e-01
1.650461924506261250e+15,5.522330836388316122e-01
1.650461924508185750e+15,5.522330836388316122e-01
1.650461924510110500e+15,5.522330836388316122e-01
1.650461924512035250e+15,5.522330836388316122e-01
1.650461924513960000e+15,5.522330836388316122e-01
1.650461924515884750e+15,5.522330836388316122e-01
1.650461924517809500e+15,5.522330836388316122e-01
1.650461924519734000e+15,5.522330836388316122e-01
1.650461924521658750e+15,5.522330836388317232e-01
1.650461924523583500e+15,5.522330836388317232e-01
1.650461924525508250e+15,5.522330836388317232e-01
1.650461924527433000e+15,5.530067093968985548e-01
1.650461924529357750e+15,5.538951558037240597e-01
1.650461924531282250e+15,5.547834868129126740e-01
1.650461924533207000e+15,5.556719332197381789e-01
1.650461924535131750e+15,5.565603796265635728e-01
1.650461924537056500e+15,5.574488260333890777e-01
1.650461924538981250e+15,5.583372724402144716e-01
1.650461924540906000e+15,5.583690067903739340e-01
1.650461924542830500e+15,5.583690067903739340e-01
1.650461924544755250e+15,5.583690067903739340e-01
1.650461924546680000e+15,5.583690067903739340e-01
1.650461924548604750e+15,5.583690067903739340e-01
1.650461924550529500e+15,5.583690067903740450e-01
1.650461924552454250e+15,5.583690067903739340e-01
1.650461924554378750e+15,5.583690067903738230e-01
1.650461924556303500e+15,5.583690067903738230e-01
1.650461924558228250e+15,5.583690067903737120e-01
1.650461924560153000e+15,5.583690067903737120e-01
1.650461924562077750e+15,5.583690067903734899e-01
1.650461924564002500e+15,5.584545744181480531e-01
1.650461924565927000e+15,5.594870189300732433e-01
1.650461924567851750e+15,5.605195975605370418e-01
1.650461924569776500e+15,5.615521761910010623e-01
1.650461924571701250e+15,5.625847548214650828e-01
1.650461924573626000e+15,5.636173334519289924e-01
1.650461924575550750e+15,5.646499120823929019e-01
1.650461924577475250e+15,5.656823565943180920e-01
1.650461924579400000e+15,5.667149352247820016e-01
1.650461924581324750e+15,5.677475138552459111e-01
1.650461924583249500e+15,5.687800924857099316e-01
1.650461924585174250e+15,5.698126711161738411e-01
1.650461924587099000e+15,5.703956478573836142e-01
1.650461924589023500e+15,5.691570718027220144e-01
1.650461924590948250e+15,5.679183348522361952e-01
1.650461924592873000e+15,5.666795979017503759e-01
1.650461924594797750e+15,5.654408609512645567e-01
1.650461924596722500e+15,5.645049299419158118e-01
1.650461924598647250e+15,5.645049299419158118e-01
1.650461924600571750e+15,5.645049299419158118e-01
1.650461924602496500e+15,5.645049299419158118e-01
1.650461924604421250e+15,5.645049299419158118e-01
1.650461924606346000e+15,5.645049299419158118e-01
1.650461924608270750e+15,5.645049299419159228e-01
1.650461924610195500e+15,5.645049299419158118e-01
1.650461924612120000e+15,5.645049299419158118e-01
1.650461924614044750e+15,5.645049299419158118e-01
1.650461924615969500e+15,5.645049299419158118e-01
1.650461924617894250e+15,5.645049299419159228e-01
1.650461924619819000e+15,5.645049299419158118e-01
1.650461924621743750e+15,5.645049299419158118e-01
1.650461924623668250e+15,5.645049299419158118e-01
1.650461924625593000e+15,5.645049299419158118e-01
1.650461924627517750e+15,5.645049299419158118e-01
1.650461924629442500e+15,5.645049299419158118e-01
1.650461924631367250e+15,5.645049299419158118e-01
1.650461924633292000e+15,5.645049299419158118e-01
1.650461924635216500e+15,5.645049299419158118e-01
1.650461924637141250e+15,5.645049299419158118e-01
1.650461924639066000e+15,5.645049299419158118e-01
1.650461924640990750e+15,5.645049299419158118e-01
1.650461924642915500e+15,5.645049299419159228e-01
1.650461924644840250e+15,5.645049299419159228e-01
1.650461924646764750e+15,5.645049299419160338e-01
1.650461924648689500e+15,5.645049299419160338e-01
1.650461924650614250e+15,5.645049299419160338e-01
1.650461924652539000e+15,5.645049299419161448e-01
1.650461924654463750e+15,5.645049299419162558e-01
1.650461924656388500e+15,5.645049299419162558e-01
1.650461924658313000e+15,5.645049299419162558e-01
1.650461924660237750e+15,5.645049299419162558e-01
1.650461924662162500e+15,5.645049299419162558e-01
1.650461924664087250e+15,5.645049299419162558e-01
1.650461924666012000e+15,5.645049299419162558e-01
1.650461924667936750e+15,5.645049299419162558e-01
1.650461924669861250e+15,5.645049299419162558e-01
1.650461924671786000e+15,5.645049299419162558e-01
1.650461924673710750e+15,5.645049299419162558e-01
1.650461924675635500e+15,5.645049299419162558e-01
1.650461924677560250e+15,5.645049299419162558e-01
1.650461924679485000e+15,5.645049299419162558e-01
1.650461924681409500e+15,5.645049299419162558e-01
1.650461924683334250e+15,5.645049299419162558e-01
1.650461924685259000e+15,5.645049299419162558e-01
1.650461924687183750e+15,5.645049299419162558e-01
1.650461924689108500e+15,5.645049299419162558e-01
1.650461924691033250e+15,5.645049299419162558e-01
1.650461924692957750e+15,5.645049299419162558e-01
1.650461924694882500e+15,5.645049299419162558e-01
1.650461924696807250e+15,5.645049299419161448e-01
1.650461924698732000e+15,5.645049299419162558e-01
1.650461924700656750e+15,5.645049299419162558e-01
1.650461924702581500e+15,5.645049299419162558e-01
1.650461924704506000e+15,5.645049299419162558e-01
1.650461924706430750e+15,5.645049299419162558e-01
1.650461924708355500e+15,5.645049299419162558e-01
1.650461924710280250e+15,5.645049299419162558e-01
1.650461924712205000e+15,5.645049299419162558e-01
1.650461924714129750e+15,5.645049299419162558e-01
1.650461924716054250e+15,5.645049299419162558e-01
1.650461924717979000e+15,5.645049299419162558e-01
1.650461924719903750e+15,5.645049299419162558e-01
1.650461924721828500e+15,5.645049299419162558e-01
1.650461924723753250e+15,5.645049299419162558e-01
1.650461924725678000e+15,5.645049299419162558e-01
1.650461924727602500e+15,5.645049299419162558e-01
1.650461924729527250e+15,5.645312312676925570e-01
1.650461924731452000e+15,5.649988846329389025e-01
1.650461924733376750e+15,5.654665379981851370e-01
1.650461924735301500e+15,5.659341913634314825e-01
1.650461924737226250e+15,5.664018447286778279e-01
1.650461924739151000e+15,5.668694980939240624e-01
1.650461924741075500e+15,5.673370907170786070e-01
1.650461924743000250e+15,5.678047440823248415e-01
1.650461924744925000e+15,5.682723974475711870e-01
1.650461924746849750e+15,5.687400508128174215e-01
1.650461924748774500e+15,5.692077041780637670e-01
1.650461924750699250e+15,5.696753575433100014e-01
1.650461924752623750e+15,5.701429501664645461e-01
1.650461924754548500e+15,5.706106035317107805e-01
1.650461924756473250e+15,5.706408530934581336e-01
1.650461924758398000e+15,5.706408530934581336e-01
1.650461924760322750e+15,5.706408530934581336e-01
1.650461924762247500e+15,5.706408530934581336e-01
1.650461924764172000e+15,5.706408530934581336e-01
1.650461924766096750e+15,5.706408530934581336e-01
1.650461924768021500e+15,5.706408530934581336e-01
1.650461924769946250e+15,5.706408530934581336e-01
1.650461924771871000e+15,5.706408530934580225e-01
1.650461924773795750e+15,5.706408530934581336e-01
1.650461924775720250e+15,5.706408530934581336e-01
1.650461924777645000e+15,5.706408530934581336e-01
1.650461924779569750e+15,5.706408530934581336e-01
1.650461924781494500e+15,5.706408530934581336e-01
1.650461924783419250e+15,5.706408530934581336e-01
1.650461924785344000e+15,5.706408530934580225e-01
1.650461924787268500e+15,5.714745011166122435e-01
1.650461924789193250e+15,5.723525115311488554e-01
1.650461924791118000e+15,5.732305219456855783e-01
1.650461924793042750e+15,5.741085323602221901e-01
1.650461924794967500e+15,5.749865427747589131e-01
1.650461924796892250e+15,5.758645531892955249e-01
1.650461924798816750e+15,5.767424495616949587e-01
1.650461924800741500e+15,5.767767762450013436e-01
1.650461924802666250e+15,5.767767762450013436e-01
1.650461924804591000e+15,5.767767762450013436e-01
1.650461924806515750e+15,5.767767762450013436e-01
1.650461924808440500e+15,5.767767762450013436e-01
1.650461924810365000e+15,5.767767762450013436e-01
1.650461924812289750e+15,5.767767762450013436e-01
1.650461924814214500e+15,5.767767762450013436e-01
1.650461924816139250e+15,5.767767762450013436e-01
1.650461924818064000e+15,5.767767762450013436e-01
1.650461924819988750e+15,5.767767762450013436e-01
1.650461924821913250e+15,5.767767762450013436e-01
1.650461924823838000e+15,5.767767762450013436e-01
1.650461924825762750e+15,5.767767762450013436e-01
1.650461924827687500e+15,5.767767762450013436e-01
1.650461924829612250e+15,5.767767762450013436e-01
1.650461924831537000e+15,5.767767762450014546e-01
1.650461924833461500e+15,5.767767762450014546e-01
1.650461924835386250e+15,5.767767762450015656e-01
1.650461924837311000e+15,5.767767762450015656e-01
1.650461924839235750e+15,5.767767762450016766e-01
1.650461924841160500e+15,5.767767762450017877e-01
1.650461924843085250e+15,5.767767762450016766e-01
1.650461924845009750e+15,5.767767762450016766e-01
1.650461924846934500e+15,5.767767762450015656e-01
1.650461924848859250e+15,5.767767762450015656e-01
1.650461924850784000e+15,5.767767762450014546e-01
1.650461924852708750e+15,5.767767762450014546e-01
1.650461924854633500e+15,5.769542106604844678e-01
1.650461924856558000e+15,5.780331128171900534e-01
1.650461924858482750e+15,5.791121551274623913e-01
1.650461924860407500e+15,5.801911974377346182e-01
1.650461924862332250e+15,5.812702397480069560e-01
1.650461924864257000e+15,5.823492820582791829e-01
1.650461924866181750e+15,5.823599554867850969e-01
1.650461924868106250e+15,5.812033850553314229e-01
1.650461924870031000e+15,5.800466643809014666e-01
1.650461924871955750e+15,5.788899437064713993e-01
1.650461924873880500e+15,5.777332230320413320e-01
1.650461924875805250e+15,5.766854499211847562e-01
1.650461924877730000e+15,5.761579770276640255e-01
1.650461924879654500e+15,5.756305726460138050e-01
1.650461924881579250e+15,5.751030997524930743e-01
1.650461924883504000e+15,5.745756268589721216e-01
1.650461924885428750e+15,5.740481539654511689e-01
1.650461924887353500e+15,5.735206810719302162e-01
1.650461924889278250e+15,5.729932081784094855e-01
1.650461924891202750e+15,5.724658037967593760e-01
1.650461924893127500e+15,5.719383309032385343e-01
1.650461924895052250e+15,5.714108580097175816e-01
1.650461924896977000e+15,5.708833851161967399e-01
1.650461924898901750e+15,5.706408530934581336e-01
1.650461924900826500e+15,5.706408530934581336e-01
1.650461924902751000e+15,5.706408530934581336e-01
1.650461924904675750e+15,5.706408530934581336e-01
1.650461924906600500e+15,5.706408530934581336e-01
1.650461924908525250e+15,5.721643829971096995e-01
1.650461924910450000e+15,5.737736101514812059e-01
1.650461924912374750e+15,5.753828373058526013e-01
1.650461924914299250e+15,5.769918554425392809e-01
1.650461924916224000e+15,5.786010825969107874e-01
1.650461924918148750e+15,5.802103097512821828e-01
1.650461924920073500e+15,5.818195369056535782e-01
1.650461924921998250e+15,5.819068838168623969e-01
1.650461924923923000e+15,5.787704827848794142e-01
1.650461924925847500e+15,5.756344891306119926e-01
1.650461924927772250e+15,5.724980880986290099e-01
1.650461924929697000e+15,5.706408530934581336e-01
1.650461924931621750e+15,5.706408530934582446e-01
1.650461924933546500e+15,5.706408530934581336e-01
1.650461924935471250e+15,5.706408530934581336e-01
1.650461924937395750e+15,5.706408530934582446e-01
1.650461924939320500e+15,5.706408530934581336e-01
1.650461924941245250e+15,5.706408530934581336e-01
1.650461924943170000e+15,5.706408530934581336e-01
1.650461924945094750e+15,5.706408530934581336e-01
1.650461924947019500e+15,5.706408530934581336e-01
1.650461924948944000e+15,5.706408530934581336e-01
1.650461924950868750e+15,5.706408530934581336e-01
1.650461924952793500e+15,5.706408530934581336e-01
1.650461924954718250e+15,5.706408530934581336e-01
1.650461924956643000e+15,5.706408530934581336e-01
1.650461924958567750e+15,5.706408530934581336e-01
1.650461924960492250e+15,5.706408530934581336e-01
1.650461924962417000e+15,5.706408530934581336e-01
1.650461924964341750e+15,5.706408530934581336e-01
1.650461924966266500e+15,5.706164871916082904e-01
1.650461924968191250e+15,5.695857559919287327e-01
1.650461924970116000e+15,5.685550247922490641e-01
1.650461924972040500e+15,5.675244274711510606e-01
1.650461924973965250e+15,5.664936962714712809e-01
1.650461924975890000e+15,5.654629650717917233e-01
1.650461924977814750e+15,5.645049299419166999e-01
1.650461924979739500e+15,5.645049299419166999e-01
1.650461924981664250e+15,5.645049299419166999e-01
1.650461924983588750e+15,5.645049299419166999e-01
1.650461924985513500e+15,5.645049299419166999e-01
1.650461924987438250e+15,5.645049299419166999e-01
1.650461924989363000e+15,5.645049299419166999e-01
1.650461924991287750e+15,5.636286296089463299e-01
1.650461924993212500e+15,5.626940630119746656e-01
1.650461924995137000e+15,5.617596178030529463e-01
1.650461924997061750e+15,5.608250512060812820e-01
1.650461924998986500e+15,5.598904846091096177e-01
1.650461925000911250e+15,5.589559180121379534e-01
1.650461925002836000e+15,5.583690067903743781e-01
1.650461925004760750e+15,5.583690067903743781e-01
1.650461925006685250e+15,5.583690067903743781e-01
1.650461925008610000e+15,5.583690067903743781e-01
1.650461925010534750e+15,5.583690067903743781e-01
1.650461925012459500e+15,5.583690067903742671e-01
1.650461925014384250e+15,5.583690067903739340e-01
1.650461925016309000e+15,5.583690067903734899e-01
1.650461925018233500e+15,5.583690067903731569e-01
1.650461925020158250e+15,5.583690067903728238e-01
1.650461925022083000e+15,5.583690067903723797e-01
1.650461925024007750e+15,5.583690067903722687e-01
1.650461925025932500e+15,5.583690067903724907e-01
1.650461925027857250e+15,5.583690067903727128e-01
1.650461925029781750e+15,5.583690067903729348e-01
1.650461925031706500e+15,5.583690067903731569e-01
1.650461925033631250e+15,5.583690067903732679e-01
1.650461925035556000e+15,5.583690067903736010e-01
1.650461925037480750e+15,5.583690067903738230e-01
1.650461925039405500e+15,5.583690067903740450e-01
1.650461925041330000e+15,5.583690067903742671e-01
1.650461925043254750e+15,5.583690067903744891e-01
1.650461925045179500e+15,5.583690067903743781e-01
1.650461925047104250e+15,5.583690067903743781e-01
1.650461925049029000e+15,5.583690067903743781e-01
1.650461925050953750e+15,5.583690067903743781e-01
1.650461925052878250e+15,5.583690067903743781e-01
1.650461925054803000e+15,5.583690067903743781e-01
1.650461925056727750e+15,5.583690067903743781e-01
1.650461925058652500e+15,5.583690067903743781e-01
1.650461925060577250e+15,5.583690067903742671e-01
1.650461925062502000e+15,5.583690067903742671e-01
1.650461925064426500e+15,5.583690067903741561e-01
1.650461925066351250e+15,5.583690067903739340e-01
1.650461925068276000e+15,5.583690067903739340e-01
1.650461925070200750e+15,5.583690067903739340e-01
1.650461925072125500e+15,5.583690067903738230e-01
1.650461925074050250e+15,5.583690067903737120e-01
1.650461925075974750e+15,5.583690067903736010e-01
1.650461925077899500e+15,5.583690067903734899e-01
1.650461925079824250e+15,5.583690067903734899e-01
1.650461925081749000e+15,5.583690067903734899e-01
1.650461925083673750e+15,5.583690067903734899e-01
1.650461925085598500e+15,5.583690067903734899e-01
1.650461925087523250e+15,5.583690067903734899e-01
1.650461925089447750e+15,5.583690067903734899e-01
1.650461925091372500e+15,5.583690067903734899e-01
1.650461925093297250e+15,5.583690067903734899e-01
1.650461925095222000e+15,5.583690067903734899e-01
1.650461925097146750e+15,5.583690067903734899e-01
1.650461925099071500e+15,5.583690067903734899e-01
1.650461925100996000e+15,5.583690067903734899e-01
1.650461925102920750e+15,5.583690067903734899e-01
1.650461925104845500e+15,5.583690067903734899e-01
1.650461925106770250e+15,5.583690067903734899e-01
1.650461925108695000e+15,5.583690067903734899e-01
1.650461925110619750e+15,5.583690067903734899e-01
1.650461925112544250e+15,5.583690067903734899e-01
1.650461925114469000e+15,5.583690067903734899e-01
1.650461925116393750e+15,5.574896777319523489e-01
1.650461925118318500e+15,5.564606528921918205e-01
1.650461925120243250e+15,5.554316280524314031e-01
1.650461925122168000e+15,5.544026032126707637e-01
1.650461925124092500e+15,5.533737120298579670e-01
1.650461925126017250e+15,5.523446871900974386e-01
1.650461925127942000e+15,5.513156623503370213e-01
1.650461925129866750e+15,5.502866375105766039e-01
1.650461925131791500e+15,5.492576126708159645e-01
1.650461925133716250e+15,5.482285878310556582e-01
1.650461925135640750e+15,5.471996966482427505e-01
1.650461925137565500e+15,5.461706718084822221e-01
1.650461925139490250e+15,5.488432300134173936e-01
1.650461925141415000e+15,5.518005652045857579e-01
1.650461925143339750e+15,5.547579003957542332e-01
1.650461925145264500e+15,5.577152355869227085e-01
1.650461925147189000e+15,5.609223411797585879e-01
1.650461925149113750e+15,5.642008804499180075e-01
1.650461925151038500e+15,5.674794197200774271e-01
1.650461925152963250e+15,5.707579589902368467e-01
1.650461925154888000e+15,5.740364982603962662e-01
1.650461925156812750e+15,5.773150375305555748e-01
1.650461925158737250e+15,5.805931509610904317e-01
1.650461925160662000e+15,5.820630171629657124e-01
1.650461925162586750e+15,5.791581754594488096e-01
1.650461925164511500e+15,5.762533337559319069e-01
1.650461925166436250e+15,5.733484920524150041e-01
1.650461925168361000e+15,5.704436503488979904e-01
1.650461925170285500e+15,5.675391859465505062e-01
1.650461925172210250e+15,5.646343442430337145e-01
1.650461925174135000e+15,5.645049299419158118e-01
1.650461925176059750e+15,5.645049299419158118e-01
1.650461925177984500e+15,5.645049299419157007e-01
1.650461925179909250e+15,5.645049299419157007e-01
1.650461925181833750e+15,5.645049299419155897e-01
1.650461925183758500e+15,5.645049299419155897e-01
1.650461925185683250e+15,5.645049299419155897e-01
1.650461925187608000e+15,5.645049299419154787e-01
1.650461925189532750e+15,5.645049299419154787e-01
1.650461925191457500e+15,5.645049299419153677e-01
1.650461925193382000e+15,5.643725260429905966e-01
1.650461925195306750e+15,5.632088529632850449e-01
1.650461925197231500e+15,5.620451798835796042e-01
1.650461925199156250e+15,5.608815068038741636e-01
1.650461925201081000e+15,5.597178337241686119e-01
1.650461925203005750e+15,5.585541606444630602e-01
1.650461925204930250e+15,5.554371524639587498e-01
1.650461925206855000e+15,5.519499986776055245e-01
1.650461925208779750e+15,5.484628448912522991e-01
1.650461925210704500e+15,5.449756911048990737e-01
1.650461925212629250e+15,5.414885373185458484e-01
1.650461925214554000e+15,5.380013835321926230e-01
1.650461925216478500e+15,5.345146826817773755e-01
1.650461925218403250e+15,5.312890723943818339e-01
1.650461925220328000e+15,5.281279058831581663e-01
1.650461925222252750e+15,5.249667393719344988e-01
1.650461925224177500e+15,5.218055728607108312e-01
1.650461925226102250e+15,5.186444063494871637e-01
1.650461925228026750e+15,5.154836504326928415e-01
1.650461925229951500e+15,5.185163380242501230e-01
1.650461925231876250e+15,5.216813167421736619e-01
1.650461925233801000e+15,5.248462954600970898e-01
1.650461925235725750e+15,5.276893910326596604e-01
1.650461925237650500e+15,5.276893910326596604e-01
1.650461925239575000e+15,5.276893910326596604e-01
1.650461925241499750e+15,5.276893910326596604e-01
1.650461925243424500e+15,5.276893910326596604e-01
1.650461925245349250e+15,5.276893910326596604e-01
1.650461925247274000e+15,5.276893910326596604e-01
1.650461925249198750e+15,5.276893910326596604e-01
1.650461925251123250e+15,5.276893910326595494e-01
1.650461925253048000e+15,5.269858275760370692e-01
1.650461925254972750e+15,5.260348558322630597e-01
1.650461925256897500e+15,5.250838840884889391e-01
1.650461925258822250e+15,5.241329123447148186e-01
1.650461925260747000e+15,5.231819406009408091e-01
1.650461925262671500e+15,5.222310923760319357e-01
1.650461925264596250e+15,5.215534678811177827e-01
1.650461925266521000e+15,5.215534678811177827e-01
1.650461925268445750e+15,5.215534678811177827e-01
1.650461925270370500e+15,5.215534678811177827e-01
1.650461925272295250e+15,5.215534678811177827e-01
1.650461925274219750e+15,5.215534678811177827e-01
1.650461925276144500e+15,5.215534678811177827e-01
1.650461925278069250e+15,5.215534678811177827e-01
1.650461925279994000e+15,5.215534678811177827e-01
1.650461925281918750e+15,5.215534678811177827e-01
1.650461925283843500e+15,5.215534678811176716e-01
1.650461925285768000e+15,5.215534678811177827e-01
1.650461925287692750e+15,5.215534678811177827e-01
1.650461925289617500e+15,5.215534678811177827e-01
1.650461925291542250e+15,5.215534678811177827e-01
1.650461925293467000e+15,5.215534678811177827e-01
1.650461925295391750e+15,5.215534678811177827e-01
1.650461925297316250e+15,5.221534717581102214e-01
1.650461925299241000e+15,5.231574773762289743e-01
1.650461925301165750e+15,5.241614829943477272e-01
1.650461925303090500e+15,5.251654886124664801e-01
1.650461925305015250e+15,5.261694942305853440e-01
1.650461925306940000e+15,5.271734998487040968e-01
1.650461925308864500e+15,5.276893910326599935e-01
1.650461925310789250e+15,5.276893910326599935e-01
1.650461925312714000e+15,5.276893910326599935e-01
1.650461925314638750e+15,5.276893910326598824e-01
1.650461925316563500e+15,5.276893910326598824e-01
1.650461925318488250e+15,5.276893910326598824e-01
1.650461925320412750e+15,5.276893910326597714e-01
1.650461925322337500e+15,5.276893910326597714e-01
1.650461925324262250e+15,5.276893910326596604e-01
1.650461925326187000e+15,5.276893910326596604e-01
1.650461925328111750e+15,5.276893910326596604e-01
1.650461925330036500e+15,5.274880021541804576e-01
1.650461925331961000e+15,5.265529650091063107e-01
1.650461925333885750e+15,5.256178063990872840e-01
1.650461925335810500e+15,5.246826477890682572e-01
1.650461925337735250e+15,5.237474891790492304e-01
1.650461925339660000e+15,5.228123305690302036e-01
1.650461925341584750e+15,5.218771719590111768e-01
1.650461925343509250e+15,5.215534678811177827e-01
1.650461925345434000e+15,5.215534678811177827e-01
1.650461925347358750e+15,5.215534678811177827e-01
1.650461925349283500e+15,5.215534678811177827e-01
1.650461925351208250e+15,5.215534678811177827e-01
1.650461925353133000e+15,5.215534678811177827e-01
1.650461925355057500e+15,5.215534678811177827e-01
1.650461925356982250e+15,5.215534678811177827e-01
1.650461925358907000e+15,5.215534678811177827e-01
1.650461925360831750e+15,5.215534678811177827e-01
1.650461925362756500e+15,5.215534678811177827e-01
1.650461925364681250e+15,5.215534678811178937e-01
1.650461925366605750e+15,5.215534678811177827e-01
1.650461925368530500e+15,5.215534678811177827e-01
1.650461925370455250e+15,5.215534678811177827e-01
1.650461925372380000e+15,5.215534678811177827e-01
1.650461925374304750e+15,5.215262757431106122e-01
1.650461925376229500e+15,5.209962699949648446e-01
1.650461925378154000e+15,5.204663330876748706e-01
1.650461925380078750e+15,5.199363273395291030e-01
1.650461925382003500e+15,5.194063215913834464e-01
1.650461925383928250e+15,5.188763158432376787e-01
1.650461925385853000e+15,5.183463100950919111e-01
1.650461925387777750e+15,5.178163043469462545e-01
1.650461925389702250e+15,5.172863674396561695e-01
1.650461925391627000e+15,5.167563616915105129e-01
1.650461925393551750e+15,5.162263559433648563e-01
1.650461925395476500e+15,5.156963501952190887e-01
1.650461925397401250e+15,5.154175447295754608e-01
1.650461925399326000e+15,5.154175447295754608e-01
1.650461925401250500e+15,5.154175447295753498e-01
1.650461925403175250e+15,5.154175447295753498e-01
1.650461925405100000e+15,5.154175447295752388e-01
1.650461925407024750e+15,5.154175447295752388e-01
1.650461925408949500e+15,5.154175447295751278e-01
1.650461925410874250e+15,5.154175447295750168e-01
1.650461925412798750e+15,5.164379201365634220e-01
1.650461925414723500e+15,5.176617665703387994e-01
1.650461925416648250e+15,5.188856130041140657e-01
1.650461925418573000e+15,5.201094594378894431e-01
1.650461925420497750e+15,5.213333058716647095e-01
1.650461925422422500e+15,5.220387647392552566e-01
1.650461925424347000e+15,5.226304364551156434e-01
1.650461925426271750e+15,5.232221850314224820e-01
1.650461925428196500e+15,5.238139336077292096e-01
1.650461925430121250e+15,5.244056821840359373e-01
1.650461925432046000e+15,5.249974307603427759e-01
1.650461925433970750e+15,5.255891793366495035e-01
1.650461925435895250e+15,5.261808510525098903e-01
1.650461925437820000e+15,5.267725996288167289e-01
1.650461925439744750e+15,5.273643482051234566e-01
1.650461925441669500e+15,5.276893910326597714e-01
1.650461925443594250e+15,5.276893910326596604e-01
1.650461925445519000e+15,5.276893910326596604e-01
1.650461925447443750e+15,5.276893910326596604e-01
1.650461925449368250e+15,5.276893910326596604e-01
1.650461925451293000e+15,5.276893910326596604e-01
1.650461925453217750e+15,5.276893910326596604e-01
1.650461925455142500e+15,5.276893910326596604e-01
1.650461925457067250e+15,5.276893910326596604e-01
1.650461925458992000e+15,5.276893910326596604e-01
1.650461925460916500e+15,5.276893910326596604e-01
1.650461925462841250e+15,5.276893910326596604e-01
1.650461925464766000e+15,5.275462681416853705e-01
1.650461925466690750e+15,5.266400977982548248e-01
1.650461925468615500e+15,5.257339274548242791e-01
1.650461925470540250e+15,5.248277571113937334e-01
1.650461925472464750e+15,5.239217044677090263e-01
1.650461925474389500e+15,5.230155341242784806e-01
1.650461925476314250e+15,5.221093637808479349e-01
1.650461925478239000e+15,5.225833893305814604e-01
1.650461925480163750e+15,5.252478265750105679e-01
1.650461925482088500e+15,5.279122638194395645e-01
1.650461925484013000e+15,5.305763549881128416e-01
1.650461925485937750e+15,5.332407922325420602e-01
1.650461925487862500e+15,5.332385882543876354e-01
1.650461925489787250e+15,5.324869737895538968e-01
1.650461925491712000e+15,5.317353593247201582e-01
1.650461925493636750e+15,5.309837448598863086e-01
1.650461925495561250e+15,5.302322280199993632e-01
1.650461925497486000e+15,5.294806135551655135e-01
1.650461925499410750e+15,5.287289990903318859e-01
1.650461925501335500e+15,5.279773846254980363e-01
1.650461925503260250e+15,5.276893910326601045e-01
1.650461925505185000e+15,5.276893910326601045e-01
1.650461925507109500e+15,5.276893910326601045e-01
1.650461925509034250e+15,5.276893910326601045e-01
1.650461925510959000e+15,5.276893910326601045e-01
1.650461925512883750e+15,5.276893910326601045e-01
1.650461925514808500e+15,5.276893910326601045e-01
1.650461925516733250e+15,5.276893910326601045e-01
1.650461925518657750e+15,5.276893910326601045e-01
1.650461925520582500e+15,5.276893910326601045e-01
1.650461925522507250e+15,5.276893910326601045e-01
1.650461925524432000e+15,5.276893910326601045e-01
1.650461925526356750e+15,5.276893910326601045e-01
1.650461925528281500e+15,5.276893910326601045e-01
1.650461925530206000e+15,5.276893910326601045e-01
1.650461925532130750e+15,5.276893910326601045e-01
1.650461925534055500e+15,5.276893910326601045e-01
1.650461925535980250e+15,5.276893910326601045e-01
1.650461925537905000e+15,5.276893910326601045e-01
1.650461925539829750e+15,5.276893910326601045e-01
1.650461925541754250e+15,5.276893910326601045e-01
1.650461925543679000e+15,5.276893910326602155e-01
1.650461925545603750e+15,5.276893910326603265e-01
1.650461925547528500e+15,5.276893910326605486e-01
1.650461925549453250e+15,5.276893910326605486e-01
1.650461925551378000e+15,5.276893910326607706e-01
1.650461925553302500e+15,5.276893910326608816e-01
1.650461925555227250e+15,5.276893910326609927e-01
1.650461925557152000e+15,5.276893910326608816e-01
1.650461925559076750e+15,5.276893910326607706e-01
1.650461925561001500e+15,5.276893910326606596e-01
1.650461925562926250e+15,5.276893910326605486e-01
1.650461925564850750e+15,5.276893910326603265e-01
1.650461925566775500e+15,5.276893910326602155e-01
1.650461925568700250e+15,5.276893910326601045e-01
1.650461925570625000e+15,5.276893910326601045e-01
1.650461925572549750e+15,5.276893910326601045e-01
1.650461925574474500e+15,5.276893910326601045e-01
1.650461925576399000e+15,5.276893910326601045e-01
1.650461925578323750e+15,5.276893910326601045e-01
1.650461925580248500e+15,5.276893910326601045e-01
1.650461925582173250e+15,5.276893910326601045e-01
1.650461925584098000e+15,5.276893910326601045e-01
1.650461925586022750e+15,5.276893910326601045e-01
1.650461925587947250e+15,5.276893910326602155e-01
1.650461925589872000e+15,5.284628533620778779e-01
1.650461925591796750e+15,5.294797397135445616e-01
1.650461925593721500e+15,5.304966260650111343e-01
1.650461925595646250e+15,5.315135124164777070e-01
1.650461925597571000e+15,5.325303987679441686e-01
1.650461925599495500e+15,5.335471530390950567e-01
1.650461925601420250e+15,5.333484073166855355e-01
1.650461925603345000e+15,5.326919249328092576e-01
1.650461925605269750e+15,5.320354425489330907e-01
1.650461925607194500e+15,5.313789601650569239e-01
1.650461925609119250e+15,5.307224777811807570e-01
1.650461925611043750e+15,5.300660806658308299e-01
1.650461925612968500e+15,5.294095982819546631e-01
1.650461925614893250e+15,5.287531158980783852e-01
1.650461925616818000e+15,5.280966335142022183e-01
1.650461925618742750e+15,5.275222026273134190e-01
1.650461925620667500e+15,5.270818387775826341e-01
1.650461925622592000e+15,5.266415321253903326e-01
1.650461925624516750e+15,5.262011682756595476e-01
1.650461925626441500e+15,5.257608044259286517e-01
1.650461925628366250e+15,5.253204405761978668e-01
1.650461925630291000e+15,5.248800767264669709e-01
1.650461925632215750e+15,5.244397128767360750e-01
1.650461925634140250e+15,5.239994062245438844e-01
1.650461925636065000e+15,5.235590423748129885e-01
1.650461925637989750e+15,5.231186785250820925e-01
1.650461925639914500e+15,5.226783146753511966e-01
1.650461925641839250e+15,5.222379508256203007e-01
1.650461925643764000e+15,5.217975869758895158e-01
1.650461925645688500e+15,5.212635591201691954e-01
1.650461925647613250e+15,5.206128280558719457e-01
1.650461925649538000e+15,5.199620969915745849e-01
1.650461925651462750e+15,5.193113659272774463e-01
1.650461925653387500e+15,5.186606348629801966e-01
1.650461925655312250e+15,5.180099037986828359e-01
1.650461925657236750e+15,5.173592572558902702e-01
1.650461925659161500e+15,5.167085261915930205e-01
1.650461925661086250e+15,5.160577951272956598e-01
1.650461925663011000e+15,5.154175447295750168e-01
1.650461925664935750e+15,5.154175447295751278e-01
1.650461925666860500e+15,5.154175447295751278e-01
1.650461925668785000e+15,5.154175447295750168e-01
1.650461925670709750e+15,5.154175447295750168e-01
1.650461925672634500e+15,5.154175447295750168e-01
1.650461925674559250e+15,5.154175447295750168e-01
1.650461925676484000e+15,5.154175447295750168e-01
1.650461925678408750e+15,5.154175447295750168e-01
1.650461925680333250e+15,5.154175447295750168e-01
1.650461925682258000e+15,5.154175447295750168e-01
1.650461925684182750e+15,5.154175447295750168e-01
1.650461925686107500e+15,5.154501461109730620e-01
1.650461925688032250e+15,5.167711884024639435e-01
1.650461925689957000e+15,5.180922306939550470e-01
1.650461925691881500e+15,5.194131013992281387e-01
1.650461925693806250e+15,5.207341436907191312e-01
1.650461925695731000e+15,5.215534678811164504e-01
1.650461925697655750e+15,5.215534678811164504e-01
1.650461925699580500e+15,5.215534678811164504e-01
1.650461925701505250e+15,5.215534678811164504e-01
1.650461925703429750e+15,5.215534678811164504e-01
1.650461925705354500e+15,5.215534678811164504e-01
1.650461925707279250e+15,5.215534678811164504e-01
1.650461925709204000e+15,5.215534678811164504e-01
1.650461925711128750e+15,5.215534678811164504e-01
1.650461925713053500e+15,5.215534678811164504e-01
1.650461925714978000e+15,5.215534678811164504e-01
1.650461925716902750e+15,5.212665218112970678e-01
1.650461925718827500e+15,5.207991645463216912e-01
1.650461925720752250e+15,5.203318072813463147e-01
1.650461925722677000e+15,5.198644500163709381e-01
1.650461925724601750e+15,5.193970927513954505e-01
1.650461925726526250e+15,5.189297961900523060e-01
1.650461925728451000e+15,5.184624389250769294e-01
1.650461925730375750e+15,5.179950816601015529e-01
1.650461925732300500e+15,5.175277243951261763e-01
1.650461925734225250e+15,5.170603671301507998e-01
1.650461925736150000e+15,5.165930098651753122e-01
1.650461925738074500e+15,5.161257133038322786e-01
1.650461925739999250e+15,5.156583560388567911e-01
1.650461925741924000e+15,5.154175447295754608e-01
1.650461925743848750e+15,5.154175447295753498e-01
1.650461925745773500e+15,5.154175447295752388e-01
1.650461925747698250e+15,5.154175447295750168e-01
1.650461925749622750e+15,5.154175447295750168e-01
1.650461925751547500e+15,5.154175447295750168e-01
1.650461925753472250e+15,5.154175447295750168e-01
1.650461925755397000e+15,5.154175447295750168e-01
1.650461925757321750e+15,5.154175447295750168e-01
1.650461925759246500e+15,5.154175447295749057e-01
1.650461925761171000e+15,5.154175447295749057e-01
1.650461925763095750e+15,5.154175447295747947e-01
1.650461925765020500e+15,5.154175447295747947e-01
1.650461925766945250e+15,5.154175447295745727e-01
1.650461925768870000e+15,5.154175447295745727e-01
1.650461925770794750e+15,5.144648811437637637e-01
1.650461925772719250e+15,5.133837069902076333e-01
1.650461925774644000e+15,5.123023923879435060e-01
1.650461925776568750e+15,5.112210777856793786e-01
1.650461925778493500e+15,5.101397631834152513e-01
1.650461925780418250e+15,5.092816215780335831e-01
1.650461925782343000e+15,5.092816215780335831e-01
1.650461925784267500e+15,5.092816215780334721e-01
1.650461925786192250e+15,5.092816215780334721e-01
1.650461925788117000e+15,5.092816215780333611e-01
1.650461925790041750e+15,5.092816215780333611e-01
1.650461925791966500e+15,5.092816215780332501e-01
1.650461925793891250e+15,5.092816215780331390e-01
1.650461925795816000e+15,5.092816215780331390e-01
1.650461925797740500e+15,5.092816215780332501e-01
1.650461925799665250e+15,5.092816215780333611e-01
1.650461925801590000e+15,5.092816215780333611e-01
1.650461925803514750e+15,5.092816215780334721e-01
1.650461925805439500e+15,5.092816215780335831e-01
1.650461925807364250e+15,5.095203246907941130e-01
1.650461925809288750e+15,5.106825869058669864e-01
1.650461925811213500e+15,5.118450001033009178e-01
1.650461925813138250e+15,5.130074133007347381e-01
1.650461925815063000e+15,5.141698264981686695e-01
1.650461925816987750e+15,5.153322396956024898e-01
1.650461925818912500e+15,5.148937858064017714e-01
1.650461925820837000e+15,5.143286195335415867e-01
1.650461925822761750e+15,5.137633798433947074e-01
1.650461925824686500e+15,5.131981401532479392e-01
1.650461925826611250e+15,5.126329004631009489e-01
1.650461925828536000e+15,5.120676607729541807e-01
1.650461925830460750e+15,5.115024210828073015e-01
1.650461925832385250e+15,5.109372548099471167e-01
1.650461925834310000e+15,5.103720151198002375e-01
1.650461925836234750e+15,5.098067754296533582e-01
1.650461925838159500e+15,5.092441789784455386e-01
1.650461925840084250e+15,5.087162108937778315e-01
1.650461925842009000e+15,5.081882428091102355e-01
1.650461925843933500e+15,5.076603433006323662e-01
1.650461925845858250e+15,5.071323752159646592e-01
1.650461925847783000e+15,5.066044071312970631e-01
1.650461925849707750e+15,5.060764390466294671e-01
1.650461925851632500e+15,5.055484709619618711e-01
1.650461925853557250e+15,5.050205028772941640e-01
1.650461925855481750e+15,5.044926033688162947e-01
1.650461925857406500e+15,5.039646352841486987e-01
1.650461925859331250e+15,5.034366671994809916e-01
1.650461925861256000e+15,5.036734672271817592e-01
1.650461925863180750e+15,5.048491882909875716e-01
1.650461925865105500e+15,5.060249093547933841e-01
1.650461925867030000e+15,5.072004777077193660e-01
1.650461925868954750e+15,5.083761987715251784e-01
1.650461925870879500e+15,5.092816215780331390e-01
1.650461925872804250e+15,5.092816215780331390e-01
1.650461925874729000e+15,5.092816215780331390e-01
1.650461925876653750e+15,5.092816215780331390e-01
1.650461925878578250e+15,5.092816215780331390e-01
1.650461925880503000e+15,5.092816215780331390e-01
1.650461925882427750e+15,5.092816215780331390e-01
1.650461925884352500e+15,5.092816215780331390e-01
1.650461925886277250e+15,5.092816215780332501e-01
1.650461925888202000e+15,5.092816215780332501e-01
1.650461925890126500e+15,5.092816215780333611e-01
1.650461925892051250e+15,5.092816215780333611e-01
1.650461925893976000e+15,5.092816215780333611e-01
1.650461925895900750e+15,5.092816215780333611e-01
1.650461925897825500e+15,5.092816215780334721e-01
1.650461925899750250e+15,5.092816215780334721e-01
1.650461925901674750e+15,5.092816215780335831e-01
1.650461925903599500e+15,5.092816215780335831e-01
1.650461925905524250e+15,5.092816215780335831e-01
1.650461925907449000e+15,5.092816215780334721e-01
1.650461925909373750e+15,5.092816215780334721e-01
1.650461925911298500e+15,5.092816215780333611e-01
1.650461925913223000e+15,5.092816215780333611e-01
1.650461925915147750e+15,5.092816215780333611e-01
1.650461925917072500e+15,5.092816215780332501e-01
1.650461925918997250e+15,5.092816215780332501e-01
1.650461925920922000e+15,5.092816215780332501e-01
1.650461925922846750e+15,5.092816215780331390e-01
1.650461925924771250e+15,5.092816215780331390e-01
1.650461925926696000e+15,5.092816215780332501e-01
1.650461925928620750e+15,5.092816215780332501e-01
1.650461925930545500e+15,5.092816215780332501e-01
1.650461925932470250e+15,5.092816215780333611e-01
1.650461925934395000e+15,5.092816215780333611e-01
1.650461925936319500e+15,5.092816215780334721e-01
1.650461925938244250e+15,5.092816215780334721e-01
1.650461925940169000e+15,5.092816215780335831e-01
1.650461925942093750e+15,5.092816215780335831e-01
1.650461925944018500e+15,5.092816215780335831e-01
1.650461925945943250e+15,5.092816215780334721e-01
1.650461925947867750e+15,5.092816215780333611e-01
1.650461925949792500e+15,5.092816215780333611e-01
1.650461925951717250e+15,5.092816215780333611e-01
1.650461925953642000e+15,5.092816215780332501e-01
1.650461925955566750e+15,5.092816215780331390e-01
1.650461925957491500e+15,5.092816215780331390e-01
1.650461925959416000e+15,5.092816215780331390e-01
1.650461925961340750e+15,5.092816215780331390e-01
1.650461925963265500e+15,5.092816215780331390e-01
1.650461925965190250e+15,5.092816215780331390e-01
1.650461925967115000e+15,5.092816215780331390e-01
1.650461925969039750e+15,5.092816215780330280e-01
1.650461925970964250e+15,5.092816215780331390e-01
1.650461925972889000e+15,5.092816215780331390e-01
1.650461925974813750e+15,5.092816215780331390e-01
1.650461925976738500e+15,5.092816215780331390e-01
1.650461925978663250e+15,5.092816215780331390e-01
1.650461925980588000e+15,5.092816215780331390e-01
1.650461925982512500e+15,5.092816215780331390e-01
1.650461925984437250e+15,5.092816215780331390e-01
1.650461925986362000e+15,5.092816215780331390e-01
1.650461925988286750e+15,5.092816215780331390e-01
1.650461925990211500e+15,5.092816215780331390e-01
1.650461925992136250e+15,5.092816215780331390e-01
1.650461925994060750e+15,5.092816215780331390e-01
1.650461925995985500e+15,5.092816215780331390e-01
1.650461925997910250e+15,5.092816215780332501e-01
1.650461925999835000e+15,5.092816215780332501e-01
1.650461926001759750e+15,5.092816215780332501e-01
1.650461926003684500e+15,5.092816215780333611e-01
1.650461926005609000e+15,5.092816215780333611e-01
1.650461926007533750e+15,5.092816215780333611e-01
1.650461926009458500e+15,5.092816215780334721e-01
1.650461926011383250e+15,5.092816215780334721e-01
1.650461926013308000e+15,5.092816215780335831e-01
1.650461926015232750e+15,5.092816215780335831e-01
1.650461926017157250e+15,5.092816215780335831e-01
1.650461926019082000e+15,5.092816215780335831e-01
1.650461926021006750e+15,5.092816215780335831e-01
1.650461926022931500e+15,5.092816215780335831e-01
1.650461926024856250e+15,5.092816215780335831e-01
1.650461926026781000e+15,5.092816215780334721e-01
1.650461926028705500e+15,5.092816215780334721e-01
1.650461926030630250e+15,5.092816215780333611e-01
1.650461926032555000e+15,5.092816215780332501e-01
1.650461926034479750e+15,5.092816215780332501e-01
1.650461926036404500e+15,5.092816215780331390e-01
1.650461926038329250e+15,5.092816215780331390e-01
1.650461926040253750e+15,5.092816215780331390e-01
1.650461926042178500e+15,5.092816215780331390e-01
1.650461926044103250e+15,5.092816215780331390e-01
1.650461926046028000e+15,5.092816215780331390e-01
1.650461926047952750e+15,5.092816215780330280e-01
1.650461926049877500e+15,5.092816215780330280e-01
1.650461926051802000e+15,5.092816215780329170e-01
1.650461926053726750e+15,5.092816215780329170e-01
1.650461926055651500e+15,5.092816215780329170e-01
1.650461926057576250e+15,5.092816215780328060e-01
1.650461926059501000e+15,5.092816215780326949e-01
1.650461926061425750e+15,5.092816215780325839e-01
1.650461926063350250e+15,5.092816215780326949e-01
1.650461926065275000e+15,5.092816215780326949e-01
1.650461926067199750e+15,5.092816215780326949e-01
1.650461926069124500e+15,5.092816215780328060e-01
1.650461926071049250e+15,5.092816215780329170e-01
1.650461926072974000e+15,5.092816215780329170e-01
1.650461926074898500e+15,5.092816215780329170e-01
1.650461926076823250e+15,5.092816215780329170e-01
1.650461926078748000e+15,5.092816215780330280e-01
1.650461926080672750e+15,5.092816215780330280e-01
1.650461926082597500e+15,5.092816215780331390e-01
1.650461926084522250e+15,5.092816215780330280e-01
1.650461926086446750e+15,5.092816215780329170e-01
1.650461926088371500e+15,5.092816215780329170e-01
1.650461926090296250e+15,5.092816215780328060e-01
1.650461926092221000e+15,5.092816215780326949e-01
1.650461926094145750e+15,5.092816215780326949e-01
1.650461926096070500e+15,5.092816215780326949e-01
1.650461926097995000e+15,5.092816215780325839e-01
1.650461926099919750e+15,5.092816215780325839e-01
1.650461926101844500e+15,5.092816215780325839e-01
1.650461926103769250e+15,5.092816215780324729e-01
1.650461926105694000e+15,5.092816215780324729e-01
1.650461926107618750e+15,5.092816215780324729e-01
1.650461926109543250e+15,5.092816215780323619e-01
1.650461926111468000e+15,5.092816215780323619e-01
1.650461926113392750e+15,5.092816215780322509e-01
1.650461926115317500e+15,5.092816215780323619e-01
1.650461926117242250e+15,5.092816215780324729e-01
1.650461926119167000e+15,5.092816215780326949e-01
1.650461926121091500e+15,5.092816215780329170e-01
1.650461926123016250e+15,5.092816215780329170e-01
1.650461926124941000e+15,5.092767148022222523e-01
1.650461926126865750e+15,5.088044989651198113e-01
1.650461926128790500e+15,5.083322831280174814e-01
1.650461926130715250e+15,5.078600672909150404e-01
1.650461926132639750e+15,5.073879127885102536e-01
1.650461926134564500e+15,5.069156969514078126e-01
1.650461926136489250e+15,5.064434811143054826e-01
1.650461926138414000e+15,5.059712652772030417e-01
1.650461926140338750e+15,5.054990494401006007e-01
1.650461926142263500e+15,5.050268336029981597e-01
1.650461926144188000e+15,5.045546791005934839e-01
1.650461926146112750e+15,5.040824632634910429e-01
1.650461926148037500e+15,5.036102474263886020e-01
1.650461926149962250e+15,5.031456984264908172e-01
1.650461926151887000e+15,5.031456984264903731e-01
1.650461926153811750e+15,5.031456984264900401e-01
1.650461926155736500e+15,5.031456984264895960e-01
1.650461926157661000e+15,5.031456984264891519e-01
1.650461926159585750e+15,5.028508487145230132e-01
1.650461926161510500e+15,5.023923457994701192e-01
1.650461926163435250e+15,5.019338428844173361e-01
1.650461926165360000e+15,5.014753399693644420e-01
1.650461926167284750e+15,5.010168370543115479e-01
1.650461926169209250e+15,5.005583936928261757e-01
1.650461926171134000e+15,5.000998907777732816e-01
1.650461926173058750e+15,4.996413878627204430e-01
1.650461926174983500e+15,4.991828849476676044e-01
1.650461926176908250e+15,4.987243820326147659e-01
1.650461926178833000e+15,4.982658791175619273e-01
1.650461926180757500e+15,4.978074357560763885e-01
1.650461926182682250e+15,4.973489328410235499e-01
1.650461926184607000e+15,4.976671253228293068e-01
1.650461926186531750e+15,5.001925434958076622e-01
1.650461926188456500e+15,5.027179616687859065e-01
1.650461926190381250e+15,5.052433798417641508e-01
1.650461926192305750e+15,5.077684699957564218e-01
1.650461926194230500e+15,5.081994716840074755e-01
1.650461926196155250e+15,5.054997075770394366e-01
1.650461926198080000e+15,5.027999434700712866e-01
1.650461926200004750e+15,5.001001793631031367e-01
1.650461926201929500e+15,4.974004152561350978e-01
1.650461926203854000e+15,4.973922393756571858e-01
1.650461926205778750e+15,4.978394737485858923e-01
1.650461926207703500e+15,4.982867081215146543e-01
1.650461926209628250e+15,4.987339424944434163e-01
1.650461926211553000e+15,4.991811768673721783e-01
1.650461926213477750e+15,4.996284112403008848e-01
1.650461926215402250e+15,5.000755875232993919e-01
1.650461926217327000e+15,5.005228218962280984e-01
1.650461926219251750e+15,5.009700562691569159e-01
1.650461926221176500e+15,5.014172906420857334e-01
1.650461926223101250e+15,5.018645250150144399e-01
1.650461926225026000e+15,5.023117593879431464e-01
1.650461926226950500e+15,5.027589356709416535e-01
1.650461926228875250e+15,5.031456984264890409e-01
1.650461926230800000e+15,5.031456984264890409e-01
1.650461926232724750e+15,5.031456984264890409e-01
1.650461926234649500e+15,5.031456984264890409e-01
1.650461926236574250e+15,5.031456984264890409e-01
1.650461926238498750e+15,5.031456984264890409e-01
1.650461926240423500e+15,5.031456984264890409e-01
1.650461926242348250e+15,5.031456984264890409e-01
1.650461926244273000e+15,5.031456984264890409e-01
1.650461926246197750e+15,5.031456984264890409e-01
1.650461926248122500e+15,5.031456984264890409e-01
1.650461926250047000e+15,5.028669715856843858e-01
1.650461926251971750e+15,5.019207996512242698e-01
1.650461926253896500e+15,5.009746277167643758e-01
1.650461926255821250e+15,5.000284557823044818e-01
1.650461926257746000e+15,4.990822838478444767e-01
1.650461926259670750e+15,4.981361119133844717e-01
1.650461926261595250e+15,4.971900628743570194e-01
1.650461926263520000e+15,4.970097752749474407e-01
1.650461926265444750e+15,4.970097752749472741e-01
1.650461926267369500e+15,4.970097752749470521e-01
1.650461926269294250e+15,4.970097752749468856e-01
1.650461926271219000e+15,4.970097752749466635e-01
1.650461926273143500e+15,4.970097752749466080e-01
1.650461926275068250e+15,4.970097752749464970e-01
1.650461926276993000e+15,4.970097752749464970e-01
1.650461926278917750e+15,4.970097752749463860e-01
1.650461926280842500e+15,4.970097752749462749e-01
1.650461926282767250e+15,4.970097752749462749e-01
1.650461926284691750e+15,4.970097752749461639e-01
1.650461926286616500e+15,4.970097752749460529e-01
1.650461926288541250e+15,4.970097752749460529e-01
1.650461926290466000e+15,4.970097752749458864e-01
1.650461926292390750e+15,4.970097752749458864e-01
1.650461926294315500e+15,4.970097752749458864e-01
1.650461926296240000e+15,4.970097752749459419e-01
1.650461926298164750e+15,4.970097752749461084e-01
1.650461926300089500e+15,4.970097752749462749e-01
1.650461926302014250e+15,4.970097752749463860e-01
1.650461926303939000e+15,4.970097752749464970e-01
1.650461926305863750e+15,4.970097752749466080e-01
1.650461926307788250e+15,4.970097752749467190e-01
1.650461926309713000e+15,4.970097752749469411e-01
1.650461926311637750e+15,4.970097752749470521e-01
1.650461926313562500e+15,4.970097752749472186e-01
1.650461926315487250e+15,4.970097752749474407e-01
1.650461926317412000e+15,4.970097752749476072e-01
1.650461926319336500e+15,4.970097752749476627e-01
1.650461926321261250e+15,4.970097752749477737e-01
1.650461926323186000e+15,4.970097752749479403e-01
1.650461926325110750e+15,4.970097752749479403e-01
1.650461926327035500e+15,4.970097752749480513e-01
1.650461926328960250e+15,4.970097752749481623e-01
1.650461926330884750e+15,4.970097752749482733e-01
1.650461926332809500e+15,4.970097752749483844e-01
1.650461926334734250e+15,4.970097752749483844e-01
1.650461926336659000e+15,4.970097752749484954e-01
1.650461926338583750e+15,4.970097752749484954e-01
1.650461926340508500e+15,4.970097752749485509e-01
1.650461926342433000e+15,4.970097752749484954e-01
1.650461926344357750e+15,4.970097752749485509e-01
1.650461926346282500e+15,4.970097752749486064e-01
1.650461926348207250e+15,4.970097752749485509e-01
1.650461926350132000e+15,4.970097752749484954e-01
1.650461926352056750e+15,4.969709762544036180e-01
1.650461926353981250e+15,4.963087260101576859e-01
1.650461926355906000e+15,4.956463897370414484e-01
1.650461926357830750e+15,4.949840534639251555e-01
1.650461926359755500e+15,4.943217171908088625e-01
1.650461926361680250e+15,4.936593809176925696e-01
1.650461926363605000e+15,4.929970446445762766e-01
1.650461926365529500e+15,4.923347944003304000e-01
1.650461926367454250e+15,4.916724581272141625e-01
1.650461926369379000e+15,4.910101218540979251e-01
1.650461926371303750e+15,4.908738521234035090e-01
1.650461926373228500e+15,4.908738521234035090e-01
1.650461926375153250e+15,4.908738521234035090e-01
1.650461926377077750e+15,4.908738521234035090e-01
1.650461926379002500e+15,4.908738521234035090e-01
1.650461926380927250e+15,4.908738521234035090e-01
1.650461926382852000e+15,4.908738521234035646e-01
1.650461926384776750e+15,4.908738521234035090e-01
1.650461926386701500e+15,4.904745647239627804e-01
1.650461926388626000e+15,4.898922012527815451e-01
1.650461926390550750e+15,4.893097621303310052e-01
1.650461926392475500e+15,4.887273230078805764e-01
1.650461926394400250e+15,4.881448838854300365e-01
1.650461926396325000e+15,4.875624447629794966e-01
1.650461926398249750e+15,4.869800056405289013e-01
1.650461926400174250e+15,4.863976421693477770e-01
1.650461926402099000e+15,4.858152030468971261e-01
1.650461926404023750e+15,4.852327639244466417e-01
1.650461926405948500e+15,4.849137703648903064e-01
1.650461926407873250e+15,4.860828574848595762e-01
1.650461926409798000e+15,4.872519446048287906e-01
1.650461926411722500e+15,4.884208798755812486e-01
1.650461926413647250e+15,4.895899669955505740e-01
1.650461926415572000e+15,4.907590541155197883e-01
1.650461926417496750e+15,4.899734861913479511e-01
1.650461926419421500e+15,4.889750824305968413e-01
1.650461926421346250e+15,4.879766786698456205e-01
1.650461926423270750e+15,4.869784045887619595e-01
1.650461926425195500e+15,4.859800008280107386e-01
1.650461926427120250e+15,4.849815970672595733e-01
1.650461926429045000e+15,4.847379289718638518e-01
1.650461926430969750e+15,4.847379289718638518e-01
1.650461926432894500e+15,4.847379289718638518e-01
1.650461926434819000e+15,4.847379289718638518e-01
1.650461926436743750e+15,4.847379289718638518e-01
1.650461926438668500e+15,4.847379289718638518e-01
1.650461926440593250e+15,4.852004016144266796e-01
1.650461926442518000e+15,4.857626275539642657e-01
1.650461926444442750e+15,4.863248534935017964e-01
1.650461926446367250e+15,4.868870064071997295e-01
1.650461926448292000e+15,4.874492323467372046e-01
1.650461926450216750e+15,4.880114582862747907e-01
1.650461926452141500e+15,4.885736842258123769e-01
1.650461926454066250e+15,4.891359101653499630e-01
1.650461926455991000e+15,4.896981361048874937e-01
1.650461926457915500e+15,4.902602890185853712e-01
1.650461926459840250e+15,4.908225149581229574e-01
1.650461926461765000e+15,4.908738521234035090e-01
1.650461926463689750e+15,4.908738521234035090e-01
1.650461926465614500e+15,4.908738521234035090e-01
1.650461926467539250e+15,4.908738521234035090e-01
1.650461926469463750e+15,4.908738521234035090e-01
1.650461926471388500e+15,4.908738521234035090e-01
1.650461926473313250e+15,4.902633546817689036e-01
1.650461926475238000e+15,4.892273794110736373e-01
1.650461926477162750e+15,4.881914041403784266e-01
1.650461926479087500e+15,4.871554288696831048e-01
1.650461926481012000e+15,4.861195881587061507e-01
1.650461926482936750e+15,4.850836128880108289e-01
1.650461926484861500e+15,4.847379289718638518e-01
1.650461926486786250e+15,4.847379289718638518e-01
1.650461926488711000e+15,4.847379289718638518e-01
1.650461926490635750e+15,4.847379289718638518e-01
1.650461926492560250e+15,4.847379289718638518e-01
1.650461926494485000e+15,4.847379289718638518e-01
1.650461926496409750e+15,4.857762092160913259e-01
1.650461926498334500e+15,4.870791789960923768e-01
1.650461926500259250e+15,4.883821487760935387e-01
1.650461926502184000e+15,4.896851185560946451e-01
1.650461926504108750e+15,4.909880883360957515e-01
1.650461926506033250e+15,4.922908888772633551e-01
1.650461926507958000e+15,4.935938586572644615e-01
1.650461926509882750e+15,4.948968284372655679e-01
1.650461926511807500e+15,4.961997982172667299e-01
1.650461926513732250e+15,4.970097752749476072e-01
1.650461926515657000e+15,4.970097752749475517e-01
1.650461926517581500e+15,4.970097752749475517e-01
1.650461926519506250e+15,4.970097752749476072e-01
1.650461926521431000e+15,4.970097752749475517e-01
1.650461926523355750e+15,4.970097752749476072e-01
1.650461926525280500e+15,4.970097752749474962e-01
1.650461926527205250e+15,4.970097752749476072e-01
1.650461926529129750e+15,4.975607870240459363e-01
1.650461926531054500e+15,4.985485028462363077e-01
1.650461926532979250e+15,4.995362186684268457e-01
1.650461926534904000e+15,5.005239344906171617e-01
1.650461926536828750e+15,5.015116503128076442e-01
1.650461926538753500e+15,5.024993661349981267e-01
1.650461926540678000e+15,5.031456984264899290e-01
1.650461926542602750e+15,5.031456984264899290e-01
1.650461926544527500e+15,5.031456984264899290e-01
1.650461926546452250e+15,5.031456984264899290e-01
1.650461926548377000e+15,5.031456984264899290e-01
1.650461926550301750e+15,5.031456984264899290e-01
1.650461926552226250e+15,5.031456984264899290e-01
1.650461926554151000e+15,5.031456984264900401e-01
1.650461926556075750e+15,5.031456984264901511e-01
1.650461926558000500e+15,5.031456984264902621e-01
1.650461926559925250e+15,5.031456984264903731e-01
1.650461926561850000e+15,5.031456984264904841e-01
1.650461926563774500e+15,5.031456984264905952e-01
1.650461926565699250e+15,5.031456984264905952e-01
1.650461926567624000e+15,5.031456984264908172e-01
1.650461926569548750e+15,5.031456984264908172e-01
1.650461926571473500e+15,5.031456984264907062e-01
1.650461926573398250e+15,5.031456984264905952e-01
1.650461926575322750e+15,5.031456984264904841e-01
1.650461926577247500e+15,5.031456984264903731e-01
1.650461926579172250e+15,5.031456984264902621e-01
1.650461926581097000e+15,5.031456984264901511e-01
1.650461926583021750e+15,5.031456984264900401e-01
1.650461926584946500e+15,5.031456984264899290e-01
1.650461926586871000e+15,5.031456984264899290e-01
1.650461926588795750e+15,5.031456984264899290e-01
1.650461926590720500e+15,5.031456984264899290e-01
1.650461926592645250e+15,5.031456984264899290e-01
1.650461926594570000e+15,5.031456984264899290e-01
1.650461926596494750e+15,5.031456984264899290e-01
1.650461926598419250e+15,5.025876793819301636e-01
1.650461926600344000e+15,5.014141779822948175e-01
1.650461926602268750e+15,5.002406765826593604e-01
1.650461926604193500e+15,4.990671751830238478e-01
1.650461926606118250e+15,4.978936737833884463e-01
1.650461926608043000e+15,4.971465257791930492e-01
1.650461926609967500e+15,4.977005812432359066e-01
1.650461926611892250e+15,4.982547086812283976e-01
1.650461926613817000e+15,4.988088361192207776e-01
1.650461926615741750e+15,4.993629635572132131e-01
1.650461926617666500e+15,4.999170909952056485e-01
1.650461926619591250e+15,5.004712184331980840e-01
1.650461926621515750e+15,5.010252738972409414e-01
1.650461926623440500e+15,5.015794013352333769e-01
1.650461926625365250e+15,5.021335287732258124e-01
1.650461926627290000e+15,5.026876562112182478e-01
1.650461926629214750e+15,5.029827686507069018e-01
1.650461926631139500e+15,5.020431459212986169e-01
1.650461926633064000e+15,5.011036452366661731e-01
1.650461926634988750e+15,5.001640225072578883e-01
1.650461926636913500e+15,4.992243997778496589e-01
1.650461926638838250e+15,4.982847770484413741e-01
1.650461926640763000e+15,4.973451543190330337e-01
1.650461926642687750e+15,4.978059946889877851e-01
1.650461926644612250e+15,4.990439864177862450e-01
1.650461926646537000e+15,5.002821389665026430e-01
1.650461926648461750e+15,5.015202915152191521e-01
1.650461926650386500e+15,5.027584440639356611e-01
1.650461926652311250e+15,5.039965966126520591e-01
1.650461926654236000e+15,5.052347491613684571e-01
1.650461926656160500e+15,5.064727408901669170e-01
1.650461926658085250e+15,5.077108934388834260e-01
1.650461926660010000e+15,5.089490459875998241e-01
1.650461926661934750e+15,5.092816215780331390e-01
1.650461926663859500e+15,5.092816215780331390e-01
1.650461926665784250e+15,5.092816215780331390e-01
1.650461926667708750e+15,5.092816215780331390e-01
1.650461926669633500e+15,5.092816215780331390e-01
1.650461926671558250e+15,5.092816215780331390e-01
1.650461926673483000e+15,5.092816215780331390e-01
1.650461926675407750e+15,5.092816215780331390e-01
1.650461926677332500e+15,5.092816215780331390e-01
1.650461926679257000e+15,5.092816215780331390e-01
1.650461926681181750e+15,5.092816215780331390e-01
1.650461926683106500e+15,5.092816215780331390e-01
1.650461926685031250e+15,5.092816215780331390e-01
1.650461926686956000e+15,5.092816215780331390e-01
1.650461926688880750e+15,5.092816215780331390e-01
1.650461926690805250e+15,5.092816215780331390e-01
1.650461926692730000e+15,5.092816215780331390e-01
1.650461926694654750e+15,5.094057932067646011e-01
1.650461926696579500e+15,5.098888641363265029e-01
1.650461926698504250e+15,5.103719350658884046e-01
1.650461926700429000e+15,5.108550059954501954e-01
1.650461926702353500e+15,5.113380141803791634e-01
1.650461926704278250e+15,5.118210851099410652e-01
1.650461926706203000e+15,5.123041560395029670e-01
1.650461926708127750e+15,5.127872269690648688e-01
1.650461926710052500e+15,5.132702978986267706e-01
1.650461926711977250e+15,5.137533688281886723e-01
1.650461926713901750e+15,5.142363770131176404e-01
1.650461926715826500e+15,5.147194479426794311e-01
1.650461926717751250e+15,5.152025188722413329e-01
1.650461926719676000e+15,5.154175447295746837e-01
1.650461926721600750e+15,5.154175447295747947e-01
1.650461926723525500e+15,5.154175447295749057e-01
1.650461926725450000e+15,5.154175447295750168e-01
1.650461926727374750e+15,5.154175447295752388e-01
1.650461926729299500e+15,5.154175447295753498e-01
1.650461926731224250e+15,5.154175447295754608e-01
1.650461926733149000e+15,5.154175447295754608e-01
1.650461926735073750e+15,5.154175447295754608e-01
1.650461926736998250e+15,5.154175447295754608e-01
1.650461926738923000e+15,5.154175447295754608e-01
1.650461926740847750e+15,5.154175447295754608e-01
1.650461926742772500e+15,5.154175447295754608e-01
1.650461926744697250e+15,5.154175447295754608e-01
1.650461926746622000e+15,5.154175447295754608e-01
1.650461926748546500e+15,5.154175447295754608e-01
1.650461926750471250e+15,5.154175447295754608e-01
1.650461926752396000e+15,5.154175447295754608e-01
1.650461926754320750e+15,5.154175447295754608e-01
1.650461926756245500e+15,5.154175447295754608e-01
1.650461926758170250e+15,5.154175447295754608e-01
1.650461926760094750e+15,5.154175447295754608e-01
1.650461926762019500e+15,5.154175447295754608e-01
1.650461926763944250e+15,5.154175447295754608e-01
1.650461926765869000e+15,5.154175447295754608e-01
1.650461926767793750e+15,5.154175447295754608e-01
1.650461926769718500e+15,5.154175447295754608e-01
1.650461926771643000e+15,5.154175447295754608e-01
1.650461926773567750e+15,5.154175447295754608e-01
1.650461926775492500e+15,5.154175447295754608e-01
1.650461926777417250e+15,5.154175447295754608e-01
1.650461926779342000e+15,5.154175447295754608e-01
1.650461926781266750e+15,5.154175447295754608e-01
1.650461926783191250e+15,5.154175447295754608e-01
1.650461926785116000e+15,5.154175447295754608e-01
1.650461926787040750e+15,5.154175447295754608e-01
1.650461926788965500e+15,5.154175447295754608e-01
1.650461926790890250e+15,5.154175447295754608e-01
1.650461926792815000e+15,5.154175447295755719e-01
1.650461926794739500e+15,5.154175447295755719e-01
1.650461926796664250e+15,5.154175447295756829e-01
1.650461926798589000e+15,5.154175447295756829e-01
1.650461926800513750e+15,5.154175447295757939e-01
1.650461926802438500e+15,5.154175447295759049e-01
1.650461926804363250e+15,5.154175447295759049e-01
1.650461926806287750e+15,5.154175447295759049e-01
1.650461926808212500e+15,5.154175447295761270e-01
1.650461926810137250e+15,5.154175447295761270e-01
1.650461926812062000e+15,5.154175447295762380e-01
1.650461926813986750e+15,5.154175447295762380e-01
1.650461926815911500e+15,5.154175447295763490e-01
1.650461926817836000e+15,5.154175447295763490e-01
1.650461926819760750e+15,5.154175447295763490e-01
1.650461926821685500e+15,5.154175447295763490e-01
1.650461926823610250e+15,5.154175447295763490e-01
1.650461926825535000e+15,5.154175447295763490e-01
1.650461926827459750e+15,5.154175447295763490e-01
1.650461926829384250e+15,5.154175447295763490e-01
1.650461926831309000e+15,5.154175447295764600e-01
1.650461926833233750e+15,5.154175447295763490e-01
1.650461926835158500e+15,5.154175447295763490e-01
1.650461926837083250e+15,5.154175447295763490e-01
1.650461926839008000e+15,5.154175447295763490e-01
1.650461926840932500e+15,5.154175447295763490e-01
1.650461926842857250e+15,5.154175447295763490e-01
1.650461926844782000e+15,5.154175447295763490e-01
1.650461926846706750e+15,5.154175447295763490e-01
1.650461926848631500e+15,5.154175447295763490e-01
1.650461926850556250e+15,5.154175447295762380e-01
1.650461926852480750e+15,5.154175447295761270e-01
1.650461926854405500e+15,5.154175447295759049e-01
1.650461926856330250e+15,5.154175447295757939e-01
1.650461926858255000e+15,5.154175447295756829e-01
1.650461926860179750e+15,5.154175447295754608e-01
1.650461926862104500e+15,5.154175447295754608e-01
1.650461926864029250e+15,5.154175447295755719e-01
1.650461926865953750e+15,5.154175447295756829e-01
1.650461926867878500e+15,5.154175447295757939e-01
1.650461926869803250e+15,5.154175447295759049e-01
1.650461926871728000e+15,5.154175447295759049e-01
1.650461926873652750e+15,5.154175447295760160e-01
1.650461926875577500e+15,5.154175447295761270e-01
1.650461926877502000e+15,5.154175447295761270e-01
1.650461926879426750e+15,5.154175447295762380e-01
1.650461926881351500e+15,5.154175447295762380e-01
1.650461926883276250e+15,5.154175447295763490e-01
1.650461926885201000e+15,5.154175447295763490e-01
1.650461926887125750e+15,5.154175447295763490e-01
1.650461926889050250e+15,5.154175447295763490e-01
1.650461926890975000e+15,5.154175447295763490e-01
1.650461926892899750e+15,5.154175447295763490e-01
1.650461926894824500e+15,5.154175447295763490e-01
1.650461926896749250e+15,5.154175447295763490e-01
1.650461926898674000e+15,5.154175447295763490e-01
1.650461926900598500e+15,5.154175447295763490e-01
1.650461926902523250e+15,5.154175447295763490e-01
1.650461926904448000e+15,5.159325836510986196e-01
1.650461926906372750e+15,5.168256657810084143e-01
1.650461926908297500e+15,5.177187479109183199e-01
1.650461926910222250e+15,5.186118300408281145e-01
1.650461926912146750e+15,5.195047961709808870e-01
1.650461926914071500e+15,5.203978783008906817e-01
1.650461926915996250e+15,5.212909604308005873e-01
1.650461926917921000e+15,5.215534678811170055e-01
1.650461926919845750e+15,5.215534678811168945e-01
1.650461926921770500e+15,5.215534678811168945e-01
1.650461926923695000e+15,5.215534678811168945e-01
1.650461926925619750e+15,5.215534678811168945e-01
1.650461926927544500e+15,5.215534678811168945e-01
1.650461926929469250e+15,5.215534678811168945e-01
1.650461926931394000e+15,5.215534678811168945e-01
1.650461926933318750e+15,5.215534678811168945e-01
1.650461926935243250e+15,5.215534678811168945e-01
1.650461926937168000e+15,5.215534678811168945e-01
1.650461926939092750e+15,5.215534678811168945e-01
1.650461926941017500e+15,5.215534678811170055e-01
1.650461926942942250e+15,5.215534678811172276e-01
1.650461926944867000e+15,5.215534678811173386e-01
1.650461926946791500e+15,5.215534678811174496e-01
1.650461926948716250e+15,5.215534678811175606e-01
1.650461926950641000e+15,5.215534678811176716e-01
1.650461926952565750e+15,5.215534678811178937e-01
1.650461926954490500e+15,5.215534678811180047e-01
1.650461926956415250e+15,5.215534678811181157e-01
1.650461926958339750e+15,5.215534678811182268e-01
1.650461926960264500e+15,5.215534678811182268e-01
1.650461926962189250e+15,5.215534678811183378e-01
1.650461926964114000e+15,5.215534678811184488e-01
1.650461926966038750e+15,5.215534678811184488e-01
1.650461926967963500e+15,5.215534678811185598e-01
1.650461926969888000e+15,5.215534678811186708e-01
1.650461926971812750e+15,5.215534678811186708e-01
1.650461926973737500e+15,5.215534678811186708e-01
1.650461926975662250e+15,5.215534678811186708e-01
1.650461926977587000e+15,5.215534678811186708e-01
1.650461926979511750e+15,5.215534678811186708e-01
1.650461926981436250e+15,5.215534678811186708e-01
1.650461926983361000e+15,5.215534678811186708e-01
1.650461926985285750e+15,5.215534678811186708e-01
1.650461926987210500e+15,5.215534678811186708e-01
1.650461926989135250e+15,5.215534678811186708e-01
1.650461926991060000e+15,5.215534678811186708e-01
1.650461926992984500e+15,5.215534678811186708e-01
1.650461926994909250e+15,5.215534678811186708e-01
1.650461926996834000e+15,5.215534678811185598e-01
1.650461926998758750e+15,5.215534678811184488e-01
1.650461927000683500e+15,5.215534678811184488e-01
1.650461927002608250e+15,5.215534678811183378e-01
1.650461927004532750e+15,5.215534678811182268e-01
1.650461927006457500e+15,5.215534678811182268e-01
1.650461927008382250e+15,5.215534678811182268e-01
1.650461927010307000e+15,5.215534678811181157e-01
1.650461927012231750e+15,5.215534678811180047e-01
1.650461927014156500e+15,5.215534678811178937e-01
1.650461927016081000e+15,5.215534678811177827e-01
1.650461927018005750e+15,5.215534678811177827e-01
1.650461927019930500e+15,5.215534678811177827e-01
1.650461927021855250e+15,5.215534678811177827e-01
1.650461927023780000e+15,5.215534678811177827e-01
1.650461927025704750e+15,5.215534678811177827e-01
1.650461927027629250e+15,5.215534678811177827e-01
1.650461927029554000e+15,5.215534678811178937e-01
1.650461927031478750e+15,5.215534678811178937e-01
1.650461927033403500e+15,5.215534678811181157e-01
1.650461927035328250e+15,5.215534678811182268e-01
1.650461927037253000e+15,5.215534678811182268e-01
1.650461927039177500e+15,5.215534678811184488e-01
1.650461927041102250e+15,5.215534678811185598e-01
1.650461927043027000e+15,5.215534678811186708e-01
1.650461927044951750e+15,5.215534678811185598e-01
1.650461927046876500e+15,5.215534678811184488e-01
1.650461927048801250e+15,5.215534678811184488e-01
1.650461927050725750e+15,5.215534678811182268e-01
1.650461927052650500e+15,5.215534678811182268e-01
1.650461927054575250e+15,5.215534678811181157e-01
1.650461927056500000e+15,5.215534678811180047e-01
1.650461927058424750e+15,5.215534678811178937e-01
1.650461927060349500e+15,5.215534678811177827e-01
1.650461927062274000e+15,5.215534678811175606e-01
1.650461927064198750e+15,5.215534678811174496e-01
1.650461927066123500e+15,5.215534678811173386e-01
1.650461927068048250e+15,5.215534678811172276e-01
1.650461927069973000e+15,5.215534678811170055e-01
1.650461927071897750e+15,5.215534678811170055e-01
1.650461927073822250e+15,5.215534678811170055e-01
1.650461927075747000e+15,5.215534678811170055e-01
1.650461927077671750e+15,5.215534678811171165e-01
1.650461927079596500e+15,5.215534678811172276e-01
1.650461927081521250e+15,5.215534678811172276e-01
1.650461927083446000e+15,5.215534678811173386e-01
1.650461927085370500e+15,5.215534678811174496e-01
1.650461927087295250e+15,5.215534678811174496e-01
1.650461927089220000e+15,5.215534678811175606e-01
1.650461927091144750e+15,5.215534678811176716e-01
1.650461927093069500e+15,5.215534678811177827e-01
1.650461927094994250e+15,5.215534678811177827e-01
1.650461927096918750e+15,5.215534678811177827e-01
1.650461927098843500e+15,5.215534678811177827e-01
1.650461927100768250e+15,5.215534678811177827e-01
1.650461927102693000e+15,5.215534678811177827e-01
1.650461927104617750e+15,5.215534678811177827e-01
1.650461927106542500e+15,5.215534678811177827e-01
1.650461927108467000e+15,5.215534678811177827e-01
1.650461927110391750e+15,5.215534678811177827e-01
1.650461927112316500e+15,5.215534678811177827e-01
1.650461927114241250e+15,5.215534678811177827e-01
1.650461927116166000e+15,5.215534678811178937e-01
1.650461927118090750e+15,5.215534678811177827e-01
1.650461927120015250e+15,5.215534678811177827e-01
1.650461927121940000e+15,5.215534678811177827e-01
1.650461927123864750e+15,5.215534678811177827e-01
1.650461927125789500e+15,5.215534678811177827e-01
1.650461927127714250e+15,5.215534678811177827e-01
1.650461927129639000e+15,5.215534678811177827e-01
1.650461927131563500e+15,5.215534678811177827e-01
1.650461927133488250e+15,5.215534678811177827e-01
1.650461927135413000e+15,5.215534678811177827e-01
1.650461927137337750e+15,5.215534678811177827e-01
1.650461927139262500e+15,5.215534678811177827e-01
1.650461927141187250e+15,5.215534678811177827e-01
1.650461927143111750e+15,5.215534678811177827e-01
1.650461927145036500e+15,5.215534678811177827e-01
1.650461927146961250e+15,5.215534678811177827e-01
1.650461927148886000e+15,5.215534678811177827e-01
1.650461927150810750e+15,5.215534678811177827e-01
1.650461927152735500e+15,5.215534678811177827e-01
1.650461927154660000e+15,5.215534678811177827e-01
1.650461927156584750e+15,5.215534678811177827e-01
1.650461927158509500e+15,5.215534678811177827e-01
1.650461927160434250e+15,5.215534678811177827e-01
1.650461927162359000e+15,5.215534678811177827e-01
1.650461927164283750e+15,5.215534678811177827e-01
1.650461927166208250e+15,5.215534678811177827e-01
1.650461927168133000e+15,5.215534678811177827e-01
1.650461927170057750e+15,5.215534678811177827e-01
1.650461927171982500e+15,5.215534678811177827e-01
1.650461927173907250e+15,5.215534678811177827e-01
1.650461927175832000e+15,5.215534678811177827e-01
1.650461927177756500e+15,5.215534678811177827e-01
1.650461927179681250e+15,5.215534678811177827e-01
1.650461927181606000e+15,5.215534678811177827e-01
1.650461927183530750e+15,5.215534678811177827e-01
1.650461927185455500e+15,5.215534678811177827e-01
1.650461927187380250e+15,5.215534678811177827e-01
1.650461927189304750e+15,5.215534678811177827e-01
1.650461927191229500e+15,5.215534678811177827e-01
1.650461927193154250e+15,5.215534678811177827e-01
1.650461927195079000e+15,5.215534678811177827e-01
1.650461927197003750e+15,5.215534678811177827e-01
1.650461927198928500e+15,5.215534678811177827e-01
1.650461927200853000e+15,5.215534678811177827e-01
1.650461927202777750e+15,5.215534678811177827e-01
1.650461927204702500e+15,5.215534678811177827e-01
1.650461927206627250e+15,5.215534678811177827e-01
1.650461927208552000e+15,5.215534678811177827e-01
1.650461927210476750e+15,5.215534678811177827e-01
1.650461927212401250e+15,5.215534678811177827e-01
1.650461927214326000e+15,5.215534678811177827e-01
1.650461927216250750e+15,5.215534678811177827e-01
1.650461927218175500e+15,5.215534678811177827e-01
1.650461927220100250e+15,5.215534678811177827e-01
1.650461927222025000e+15,5.215534678811177827e-01
1.650461927223949750e+15,5.215534678811177827e-01
1.650461927225874250e+15,5.215534678811177827e-01
1.650461927227799000e+15,5.215534678811177827e-01
1.650461927229723750e+15,5.215534678811177827e-01
1.650461927231648500e+15,5.215534678811177827e-01
1.650461927233573250e+15,5.215534678811177827e-01
1.650461927235498000e+15,5.215534678811176716e-01
1.650461927237422500e+15,5.215534678811177827e-01
1.650461927239347250e+15,5.215534678811177827e-01
1.650461927241272000e+15,5.215534678811176716e-01
1.650461927243196750e+15,5.215534678811177827e-01
1.650461927245121500e+15,5.215534678811177827e-01
1.650461927247046250e+15,5.215534678811177827e-01
1.650461927248970750e+15,5.215534678811177827e-01
1.650461927250895500e+15,5.215534678811177827e-01
1.650461927252820250e+15,5.215534678811177827e-01
1.650461927254745000e+15,5.215534678811177827e-01
1.650461927256669750e+15,5.215534678811177827e-01
1.650461927258594500e+15,5.215534678811177827e-01
1.650461927260519000e+15,5.215534678811177827e-01
1.650461927262443750e+15,5.215534678811177827e-01
1.650461927264368500e+15,5.215534678811177827e-01
1.650461927266293250e+15,5.215534678811177827e-01
1.650461927268218000e+15,5.215534678811177827e-01
1.650461927270142750e+15,5.215534678811177827e-01
1.650461927272067250e+15,5.215534678811177827e-01
1.650461927273992000e+15,5.215534678811177827e-01
1.650461927275916750e+15,5.215534678811177827e-01
1.650461927277841500e+15,5.215534678811177827e-01
1.650461927279766250e+15,5.215534678811177827e-01
1.650461927281691000e+15,5.215534678811177827e-01
1.650461927283615500e+15,5.215534678811177827e-01
1.650461927285540250e+15,5.215534678811177827e-01
1.650461927287465000e+15,5.215534678811177827e-01
1.650461927289389750e+15,5.215534678811177827e-01
1.650461927291314500e+15,5.215534678811177827e-01
1.650461927293239250e+15,5.215534678811176716e-01
1.650461927295163750e+15,5.215534678811177827e-01
1.650461927297088500e+15,5.215534678811177827e-01
1.650461927299013250e+15,5.215534678811177827e-01
1.650461927300938000e+15,5.215534678811177827e-01
1.650461927302862750e+15,5.215534678811177827e-01
1.650461927304787500e+15,5.215534678811177827e-01
1.650461927306712000e+15,5.215534678811177827e-01
1.650461927308636750e+15,5.215534678811177827e-01
1.650461927310561500e+15,5.215534678811177827e-01
1.650461927312486250e+15,5.215534678811178937e-01
1.650461927314411000e+15,5.215534678811177827e-01
1.650461927316335750e+15,5.215534678811177827e-01
1.650461927318260250e+15,5.215534678811177827e-01
1.650461927320185000e+15,5.215534678811177827e-01
1.650461927322109750e+15,5.215534678811177827e-01
1.650461927324034500e+15,5.215534678811177827e-01
1.650461927325959250e+15,5.215534678811177827e-01
1.650461927327884000e+15,5.215534678811177827e-01
1.650461927329808500e+15,5.215534678811177827e-01
1.650461927331733250e+15,5.215534678811177827e-01
1.650461927333658000e+15,5.215534678811177827e-01
1.650461927335582750e+15,5.215534678811177827e-01
1.650461927337507500e+15,5.215534678811177827e-01
1.650461927339432250e+15,5.215534678811177827e-01
1.650461927341356750e+15,5.215534678811177827e-01
1.650461927343281500e+15,5.215534678811177827e-01
1.650461927345206250e+15,5.215534678811177827e-01
1.650461927347131000e+15,5.215534678811177827e-01
1.650461927349055750e+15,5.215534678811177827e-01
1.650461927350980500e+15,5.215534678811177827e-01
1.650461927352905000e+15,5.215534678811177827e-01
1.650461927354829750e+15,5.215534678811177827e-01
1.650461927356754500e+15,5.215534678811177827e-01
1.650461927358679250e+15,5.215534678811176716e-01
1.650461927360604000e+15,5.215534678811177827e-01
1.650461927362528750e+15,5.215534678811177827e-01
1.650461927364453250e+15,5.215534678811177827e-01
1.650461927366378000e+15,5.215534678811177827e-01
1.650461927368302750e+15,5.215534678811177827e-01
1.650461927370227500e+15,5.215534678811177827e-01
1.650461927372152250e+15,5.215534678811177827e-01
1.650461927374077000e+15,5.215534678811177827e-01
1.650461927376001500e+15,5.215534678811177827e-01
1.650461927377926250e+15,5.215534678811177827e-01
1.650461927379851000e+15,5.215534678811177827e-01
1.650461927381775750e+15,5.215534678811177827e-01
1.650461927383700500e+15,5.215534678811177827e-01
1.650461927385625250e+15,5.215534678811177827e-01
1.650461927387549750e+15,5.215534678811177827e-01
1.650461927389474500e+15,5.215534678811177827e-01
1.650461927391399250e+15,5.215534678811177827e-01
1.650461927393324000e+15,5.215534678811177827e-01
1.650461927395248750e+15,5.215534678811177827e-01
1.650461927397173500e+15,5.215534678811176716e-01
1.650461927399098000e+15,5.215534678811177827e-01
1.650461927401022750e+15,5.215534678811177827e-01
1.650461927402947500e+15,5.215534678811177827e-01
1.650461927404872250e+15,5.215534678811177827e-01
1.650461927406797000e+15,5.215534678811177827e-01
1.650461927408721750e+15,5.215534678811177827e-01
1.650461927410646250e+15,5.215534678811177827e-01
1.650461927412571000e+15,5.215534678811177827e-01
1.650461927414495750e+15,5.215534678811177827e-01
1.650461927416420500e+15,5.211567062756252700e-01
1.650461927418345250e+15,5.203987242407155378e-01
1.650461927420270000e+15,5.196407422058058057e-01
1.650461927422194500e+15,5.188828586229072837e-01
1.650461927424119250e+15,5.181248765879974405e-01
1.650461927426044000e+15,5.173668945530877084e-01
1.650461927427968750e+15,5.166089125181778652e-01
1.650461927429893500e+15,5.158509304832681330e-01
1.650461927431818250e+15,5.156832552821485338e-01
1.650461927433742750e+15,5.163036495295553197e-01
1.650461927435667500e+15,5.169241243685764875e-01
1.650461927437592250e+15,5.175445992075977664e-01
1.650461927439517000e+15,5.181650740466189342e-01
1.650461927441441750e+15,5.187855488856401021e-01
1.650461927443366500e+15,5.194060237246612699e-01
1.650461927445291000e+15,5.200264179720681668e-01
1.650461927447215750e+15,5.206468928110893346e-01
1.650461927449140500e+15,5.212673676501105025e-01
1.650461927451065250e+15,5.215534678811177827e-01
1.650461927452990000e+15,5.215534678811177827e-01
1.650461927454914750e+15,5.215534678811178937e-01
1.650461927456839250e+15,5.215534678811177827e-01
1.650461927458764000e+15,5.215534678811178937e-01
1.650461927460688750e+15,5.215534678811177827e-01
1.650461927462613500e+15,5.215534678811177827e-01
1.650461927464538250e+15,5.215534678811177827e-01
1.650461927466463000e+15,5.215534678811177827e-01
1.650461927468387500e+15,5.215534678811177827e-01
1.650461927470312250e+15,5.215534678811177827e-01
1.650461927472237000e+15,5.215534678811177827e-01
1.650461927474161750e+15,5.215534678811177827e-01
1.650461927476086500e+15,5.215534678811177827e-01
1.650461927478011250e+15,5.215534678811177827e-01
1.650461927479935750e+15,5.215534678811177827e-01
1.650461927481860500e+15,5.215534678811177827e-01
1.650461927483785250e+15,5.215534678811177827e-01
1.650461927485710000e+15,5.215534678811177827e-01
1.650461927487634750e+15,5.215534678811178937e-01
1.650461927489559500e+15,5.215534678811177827e-01
1.650461927491484000e+15,5.215534678811177827e-01
1.650461927493408750e+15,5.215534678811177827e-01
1.650461927495333500e+15,5.215534678811177827e-01
1.650461927497258250e+15,5.215534678811177827e-01
1.650461927499183000e+15,5.215534678811177827e-01
1.650461927501107750e+15,5.215534678811177827e-01
1.650461927503032250e+15,5.215534678811177827e-01
1.650461927504957000e+15,5.215534678811177827e-01
1.650461927506881750e+15,5.215534678811177827e-01
1.650461927508806500e+15,5.215534678811177827e-01
1.650461927510731250e+15,5.215534678811177827e-01
1.650461927512656000e+15,5.215534678811177827e-01
1.650461927514580500e+15,5.215534678811177827e-01
1.650461927516505250e+15,5.215534678811177827e-01
1.650461927518430000e+15,5.214898353252265251e-01
1.650461927520354750e+15,5.205021195030362646e-01
1.650461927522279500e+15,5.195144036808460042e-01
1.650461927524204250e+15,5.185266878586556327e-01
1.650461927526128750e+15,5.175391003279087299e-01
1.650461927528053500e+15,5.165513845057183584e-01
1.650461927529978250e+15,5.155636686835282090e-01
1.650461927531903000e+15,5.154175447295759049e-01
1.650461927533827750e+15,5.154175447295754608e-01
1.650461927535752500e+15,5.154175447295750168e-01
1.650461927537677000e+15,5.154175447295745727e-01
1.650461927539601750e+15,5.154175447295742396e-01
1.650461927541526500e+15,5.154175447295737955e-01
1.650461927543451250e+15,5.154175447295740176e-01
1.650461927545376000e+15,5.154175447295743506e-01
1.650461927547300750e+15,5.154175447295747947e-01
1.650461927549225250e+15,5.154175447295752388e-01
1.650461927551150000e+15,5.154175447295755719e-01
1.650461927553074750e+15,5.154175447295759049e-01
1.650461927554999500e+15,5.154175447295763490e-01
1.650461927556924250e+15,5.154175447295762380e-01
1.650461927558849000e+15,5.154175447295762380e-01
1.650461927560773500e+15,5.154175447295761270e-01
1.650461927562698250e+15,5.154175447295760160e-01
1.650461927564623000e+15,5.154175447295759049e-01
1.650461927566547750e+15,5.154175447295759049e-01
1.650461927568472500e+15,5.154175447295757939e-01
1.650461927570397250e+15,5.154175447295756829e-01
1.650461927572322000e+15,5.154175447295755719e-01
1.650461927574246500e+15,5.154175447295755719e-01
1.650461927576171250e+15,5.154175447295754608e-01
1.650461927578096000e+15,5.154175447295752388e-01
1.650461927580020750e+15,5.154175447295751278e-01
1.650461927581945500e+15,5.154175447295749057e-01
1.650461927583870250e+15,5.154175447295747947e-01
1.650461927585794750e+15,5.154175447295745727e-01
1.650461927587719500e+15,5.154175447295743506e-01
1.650461927589644250e+15,5.154175447295741286e-01
1.650461927591569000e+15,5.154175447295740176e-01
1.650461927593493750e+15,5.154175447295739065e-01
1.650461927595418500e+15,5.154175447295737955e-01
1.650461927597343000e+15,5.154175447295739065e-01
1.650461927599267750e+15,5.154175447295740176e-01
1.650461927601192500e+15,5.154175447295741286e-01
1.650461927603117250e+15,5.154175447295742396e-01
1.650461927605042000e+15,5.154175447295743506e-01
1.650461927606966750e+15,5.154175447295745727e-01
1.650461927608891250e+15,5.154175447295746837e-01
1.650461927610816000e+15,5.154175447295747947e-01
1.650461927612740750e+15,5.154175447295750168e-01
1.650461927614665500e+15,5.154175447295750168e-01
1.650461927616590250e+15,5.154175447295752388e-01
1.650461927618515000e+15,5.154175447295753498e-01
1.650461927620439500e+15,5.154175447295754608e-01
1.650461927622364250e+15,5.154175447295755719e-01
1.650461927624289000e+15,5.154175447295754608e-01
1.650461927626213750e+15,5.154175447295754608e-01
1.650461927628138500e+15,5.154175447295754608e-01
1.650461927630063250e+15,5.154175447295754608e-01
1.650461927631987750e+15,5.154175447295755719e-01
1.650461927633912500e+15,5.154175447295754608e-01
1.650461927635837250e+15,5.154175447295754608e-01
1.650461927637762000e+15,5.154175447295754608e-01
1.650461927639686750e+15,5.154175447295754608e-01
1.650461927641611500e+15,5.154175447295754608e-01
1.650461927643536000e+15,5.154175447295754608e-01
1.650461927645460750e+15,5.154175447295754608e-01
1.650461927647385500e+15,5.154175447295755719e-01
1.650461927649310250e+15,5.154175447295754608e-01
1.650461927651235000e+15,5.154175447295754608e-01
1.650461927653159750e+15,5.154175447295754608e-01
1.650461927655084250e+15,5.154175447295754608e-01
1.650461927657009000e+15,5.154175447295754608e-01
1.650461927658933750e+15,5.154175447295754608e-01
1.650461927660858500e+15,5.154175447295754608e-01
1.650461927662783250e+15,5.154175447295754608e-01
1.650461927664708000e+15,5.154175447295754608e-01
1.650461927666632500e+15,5.154175447295754608e-01
1.650461927668557250e+15,5.154175447295754608e-01
1.650461927670482000e+15,5.154175447295754608e-01
1.650461927672406750e+15,5.154175447295754608e-01
1.650461927674331500e+15,5.154175447295754608e-01
1.650461927676256250e+15,5.154175447295754608e-01
1.650461927678180750e+15,5.154175447295754608e-01
1.650461927680105500e+15,5.154175447295754608e-01
1.650461927682030250e+15,5.154175447295754608e-01
1.650461927683955000e+15,5.154175447295754608e-01
1.650461927685879750e+15,5.154175447295754608e-01
1.650461927687804500e+15,5.154175447295754608e-01
1.650461927689729000e+15,5.154175447295754608e-01
1.650461927691653750e+15,5.154175447295754608e-01
1.650461927693578500e+15,5.154175447295753498e-01
1.650461927695503250e+15,5.154175447295754608e-01
1.650461927697428000e+15,5.154175447295754608e-01
1.650461927699352750e+15,5.154175447295754608e-01
1.650461927701277250e+15,5.154175447295754608e-01
1.650461927703202000e+15,5.154175447295754608e-01
1.650461927705126750e+15,5.154175447295754608e-01
1.650461927707051500e+15,5.154175447295754608e-01
1.650461927708976250e+15,5.154175447295754608e-01
1.650461927710901000e+15,5.154175447295754608e-01
1.650461927712825500e+15,5.154175447295754608e-01
1.650461927714750250e+15,5.154175447295754608e-01
1.650461927716675000e+15,5.155357865822434160e-01
1.650461927718599750e+15,5.163755873421046472e-01
1.650461927720524500e+15,5.172153881019658783e-01
1.650461927722449250e+15,5.180551888618272205e-01
1.650461927724373750e+15,5.188948805424886679e-01
1.650461927726298500e+15,5.197346813023500101e-01
1.650461927728223250e+15,5.205744820622112412e-01
1.650461927730148000e+15,5.214142828220724724e-01
1.650461927732072750e+15,5.215534678811167835e-01
1.650461927733997500e+15,5.215534678811168945e-01
1.650461927735922000e+15,5.215534678811168945e-01
1.650461927737846750e+15,5.215534678811168945e-01
1.650461927739771500e+15,5.215534678811168945e-01
1.650461927741696250e+15,5.215534678811167835e-01
1.650461927743621000e+15,5.215534678811168945e-01
1.650461927745545750e+15,5.228910242998222602e-01
1.650461927747470250e+15,5.242495820661757788e-01
1.650461927749395000e+15,5.256083163144422699e-01
1.650461927751319750e+15,5.269670505627088719e-01
1.650461927753244500e+15,5.276893910326601045e-01
1.650461927755169250e+15,5.276893910326601045e-01
1.650461927757094000e+15,5.276893910326601045e-01
1.650461927759018500e+15,5.276893910326601045e-01
1.650461927760943250e+15,5.276893910326601045e-01
1.650461927762868000e+15,5.276893910326601045e-01
1.650461927764792750e+15,5.276893910326601045e-01
1.650461927766717500e+15,5.276893910326601045e-01
1.650461927768642250e+15,5.276893910326601045e-01
1.650461927770566750e+15,5.276893910326601045e-01
1.650461927772491500e+15,5.276893910326601045e-01
1.650461927774416250e+15,5.271227740215945756e-01
1.650461927776341000e+15,5.263041618301526059e-01
1.650461927778265750e+15,5.254855496387107472e-01
1.650461927780190500e+15,5.246669374472687775e-01
1.650461927782115000e+15,5.238484315829071702e-01
1.650461927784039750e+15,5.230298193914652005e-01
1.650461927785964500e+15,5.222112072000232308e-01
1.650461927787889250e+15,5.220057993822025955e-01
1.650461927789814000e+15,5.243075179723276635e-01
1.650461927791738750e+15,5.266092365624526206e-01
1.650461927793663250e+15,5.289106561892591429e-01
1.650461927795588000e+15,5.312123747793841000e-01
1.650461927797512750e+15,5.335140933695091681e-01
1.650461927799437500e+15,5.358158119596341251e-01
1.650461927801362250e+15,5.381175305497591932e-01
1.650461927803287000e+15,5.404192491398841502e-01
1.650461927805211500e+15,5.427206687666906726e-01
1.650461927807136250e+15,5.450223873568156296e-01
1.650461927809061000e+15,5.444168783288845237e-01
1.650461927810985750e+15,5.412647115799708031e-01
1.650461927812910500e+15,5.381125448310571935e-01
1.650461927814835250e+15,5.349603780821434729e-01
1.650461927816759750e+15,5.318086207587069403e-01
1.650461927818684500e+15,5.286564540097932197e-01
1.650461927820609250e+15,5.301804470086075582e-01
1.650461927822534000e+15,5.337739714528281221e-01
1.650461927824458750e+15,5.373674958970486859e-01
1.650461927826383500e+15,5.409610203412693608e-01
1.650461927828308000e+15,5.445540780333866238e-01
1.650461927830232750e+15,5.481476024776071876e-01
1.650461927832157500e+15,5.517411269218278624e-01
1.650461927834082250e+15,5.512341320183390403e-01
1.650461927836007000e+15,5.500767311867109655e-01
1.650461927837931750e+15,5.489193303550830016e-01
1.650461927839856250e+15,5.477620798547747638e-01
1.650461927841781000e+15,5.466046790231465780e-01
1.650461927843705750e+15,5.467687625681093566e-01
1.650461927845630500e+15,5.479648450155403250e-01
1.650461927847555250e+15,5.491609274629711823e-01
1.650461927849480000e+15,5.503570099104020397e-01
1.650461927851404500e+15,5.515529370022741462e-01
1.650461927853329250e+15,5.518629891821242861e-01
1.650461927855254000e+15,5.510050074831825961e-01
1.650461927857178750e+15,5.501470257842409062e-01
1.650461927859103500e+15,5.492890440852992162e-01
1.650461927861028250e+15,5.484310623863574152e-01
1.650461927862952750e+15,5.475731921280833081e-01
1.650461927864877500e+15,5.467152104291415071e-01
1.650461927866802250e+15,5.460971604872879581e-01
1.650461927868727000e+15,5.460971604872879581e-01
1.650461927870651750e+15,5.460971604872879581e-01
1.650461927872576500e+15,5.460971604872879581e-01
1.650461927874501000e+15,5.460971604872879581e-01
1.650461927876425750e+15,5.460971604872879581e-01
1.650461927878350500e+15,5.460971604872879581e-01
1.650461927880275250e+15,5.460971604872879581e-01
1.650461927882200000e+15,5.460971604872879581e-01
1.650461927884124750e+15,5.460971604872879581e-01
1.650461927886049250e+15,5.460971604872879581e-01
1.650461927887974000e+15,5.460971604872879581e-01
1.650461927889898750e+15,5.460971604872879581e-01
1.650461927891823500e+15,5.460971604872879581e-01
1.650461927893748250e+15,5.460971604872879581e-01
1.650461927895673000e+15,5.460971604872879581e-01
1.650461927897597500e+15,5.460971604872879581e-01
1.650461927899522250e+15,5.460971604872879581e-01
1.650461927901447000e+15,5.460971604872879581e-01
1.650461927903371750e+15,5.460971604872879581e-01
1.650461927905296500e+15,5.460971604872880691e-01
1.650461927907221250e+15,5.460971604872881802e-01
1.650461927909145750e+15,5.460971604872881802e-01
1.650461927911070500e+15,5.460971604872882912e-01
1.650461927912995250e+15,5.460971604872884022e-01
1.650461927914920000e+15,5.460971604872884022e-01
1.650461927916844750e+15,5.460971604872885132e-01
1.650461927918769500e+15,5.460971604872886243e-01
1.650461927920694000e+15,5.460971604872887353e-01
1.650461927922618750e+15,5.460971604872887353e-01
1.650461927924543500e+15,5.460971604872888463e-01
1.650461927926468250e+15,5.460971604872888463e-01
1.650461927928393000e+15,5.460971604872888463e-01
1.650461927930317750e+15,5.460971604872888463e-01
1.650461927932242500e+15,5.460971604872888463e-01
1.650461927934167000e+15,5.460971604872888463e-01
1.650461927936091750e+15,5.460971604872888463e-01
1.650461927938016500e+15,5.460971604872887353e-01
1.650461927939941250e+15,5.460971604872888463e-01
1.650461927941866000e+15,5.460971604872888463e-01
1.650461927943790750e+15,5.460971604872888463e-01
1.650461927945715250e+15,5.460971604872888463e-01
1.650461927947640000e+15,5.460971604872888463e-01
1.650461927949564750e+15,5.460971604872888463e-01
1.650461927951489500e+15,5.460971604872888463e-01
1.650461927953414250e+15,5.460971604872888463e-01
1.650461927955339000e+15,5.460971604872888463e-01
1.650461927957263500e+15,5.460971604872888463e-01
1.650461927959188250e+15,5.460971604872888463e-01
1.650461927961113000e+15,5.460971604872888463e-01
1.650461927963037750e+15,5.460971604872888463e-01
1.650461927964962500e+15,5.460971604872888463e-01
1.650461927966887250e+15,5.460971604872888463e-01
1.650461927968811750e+15,5.460971604872888463e-01
1.650461927970736500e+15,5.460971604872889573e-01
1.650461927972661250e+15,5.460971604872888463e-01
1.650461927974586000e+15,5.460971604872888463e-01
1.650461927976510750e+15,5.460971604872888463e-01
1.650461927978435500e+15,5.460971604872889573e-01
1.650461927980360000e+15,5.460971604872888463e-01
1.650461927982284750e+15,5.460971604872888463e-01
1.650461927984209500e+15,5.460971604872888463e-01
1.650461927986134250e+15,5.460971604872888463e-01
1.650461927988059000e+15,5.460971604872888463e-01
1.650461927989983750e+15,5.460971604872888463e-01
1.650461927991908250e+15,5.460971604872889573e-01
1.650461927993833000e+15,5.460971604872888463e-01
1.650461927995757750e+15,5.460971604872888463e-01
1.650461927997682500e+15,5.460971604872888463e-01
1.650461927999607250e+15,5.460971604872889573e-01
1.650461928001532000e+15,5.460971604872888463e-01
1.650461928003456500e+15,5.460971604872888463e-01
1.650461928005381250e+15,5.460971604872888463e-01
1.650461928007306000e+15,5.460971604872888463e-01
1.650461928009230750e+15,5.460971604872888463e-01
1.650461928011155500e+15,5.460971604872888463e-01
1.650461928013080250e+15,5.460971604872888463e-01
1.650461928015004750e+15,5.460971604872888463e-01
1.650461928016929500e+15,5.460971604872888463e-01
1.650461928018854250e+15,5.460971604872888463e-01
1.650461928020779000e+15,5.460971604872888463e-01
1.650461928022703750e+15,5.460971604872887353e-01
1.650461928024628500e+15,5.460971604872888463e-01
1.650461928026553000e+15,5.460971604872888463e-01
1.650461928028477750e+15,5.460971604872888463e-01
1.650461928030402500e+15,5.460971604872888463e-01
1.650461928032327250e+15,5.460971604872888463e-01
1.650461928034252000e+15,5.460971604872888463e-01
1.650461928036176750e+15,5.460971604872888463e-01
1.650461928038101250e+15,5.460971604872888463e-01
1.650461928040026000e+15,5.460971604872888463e-01
1.650461928041950750e+15,5.460971604872888463e-01
1.650461928043875500e+15,5.460971604872888463e-01
1.650461928045800250e+15,5.460971604872888463e-01
1.650461928047725000e+15,5.460971604872888463e-01
1.650461928049649500e+15,5.460971604872888463e-01
1.650461928051574250e+15,5.460971604872888463e-01
1.650461928053499000e+15,5.460971604872888463e-01
1.650461928055423750e+15,5.460971604872888463e-01
1.650461928057348500e+15,5.460971604872888463e-01
1.650461928059273250e+15,5.460971604872888463e-01
1.650461928061197750e+15,5.460971604872888463e-01
1.650461928063122500e+15,5.460971604872888463e-01
1.650461928065047250e+15,5.460971604872888463e-01
1.650461928066972000e+15,5.460971604872888463e-01
1.650461928068896750e+15,5.460971604872888463e-01
1.650461928070821500e+15,5.460971604872887353e-01
1.650461928072746000e+15,5.460971604872888463e-01
1.650461928074670750e+15,5.460971604872888463e-01
1.650461928076595500e+15,5.460971604872887353e-01
1.650461928078520250e+15,5.460971604872888463e-01
1.650461928080445000e+15,5.460971604872888463e-01
1.650461928082369750e+15,5.460971604872888463e-01
1.650461928084294250e+15,5.460971604872888463e-01
1.650461928086219000e+15,5.460971604872888463e-01
1.650461928088143750e+15,5.460971604872887353e-01
1.650461928090068500e+15,5.460971604872888463e-01
1.650461928091993250e+15,5.460971604872887353e-01
1.650461928093918000e+15,5.460971604872888463e-01
1.650461928095842500e+15,5.460971604872888463e-01
1.650461928097767250e+15,5.460971604872888463e-01
1.650461928099692000e+15,5.460971604872888463e-01
1.650461928101616750e+15,5.460971604872888463e-01
1.650461928103541500e+15,5.460971604872888463e-01
1.650461928105466250e+15,5.460971604872888463e-01
1.650461928107390750e+15,5.460971604872888463e-01
1.650461928109315500e+15,5.460971604872888463e-01
1.650461928111240250e+15,5.460971604872888463e-01
1.650461928113165000e+15,5.460971604872888463e-01
1.650461928115089750e+15,5.460971604872888463e-01
1.650461928117014500e+15,5.460971604872888463e-01
1.650461928118939000e+15,5.460971604872888463e-01
1.650461928120863750e+15,5.460971604872888463e-01
1.650461928122788500e+15,5.460971604872888463e-01
1.650461928124713250e+15,5.460971604872888463e-01
1.650461928126638000e+15,5.460971604872888463e-01
1.650461928128562750e+15,5.460971604872888463e-01
1.650461928130487250e+15,5.460971604872888463e-01
1.650461928132412000e+15,5.460971604872888463e-01
1.650461928134336750e+15,5.460971604872888463e-01
1.650461928136261500e+15,5.460971604872888463e-01
1.650461928138186250e+15,5.460971604872888463e-01
1.650461928140111000e+15,5.460971604872888463e-01
1.650461928142035500e+15,5.460971604872888463e-01
1.650461928143960250e+15,5.460971604872888463e-01
1.650461928145885000e+15,5.460971604872888463e-01
1.650461928147809750e+15,5.460971604872888463e-01
1.650461928149734500e+15,5.460971604872888463e-01
1.650461928151659250e+15,5.460971604872888463e-01
1.650461928153583750e+15,5.460971604872887353e-01
1.650461928155508500e+15,5.460971604872888463e-01
1.650461928157433250e+15,5.460971604872888463e-01
1.650461928159358000e+15,5.460971604872888463e-01
1.650461928161282750e+15,5.460971604872888463e-01
1.650461928163207500e+15,5.460971604872888463e-01
1.650461928165132000e+15,5.460971604872888463e-01
1.650461928167056750e+15,5.460971604872888463e-01
1.650461928168981500e+15,5.460971604872888463e-01
1.650461928170906250e+15,5.460971604872888463e-01
1.650461928172831000e+15,5.460971604872888463e-01
1.650461928174755750e+15,5.460971604872888463e-01
1.650461928176680250e+15,5.460971604872888463e-01
1.650461928178605000e+15,5.460971604872888463e-01
1.650461928180529750e+15,5.460971604872888463e-01
1.650461928182454500e+15,5.460971604872888463e-01
1.650461928184379250e+15,5.460971604872888463e-01
1.650461928186304000e+15,5.460971604872888463e-01
1.650461928188228500e+15,5.460971604872888463e-01
1.650461928190153250e+15,5.460971604872888463e-01
1.650461928192078000e+15,5.460971604872888463e-01
1.650461928194002750e+15,5.460971604872888463e-01
1.650461928195927500e+15,5.460971604872887353e-01
1.650461928197852250e+15,5.460971604872888463e-01
1.650461928199776750e+15,5.460971604872888463e-01
1.650461928201701500e+15,5.460971604872888463e-01
1.650461928203626250e+15,5.460971604872888463e-01
1.650461928205551000e+15,5.460971604872888463e-01
1.650461928207475750e+15,5.461336615961706054e-01
1.650461928209400500e+15,5.466474130354402883e-01
1.650461928211325000e+15,5.471610977450774849e-01
1.650461928213249750e+15,5.476748491843470568e-01
1.650461928215174500e+15,5.481886006236166287e-01
1.650461928217099250e+15,5.487023520628862006e-01
1.650461928219024000e+15,5.492161035021558835e-01
1.650461928220948750e+15,5.497298549414254554e-01
1.650461928222873250e+15,5.502435396510627630e-01
1.650461928224798000e+15,5.507572910903322239e-01
1.650461928226722750e+15,5.512710425296019068e-01
1.650461928228647500e+15,5.517847939688713677e-01
1.650461928230572250e+15,5.522330836388302799e-01
1.650461928232497000e+15,5.522330836388302799e-01
1.650461928234421500e+15,5.522330836388302799e-01
1.650461928236346250e+15,5.522330836388302799e-01
1.650461928238271000e+15,5.522330836388302799e-01
1.650461928240195750e+15,5.522330836388302799e-01
1.650461928242120500e+15,5.522330836388302799e-01
1.650461928244045250e+15,5.522330836388302799e-01
1.650461928245969750e+15,5.522330836388302799e-01
1.650461928247894500e+15,5.522330836388305020e-01
1.650461928249819250e+15,5.522330836388306130e-01
1.650461928251744000e+15,5.522330836388307240e-01
1.650461928253668750e+15,5.522330836388307240e-01
1.650461928255593500e+15,5.522330836388308350e-01
1.650461928257518000e+15,5.522330836388309461e-01
1.650461928259442750e+15,5.522330836388310571e-01
1.650461928261367500e+15,5.522330836388311681e-01
1.650461928263292250e+15,5.522330836388311681e-01
1.650461928265217000e+15,5.522330836388311681e-01
1.650461928267141750e+15,5.522330836388311681e-01
1.650461928269066250e+15,5.522330836388311681e-01
1.650461928270991000e+15,5.522330836388311681e-01
1.650461928272915750e+15,5.522330836388311681e-01
1.650461928274840500e+15,5.522330836388311681e-01
1.650461928276765250e+15,5.522330836388311681e-01
1.650461928278690000e+15,5.522330836388311681e-01
1.650461928280614750e+15,5.522330836388311681e-01
1.650461928282539250e+15,5.522330836388311681e-01
1.650461928284464000e+15,5.523513544529371488e-01
1.650461928286388750e+15,5.531529099087491019e-01
1.650461928288313500e+15,5.539544653645609440e-01
1.650461928290238250e+15,5.547560208203728971e-01
1.650461928292163000e+15,5.555575762761848502e-01
1.650461928294087500e+15,5.563590276203645990e-01
1.650461928296012250e+15,5.571605830761765521e-01
1.650461928297937000e+15,5.579621385319883942e-01
1.650461928299861750e+15,5.589464964792395518e-01
1.650461928301786500e+15,5.601192986724796707e-01
1.650461928303711250e+15,5.612921008657197897e-01
1.650461928305635750e+15,5.624647507272033664e-01
1.650461928307560500e+15,5.636375529204434853e-01
1.650461928309485250e+15,5.645049299419149236e-01
1.650461928311410000e+15,5.645049299419149236e-01
1.650461928313334750e+15,5.645049299419149236e-01
1.650461928315259500e+15,5.645049299419149236e-01
1.650461928317184000e+15,5.645049299419149236e-01
1.650461928319108750e+15,5.645049299419149236e-01
1.650461928321033500e+15,5.645049299419149236e-01
1.650461928322958250e+15,5.645049299419149236e-01
1.650461928324883000e+15,5.645049299419149236e-01
1.650461928326807750e+15,5.645049299419149236e-01
1.650461928328732250e+15,5.645049299419149236e-01
1.650461928330657000e+15,5.645049299419149236e-01
1.650461928332581750e+15,5.645049299419149236e-01
1.650461928334506500e+15,5.645049299419148126e-01
1.650461928336431250e+15,5.645049299419151456e-01
1.650461928338356000e+15,5.645049299419152566e-01
1.650461928340280500e+15,5.645049299419154787e-01
1.650461928342205250e+15,5.645049299419155897e-01
1.650461928344130000e+15,5.646704296509854615e-01
1.650461928346054750e+15,5.654956772287880185e-01
1.650461928347979500e+15,5.663209248065905754e-01
1.650461928349904250e+15,5.671461723843932434e-01
1.650461928351828750e+15,5.679713127732650690e-01
1.650461928353753500e+15,5.687965603510676260e-01
1.650461928355678250e+15,5.696218079288701830e-01
1.650461928357603000e+15,5.704470555066727400e-01
1.650461928359527750e+15,5.701304215061661074e-01
1.650461928361452500e+15,5.694633339504762137e-01
1.650461928363377000e+15,5.687963330407865836e-01
1.650461928365301750e+15,5.681292454850968010e-01
1.650461928367226500e+15,5.674621579294070184e-01
1.650461928369151250e+15,5.667950703737171247e-01
1.650461928371076000e+15,5.661279828180272311e-01
1.650461928373000750e+15,5.654608952623374485e-01
1.650461928374925250e+15,5.647938943526478184e-01
1.650461928376850000e+15,5.650215046898388049e-01
1.650461928378774750e+15,5.659328495533262338e-01
1.650461928380699500e+15,5.668441944168134405e-01
1.650461928382624250e+15,5.677555392803008694e-01
1.650461928384549000e+15,5.686668841437882982e-01
1.650461928386473500e+15,5.695781106354269596e-01
1.650461928388398250e+15,5.704894554989142774e-01
1.650461928390323000e+15,5.706408530934589107e-01
1.650461928392247750e+15,5.706408530934589107e-01
1.650461928394172500e+15,5.706408530934587997e-01
1.650461928396097250e+15,5.706408530934586887e-01
1.650461928398021750e+15,5.706408530934585777e-01
1.650461928399946500e+15,5.706408530934585777e-01
1.650461928401871250e+15,5.706408530934584666e-01
1.650461928403796000e+15,5.706408530934583556e-01
1.650461928405720750e+15,5.706408530934582446e-01
1.650461928407645500e+15,5.706408530934581336e-01
1.650461928409570000e+15,5.706408530934581336e-01
1.650461928411494750e+15,5.706408530934583556e-01
1.650461928413419500e+15,5.706408530934584666e-01
1.650461928415344250e+15,5.706408530934585777e-01
1.650461928417269000e+15,5.706408530934586887e-01
1.650461928419193750e+15,5.706408530934587997e-01
1.650461928421118250e+15,5.706408530934589107e-01
1.650461928423043000e+15,5.706408530934591328e-01
1.650461928424967750e+15,5.706408530934590217e-01
1.650461928426892500e+15,5.706408530934589107e-01
1.650461928428817250e+15,5.706408530934587997e-01
1.650461928430742000e+15,5.706408530934586887e-01
1.650461928432666500e+15,5.706408530934585777e-01
1.650461928434591250e+15,5.706408530934585777e-01
1.650461928436516000e+15,5.706408530934583556e-01
1.650461928438440750e+15,5.706408530934583556e-01
1.650461928440365500e+15,5.706408530934583556e-01
1.650461928442290250e+15,5.706408530934582446e-01
1.650461928444214750e+15,5.706408530934581336e-01
1.650461928446139500e+15,5.706408530934581336e-01
1.650461928448064250e+15,5.706408530934581336e-01
1.650461928449989000e+15,5.706408530934581336e-01
1.650461928451913750e+15,5.706408530934581336e-01
1.650461928453838500e+15,5.706408530934582446e-01
1.650461928455763000e+15,5.706408530934581336e-01
1.650461928457687750e+15,5.706408530934581336e-01
1.650461928459612500e+15,5.706408530934581336e-01
1.650461928461537250e+15,5.706408530934581336e-01
1.650461928463462000e+15,5.706408530934581336e-01
1.650461928465386750e+15,5.706408530934581336e-01
1.650461928467311250e+15,5.706408530934581336e-01
1.650461928469236000e+15,5.706408530934581336e-01
1.650461928471160750e+15,5.706408530934581336e-01
1.650461928473085500e+15,5.706408530934581336e-01
1.650461928475010250e+15,5.706408530934581336e-01
1.650461928476935000e+15,5.706408530934581336e-01
1.650461928478859500e+15,5.706408530934581336e-01
1.650461928480784250e+15,5.706408530934581336e-01
1.650461928482709000e+15,5.706408530934581336e-01
1.650461928484633750e+15,5.706408530934581336e-01
1.650461928486558500e+15,5.706408530934581336e-01
1.650461928488483250e+15,5.706408530934581336e-01
1.650461928490407750e+15,5.706408530934581336e-01
1.650461928492332500e+15,5.706408530934581336e-01
1.650461928494257250e+15,5.706408530934581336e-01
1.650461928496182000e+15,5.706408530934581336e-01
1.650461928498106750e+15,5.706408530934581336e-01
1.650461928500031500e+15,5.706408530934581336e-01
1.650461928501956000e+15,5.706408530934581336e-01
1.650461928503880750e+15,5.706408530934581336e-01
1.650461928505805500e+15,5.706408530934581336e-01
1.650461928507730250e+15,5.706408530934581336e-01
1.650461928509655000e+15,5.706408530934581336e-01
1.650461928511579750e+15,5.706408530934581336e-01
1.650461928513504250e+15,5.706408530934581336e-01
1.650461928515429000e+15,5.706408530934581336e-01
1.650461928517353750e+15,5.706408530934581336e-01
1.650461928519278500e+15,5.706408530934581336e-01
1.650461928521203250e+15,5.706408530934581336e-01
1.650461928523128000e+15,5.706408530934581336e-01
1.650461928525052500e+15,5.706408530934581336e-01
1.650461928526977250e+15,5.706408530934581336e-01
1.650461928528902000e+15,5.706408530934581336e-01
1.650461928530826750e+15,5.706408530934581336e-01
1.650461928532751500e+15,5.706408530934581336e-01
1.650461928534676250e+15,5.706408530934581336e-01
1.650461928536600750e+15,5.706408530934581336e-01
1.650461928538525500e+15,5.706408530934581336e-01
1.650461928540450250e+15,5.706408530934581336e-01
1.650461928542375000e+15,5.706408530934581336e-01
1.650461928544299750e+15,5.706408530934581336e-01
1.650461928546224500e+15,5.706408530934582446e-01
1.650461928548149000e+15,5.706408530934581336e-01
1.650461928550073750e+15,5.706408530934581336e-01
1.650461928551998500e+15,5.706408530934581336e-01
1.650461928553923250e+15,5.706408530934581336e-01
1.650461928555848000e+15,5.706408530934581336e-01
1.650461928557772750e+15,5.706408530934581336e-01
1.650461928559697250e+15,5.706408530934581336e-01
1.650461928561622000e+15,5.706408530934581336e-01
1.650461928563546750e+15,5.706408530934581336e-01
1.650461928565471500e+15,5.706408530934581336e-01
1.650461928567396250e+15,5.706408530934581336e-01
1.650461928569321000e+15,5.706408530934581336e-01
1.650461928571245500e+15,5.706408530934581336e-01
1.650461928573170250e+15,5.706408530934581336e-01
1.650461928575095000e+15,5.706408530934581336e-01
1.650461928577019750e+15,5.706408530934581336e-01
1.650461928578944500e+15,5.706408530934581336e-01
1.650461928580869250e+15,5.706408530934581336e-01
1.650461928582793750e+15,5.706408530934581336e-01
1.650461928584718500e+15,5.706408530934581336e-01
1.650461928586643250e+15,5.706408530934581336e-01
1.650461928588568000e+15,5.706408530934581336e-01
1.650461928590492750e+15,5.706408530934581336e-01
1.650461928592417500e+15,5.706408530934581336e-01
1.650461928594342000e+15,5.706408530934582446e-01
1.650461928596266750e+15,5.706408530934581336e-01
1.650461928598191500e+15,5.706408530934581336e-01
1.650461928600116250e+15,5.706408530934581336e-01
1.650461928602041000e+15,5.706408530934581336e-01
1.650461928603965750e+15,5.706408530934581336e-01
1.650461928605890250e+15,5.706408530934581336e-01
1.650461928607815000e+15,5.706408530934581336e-01
1.650461928609739750e+15,5.706408530934581336e-01
1.650461928611664500e+15,5.706408530934581336e-01
1.650461928613589250e+15,5.706408530934581336e-01
1.650461928615514000e+15,5.706408530934581336e-01
1.650461928617438500e+15,5.706408530934581336e-01
1.650461928619363250e+15,5.706408530934581336e-01
1.650461928621288000e+15,5.706408530934581336e-01
1.650461928623212750e+15,5.706408530934581336e-01
1.650461928625137500e+15,5.706408530934581336e-01
1.650461928627062250e+15,5.706408530934581336e-01
1.650461928628986750e+15,5.706408530934582446e-01
1.650461928630911500e+15,5.706408530934581336e-01
1.650461928632836250e+15,5.706408530934581336e-01
1.650461928634761000e+15,5.706408530934581336e-01
1.650461928636685750e+15,5.706408530934581336e-01
1.650461928638610500e+15,5.706408530934581336e-01
1.650461928640535250e+15,5.706408530934581336e-01
1.650461928642459750e+15,5.706408530934581336e-01
1.650461928644384500e+15,5.706408530934581336e-01
1.650461928646309250e+15,5.706408530934581336e-01
1.650461928648234000e+15,5.706408530934581336e-01
1.650461928650158750e+15,5.706408530934581336e-01
1.650461928652083500e+15,5.706408530934581336e-01
1.650461928654008000e+15,5.706408530934581336e-01
1.650461928655932750e+15,5.706408530934581336e-01
1.650461928657857500e+15,5.706408530934581336e-01
1.650461928659782250e+15,5.706408530934581336e-01
1.650461928661707000e+15,5.706408530934581336e-01
1.650461928663631750e+15,5.706408530934581336e-01
1.650461928665556250e+15,5.706408530934581336e-01
1.650461928667481000e+15,5.706408530934581336e-01
1.650461928669405750e+15,5.706408530934581336e-01
1.650461928671330500e+15,5.706408530934581336e-01
1.650461928673255250e+15,5.706408530934581336e-01
1.650461928675180000e+15,5.706408530934581336e-01
1.650461928677104500e+15,5.706408530934581336e-01
1.650461928679029250e+15,5.706408530934581336e-01
1.650461928680954000e+15,5.706408530934582446e-01
1.650461928682878750e+15,5.706408530934581336e-01
1.650461928684803500e+15,5.706408530934579115e-01
1.650461928686728250e+15,5.706408530934579115e-01
1.650461928688652750e+15,5.706408530934576895e-01
1.650461928690577500e+15,5.706408530934575785e-01
1.650461928692502250e+15,5.706408530934574674e-01
1.650461928694427000e+15,5.706408530934573564e-01
1.650461928696351750e+15,5.706408530934572454e-01
1.650461928698276500e+15,5.706408530934574674e-01
1.650461928700201000e+15,5.706408530934574674e-01
1.650461928702125750e+15,5.706408530934575785e-01
1.650461928704050500e+15,5.706408530934576895e-01
1.650461928705975250e+15,5.706408530934578005e-01
1.650461928707900000e+15,5.706408530934578005e-01
1.650461928709824750e+15,5.706408530934579115e-01
1.650461928711749250e+15,5.706408530934580225e-01
1.650461928713674000e+15,5.706408530934581336e-01
1.650461928715598750e+15,5.703475035689190564e-01
1.650461928717523500e+15,5.694565773403486020e-01
1.650461928719448250e+15,5.685656511117780365e-01
1.650461928721373000e+15,5.676747248832074710e-01
1.650461928723297500e+15,5.667839143743704788e-01
1.650461928725222250e+15,5.658929881457999134e-01
1.650461928727147000e+15,5.650020619172293479e-01
1.650461928729071750e+15,5.654744946932483973e-01
1.650461928730996500e+15,5.676680530301597694e-01
1.650461928732921250e+15,5.698616113670711414e-01
1.650461928734845750e+15,5.720548847892745759e-01
1.650461928736770500e+15,5.742484431261860589e-01
1.650461928738695250e+15,5.764420014630974309e-01
1.650461928740620000e+15,5.774671998848877053e-01
1.650461928742544750e+15,5.782819717431789686e-01
1.650461928744469500e+15,5.790967436014701208e-01
1.650461928746394000e+15,5.799114096314903488e-01
1.650461928748318750e+15,5.807261814897816121e-01
1.650461928750243500e+15,5.815409533480727644e-01
1.650461928752168250e+15,5.823557252063640277e-01
1.650461928754093000e+15,5.832493156652833743e-01
1.650461928756017750e+15,5.843131944226865881e-01
1.650461928757942250e+15,5.853769349960713519e-01
1.650461928759867000e+15,5.864408137534745658e-01
1.650461928761791750e+15,5.875046925108777796e-01
1.650461928763716500e+15,5.885685712682808823e-01
1.650461928765641250e+15,5.890486225480859872e-01
1.650461928767566000e+15,5.890486225480859872e-01
1.650461928769490500e+15,5.890486225480859872e-01
1.650461928771415250e+15,5.890486225480859872e-01
1.650461928773340000e+15,5.890486225480859872e-01
1.650461928775264750e+15,5.890486225480859872e-01
1.650461928777189500e+15,5.890486225480859872e-01
1.650461928779114250e+15,5.890486225480859872e-01
1.650461928781038750e+15,5.890486225480859872e-01
1.650461928782963500e+15,5.890486225480859872e-01
1.650461928784888250e+15,5.890486225480860982e-01
1.650461928786813000e+15,5.889962947132497684e-01
1.650461928788737750e+15,5.877528626132357825e-01
1.650461928790662500e+15,5.865094305132216856e-01
1.650461928792587000e+15,5.852661599188707653e-01
1.650461928794511750e+15,5.840227278188568905e-01
1.650461928796436500e+15,5.831135025868429134e-01
1.650461928798361250e+15,5.849851536305722410e-01
1.650461928800286000e+15,5.868568046743014577e-01
1.650461928802210750e+15,5.887284557180307853e-01
1.650461928804135250e+15,5.905998636586241579e-01
1.650461928806060000e+15,5.924715147023534856e-01
1.650461928807984750e+15,5.943431657460829243e-01
1.650461928809909500e+15,5.945086947193746196e-01
1.650461928811834250e+15,5.932809040877151663e-01
1.650461928813759000e+15,5.920531134560556019e-01
1.650461928815683500e+15,5.908254822984357890e-01
1.650461928817608250e+15,5.895976916667762247e-01
1.650461928819533000e+15,5.890486225480850990e-01
1.650461928821457750e+15,5.890486225480850990e-01
1.650461928823382500e+15,5.890486225480850990e-01
1.650461928825307250e+15,5.890486225480850990e-01
1.650461928827231750e+15,5.890486225480850990e-01
1.650461928829156500e+15,5.890486225480849880e-01
1.650461928831081250e+15,5.890486225480852100e-01
1.650461928833006000e+15,5.890486225480853211e-01
1.650461928834930750e+15,5.890486225480855431e-01
1.650461928836855500e+15,5.890486225480857652e-01
1.650461928838780000e+15,5.890486225480858762e-01
1.650461928840704750e+15,5.893639631303542181e-01
1.650461928842629500e+15,5.902227558940199570e-01
1.650461928844554250e+15,5.910815486576855848e-01
1.650461928846479000e+15,5.919403414213514347e-01
1.650461928848403750e+15,5.927991341850170626e-01
1.650461928850328250e+15,5.936578154026685983e-01
1.650461928852253000e+15,5.945166081663343371e-01
1.650461928854177750e+15,5.949428215213199422e-01
1.650461928856102500e+15,5.938551333572077429e-01
1.650461928858027250e+15,5.927674451930954325e-01
1.650461928859952000e+15,5.916797570289831221e-01
1.650461928861876500e+15,5.905922101414216030e-01
1.650461928863801250e+15,5.895045219773092926e-01
1.650461928865726000e+15,5.890486225480858762e-01
1.650461928867650750e+15,5.890486225480858762e-01
1.650461928869575500e+15,5.890486225480859872e-01
1.650461928871500250e+15,5.890486225480859872e-01
1.650461928873424750e+15,5.890486225480859872e-01
1.650461928875349500e+15,5.890486225480859872e-01
1.650461928877274250e+15,5.890486225480859872e-01
1.650461928879199000e+15,5.890486225480859872e-01
1.650461928881123750e+15,5.890486225480859872e-01
1.650461928883048500e+15,5.890486225480859872e-01
1.650461928884973000e+15,5.890486225480859872e-01
1.650461928886897750e+15,5.890486225480859872e-01
1.650461928888822500e+15,5.890486225480859872e-01
1.650461928890747250e+15,5.890486225480860982e-01
1.650461928892672000e+15,5.890486225480859872e-01
1.650461928894596750e+15,5.890486225480859872e-01
1.650461928896521250e+15,5.890486225480859872e-01
1.650461928898446000e+15,5.890486225480859872e-01
1.650461928900370750e+15,5.890486225480859872e-01
1.650461928902295500e+15,5.890486225480859872e-01
1.650461928904220250e+15,5.890486225480859872e-01
1.650461928906145000e+15,5.890486225480859872e-01
1.650461928908069500e+15,5.890486225480859872e-01
1.650461928909994250e+15,5.890486225480859872e-01
1.650461928911919000e+15,5.890486225480859872e-01
1.650461928913843750e+15,5.890486225480859872e-01
1.650461928915768500e+15,5.890486225480859872e-01
1.650461928917693250e+15,5.890486225480859872e-01
1.650461928919617750e+15,5.890486225480860982e-01
1.650461928921542500e+15,5.890486225480859872e-01
1.650461928923467250e+15,5.890486225480860982e-01
1.650461928925392000e+15,5.890486225480859872e-01
1.650461928927316750e+15,5.890486225480859872e-01
1.650461928929241500e+15,5.890486225480859872e-01
1.650461928931166000e+15,5.890486225480859872e-01
1.650461928933090750e+15,5.890486225480859872e-01
1.650461928935015500e+15,5.890486225480859872e-01
1.650461928936940250e+15,5.890486225480863203e-01
1.650461928938865000e+15,5.890486225480865423e-01
1.650461928940789750e+15,5.890486225480868754e-01
1.650461928942714250e+15,5.890486225480872085e-01
1.650461928944639000e+15,5.890486225480875415e-01
1.650461928946563750e+15,5.890486225480877636e-01
1.650461928948488500e+15,5.890486225480877636e-01
1.650461928950413250e+15,5.890486225480877636e-01
1.650461928952338000e+15,5.890486225480877636e-01
1.650461928954262500e+15,5.890486225480877636e-01
1.650461928956187250e+15,5.890486225480878746e-01
1.650461928958112000e+15,5.890486225480877636e-01
1.650461928960036750e+15,5.890486225480877636e-01
1.650461928961961500e+15,5.890486225480877636e-01
1.650461928963886250e+15,5.890486225480878746e-01
1.650461928965810750e+15,5.890486225480877636e-01
1.650461928967735500e+15,5.890486225480877636e-01
1.650461928969660250e+15,5.890486225480877636e-01
1.650461928971585000e+15,5.890486225480877636e-01
1.650461928973509750e+15,5.890486225480877636e-01
1.650461928975434500e+15,5.890486225480877636e-01
1.650461928977359000e+15,5.890486225480878746e-01
1.650461928979283750e+15,5.890486225480878746e-01
1.650461928981208500e+15,5.890486225480877636e-01
1.650461928983133250e+15,5.890486225480877636e-01
1.650461928985058000e+15,5.890486225480877636e-01
1.650461928986982750e+15,5.890486225480877636e-01
1.650461928988907500e+15,5.890486225480877636e-01
1.650461928990832000e+15,5.887148531672954377e-01
1.650461928992756750e+15,5.882168511396363986e-01
1.650461928994681500e+15,5.877188491119774705e-01
1.650461928996606250e+15,5.872208470843185424e-01
1.650461928998531000e+15,5.867228450566595033e-01
1.650461929000455750e+15,5.862248430290004642e-01
1.650461929002380250e+15,5.857269056853300349e-01
1.650461929004305000e+15,5.852289036576711068e-01
1.650461929006229750e+15,5.847309016300120676e-01
1.650461929008154500e+15,5.842328996023531396e-01
1.650461929010079250e+15,5.837348975746941004e-01
1.650461929012004000e+15,5.832368955470351723e-01
1.650461929013928500e+15,5.832398869131220076e-01
1.650461929015853250e+15,5.841777188900876272e-01
1.650461929017778000e+15,5.851155508670531358e-01
1.650461929019702750e+15,5.860533828440187554e-01
1.650461929021627500e+15,5.869912148209843750e-01
1.650461929023552250e+15,5.879290467979499946e-01
1.650461929025476750e+15,5.888667569627351606e-01
1.650461929027401500e+15,5.899813045084671970e-01
1.650461929029326250e+15,5.911383651615420565e-01
1.650461929031251000e+15,5.922954258146169160e-01
1.650461929033175750e+15,5.934524864676916645e-01
1.650461929035100500e+15,5.946095471207665240e-01
1.650461929037025000e+15,5.956884545492679983e-01
1.650461929038949750e+15,5.966904158698695948e-01
1.650461929040874500e+15,5.976923771904711913e-01
1.650461929042799250e+15,5.986943385110727878e-01
1.650461929044724000e+15,5.996962998316743843e-01
1.650461929046648750e+15,6.006982611522759807e-01
1.650461929048573250e+15,6.013204688511714080e-01
1.650461929050498000e+15,6.013204688511714080e-01
1.650461929052422750e+15,6.013204688511712970e-01
1.650461929054347500e+15,6.013204688511712970e-01
1.650461929056272250e+15,6.013204688511711860e-01
1.650461929058197000e+15,6.013204688511710749e-01
1.650461929060121500e+15,6.013204688511709639e-01
1.650461929062046250e+15,6.013204688511709639e-01
1.650461929063971000e+15,6.013204688511708529e-01
1.650461929065895750e+15,6.013204688511707419e-01
1.650461929067820500e+15,6.013204688511707419e-01
1.650461929069745250e+15,6.013204688511707419e-01
1.650461929071669750e+15,6.013204688511706308e-01
1.650461929073594500e+15,6.013204688511707419e-01
1.650461929075519250e+15,6.013204688511706308e-01
1.650461929077444000e+15,6.013204688511707419e-01
1.650461929079368750e+15,6.013204688511706308e-01
1.650461929081293500e+15,6.013204688511707419e-01
1.650461929083218000e+15,6.013204688511706308e-01
1.650461929085142750e+15,6.013204688511706308e-01
1.650461929087067500e+15,6.013204688511706308e-01
1.650461929088992250e+15,6.013204688511706308e-01
1.650461929090917000e+15,6.013204688511707419e-01
1.650461929092841750e+15,6.013204688511707419e-01
1.650461929094766250e+15,6.013204688511707419e-01
1.650461929096691000e+15,6.013204688511706308e-01
1.650461929098615750e+15,6.013204688511706308e-01
1.650461929100540500e+15,6.013204688511706308e-01
1.650461929102465250e+15,6.013204688511706308e-01
1.650461929104390000e+15,6.013204688511706308e-01
1.650461929106314500e+15,6.013204688511708529e-01
1.650461929108239250e+15,6.013204688511709639e-01
1.650461929110164000e+15,6.013204688511710749e-01
1.650461929112088750e+15,6.013204688511711860e-01
1.650461929114013500e+15,6.013204688511712970e-01
1.650461929115938250e+15,6.013204688511715190e-01
1.650461929117862750e+15,6.013204688511715190e-01
1.650461929119787500e+15,6.013204688511715190e-01
1.650461929121712250e+15,6.013204688511715190e-01
1.650461929123637000e+15,6.013204688511715190e-01
1.650461929125561750e+15,6.013204688511714080e-01
1.650461929127486500e+15,6.013204688511712970e-01
1.650461929129411000e+15,6.013204688511712970e-01
1.650461929131335750e+15,6.013204688511710749e-01
1.650461929133260500e+15,6.013204688511709639e-01
1.650461929135185250e+15,6.013204688511708529e-01
1.650461929137110000e+15,6.013204688511707419e-01
1.650461929139034750e+15,6.013204688511706308e-01
1.650461929140959250e+15,6.013204688511707419e-01
1.650461929142884000e+15,6.013204688511707419e-01
1.650461929144808750e+15,6.013204688511708529e-01
1.650461929146733500e+15,6.013204688511708529e-01
1.650461929148658250e+15,6.013204688511710749e-01
1.650461929150583000e+15,6.013204688511710749e-01
1.650461929152507500e+15,6.013204688511710749e-01
1.650461929154432250e+15,6.013204688511711860e-01
1.650461929156357000e+15,6.013204688511712970e-01
1.650461929158281750e+15,6.013204688511714080e-01
1.650461929160206500e+15,6.013204688511714080e-01
1.650461929162131250e+15,6.013204688511715190e-01
1.650461929164055750e+15,6.013204688511716300e-01
1.650461929165980500e+15,6.013204688511717411e-01
1.650461929167905250e+15,6.013204688511718521e-01
1.650461929169830000e+15,6.013204688511719631e-01
1.650461929171754750e+15,6.013204688511720741e-01
1.650461929173679500e+15,6.013204688511721852e-01
1.650461929175604000e+15,6.013204688511722962e-01
1.650461929177528750e+15,6.013204688511725182e-01
1.650461929179453500e+15,6.013204688511724072e-01
1.650461929181378250e+15,6.013204688511724072e-01
1.650461929183303000e+15,6.013204688511724072e-01
1.650461929185227750e+15,6.013204688511724072e-01
1.650461929187152250e+15,6.013204688511722962e-01
1.650461929189077000e+15,6.013204688511721852e-01
1.650461929191001750e+15,6.013204688511719631e-01
1.650461929192926500e+15,6.013204688511718521e-01
1.650461929194851250e+15,6.013204688511717411e-01
1.650461929196776000e+15,6.013204688511716300e-01
1.650461929198700500e+15,6.013204688511715190e-01
1.650461929200625250e+15,6.013204688511715190e-01
1.650461929202550000e+15,6.013204688511715190e-01
1.650461929204474750e+15,6.013204688511715190e-01
1.650461929206399500e+15,6.013204688511714080e-01
1.650461929208324250e+15,6.013204688511715190e-01
1.650461929210248750e+15,6.013204688511715190e-01
1.650461929212173500e+15,6.013204688511715190e-01
1.650461929214098250e+15,6.013204688511714080e-01
1.650461929216023000e+15,6.013204688511715190e-01
1.650461929217947750e+15,6.013204688511715190e-01
1.650461929219872500e+15,6.013204688511715190e-01
1.650461929221797000e+15,6.013204688511714080e-01
1.650461929223721750e+15,6.013204688511715190e-01
1.650461929225646500e+15,6.013204688511715190e-01
1.650461929227571250e+15,6.013204688511715190e-01
1.650461929229496000e+15,6.013204688511715190e-01
1.650461929231420750e+15,6.013204688511715190e-01
1.650461929233345250e+15,6.013204688511714080e-01
1.650461929235270000e+15,6.013204688511715190e-01
1.650461929237194750e+15,6.013204688511715190e-01
1.650461929239119500e+15,6.013204688511714080e-01
1.650461929241044250e+15,6.013204688511716300e-01
1.650461929242969000e+15,6.013204688511717411e-01
1.650461929244893500e+15,6.013204688511718521e-01
1.650461929246818250e+15,6.013204688511719631e-01
1.650461929248743000e+15,6.013204688511720741e-01
1.650461929250667750e+15,6.013204688511721852e-01
1.650461929252592500e+15,6.013204688511724072e-01
1.650461929254517250e+15,6.013204688511721852e-01
1.650461929256441750e+15,6.013204688511720741e-01
1.650461929258366500e+15,6.013204688511717411e-01
1.650461929260291250e+15,6.013204688511715190e-01
1.650461929262216000e+15,6.013204688511712970e-01
1.650461929264140750e+15,6.013204688511709639e-01
1.650461929266065500e+15,6.013204688511708529e-01
1.650461929267990000e+15,6.013204688511705198e-01
1.650461929269914750e+15,6.013204688511702978e-01
1.650461929271839500e+15,6.013204688511700757e-01
1.650461929273764250e+15,6.013204688511698537e-01
1.650461929275689000e+15,6.013204688511697427e-01
1.650461929277613750e+15,6.013204688511697427e-01
1.650461929279538250e+15,6.013204688511697427e-01
1.650461929281463000e+15,6.013204688511697427e-01
1.650461929283387750e+15,6.013204688511697427e-01
1.650461929285312500e+15,6.013204688511697427e-01
1.650461929287237250e+15,6.013204688511700757e-01
1.650461929289162000e+15,6.013204688511702978e-01
1.650461929291086500e+15,6.013204688511706308e-01
1.650461929293011250e+15,6.013204688511708529e-01
1.650461929294936000e+15,6.013204688511712970e-01
1.650461929296860750e+15,6.013204688511715190e-01
1.650461929298785500e+15,6.013204688511717411e-01
1.650461929300710250e+15,6.013204688511720741e-01
1.650461929302634750e+15,6.013204688511724072e-01
1.650461929304559500e+15,6.013204688511724072e-01
1.650461929306484250e+15,6.013204688511724072e-01
1.650461929308409000e+15,6.013204688511724072e-01
1.650461929310333750e+15,6.013204688511724072e-01
1.650461929312258500e+15,6.013204688511725182e-01
1.650461929314183000e+15,6.013204688511724072e-01
1.650461929316107750e+15,6.013204688511722962e-01
1.650461929318032500e+15,6.013204688511721852e-01
1.650461929319957250e+15,6.013204688511720741e-01
1.650461929321882000e+15,6.013204688511720741e-01
1.650461929323806750e+15,6.013204688511719631e-01
1.650461929325731250e+15,6.013204688511718521e-01
1.650461929327656000e+15,6.013204688511717411e-01
1.650461929329580750e+15,6.013204688511716300e-01
1.650461929331505500e+15,6.013204688511716300e-01
1.650461929333430250e+15,6.013266839594058055e-01
1.650461929335355000e+15,6.019174261605827470e-01
1.650461929337279500e+15,6.025080916320284530e-01
1.650461929339204250e+15,6.030988338332052834e-01
1.650461929341129000e+15,6.036895760343822248e-01
1.650461929343053750e+15,6.042803182355591662e-01
1.650461929344978500e+15,6.048710604367361077e-01
1.650461929346903250e+15,6.054618026379130491e-01
1.650461929348828000e+15,6.060525448390899905e-01
1.650461929350752500e+15,6.066432103105356966e-01
1.650461929352677250e+15,6.072339525117125270e-01
1.650461929354602000e+15,6.074563920027129527e-01
1.650461929356526750e+15,6.074563920027129527e-01
1.650461929358451500e+15,6.074563920027129527e-01
1.650461929360376250e+15,6.074563920027129527e-01
1.650461929362300750e+15,6.074563920027129527e-01
1.650461929364225500e+15,6.074563920027129527e-01
1.650461929366150250e+15,6.074563920027129527e-01
1.650461929368075000e+15,6.074563920027129527e-01
1.650461929369999750e+15,6.085903634463896150e-01
1.650461929371924500e+15,6.098187926211281473e-01
1.650461929373849000e+15,6.110470622388886053e-01
1.650461929375773750e+15,6.122754914136270266e-01
1.650461929377698500e+15,6.135039205883655589e-01
1.650461929379623250e+15,6.125039587936557117e-01
1.650461929381548000e+15,6.113312148300060755e-01
1.650461929383472750e+15,6.101584708663565504e-01
1.650461929385397250e+15,6.089858792269000620e-01
1.650461929387322000e+15,6.078131352632503148e-01
1.650461929389246750e+15,6.066403912996007897e-01
1.650461929391171500e+15,6.054676473359511535e-01
1.650461929393096250e+15,6.042949033723015173e-01
1.650461929395021000e+15,6.031221594086519922e-01
1.650461929396945500e+15,6.019495677691955038e-01
1.650461929398870250e+15,6.013204688511705198e-01
1.650461929400795000e+15,6.013204688511706308e-01
1.650461929402719750e+15,6.013204688511706308e-01
1.650461929404644500e+15,6.013204688511706308e-01
1.650461929406569250e+15,6.013204688511706308e-01
1.650461929408493750e+15,6.013204688511706308e-01
1.650461929410418500e+15,6.024128850369649957e-01
1.650461929412343250e+15,6.040003731861591785e-01
1.650461929414268000e+15,6.055878613353533613e-01
1.650461929416192750e+15,6.071753494845475441e-01
1.650461929418117500e+15,6.087628376337417269e-01
1.650461929420042000e+15,6.103501195888654252e-01
1.650461929421966750e+15,6.119376077380596080e-01
1.650461929423891500e+15,6.135250958872537907e-01
1.650461929425816250e+15,6.111453137805894498e-01
1.650461929427741000e+15,6.085901173102454820e-01
1.650461929429665750e+15,6.060349208399015142e-01
1.650461929431590250e+15,6.034800562563571447e-01
1.650461929433515000e+15,6.009248597860132879e-01
1.650461929435439750e+15,5.983696633156693201e-01
1.650461929437364500e+15,5.958144668453252413e-01
1.650461929439289250e+15,5.932592703749813845e-01
1.650461929441214000e+15,5.907040739046373057e-01
1.650461929443138500e+15,5.894095278686737327e-01
1.650461929445063250e+15,5.904348452351649845e-01
1.650461929446988000e+15,5.914601626016562363e-01
1.650461929448912750e+15,5.924854799681473771e-01
1.650461929450837500e+15,5.935107973346387400e-01
1.650461929452762250e+15,5.945361147011298808e-01
1.650461929454686750e+15,5.955612988922260875e-01
1.650461929456611500e+15,5.965866162587174504e-01
1.650461929458536250e+15,5.976119336252085912e-01
1.650461929460461000e+15,5.986372509916998430e-01
1.650461929462385750e+15,5.996625683581910948e-01
1.650461929464310500e+15,6.006878857246823467e-01
1.650461929466235000e+15,6.013204688511707419e-01
1.650461929468159750e+15,6.013204688511706308e-01
1.650461929470084500e+15,6.013204688511706308e-01
1.650461929472009250e+15,6.013204688511706308e-01
1.650461929473934000e+15,6.013204688511706308e-01
1.650461929475858750e+15,6.013204688511706308e-01
1.650461929477783250e+15,6.013204688511706308e-01
1.650461929479708000e+15,6.013204688511706308e-01
1.650461929481632750e+15,6.013204688511706308e-01
1.650461929483557500e+15,6.013204688511707419e-01
1.650461929485482250e+15,6.013204688511707419e-01
1.650461929487407000e+15,6.013204688511706308e-01
1.650461929489331500e+15,6.013204688511706308e-01
1.650461929491256250e+15,6.013204688511706308e-01
1.650461929493181000e+15,6.013204688511707419e-01
1.650461929495105750e+15,6.019987615028041805e-01
1.650461929497030500e+15,6.030326508563830235e-01
1.650461929498955250e+15,6.040665402099618664e-01
1.650461929500879750e+15,6.051002952747559505e-01
1.650461929502804500e+15,6.061341846283347934e-01
1.650461929504729250e+15,6.071680739819136363e-01
1.650461929506654000e+15,6.067531749822901999e-01
1.650461929508578750e+15,6.057780186710085557e-01
1.650461929510503500e+15,6.048028623597270226e-01
1.650461929512428000e+15,6.038278327085716546e-01
1.650461929514352750e+15,6.028526763972901215e-01
1.650461929516277500e+15,6.018775200860084773e-01
1.650461929518202250e+15,6.013204688511706308e-01
1.650461929520127000e+15,6.013204688511706308e-01
1.650461929522051750e+15,6.013204688511706308e-01
1.650461929523976250e+15,6.013204688511706308e-01
1.650461929525901000e+15,6.013204688511706308e-01
1.650461929527825750e+15,6.013204688511706308e-01
1.650461929529750500e+15,6.013204688511706308e-01
1.650461929531675250e+15,6.013204688511706308e-01
1.650461929533600000e+15,6.013204688511706308e-01
1.650461929535524500e+15,6.013204688511706308e-01
1.650461929537449250e+15,6.013204688511707419e-01
1.650461929539374000e+15,6.013204688511707419e-01
1.650461929541298750e+15,6.013204688511706308e-01
1.650461929543223500e+15,6.013204688511706308e-01
1.650461929545148250e+15,6.013204688511706308e-01
1.650461929547072750e+15,6.013204688511706308e-01
1.650461929548997500e+15,6.013204688511706308e-01
1.650461929550922250e+15,6.013204688511706308e-01
1.650461929552847000e+15,6.013204688511706308e-01
1.650461929554771750e+15,6.006453024841456045e-01
1.650461929556696500e+15,5.997464427470323711e-01
1.650461929558621000e+15,5.988476997601122065e-01
1.650461929560545750e+15,5.979488400229989731e-01
1.650461929562470500e+15,5.970499802858857397e-01
1.650461929564395250e+15,5.961511205487723952e-01
1.650461929566320000e+15,5.952522608116592728e-01
1.650461929568244750e+15,5.943534010745459284e-01
1.650461929570169250e+15,5.934546580876258748e-01
1.650461929572094000e+15,5.925557983505125303e-01
1.650461929574018750e+15,5.916569386133992969e-01
1.650461929575943500e+15,5.907580788762860635e-01
1.650461929577868250e+15,5.898592191391728301e-01
1.650461929579793000e+15,5.889993118296728003e-01
1.650461929581717500e+15,5.884972034826557730e-01
1.650461929583642250e+15,5.879950299098206656e-01
1.650461929585567000e+15,5.874928563369856693e-01
1.650461929587491750e+15,5.869906827641505620e-01
1.650461929589416500e+15,5.864885091913155657e-01
1.650461929591341250e+15,5.859863356184804584e-01
1.650461929593265750e+15,5.854842272714635421e-01
1.650461929595190500e+15,5.849820536986285457e-01
1.650461929597115250e+15,5.844798801257933274e-01
1.650461929599040000e+15,5.839777065529583311e-01
1.650461929600964750e+15,5.834755329801234458e-01
1.650461929602889500e+15,5.829733594072882275e-01
1.650461929604814000e+15,5.833956047396933187e-01
1.650461929606738750e+15,5.839449381080330514e-01
1.650461929608663500e+15,5.844942714763726732e-01
1.650461929610588250e+15,5.850436048447122950e-01
1.650461929612513000e+15,5.855929382130520278e-01
1.650461929614437750e+15,5.861422715813916495e-01
1.650461929616362250e+15,5.866915335984690394e-01
1.650461929618287000e+15,5.872408669668086612e-01
1.650461929620211750e+15,5.877902003351483939e-01
1.650461929622136500e+15,5.883395337034880157e-01
1.650461929624061250e+15,5.888888670718277485e-01
1.650461929625986000e+15,5.882994691400488252e-01
1.650461929627910500e+15,5.872432451592667357e-01
1.650461929629835250e+15,5.861868839709007961e-01
1.650461929631760000e+15,5.851305227825349675e-01
1.650461929633684750e+15,5.840741615941690279e-01
1.650461929635609500e+15,5.830178004058030883e-01
1.650461929637534250e+15,5.829126993965436654e-01
1.650461929639458750e+15,5.829126993965436654e-01
1.650461929641383500e+15,5.829126993965436654e-01
1.650461929643308250e+15,5.829126993965436654e-01
1.650461929645233000e+15,5.829126993965436654e-01
1.650461929647157750e+15,5.829126993965436654e-01
1.650461929649082500e+15,5.829126993965436654e-01
1.650461929651007000e+15,5.829126993965436654e-01
1.650461929652931750e+15,5.829126993965436654e-01
1.650461929654856500e+15,5.829126993965436654e-01
1.650461929656781250e+15,5.829126993965436654e-01
1.650461929658706000e+15,5.829126993965436654e-01
1.650461929660630750e+15,5.829126993965436654e-01
1.650461929662555250e+15,5.829126993965436654e-01
1.650461929664480000e+15,5.829126993965436654e-01
1.650461929666404750e+15,5.829126993965436654e-01
1.650461929668329500e+15,5.829126993965436654e-01
1.650461929670254250e+15,5.829126993965436654e-01
1.650461929672179000e+15,5.829126993965436654e-01
1.650461929674103500e+15,5.829126993965436654e-01
1.650461929676028250e+15,5.829126993965436654e-01
1.650461929677953000e+15,5.829126993965436654e-01
1.650461929679877750e+15,5.829126993965435544e-01
1.650461929681802500e+15,5.829126993965435544e-01
1.650461929683727250e+15,5.829126993965436654e-01
1.650461929685651750e+15,5.829126993965436654e-01
1.650461929687576500e+15,5.829126993965436654e-01
1.650461929689501250e+15,5.829126993965436654e-01
1.650461929691426000e+15,5.829126993965436654e-01
1.650461929693350750e+15,5.829126993965436654e-01
1.650461929695275500e+15,5.829126993965436654e-01
1.650461929697200250e+15,5.829126993965436654e-01
1.650461929699124750e+15,5.829126993965435544e-01
1.650461929701049500e+15,5.829126993965436654e-01
1.650461929702974250e+15,5.829126993965436654e-01
1.650461929704899000e+15,5.829126993965436654e-01
1.650461929706823750e+15,5.829126993965436654e-01
1.650461929708748500e+15,5.829126993965436654e-01
1.650461929710673000e+15,5.829126993965436654e-01
1.650461929712597750e+15,5.829126993965436654e-01
1.650461929714522500e+15,5.829126993965436654e-01
1.650461929716447250e+15,5.829126993965436654e-01
1.650461929718372000e+15,5.829126993965436654e-01
1.650461929720296750e+15,5.829126993965436654e-01
1.650461929722221250e+15,5.829126993965436654e-01
1.650461929724146000e+15,5.829126993965436654e-01
1.650461929726070750e+15,5.829126993965436654e-01
1.650461929727995500e+15,5.829126993965437764e-01
1.650461929729920250e+15,5.829126993965436654e-01
1.650461929731845000e+15,5.829126993965436654e-01
1.650461929733769500e+15,5.829126993965436654e-01
1.650461929735694250e+15,5.826287383788154584e-01
1.650461929737619000e+15,5.815448435471405331e-01
1.650461929739543750e+15,5.804609487154654968e-01
1.650461929741468500e+15,5.793770538837904605e-01
1.650461929743393250e+15,5.782931590521154241e-01
1.650461929745317750e+15,5.772094050042866353e-01
1.650461929747242500e+15,5.770755130945743883e-01
1.650461929749167250e+15,5.775726974881891795e-01
1.650461929751092000e+15,5.780698818818043039e-01
1.650461929753016750e+15,5.785670662754190952e-01
1.650461929754941500e+15,5.790642506690341085e-01
1.650461929756866000e+15,5.795613704848605607e-01
1.650461929758790750e+15,5.800585548784755741e-01
1.650461929760715500e+15,5.805557392720904764e-01
1.650461929762640250e+15,5.810529236657053787e-01
1.650461929764565000e+15,5.815501080593203920e-01
1.650461929766489750e+15,5.820472924529352943e-01
1.650461929768414250e+15,5.825444122687616355e-01
1.650461929770339000e+15,5.825515924673507762e-01
1.650461929772263750e+15,5.811587256097108245e-01
1.650461929774188500e+15,5.797658587520708728e-01
1.650461929776113250e+15,5.783729918944309212e-01
1.650461929778038000e+15,5.769801250367908585e-01
1.650461929779962500e+15,5.767767762450013436e-01
1.650461929781887250e+15,5.767767762450013436e-01
1.650461929783812000e+15,5.767767762450013436e-01
1.650461929785736750e+15,5.767767762450013436e-01
1.650461929787661500e+15,5.767767762450013436e-01
1.650461929789586250e+15,5.767767762450013436e-01
1.650461929791510750e+15,5.767767762450013436e-01
1.650461929793435500e+15,5.767767762450013436e-01
1.650461929795360250e+15,5.767767762450013436e-01
1.650461929797285000e+15,5.767767762450013436e-01
1.650461929799209750e+15,5.767767762450014546e-01
1.650461929801134500e+15,5.767767762450013436e-01
1.650461929803059000e+15,5.767767762450013436e-01
1.650461929804983750e+15,5.763955833881707624e-01
1.650461929806908500e+15,5.754374365371296429e-01
1.650461929808833250e+15,5.744792896860884124e-01
1.650461929810758000e+15,5.735211428350474039e-01
1.650461929812682750e+15,5.725629959840063954e-01
1.650461929814607250e+15,5.716049735837835932e-01
1.650461929816532000e+15,5.706468267327424737e-01
1.650461929818456750e+15,5.712022194783108464e-01
1.650461929820381500e+15,5.717671077016777126e-01
1.650461929822306250e+15,5.723319959250445788e-01
1.650461929824231000e+15,5.728968841484115559e-01
1.650461929826155500e+15,5.734616990001428771e-01
1.650461929828080250e+15,5.740265872235097433e-01
1.650461929830005000e+15,5.745914754468768315e-01
1.650461929831929750e+15,5.751563636702436977e-01
1.650461929833854500e+15,5.757212518936105639e-01
1.650461929835779250e+15,5.762861401169775410e-01
1.650461929837703750e+15,5.767767762450014546e-01
1.650461929839628500e+15,5.767767762450013436e-01
1.650461929841553250e+15,5.767767762450013436e-01
1.650461929843478000e+15,5.767767762450013436e-01
1.650461929845402750e+15,5.767767762450013436e-01
1.650461929847327500e+15,5.767767762450013436e-01
1.650461929849252000e+15,5.767767762450013436e-01
1.650461929851176750e+15,5.767767762450013436e-01
1.650461929853101500e+15,5.767767762450011215e-01
1.650461929855026250e+15,5.767767762450010105e-01
1.650461929856951000e+15,5.767767762450008995e-01
1.650461929858875750e+15,5.767767762450006774e-01
1.650461929860800250e+15,5.767767762450005664e-01
1.650461929862725000e+15,5.767767762450004554e-01
1.650461929864649750e+15,5.767767762450004554e-01
1.650461929866574500e+15,5.767767762450004554e-01
1.650461929868499250e+15,5.767767762450004554e-01
1.650461929870424000e+15,5.767767762450004554e-01
1.650461929872348500e+15,5.767767762450004554e-01
1.650461929874273250e+15,5.767767762450004554e-01
1.650461929876198000e+15,5.767767762450004554e-01
1.650461929878122750e+15,5.767767762450004554e-01
1.650461929880047500e+15,5.767767762450005664e-01
1.650461929881972250e+15,5.767767762450004554e-01
1.650461929883896750e+15,5.767767762450004554e-01
1.650461929885821500e+15,5.767767762450006774e-01
1.650461929887746250e+15,5.767767762450008995e-01
1.650461929889671000e+15,5.767767762450008995e-01
1.650461929891595750e+15,5.767767762450011215e-01
1.650461929893520500e+15,5.767767762450012325e-01
1.650461929895445000e+15,5.767767762450013436e-01
1.650461929897369750e+15,5.767767762450012325e-01
1.650461929899294500e+15,5.767767762450012325e-01
1.650461929901219250e+15,5.767767762450011215e-01
1.650461929903144000e+15,5.767767762450010105e-01
1.650461929905068750e+15,5.767767762450008995e-01
1.650461929906993250e+15,5.767767762450008995e-01
1.650461929908918000e+15,5.767767762450007885e-01
1.650461929910842750e+15,5.767767762450006774e-01
1.650461929912767500e+15,5.767767762450006774e-01
1.650461929914692250e+15,5.767767762450005664e-01
1.650461929916617000e+15,5.767767762450004554e-01
1.650461929918541500e+15,5.767767762450005664e-01
1.650461929920466250e+15,5.767767762450006774e-01
1.650461929922391000e+15,5.767767762450006774e-01
1.650461929924315750e+15,5.767767762450007885e-01
1.650461929926240500e+15,5.767767762450008995e-01
1.650461929928165250e+15,5.767767762450008995e-01
1.650461929930089750e+15,5.767767762450011215e-01
1.650461929932014500e+15,5.767767762450011215e-01
1.650461929933939250e+15,5.767767762450011215e-01
1.650461929935864000e+15,5.767767762450012325e-01
1.650461929937788750e+15,5.767767762450013436e-01
1.650461929939713500e+15,5.767767762450013436e-01
1.650461929941638000e+15,5.767767762450013436e-01
1.650461929943562750e+15,5.767767762450013436e-01
1.650461929945487500e+15,5.767767762450013436e-01
1.650461929947412250e+15,5.767767762450013436e-01
1.650461929949337000e+15,5.767767762450013436e-01
1.650461929951261750e+15,5.767767762450013436e-01
1.650461929953186250e+15,5.767767762450012325e-01
1.650461929955111000e+15,5.767767762450013436e-01
1.650461929957035750e+15,5.767767762450012325e-01
1.650461929958960500e+15,5.767767762450013436e-01
1.650461929960885250e+15,5.767767762450013436e-01
1.650461929962810000e+15,5.767767762450013436e-01
1.650461929964734500e+15,5.767767762450013436e-01
1.650461929966659250e+15,5.767767762450013436e-01
1.650461929968584000e+15,5.767767762450013436e-01
1.650461929970508750e+15,5.767767762450012325e-01
1.650461929972433500e+15,5.767767762450013436e-01
1.650461929974358250e+15,5.767767762450012325e-01
1.650461929976282750e+15,5.767767762450011215e-01
1.650461929978207500e+15,5.767767762450008995e-01
1.650461929980132250e+15,5.767767762450006774e-01
1.650461929982057000e+15,5.767767762450004554e-01
1.650461929983981750e+15,5.767767762450005664e-01
1.650461929985906500e+15,5.767767762450006774e-01
1.650461929987831000e+15,5.767767762450008995e-01
1.650461929989755750e+15,5.767767762450008995e-01
1.650461929991680500e+15,5.767767762450010105e-01
1.650461929993605250e+15,5.767767762450011215e-01
1.650461929995530000e+15,5.767767762450012325e-01
1.650461929997454750e+15,5.767767762450013436e-01
1.650461929999379250e+15,5.767767762450013436e-01
1.650461930001304000e+15,5.767767762450013436e-01
1.650461930003228750e+15,5.767767762450013436e-01
1.650461930005153500e+15,5.767767762450013436e-01
1.650461930007078250e+15,5.767767762450013436e-01
1.650461930009003000e+15,5.767767762450013436e-01
1.650461930010927500e+15,5.767767762450013436e-01
1.650461930012852250e+15,5.767767762450013436e-01
1.650461930014777000e+15,5.767767762450013436e-01
1.650461930016701750e+15,5.767767762450013436e-01
1.650461930018626500e+15,5.767767762450013436e-01
1.650461930020551250e+15,5.767767762450013436e-01
1.650461930022475750e+15,5.767767762450013436e-01
1.650461930024400500e+15,5.767767762450012325e-01
1.650461930026325250e+15,5.767767762450013436e-01
1.650461930028250000e+15,5.767767762450013436e-01
1.650461930030174750e+15,5.767767762450013436e-01
1.650461930032099500e+15,5.767767762450013436e-01
1.650461930034024000e+15,5.767767762450013436e-01
1.650461930035948750e+15,5.767767762450013436e-01
1.650461930037873500e+15,5.767767762450013436e-01
1.650461930039798250e+15,5.767767762450013436e-01
1.650461930041723000e+15,5.767767762450013436e-01
1.650461930043647750e+15,5.767767762450013436e-01
1.650461930045572250e+15,5.767767762450013436e-01
1.650461930047497000e+15,5.767767762450013436e-01
1.650461930049421750e+15,5.767767762450013436e-01
1.650461930051346500e+15,5.767767762450013436e-01
1.650461930053271250e+15,5.767767762450013436e-01
1.650461930055196000e+15,5.776029933159015917e-01
1.650461930057120750e+15,5.791204182273664847e-01
1.650461930059045250e+15,5.806376460450644039e-01
1.650461930060970000e+15,5.821550709565292969e-01
1.650461930062894750e+15,5.829126993965435544e-01
1.650461930064819500e+15,5.829126993965434433e-01
1.650461930066744250e+15,5.829126993965432213e-01
1.650461930068669000e+15,5.829126993965431103e-01
1.650461930070593500e+15,5.829126993965429993e-01
1.650461930072518250e+15,5.829126993965428882e-01
1.650461930074443000e+15,5.829126993965427772e-01
1.650461930076367750e+15,5.829126993965427772e-01
1.650461930078292500e+15,5.829126993965427772e-01
1.650461930080217250e+15,5.829126993965427772e-01
1.650461930082141750e+15,5.829126993965427772e-01
1.650461930084066500e+15,5.829126993965427772e-01
1.650461930085991250e+15,5.829126993965427772e-01
1.650461930087916000e+15,5.829126993965427772e-01
1.650461930089840750e+15,5.829126993965428882e-01
1.650461930091765500e+15,5.829126993965427772e-01
1.650461930093690000e+15,5.829126993965429993e-01
1.650461930095614750e+15,5.829126993965432213e-01
1.650461930097539500e+15,5.829126993965432213e-01
1.650461930099464250e+15,5.829126993965434433e-01
1.650461930101389000e+15,5.829126993965435544e-01
1.650461930103313750e+15,5.829126993965437764e-01
1.650461930105238250e+15,5.829126993965438874e-01
1.650461930107163000e+15,5.829126993965441095e-01
1.650461930109087750e+15,5.829126993965442205e-01
1.650461930111012500e+15,5.829126993965443315e-01
1.650461930112937250e+15,5.829126993965444425e-01
1.650461930114862000e+15,5.829126993965445536e-01
1.650461930116786500e+15,5.829126993965445536e-01
1.650461930118711250e+15,5.829126993965445536e-01
1.650461930120636000e+15,5.829126993965445536e-01
1.650461930122560750e+15,5.829126993965445536e-01
1.650461930124485500e+15,5.829126993965445536e-01
1.650461930126410250e+15,5.829126993965445536e-01
1.650461930128334750e+15,5.829126993965445536e-01
1.650461930130259500e+15,5.829126993965445536e-01
1.650461930132184250e+15,5.829126993965445536e-01
1.650461930134109000e+15,5.829126993965445536e-01
1.650461930136033750e+15,5.829126993965445536e-01
1.650461930137958500e+15,5.829126993965445536e-01
1.650461930139883000e+15,5.829126993965445536e-01
1.650461930141807750e+15,5.829126993965445536e-01
1.650461930143732500e+15,5.829126993965445536e-01
1.650461930145657250e+15,5.829126993965445536e-01
1.650461930147582000e+15,5.829126993965445536e-01
1.650461930149506750e+15,5.829126993965444425e-01
1.650461930151431250e+15,5.829126993965443315e-01
1.650461930153356000e+15,5.829126993965441095e-01
1.650461930155280750e+15,5.829126993965438874e-01
1.650461930157205500e+15,5.829126993965437764e-01
1.650461930159130250e+15,5.829126993965436654e-01
1.650461930161055000e+15,5.829126993965434433e-01
1.650461930162979500e+15,5.829126993965432213e-01
1.650461930164904250e+15,5.829126993965431103e-01
1.650461930166829000e+15,5.829126993965429993e-01
1.650461930168753750e+15,5.829126993965427772e-01
1.650461930170678500e+15,5.829126993965429993e-01
1.650461930172603250e+15,5.829126993965432213e-01
1.650461930174527750e+15,5.829126993965434433e-01
1.650461930176452500e+15,5.829126993965437764e-01
1.650461930178377250e+15,5.829126993965439985e-01
1.650461930180302000e+15,5.829126993965442205e-01
1.650461930182226750e+15,5.829126993965445536e-01
1.650461930184151500e+15,5.829126993965443315e-01
1.650461930186076000e+15,5.829126993965442205e-01
1.650461930188000750e+15,5.829126993965441095e-01
1.650461930189925500e+15,5.829126993965439985e-01
1.650461930191850250e+15,5.829126993965438874e-01
1.650461930193775000e+15,5.829126993965436654e-01
1.650461930195699750e+15,5.829126993965436654e-01
1.650461930197624250e+15,5.829126993965436654e-01
1.650461930199549000e+15,5.829126993965436654e-01
1.650461930201473750e+15,5.829126993965436654e-01
1.650461930203398500e+15,5.829126993965436654e-01
1.650461930205323250e+15,5.829126993965436654e-01
1.650461930207248000e+15,5.829126993965436654e-01
1.650461930209172500e+15,5.829126993965436654e-01
1.650461930211097250e+15,5.829126993965436654e-01
1.650461930213022000e+15,5.829126993965437764e-01
1.650461930214946750e+15,5.829126993965436654e-01
1.650461930216871500e+15,5.829126993965436654e-01
1.650461930218796250e+15,5.829126993965436654e-01
1.650461930220720750e+15,5.829126993965436654e-01
1.650461930222645500e+15,5.829126993965436654e-01
1.650461930224570250e+15,5.829126993965436654e-01
1.650461930226495000e+15,5.829126993965436654e-01
1.650461930228419750e+15,5.829126993965436654e-01
1.650461930230344500e+15,5.829126993965436654e-01
1.650461930232269000e+15,5.829126993965436654e-01
1.650461930234193750e+15,5.829126993965436654e-01
1.650461930236118500e+15,5.829126993965436654e-01
1.650461930238043250e+15,5.829126993965436654e-01
1.650461930239968000e+15,5.829126993965437764e-01
1.650461930241892750e+15,5.829126993965438874e-01
1.650461930243817250e+15,5.829126993965439985e-01
1.650461930245742000e+15,5.829126993965441095e-01
1.650461930247666750e+15,5.829126993965443315e-01
1.650461930249591500e+15,5.829126993965443315e-01
1.650461930251516250e+15,5.829126993965445536e-01
1.650461930253441000e+15,5.829126993965444425e-01
1.650461930255365500e+15,5.829126993965441095e-01
1.650461930257290250e+15,5.829126993965438874e-01
1.650461930259215000e+15,5.829126993965436654e-01
1.650461930261139750e+15,5.829126993965436654e-01
1.650461930263064500e+15,5.829126993965436654e-01
1.650461930264989250e+15,5.829126993965436654e-01
1.650461930266913750e+15,5.829126993965436654e-01
1.650461930268838500e+15,5.829126993965436654e-01
1.650461930270763250e+15,5.829126993965436654e-01
1.650461930272688000e+15,5.829126993965435544e-01
1.650461930274612750e+15,5.829126993965435544e-01
1.650461930276537500e+15,5.829126993965436654e-01
1.650461930278462000e+15,5.829126993965435544e-01
1.650461930280386750e+15,5.829126993965436654e-01
1.650461930282311500e+15,5.829126993965436654e-01
1.650461930284236250e+15,5.829126993965436654e-01
1.650461930286161000e+15,5.829126993965436654e-01
1.650461930288085750e+15,5.829126993965436654e-01
1.650461930290010250e+15,5.829126993965436654e-01
1.650461930291935000e+15,5.829126993965436654e-01
1.650461930293859750e+15,5.829126993965436654e-01
1.650461930295784500e+15,5.829126993965436654e-01
1.650461930297709250e+15,5.829126993965436654e-01
1.650461930299634000e+15,5.829126993965436654e-01
1.650461930301558500e+15,5.829126993965436654e-01
1.650461930303483250e+15,5.829126993965436654e-01
1.650461930305408000e+15,5.829126993965437764e-01
1.650461930307332750e+15,5.819730886202143516e-01
1.650461930309257500e+15,5.808468137693723055e-01
1.650461930311182250e+15,5.797205389185300373e-01
1.650461930313106750e+15,5.785944103561475593e-01
1.650461930315031500e+15,5.774681355053052911e-01
1.650461930316956250e+15,5.770502217949703416e-01
1.650461930318881000e+15,5.777583473547456272e-01
1.650461930320805750e+15,5.784664729145208018e-01
1.650461930322730500e+15,5.791745984742959763e-01
1.650461930324655000e+15,5.798826320577679105e-01
1.650461930326579750e+15,5.805907576175430851e-01
1.650461930328504500e+15,5.812988831773182596e-01
1.650461930330429250e+15,5.820070087370935452e-01
1.650461930332354000e+15,5.827151342968686087e-01
1.650461930334278750e+15,5.829126993965436654e-01
1.650461930336203250e+15,5.829126993965436654e-01
1.650461930338128000e+15,5.829126993965436654e-01
1.650461930340052750e+15,5.829126993965435544e-01
1.650461930341977500e+15,5.821283285217996317e-01
1.650461930343902250e+15,5.810788201164027722e-01
1.650461930345827000e+15,5.800293117110058017e-01
1.650461930347751500e+15,5.789799396231052331e-01
1.650461930349676250e+15,5.779304312177083736e-01
1.650461930351601000e+15,5.768809228123112920e-01
1.650461930353525750e+15,5.758314144069144325e-01
1.650461930355450500e+15,5.747819060015174619e-01
1.650461930357375250e+15,5.737323975961204914e-01
1.650461930359299750e+15,5.726830255082200338e-01
1.650461930361224500e+15,5.716335171028230633e-01
1.650461930363149250e+15,5.706691984645109184e-01
1.650461930365074000e+15,5.711925342240683490e-01
1.650461930366998750e+15,5.717158699836257796e-01
1.650461930368923500e+15,5.722392057431833212e-01
1.650461930370848000e+15,5.727624735282298429e-01
1.650461930372772750e+15,5.732858092877872735e-01
1.650461930374697500e+15,5.738091450473447042e-01
1.650461930376622250e+15,5.743324808069021348e-01
1.650461930378547000e+15,5.748558165664595654e-01
1.650461930380471750e+15,5.753791523260169960e-01
1.650461930382396250e+15,5.759024201110635177e-01
1.650461930384321000e+15,5.764257558706209483e-01
1.650461930386245750e+15,5.765905029504386770e-01
1.650461930388170500e+15,5.760247758913310534e-01
1.650461930390095250e+15,5.754590488322234298e-01
1.650461930392020000e+15,5.748933217731158063e-01
1.650461930393944500e+15,5.743276681945976847e-01
1.650461930395869250e+15,5.737619411354900611e-01
1.650461930397794000e+15,5.731962140763824376e-01
1.650461930399718750e+15,5.726304870172748140e-01
1.650461930401643500e+15,5.720647599581671905e-01
1.650461930403568250e+15,5.714990328990595669e-01
1.650461930405492750e+15,5.709333793205414453e-01
1.650461930407417500e+15,5.706408530934589107e-01
1.650461930409342250e+15,5.706408530934590217e-01
1.650461930411267000e+15,5.706408530934590217e-01
1.650461930413191750e+15,5.706408530934590217e-01
1.650461930415116500e+15,5.706408530934590217e-01
1.650461930417041250e+15,5.706408530934590217e-01
1.650461930418965750e+15,5.706408530934590217e-01
1.650461930420890500e+15,5.706408530934589107e-01
1.650461930422815250e+15,5.706408530934590217e-01
1.650461930424740000e+15,5.706408530934590217e-01
1.650461930426664750e+15,5.706408530934590217e-01
1.650461930428589500e+15,5.706408530934590217e-01
1.650461930430514000e+15,5.706408530934590217e-01
1.650461930432438750e+15,5.706408530934590217e-01
1.650461930434363500e+15,5.706408530934590217e-01
1.650461930436288250e+15,5.706408530934590217e-01
1.650461930438213000e+15,5.706408530934590217e-01
1.650461930440137750e+15,5.706408530934590217e-01
1.650461930442062250e+15,5.706408530934590217e-01
1.650461930443987000e+15,5.706408530934590217e-01
1.650461930445911750e+15,5.706408530934590217e-01
1.650461930447836500e+15,5.706408530934590217e-01
1.650461930449761250e+15,5.706408530934590217e-01
1.650461930451686000e+15,5.706408530934590217e-01
1.650461930453610500e+15,5.706408530934590217e-01
1.650461930455535250e+15,5.706408530934590217e-01
1.650461930457460000e+15,5.706408530934590217e-01
1.650461930459384750e+15,5.706408530934590217e-01
1.650461930461309500e+15,5.706408530934590217e-01
1.650461930463234250e+15,5.706408530934590217e-01
1.650461930465158750e+15,5.706408530934590217e-01
1.650461930467083500e+15,5.706076698784171564e-01
1.650461930469008250e+15,5.687011208291102848e-01
1.650461930470933000e+15,5.667945717798035243e-01
1.650461930472857750e+15,5.648880227304966528e-01
1.650461930474782500e+15,5.629814736811898923e-01
1.650461930476707000e+15,5.610751722678162245e-01
1.650461930478631750e+15,5.591686232185094640e-01
1.650461930480556500e+15,5.583690067903742671e-01
1.650461930482481250e+15,5.583690067903740450e-01
1.650461930484406000e+15,5.583690067903739340e-01
1.650461930486330750e+15,5.583690067903736010e-01
1.650461930488255250e+15,5.588974164782735121e-01
1.650461930490180000e+15,5.602548493068164603e-01
1.650461930492104750e+15,5.616122821353592975e-01
1.650461930494029500e+15,5.629697149639021347e-01
1.650461930495954250e+15,5.643271477924449719e-01
1.650461930497879000e+15,5.656845806209878091e-01
1.650461930499803500e+15,5.670418371366551247e-01
1.650461930501728250e+15,5.683992699651979619e-01
1.650461930503653000e+15,5.697567027937407991e-01
1.650461930505577750e+15,5.711141356222836363e-01
1.650461930507502500e+15,5.724715684508264735e-01
1.650461930509427250e+15,5.738290012793693107e-01
1.650461930511351750e+15,5.751862577950367372e-01
1.650461930513276500e+15,5.765436906235795744e-01
1.650461930515201250e+15,5.739446408992157078e-01
1.650461930517126000e+15,5.705253826230338721e-01
1.650461930519050750e+15,5.671061243468522584e-01
1.650461930520975500e+15,5.636868660706704226e-01
1.650461930522900000e+15,5.602680519116828295e-01
1.650461930524824750e+15,5.583690067903742671e-01
1.650461930526749500e+15,5.583690067903743781e-01
1.650461930528674250e+15,5.583690067903743781e-01
1.650461930530599000e+15,5.583690067903742671e-01
1.650461930532523750e+15,5.583690067903743781e-01
1.650461930534448250e+15,5.583690067903743781e-01
1.650461930536373000e+15,5.583690067903743781e-01
1.650461930538297750e+15,5.583690067903743781e-01
1.650461930540222500e+15,5.583690067903743781e-01
1.650461930542147250e+15,5.583690067903743781e-01
1.650461930544072000e+15,5.583690067903743781e-01
1.650461930545996500e+15,5.583690067903743781e-01
1.650461930547921250e+15,5.583690067903741561e-01
1.650461930549846000e+15,5.583690067903740450e-01
1.650461930551770750e+15,5.583690067903739340e-01
1.650461930553695500e+15,5.583690067903738230e-01
1.650461930555620250e+15,5.583690067903736010e-01
1.650461930557544750e+15,5.583690067903734899e-01
1.650461930559469500e+15,5.583690067903737120e-01
1.650461930561394250e+15,5.583690067903739340e-01
1.650461930563319000e+15,5.583690067903740450e-01
1.650461930565243750e+15,5.583690067903742671e-01
1.650461930567168500e+15,5.583690067903742671e-01
1.650461930569093000e+15,5.583690067903741561e-01
1.650461930571017750e+15,5.583690067903740450e-01
1.650461930572942500e+15,5.583690067903739340e-01
1.650461930574867250e+15,5.583690067903737120e-01
1.650461930576792000e+15,5.583690067903737120e-01
1.650461930578716750e+15,5.583690067903736010e-01
1.650461930580641250e+15,5.580078562918935337e-01
1.650461930582566000e+15,5.570427408153935112e-01
1.650461930584490750e+15,5.560776253388934887e-01
1.650461930586415500e+15,5.551125098623934662e-01
1.650461930588340250e+15,5.541473943858933326e-01
1.650461930590265000e+15,5.531822789093933102e-01
1.650461930592189500e+15,5.522405809848076608e-01
1.650461930594114250e+15,5.526986926250687659e-01
1.650461930596039000e+15,5.531568042653298711e-01
1.650461930597963750e+15,5.536149159055908653e-01
1.650461930599888500e+15,5.540730275458519705e-01
1.650461930601813250e+15,5.545311391861130756e-01
1.650461930603737750e+15,5.549891913236283392e-01
1.650461930605662500e+15,5.554473029638894443e-01
1.650461930607587250e+15,5.559054146041505495e-01
1.650461930609512000e+15,5.563635262444116547e-01
1.650461930611436750e+15,5.568216378846727599e-01
1.650461930613361500e+15,5.572797495249337540e-01
1.650461930615286000e+15,5.577378016624491286e-01
1.650461930617210750e+15,5.581959133027102338e-01
1.650461930619135500e+15,5.583690067903736010e-01
1.650461930621060250e+15,5.583690067903738230e-01
1.650461930622985000e+15,5.583690067903738230e-01
1.650461930624909750e+15,5.583690067903741561e-01
1.650461930626834250e+15,5.583690067903741561e-01
1.650461930628759000e+15,5.583690067903742671e-01
1.650461930630683750e+15,5.580452951036229958e-01
1.650461930632608500e+15,5.575176100991132699e-01
1.650461930634533250e+15,5.569899250946035441e-01
1.650461930636458000e+15,5.564622400900939292e-01
1.650461930638382500e+15,5.559346236250054529e-01
1.650461930640307250e+15,5.554069386204958381e-01
1.650461930642232000e+15,5.548792536159861122e-01
1.650461930644156750e+15,5.543515686114764973e-01
1.650461930646081500e+15,5.538238836069667714e-01
1.650461930648006250e+15,5.532961986024571566e-01
1.650461930649930750e+15,5.527685821373686803e-01
1.650461930651855500e+15,5.522408971328590654e-01
1.650461930653780250e+15,5.513154052512528880e-01
1.650461930655705000e+15,5.503839344660226285e-01
1.650461930657629750e+15,5.494524636807923690e-01
1.650461930659554500e+15,5.485209928955621095e-01
1.650461930661479000e+15,5.475896430962761130e-01
1.650461930663403750e+15,5.466581723110459645e-01
1.650461930665328500e+15,5.465663492968479975e-01
1.650461930667253250e+15,5.477460634199057266e-01
1.650461930669178000e+15,5.489257775429634556e-01
1.650461930671102750e+15,5.501054916660212957e-01
1.650461930673027250e+15,5.512850525595527351e-01
1.650461930674952000e+15,5.523510521527046357e-01
1.650461930676876750e+15,5.529517397111163302e-01
1.650461930678801500e+15,5.535524272695280246e-01
1.650461930680726250e+15,5.541531148279397190e-01
1.650461930682651000e+15,5.547538023863515244e-01
1.650461930684575500e+15,5.553544119232594056e-01
1.650461930686500250e+15,5.559550994816711000e-01
1.650461930688425000e+15,5.565557870400827944e-01
1.650461930690349750e+15,5.571564745984944889e-01
1.650461930692274500e+15,5.577571621569061833e-01
1.650461930694199250e+15,5.583578497153178777e-01
1.650461930696123750e+15,5.575986515090336493e-01
1.650461930698048500e+15,5.568136130826887298e-01
1.650461930699973250e+15,5.560285746563438103e-01
1.650461930701898000e+15,5.552435362299990018e-01
1.650461930703822750e+15,5.544584978036539713e-01
1.650461930705747500e+15,5.536734593773090518e-01
1.650461930707672000e+15,5.528885229172488813e-01
1.650461930709596750e+15,5.522330836388302799e-01
1.650461930711521500e+15,5.522330836388303910e-01
1.650461930713446250e+15,5.522330836388305020e-01
1.650461930715371000e+15,5.522330836388307240e-01
1.650461930717295750e+15,5.522330836388308350e-01
1.650461930719220250e+15,5.522330836388310571e-01
1.650461930721145000e+15,5.522330836388311681e-01
1.650461930723069750e+15,5.522330836388312791e-01
1.650461930724994500e+15,5.522330836388315012e-01
1.650461930726919250e+15,5.522330836388316122e-01
1.650461930728844000e+15,5.522330836388318343e-01
1.650461930730768500e+15,5.522330836388318343e-01
1.650461930732693250e+15,5.522330836388320563e-01
1.650461930734618000e+15,5.522330836388320563e-01
1.650461930736542750e+15,5.522330836388320563e-01
1.650461930738467500e+15,5.522330836388320563e-01
1.650461930740392250e+15,5.522330836388320563e-01
1.650461930742316750e+15,5.516496944340534281e-01
1.650461930744241500e+15,5.505208898380262728e-01
1.650461930746166250e+15,5.493920852419993395e-01
1.650461930748091000e+15,5.482632806459721841e-01
1.650461930750015750e+15,5.471344760499452509e-01
1.650461930751940500e+15,5.460056714539182066e-01
1.650461930753865000e+15,5.448770134749317817e-01
1.650461930755789750e+15,5.437482088789048484e-01
1.650461930757714500e+15,5.426194042828778041e-01
1.650461930759639250e+15,5.414905996868506488e-01
1.650461930761564000e+15,5.403617950908237155e-01
1.650461930763488750e+15,5.394133240196642420e-01
1.650461930765413500e+15,5.385640418331308910e-01
1.650461930767338000e+15,5.377148699573114365e-01
1.650461930769262750e+15,5.368655877707780855e-01
1.650461930771187500e+15,5.360163055842447344e-01
1.650461930773112250e+15,5.351670233977113833e-01
1.650461930775037000e+15,5.343177412111780322e-01
1.650461930776961750e+15,5.342450053080869399e-01
1.650461930778886250e+15,5.352437015280755439e-01
1.650461930780811000e+15,5.362425274825692867e-01
1.650461930782735750e+15,5.372413534370628074e-01
1.650461930784660500e+15,5.382401793915564392e-01
1.650461930786585250e+15,5.392390053460500710e-01
1.650461930788510000e+15,5.399612373357456363e-01
1.650461930790434500e+15,5.399612373357455253e-01
1.650461930792359250e+15,5.399612373357454143e-01
1.650461930794284000e+15,5.399612373357453032e-01
1.650461930796208750e+15,5.399612373357451922e-01
1.650461930798133500e+15,5.399612373357451922e-01
1.650461930800058250e+15,5.399612373357450812e-01
1.650461930801982750e+15,5.399612373357449702e-01
1.650461930803907500e+15,5.399612373357448591e-01
1.650461930805832250e+15,5.399612373357448591e-01
1.650461930807757000e+15,5.399612373357447481e-01
1.650461930809681750e+15,5.394257455374489307e-01
1.650461930811606500e+15,5.384448387196804076e-01
1.650461930813531000e+15,5.374640593089543561e-01
1.650461930815455750e+15,5.364831524911859439e-01
1.650461930817380500e+15,5.355022456734175318e-01
1.650461930819305250e+15,5.345213388556492307e-01
1.650461930821230000e+15,5.341022158586766766e-01
1.650461930823154750e+15,5.350556442986484917e-01
1.650461930825079250e+15,5.360089489006620855e-01
1.650461930827004000e+15,5.369623773406339007e-01
1.650461930828928750e+15,5.379158057806057158e-01
1.650461930830853500e+15,5.388692342205776420e-01
1.650461930832778250e+15,5.398226626605495682e-01
1.650461930834703000e+15,5.392433941109181506e-01
1.650461930836627500e+15,5.384035829947000362e-01
1.650461930838552250e+15,5.375636627837668824e-01
1.650461930840477000e+15,5.367237425728337286e-01
1.650461930842401750e+15,5.358838223619005747e-01
1.650461930844326500e+15,5.350439021509674209e-01
1.650461930846251250e+15,5.342039819400342671e-01
1.650461930848175750e+15,5.338253141842024263e-01
1.650461930850100500e+15,5.338253141842024263e-01
1.650461930852025250e+15,5.338253141842024263e-01
1.650461930853950000e+15,5.338253141842024263e-01
1.650461930855874750e+15,5.338253141842024263e-01
1.650461930857799500e+15,5.338253141842024263e-01
1.650461930859724000e+15,5.338253141842024263e-01
1.650461930861648750e+15,5.338253141842024263e-01
1.650461930863573500e+15,5.338253141842024263e-01
1.650461930865498250e+15,5.338253141842024263e-01
1.650461930867423000e+15,5.338253141842025373e-01
1.650461930869347750e+15,5.338253141842026483e-01
1.650461930871272250e+15,5.338253141842026483e-01
1.650461930873197000e+15,5.338253141842027594e-01
1.650461930875121750e+15,5.338253141842028704e-01
1.650461930877046500e+15,5.338253141842028704e-01
1.650461930878971250e+15,5.338253141842029814e-01
1.650461930880896000e+15,5.338253141842030924e-01
1.650461930882820500e+15,5.338253141842032035e-01
1.650461930884745250e+15,5.338253141842032035e-01
1.650461930886670000e+15,5.338253141842033145e-01
1.650461930888594750e+15,5.338253141842030924e-01
1.650461930890519500e+15,5.338253141842029814e-01
1.650461930892444250e+15,5.338253141842028704e-01
1.650461930894368750e+15,5.338253141842027594e-01
1.650461930896293500e+15,5.338253141842026483e-01
1.650461930898218250e+15,5.338253141842025373e-01
1.650461930900143000e+15,5.341702210411310991e-01
1.650461930902067750e+15,5.346540836306891142e-01
1.650461930903992500e+15,5.351379462202471293e-01
1.650461930905917000e+15,5.356217459623457966e-01
1.650461930907841750e+15,5.361056085519037007e-01
1.650461930909766500e+15,5.365894711414616047e-01
1.650461930911691250e+15,5.370733337310196198e-01
1.650461930913616000e+15,5.375571963205776349e-01
1.650461930915540750e+15,5.380410589101355390e-01
1.650461930917465250e+15,5.385248586522342062e-01
1.650461930919390000e+15,5.390087212417922213e-01
1.650461930921314750e+15,5.394925838313501254e-01
1.650461930923239500e+15,5.399168379396594997e-01
1.650461930925164250e+15,5.385043133509822555e-01
1.650461930927089000e+15,5.370917887623049003e-01
1.650461930929013500e+15,5.356794476422064299e-01
1.650461930930938250e+15,5.342669230535290747e-01
1.650461930932863000e+15,5.331216191140316640e-01
1.650461930934787750e+15,5.320978571440309057e-01
1.650461930936712500e+15,5.310740951740300364e-01
1.650461930938637250e+15,5.300503332040292781e-01
1.650461930940561750e+15,5.290267042073977244e-01
1.650461930942486500e+15,5.280029422373968551e-01
1.650461930944411250e+15,5.289574596579661447e-01
1.650461930946336000e+15,5.307853683541323697e-01
1.650461930948260750e+15,5.326132770502985947e-01
1.650461930950185500e+15,5.344411857464649307e-01
1.650461930952110000e+15,5.362688570210574213e-01
1.650461930954034750e+15,5.380967657172237573e-01
1.650461930955959500e+15,5.399246744133899822e-01
1.650461930957884250e+15,5.388518306695960769e-01
1.650461930959809000e+15,5.377197800502880876e-01
1.650461930961733750e+15,5.365877294309802092e-01
1.650461930963658250e+15,5.354558258503291368e-01
1.650461930965583000e+15,5.343237752310212585e-01
1.650461930967507750e+15,5.331917246117132692e-01
1.650461930969432500e+15,5.320596739924052798e-01
1.650461930971357250e+15,5.309276233730972905e-01
1.650461930973282000e+15,5.297955727537894122e-01
1.650461930975206500e+15,5.286636691731383397e-01
1.650461930977131250e+15,5.276893910326611037e-01
1.650461930979056000e+15,5.276893910326608816e-01
1.650461930980980750e+15,5.276893910326608816e-01
1.650461930982905500e+15,5.276893910326607706e-01
1.650461930984830250e+15,5.276893910326606596e-01
1.650461930986754750e+15,5.276893910326605486e-01
1.650461930988679500e+15,5.276893910326605486e-01
1.650461930990604250e+15,5.276893910326604376e-01
1.650461930992529000e+15,5.276893910326604376e-01
1.650461930994453750e+15,5.276893910326603265e-01
1.650461930996378500e+15,5.276893910326602155e-01
1.650461930998303000e+15,5.276893910326602155e-01
1.650461931000227750e+15,5.279610420778463320e-01
1.650461931002152500e+15,5.290221488241115821e-01
1.650461931004077250e+15,5.300832555703769433e-01
1.650461931006002000e+15,5.311443623166423045e-01
1.650461931007926750e+15,5.322054690629075546e-01
1.650461931009851250e+15,5.332664379852026793e-01
1.650461931011776000e+15,5.326310770404084627e-01
1.650461931013700750e+15,5.301079069608047867e-01
1.650461931015625500e+15,5.275847368812012217e-01
1.650461931017550250e+15,5.250615668015975457e-01
1.650461931019475000e+15,5.225383967219938697e-01
1.650461931021399500e+15,5.200155543693779636e-01
1.650461931023324250e+15,5.174923842897742876e-01
1.650461931025249000e+15,5.154175447295754608e-01
1.650461931027173750e+15,5.154175447295755719e-01
1.650461931029098500e+15,5.154175447295755719e-01
1.650461931031023250e+15,5.154175447295756829e-01
1.650461931032947750e+15,5.154175447295756829e-01
1.650461931034872500e+15,5.154175447295757939e-01
1.650461931036797250e+15,5.154175447295759049e-01
1.650461931038722000e+15,5.154175447295759049e-01
1.650461931040646750e+15,5.154175447295760160e-01
1.650461931042571500e+15,5.154175447295761270e-01
1.650461931044496000e+15,5.154175447295762380e-01
1.650461931046420750e+15,5.154175447295763490e-01
1.650461931048345500e+15,5.166797810093375354e-01
1.650461931050270250e+15,5.181306554670683795e-01
1.650461931052195000e+15,5.195815299247992236e-01
1.650461931054119750e+15,5.210324043825301787e-01
1.650461931056044250e+15,5.208879041160763279e-01
1.650461931057969000e+15,5.198491497217818669e-01
1.650461931059893750e+15,5.188103953274874058e-01
1.650461931061818500e+15,5.177716409331928338e-01
1.650461931063743250e+15,5.167328865388983727e-01
1.650461931065668000e+15,5.156941321446039117e-01
1.650461931067592500e+15,5.146555126709997374e-01
1.650461931069517250e+15,5.136167582767051654e-01
1.650461931071442000e+15,5.125780038824107043e-01
1.650461931073366750e+15,5.115392494881162433e-01
1.650461931075291500e+15,5.105004950938217823e-01
1.650461931077216250e+15,5.094617406995272102e-01
1.650461931079140750e+15,5.101584379410691872e-01
1.650461931081065500e+15,5.112193540465248542e-01
1.650461931082990250e+15,5.122802701519806323e-01
1.650461931084915000e+15,5.133411862574362994e-01
1.650461931086839750e+15,5.144021023628919664e-01
1.650461931088764500e+15,5.154175447295763490e-01
1.650461931090689000e+15,5.154175447295761270e-01
1.650461931092613750e+15,5.154175447295759049e-01
1.650461931094538500e+15,5.154175447295755719e-01
1.650461931096463250e+15,5.154175447295753498e-01
1.650461931098388000e+15,5.154175447295751278e-01
1.650461931100312750e+15,5.154175447295749057e-01
1.650461931102237250e+15,5.154175447295745727e-01
1.650461931104162000e+15,5.142631422889236692e-01
1.650461931106086750e+15,5.128924229196188955e-01
1.650461931108011500e+15,5.115217035503141219e-01
1.650461931109936250e+15,5.101509841810094592e-01
1.650461931111861000e+15,5.092816215780331390e-01
1.650461931113785500e+15,5.092816215780331390e-01
1.650461931115710250e+15,5.092816215780331390e-01
1.650461931117635000e+15,5.092816215780331390e-01
1.650461931119559750e+15,5.092816215780331390e-01
1.650461931121484500e+15,5.092816215780331390e-01
1.650461931123409250e+15,5.092816215780331390e-01
1.650461931125334000e+15,5.092816215780331390e-01
1.650461931127258500e+15,5.092816215780331390e-01
1.650461931129183250e+15,5.092816215780331390e-01
1.650461931131108000e+15,5.092816215780331390e-01
1.650461931133032750e+15,5.092816215780331390e-01
1.650461931134957500e+15,5.092816215780331390e-01
1.650461931136882250e+15,5.092816215780331390e-01
1.650461931138806750e+15,5.092816215780331390e-01
1.650461931140731500e+15,5.092816215780331390e-01
1.650461931142656250e+15,5.092816215780331390e-01
1.650461931144581000e+15,5.092816215780331390e-01
1.650461931146505750e+15,5.092816215780331390e-01
1.650461931148430500e+15,5.092816215780331390e-01
1.650461931150355000e+15,5.092816215780331390e-01
1.650461931152279750e+15,5.092523800692640989e-01
1.650461931154204500e+15,5.080221594353129255e-01
1.650461931156129250e+15,5.067919388013617521e-01
1.650461931158054000e+15,5.055617181674105787e-01
1.650461931159978750e+15,5.043314975334595163e-01
1.650461931161903250e+15,5.031014366891737311e-01
1.650461931163828000e+15,5.018712160552225576e-01
1.650461931165752750e+15,5.006409954212713842e-01
1.650461931167677500e+15,4.994107747873203218e-01
1.650461931169602250e+15,4.981805541533691484e-01
1.650461931171527000e+15,4.970332208089923154e-01
1.650461931173451500e+15,4.975183921021902878e-01
1.650461931175376250e+15,4.980036264210172536e-01
1.650461931177301000e+15,4.984888607398442750e-01
1.650461931179225750e+15,4.989740950586714074e-01
1.650461931181150500e+15,4.994593293774983178e-01
1.650461931183075250e+15,4.999445636963253947e-01
1.650461931184999750e+15,5.004297349895232561e-01
1.650461931186924500e+15,5.009149693083503330e-01
1.650461931188849250e+15,5.014002036271772988e-01
1.650461931190774000e+15,5.018854379460043758e-01
1.650461931192698750e+15,5.023706722648313416e-01
1.650461931194623500e+15,5.028559065836584185e-01
1.650461931196548000e+15,5.029107043346522365e-01
1.650461931198472750e+15,5.023270851368892842e-01
1.650461931200397500e+15,5.017434659391263319e-01
1.650461931202322250e+15,5.011598467413633795e-01
1.650461931204247000e+15,5.005762275436004272e-01
1.650461931206171750e+15,4.999926083458374748e-01
1.650461931208096250e+15,4.994090649526202741e-01
1.650461931210021000e+15,4.988254457548573217e-01
1.650461931211945750e+15,4.982418265570943694e-01
1.650461931213870500e+15,4.976582073593314171e-01
1.650461931215795250e+15,4.970745881615685202e-01
1.650461931217720000e+15,4.970097752749484954e-01
1.650461931219644500e+15,4.970097752749484954e-01
1.650461931221569250e+15,4.970097752749484399e-01
1.650461931223494000e+15,4.970097752749484954e-01
1.650461931225418750e+15,4.970097752749484954e-01
1.650461931227343500e+15,4.970097752749484954e-01
1.650461931229268250e+15,4.970097752749484954e-01
1.650461931231192750e+15,4.970097752749484954e-01
1.650461931233117500e+15,4.969354054755538153e-01
1.650461931235042250e+15,4.958711432347742698e-01
1.650461931236967000e+15,4.948068809939946133e-01
1.650461931238891750e+15,4.937426187532150679e-01
1.650461931240816500e+15,4.926783565124355224e-01
1.650461931242741000e+15,4.916142325054838058e-01
1.650461931244665750e+15,4.910791129449947889e-01
1.650461931246590500e+15,4.917535914193483793e-01
1.650461931248515250e+15,4.924280698937019141e-01
1.650461931250440000e+15,4.931025483680554489e-01
1.650461931252364750e+15,4.937770268424090947e-01
1.650461931254289250e+15,4.944514177107781627e-01
1.650461931256214000e+15,4.951258961851317530e-01
1.650461931258138750e+15,4.958003746594853434e-01
1.650461931260063500e+15,4.964748531338388782e-01
1.650461931261988250e+15,4.970097752749484954e-01
1.650461931263913000e+15,4.970097752749484399e-01
1.650461931265837500e+15,4.970097752749484954e-01
1.650461931267762250e+15,4.970097752749484954e-01
1.650461931269687000e+15,4.970097752749484954e-01
1.650461931271611750e+15,4.970097752749484954e-01
1.650461931273536500e+15,4.970097752749484954e-01
1.650461931275461250e+15,4.970097752749484399e-01
1.650461931277385750e+15,4.970097752749484399e-01
1.650461931279310500e+15,4.970097752749484954e-01
1.650461931281235250e+15,4.970097752749484399e-01
1.650461931283160000e+15,4.970097752749484399e-01
1.650461931285084750e+15,4.965693876752413360e-01
1.650461931287009500e+15,4.958459944321976787e-01
1.650461931288934000e+15,4.951226951485309113e-01
1.650461931290858750e+15,4.943993019054872540e-01
1.650461931292783500e+15,4.936759086624435411e-01
1.650461931294708250e+15,4.929525154193998837e-01
1.650461931296633000e+15,4.922291221763561708e-01
1.650461931298557750e+15,4.915057289333125135e-01
1.650461931300482250e+15,4.908738521234061736e-01
1.650461931302407000e+15,4.908738521234059515e-01
1.650461931304331750e+15,4.908738521234057850e-01
1.650461931306256500e+15,4.908738521234056185e-01
1.650461931308181250e+15,4.908738521234055074e-01
1.650461931310106000e+15,4.908738521234052854e-01
1.650461931312030500e+15,4.908738521234051744e-01
1.650461931313955250e+15,4.908738521234049523e-01
1.650461931315880000e+15,4.908738521234048413e-01
1.650461931317804750e+15,4.908738521234046748e-01
1.650461931319729500e+15,4.908738521234045082e-01
1.650461931321654250e+15,4.908738521234044527e-01
1.650461931323578750e+15,4.908738521234043972e-01
1.650461931325503500e+15,4.908738521234043972e-01
1.650461931327428250e+15,4.908738521234043972e-01
1.650461931329353000e+15,4.908738521234043972e-01
1.650461931331277750e+15,4.908738521234043972e-01
1.650461931333202500e+15,4.908738521234044527e-01
1.650461931335127000e+15,4.908738521234045082e-01
1.650461931337051750e+15,4.908738521234046193e-01
1.650461931338976500e+15,4.908738521234047303e-01
1.650461931340901250e+15,4.908738521234047303e-01
1.650461931342826000e+15,4.908738521234048413e-01
1.650461931344750750e+15,4.908738521234048968e-01
1.650461931346675250e+15,4.908738521234049523e-01
1.650461931348600000e+15,4.908738521234050078e-01
1.650461931350524750e+15,4.908738521234050634e-01
1.650461931352449500e+15,4.908738521234051189e-01
1.650461931354374250e+15,4.908738521234052299e-01
1.650461931356299000e+15,4.888590302714531100e-01
1.650461931358223500e+15,4.856781240745031702e-01
1.650461931360148250e+15,4.824968046655245812e-01
1.650461931362073000e+15,4.793154852565459367e-01
1.650461931363997750e+15,4.761341658475672922e-01
1.650461931365922500e+15,4.729528464385887032e-01
1.650461931367847250e+15,4.724660826687773763e-01
1.650461931369771750e+15,4.724660826687773763e-01
1.650461931371696500e+15,4.724660826687773763e-01
1.650461931373621250e+15,4.724660826687773763e-01
1.650461931375546000e+15,4.724660826687773207e-01
1.650461931377470750e+15,4.724660826687774318e-01
1.650461931379395500e+15,4.724660826687773207e-01
1.650461931381320000e+15,4.724660826687774318e-01
1.650461931383244750e+15,4.724660826687773207e-01
1.650461931385169500e+15,4.724660826687774318e-01
1.650461931387094250e+15,4.724660826687773763e-01
1.650461931389019000e+15,4.724660826687773763e-01
1.650461931390943750e+15,4.724660826687773763e-01
1.650461931392868250e+15,4.724660826687773763e-01
1.650461931394793000e+15,4.723355427822960584e-01
1.650461931396717750e+15,4.702241423914974572e-01
1.650461931398642500e+15,4.681127420006989115e-01
1.650461931400567250e+15,4.660013416099002548e-01
1.650461931402492000e+15,4.638899412191016536e-01
1.650461931404416500e+15,4.617788150717621054e-01
1.650461931406341250e+15,4.605948041755918432e-01
1.650461931408266000e+15,4.622002032221400047e-01
1.650461931410190750e+15,4.638056022686882218e-01
1.650461931412115500e+15,4.654110013152364944e-01
1.650461931414040250e+15,4.670164003617846560e-01
1.650461931415964750e+15,4.686215908878696434e-01
1.650461931417889500e+15,4.702269899344178050e-01
1.650461931419814250e+15,4.718323889809660776e-01
1.650461931421739000e+15,4.718723658522037678e-01
1.650461931423663750e+15,4.708914590344354112e-01
1.650461931425588500e+15,4.699105522166671101e-01
1.650461931427513000e+15,4.689297728059408366e-01
1.650461931429437750e+15,4.679488659881725354e-01
1.650461931431362500e+15,4.669679591704041788e-01
1.650461931433287250e+15,4.663301595172351099e-01
1.650461931435212000e+15,4.663301595172350544e-01
1.650461931437136750e+15,4.663301595172351099e-01
1.650461931439061250e+15,4.663301595172351099e-01
1.650461931440986000e+15,4.663301595172350544e-01
1.650461931442910750e+15,4.663301595172351099e-01
1.650461931444835500e+15,4.663301595172351099e-01
1.650461931446760250e+15,4.663301595172351099e-01
1.650461931448685000e+15,4.663301595172351099e-01
1.650461931450609500e+15,4.663301595172351099e-01
1.650461931452534250e+15,4.663301595172351099e-01
1.650461931454459000e+15,4.663301595172351099e-01
1.650461931456383750e+15,4.663301595172351099e-01
1.650461931458308500e+15,4.663301595172351099e-01
1.650461931460233250e+15,4.663301595172351655e-01
1.650461931462157750e+15,4.663301595172351099e-01
1.650461931464082500e+15,4.663301595172351099e-01
1.650461931466007250e+15,4.663301595172351099e-01
1.650461931467932000e+15,4.663301595172351099e-01
1.650461931469856750e+15,4.663301595172351099e-01
1.650461931471781500e+15,4.663301595172351099e-01
1.650461931473706250e+15,4.663301595172351099e-01
1.650461931475630750e+15,4.663301595172351655e-01
1.650461931477555500e+15,4.663301595172351655e-01
1.650461931479480250e+15,4.667139828978389415e-01
1.650461931481405000e+15,4.674914246782307381e-01
1.650461931483329750e+15,4.682688664586224792e-01
1.650461931485254500e+15,4.690463082390142757e-01
1.650461931487179000e+15,4.698236490398266518e-01
1.650461931489103750e+15,4.706010908202184484e-01
1.650461931491028500e+15,4.713785326006102450e-01
1.650461931492953250e+15,4.721559743810020415e-01
1.650461931494878000e+15,4.718550780137869549e-01
1.650461931496802750e+15,4.708386292586504429e-01
1.650461931498727250e+15,4.698223125269916922e-01
1.650461931500652000e+15,4.688058637718552357e-01
1.650461931502576750e+15,4.677894150167187237e-01
1.650461931504501500e+15,4.667729662615822117e-01
1.650461931506426250e+15,4.657532903357081144e-01
1.650461931508351000e+15,4.647311232865535824e-01
1.650461931510275500e+15,4.637090890036088542e-01
1.650461931512200250e+15,4.626869219544543776e-01
1.650461931514125000e+15,4.616647549052998456e-01
1.650461931516049750e+15,4.606425878561453691e-01
1.650461931517974500e+15,4.601942363656927326e-01
1.650461931519899250e+15,4.601942363656927326e-01
1.650461931521823750e+15,4.601942363656927881e-01
1.650461931523748500e+15,4.601942363656927881e-01
1.650461931525673250e+15,4.601942363656927881e-01
1.650461931527598000e+15,4.605778051560621145e-01
1.650461931529522750e+15,4.611444007272544332e-01
1.650461931531447500e+15,4.617109962984466409e-01
1.650461931533372000e+15,4.622775182762408619e-01
1.650461931535296750e+15,4.628441138474331806e-01
1.650461931537221500e+15,4.634107094186253328e-01
1.650461931539146250e+15,4.639773049898175961e-01
1.650461931541071000e+15,4.645439005610098038e-01
1.650461931542995750e+15,4.651104961322021225e-01
1.650461931544920250e+15,4.656770181099963435e-01
1.650461931546845000e+15,4.662436136811885512e-01
1.650461931548769750e+15,4.653444283893286570e-01
1.650461931550694500e+15,4.641809845822228997e-01
1.650461931552619250e+15,4.630175407751170868e-01
1.650461931554544000e+15,4.618540969680112740e-01
1.650461931556468500e+15,4.606908042771293288e-01
1.650461931558393250e+15,4.601942363656927881e-01
1.650461931560318000e+15,4.601942363656927326e-01
1.650461931562242750e+15,4.601942363656926771e-01
1.650461931564167500e+15,4.601942363656927881e-01
1.650461931566092250e+15,4.601942363656927326e-01
1.650461931568016750e+15,4.601942363656927881e-01
1.650461931569941500e+15,4.601942363656927326e-01
1.650461931571866250e+15,4.601942363656927326e-01
1.650461931573791000e+15,4.601942363656927326e-01
1.650461931575715750e+15,4.601942363656927881e-01
1.650461931577640500e+15,4.601942363656927881e-01
1.650461931579565000e+15,4.601942363656927326e-01
1.650461931581489750e+15,4.601942363656927326e-01
1.650461931583414500e+15,4.601942363656927881e-01
1.650461931585339250e+15,4.601942363656928436e-01
1.650461931587264000e+15,4.601942363656927881e-01
1.650461931589188750e+15,4.601942363656927881e-01
1.650461931591113250e+15,4.601942363656927881e-01
1.650461931593038000e+15,4.601942363656927881e-01
1.650461931594962750e+15,4.601942363656927881e-01
1.650461931596887500e+15,4.601942363656927881e-01
1.650461931598812250e+15,4.601942363656928436e-01
1.650461931600737000e+15,4.601942363656927881e-01
1.650461931602661500e+15,4.601942363656927881e-01
1.650461931604586250e+15,4.601942363656927881e-01
1.650461931606511000e+15,4.601942363656927881e-01
1.650461931608435750e+15,4.601942363656927881e-01
1.650461931610360500e+15,4.601942363656927881e-01
1.650461931612285250e+15,4.567597994640356651e-01
1.650461931614209750e+15,4.532067427150829886e-01
1.650461931616134500e+15,4.496532244103043086e-01
1.650461931618059250e+15,4.476456062678818570e-01
1.650461931619984000e+15,4.471059865070333150e-01
1.650461931621908750e+15,4.465663667461847730e-01
1.650461931623833500e+15,4.460267469853362310e-01
1.650461931625758000e+15,4.454871973140787089e-01
1.650461931627682750e+15,4.449475775532301114e-01
1.650461931629607500e+15,4.444079577923816249e-01
1.650461931631532250e+15,4.438683380315330274e-01
1.650461931633457000e+15,4.433287182706845408e-01
1.650461931635381750e+15,4.427890985098359988e-01
1.650461931637306250e+15,4.422495488385784213e-01
1.650461931639231000e+15,4.414061497308239823e-01
1.650461931641155750e+15,4.387247742998030553e-01
1.650461931643080500e+15,4.360433988687820728e-01
1.650461931645005250e+15,4.333620234377610902e-01
1.650461931646930000e+15,4.306806480067401077e-01
1.650461931648854500e+15,4.279996208515250977e-01
1.650461931650779250e+15,4.253182454205042262e-01
1.650461931652704000e+15,4.226368699894832437e-01
1.650461931654628750e+15,4.199554945584622612e-01
1.650461931656553500e+15,4.172741191274411676e-01
1.650461931658478250e+15,4.177943578697075333e-01
1.650461931660402750e+15,4.183523931282088215e-01
1.650461931662327500e+15,4.189105008776504158e-01
1.650461931664252250e+15,4.194686086270920100e-01
1.650461931666177000e+15,4.200267163765335487e-01
1.650461931668101750e+15,4.205848241259750875e-01
1.650461931670026500e+15,4.211429318754166817e-01
1.650461931671951000e+15,4.217009671339179144e-01
1.650461931673875750e+15,4.222590748833594532e-01
1.650461931675800500e+15,4.228171826328010474e-01
1.650461931677725250e+15,4.233752903822426417e-01
1.650461931679650000e+15,4.233786974564371919e-01
1.650461931681574750e+15,4.233786974564371364e-01
1.650461931683499250e+15,4.233786974564371364e-01
1.650461931685424000e+15,4.233786974564371919e-01
1.650461931687348750e+15,4.233786974564371364e-01
1.650461931689273500e+15,4.233786974564370809e-01
1.650461931691198250e+15,4.233786974564370253e-01
1.650461931693123000e+15,4.233786974564370253e-01
1.650461931695047500e+15,4.233786974564370809e-01
1.650461931696972250e+15,4.233786974564370809e-01
1.650461931698897000e+15,4.233786974564370809e-01
1.650461931700821750e+15,4.233786974564370809e-01
1.650461931702746500e+15,4.233786974564370809e-01
1.650461931704671250e+15,4.233786974564370809e-01
1.650461931706595750e+15,4.233786974564370809e-01
1.650461931708520500e+15,4.233786974564370253e-01
1.650461931710445250e+15,4.233786974564370253e-01
1.650461931712370000e+15,4.233786974564371364e-01
1.650461931714294750e+15,4.233786974564371364e-01
1.650461931716219500e+15,4.233786974564370809e-01
1.650461931718144000e+15,4.233786974564371919e-01
1.650461931720068750e+15,4.233786974564371919e-01
1.650461931721993500e+15,4.233786974564371919e-01
1.650461931723918250e+15,4.233786974564371919e-01
1.650461931725843000e+15,4.233786974564371919e-01
1.650461931727767750e+15,4.233786974564371919e-01
1.650461931729692250e+15,4.233786974564371364e-01
1.650461931731617000e+15,4.233786974564371919e-01
1.650461931733541750e+15,4.233786974564371919e-01
1.650461931735466500e+15,4.233786974564370809e-01
1.650461931737391250e+15,4.233786974564370809e-01
1.650461931739316000e+15,4.233786974564371919e-01
1.650461931741240500e+15,4.233786974564370809e-01
1.650461931743165250e+15,4.233786974564370809e-01
1.650461931745090000e+15,4.233786974564370809e-01
1.650461931747014750e+15,4.233786974564371364e-01
1.650461931748939500e+15,4.233786974564370809e-01
1.650461931750864250e+15,4.233786974564370809e-01
1.650461931752788750e+15,4.233786974564370809e-01
1.650461931754713500e+15,4.233786974564370809e-01
1.650461931756638250e+15,4.233786974564370809e-01
1.650461931758563000e+15,4.232017923352853761e-01
1.650461931760487750e+15,4.218768968802785180e-01
1.650461931762412500e+15,4.205520014252716599e-01
1.650461931764337000e+15,4.192272780569585855e-01
1.650461931766261750e+15,4.179023826019516719e-01
1.650461931768186500e+15,4.175997244509140893e-01
1.650461931770111250e+15,4.183105778327566027e-01
1.650461931772036000e+15,4.190214312145991160e-01
1.650461931773960750e+15,4.197322845964415183e-01
1.650461931775885250e+15,4.204430456476720424e-01
1.650461931777810000e+15,4.211538990295145002e-01
1.650461931779734750e+15,4.218647524113570135e-01
1.650461931781659500e+15,4.225756057931995269e-01
1.650461931783584250e+15,4.232864591750420402e-01
1.650461931785509000e+15,4.233786974564370809e-01
1.650461931787433500e+15,4.233786974564370809e-01
1.650461931789358250e+15,4.233786974564370809e-01
1.650461931791283000e+15,4.233786974564370809e-01
1.650461931793207750e+15,4.233501848023871750e-01
1.650461931795132500e+15,4.227318216375130500e-01
1.650461931797057250e+15,4.221134584726388694e-01
1.650461931798981750e+15,4.214951756251001380e-01
1.650461931800906500e+15,4.208768124602260130e-01
1.650461931802831250e+15,4.202584492953518325e-01
1.650461931804756000e+15,4.196400861304776519e-01
1.650461931806680750e+15,4.190217229656035824e-01
1.650461931808605500e+15,4.184033598007294574e-01
1.650461931810530000e+15,4.177850769531906705e-01
1.650461931812454750e+15,4.173669031441776811e-01
1.650461931814379500e+15,4.183760561892029273e-01
1.650461931816304250e+15,4.193852092342282845e-01
1.650461931818229000e+15,4.203943622792535861e-01
1.650461931820153750e+15,4.214035153242788878e-01
1.650461931822078250e+15,4.224125372934443012e-01
1.650461931824003000e+15,4.233421342925371422e-01
1.650461931825927750e+15,4.224839031984355953e-01
1.650461931827852500e+15,4.216256721043341593e-01
1.650461931829777250e+15,4.207674410102325568e-01
1.650461931831702000e+15,4.199092099161311209e-01
1.650461931833626750e+15,4.190509788220295739e-01
1.650461931835551250e+15,4.181928592009886980e-01
1.650461931837476000e+15,4.173346281068872066e-01
1.650461931839400750e+15,4.172427743048947590e-01
1.650461931841325500e+15,4.172427743048948146e-01
1.650461931843250250e+15,4.172427743048947590e-01
1.650461931845175000e+15,4.172427743048947590e-01
1.650461931847099500e+15,4.172427743048948146e-01
1.650461931849024250e+15,4.172427743048948146e-01
1.650461931850949000e+15,4.166390998225708575e-01
1.650461931852873750e+15,4.157674400627411337e-01
1.650461931854798500e+15,4.148957803029114100e-01
1.650461931856723250e+15,4.140241205430816862e-01
1.650461931858647750e+15,4.131525740005217440e-01
1.650461931860572500e+15,4.122809142406920202e-01
1.650461931862497250e+15,4.114092544808622964e-01
1.650461931864422000e+15,4.111068511533515490e-01
1.650461931866346750e+15,4.111068511533515490e-01
1.650461931868271500e+15,4.111068511533515490e-01
1.650461931870196000e+15,4.111068511533515490e-01
1.650461931872120750e+15,4.111068511533515490e-01
1.650461931874045500e+15,4.111068511533515490e-01
1.650461931875970250e+15,4.111068511533515490e-01
1.650461931877895000e+15,4.111068511533515490e-01
1.650461931879819750e+15,4.111068511533516046e-01
1.650461931881744250e+15,4.111068511533515490e-01
1.650461931883669000e+15,4.112699304025527747e-01
1.650461931885593750e+15,4.122923629266574408e-01
1.650461931887518500e+15,4.133147954507621069e-01
1.650461931889443250e+15,4.143372279748667175e-01
1.650461931891368000e+15,4.153596604989714391e-01
1.650461931893292500e+15,4.163819602223845506e-01
1.650461931895217250e+15,4.170714246381800328e-01
1.650461931897142000e+15,4.159874303209765145e-01
1.650461931899066750e+15,4.149034360037730518e-01
1.650461931900991500e+15,4.138194416865695890e-01
1.650461931902916250e+15,4.127354473693660708e-01
1.650461931904840750e+15,4.116515938489306858e-01
1.650461931906765500e+15,4.105675995317271676e-01
1.650461931908690250e+15,4.094836052145236494e-01
1.650461931910615000e+15,4.083996108973202421e-01
1.650461931912539750e+15,4.073156165801167794e-01
1.650461931914464500e+15,4.062316222629132612e-01
1.650461931916389000e+15,4.051477687424777652e-01
1.650461931918313750e+15,4.062970300031976123e-01
1.650461931920238500e+15,4.078816426539331186e-01
1.650461931922163250e+15,4.094662553046686249e-01
1.650461931924088000e+15,4.110508679554041866e-01
1.650461931926012750e+15,4.126354806061397484e-01
1.650461931927937250e+15,4.142198874362945649e-01
1.650461931929862000e+15,4.158045000870300711e-01
1.650461931931786750e+15,4.170951483790438230e-01
1.650461931933711500e+15,4.154965942255609002e-01
1.650461931935636250e+15,4.138980400720779773e-01
1.650461931937561000e+15,4.122994859185949990e-01
1.650461931939485500e+15,4.107011393965127044e-01
1.650461931941410250e+15,4.091025852430297816e-01
1.650461931943335000e+15,4.075040310895468587e-01
1.650461931945259750e+15,4.059054769360639359e-01
1.650461931947184500e+15,4.045743499452483793e-01
1.650461931949109250e+15,4.036196112155853721e-01
1.650461931951033750e+15,4.026649964940701709e-01
1.650461931952958500e+15,4.017102577644071637e-01
1.650461931954883250e+15,4.007555190347441565e-01
1.650461931956808000e+15,3.998007803050812603e-01
1.650461931958732750e+15,3.988460415754181976e-01
1.650461931960657500e+15,3.999349383088374732e-01
1.650461931962582000e+15,4.010475911030655927e-01
1.650461931964506750e+15,4.021603884351989677e-01
1.650461931966431500e+15,4.032731857673322873e-01
1.650461931968356250e+15,4.043859830994656068e-01
1.650461931970281000e+15,4.054987804315989819e-01
1.650461931972205750e+15,4.066115777637322459e-01
1.650461931974130250e+15,4.077242305579604209e-01
1.650461931976055000e+15,4.088370278900937960e-01
1.650461931977979750e+15,4.099498252222271155e-01
1.650461931979904500e+15,4.110626225543604351e-01
1.650461931981829250e+15,4.085323403781329077e-01
1.650461931983754000e+15,4.058512693030066898e-01
1.650461931985678500e+15,4.031705464641546222e-01
1.650461931987603250e+15,4.004894753890284043e-01
1.650461931989528000e+15,3.991642255377076953e-01
1.650461931991452750e+15,4.000240186423910660e-01
1.650461931993377500e+15,4.008838117470744922e-01
1.650461931995302250e+15,4.017436048517579184e-01
1.650461931997226750e+15,4.026032862804957424e-01
1.650461931999151500e+15,4.034630793851791686e-01
1.650461932001076250e+15,4.043228724898625392e-01
1.650461932003001000e+15,4.045435741926554085e-01
1.650461932004925750e+15,4.028082382344933543e-01
1.650461932006850500e+15,4.010729022763312446e-01
1.650461932008775000e+15,3.993377917157479029e-01
1.650461932010699750e+15,3.976024557575857932e-01
1.650461932012624500e+15,3.958671197994237390e-01
1.650461932014549250e+15,3.941317838412616847e-01
1.650461932016474000e+15,3.923964478830995750e-01
1.650461932018398750e+15,3.906611119249375208e-01
1.650461932020323250e+15,3.889260013643541236e-01
1.650461932022248000e+15,3.871906654061920694e-01
1.650461932024172750e+15,3.865631585471813736e-01
1.650461932026097500e+15,3.865631585471813736e-01
1.650461932028022250e+15,3.865631585471813736e-01
1.650461932029947000e+15,3.865631585471813736e-01
1.650461932031871500e+15,3.865631585471813736e-01
1.650461932033796250e+15,3.865631585471813736e-01
1.650461932035721000e+15,3.865631585471813736e-01
1.650461932037645750e+15,3.865631585471813736e-01
1.650461932039570500e+15,3.865631585471813736e-01
1.650461932041495250e+15,3.865631585471813736e-01
1.650461932043419750e+15,3.865631585471813181e-01
1.650461932045344500e+15,3.865631585471813181e-01
1.650461932047269250e+15,3.865631585471813736e-01
1.650461932049194000e+15,3.857284247372230190e-01
1.650461932051118750e+15,3.848627706958881456e-01
1.650461932053043500e+15,3.839971166545533277e-01
1.650461932054968000e+15,3.831315750504235007e-01
1.650461932056892750e+15,3.822659210090886273e-01
1.650461932058817500e+15,3.814002669677538093e-01
1.650461932060742250e+15,3.805346129264189359e-01
1.650461932062667000e+15,3.804272353956389963e-01
1.650461932064591750e+15,3.804272353956389963e-01
1.650461932066516250e+15,3.804272353956390518e-01
1.650461932068441000e+15,3.804272353956390518e-01
1.650461932070365750e+15,3.804272353956390518e-01
1.650461932072290500e+15,3.804272353956390518e-01
1.650461932074215250e+15,3.804272353956390518e-01
1.650461932076140000e+15,3.804272353956390518e-01
1.650461932078064500e+15,3.804272353956390518e-01
1.650461932079989250e+15,3.804272353956390518e-01
1.650461932081914000e+15,3.804272353956390518e-01
1.650461932083838750e+15,3.804272353956390518e-01
1.650461932085763500e+15,3.804272353956390518e-01
1.650461932087688250e+15,3.804272353956390518e-01
1.650461932089612750e+15,3.804272353956390518e-01
1.650461932091537500e+15,3.804272353956389963e-01
1.650461932093462250e+15,3.804272353956390518e-01
1.650461932095387000e+15,3.804272353956390518e-01
1.650461932097311750e+15,3.804272353956390518e-01
1.650461932099236500e+15,3.804272353956390518e-01
1.650461932101161000e+15,3.804272353956391073e-01
1.650461932103085750e+15,3.804272353956390518e-01
1.650461932105010500e+15,3.804272353956390518e-01
1.650461932106935250e+15,3.804272353956390518e-01
1.650461932108860000e+15,3.804272353956390518e-01
1.650461932110784750e+15,3.804272353956390518e-01
1.650461932112709250e+15,3.804272353956389963e-01
1.650461932114634000e+15,3.804272353956390518e-01
1.650461932116558750e+15,3.804272353956390518e-01
1.650461932118483500e+15,3.804272353956390518e-01
1.650461932120408250e+15,3.804272353956389963e-01
1.650461932122333000e+15,3.804272353956390518e-01
1.650461932124257500e+15,3.804272353956389963e-01
1.650461932126182250e+15,3.804272353956390518e-01
1.650461932128107000e+15,3.804272353956391073e-01
1.650461932130031750e+15,3.804272353956390518e-01
1.650461932131956500e+15,3.804272353956390518e-01
1.650461932133881250e+15,3.804272353956390518e-01
1.650461932135805750e+15,3.804272353956390518e-01
1.650461932137730500e+15,3.804272353956390518e-01
1.650461932139655250e+15,3.804272353956390518e-01
1.650461932141580000e+15,3.789769144728132866e-01
1.650461932143504750e+15,3.764755657306906866e-01
1.650461932145429500e+15,3.739742169885680312e-01
1.650461932147354000e+15,3.714731931391253017e-01
1.650461932149278750e+15,3.689718443970027018e-01
1.650461932151203500e+15,3.688263197129443838e-01
1.650461932153128250e+15,3.698223657689392319e-01
1.650461932155053000e+15,3.708184118249341354e-01
1.650461932156977750e+15,3.718144578809290390e-01
1.650461932158902250e+15,3.728103745634914756e-01
1.650461932160827000e+15,3.738064206194863237e-01
1.650461932162751750e+15,3.742913122440959528e-01
1.650461932164676500e+15,3.742913122440961748e-01
1.650461932166601250e+15,3.742913122440963969e-01
1.650461932168526000e+15,3.742913122440965634e-01
1.650461932170450500e+15,3.742913122440967300e-01
1.650461932172375250e+15,3.736809626052065014e-01
1.650461932174300000e+15,3.729988488194878604e-01
1.650461932176224750e+15,3.723167350337692749e-01
1.650461932178149500e+15,3.716346212480505784e-01
1.650461932180074250e+15,3.709525074623319374e-01
1.650461932181999000e+15,3.702703936766132964e-01
1.650461932183923500e+15,3.695883684886067666e-01
1.650461932185848250e+15,3.689062547028881256e-01
1.650461932187773000e+15,3.682241409171694291e-01
1.650461932189697750e+15,3.681553890925535200e-01
1.650461932191622500e+15,3.681553890925535755e-01
1.650461932193547250e+15,3.681553890925535200e-01
1.650461932195471750e+15,3.681553890925535200e-01
1.650461932197396500e+15,3.681553890925535200e-01
1.650461932199321250e+15,3.681553890925535200e-01
1.650461932201246000e+15,3.681553890925535755e-01
1.650461932203170750e+15,3.681553890925535755e-01
1.650461932205095500e+15,3.681553890925535755e-01
1.650461932207020000e+15,3.681553890925535200e-01
1.650461932208944750e+15,3.681553890925536310e-01
1.650461932210869500e+15,3.681553890925535200e-01
1.650461932212794250e+15,3.681553890925535755e-01
1.650461932214719000e+15,3.681553890925536310e-01
1.650461932216643750e+15,3.681553890925535755e-01
1.650461932218568250e+15,3.681553890925535755e-01
1.650461932220493000e+15,3.687620796073559082e-01
1.650461932222417750e+15,3.694762860711882091e-01
1.650461932224342500e+15,3.701904925350205655e-01
1.650461932226267250e+15,3.709046989988528109e-01
1.650461932228192000e+15,3.716189054626851673e-01
1.650461932230116500e+15,3.723330191603836936e-01
1.650461932232041250e+15,3.730472256242160500e-01
1.650461932233966000e+15,3.737614320880483509e-01
1.650461932235890750e+15,3.741628339172737294e-01
1.650461932237815500e+15,3.736650208129940198e-01
1.650461932239740250e+15,3.731672077087144213e-01
1.650461932241664750e+15,3.726694592638845616e-01
1.650461932243589500e+15,3.721716461596048520e-01
1.650461932245514250e+15,3.716738330553251424e-01
1.650461932247439000e+15,3.711760199510454883e-01
1.650461932249363750e+15,3.706782068467657787e-01
1.650461932251288500e+15,3.701803937424861246e-01
1.650461932253213000e+15,3.696826452976562649e-01
1.650461932255137750e+15,3.691848321933766108e-01
1.650461932257062500e+15,3.686870190890969012e-01
1.650461932258987250e+15,3.681892059848171916e-01
1.650461932260912000e+15,3.681553890925535200e-01
1.650461932262836750e+15,3.681553890925535200e-01
1.650461932264761250e+15,3.681553890925535200e-01
1.650461932266686000e+15,3.681553890925535200e-01
1.650461932268610750e+15,3.681553890925535755e-01
1.650461932270535500e+15,3.675709333610635565e-01
1.650461932272460250e+15,3.666228244953363413e-01
1.650461932274385000e+15,3.656747156296091261e-01
1.650461932276309500e+15,3.647267299108964966e-01
1.650461932278234250e+15,3.637786210451692814e-01
1.650461932280159000e+15,3.628305121794421217e-01
1.650461932282083750e+15,3.618824033137149065e-01
1.650461932284008500e+15,3.609342944479876358e-01
1.650461932285933250e+15,3.599861855822604206e-01
1.650461932287857750e+15,3.590381998635478467e-01
1.650461932289782500e+15,3.580900909978206315e-01
1.650461932291707250e+15,3.571419821320934718e-01
1.650461932293632000e+15,3.561938732663661455e-01
1.650461932295556750e+15,3.565782338090962567e-01
1.650461932297481500e+15,3.576109478774708306e-01
1.650461932299406000e+15,3.586435278097149237e-01
1.650461932301330750e+15,3.596762418780894421e-01
1.650461932303255500e+15,3.607089559464639050e-01
1.650461932305180250e+15,3.617416700148384789e-01
1.650461932307105000e+15,3.620194659410111981e-01
1.650461932309029750e+15,3.620194659410111981e-01
1.650461932310954250e+15,3.620194659410111981e-01
1.650461932312879000e+15,3.620194659410111981e-01
1.650461932314803750e+15,3.620194659410111981e-01
1.650461932316728500e+15,3.620194659410111981e-01
1.650461932318653250e+15,3.608364276484022914e-01
1.650461932320578000e+15,3.590494526013555676e-01
1.650461932322502500e+15,3.572627096591339257e-01
1.650461932324427250e+15,3.554757346120872574e-01
1.650461932326352000e+15,3.536887595650406446e-01
1.650461932328276750e+15,3.519017845179940873e-01
1.650461932330201500e+15,3.501148094709474745e-01
1.650461932332126250e+15,3.513657193929698996e-01
1.650461932334050750e+15,3.534020332583161506e-01
1.650461932335975500e+15,3.554386116487164293e-01
1.650461932337900250e+15,3.574751900391166526e-01
1.650461932339825000e+15,3.595117684295169869e-01
1.650461932341749750e+15,3.615483468199172101e-01
1.650461932343674500e+15,3.611467816533202035e-01
1.650461932345599000e+15,3.600116137508790337e-01
1.650461932347523750e+15,3.588762983857330946e-01
1.650461932349448500e+15,3.577409830205871000e-01
1.650461932351373250e+15,3.566056676554411053e-01
1.650461932353298000e+15,3.554703522902951107e-01
1.650461932355222750e+15,3.543350369251491161e-01
1.650461932357147250e+15,3.531998690227080573e-01
1.650461932359072000e+15,3.520645536575621182e-01
1.650461932360996750e+15,3.509292382924160680e-01
1.650461932362921500e+15,3.497939229272701289e-01
1.650461932364846250e+15,3.497476196379263325e-01
1.650461932366771000e+15,3.497476196379262214e-01
1.650461932368695500e+15,3.497476196379259994e-01
1.650461932370620250e+15,3.497476196379258329e-01
1.650461932372545000e+15,3.497476196379256663e-01
1.650461932374469750e+15,3.497476196379257773e-01
1.650461932376394500e+15,3.497476196379259439e-01
1.650461932378319250e+15,3.497476196379259994e-01
1.650461932380243750e+15,3.497476196379261104e-01
1.650461932382168500e+15,3.497476196379262214e-01
1.650461932384093250e+15,3.497476196379263880e-01
1.650461932386018000e+15,3.497476196379264435e-01
1.650461932387942750e+15,3.497476196379264990e-01
1.650461932389867500e+15,3.497476196379263325e-01
1.650461932391792000e+15,3.497476196379261659e-01
1.650461932393716750e+15,3.497476196379259994e-01
1.650461932395641500e+15,3.497476196379258884e-01
1.650461932397566250e+15,3.497476196379257218e-01
1.650461932399491000e+15,3.493366664558443246e-01
1.650461932401415750e+15,3.487230263183647150e-01
1.650461932403340250e+15,3.481094658847607715e-01
1.650461932405265000e+15,3.474958257472812173e-01
1.650461932407189750e+15,3.468821856098016632e-01
1.650461932409114500e+15,3.462685454723221645e-01
1.650461932411039250e+15,3.456549053348426104e-01
1.650461932412964000e+15,3.450412651973631117e-01
1.650461932414888500e+15,3.444277047637590572e-01
1.650461932416813250e+15,3.438140646262795586e-01
1.650461932418738000e+15,3.436116964863833445e-01
1.650461932420662750e+15,3.436116964863833445e-01
1.650461932422587500e+15,3.436116964863833445e-01
1.650461932424512250e+15,3.436116964863833445e-01
1.650461932426436750e+15,3.436116964863833445e-01
1.650461932428361500e+15,3.436116964863833445e-01
1.650461932430286250e+15,3.436116964863833445e-01
1.650461932432211000e+15,3.436116964863833445e-01
1.650461932434135750e+15,3.436116964863833445e-01
1.650461932436060500e+15,3.436116964863833445e-01
1.650461932437985000e+15,3.436116964863833445e-01
1.650461932439909750e+15,3.436116964863833445e-01
1.650461932441834500e+15,3.436116964863833445e-01
1.650461932443759250e+15,3.436116964863833445e-01
1.650461932445684000e+15,3.436116964863833445e-01
1.650461932447608750e+15,3.436116964863833445e-01
1.650461932449533250e+15,3.436116964863833445e-01
1.650461932451458000e+15,3.436116964863834000e-01
1.650461932453382750e+15,3.430920841670301868e-01
1.650461932455307500e+15,3.423911037488243658e-01
1.650461932457232250e+15,3.416901233306186003e-01
1.650461932459157000e+15,3.409891429124127793e-01
1.650461932461081500e+15,3.402882535424494037e-01
1.650461932463006250e+15,3.395872731242435827e-01
1.650461932464931000e+15,3.388862927060378727e-01
1.650461932466855750e+15,3.381853122878320517e-01
1.650461932468780500e+15,3.374843318696262306e-01
1.650461932470705250e+15,3.387724193159314390e-01
1.650461932472629750e+15,3.400849217173034233e-01
1.650461932474554500e+15,3.413975946178182674e-01
1.650461932476479250e+15,3.427102675183331115e-01
1.650461932478404000e+15,3.440229404188479001e-01
1.650461932480328750e+15,3.453356133193626887e-01
1.650461932482253500e+15,3.466482862198775328e-01
1.650461932484178000e+15,3.479607886212495171e-01
1.650461932486102750e+15,3.492734615217643612e-01
1.650461932488027500e+15,3.483166413536279427e-01
1.650461932489952250e+15,3.460764823843692217e-01
1.650461932491877000e+15,3.438363234151105008e-01
1.650461932493801750e+15,3.415961644458518354e-01
1.650461932495726250e+15,3.393562964441174112e-01
1.650461932497651000e+15,3.377253291431762117e-01
1.650461932499575750e+15,3.392798033894324217e-01
1.650461932501500500e+15,3.408342776356887427e-01
1.650461932503425250e+15,3.423887518819450082e-01
1.650461932505350000e+15,3.439432261282012737e-01
1.650461932507274500e+15,3.454974984684637263e-01
1.650461932509199250e+15,3.470519727147199918e-01
1.650461932511124000e+15,3.486064469609762573e-01
1.650461932513048750e+15,3.491091367845711169e-01
1.650461932514973500e+15,3.467077300977203791e-01
1.650461932516898250e+15,3.443063234108696413e-01
1.650461932518822750e+15,3.419052286355251380e-01
1.650461932520747500e+15,3.395038219486744557e-01
1.650461932522672250e+15,3.371024152618236625e-01
1.650461932524597000e+15,3.347010085749729247e-01
1.650461932526521750e+15,3.322996018881221869e-01
1.650461932528446500e+15,3.298981952012714491e-01
1.650461932530371000e+15,3.274971004259270013e-01
1.650461932532295750e+15,3.252492264941950206e-01
1.650461932534220500e+15,3.262543001579482072e-01
1.650461932536145250e+15,3.272593738217014492e-01
1.650461932538070000e+15,3.282644474854545802e-01
1.650461932539994750e+15,3.292695211492078222e-01
1.650461932541919500e+15,3.302745948129610087e-01
1.650461932543844000e+15,3.312795379307129640e-01
1.650461932545768750e+15,3.322846115944660950e-01
1.650461932547693500e+15,3.332896852582193370e-01
1.650461932549618250e+15,3.342947589219725235e-01
1.650461932551543000e+15,3.352998325857257100e-01
1.650461932553467750e+15,3.363049062494788966e-01
1.650461932555392250e+15,3.373098493672308518e-01
1.650461932557317000e+15,3.360088842386600438e-01
1.650461932559241750e+15,3.342519490875247579e-01
1.650461932561166500e+15,3.324950139363894719e-01
1.650461932563091250e+15,3.307380787852542414e-01
1.650461932565016000e+15,3.289811436341190110e-01
1.650461932566940500e+15,3.272244366860168063e-01
1.650461932568865250e+15,3.254675015348815204e-01
1.650461932570790000e+15,3.242065232585014112e-01
1.650461932572714750e+15,3.230330801579069933e-01
1.650461932574639500e+15,3.218596370573126864e-01
1.650461932576564250e+15,3.206861939567183239e-01
1.650461932578488750e+15,3.195129032711260253e-01
1.650461932580413500e+15,3.183394601705316074e-01
1.650461932582338250e+15,3.171660170699373005e-01
1.650461932584263000e+15,3.159925739693428826e-01
1.650461932586187750e+15,3.148191308687485201e-01
1.650461932588112500e+15,3.136456877681541577e-01
1.650461932590037000e+15,3.138406600798614998e-01
1.650461932591961750e+15,3.161600077008221987e-01
1.650461932593886500e+15,3.184793553217829531e-01
1.650461932595811250e+15,3.207987029427436521e-01
1.650461932597736000e+15,3.231180505637043510e-01
1.650461932599660750e+15,3.251122949128561479e-01
1.650461932601585250e+15,3.242021219434446655e-01
1.650461932603510000e+15,3.232918307390409973e-01
1.650461932605434750e+15,3.223815395346373847e-01
1.650461932607359500e+15,3.214712483302337720e-01
1.650461932609284250e+15,3.205609571258301038e-01
1.650461932611209000e+15,3.196506659214264356e-01
1.650461932613133500e+15,3.192386995288871709e-01
1.650461932615058250e+15,3.197131348354364522e-01
1.650461932616983000e+15,3.201875701419857334e-01
1.650461932618907750e+15,3.206620054485350146e-01
1.650461932620832500e+15,3.211364407550842959e-01
1.650461932622757250e+15,3.216108760616335216e-01
1.650461932624681750e+15,3.220852497452049712e-01
1.650461932626606500e+15,3.225596850517542524e-01
1.650461932628531250e+15,3.230341203583034781e-01
1.650461932630456000e+15,3.235085556648527594e-01
1.650461932632380750e+15,3.239829909714020406e-01
1.650461932634305500e+15,3.244574262779513218e-01
1.650461932636230000e+15,3.249317999615226604e-01
1.650461932638154750e+15,3.243841892720698561e-01
1.650461932640079500e+15,3.224618130881468647e-01
1.650461932642004250e+15,3.205394369042238734e-01
1.650461932643929000e+15,3.186170607203008265e-01
1.650461932645853750e+15,3.166946845363778351e-01
1.650461932647778250e+15,3.147725580441269599e-01
1.650461932649703000e+15,3.129523958939482986e-01
1.650461932651627750e+15,3.134292448496527328e-01
1.650461932653552500e+15,3.139060938053571115e-01
1.650461932655477250e+15,3.143829427610614902e-01
1.650461932657402000e+15,3.148597917167659244e-01
1.650461932659326500e+15,3.153365787359908579e-01
1.650461932661251250e+15,3.158134276916952365e-01
1.650461932663176000e+15,3.162902766473996707e-01
1.650461932665100750e+15,3.167671256031040494e-01
1.650461932667025500e+15,3.172439745588084836e-01
1.650461932668950250e+15,3.177208235145129178e-01
1.650461932670874750e+15,3.181976105337377958e-01
1.650461932672799500e+15,3.186744594894421745e-01
1.650461932674724250e+15,3.188337884006234857e-01
1.650461932676649000e+15,3.174931006851130499e-01
1.650461932678573750e+15,3.161524129696026142e-01
1.650461932680498500e+15,3.148117252540922895e-01
1.650461932682423000e+15,3.134712116764848955e-01
1.650461932684347750e+15,3.129320807286708472e-01
1.650461932686272500e+15,3.129320807286708472e-01
1.650461932688197250e+15,3.129320807286708472e-01
1.650461932690122000e+15,3.129320807286708472e-01
1.650461932692046750e+15,3.129320807286708472e-01
1.650461932693971250e+15,3.129320807286708472e-01
1.650461932695896000e+15,3.129320807286708472e-01
1.650461932697820750e+15,3.129320807286708472e-01
1.650461932699745500e+15,3.129320807286708472e-01
1.650461932701670250e+15,3.129320807286708472e-01
1.650461932703595000e+15,3.129320807286708472e-01
1.650461932705519500e+15,3.129320807286708472e-01
1.650461932707444250e+15,3.129320807286708472e-01
1.650461932709369000e+15,3.129320807286708472e-01
1.650461932711293750e+15,3.129320807286708472e-01
1.650461932713218500e+15,3.129320807286708472e-01
1.650461932715143250e+15,3.129320807286708472e-01
1.650461932717067750e+15,3.129320807286708472e-01
1.650461932718992500e+15,3.129320807286708472e-01
1.650461932720917250e+15,3.129320807286708472e-01
1.650461932722842000e+15,3.129320807286708472e-01
1.650461932724766750e+15,3.129320807286708472e-01
1.650461932726691500e+15,3.129320807286708472e-01
1.650461932728616000e+15,3.129320807286708472e-01
1.650461932730540750e+15,3.129320807286708472e-01
1.650461932732465500e+15,3.131879955451327135e-01
1.650461932734390250e+15,3.140811452150965022e-01
1.650461932736315000e+15,3.149742948850603463e-01
1.650461932738239750e+15,3.158674445550241350e-01
1.650461932740164250e+15,3.167604782164581967e-01
1.650461932742089000e+15,3.176536278864219853e-01
1.650461932744013750e+15,3.185467775563857740e-01
1.650461932745938500e+15,3.176080961800465396e-01
1.650461932747863250e+15,3.141022230098708956e-01
1.650461932749788000e+15,3.105963498396952516e-01
1.650461932751712500e+15,3.070909320368621631e-01
1.650461932753637250e+15,3.035850588666865191e-01
1.650461932755562000e+15,3.007618046339472495e-01
1.650461932757486750e+15,3.013746487046198297e-01
1.650461932759411500e+15,3.019874927752923544e-01
1.650461932761336250e+15,3.026003368459648790e-01
1.650461932763260750e+15,3.032131013161607491e-01
1.650461932765185500e+15,3.038259453868332738e-01
1.650461932767110250e+15,3.044387894575058540e-01
1.650461932769035000e+15,3.050516335281783786e-01
1.650461932770959750e+15,3.056644775988509588e-01
1.650461932772884500e+15,3.062773216695235945e-01
1.650461932774809000e+15,3.067961575771276372e-01
1.650461932776733750e+15,3.067961575771275817e-01
1.650461932778658500e+15,3.067961575771276372e-01
1.650461932780583250e+15,3.067961575771276372e-01
1.650461932782508000e+15,3.067961575771276372e-01
1.650461932784432750e+15,3.067961575771276372e-01
1.650461932786357250e+15,3.067961575771276372e-01
1.650461932788282000e+15,3.059463010660435356e-01
1.650461932790206750e+15,3.049632714267951905e-01
1.650461932792131500e+15,3.039802417875468454e-01
1.650461932794056250e+15,3.029972121482985559e-01
1.650461932795981000e+15,3.020141825090502108e-01
1.650461932797905500e+15,3.010312805525710012e-01
1.650461932799830250e+15,3.001003098260632274e-01
1.650461932801755000e+15,2.992009024628819458e-01
1.650461932803679750e+15,2.983014950997007197e-01
1.650461932805604500e+15,2.974020877365194937e-01
1.650461932807529250e+15,2.965026803733382676e-01
1.650461932809453750e+15,2.956033898314797126e-01
1.650461932811378500e+15,2.947039824682984310e-01
1.650461932813303250e+15,2.953219864626117630e-01
1.650461932815228000e+15,2.963187891369814531e-01
1.650461932817152750e+15,2.973155918113510321e-01
1.650461932819077500e+15,2.983123944857206111e-01
1.650461932821002000e+15,2.993090676883829460e-01
1.650461932822926750e+15,3.003058703627525250e-01
1.650461932824851500e+15,3.006602344255853709e-01
1.650461932826776250e+15,3.006602344255854264e-01
1.650461932828701000e+15,3.006602344255855930e-01
1.650461932830625750e+15,3.006602344255856485e-01
1.650461932832550250e+15,3.006602344255857040e-01
1.650461932834475000e+15,3.006602344255858150e-01
1.650461932836399750e+15,3.006602344255858705e-01
1.650461932838324500e+15,3.006602344255860371e-01
1.650461932840249250e+15,3.006602344255860371e-01
1.650461932842174000e+15,3.006602344255860926e-01
1.650461932844098500e+15,3.006602344255860926e-01
1.650461932846023250e+15,3.006602344255861481e-01
1.650461932847948000e+15,3.006602344255860926e-01
1.650461932849872750e+15,3.006602344255861481e-01
1.650461932851797500e+15,3.006602344255862036e-01
1.650461932853722250e+15,3.006602344255862036e-01
1.650461932855646750e+15,3.006602344255862036e-01
1.650461932857571500e+15,3.006602344255862036e-01
1.650461932859496250e+15,3.006602344255862036e-01
1.650461932861421000e+15,3.006602344255861481e-01
1.650461932863345750e+15,3.006602344255861481e-01
1.650461932865270500e+15,3.006602344255861481e-01
1.650461932867195000e+15,3.006602344255860926e-01
1.650461932869119750e+15,3.006602344255861481e-01
1.650461932871044500e+15,3.006602344255861481e-01
1.650461932872969250e+15,3.006602344255860926e-01
1.650461932874894000e+15,3.006602344255860926e-01
1.650461932876818750e+15,3.006602344255860371e-01
1.650461932878743250e+15,3.006602344255860926e-01
1.650461932880668000e+15,3.006602344255860926e-01
1.650461932882592750e+15,3.006602344255860926e-01
1.650461932884517500e+15,3.006602344255860926e-01
1.650461932886442250e+15,3.006602344255860926e-01
1.650461932888367000e+15,3.006602344255860926e-01
1.650461932890291500e+15,3.006602344255860926e-01
1.650461932892216250e+15,3.006602344255860926e-01
1.650461932894141000e+15,3.006602344255860926e-01
1.650461932896065750e+15,3.006602344255860926e-01
1.650461932897990500e+15,3.006602344255860371e-01
1.650461932899915250e+15,3.006602344255860926e-01
1.650461932901840000e+15,3.006602344255860926e-01
1.650461932903764500e+15,3.006602344255860926e-01
1.650461932905689250e+15,3.006602344255860926e-01
1.650461932907614000e+15,3.006602344255860926e-01
1.650461932909538750e+15,3.006602344255860926e-01
1.650461932911463500e+15,3.006602344255860926e-01
1.650461932913388250e+15,3.006602344255860926e-01
1.650461932915312750e+15,3.006602344255860926e-01
1.650461932917237500e+15,3.006602344255860926e-01
1.650461932919162250e+15,3.006602344255860926e-01
1.650461932921087000e+15,3.006602344255860926e-01
1.650461932923011750e+15,3.006602344255860371e-01
1.650461932924936500e+15,3.006602344255860926e-01
1.650461932926861000e+15,3.006602344255860926e-01
1.650461932928785750e+15,3.006602344255860926e-01
1.650461932930710500e+15,3.006602344255860926e-01
1.650461932932635250e+15,3.006602344255860926e-01
1.650461932934560000e+15,3.006602344255860926e-01
1.650461932936484750e+15,3.006602344255860926e-01
1.650461932938409250e+15,3.006602344255860926e-01
1.650461932940334000e+15,3.006602344255861481e-01
1.650461932942258750e+15,3.006602344255860926e-01
1.650461932944183500e+15,3.006602344255859816e-01
1.650461932946108250e+15,3.006602344255858150e-01
1.650461932948033000e+15,3.006602344255857595e-01
1.650461932949957500e+15,3.006602344255855930e-01
1.650461932951882250e+15,3.006602344255854820e-01
1.650461932953807000e+15,3.006602344255853154e-01
1.650461932955731750e+15,3.006602344255853709e-01
1.650461932957656500e+15,3.006602344255855375e-01
1.650461932959581250e+15,3.006602344255856485e-01
1.650461932961505750e+15,3.006602344255857595e-01
1.650461932963430500e+15,3.006602344255858705e-01
1.650461932965355250e+15,3.006602344255859816e-01
1.650461932967280000e+15,3.006602344255861481e-01
1.650461932969204750e+15,3.004866254915163348e-01
1.650461932971129500e+15,2.999122313430832576e-01
1.650461932973054000e+15,2.993379118009819040e-01
1.650461932974978750e+15,2.987635176525488268e-01
1.650461932976903500e+15,2.981891235041157495e-01
1.650461932978828250e+15,2.976147293556826723e-01
1.650461932980753000e+15,2.970403352072495951e-01
1.650461932982677750e+15,2.964659410588165178e-01
1.650461932984602250e+15,2.958916215167152197e-01
1.650461932986527000e+15,2.953172273682820870e-01
1.650461932988451750e+15,2.947428332198490097e-01
1.650461932990376500e+15,2.960295752851959672e-01
1.650461932992301250e+15,2.984591408243714716e-01
1.650461932994226000e+15,3.008887063635469206e-01
1.650461932996150500e+15,3.033179563337473073e-01
1.650461932998075250e+15,3.057475218729227562e-01
1.650461933000000000e+15,3.059466100320057946e-01
1.650461933001924750e+15,3.044519421732534981e-01
1.650461933003849500e+15,3.029572743145012570e-01
1.650461933005774250e+15,3.014626064557489604e-01
1.650461933007698750e+15,2.999681327349183468e-01
1.650461933009623500e+15,2.984734648761660503e-01
1.650461933011548250e+15,2.969787970174137537e-01
1.650461933013473000e+15,2.954841291586615126e-01
1.650461933015397750e+15,2.945243112740439373e-01
1.650461933017322500e+15,2.945243112740438818e-01
1.650461933019247000e+15,2.945243112740438818e-01
1.650461933021171750e+15,2.945243112740438818e-01
1.650461933023096500e+15,2.945243112740438818e-01
1.650461933025021250e+15,2.945243112740438818e-01
1.650461933026946000e+15,2.945243112740439373e-01
1.650461933028870750e+15,2.945243112740439373e-01
1.650461933030795250e+15,2.945243112740439373e-01
1.650461933032720000e+15,2.945243112740439373e-01
1.650461933034644750e+15,2.945243112740438818e-01
1.650461933036569500e+15,2.945243112740438818e-01
1.650461933038494250e+15,2.945243112740438818e-01
1.650461933040419000e+15,2.945243112740438263e-01
1.650461933042343500e+15,2.945243112740438818e-01
1.650461933044268250e+15,2.945243112740438818e-01
1.650461933046193000e+15,2.945243112740438818e-01
1.650461933048117750e+15,2.945243112740438818e-01
1.650461933050042500e+15,2.945243112740438818e-01
1.650461933051967250e+15,2.945243112740438818e-01
1.650461933053891750e+15,2.945243112740438818e-01
1.650461933055816500e+15,2.945243112740438818e-01
1.650461933057741250e+15,2.947699846438722737e-01
1.650461933059666000e+15,2.955683971699628043e-01
1.650461933061590750e+15,2.963668096960533349e-01
1.650461933063515500e+15,2.971652222221438655e-01
1.650461933065440000e+15,2.979635310448279784e-01
1.650461933067364750e+15,2.987619435709184534e-01
1.650461933069289500e+15,2.995603560970089840e-01
1.650461933071214250e+15,3.003587686230995146e-01
1.650461933073139000e+15,3.000168352189735987e-01
1.650461933075063750e+15,2.989831268525899866e-01
1.650461933076988250e+15,2.979495527514831599e-01
1.650461933078913000e+15,2.969158443850995477e-01
1.650461933080837750e+15,2.958821360187159355e-01
1.650461933082762500e+15,2.948484276523322678e-01
1.650461933084687250e+15,2.941683156448339220e-01
1.650461933086612000e+15,2.936497138758122905e-01
1.650461933088536500e+15,2.931311794664176462e-01
1.650461933090461250e+15,2.926125776973960146e-01
1.650461933092386000e+15,2.920939759283743276e-01
1.650461933094310750e+15,2.915753741593526405e-01
1.650461933096235500e+15,2.910567723903310089e-01
1.650461933098160250e+15,2.905381706213092663e-01
1.650461933100084750e+15,2.900196362119146776e-01
1.650461933102009500e+15,2.895010344428929905e-01
1.650461933103934250e+15,2.889824326738712479e-01
1.650461933105859000e+15,2.884638309048495608e-01
1.650461933107783750e+15,2.879078824993277497e-01
1.650461933109708500e+15,2.873455762532708402e-01
1.650461933111633000e+15,2.867833430434844066e-01
1.650461933113557750e+15,2.862210367974275527e-01
1.650461933115482500e+15,2.856587305513705877e-01
1.650461933117407250e+15,2.850964243053137892e-01
1.650461933119332000e+15,2.845341180592568797e-01
1.650461933121256750e+15,2.839718118131999702e-01
1.650461933123181250e+15,2.834095786034134812e-01
1.650461933125106000e+15,2.828472723573566272e-01
1.650461933127030750e+15,2.822849661112997732e-01
1.650461933128955500e+15,2.831053427693266955e-01
1.650461933130880250e+15,2.840105407524594616e-01
1.650461933132805000e+15,2.849157387355921722e-01
1.650461933134729500e+15,2.858208191452760172e-01
1.650461933136654250e+15,2.867260171284087278e-01
1.650461933138579000e+15,2.876312151115414384e-01
1.650461933140503750e+15,2.882379416153768581e-01
1.650461933142428500e+15,2.873179355324968487e-01
1.650461933144353250e+15,2.863979294496168393e-01
1.650461933146277750e+15,2.854780428635653178e-01
1.650461933148202500e+15,2.845580367806853084e-01
1.650461933150127250e+15,2.836380306978052990e-01
1.650461933152052000e+15,2.827180246149252896e-01
1.650461933153976750e+15,2.815980926842137078e-01
1.650461933155901500e+15,2.802733458433913083e-01
1.650461933157826000e+15,2.789487710699595224e-01
1.650461933159750750e+15,2.776240242291370675e-01
1.650461933161675500e+15,2.762992773883146125e-01
1.650461933163600250e+15,2.749745305474922130e-01
1.650461933165525000e+15,2.736497837066697580e-01
1.650461933167449750e+15,2.723250368658473031e-01
1.650461933169374250e+15,2.710004620924155727e-01
1.650461933171299000e+15,2.703084830080303980e-01
1.650461933173223750e+15,2.717329906575075560e-01
1.650461933175148500e+15,2.731574983069846585e-01
1.650461933177073250e+15,2.745820059564617610e-01
1.650461933178998000e+15,2.760065136059388635e-01
1.650461933180922500e+15,2.774308362303933850e-01
1.650461933182847250e+15,2.788553438798705431e-01
1.650461933184772000e+15,2.802798515293476456e-01
1.650461933186696750e+15,2.817043591788247481e-01
1.650461933188621500e+15,2.831288668283018506e-01
1.650461933190546250e+15,2.845533744777790086e-01
1.650461933192470750e+15,2.859776971022334191e-01
1.650461933194395500e+15,2.874022047517105216e-01
1.650461933196320250e+15,2.872190218820734331e-01
1.650461933198245000e+15,2.834187050036228173e-01
1.650461933200169750e+15,2.796183881251722569e-01
1.650461933202094500e+15,2.758180712467216411e-01
1.650461933204019000e+15,2.720182479800229980e-01
1.650461933205943750e+15,2.694843695947614637e-01
1.650461933207868500e+15,2.684144671545809491e-01
1.650461933209793250e+15,2.673445647144005455e-01
1.650461933211718000e+15,2.662746622742200309e-01
1.650461933213642750e+15,2.652047598340396273e-01
1.650461933215567250e+15,2.641349963602755979e-01
1.650461933217492000e+15,2.630650939200951943e-01
1.650461933219416750e+15,2.619951914799146797e-01
1.650461933221341500e+15,2.609252890397342761e-01
1.650461933223266250e+15,2.598553865995538170e-01
1.650461933225191000e+15,2.587854841593733024e-01
1.650461933227115500e+15,2.577157206856093286e-01
1.650461933229040250e+15,2.577087723647872863e-01
1.650461933230965000e+15,2.577087723647872863e-01
1.650461933232889750e+15,2.577087723647872863e-01
1.650461933234814500e+15,2.577087723647872863e-01
1.650461933236739250e+15,2.577087723647872863e-01
1.650461933238663750e+15,2.579809924027212098e-01
1.650461933240588500e+15,2.588051457932258326e-01
1.650461933242513250e+15,2.596292991837303998e-01
1.650461933244438000e+15,2.604534525742350226e-01
1.650461933246362750e+15,2.612776059647397009e-01
1.650461933248287500e+15,2.621017593552442682e-01
1.650461933250212250e+15,2.629259127457488909e-01
1.650461933252136750e+15,2.637499590894434309e-01
1.650461933254061500e+15,2.626567713103231116e-01
1.650461933255986250e+15,2.613145599128996466e-01
1.650461933257911000e+15,2.599723485154761815e-01
1.650461933259835750e+15,2.586301371180526609e-01
1.650461933261760500e+15,2.577087723647881190e-01
1.650461933263685000e+15,2.577087723647881745e-01
1.650461933265609750e+15,2.577087723647881745e-01
1.650461933267534500e+15,2.577087723647881745e-01
1.650461933269459250e+15,2.577087723647881745e-01
1.650461933271384000e+15,2.577087723647881745e-01
1.650461933273308750e+15,2.577087723647881745e-01
1.650461933275233250e+15,2.577087723647881745e-01
1.650461933277158000e+15,2.577087723647881745e-01
1.650461933279082750e+15,2.577087723647881745e-01
1.650461933281007500e+15,2.577087723647881745e-01
1.650461933282932250e+15,2.577087723647881745e-01
1.650461933284857000e+15,2.577087723647881745e-01
1.650461933286781500e+15,2.577087723647881745e-01
1.650461933288706250e+15,2.577087723647881745e-01
1.650461933290631000e+15,2.577087723647881190e-01
1.650461933292555750e+15,2.577087723647881745e-01
1.650461933294480500e+15,2.577087723647881190e-01
1.650461933296405250e+15,2.577087723647881745e-01
1.650461933298329750e+15,2.577087723647881745e-01
1.650461933300254500e+15,2.577087723647881745e-01
1.650461933302179250e+15,2.577087723647881190e-01
1.650461933304104000e+15,2.577087723647882300e-01
1.650461933306028750e+15,2.577087723647881745e-01
1.650461933307953500e+15,2.577087723647881745e-01
1.650461933309878000e+15,2.577087723647881745e-01
1.650461933311802750e+15,2.577087723647881745e-01
1.650461933313727500e+15,2.577087723647881745e-01
1.650461933315652250e+15,2.577087723647881745e-01
1.650461933317577000e+15,2.577087723647881745e-01
1.650461933319501750e+15,2.577087723647881745e-01
1.650461933321426250e+15,2.577087723647881745e-01
1.650461933323351000e+15,2.577087723647881745e-01
1.650461933325275750e+15,2.577087723647881745e-01
1.650461933327200500e+15,2.577087723647881745e-01
1.650461933329125250e+15,2.577087723647881745e-01
1.650461933331050000e+15,2.577087723647881745e-01
1.650461933332974500e+15,2.577087723647881745e-01
1.650461933334899250e+15,2.577087723647882300e-01
1.650461933336824000e+15,2.577087723647881745e-01
1.650461933338748750e+15,2.577087723647881745e-01
1.650461933340673500e+15,2.577087723647881745e-01
1.650461933342598250e+15,2.577087723647881745e-01
1.650461933344522750e+15,2.577087723647881745e-01
1.650461933346447500e+15,2.577087723647881745e-01
1.650461933348372250e+15,2.577087723647881745e-01
1.650461933350297000e+15,2.577087723647881745e-01
1.650461933352221750e+15,2.577087723647881745e-01
1.650461933354146500e+15,2.577087723647881745e-01
1.650461933356071000e+15,2.577087723647881745e-01
1.650461933357995750e+15,2.569171852830335334e-01
1.650461933359920500e+15,2.560302068312172996e-01
1.650461933361845250e+15,2.551432283794011213e-01
1.650461933363770000e+15,2.542562499275848875e-01
1.650461933365694750e+15,2.533692714757687092e-01
1.650461933367619250e+15,2.524824082309211626e-01
1.650461933369544000e+15,2.515954297791049288e-01
1.650461933371468750e+15,2.528380418978121158e-01
1.650461933373393500e+15,2.541362850643431592e-01
1.650461933375318250e+15,2.554345282308741472e-01
1.650461933377243000e+15,2.567327713974051906e-01
1.650461933379167500e+15,2.577087723647881190e-01
1.650461933381092250e+15,2.577087723647880080e-01
1.650461933383017000e+15,2.577087723647878970e-01
1.650461933384941750e+15,2.577087723647877859e-01
1.650461933386866500e+15,2.577087723647876194e-01
1.650461933388791250e+15,2.577087723647875084e-01
1.650461933390715750e+15,2.577087723647874529e-01
1.650461933392640500e+15,2.582053932415918074e-01
1.650461933394565250e+15,2.587336447103009696e-01
1.650461933396490000e+15,2.592618961790101872e-01
1.650461933398414750e+15,2.597901476477193494e-01
1.650461933400339500e+15,2.603183991164285116e-01
1.650461933402264000e+15,2.608465819721400569e-01
1.650461933404188750e+15,2.613748334408492746e-01
1.650461933406113500e+15,2.619030849095583813e-01
1.650461933408038250e+15,2.624313363782675990e-01
1.650461933409963000e+15,2.629595878469767611e-01
1.650461933411887750e+15,2.634878393156859233e-01
1.650461933413812250e+15,2.635061459293269182e-01
1.650461933415737000e+15,2.624622960012794048e-01
1.650461933417661750e+15,2.614184460732318915e-01
1.650461933419586500e+15,2.603745961451843782e-01
1.650461933421511250e+15,2.593307462171368649e-01
1.650461933423436000e+15,2.582868962890893516e-01
1.650461933425360500e+15,2.564671735215450776e-01
1.650461933427285250e+15,2.536835190386888539e-01
1.650461933429210000e+15,2.508998645558325746e-01
1.650461933431134750e+15,2.481162100729763231e-01
1.650461933433059500e+15,2.453325555901200716e-01
1.650461933434984250e+15,2.425489011072637646e-01
1.650461933436908750e+15,2.397656081849326160e-01
1.650461933438833500e+15,2.393010029101604041e-01
1.650461933440758250e+15,2.393010029101602654e-01
1.650461933442683000e+15,2.393010029101600711e-01
1.650461933444607750e+15,2.393010029101599323e-01
1.650461933446532500e+15,2.393010029101597658e-01
1.650461933448457000e+15,2.393010029101595992e-01
1.650461933450381750e+15,2.393010029101594605e-01
1.650461933452306500e+15,2.393010029101595992e-01
1.650461933454231250e+15,2.393010029101597658e-01
1.650461933456156000e+15,2.393010029101599323e-01
1.650461933458080750e+15,2.393010029101600988e-01
1.650461933460005250e+15,2.393010029101602931e-01
1.650461933461930000e+15,2.379734242734971306e-01
1.650461933463854750e+15,2.361573212309118763e-01
1.650461933465779500e+15,2.343412181883265943e-01
1.650461933467704250e+15,2.325251151457413124e-01
1.650461933469629000e+15,2.307090121031560304e-01
1.650461933471553500e+15,2.288931449487435765e-01
1.650461933473478250e+15,2.270770419061582945e-01
1.650461933475403000e+15,2.282150195458661213e-01
1.650461933477327750e+15,2.294329969692592841e-01
1.650461933479252500e+15,2.306509743926524747e-01
1.650461933481177250e+15,2.318689518160456098e-01
1.650461933483101750e+15,2.330867710400072457e-01
1.650461933485026500e+15,2.343047484634003808e-01
1.650461933486951250e+15,2.355227258867935713e-01
1.650461933488876000e+15,2.367407033101867342e-01
1.650461933490800750e+15,2.379586807335798970e-01
1.650461933492725500e+15,2.391766581569730599e-01
1.650461933494650000e+15,2.376619744349915964e-01
1.650461933496574750e+15,2.358363262535214111e-01
1.650461933498499500e+15,2.340106780720511703e-01
1.650461933500424250e+15,2.321850298905809296e-01
1.650461933502349000e+15,2.303593817091107443e-01
1.650461933504273750e+15,2.285337335276404758e-01
1.650461933506198250e+15,2.273717009223107377e-01
1.650461933508123000e+15,2.293208869407842854e-01
1.650461933510047750e+15,2.312700729592578885e-01
1.650461933511972500e+15,2.332192589777314362e-01
1.650461933513897250e+15,2.351684449962049839e-01
1.650461933515822000e+15,2.371176310146785593e-01
1.650461933517746500e+15,2.390665638592310294e-01
1.650461933519671250e+15,2.388004656515803903e-01
1.650461933521596000e+15,2.382314952759995719e-01
1.650461933523520750e+15,2.376625249004187257e-01
1.650461933525445500e+15,2.370935545248379073e-01
1.650461933527370250e+15,2.365245841492570888e-01
1.650461933529294750e+15,2.359556876755304899e-01
1.650461933531219500e+15,2.353867172999496438e-01
1.650461933533144250e+15,2.348177469243688531e-01
1.650461933535069000e+15,2.342487765487880069e-01
1.650461933536993750e+15,2.336798061732072163e-01
1.650461933538918500e+15,2.332693819261316970e-01
1.650461933540843000e+15,2.343632757756122509e-01
1.650461933542767750e+15,2.354573117261384851e-01
1.650461933544692500e+15,2.365513476766647472e-01
1.650461933546617250e+15,2.376453836271909537e-01
1.650461933548542000e+15,2.387394195777171602e-01
1.650461933550466750e+15,2.382476122729006163e-01
1.650461933552391250e+15,2.360834806674495523e-01
1.650461933554316000e+15,2.339190679329252454e-01
1.650461933556240750e+15,2.317546551984009662e-01
1.650461933558165500e+15,2.295902424638767148e-01
1.650461933560090250e+15,2.274258297293524356e-01
1.650461933562015000e+15,2.251756456166398579e-01
1.650461933563939500e+15,2.229065095472426428e-01
1.650461933565864250e+15,2.206370787082858609e-01
1.650461933567789000e+15,2.183676478693290512e-01
1.650461933569713750e+15,2.160982170303722971e-01
1.650461933571638500e+15,2.154854657412778041e-01
1.650461933573563250e+15,2.172651700941908293e-01
1.650461933575487750e+15,2.190446432866475779e-01
1.650461933577412500e+15,2.208243476395606031e-01
1.650461933579337250e+15,2.226040519924736560e-01
1.650461933581262000e+15,2.243837563453867090e-01
1.650461933583186750e+15,2.261634606982996787e-01
1.650461933585111500e+15,2.275668896657476181e-01
1.650461933587036000e+15,2.286137963641955984e-01
1.650461933588960750e+15,2.296608390598764149e-01
1.650461933590885500e+15,2.307078817555572314e-01
1.650461933592810250e+15,2.317549244512380757e-01
1.650461933594735000e+15,2.328019671469189200e-01
1.650461933596659750e+15,2.338490098425997366e-01
1.650461933598584250e+15,2.348959165410476890e-01
1.650461933600509000e+15,2.359429592367285611e-01
1.650461933602433750e+15,2.369900019324094331e-01
1.650461933604358500e+15,2.380370446280902219e-01
1.650461933606283250e+15,2.390840873237710662e-01
1.650461933608208000e+15,2.370550401542826091e-01
1.650461933610132750e+15,2.342221982051505558e-01
1.650461933612057250e+15,2.313897242053559455e-01
1.650461933613982000e+15,2.285568822562238367e-01
1.650461933615906750e+15,2.257240403070917556e-01
1.650461933617831500e+15,2.228911983579597023e-01
1.650461933619756250e+15,2.213472250739297598e-01
1.650461933621681000e+15,2.228876752590511767e-01
1.650461933623605500e+15,2.244279253597220580e-01
1.650461933625530250e+15,2.259683755448435027e-01
1.650461933627455000e+15,2.275088257299649197e-01
1.650461933629379750e+15,2.290492759150863922e-01
1.650461933631304500e+15,2.305897261002078369e-01
1.650461933633229250e+15,2.321301762853292816e-01
1.650461933635153750e+15,2.336704263860001352e-01
1.650461933637078500e+15,2.352108765711215521e-01
1.650461933639003250e+15,2.367513267562430246e-01
1.650461933640928000e+15,2.382917769413644693e-01
1.650461933642852750e+15,2.380727079567291904e-01
1.650461933644777500e+15,2.345108839090986330e-01
1.650461933646702000e+15,2.309495224961020665e-01
1.650461933648626750e+15,2.273876984484715091e-01
1.650461933650551500e+15,2.238258744008408963e-01
1.650461933652476250e+15,2.202640503532102834e-01
1.650461933654401000e+15,2.167022263055797260e-01
1.650461933656325750e+15,2.142753557144843890e-01
1.650461933658250250e+15,2.132138145327921175e-01
1.650461933660175000e+15,2.121521354527909908e-01
1.650461933662099750e+15,2.110904563727898364e-01
1.650461933664024500e+15,2.100287772927887375e-01
1.650461933665949250e+15,2.089670982127875831e-01
1.650461933667874000e+15,2.094085415555605456e-01
1.650461933669798500e+15,2.105756283419951691e-01
1.650461933671723250e+15,2.117428667375212403e-01
1.650461933673648000e+15,2.129101051330473671e-01
1.650461933675572750e+15,2.140773435285734938e-01
1.650461933677497500e+15,2.143806705597378626e-01
1.650461933679422250e+15,2.134784461070309836e-01
1.650461933681346750e+15,2.125763388415500277e-01
1.650461933683271500e+15,2.116741143888431487e-01
1.650461933685196250e+15,2.107718899361362697e-01
1.650461933687121000e+15,2.098696654834293351e-01
1.650461933689045750e+15,2.089674410307224561e-01
1.650461933690970500e+15,2.069487225184883095e-01
1.650461933692895000e+15,2.042356647114479951e-01
1.650461933694819750e+15,2.015222544676958938e-01
1.650461933696744500e+15,1.988088442239437925e-01
1.650461933698669250e+15,1.962913272513800989e-01
1.650461933700594000e+15,1.956697093722320757e-01
1.650461933702518750e+15,1.950480914930840803e-01
1.650461933704443250e+15,1.944265543540164565e-01
1.650461933706368000e+15,1.938049364748684333e-01
1.650461933708292750e+15,1.931833185957204102e-01
1.650461933710217500e+15,1.925617007165724148e-01
1.650461933712142250e+15,1.919400828374243639e-01
1.650461933714067000e+15,1.913184649582763686e-01
1.650461933715991500e+15,1.906969278192087724e-01
1.650461933717916250e+15,1.902136176978189985e-01
1.650461933719841000e+15,1.902136176978189985e-01
1.650461933721765750e+15,1.902136176978190263e-01
1.650461933723690500e+15,1.902136176978190263e-01
1.650461933725615250e+15,1.902136176978190818e-01
1.650461933727539750e+15,1.902136176978190818e-01
1.650461933729464500e+15,1.902136176978190818e-01
1.650461933731389250e+15,1.902136176978191373e-01
1.650461933733314000e+15,1.902136176978191373e-01
1.650461933735238750e+15,1.902136176978191651e-01
1.650461933737163500e+15,1.902136176978191928e-01
1.650461933739088000e+15,1.902136176978191928e-01
1.650461933741012750e+15,1.905895603363867430e-01
1.650461933742937500e+15,1.910701152715239826e-01
1.650461933744862250e+15,1.915506702066612221e-01
1.650461933746787000e+15,1.920312251417984617e-01
1.650461933748711750e+15,1.925117800769357013e-01
1.650461933750636250e+15,1.929922725942349038e-01
1.650461933752561000e+15,1.934728275293721156e-01
1.650461933754485750e+15,1.939533824645093552e-01
1.650461933756410500e+15,1.944339373996465947e-01
1.650461933758335250e+15,1.949144923347838343e-01
1.650461933760260000e+15,1.953950472699210739e-01
1.650461933762184500e+15,1.958755397872202486e-01
1.650461933764109250e+15,1.963427871916522960e-01
1.650461933766034000e+15,1.958475832801284677e-01
1.650461933767958750e+15,1.953523793686046672e-01
1.650461933769883500e+15,1.948571754570808667e-01
1.650461933771808250e+15,1.943619715455570662e-01
1.650461933773732750e+15,1.938668319545828744e-01
1.650461933775657500e+15,1.933716280430590739e-01
1.650461933777582250e+15,1.928764241315352734e-01
1.650461933779507000e+15,1.923812202200114452e-01
1.650461933781431750e+15,1.918860163084876724e-01
1.650461933783356500e+15,1.913908123969638164e-01
1.650461933785281000e+15,1.908956728059896246e-01
1.650461933787205750e+15,1.904004688944658519e-01
1.650461933789130500e+15,1.902136176978199700e-01
1.650461933791055250e+15,1.902136176978199422e-01
1.650461933792980000e+15,1.902136176978199145e-01
1.650461933794904750e+15,1.902136176978198867e-01
1.650461933796829250e+15,1.902136176978198867e-01
1.650461933798754000e+15,1.902136176978198590e-01
1.650461933800678750e+15,1.902136176978198590e-01
1.650461933802603500e+15,1.902136176978198312e-01
1.650461933804528250e+15,1.902136176978198034e-01
1.650461933806453000e+15,1.902136176978198034e-01
1.650461933808377500e+15,1.902136176978197757e-01
1.650461933810302250e+15,1.902136176978197202e-01
1.650461933812227000e+15,1.902136176978196092e-01
1.650461933814151750e+15,1.902136176978195259e-01
1.650461933816076500e+15,1.902136176978194426e-01
1.650461933818001250e+15,1.902136176978193594e-01
1.650461933819925750e+15,1.902136176978192761e-01
1.650461933821850500e+15,1.902136176978192206e-01
1.650461933823775250e+15,1.902136176978193594e-01
1.650461933825700000e+15,1.902136176978194704e-01
1.650461933827624750e+15,1.902136176978195814e-01
1.650461933829549500e+15,1.902136176978196924e-01
1.650461933831474000e+15,1.902136176978198312e-01
1.650461933833398750e+15,1.902136176978199700e-01
1.650461933835323500e+15,1.902136176978198034e-01
1.650461933837248250e+15,1.902136176978197202e-01
1.650461933839173000e+15,1.902136176978195536e-01
1.650461933841097750e+15,1.902136176978194426e-01
1.650461933843022250e+15,1.902136176978193038e-01
1.650461933844947000e+15,1.902136176978191373e-01
1.650461933846871750e+15,1.902136176978190263e-01
1.650461933848796500e+15,1.902136176978190540e-01
1.650461933850721250e+15,1.902136176978191928e-01
1.650461933852646000e+15,1.902136176978193594e-01
1.650461933854570500e+15,1.902136176978194704e-01
1.650461933856495250e+15,1.902136176978196369e-01
1.650461933858420000e+15,1.899590470868053049e-01
1.650461933860344750e+15,1.881772842375321608e-01
1.650461933862269500e+15,1.863955213882590722e-01
1.650461933864194250e+15,1.846137585389859559e-01
1.650461933866118750e+15,1.828322271175410463e-01
1.650461933868043500e+15,1.810504642682679299e-01
1.650461933869968250e+15,1.792687014189948136e-01
1.650461933871893000e+15,1.774869385697216972e-01
1.650461933873817750e+15,1.757051757204485809e-01
1.650461933875742500e+15,1.739234128711754646e-01
1.650461933877667000e+15,1.721418814497305827e-01
1.650461933879591750e+15,1.718058482431915612e-01
1.650461933881516500e+15,1.718058482431916445e-01
1.650461933883441250e+15,1.718058482431917278e-01
1.650461933885366000e+15,1.718058482431918388e-01
1.650461933887290750e+15,1.718058482431919221e-01
1.650461933889215250e+15,1.718309670703228320e-01
1.650461933891140000e+15,1.725719243503235356e-01
1.650461933893064750e+15,1.733128816303242670e-01
1.650461933894989500e+15,1.740538389103249428e-01
1.650461933896914250e+15,1.747947961903256464e-01
1.650461933898839000e+15,1.755357534703263500e-01
1.650461933900763500e+15,1.762766145096101023e-01
1.650461933902688250e+15,1.770175717896108059e-01
1.650461933904613000e+15,1.777585290696115095e-01
1.650461933906537750e+15,1.775197919650468859e-01
1.650461933908462500e+15,1.769591673525940101e-01
1.650461933910387250e+15,1.763985427401411343e-01
1.650461933912311750e+15,1.758379909455363432e-01
1.650461933914236500e+15,1.752773663330834952e-01
1.650461933916161250e+15,1.747167417206305917e-01
1.650461933918086000e+15,1.741561171081777160e-01
1.650461933920010750e+15,1.735954924957248124e-01
1.650461933921935500e+15,1.730348678832719367e-01
1.650461933923860000e+15,1.724743160886671733e-01
1.650461933925784750e+15,1.719136914762142698e-01
1.650461933927709500e+15,1.718058482431915057e-01
1.650461933929634250e+15,1.718058482431915890e-01
1.650461933931559000e+15,1.718058482431916723e-01
1.650461933933483750e+15,1.718058482431917278e-01
1.650461933935408250e+15,1.718058482431918110e-01
1.650461933937333000e+15,1.718058482431918943e-01
1.650461933939257750e+15,1.718058482431919498e-01
1.650461933941182500e+15,1.718058482431920331e-01
1.650461933943107250e+15,1.718058482431921163e-01
1.650461933945032000e+15,1.718058482431921996e-01
1.650461933946956500e+15,1.718058482431922551e-01
1.650461933948881250e+15,1.718058482431923384e-01
1.650461933950806000e+15,1.718058482431921996e-01
1.650461933952730750e+15,1.718058482431920053e-01
1.650461933954655500e+15,1.718058482431918388e-01
1.650461933956580250e+15,1.718058482431916445e-01
1.650461933958505000e+15,1.718058482431914502e-01
1.650461933960429500e+15,1.718058482431912837e-01
1.650461933962354250e+15,1.718058482431912282e-01
1.650461933964279000e+15,1.718058482431912282e-01
1.650461933966203750e+15,1.718058482431912282e-01
1.650461933968128500e+15,1.718058482431912282e-01
1.650461933970053250e+15,1.718058482431912282e-01
1.650461933971977750e+15,1.718058482431912282e-01
1.650461933973902500e+15,1.718058482431912282e-01
1.650461933975827250e+15,1.718058482431912282e-01
1.650461933977752000e+15,1.718058482431912282e-01
1.650461933979676750e+15,1.718058482431912282e-01
1.650461933981601500e+15,1.718058482431912559e-01
1.650461933983526000e+15,1.718058482431912282e-01
1.650461933985450750e+15,1.718058482431912282e-01
1.650461933987375500e+15,1.718058482431912282e-01
1.650461933989300250e+15,1.718058482431912282e-01
1.650461933991225000e+15,1.718058482431912282e-01
1.650461933993149750e+15,1.718058482431912282e-01
1.650461933995074250e+15,1.718058482431912282e-01
1.650461933996999000e+15,1.718058482431912559e-01
1.650461933998923750e+15,1.718058482431912559e-01
1.650461934000848500e+15,1.718058482431912282e-01
1.650461934002773250e+15,1.718058482431912282e-01
1.650461934004698000e+15,1.718058482431912559e-01
1.650461934006622500e+15,1.718058482431912282e-01
1.650461934008547250e+15,1.701086694573282210e-01
1.650461934010472000e+15,1.682518299699956588e-01
1.650461934012396750e+15,1.663949904826630966e-01
1.650461934014321500e+15,1.645381509953305066e-01
1.650461934016246250e+15,1.626813115079979166e-01
1.650461934018170750e+15,1.608247131999727131e-01
1.650461934020095500e+15,1.589678737126401509e-01
1.650461934022020250e+15,1.571110342253075887e-01
1.650461934023945000e+15,1.552541947379749987e-01
1.650461934025869750e+15,1.533980787885644848e-01
1.650461934027794500e+15,1.533980787885644570e-01
1.650461934029719000e+15,1.533980787885644292e-01
1.650461934031643750e+15,1.533980787885644015e-01
1.650461934033568500e+15,1.533980787885644015e-01
1.650461934035493250e+15,1.533980787885643737e-01
1.650461934037418000e+15,1.533980787885643737e-01
1.650461934039342750e+15,1.533980787885643460e-01
1.650461934041267250e+15,1.533980787885643182e-01
1.650461934043192000e+15,1.533980787885642905e-01
1.650461934045116750e+15,1.533980787885642905e-01
1.650461934047041500e+15,1.533980787885642627e-01
1.650461934048966250e+15,1.528289679140724111e-01
1.650461934050891000e+15,1.519486013031195182e-01
1.650461934052815500e+15,1.510683490403431084e-01
1.650461934054740250e+15,1.501879824293902155e-01
1.650461934056665000e+15,1.493076158184372948e-01
1.650461934058589750e+15,1.484272492074844019e-01
1.650461934060514500e+15,1.475468825965314812e-01
1.650461934062439250e+15,1.486581210325653157e-01
1.650461934064363750e+15,1.507211161592501292e-01
1.650461934066288500e+15,1.527843792769880693e-01
1.650461934068213250e+15,1.548476423947260372e-01
1.650461934070138000e+15,1.569109055124639496e-01
1.650461934072062750e+15,1.589741686302018620e-01
1.650461934073987500e+15,1.595340019401063625e-01
1.650461934075912000e+15,1.595340019401063625e-01
1.650461934077836750e+15,1.595340019401063625e-01
1.650461934079761500e+15,1.595340019401063625e-01
1.650461934081686250e+15,1.595340019401063625e-01
1.650461934083611000e+15,1.595340019401063625e-01
1.650461934085535750e+15,1.595340019401063625e-01
1.650461934087460250e+15,1.595340019401063625e-01
1.650461934089385000e+15,1.595340019401063347e-01
1.650461934091309750e+15,1.595340019401063625e-01
1.650461934093234500e+15,1.589351783004579188e-01
1.650461934095159250e+15,1.580468655448407367e-01
1.650461934097084000e+15,1.571585527892235268e-01
1.650461934099008500e+15,1.562703554138837325e-01
1.650461934100933250e+15,1.553820426582665504e-01
1.650461934102858000e+15,1.544937299026493127e-01
1.650461934104782750e+15,1.536054171470321028e-01
1.650461934106707500e+15,1.544338360943760813e-01
1.650461934108632250e+15,1.557849535964846988e-01
1.650461934110556750e+15,1.571358956059966117e-01
1.650461934112481500e+15,1.584870131081052291e-01
1.650461934114406250e+15,1.593537233082469029e-01
1.650461934116331000e+15,1.585528201422404526e-01
1.650461934118255750e+15,1.577519169762339468e-01
1.650461934120180500e+15,1.569510138102274688e-01
1.650461934122105000e+15,1.561502146711291616e-01
1.650461934124029750e+15,1.553493115051226836e-01
1.650461934125954500e+15,1.545484083391162333e-01
1.650461934127879250e+15,1.537475051731097275e-01
1.650461934129804000e+15,1.530447470499259055e-01
1.650461934131728750e+15,1.524179495716363741e-01
1.650461934133653250e+15,1.517912335061898377e-01
1.650461934135578000e+15,1.511644360279003063e-01
1.650461934137502750e+15,1.505376385496107750e-01
1.650461934139427500e+15,1.499108410713212158e-01
1.650461934141352250e+15,1.492840435930316567e-01
1.650461934143277000e+15,1.486572461147421254e-01
1.650461934145201500e+15,1.480305300492956166e-01
1.650461934147126250e+15,1.474037325710060575e-01
1.650461934149051000e+15,1.472621556370216078e-01
1.650461934150975750e+15,1.472621556370214968e-01
1.650461934152900500e+15,1.472621556370213303e-01
1.650461934154825250e+15,1.472621556370212192e-01
1.650461934156749750e+15,1.472621556370211082e-01
1.650461934158674500e+15,1.472621556370209417e-01
1.650461934160599250e+15,1.472621556370208584e-01
1.650461934162524000e+15,1.472621556370208307e-01
1.650461934164448750e+15,1.472621556370208307e-01
1.650461934166373500e+15,1.472621556370208307e-01
1.650461934168298000e+15,1.472621556370208307e-01
1.650461934170222750e+15,1.472621556370208307e-01
1.650461934172147500e+15,1.472621556370208307e-01
1.650461934174072250e+15,1.472621556370208307e-01
1.650461934175997000e+15,1.474020443060392593e-01
1.650461934177921750e+15,1.484877326757702287e-01
1.650461934179846250e+15,1.495732800286977415e-01
1.650461934181771000e+15,1.506589683984286832e-01
1.650461934183695750e+15,1.517446567681596248e-01
1.650461934185620500e+15,1.528303451378905942e-01
1.650461934187545250e+15,1.527714175235321270e-01
1.650461934189470000e+15,1.514578686317590017e-01
1.650461934191394500e+15,1.501444903529086106e-01
1.650461934193319250e+15,1.488309414611354853e-01
1.650461934195244000e+15,1.475173925693624155e-01
1.650461934197168750e+15,1.462038436775892902e-01
1.650461934199093500e+15,1.448902947858161927e-01
1.650461934201018250e+15,1.435767458940430952e-01
1.650461934202942750e+15,1.422633676151927040e-01
1.650461934204867500e+15,1.407699575226140087e-01
1.650461934206792250e+15,1.381171906569509944e-01
1.650461934208717000e+15,1.354644237912880356e-01
1.650461934210641750e+15,1.328116569256250212e-01
1.650461934212566500e+15,1.301588900599620346e-01
1.650461934214491000e+15,1.275064677542244451e-01
1.650461934216415750e+15,1.248537008885614308e-01
1.650461934218340500e+15,1.229781315920369517e-01
1.650461934220265250e+15,1.243091490704468643e-01
1.650461934222190000e+15,1.256401665488567632e-01
1.650461934224114750e+15,1.269711840272666481e-01
1.650461934226039250e+15,1.283020286238116259e-01
1.650461934227964000e+15,1.283975895233097908e-01
1.650461934229888750e+15,1.276167552696945151e-01
1.650461934231813500e+15,1.268359210160792117e-01
1.650461934233738250e+15,1.260550867624639637e-01
1.650461934235663000e+15,1.252742525088486880e-01
1.650461934237587500e+15,1.244935196754507756e-01
1.650461934239512250e+15,1.237126854218354999e-01
1.650461934241437000e+15,1.229318511682202103e-01
1.650461934243361750e+15,1.230701666127145683e-01
1.650461934245286500e+15,1.235541283422532111e-01
1.650461934247211250e+15,1.240380900717918261e-01
1.650461934249135750e+15,1.245219889409941161e-01
1.650461934251060500e+15,1.250059506705327173e-01
1.650461934252985250e+15,1.254899124000713462e-01
1.650461934254910000e+15,1.259738741296099751e-01
1.650461934256834750e+15,1.264578358591486040e-01
1.650461934258759500e+15,1.269417975886872330e-01
1.650461934260684000e+15,1.274256964578895368e-01
1.650461934262608750e+15,1.279096581874281380e-01
1.650461934264533500e+15,1.283936199169667669e-01
1.650461934266458250e+15,1.289434700525111943e-01
1.650461934268383000e+15,1.308021603398786536e-01
1.650461934270307750e+15,1.326608506272461130e-01
1.650461934272232250e+15,1.345192994949113430e-01
1.650461934274157000e+15,1.335782953105932314e-01
1.650461934276081750e+15,1.316870120876079686e-01
1.650461934278006500e+15,1.297957288646227059e-01
1.650461934279931250e+15,1.279044456416374431e-01
1.650461934281856000e+15,1.260131624186522081e-01
1.650461934283780500e+15,1.241221248487677370e-01
1.650461934285705250e+15,1.222308416257825020e-01
1.650461934287630000e+15,1.203395584027972254e-01
1.650461934289554750e+15,1.184482751798119904e-01
1.650461934291479500e+15,1.165569919568267415e-01
1.650461934293404250e+15,1.146657087338414788e-01
1.650461934295328750e+15,1.127746711639570215e-01
1.650461934297253500e+15,1.108833879409717588e-01
1.650461934299178250e+15,1.117719779192257040e-01
1.650461934301103000e+15,1.134953279974295348e-01
1.650461934303027750e+15,1.152186780756333795e-01
1.650461934304952500e+15,1.169420281538371964e-01
1.650461934306877000e+15,1.186651543912723566e-01
1.650461934308801750e+15,1.203885044694761874e-01
1.650461934310726500e+15,1.221118545476800182e-01
1.650461934312651250e+15,1.227184630308508773e-01
1.650461934314576000e+15,1.227184630308508911e-01
1.650461934316500750e+15,1.227184630308508773e-01
1.650461934318425500e+15,1.227184630308508773e-01
1.650461934320350000e+15,1.227184630308508773e-01
1.650461934322274750e+15,1.227184630308508773e-01
1.650461934324199500e+15,1.227184630308508773e-01
1.650461934326124250e+15,1.227184630308508773e-01
1.650461934328049000e+15,1.227184630308508773e-01
1.650461934329973750e+15,1.227184630308508773e-01
1.650461934331898250e+15,1.227184630308508773e-01
1.650461934333823000e+15,1.231643711658223228e-01
1.650461934335747750e+15,1.242576981502634681e-01
1.650461934337672500e+15,1.253510251347046134e-01
1.650461934339597250e+15,1.264443521191457309e-01
1.650461934341522000e+15,1.275376791035869040e-01
1.650461934343446500e+15,1.286308640790678470e-01
1.650461934345371250e+15,1.283728305304133455e-01
1.650461934347296000e+15,1.277675249035396254e-01
1.650461934349220750e+15,1.271622192766658777e-01
1.650461934351145500e+15,1.265569136497921576e-01
1.650461934353070250e+15,1.259516080229184376e-01
1.650461934354994750e+15,1.253463810173756632e-01
1.650461934356919500e+15,1.247410753905019293e-01
1.650461934358844250e+15,1.241357697636282093e-01
1.650461934360769000e+15,1.235304641367544892e-01
1.650461934362693750e+15,1.229251585098807692e-01
1.650461934364618500e+15,1.221488239336136344e-01
1.650461934366543000e+15,1.212839162865658738e-01
1.650461934368467750e+15,1.204188962846665656e-01
1.650461934370392500e+15,1.195538762827672852e-01
1.650461934372317250e+15,1.186888562808679770e-01
1.650461934374242000e+15,1.178238362789686827e-01
1.650461934376166750e+15,1.169588162770693884e-01
1.650461934378091250e+15,1.159057333005813067e-01
1.650461934380016000e+15,1.147075880143957061e-01
1.650461934381940750e+15,1.135094427282101470e-01
1.650461934383865500e+15,1.123112974420245463e-01
1.650461934385790250e+15,1.111131521558389734e-01
1.650461934387715000e+15,1.099150068696533866e-01
1.650461934389639500e+15,1.087170172069625573e-01
1.650461934391564250e+15,1.075188719207769844e-01
1.650461934393489000e+15,1.063207266345914115e-01
1.650461934395413750e+15,1.051225813484058108e-01
1.650461934397338500e+15,1.043106935762236481e-01
1.650461934399263250e+15,1.043106935762235510e-01
1.650461934401187750e+15,1.043106935762234261e-01
1.650461934403112500e+15,1.043106935762233289e-01
1.650461934405037250e+15,1.043106935762232179e-01
1.650461934406962000e+15,1.043106935762231069e-01
1.650461934408886750e+15,1.043106935762230236e-01
1.650461934410811500e+15,1.043106935762231069e-01
1.650461934412736000e+15,1.043106935762231902e-01
1.650461934414660750e+15,1.043106935762232595e-01
1.650461934416585500e+15,1.043106935762233289e-01
1.650461934418510250e+15,1.043106935762234122e-01
1.650461934420435000e+15,1.043106935762234955e-01
1.650461934422359750e+15,1.043106935762235649e-01
1.650461934424284250e+15,1.043106935762236342e-01
1.650461934426209000e+15,1.043106935762237175e-01
1.650461934428133750e+15,1.043106935762237869e-01
1.650461934430058500e+15,1.043106935762238702e-01
1.650461934431983250e+15,1.043106935762239118e-01
1.650461934433908000e+15,1.043106935762239118e-01
1.650461934435832500e+15,1.043106935762239118e-01
1.650461934437757250e+15,1.043106935762239118e-01
1.650461934439682000e+15,1.043106935762239118e-01
1.650461934441606750e+15,1.043106935762238840e-01
1.650461934443531500e+15,1.043106935762238008e-01
1.650461934445456250e+15,1.043106935762237453e-01
1.650461934447380750e+15,1.043106935762236620e-01
1.650461934449305500e+15,1.043106935762235787e-01
1.650461934451230250e+15,1.043106935762234955e-01
1.650461934453155000e+15,1.043106935762234122e-01
1.650461934455079750e+15,1.043106935762233428e-01
1.650461934457004500e+15,1.043106935762232595e-01
1.650461934458929000e+15,1.043106935762231902e-01
1.650461934460853750e+15,1.043106935762230930e-01
1.650461934462778500e+15,1.042859016877275558e-01
1.650461934464703250e+15,1.037527375829046805e-01
1.650461934466628000e+15,1.032195734780818330e-01
1.650461934468552750e+15,1.026864093732589855e-01
1.650461934470477250e+15,1.021533145195213099e-01
1.650461934472402000e+15,1.016201504146984624e-01
1.650461934474326750e+15,1.010869863098756011e-01
1.650461934476251500e+15,1.005538222050527397e-01
1.650461934478176250e+15,1.000206581002298922e-01
1.650461934480101000e+15,9.948749399540704474e-02
1.650461934482025500e+15,9.895439914166936912e-02
1.650461934483950250e+15,9.842123503684650776e-02
1.650461934485875000e+15,9.844020052005168775e-02
1.650461934487799750e+15,9.893381073847228036e-02
1.650461934489724500e+15,9.942742095689285908e-02
1.650461934491649250e+15,9.992103117531345169e-02
1.650461934493573750e+15,1.004145772801844361e-01
1.650461934495498500e+15,1.009081874986050426e-01
1.650461934497423250e+15,1.014017977170256213e-01
1.650461934499348000e+15,1.018954079354462139e-01
1.650461934501272750e+15,1.023890181538668065e-01
1.650461934503197500e+15,1.028826283722873991e-01
1.650461934505122000e+15,1.033761744771583835e-01
1.650461934507046750e+15,1.038697846955789900e-01
1.650461934508971500e+15,1.041698387719734720e-01
1.650461934510896250e+15,1.028505673146532101e-01
1.650461934512821000e+15,1.015312958573329205e-01
1.650461934514745750e+15,1.002120244000126448e-01
1.650461934516670250e+15,9.889292429890193803e-02
1.650461934518595000e+15,9.863188940224634771e-02
1.650461934520519750e+15,9.963512743197205923e-02
1.650461934522444500e+15,1.006383654616977708e-01
1.650461934524369250e+15,1.016416034914234823e-01
1.650461934526294000e+15,1.026448415211491938e-01
1.650461934528218500e+15,1.036479492432986343e-01
1.650461934530143250e+15,1.040585838964478566e-01
1.650461934532068000e+15,1.033157624557326654e-01
1.650461934533992750e+15,1.025729410150174603e-01
1.650461934535917500e+15,1.018301195743022414e-01
1.650461934537842250e+15,1.010872981335870502e-01
1.650461934539766750e+15,1.003445731757190429e-01
1.650461934541691500e+15,9.960175173500385171e-02
1.650461934543616250e+15,9.885893029428864665e-02
1.650461934545541000e+15,9.826354448893298565e-02
1.650461934547465750e+15,9.938767527952227510e-02
1.650461934549390500e+15,1.005118060701115645e-01
1.650461934551315000e+15,1.016357908507267566e-01
1.650461934553239750e+15,1.027599216413160321e-01
1.650461934555164500e+15,1.038840524319053354e-01
1.650461934557089250e+15,1.032218095962740695e-01
1.650461934559014000e+15,1.014668760058141661e-01
1.650461934560938750e+15,9.971194241535427660e-02
1.650461934562863250e+15,9.795723676795066448e-02
1.650461934564788000e+15,9.620230317749077498e-02
1.650461934566712750e+15,9.444736958703087160e-02
1.650461934568637500e+15,9.269243599657096822e-02
1.650461934570562250e+15,9.093750240611106483e-02
1.650461934572487000e+15,8.918256881565116145e-02
1.650461934574411500e+15,8.742786316824756321e-02
1.650461934576336250e+15,8.603206776906925646e-02
1.650461934578261000e+15,8.701747603656467822e-02
1.650461934580185750e+15,8.800288430406011386e-02
1.650461934582110500e+15,8.898829257155554950e-02
1.650461934584035250e+15,8.997370083905099902e-02
1.650461934585959750e+15,9.095898111482444981e-02
1.650461934587884500e+15,9.194438938231988545e-02
1.650461934589809250e+15,9.119326283661066679e-02
1.650461934591734000e+15,9.025803017221951940e-02
1.650461934593658750e+15,8.932279750782835814e-02
1.650461934595583500e+15,8.838756484343721076e-02
1.650461934597508000e+15,8.745245365360954093e-02
1.650461934599432750e+15,8.651722098921839355e-02
1.650461934601357500e+15,8.609551000078201344e-02
1.650461934603282250e+15,8.665672070625300705e-02
1.650461934605207000e+15,8.721793141172400066e-02
1.650461934607131750e+15,8.777914211719498039e-02
1.650461934609056250e+15,8.834027992869201984e-02
1.650461934610981000e+15,8.890149063416302733e-02
1.650461934612905750e+15,8.946270133963400706e-02
1.650461934614830500e+15,9.002391204510498679e-02
1.650461934616755250e+15,9.058512275057598040e-02
1.650461934618680000e+15,9.114633345604697401e-02
1.650461934620604500e+15,9.170747126754399958e-02
1.650461934622529250e+15,9.151771362113929331e-02
1.650461934624454000e+15,9.024520870939145567e-02
1.650461934626378750e+15,8.897270379764361803e-02
1.650461934628303500e+15,8.770019888589578039e-02
1.650461934630228250e+15,8.642769397414792887e-02
1.650461934632152750e+15,8.515535434424340022e-02
1.650461934634077500e+15,8.388284943249556258e-02
1.650461934636002250e+15,8.261034452074771106e-02
1.650461934637927000e+15,8.133783960899988730e-02
1.650461934639851750e+15,8.006533469725203578e-02
1.650461934641776500e+15,8.076350518737909767e-02
1.650461934643701000e+15,8.206501341014388329e-02
1.650461934645625750e+15,8.336669070386511227e-02
1.650461934647550500e+15,8.466836799758635512e-02
1.650461934649475250e+15,8.595472663714498474e-02
1.650461934651400000e+15,8.695933008099754336e-02
1.650461934653324750e+15,8.796393352485010197e-02
1.650461934655249250e+15,8.896840648377683791e-02
1.650461934657174000e+15,8.997300992762939653e-02
1.650461934659098750e+15,9.097761337148194127e-02
1.650461934661023500e+15,9.198221681533449989e-02
1.650461934662948250e+15,8.782865821987466404e-02
1.650461934664873000e+15,8.336695890520469387e-02
1.650461934666797750e+15,7.890525959053473759e-02
1.650461934668722250e+15,7.444413979259612013e-02
1.650461934670647000e+15,6.998244047792613609e-02
1.650461934672571750e+15,6.795921722640066442e-02
1.650461934674496500e+15,6.900788691969944599e-02
1.650461934676421250e+15,7.005655661299819981e-02
1.650461934678346000e+15,7.110522630629696750e-02
1.650461934680270500e+15,7.215375979103703930e-02
1.650461934682195250e+15,7.320242948433580699e-02
1.650461934684120000e+15,7.330145732443693607e-02
1.650461934686044750e+15,7.274395552657386688e-02
1.650461934687969500e+15,7.218645372871079768e-02
1.650461934689894250e+15,7.162895193084774237e-02
1.650461934691818750e+15,7.107152254521975632e-02
1.650461934693743500e+15,7.051402074735670100e-02
1.650461934695668250e+15,6.995651894949364569e-02
1.650461934697593000e+15,6.939901715163057649e-02
1.650461934699517750e+15,6.884151535376750730e-02
1.650461934701442500e+15,6.828401355590445199e-02
1.650461934703367000e+15,6.772658417027647981e-02
1.650461934705291750e+15,6.687962129610296180e-02
1.650461934707216500e+15,6.582721369621587215e-02
1.650461934709141250e+15,6.477480609632879638e-02
1.650461934711066000e+15,6.372239849644172061e-02
1.650461934712990750e+15,6.266999089655464483e-02
1.650461934714915250e+15,6.161771999073172024e-02
1.650461934716840000e+15,6.214243756492082715e-02
1.650461934718764750e+15,6.318064406889267737e-02
1.650461934720689500e+15,6.421885057286452758e-02
1.650461934722614250e+15,6.525705707683636392e-02
1.650461934724539000e+15,6.629526358080821413e-02
1.650461934726463500e+15,6.733333523525363018e-02
1.650461934728388250e+15,6.837154173922546652e-02
1.650461934730313000e+15,6.940974824319731673e-02
1.650461934732237750e+15,7.044795474716916694e-02
1.650461934734162500e+15,7.148616125114101716e-02
1.650461934736087250e+15,7.252436775511285350e-02
1.650461934738011750e+15,7.356243940955826954e-02
1.650461934739936500e+15,7.188372010860898109e-02
1.650461934741861250e+15,7.001266211020421015e-02
1.650461934743786000e+15,6.814160411179945309e-02
1.650461934745710750e+15,6.627054611339469603e-02
1.650461934747635500e+15,6.439948811498992509e-02
1.650461934749560000e+15,6.252867314269223986e-02
1.650461934751484750e+15,6.135923151542588966e-02
1.650461934753409500e+15,6.135923151542588272e-02
1.650461934755334250e+15,6.135923151542588966e-02
1.650461934757259000e+15,6.135923151542588966e-02
1.650461934759183750e+15,6.135923151542588272e-02
1.650461934761108250e+15,6.135923151542588966e-02
1.650461934763033000e+15,6.135923151542588966e-02
1.650461934764957750e+15,6.135923151542588966e-02
1.650461934766882500e+15,6.135923151542588272e-02
1.650461934768807250e+15,6.135923151542588966e-02
1.650461934770732000e+15,6.135923151542588966e-02
1.650461934772656500e+15,6.135923151542588966e-02
1.650461934774581250e+15,6.135923151542588272e-02
1.650461934776506000e+15,6.135923151542588272e-02
1.650461934778430750e+15,6.135923151542588272e-02
1.650461934780355500e+15,6.135923151542588966e-02
1.650461934782280250e+15,6.135923151542588966e-02
1.650461934784204750e+15,6.135923151542588966e-02
1.650461934786129500e+15,6.135923151542588966e-02
1.650461934788054250e+15,6.135923151542589660e-02
1.650461934789979000e+15,6.135923151542588272e-02
1.650461934791903750e+15,6.135923151542588272e-02
1.650461934793828500e+15,6.135923151542588966e-02
1.650461934795753000e+15,6.136802943883038625e-02
1.650461934797677750e+15,6.197280812000258154e-02
1.650461934799602500e+15,6.257758680117478378e-02
1.650461934801527250e+15,6.318236548234697214e-02
1.650461934803452000e+15,6.378714416351917438e-02
1.650461934805376750e+15,6.439192284469137662e-02
1.650461934807301250e+15,6.499662297297603697e-02
1.650461934809226000e+15,6.560140165414822533e-02
1.650461934811150750e+15,6.620618033532042757e-02
1.650461934813075500e+15,6.681095901649261593e-02
1.650461934815000250e+15,6.741573769766481816e-02
1.650461934816925000e+15,6.599097410698273602e-02
1.650461934818849500e+15,6.425963709281312664e-02
1.650461934820774250e+15,6.252807517126313108e-02
1.650461934822699000e+15,6.079651324971313553e-02
1.650461934824623750e+15,5.906495132816315385e-02
1.650461934826548500e+15,5.733338940661315830e-02
1.650461934828473250e+15,5.560182748506316275e-02
1.650461934830397750e+15,5.472755860893256663e-02
1.650461934832322500e+15,5.409301540637879990e-02
1.650461934834247250e+15,5.345847220382503318e-02
1.650461934836172000e+15,5.282392900127127339e-02
1.650461934838096750e+15,5.218938579871750666e-02
1.650461934840021500e+15,5.155484259616373993e-02
1.650461934841946000e+15,5.092038181252185602e-02
1.650461934843870750e+15,5.028583860996808930e-02
1.650461934845795500e+15,4.965129540741432257e-02
1.650461934847720250e+15,4.928793769673690817e-02
1.650461934849645000e+15,5.108963381968607137e-02
1.650461934851569750e+15,5.289132994263522070e-02
1.650461934853494250e+15,5.469279204868310318e-02
1.650461934855419000e+15,5.649448817163226638e-02
1.650461934857343750e+15,5.829618429458141571e-02
1.650461934859268500e+15,6.009788041753057891e-02
1.650461934861193250e+15,6.083953939610550060e-02
1.650461934863118000e+15,5.910670716282372117e-02
1.650461934865042500e+15,5.737410000191930926e-02
1.650461934866967250e+15,5.564126776863752288e-02
1.650461934868892000e+15,5.390843553535576427e-02
1.650461934870816750e+15,5.217560330207397790e-02
1.650461934872741500e+15,5.044277106879221234e-02
1.650461934874666250e+15,4.882954359850010667e-02
1.650461934876590750e+15,4.764596295249998864e-02
1.650461934878515500e+15,4.646222855479215097e-02
1.650461934880440250e+15,4.527849415708432024e-02
1.650461934882365000e+15,4.409475975937647563e-02
1.650461934884289750e+15,4.291102536166864490e-02
1.650461934886214500e+15,4.172729096396080029e-02
1.650461934888139000e+15,4.054371031796068225e-02
1.650461934890063750e+15,3.935997592025285152e-02
1.650461934891988500e+15,3.817624152254501385e-02
1.650461934893913250e+15,3.699250712483717618e-02
1.650461934895838000e+15,3.681553890925570727e-02
1.650461934897762750e+15,3.681553890925570727e-02
1.650461934899687250e+15,3.681553890925570727e-02
1.650461934901612000e+15,3.681553890925570727e-02
1.650461934903536750e+15,3.681553890925570727e-02
1.650461934905461500e+15,3.681553890925570727e-02
1.650461934907386250e+15,3.734449038007604110e-02
1.650461934909311000e+15,3.789682964141413701e-02
1.650461934911235500e+15,3.844909716106352515e-02
1.650461934913160250e+15,3.900143642240161412e-02
1.650461934915085000e+15,3.955377568373971003e-02
1.650461934917009750e+15,4.010611494507779901e-02
1.650461934918934500e+15,4.065845420641589492e-02
1.650461934920859250e+15,4.121079346775398389e-02
1.650461934922783750e+15,4.176306098740337203e-02
1.650461934924708500e+15,4.231540024874146100e-02
1.650461934926633250e+15,4.286773951007955691e-02
1.650461934928558000e+15,4.247304521079478534e-02
1.650461934930482750e+15,4.190915492785311780e-02
1.650461934932407500e+15,4.134526464491145026e-02
1.650461934934332000e+15,4.078144760398601937e-02
1.650461934936256750e+15,4.021755732104435876e-02
1.650461934938181500e+15,3.965366703810269122e-02
1.650461934940106250e+15,3.908977675516102368e-02
1.650461934942031000e+15,3.852588647221935614e-02
1.650461934943955750e+15,3.796199618927769553e-02
1.650461934945880250e+15,3.739817914835225771e-02
1.650461934947805000e+15,3.683428886541059710e-02
1.650461934949729750e+15,3.681553890925615136e-02
1.650461934951654500e+15,3.681553890925615136e-02
1.650461934953579250e+15,3.681553890925615136e-02
1.650461934955504000e+15,3.681553890925615136e-02
1.650461934957428500e+15,3.681553890925615136e-02
1.650461934959353250e+15,3.681553890925615830e-02
1.650461934961278000e+15,3.681553890925615830e-02
1.650461934963202750e+15,3.667402776646224577e-02
1.650461934965127500e+15,3.612238508880641352e-02
1.650461934967052250e+15,3.557074241115058821e-02
1.650461934968976750e+15,3.501917138470630325e-02
1.650461934970901500e+15,3.446752870705047100e-02
1.650461934972826250e+15,3.391588602939463876e-02
1.650461934974751000e+15,3.336424335173880651e-02
1.650461934976675750e+15,3.281260067408298120e-02
1.650461934978600500e+15,3.226095799642715589e-02
1.650461934980525000e+15,3.170938696998286399e-02
1.650461934982449750e+15,3.115774429232703521e-02
1.650461934984374500e+15,3.100884163123423728e-02
1.650461934986299250e+15,3.347931921431795965e-02
1.650461934988224000e+15,3.594979679740167855e-02
1.650461934990148750e+15,3.842027438048539745e-02
1.650461934992073250e+15,4.089043108065146259e-02
1.650461934993998000e+15,4.278387991308017085e-02
1.650461934995922750e+15,4.177273966599703153e-02
1.650461934997847500e+15,4.076159941891388527e-02
1.650461934999772250e+15,3.975045917183074595e-02
1.650461935001697000e+15,3.873931892474760663e-02
1.650461935003621500e+15,3.772831001163603343e-02
1.650461935005546250e+15,3.694241077433126769e-02
1.650461935007471000e+15,3.824653158770704997e-02
1.650461935009395750e+15,3.955065240108283919e-02
1.650461935011320500e+15,4.085477321445861454e-02
1.650461935013245250e+15,4.215889402783440376e-02
1.650461935015169750e+15,4.141646438143854053e-02
1.650461935017094500e+15,3.750194065391718179e-02
1.650461935019019250e+15,3.358741692639582305e-02
1.650461935020944000e+15,2.967289319887446430e-02
1.650461935022868750e+15,2.575836947135310556e-02
1.650461935024793500e+15,2.184384574383174682e-02
1.650461935026718250e+15,1.834140274559685480e-02
1.650461935028642750e+15,1.779847933846391214e-02
1.650461935030567500e+15,1.725548540347865076e-02
1.650461935032492250e+15,1.671249146849339284e-02
1.650461935034417000e+15,1.616949753350813493e-02
1.650461935036341750e+15,1.562650359852287701e-02
1.650461935038266500e+15,1.508350966353761737e-02
1.650461935040191000e+15,1.454058625640467471e-02
1.650461935042115750e+15,1.399759232141941853e-02
1.650461935044040500e+15,1.345459838643415888e-02
1.650461935045965250e+15,1.291160445144889923e-02
1.650461935047890000e+15,1.236861051646363958e-02
1.650461935049814750e+15,1.411221602275271152e-02
1.650461935051739250e+15,1.635137614634993991e-02
1.650461935053664000e+15,1.859082714551531235e-02
1.650461935055588750e+15,2.083027814468068478e-02
1.650461935057513500e+15,2.306972914384606416e-02
1.650461935059438250e+15,2.530918014301143659e-02
1.650461935061363000e+15,2.754863114217681250e-02
1.650461935063287500e+15,2.978779126577403569e-02
1.650461935065212250e+15,2.990077378617637949e-02
1.650461935067137000e+15,2.860651426990972607e-02
1.650461935069061750e+15,2.731225475364307265e-02
1.650461935070986500e+15,2.601799523737641923e-02
1.650461935072911250e+15,2.472373572110976581e-02
1.650461935074835750e+15,2.377612308930803636e-02
1.650461935076760500e+15,2.288438961860939785e-02
1.650461935078685250e+15,2.199265614791075588e-02
1.650461935080610000e+15,2.110092267721211737e-02
1.650461935082534750e+15,2.020918920651347539e-02
1.650461935084459500e+15,1.931745573581483341e-02
1.650461935086384000e+15,1.842583808969999737e-02
1.650461935088308750e+15,1.840776945462674341e-02
1.650461935090233500e+15,1.840776945462674341e-02
1.650461935092158250e+15,1.840776945462674341e-02
1.650461935094083000e+15,1.840776945462673994e-02
1.650461935096007750e+15,1.840776945462674341e-02
1.650461935097932250e+15,1.840776945462674341e-02
1.650461935099857000e+15,1.840776945462674341e-02
1.650461935101781750e+15,1.840776945462674341e-02
1.650461935103706500e+15,1.840776945462673994e-02
1.650461935105631250e+15,1.840776945462674341e-02
1.650461935107556000e+15,1.840776945462674341e-02
1.650461935109480500e+15,1.840776945462674341e-02
1.650461935111405250e+15,1.840776945462674341e-02
1.650461935113330000e+15,1.840776945462674341e-02
1.650461935115254750e+15,1.840776945462674341e-02
1.650461935117179500e+15,1.840776945462674341e-02
1.650461935119104250e+15,1.818864976138892531e-02
1.650461935121028750e+15,1.708833443291879126e-02
1.650461935122953500e+15,1.598787616922801857e-02
1.650461935124878250e+15,1.488741790553724416e-02
1.650461935126803000e+15,1.378695964184647321e-02
1.650461935128727750e+15,1.268650137815570053e-02
1.650461935130652500e+15,1.227184630308528548e-02
1.650461935132577000e+15,1.227184630308524906e-02
1.650461935134501750e+15,1.227184630308521089e-02
1.650461935136426500e+15,1.227184630308517273e-02
1.650461935138351250e+15,1.227184630308513283e-02
1.650461935140276000e+15,1.227184630308509640e-02
1.650461935142200750e+15,1.227184630308505650e-02
1.650461935144125250e+15,1.227184630308502007e-02
1.650461935146050000e+15,1.227184630308498191e-02
1.650461935147974750e+15,1.227184630308494374e-02
1.650461935149899500e+15,1.227184630308490558e-02
1.650461935151824250e+15,1.227184630308486742e-02
1.650461935153749000e+15,1.227184630308486568e-02
1.650461935155673500e+15,1.227184630308486568e-02
1.650461935157598250e+15,1.227184630308486568e-02
1.650461935159523000e+15,1.227184630308486568e-02
1.650461935161447750e+15,1.244594472787736647e-02
1.650461935163372500e+15,1.281631880151026803e-02
1.650461935165297250e+15,1.318669287514317306e-02
1.650461935167221750e+15,1.355701884199939783e-02
1.650461935169146500e+15,1.392739291563230113e-02
1.650461935171071250e+15,1.429776698926520442e-02
1.650461935172996000e+15,1.466814106289810599e-02
1.650461935174920750e+15,1.503851513653100755e-02
1.650461935176845500e+15,1.540888921016390911e-02
1.650461935178770000e+15,1.577921517702013735e-02
1.650461935180694750e+15,1.614958925065303891e-02
1.650461935182619500e+15,1.651996332428594394e-02
1.650461935184544250e+15,1.689033739791884550e-02
1.650461935186469000e+15,1.726071147155174706e-02
1.650461935188393750e+15,1.763108554518465210e-02
1.650461935190318250e+15,1.800141151204087686e-02
1.650461935192243000e+15,1.837178558567377842e-02
1.650461935194167750e+15,1.710934027092178913e-02
1.650461935196092500e+15,1.567118658291243721e-02
1.650461935198017250e+15,1.423303289490308529e-02
1.650461935199942000e+15,1.279487920689373337e-02
1.650461935201866500e+15,1.227184630308464364e-02
1.650461935203791250e+15,1.227184630308464364e-02
1.650461935205716000e+15,1.227184630308464364e-02
1.650461935207640750e+15,1.227184630308464364e-02
1.650461935209565500e+15,1.227184630308464364e-02
1.650461935211490250e+15,1.227184630308464364e-02
1.650461935213414750e+15,1.227184630308465751e-02
1.650461935215339500e+15,1.227184630308468700e-02
1.650461935217264250e+15,1.227184630308471476e-02
1.650461935219189000e+15,1.227184630308474425e-02
1.650461935221113750e+15,1.227184630308477201e-02
1.650461935223038500e+15,1.227184630308479976e-02
1.650461935224963000e+15,1.227184630308482925e-02
1.650461935226887750e+15,1.227184630308485701e-02
1.650461935228812500e+15,1.227184630308486568e-02
1.650461935230737250e+15,1.227184630308486395e-02
1.650461935232662000e+15,1.227184630308486568e-02
1.650461935234586750e+15,1.227184630308486568e-02
1.650461935236511250e+15,1.227184630308486395e-02
1.650461935238436000e+15,1.227184630308486395e-02
1.650461935240360750e+15,1.227184630308486568e-02
1.650461935242285500e+15,1.227184630308486568e-02
1.650461935244210250e+15,1.227184630308486568e-02
1.650461935246135000e+15,1.227184630308486568e-02
1.650461935248059500e+15,1.227184630308486568e-02
1.650461935249984250e+15,1.227184630308486568e-02
1.650461935251909000e+15,1.227184630308486568e-02
1.650461935253833750e+15,1.227184630308486568e-02
1.650461935255758500e+15,1.227184630308486568e-02
1.650461935257683250e+15,1.227184630308486395e-02
1.650461935259607750e+15,1.227184630308486568e-02
1.650461935261532500e+15,1.227184630308486568e-02
1.650461935263457250e+15,1.227184630308486568e-02
1.650461935265382000e+15,1.227184630308486568e-02
1.650461935267306750e+15,1.227184630308486395e-02
1.650461935269231500e+15,1.211560751913356646e-02
1.650461935271156000e+15,1.132329779656631417e-02
1.650461935273080750e+15,1.053088514989896154e-02
1.650461935275005500e+15,9.738472503231608915e-03
1.650461935276930250e+15,8.946059856564256285e-03
1.650461935278855000e+15,8.153647209896901921e-03
1.650461935280779750e+15,7.361234563229549291e-03
1.650461935282704250e+15,6.568924840662296143e-03
1.650461935284629000e+15,6.135923151542935911e-03
1.650461935286553750e+15,6.135923151542821419e-03
1.650461935288478500e+15,6.135923151542706927e-03
1.650461935290403250e+15,6.135923151542593303e-03
1.650461935292328000e+15,6.135923151542478811e-03
1.650461935294252500e+15,6.135923151542365186e-03
1.650461935296177250e+15,6.666304140405418695e-03
1.650461935298102000e+15,7.517545172979313642e-03
1.650461935300026750e+15,8.368786205553209456e-03
1.650461935301951500e+15,9.220027238127105271e-03
1.650461935303876250e+15,1.007126827070100109e-02
1.650461935305800750e+15,1.092239873813233633e-02
1.650461935307725500e+15,1.177363977070623215e-02
1.650461935309650250e+15,1.299341387169335692e-02
1.650461935311575000e+15,1.473326627091725224e-02
1.650461935313499750e+15,1.647311867014114584e-02
1.650461935315424500e+15,1.821297106936503943e-02
1.650461935317349000e+15,1.995259748438329289e-02
1.650461935319273750e+15,2.169244988360718995e-02
1.650461935321198500e+15,2.343230228283108008e-02
1.650461935323123250e+15,2.517215468205497714e-02
1.650461935325048000e+15,2.691200708127887073e-02
1.650461935326972750e+15,2.865185948050276779e-02
1.650461935328897250e+15,3.039148589552102125e-02
1.650461935330822000e+15,3.067961575771227523e-02
1.650461935332746750e+15,3.067961575771227176e-02
1.650461935334671500e+15,3.067961575771227523e-02
1.650461935336596250e+15,3.067961575771227523e-02
1.650461935338521000e+15,3.067961575771227176e-02
1.650461935340445500e+15,3.067961575771227176e-02
1.650461935342370250e+15,3.227636978175027482e-02
1.650461935344295000e+15,3.392582761498098842e-02
1.650461935346219750e+15,3.557528544821170202e-02
1.650461935348144500e+15,3.722474328144242256e-02
1.650461935350069250e+15,3.887420111467313616e-02
1.650461935351993750e+15,4.052344470477705490e-02
1.650461935353918500e+15,4.217290253800777544e-02
1.650461935355843250e+15,4.295146206079780704e-02
1.650461935357768000e+15,4.295146206079780704e-02
1.650461935359692750e+15,4.295146206079780704e-02
1.650461935361617500e+15,4.295146206079780704e-02
1.650461935363542000e+15,4.295146206079780704e-02
1.650461935365466750e+15,4.295146206079780704e-02
1.650461935367391500e+15,4.295146206079780704e-02
1.650461935369316250e+15,4.295146206079780704e-02
1.650461935371241000e+15,4.295146206079780704e-02
1.650461935373165750e+15,4.295146206079780704e-02
1.650461935375090500e+15,4.295146206079780704e-02
1.650461935377015000e+15,4.369334406012728711e-02
1.650461935378939750e+15,4.642885627891926714e-02
1.650461935380864500e+15,4.916436849771124024e-02
1.650461935382789250e+15,5.189988071650321333e-02
1.650461935384714000e+15,5.463539293529519336e-02
1.650461935386638750e+15,5.737090515408717339e-02
1.650461935388563250e+15,6.010606206540820146e-02
1.650461935390488000e+15,6.135923151542504311e-02
1.650461935392412750e+15,6.135923151542511944e-02
1.650461935394337500e+15,6.135923151542520965e-02
1.650461935396262250e+15,6.135923151542529291e-02
1.650461935398187000e+15,6.135923151542538312e-02
1.650461935400111500e+15,6.135923151542545945e-02
1.650461935402036250e+15,6.135923151542554271e-02
1.650461935403961000e+15,6.135923151542563292e-02
1.650461935405885750e+15,6.135923151542571619e-02
1.650461935407810500e+15,6.135923151542579945e-02
1.650461935409735250e+15,6.147642275007620533e-02
1.650461935411659750e+15,6.339995819642629815e-02
1.650461935413584500e+15,6.532374351747713415e-02
1.650461935415509250e+15,6.724752883852797014e-02
1.650461935417434000e+15,6.917131415957880614e-02
1.650461935419358750e+15,7.109509948062964213e-02
1.650461935421283500e+15,7.301888480168047812e-02
1.650461935423208000e+15,7.511960574803003277e-02
1.650461935425132750e+15,7.730332840987659548e-02
1.650461935427057500e+15,7.948705107172314432e-02
1.650461935428982250e+15,8.167077373356969316e-02
1.650461935430907000e+15,8.385449639541625588e-02
1.650461935432831750e+15,8.603821905726280472e-02
1.650461935434756250e+15,8.822165808192765357e-02
1.650461935436681000e+15,9.040538074377421629e-02
1.650461935438605750e+15,9.258910340562076513e-02
1.650461935440530500e+15,9.477282606746731397e-02
1.650461935442455250e+15,9.695654872931387669e-02
1.650461935444380000e+15,9.623751784548573163e-02
1.650461935446304500e+15,9.185650422778757207e-02
1.650461935448229250e+15,8.747492149946096973e-02
1.650461935450154000e+15,8.309333877113436739e-02
1.650461935452078750e+15,7.871175604280777893e-02
1.650461935454003500e+15,7.433017331448117659e-02
1.650461935455928250e+15,6.994859058615458813e-02
1.650461935457852750e+15,6.749515466696820454e-02
1.650461935459777500e+15,6.749515466696820454e-02
1.650461935461702250e+15,6.749515466696820454e-02
1.650461935463627000e+15,6.749515466696820454e-02
1.650461935465551750e+15,6.749515466696820454e-02
1.650461935467476500e+15,6.749515466696820454e-02
1.650461935469401000e+15,6.749515466696820454e-02
1.650461935471325750e+15,6.749515466696820454e-02
1.650461935473250500e+15,6.749515466696820454e-02
1.650461935475175250e+15,6.749515466696820454e-02
1.650461935477100000e+15,6.749515466696820454e-02
1.650461935479024750e+15,6.749515466696820454e-02
1.650461935480949250e+15,6.749515466696820454e-02
1.650461935482874000e+15,6.950323966101630557e-02
1.650461935484798750e+15,7.324121025317689715e-02
1.650461935486723500e+15,7.697918084533748873e-02
1.650461935488648250e+15,8.071715143749808030e-02
1.650461935490573000e+15,8.445512202965868576e-02
1.650461935492497500e+15,8.819260710803929204e-02
1.650461935494422250e+15,9.193057770019989750e-02
1.650461935496347000e+15,9.297543434245367222e-02
1.650461935498271750e+15,9.393995866651198845e-02
1.650461935500196500e+15,9.490448299057030468e-02
1.650461935502121250e+15,9.586900731462863479e-02
1.650461935504045750e+15,9.683340635951770414e-02
1.650461935505970500e+15,9.779793068357603425e-02
1.650461935507895250e+15,9.876245500763435048e-02
1.650461935509820000e+15,9.972697933169266671e-02
1.650461935511744750e+15,1.006915036557510107e-01
1.650461935513669500e+15,1.016560279798093269e-01
1.650461935515594000e+15,1.026204270246984102e-01
1.650461935517518750e+15,1.035849513487567264e-01
1.650461935519443500e+15,1.039221659682759702e-01
1.650461935521368250e+15,1.023527671993404581e-01
1.650461935523293000e+15,1.007833684304049460e-01
1.650461935525217750e+15,9.921396966146941998e-02
1.650461935527142250e+15,9.764477473702913579e-02
1.650461935529067000e+15,9.607537596809360980e-02
1.650461935530991750e+15,9.450597719915809769e-02
1.650461935532916500e+15,9.293657843022257170e-02
1.650461935534841250e+15,9.136717966128704571e-02
1.650461935536766000e+15,8.979778089235151972e-02
1.650461935538690500e+15,8.822858596791124941e-02
1.650461935540615250e+15,8.665918719897572342e-02
1.650461935542540000e+15,8.508978843004021131e-02
1.650461935544464750e+15,8.352038966110467144e-02
1.650461935546389500e+15,8.195099089216915933e-02
1.650461935548314250e+15,8.038159212323363334e-02
1.650461935550238750e+15,8.235173858979481787e-02
1.650461935552163500e+15,8.660112892385316008e-02
1.650461935554088250e+15,9.085051925791148841e-02
1.650461935556013000e+15,9.509990959196981675e-02
1.650461935557937750e+15,9.934929992602814508e-02
1.650461935559862500e+15,1.035986902600865012e-01
1.650461935561787000e+15,1.043106935762231485e-01
1.650461935563711750e+15,1.043106935762232873e-01
1.650461935565636500e+15,1.043106935762234400e-01
1.650461935567561250e+15,1.043106935762235787e-01
1.650461935569486000e+15,1.043106935762237036e-01
1.650461935571410750e+15,1.043106935762238424e-01
1.650461935573335250e+15,1.037490540493399005e-01
1.650461935575260000e+15,1.025869839828308927e-01
1.650461935577184750e+15,1.014249139163218710e-01
1.650461935579109500e+15,1.002628438498128494e-01
1.650461935581034250e+15,9.910077378330384157e-02
1.650461935582959000e+15,9.856147995921625549e-02
1.650461935584883500e+15,1.004648623101419697e-01
1.650461935586808250e+15,1.023684919178033392e-01
1.650461935588733000e+15,1.042721215254646949e-01
1.650461935590657750e+15,1.061757511331260784e-01
1.650461935592582500e+15,1.080793807407874202e-01
1.650461935594507250e+15,1.099830103484487759e-01
1.650461935596431750e+15,1.111422300077177933e-01
1.650461935598356500e+15,1.120619495066611515e-01
1.650461935600281250e+15,1.129816690056044959e-01
1.650461935602206000e+15,1.139013885045478403e-01
1.650461935604130750e+15,1.148211080034911846e-01
1.650461935606055500e+15,1.157408275024345290e-01
1.650461935607980000e+15,1.165825398793087775e-01
1.650461935609904750e+15,1.165825398793087497e-01
1.650461935611829500e+15,1.165825398793087220e-01
1.650461935613754250e+15,1.165825398793086942e-01
1.650461935615679000e+15,1.165825398793086942e-01
1.650461935617603750e+15,1.165825398793086526e-01
1.650461935619528250e+15,1.165825398793086387e-01
1.650461935621453000e+15,1.165825398793086110e-01
1.650461935623377750e+15,1.165825398793085832e-01
1.650461935625302500e+15,1.165825398793085554e-01
1.650461935627227250e+15,1.165825398793085693e-01
1.650461935629152000e+15,1.165825398793085554e-01
1.650461935631076500e+15,1.165825398793085554e-01
1.650461935633001250e+15,1.165825398793085554e-01
1.650461935634926000e+15,1.165825398793085832e-01
1.650461935636850750e+15,1.165825398793085554e-01
1.650461935638775500e+15,1.165825398793085554e-01
1.650461935640700250e+15,1.165825398793085693e-01
1.650461935642624750e+15,1.165825398793085832e-01
1.650461935644549500e+15,1.165825398793086387e-01
1.650461935646474250e+15,1.165825398793086665e-01
1.650461935648399000e+15,1.165825398793086942e-01
1.650461935650323750e+15,1.165825398793087359e-01
1.650461935652248500e+15,1.165825398793087914e-01
1.650461935654173000e+15,1.165825398793088469e-01
1.650461935656097750e+15,1.165825398793088885e-01
1.650461935658022500e+15,1.165825398793089440e-01
1.650461935659947250e+15,1.166213024857639252e-01
1.650461935661872000e+15,1.174213917809289326e-01
1.650461935663796750e+15,1.182214810760939538e-01
1.650461935665721250e+15,1.190214664500620217e-01
1.650461935667646000e+15,1.198215557452270152e-01
1.650461935669570750e+15,1.206216450403920226e-01
1.650461935671495500e+15,1.214217343355570300e-01
1.650461935673420250e+15,1.222218236307220374e-01
1.650461935675345000e+15,1.227184630308510993e-01
1.650461935677269500e+15,1.227184630308510993e-01
1.650461935679194250e+15,1.227184630308510993e-01
1.650461935681119000e+15,1.227184630308510993e-01
1.650461935683043750e+15,1.227184630308510993e-01
1.650461935684968500e+15,1.227184630308510993e-01
1.650461935686893250e+15,1.227184630308510993e-01
1.650461935688817750e+15,1.227184630308511132e-01
1.650461935690742500e+15,1.227184630308511132e-01
1.650461935692667250e+15,1.227184630308510993e-01
1.650461935694592000e+15,1.227184630308510993e-01
1.650461935696516750e+15,1.227184630308511132e-01
1.650461935698441500e+15,1.227184630308510993e-01
1.650461935700366000e+15,1.227184630308510993e-01
1.650461935702290750e+15,1.227184630308510993e-01
1.650461935704215500e+15,1.227184630308510993e-01
1.650461935706140250e+15,1.227184630308510993e-01
1.650461935708065000e+15,1.227184630308510993e-01
1.650461935709989750e+15,1.228983734840579656e-01
1.650461935711914250e+15,1.239880278261401153e-01
1.650461935713839000e+15,1.250778237185394826e-01
1.650461935715763750e+15,1.261676196109388914e-01
1.650461935717688500e+15,1.272574155033382726e-01
1.650461935719613250e+15,1.283472113957376814e-01
1.650461935721538000e+15,1.294370072881370626e-01
1.650461935723462500e+15,1.305266616302191984e-01
1.650461935725387250e+15,1.316164575226185796e-01
1.650461935727312000e+15,1.327062534150179607e-01
1.650461935729236750e+15,1.337960493074173696e-01
1.650461935731161500e+15,1.348858451998167507e-01
1.650461935733086250e+15,1.316058274751501500e-01
1.650461935735011000e+15,1.278625253876916334e-01
1.650461935736935500e+15,1.241197095065050271e-01
1.650461935738860250e+15,1.203764074190464828e-01
1.650461935740785000e+15,1.166331053315879662e-01
1.650461935742709750e+15,1.186132017577644221e-01
1.650461935744634500e+15,1.206716699344896615e-01
1.650461935746559250e+15,1.227301381112149148e-01
1.650461935748483750e+15,1.247883389196875747e-01
1.650461935750408500e+15,1.268468070964128003e-01
1.650461935752333250e+15,1.289052752731380536e-01
1.650461935754258000e+15,1.309637434498633068e-01
1.650461935756182750e+15,1.330222116265885601e-01
1.650461935758107500e+15,1.348921763716381117e-01
1.650461935760032000e+15,1.326571836385739833e-01
1.650461935761956750e+15,1.304219005713019019e-01
1.650461935763881500e+15,1.281866175040297928e-01
1.650461935765806250e+15,1.259513344367576837e-01
1.650461935767731000e+15,1.237160513694855885e-01
1.650461935769655750e+15,1.230143750675385950e-01
1.650461935771580250e+15,1.235487243188687356e-01
1.650461935773505000e+15,1.240831429842351452e-01
1.650461935775429750e+15,1.246175616496015548e-01
1.650461935777354500e+15,1.251519803149679644e-01
1.650461935779279250e+15,1.256863989803343740e-01
1.650461935781204000e+15,1.262208176457008113e-01
1.650461935783128500e+15,1.267551668970309242e-01
1.650461935785053250e+15,1.272895855623973338e-01
1.650461935786978000e+15,1.278240042277637711e-01
1.650461935788902750e+15,1.283584228931301807e-01
1.650461935790827500e+15,1.288543861823940873e-01
1.650461935792752250e+15,1.288543861823941150e-01
1.650461935794676750e+15,1.288543861823941428e-01
1.650461935796601500e+15,1.288543861823941705e-01
1.650461935798526250e+15,1.288543861823941983e-01
1.650461935800451000e+15,1.288543861823941983e-01
1.650461935802375750e+15,1.288543861823942260e-01
1.650461935804300500e+15,1.288543861823942538e-01
1.650461935806225000e+15,1.288543861823942815e-01
1.650461935808149750e+15,1.288543861823943093e-01
1.650461935810074500e+15,1.315791012245781100e-01
1.650461935811999250e+15,1.347507947700532782e-01
1.650461935813924000e+15,1.379224883155284742e-01
1.650461935815848750e+15,1.410941818610036425e-01
1.650461935817773250e+15,1.442654634447246842e-01
1.650461935819698000e+15,1.474371569901998524e-01
1.650461935821622750e+15,1.506088505356750762e-01
1.650461935823547500e+15,1.537805440811502444e-01
1.650461935825472250e+15,1.569522376266254127e-01
1.650461935827397000e+15,1.597464654750958835e-01
1.650461935829321500e+15,1.608886053440525266e-01
1.650461935831246250e+15,1.620308935813995488e-01
1.650461935833171000e+15,1.631731818187465433e-01
1.650461935835095750e+15,1.643154700560935377e-01
1.650461935837020500e+15,1.654577582934405322e-01
1.650461935838945250e+15,1.649485594357150697e-01
1.650461935840869750e+15,1.640627606130353744e-01
1.650461935842794500e+15,1.631768467216596075e-01
1.650461935844719250e+15,1.622909328302837850e-01
1.650461935846644000e+15,1.614050189389080181e-01
1.650461935848568750e+15,1.605191050475322234e-01
1.650461935850493500e+15,1.596331911561564287e-01
1.650461935852418000e+15,1.595340019401068066e-01
1.650461935854342750e+15,1.595340019401068066e-01
1.650461935856267500e+15,1.595340019401068066e-01
1.650461935858192250e+15,1.595340019401068066e-01
1.650461935860117000e+15,1.595340019401068066e-01
1.650461935862041750e+15,1.595340019401068066e-01
1.650461935863966250e+15,1.595340019401068066e-01
1.650461935865891000e+15,1.595340019401068066e-01
1.650461935867815750e+15,1.595340019401068066e-01
1.650461935869740500e+15,1.595340019401068066e-01
1.650461935871665250e+15,1.595340019401068066e-01
1.650461935873590000e+15,1.595340019401068066e-01
1.650461935875514500e+15,1.599382247704428106e-01
1.650461935877439250e+15,1.609846644378122860e-01
1.650461935879364000e+15,1.620311041051817336e-01
1.650461935881288750e+15,1.630775437725512367e-01
1.650461935883213500e+15,1.641239834399207120e-01
1.650461935885138250e+15,1.651704231072901874e-01
1.650461935887062750e+15,1.656699250916495725e-01
1.650461935888987500e+15,1.656699250916495170e-01
1.650461935890912250e+15,1.656699250916495170e-01
1.650461935892837000e+15,1.656699250916494892e-01
1.650461935894761750e+15,1.656699250916494337e-01
1.650461935896686500e+15,1.656699250916494059e-01
1.650461935898611000e+15,1.656699250916494059e-01
1.650461935900535750e+15,1.656699250916493504e-01
1.650461935902460500e+15,1.656699250916493227e-01
1.650461935904385250e+15,1.656699250916492949e-01
1.650461935906310000e+15,1.656699250916492394e-01
1.650461935908234750e+15,1.656699250916492394e-01
1.650461935910159250e+15,1.656699250916492117e-01
1.650461935912084000e+15,1.656699250916491561e-01
1.650461935914008750e+15,1.656699250916491284e-01
1.650461935915933500e+15,1.656699250916491284e-01
1.650461935917858250e+15,1.656699250916491284e-01
1.650461935919783000e+15,1.656699250916491284e-01
1.650461935921707500e+15,1.656699250916491284e-01
1.650461935923632250e+15,1.656699250916491284e-01
1.650461935925557000e+15,1.656699250916491284e-01
1.650461935927481750e+15,1.648550790978342007e-01
1.650461935929406500e+15,1.638008866417123288e-01
1.650461935931331250e+15,1.627466941855904570e-01
1.650461935933255750e+15,1.616926386553623751e-01
1.650461935935180500e+15,1.606384461992405033e-01
1.650461935937105250e+15,1.595842537431186592e-01
1.650461935939030000e+15,1.601226420791531380e-01
1.650461935940954750e+15,1.607407463386356650e-01
1.650461935942879500e+15,1.613588505981182197e-01
1.650461935944804000e+15,1.619768745738938698e-01
1.650461935946728750e+15,1.625949788333764245e-01
1.650461935948653500e+15,1.632130830928589793e-01
1.650461935950578250e+15,1.638311873523415618e-01
1.650461935952503000e+15,1.644492916118241443e-01
1.650461935954427750e+15,1.650673958713066436e-01
1.650461935956352250e+15,1.656923333789683539e-01
1.650461935958277000e+15,1.665862266643098055e-01
1.650461935960201750e+15,1.674801199496512571e-01
1.650461935962126500e+15,1.683740132349926810e-01
1.650461935964051250e+15,1.692679065203341326e-01
1.650461935965976000e+15,1.701617998056755565e-01
1.650461935967900500e+15,1.710555769859013475e-01
1.650461935969825250e+15,1.718058482431914780e-01
1.650461935971750000e+15,1.718058482431915612e-01
1.650461935973674750e+15,1.718058482431916167e-01
1.650461935975599500e+15,1.718058482431916723e-01
1.650461935977524250e+15,1.718058482431917278e-01
1.650461935979448750e+15,1.718058482431918388e-01
1.650461935981373500e+15,1.718058482431919221e-01
1.650461935983298250e+15,1.718058482431918110e-01
1.650461935985223000e+15,1.718058482431917278e-01
1.650461935987147750e+15,1.718058482431916723e-01
1.650461935989072500e+15,1.718058482431915890e-01
1.650461935990997000e+15,1.718058482431914780e-01
1.650461935992921750e+15,1.722320719275604872e-01
1.650461935994846500e+15,1.741544481114837839e-01
1.650461935996771250e+15,1.760768242954070528e-01
1.650461935998696000e+15,1.779992004793303773e-01
1.650461936000620750e+15,1.799215766632536739e-01
1.650461936002545250e+15,1.818437031555048267e-01
1.650461936004470000e+15,1.837660793394281233e-01
1.650461936006394750e+15,1.825348647890825127e-01
1.650461936008319500e+15,1.806935616886876927e-01
1.650461936010244250e+15,1.788522585882928728e-01
1.650461936012169000e+15,1.770109554878980529e-01
1.650461936014093500e+15,1.751698915488359432e-01
1.650461936016018250e+15,1.733285884484411232e-01
1.650461936017943000e+15,1.724204454052243596e-01
1.650461936019867750e+15,1.759728354581431564e-01
1.650461936021792500e+15,1.795252255110619255e-01
1.650461936023717250e+15,1.830776155639807501e-01
1.650461936025641750e+15,1.866295442076187361e-01
1.650461936027566500e+15,1.901819342605375329e-01
1.650461936029491250e+15,1.937343243134563298e-01
1.650461936031416000e+15,1.972867143663751266e-01
1.650461936033340750e+15,2.008391044192938957e-01
1.650461936035265500e+15,2.043914944722126648e-01
1.650461936037190000e+15,2.079434231158506785e-01
1.650461936039114750e+15,2.114958131687694753e-01
1.650461936041039500e+15,2.150482032216882444e-01
1.650461936042964250e+15,2.186005932746070690e-01
1.650461936044889000e+15,2.221529833275258381e-01
1.650461936046813750e+15,2.257053733804446349e-01
1.650461936048738250e+15,2.281980998333172916e-01
1.650461936050663000e+15,2.300617763499548662e-01
1.650461936052587750e+15,2.319254528665924409e-01
1.650461936054512500e+15,2.337891293832300432e-01
1.650461936056437250e+15,2.356528058998675901e-01
1.650461936058362000e+15,2.375164824165051924e-01
1.650461936060286500e+15,2.391847530730359661e-01
1.650461936062211250e+15,2.364393313060965118e-01
1.650461936064136000e+15,2.336939095391570853e-01
1.650461936066060750e+15,2.309484877722176588e-01
1.650461936067985500e+15,2.282030660052782323e-01
1.650461936069910250e+15,2.254576442383387502e-01
1.650461936071834750e+15,2.227125790659917337e-01
1.650461936073759500e+15,2.199671572990523072e-01
1.650461936075684250e+15,2.172217355321128529e-01
1.650461936077609000e+15,2.147573103039899234e-01
1.650461936079533750e+15,2.147573103039898956e-01
1.650461936081458500e+15,2.147573103039898679e-01
1.650461936083383000e+15,2.147573103039898679e-01
1.650461936085307750e+15,2.147573103039898124e-01
1.650461936087232500e+15,2.147573103039897846e-01
1.650461936089157250e+15,2.147573103039897569e-01
1.650461936091082000e+15,2.147573103039897569e-01
1.650461936093006750e+15,2.147573103039897291e-01
1.650461936094931500e+15,2.147573103039897013e-01
1.650461936096856000e+15,2.147573103039897569e-01
1.650461936098780750e+15,2.147573103039897569e-01
1.650461936100705500e+15,2.147573103039898124e-01
1.650461936102630250e+15,2.147573103039898401e-01
1.650461936104555000e+15,2.147573103039898679e-01
1.650461936106479750e+15,2.147573103039898956e-01
1.650461936108404250e+15,2.147573103039898956e-01
1.650461936110329000e+15,2.147573103039898679e-01
1.650461936112253750e+15,2.147573103039898679e-01
1.650461936114178500e+15,2.147573103039898124e-01
1.650461936116103250e+15,2.147573103039898124e-01
1.650461936118028000e+15,2.147573103039898124e-01
1.650461936119952500e+15,2.147573103039897569e-01
1.650461936121877250e+15,2.147573103039897569e-01
1.650461936123802000e+15,2.147573103039897569e-01
1.650461936125726750e+15,2.147573103039897291e-01
1.650461936127651500e+15,2.147573103039897013e-01
1.650461936129576250e+15,2.147573103039897013e-01
1.650461936131500750e+15,2.148165346064338788e-01
1.650461936133425500e+15,2.159152524486453451e-01
1.650461936135350250e+15,2.170139702908568391e-01
1.650461936137275000e+15,2.181126881330682776e-01
1.650461936139199750e+15,2.192114059752797717e-01
1.650461936141124500e+15,2.203101238174912102e-01
1.650461936143049000e+15,2.211002787305906270e-01
1.650461936144973750e+15,2.215415969954511177e-01
1.650461936146898500e+15,2.219829152603115807e-01
1.650461936148823250e+15,2.224242335251720992e-01
1.650461936150748000e+15,2.228655517900325622e-01
1.650461936152672750e+15,2.233068700548930530e-01
1.650461936154597250e+15,2.237481309982488342e-01
1.650461936156522000e+15,2.241894492631092972e-01
1.650461936158446750e+15,2.246307675279697880e-01
1.650461936160371500e+15,2.250720857928302787e-01
1.650461936162296250e+15,2.255134040576907695e-01
1.650461936164221000e+15,2.259547223225512602e-01
1.650461936166145500e+15,2.263959832659070415e-01
1.650461936168070250e+15,2.268373015307675045e-01
1.650461936169995000e+15,2.273182184987774523e-01
1.650461936171919750e+15,2.278295897083870147e-01
1.650461936173844500e+15,2.283409609179965494e-01
1.650461936175769250e+15,2.288523321276060840e-01
1.650461936177693750e+15,2.293636369167441624e-01
1.650461936179618500e+15,2.298750081263536971e-01
1.650461936181543250e+15,2.303863793359632872e-01
1.650461936183468000e+15,2.308977505455728219e-01
1.650461936185392750e+15,2.314091217551823565e-01
1.650461936187317500e+15,2.319204929647918911e-01
1.650461936189242000e+15,2.324317977539299973e-01
1.650461936191166750e+15,2.329431689635395597e-01
1.650461936193091500e+15,2.321575306593551824e-01
1.650461936195016250e+15,2.303775580766977971e-01
1.650461936196941000e+15,2.285975854940404117e-01
1.650461936198865750e+15,2.268176129113830264e-01
1.650461936200790250e+15,2.250378715240215211e-01
1.650461936202715000e+15,2.232578989413641080e-01
1.650461936204639750e+15,2.214779263587067226e-01
1.650461936206564500e+15,2.208932334555322174e-01
1.650461936208489250e+15,2.208932334555321897e-01
1.650461936210414000e+15,2.208932334555321897e-01
1.650461936212338500e+15,2.208932334555321342e-01
1.650461936214263250e+15,2.208932334555321064e-01
1.650461936216188000e+15,2.208932334555320787e-01
1.650461936218112750e+15,2.211529057636036355e-01
1.650461936220037500e+15,2.230920106131121239e-01
1.650461936221962250e+15,2.250311154626206123e-01
1.650461936223886750e+15,2.269699684476207957e-01
1.650461936225811500e+15,2.289090732971292841e-01
1.650461936227736250e+15,2.308481781466377725e-01
1.650461936229661000e+15,2.327872829961462886e-01
1.650461936231585750e+15,2.341307695021029311e-01
1.650461936233510500e+15,2.353301315500295754e-01
1.650461936235435000e+15,2.365293378164199378e-01
1.650461936237359750e+15,2.377286998643465821e-01
1.650461936239284500e+15,2.389280619122731986e-01
1.650461936241209250e+15,2.393010029101607927e-01
1.650461936243134000e+15,2.393010029101607650e-01
1.650461936245058750e+15,2.393010029101607650e-01
1.650461936246983250e+15,2.393010029101607372e-01
1.650461936248908000e+15,2.393010029101607650e-01
1.650461936250832750e+15,2.405434089727163660e-01
1.650461936252757500e+15,2.419242786530419465e-01
1.650461936254682250e+15,2.433051483333675546e-01
1.650461936256607000e+15,2.446860180136931628e-01
1.650461936258531500e+15,2.460667083370008945e-01
1.650461936260456250e+15,2.474475780173265027e-01
1.650461936262381000e+15,2.488284476976521109e-01
1.650461936264305750e+15,2.502093173779776913e-01
1.650461936266230500e+15,2.515901870583032718e-01
1.650461936268155250e+15,2.529710567386289077e-01
1.650461936270079750e+15,2.543517470619366394e-01
1.650461936272004500e+15,2.557326167422622198e-01
1.650461936273929250e+15,2.571134864225878558e-01
1.650461936275854000e+15,2.566307113093879710e-01
1.650461936277778750e+15,2.547357359519618614e-01
1.650461936279703500e+15,2.528407605945357517e-01
1.650461936281628000e+15,2.509460313697706724e-01
1.650461936283552750e+15,2.490510560123446182e-01
1.650461936285477500e+15,2.471560806549185085e-01
1.650461936287402250e+15,2.452611052974923989e-01
1.650461936289327000e+15,2.433661299400663169e-01
1.650461936291251750e+15,2.414711545826401795e-01
1.650461936293176250e+15,2.395764253578751557e-01
1.650461936295101000e+15,2.424714997013044382e-01
1.650461936297025750e+15,2.461811736823108221e-01
1.650461936298950500e+15,2.498908476633172060e-01
1.650461936300875250e+15,2.536005216443235621e-01
1.650461936302800000e+15,2.573101956253299738e-01
1.650461936304724500e+15,2.610193877679182761e-01
1.650461936306649250e+15,2.647290617489246323e-01
1.650461936308574000e+15,2.684387357299310439e-01
1.650461936310498750e+15,2.662179401228317865e-01
1.650461936312423500e+15,2.597789843285935873e-01
1.650461936314348250e+15,2.533400285343553326e-01
1.650461936316272750e+15,2.469019090767574642e-01
1.650461936318197500e+15,2.404629532825192650e-01
1.650461936320122250e+15,2.340239974882810381e-01
1.650461936322047000e+15,2.431871098261786934e-01
1.650461936323971750e+15,2.547517994979647815e-01
1.650461936325896500e+15,2.663164891697508696e-01
1.650461936327821000e+15,2.778796767387090583e-01
1.650461936329745750e+15,2.881007155738926073e-01
1.650461936331670500e+15,2.849502305785347467e-01
1.650461936333595250e+15,2.817997455831767750e-01
1.650461936335520000e+15,2.786492605878188034e-01
1.650461936337444750e+15,2.754987755924608872e-01
1.650461936339369250e+15,2.723486998041422247e-01
1.650461936341294000e+15,2.691982148087842530e-01
1.650461936343218750e+15,2.660477298134263369e-01
1.650461936345143500e+15,2.628972448180684207e-01
1.650461936347068250e+15,2.597467598227104491e-01
1.650461936348993000e+15,2.565962748273524774e-01
1.650461936350917500e+15,2.534461990390338149e-01
1.650461936352842250e+15,2.540914782732884292e-01
1.650461936354767000e+15,2.603045270183300119e-01
1.650461936356691750e+15,2.665175757633715392e-01
1.650461936358616500e+15,2.727306245084130665e-01
1.650461936360541250e+15,2.789436732534545937e-01
1.650461936362465750e+15,2.851559150042443092e-01
1.650461936364390500e+15,2.913689637492857809e-01
1.650461936366315250e+15,2.933096927681562160e-01
1.650461936368240000e+15,2.908416674641633448e-01
1.650461936370164750e+15,2.883736421601704736e-01
1.650461936372089500e+15,2.859056168561775468e-01
1.650461936374014000e+15,2.834379121165832016e-01
1.650461936375938750e+15,2.809698868125902749e-01
1.650461936377863500e+15,2.785018615085974591e-01
1.650461936379788250e+15,2.760338362046045324e-01
1.650461936381713000e+15,2.735658109006116612e-01
1.650461936383637750e+15,2.710977855966187899e-01
1.650461936385562250e+15,2.720317687303537846e-01
1.650461936387487000e+15,2.757801201025449345e-01
1.650461936389411750e+15,2.795284714747360288e-01
1.650461936391336500e+15,2.832768228469271232e-01
1.650461936393261250e+15,2.870251742191181621e-01
1.650461936395186000e+15,2.907735255913093120e-01
1.650461936397110500e+15,2.945213901013920554e-01
1.650461936399035250e+15,2.908854231453947281e-01
1.650461936400960000e+15,2.872436969394339679e-01
1.650461936402884750e+15,2.836019707334732076e-01
1.650461936404809500e+15,2.799602445275123919e-01
1.650461936406734250e+15,2.763185183215516316e-01
1.650461936408658750e+15,2.790732849591111564e-01
1.650461936410583500e+15,2.822040737684243794e-01
1.650461936412508250e+15,2.853348625777375469e-01
1.650461936414433000e+15,2.884656513870507144e-01
1.650461936416357750e+15,2.915964401963639374e-01
1.650461936418282500e+15,2.947272290056771604e-01
1.650461936420207000e+15,2.978576111662295522e-01
1.650461936422131750e+15,3.004618811976061399e-01
1.650461936424056500e+15,2.985695373286859078e-01
1.650461936425981250e+15,2.966771934597656757e-01
1.650461936427906000e+15,2.947848495908454991e-01
1.650461936429830750e+15,2.928925057219252670e-01
1.650461936431755250e+15,2.910004076438699183e-01
1.650461936433680000e+15,2.891080637749497417e-01
1.650461936435604750e+15,2.883883881225015600e-01
1.650461936437529500e+15,2.883883881225014489e-01
1.650461936439454250e+15,2.883883881225013379e-01
1.650461936441379000e+15,2.883883881225012824e-01
1.650461936443303750e+15,2.883883881225011714e-01
1.650461936445228250e+15,2.886601218620694076e-01
1.650461936447153000e+15,2.922120370758833907e-01
1.650461936449077750e+15,2.957639522896973738e-01
1.650461936451002500e+15,2.993158675035113014e-01
1.650461936452927250e+15,3.028677827173252846e-01
1.650461936454852000e+15,3.064196979311392122e-01
1.650461936456776500e+15,3.099711517973477992e-01
1.650461936458701250e+15,3.135230670111617823e-01
1.650461936460626000e+15,3.170749822249757099e-01
1.650461936462550750e+15,3.183021467463091336e-01
1.650461936464475500e+15,3.165571529392862127e-01
1.650461936466400250e+15,3.148121591322632917e-01
1.650461936468324750e+15,3.130673919772480884e-01
1.650461936470249500e+15,3.113223981702251675e-01
1.650461936472174250e+15,3.095774043632022465e-01
1.650461936474099000e+15,3.078324105561793256e-01
1.650461936476023750e+15,3.075142709446200273e-01
1.650461936477948500e+15,3.092823409210556651e-01
1.650461936479873000e+15,3.110501812481892281e-01
1.650461936481797750e+15,3.128182512246247549e-01
1.650461936483722500e+15,3.145863212010603371e-01
1.650461936485647250e+15,3.163543911774959194e-01
1.650461936487572000e+15,3.181224611539314462e-01
1.650461936489496750e+15,3.198905311303670285e-01
1.650461936491421250e+15,3.216583714575005915e-01
1.650461936493346000e+15,3.234264414339361182e-01
1.650461936495270750e+15,3.251945114103717005e-01
1.650461936497195500e+15,3.252039270317556019e-01
1.650461936499120250e+15,3.252039270317557684e-01
1.650461936501045000e+15,3.252039270317558795e-01
1.650461936502969500e+15,3.252039270317560460e-01
1.650461936504894250e+15,3.252039270317561570e-01
1.650461936506819000e+15,3.252039270317562680e-01
1.650461936508743750e+15,3.252039270317563235e-01
1.650461936510668500e+15,3.254841150352805190e-01
1.650461936512593250e+15,3.259823061297684177e-01
1.650461936514517750e+15,3.264804325157104614e-01
1.650461936516442500e+15,3.269786236101983601e-01
1.650461936518367250e+15,3.274768147046863143e-01
1.650461936520292000e+15,3.279750057991741574e-01
1.650461936522216750e+15,3.284731968936621116e-01
1.650461936524141500e+15,3.289713879881500103e-01
1.650461936526066000e+15,3.294695143740920540e-01
1.650461936527990750e+15,3.299677054685800082e-01
1.650461936529915500e+15,3.304658965630679068e-01
1.650461936531840250e+15,3.309640876575558055e-01
1.650461936533765000e+15,3.308318792984326628e-01
1.650461936535689750e+15,3.287648244133480335e-01
1.650461936537614250e+15,3.266980380118177929e-01
1.650461936539539000e+15,3.246309831267331081e-01
1.650461936541463750e+15,3.225639282416484788e-01
1.650461936543388500e+15,3.204968733565638495e-01
1.650461936545313250e+15,3.198585521925942921e-01
1.650461936547238000e+15,3.224191039204104547e-01
1.650461936549162500e+15,3.249793230658487020e-01
1.650461936551087250e+15,3.275398747936648647e-01
1.650461936553012000e+15,3.301004265214810274e-01
1.650461936554936750e+15,3.326609782492972456e-01
1.650461936556861500e+15,3.352215299771133528e-01
1.650461936558786250e+15,3.374757733348401345e-01
1.650461936560710750e+15,3.374757733348401345e-01
1.650461936562635500e+15,3.374757733348400790e-01
1.650461936564560250e+15,3.374757733348401345e-01
1.650461936566485000e+15,3.374757733348401345e-01
1.650461936568409750e+15,3.374757733348401345e-01
1.650461936570334500e+15,3.376396217759629614e-01
1.650461936572259000e+15,3.385496544597750845e-01
1.650461936574183750e+15,3.394598053603556376e-01
1.650461936576108500e+15,3.403699562609362461e-01
1.650461936578033250e+15,3.412801071615167992e-01
1.650461936579958000e+15,3.421902580620974077e-01
1.650461936581882750e+15,3.431004089626780162e-01
1.650461936583807250e+15,3.438491502356971208e-01
1.650461936585732000e+15,3.443911473942988244e-01
1.650461936587656750e+15,3.449331445529005280e-01
1.650461936589581500e+15,3.454751417115022316e-01
1.650461936591506250e+15,3.460171388701039352e-01
1.650461936593431000e+15,3.465591360287056388e-01
1.650461936595355500e+15,3.471010627889233313e-01
1.650461936597280250e+15,3.476430599475250349e-01
1.650461936599205000e+15,3.481850571061267385e-01
1.650461936601129750e+15,3.487270542647283866e-01
1.650461936603054500e+15,3.492690514233300902e-01
1.650461936604979250e+15,3.497476196379261104e-01
1.650461936606903750e+15,3.497476196379262214e-01
1.650461936608828500e+15,3.497476196379262769e-01
1.650461936610753250e+15,3.497476196379263325e-01
1.650461936612678000e+15,3.497476196379264435e-01
1.650461936614602750e+15,3.497476196379265545e-01
1.650461936616527500e+15,3.513641505450891822e-01
1.650461936618452000e+15,3.536918824798699346e-01
1.650461936620376750e+15,3.560199167960399480e-01
1.650461936622301500e+15,3.583479511122100725e-01
1.650461936624226250e+15,3.606759854283800859e-01
1.650461936626151000e+15,3.605596136089699866e-01
1.650461936628075750e+15,3.571077084786316580e-01
1.650461936630000250e+15,3.536562517058891020e-01
1.650461936631925000e+15,3.502043465755506624e-01
1.650461936633849750e+15,3.467524414452122783e-01
1.650461936635774500e+15,3.436839156483669222e-01
1.650461936637699250e+15,3.444850904727297380e-01
1.650461936639624000e+15,3.452862652970924984e-01
1.650461936641548500e+15,3.460873360592622294e-01
1.650461936643473250e+15,3.468885108836250453e-01
1.650461936645398000e+15,3.476896857079878056e-01
1.650461936647322750e+15,3.484908605323505659e-01
1.650461936649247500e+15,3.492920353567133263e-01
1.650461936651172250e+15,3.497476196379265545e-01
1.650461936653096750e+15,3.497476196379264990e-01
1.650461936655021500e+15,3.497476196379264990e-01
1.650461936656946250e+15,3.497476196379264435e-01
1.650461936658871000e+15,3.497476196379264435e-01
1.650461936660795750e+15,3.497476196379263325e-01
1.650461936662720500e+15,3.497476196379263325e-01
1.650461936664645000e+15,3.497476196379262769e-01
1.650461936666569750e+15,3.497476196379262214e-01
1.650461936668494500e+15,3.497476196379262214e-01
1.650461936670419250e+15,3.497476196379261659e-01
1.650461936672344000e+15,3.497476196379261659e-01
1.650461936674268750e+15,3.486690830548224707e-01
1.650461936676193250e+15,3.464049503532322660e-01
1.650461936678118000e+15,3.441405235320392775e-01
1.650461936680042750e+15,3.418760967108462889e-01
1.650461936681967500e+15,3.396116698896533559e-01
1.650461936683892250e+15,3.376661144273509496e-01
1.650461936685817000e+15,3.410195150480310189e-01
1.650461936687741500e+15,3.443724801055702556e-01
1.650461936689666250e+15,3.477258807262503248e-01
1.650461936691591000e+15,3.510792813469303386e-01
1.650461936693515750e+15,3.544326819676104634e-01
1.650461936695440500e+15,3.577860825882904217e-01
1.650461936697365250e+15,3.611394832089704909e-01
1.650461936699289750e+15,3.644924482665097831e-01
1.650461936701214500e+15,3.678458488871897969e-01
1.650461936703139250e+15,3.711992495078698107e-01
1.650461936705064000e+15,3.744155128341686289e-01
1.650461936706988750e+15,3.760092134057807511e-01
1.650461936708913500e+15,3.776029139773928733e-01
1.650461936710838000e+15,3.791964075480215302e-01
1.650461936712762750e+15,3.807901081196335968e-01
1.650461936714687500e+15,3.823838086912457190e-01
1.650461936716612250e+15,3.839775092628578967e-01
1.650461936718537000e+15,3.855712098344699634e-01
1.650461936720461750e+15,3.869211038153129723e-01
1.650461936722386250e+15,3.878689753922228700e-01
1.650461936724311000e+15,3.888169701013199364e-01
1.650461936726235750e+15,3.897649648104170583e-01
1.650461936728160500e+15,3.907129595195141247e-01
1.650461936730085250e+15,3.916609542286112466e-01
1.650461936732010000e+15,3.926089489377082575e-01
1.650461936733934500e+15,3.935568205146182663e-01
1.650461936735859250e+15,3.945048152237152772e-01
1.650461936737784000e+15,3.954528099328124546e-01
1.650461936739708750e+15,3.964008046419094655e-01
1.650461936741633500e+15,3.973487993510065319e-01
1.650461936743558250e+15,3.982967940601036538e-01
1.650461936745482750e+15,3.983398266538568655e-01
1.650461936747407500e+15,3.971939363820932156e-01
1.650461936749332250e+15,3.960480461103295657e-01
1.650461936751257000e+15,3.949021558385659159e-01
1.650461936753181750e+15,3.937562655668023215e-01
1.650461936755106500e+15,3.926103752950386716e-01
1.650461936757031000e+15,3.914646338595227926e-01
1.650461936758955750e+15,3.903187435877591982e-01
1.650461936760880500e+15,3.891728533159955483e-01
1.650461936762805250e+15,3.880269630442318429e-01
1.650461936764730000e+15,3.868810727724682486e-01
1.650461936766654750e+15,3.873041097604316696e-01
1.650461936768579250e+15,3.883294274738243734e-01
1.650461936770504000e+15,3.893548783799571922e-01
1.650461936772428750e+15,3.903803292860900109e-01
1.650461936774353500e+15,3.914057801922228297e-01
1.650461936776278250e+15,3.924312310983557595e-01
1.650461936778203000e+15,3.934566820044885782e-01
1.650461936780127500e+15,3.944819997178812265e-01
1.650461936782052250e+15,3.955074506240141008e-01
1.650461936783977000e+15,3.965329015301469751e-01
1.650461936785901750e+15,3.975583524362797938e-01
1.650461936787826500e+15,3.985838033424126681e-01
1.650461936789751250e+15,3.988350048502664058e-01
1.650461936791675750e+15,3.988350048502664613e-01
1.650461936793600500e+15,3.988350048502664058e-01
1.650461936795525250e+15,3.988350048502664613e-01
1.650461936797450000e+15,3.988350048502664613e-01
1.650461936799374750e+15,3.988350048502664058e-01
1.650461936801299500e+15,3.988350048502664613e-01
1.650461936803224250e+15,3.988350048502664613e-01
1.650461936805148750e+15,3.988350048502664058e-01
1.650461936807073500e+15,3.988350048502664613e-01
1.650461936808998250e+15,3.988350048502664613e-01
1.650461936810923000e+15,3.988350048502664613e-01
1.650461936812847750e+15,3.988350048502664613e-01
1.650461936814772500e+15,3.988350048502664613e-01
1.650461936816697000e+15,3.988350048502664613e-01
1.650461936818621750e+15,3.988350048502664058e-01
1.650461936820546500e+15,3.988350048502664613e-01
1.650461936822471250e+15,3.988350048502664613e-01
1.650461936824396000e+15,3.988350048502665168e-01
1.650461936826320750e+15,3.988350048502665723e-01
1.650461936828245250e+15,3.988350048502666834e-01
1.650461936830170000e+15,3.988350048502667944e-01
1.650461936832094750e+15,3.988350048502669054e-01
1.650461936834019500e+15,3.988350048502669054e-01
1.650461936835944250e+15,3.988350048502669054e-01
1.650461936837869000e+15,3.988350048502669054e-01
1.650461936839793500e+15,3.988350048502669609e-01
1.650461936841718250e+15,3.988350048502669054e-01
1.650461936843643000e+15,3.988350048502669054e-01
1.650461936845567750e+15,3.988350048502669609e-01
1.650461936847492500e+15,3.988350048502669054e-01
1.650461936849417250e+15,3.988350048502669054e-01
1.650461936851341750e+15,3.988350048502669054e-01
1.650461936853266500e+15,3.988350048502669054e-01
1.650461936855191250e+15,3.988350048502669054e-01
1.650461936857116000e+15,3.988350048502669054e-01
1.650461936859040750e+15,3.988350048502669054e-01
1.650461936860965500e+15,3.988350048502669054e-01
1.650461936862890000e+15,3.988350048502669609e-01
1.650461936864814750e+15,3.981067719496350077e-01
1.650461936866739500e+15,3.970597756654212218e-01
1.650461936868664250e+15,3.960127793812073804e-01
1.650461936870589000e+15,3.949657830969935390e-01
1.650461936872513750e+15,3.939187868127796976e-01
1.650461936874438250e+15,3.928719265197705424e-01
1.650461936876363000e+15,3.931737797780871513e-01
1.650461936878287750e+15,3.937423392854014770e-01
1.650461936880212500e+15,3.943108987927157472e-01
1.650461936882137250e+15,3.948794583000299063e-01
1.650461936884062000e+15,3.954480178073442875e-01
1.650461936885986500e+15,3.960165034661707884e-01
1.650461936887911250e+15,3.965850629734849475e-01
1.650461936889836000e+15,3.971536224807993287e-01
1.650461936891760750e+15,3.977221819881135989e-01
1.650461936893685500e+15,3.982907414954277581e-01
1.650461936895610250e+15,3.988619555967805042e-01
1.650461936897534750e+15,3.994925539149019600e-01
1.650461936899459500e+15,4.001232341501862466e-01
1.650461936901384250e+15,4.007539143854703667e-01
1.650461936903309000e+15,4.013845946207544868e-01
1.650461936905233750e+15,4.020152748560386624e-01
1.650461936907158500e+15,4.026459550913227825e-01
1.650461936909083000e+15,4.032765534094442939e-01
1.650461936911007750e+15,4.039072336447284695e-01
1.650461936912932500e+15,4.045379138800125896e-01
1.650461936914857250e+15,4.047163547114950854e-01
1.650461936916782000e+15,4.039041044992577323e-01
1.650461936918706750e+15,4.030918542870203791e-01
1.650461936920631250e+15,4.022797095755249464e-01
1.650461936922556000e+15,4.014674593632876487e-01
1.650461936924480750e+15,4.006552091510502400e-01
1.650461936926405500e+15,3.998429589388128869e-01
1.650461936928330250e+15,3.990307087265755337e-01
1.650461936930255000e+15,4.021967237469182277e-01
1.650461936932179500e+15,4.066249427863470878e-01
1.650461936934104250e+15,4.110537370685712899e-01
1.650461936936029000e+15,4.154825313507955475e-01
1.650461936937953750e+15,4.185526534695160339e-01
1.650461936939878500e+15,4.207265615722154961e-01
1.650461936941803250e+15,4.229004696749149028e-01
1.650461936943727750e+15,4.250740954152163464e-01
1.650461936945652500e+15,4.272480035179158087e-01
1.650461936947577250e+15,4.294219116206152709e-01
1.650461936949502000e+15,4.315958197233147886e-01
1.650461936951426750e+15,4.337697278260141953e-01
1.650461936953351500e+15,4.354683199030537355e-01
1.650461936955276000e+15,4.341169140773334378e-01
1.650461936957200750e+15,4.327653326987649374e-01
1.650461936959125500e+15,4.314137513201964369e-01
1.650461936961050250e+15,4.300621699416279364e-01
1.650461936962975000e+15,4.287105885630594360e-01
1.650461936964899750e+15,4.273590071844910465e-01
1.650461936966824250e+15,4.260076013587706933e-01
1.650461936968749000e+15,4.246560199802022484e-01
1.650461936970673750e+15,4.232731895095634411e-01
1.650461936972598500e+15,4.213528451053469848e-01
1.650461936974523250e+15,4.194325007011305839e-01
1.650461936976448000e+15,4.175121562969141276e-01
1.650461936978372500e+15,4.155920613204681091e-01
1.650461936980297250e+15,4.136717169162516528e-01
1.650461936982222000e+15,4.117513725120351964e-01
1.650461936984146750e+15,4.098310281078187955e-01
1.650461936986071500e+15,4.079106837036023392e-01
1.650461936987996250e+15,4.059903392993858828e-01
1.650461936989920750e+15,4.063070927608453675e-01
1.650461936991845500e+15,4.091559247962396895e-01
1.650461936993770250e+15,4.120047568316340669e-01
1.650461936995695000e+15,4.148535888670283889e-01
1.650461936997619750e+15,4.177024209024227108e-01
1.650461936999544500e+15,4.205512529378170328e-01
1.650461937001469000e+15,4.233997149469695964e-01
1.650461937003393750e+15,4.262485469823639739e-01
1.650461937005318500e+15,4.290973790177582403e-01
1.650461937007243250e+15,4.319462110531525623e-01
1.650461937009168000e+15,4.347950430885468842e-01
1.650461937011092750e+15,4.350434205132983623e-01
1.650461937013017250e+15,4.341758439865813779e-01
1.650461937014942000e+15,4.333081547583151338e-01
1.650461937016866750e+15,4.324404655300488898e-01
1.650461937018791500e+15,4.315727763017825902e-01
1.650461937020716250e+15,4.307050870735164017e-01
1.650461937022641000e+15,4.298373978452501576e-01
1.650461937024565500e+15,4.310499777331023297e-01
1.650461937026490250e+15,4.334953055167862779e-01
1.650461937028415000e+15,4.359406333004702261e-01
1.650461937030339750e+15,4.383859610841540633e-01
1.650461937032264500e+15,4.408312888678380670e-01
1.650461937034189250e+15,4.432766166515220152e-01
1.650461937036113750e+15,4.457216268189202468e-01
1.650461937038038500e+15,4.477026588363637316e-01
1.650461937039963250e+15,4.455056319391575426e-01
1.650461937041888000e+15,4.433086050419513535e-01
1.650461937043812750e+15,4.411115781447451090e-01
1.650461937045737500e+15,4.389145512475389199e-01
1.650461937047662000e+15,4.367178097155616223e-01
1.650461937049586750e+15,4.366739731392385027e-01
1.650461937051511500e+15,4.386642188564498501e-01
1.650461937053436250e+15,4.406544645736611421e-01
1.650461937055361000e+15,4.426447102908724340e-01
1.650461937057285750e+15,4.446349560080837815e-01
1.650461937059210250e+15,4.466249432182529677e-01
1.650461937061135000e+15,4.479223900626073118e-01
1.650461937063059750e+15,4.479223900626072563e-01
1.650461937064984500e+15,4.479223900626072563e-01
1.650461937066909250e+15,4.479223900626072563e-01
1.650461937068834000e+15,4.479223900626072563e-01
1.650461937070758500e+15,4.479223900626072563e-01
1.650461937072683250e+15,4.475951098984540244e-01
1.650461937074608000e+15,4.468186137555215653e-01
1.650461937076532750e+15,4.460421176125891063e-01
1.650461937078457500e+15,4.452656214696566472e-01
1.650461937080382250e+15,4.444891253267241327e-01
1.650461937082306750e+15,4.437127300405447894e-01
1.650461937084231500e+15,4.429362338976123858e-01
1.650461937086156250e+15,4.421597377546799268e-01
1.650461937088081000e+15,4.413832416117474677e-01
1.650461937090005750e+15,4.406067454688150087e-01
1.650461937091930500e+15,4.398302493258824386e-01
1.650461937093855000e+15,4.390538540397032063e-01
1.650461937095779750e+15,4.382773578967707473e-01
1.650461937097704500e+15,4.375008617538382327e-01
1.650461937099629250e+15,4.367243656109057737e-01
1.650461937101554000e+15,4.359478694679732591e-01
1.650461937103478750e+15,4.370141779111256786e-01
1.650461937105403250e+15,4.392236613249425048e-01
1.650461937107328000e+15,4.414334317592080170e-01
1.650461937109252750e+15,4.436432021934734737e-01
1.650461937111177500e+15,4.458529726277389305e-01
1.650461937113102250e+15,4.479922008215910800e-01
1.650461937115027000e+15,4.490913276792858344e-01
1.650461937116951500e+15,4.501903117746922645e-01
1.650461937118876250e+15,4.512894386323870188e-01
1.650461937120801000e+15,4.523885654900817732e-01
1.650461937122725750e+15,4.534876923477765831e-01
1.650461937124650500e+15,4.538192663680158945e-01
1.650461937126575250e+15,4.533221238319858348e-01
1.650461937128499750e+15,4.528250458683074631e-01
1.650461937130424500e+15,4.523279033322774589e-01
1.650461937132349250e+15,4.518307607962472883e-01
1.650461937134274000e+15,4.513336182602172286e-01
1.650461937136198750e+15,4.508364757241872800e-01
1.650461937138123500e+15,4.503393331881571093e-01
1.650461937140048000e+15,4.498422552244788486e-01
1.650461937141972750e+15,4.493451126884487890e-01
1.650461937143897500e+15,4.488479701524187293e-01
1.650461937145822250e+15,4.483508276163886141e-01
1.650461937147747000e+15,4.479223900626077004e-01
1.650461937149671750e+15,4.479223900626077004e-01
1.650461937151596500e+15,4.479223900626076449e-01
1.650461937153521000e+15,4.479223900626077004e-01
1.650461937155445750e+15,4.479223900626076449e-01
1.650461937157370500e+15,4.479223900626077004e-01
1.650461937159295250e+15,4.487033745035738930e-01
1.650461937161220000e+15,4.496012092371857172e-01
1.650461937163144750e+15,4.504990439707976524e-01
1.650461937165069250e+15,4.513967620873509112e-01
1.650461937166994000e+15,4.522945968209627354e-01
1.650461937168918750e+15,4.531924315545745596e-01
1.650461937170843500e+15,4.540966592351221576e-01
1.650461937172768250e+15,4.551741264448595503e-01
1.650461937174693000e+15,4.562515936545969986e-01
1.650461937176617500e+15,4.573289209153527657e-01
1.650461937178542250e+15,4.584063881250902694e-01
1.650461937180467000e+15,4.594838553348276622e-01
1.650461937182391750e+15,4.595533265844524706e-01
1.650461937184316500e+15,4.576721354270884001e-01
1.650461937186241250e+15,4.557909442697243296e-01
1.650461937188165750e+15,4.539099974546330074e-01
1.650461937190090500e+15,4.520288062972689369e-01
1.650461937192015250e+15,4.501476151399048664e-01
1.650461937193940000e+15,4.482664239825408514e-01
1.650461937195864750e+15,4.484056285772086703e-01
1.650461937197789500e+15,4.489970215709959689e-01
1.650461937199714000e+15,4.495883377505224821e-01
1.650461937201638750e+15,4.501797307443098362e-01
1.650461937203563500e+15,4.507711237380971347e-01
1.650461937205488250e+15,4.513625167318844333e-01
1.650461937207413000e+15,4.519539097256717319e-01
1.650461937209337750e+15,4.525453027194590860e-01
1.650461937211262250e+15,4.531366188989856547e-01
1.650461937213187000e+15,4.537280118927728978e-01
1.650461937215111750e+15,4.545373210871888614e-01
1.650461937217036500e+15,4.556223112650418239e-01
1.650461937218961250e+15,4.567073014428947864e-01
1.650461937220886000e+15,4.577922916207476378e-01
1.650461937222810500e+15,4.588771408724832135e-01
1.650461937224735250e+15,4.599621310503361760e-01
1.650461937226660000e+15,4.593864706188649505e-01
1.650461937228584750e+15,4.583588783378305109e-01
1.650461937230509500e+15,4.573312860567959603e-01
1.650461937232434250e+15,4.563036937757615208e-01
1.650461937234358750e+15,4.552762349656038765e-01
1.650461937236283500e+15,4.542486426845693814e-01
1.650461937238208250e+15,4.534752982803481047e-01
1.650461937240133000e+15,4.527597503805642631e-01
1.650461937242057750e+15,4.520442024807803660e-01
1.650461937243982500e+15,4.513286545809965800e-01
1.650461937245907000e+15,4.506131996215815283e-01
1.650461937247831750e+15,4.498976517217976312e-01
1.650461937249756500e+15,4.491821038220137341e-01
1.650461937251681250e+15,4.484665559222298925e-01
1.650461937253606000e+15,4.484642271611344322e-01
1.650461937255530750e+15,4.507264851988571075e-01
1.650461937257455250e+15,4.529884493986737759e-01
1.650461937259380000e+15,4.552507074363964512e-01
1.650461937261304750e+15,4.575129654741191265e-01
1.650461937263229500e+15,4.597752235118417463e-01
1.650461937265154250e+15,4.601942363656919555e-01
1.650461937267079000e+15,4.601942363656920110e-01
1.650461937269003500e+15,4.601942363656921220e-01
1.650461937270928250e+15,4.601942363656922330e-01
1.650461937272853000e+15,4.601942363656922885e-01
1.650461937274777750e+15,4.601942363656923995e-01
1.650461937276702500e+15,4.601942363656922885e-01
1.650461937278627250e+15,4.601942363656922885e-01
1.650461937280551750e+15,4.601942363656921775e-01
1.650461937282476500e+15,4.601942363656921775e-01
1.650461937284401250e+15,4.601942363656921220e-01
1.650461937286326000e+15,4.601942363656920665e-01
1.650461937288250750e+15,4.601942363656920665e-01
1.650461937290175500e+15,4.601942363656920110e-01
1.650461937292100000e+15,4.601942363656918999e-01
1.650461937294024750e+15,4.601942363656918999e-01
1.650461937295949500e+15,4.598819722929163856e-01
1.650461937297874250e+15,4.581913104811732307e-01
1.650461937299799000e+15,4.565006486694301313e-01
1.650461937301723750e+15,4.548099868576870319e-01
1.650461937303648250e+15,4.531195446409317373e-01
1.650461937305573000e+15,4.514288828291886935e-01
1.650461937307497750e+15,4.497382210174455941e-01
1.650461937309422500e+15,4.480475592057024392e-01
1.650461937311347250e+15,4.484578787041129666e-01
1.650461937313272000e+15,4.490361824004176494e-01
1.650461937315196500e+15,4.496144109825910840e-01
1.650461937317121250e+15,4.501927146788957113e-01
1.650461937319046000e+15,4.507710183752003941e-01
1.650461937320970750e+15,4.513493220715050769e-01
1.650461937322895500e+15,4.519276257678096487e-01
1.650461937324820250e+15,4.525059294641142760e-01
1.650461937326744750e+15,4.530841580462877660e-01
1.650461937328669500e+15,4.536624617425923933e-01
1.650461937330594250e+15,4.542130040986015471e-01
1.650461937332519000e+15,4.547033149752541803e-01
1.650461937334443750e+15,4.551936258519068135e-01
1.650461937336368500e+15,4.556839367285594466e-01
1.650461937338293000e+15,4.561741839202041460e-01
1.650461937340217750e+15,4.566644947968567236e-01
1.650461937342142500e+15,4.571548056735093013e-01
1.650461937344067250e+15,4.576451165501619900e-01
1.650461937345992000e+15,4.581354274268145677e-01
1.650461937347916750e+15,4.586257383034672563e-01
1.650461937349841250e+15,4.591159854951118446e-01
1.650461937351766000e+15,4.596062963717644778e-01
1.650461937353690750e+15,4.600966072484171110e-01
1.650461937355615500e+15,4.597373248378393562e-01
1.650461937357540250e+15,4.591668152930863389e-01
1.650461937359465000e+15,4.585963057483333771e-01
1.650461937361389500e+15,4.580258703053525782e-01
1.650461937363314250e+15,4.574553607605996164e-01
1.650461937365239000e+15,4.568848512158466546e-01
1.650461937367163750e+15,4.563143416710936373e-01
1.650461937369088500e+15,4.557438321263406200e-01
1.650461937371013250e+15,4.551733225815876027e-01
1.650461937372937750e+15,4.546028871386068593e-01
1.650461937374862500e+15,4.541559656833683567e-01
1.650461937376787250e+15,4.563040409991070412e-01
1.650461937378712000e+15,4.584521163148457257e-01
1.650461937380636750e+15,4.606001916305844102e-01
1.650461937382561500e+15,4.627482669463230947e-01
1.650461937384486000e+15,4.648960632550069860e-01
1.650461937386410750e+15,4.670441385707456705e-01
1.650461937388335500e+15,4.691922138864842995e-01
1.650461937390260250e+15,4.713402892022230395e-01
1.650461937392185000e+15,4.750252201106961447e-01
1.650461937394109750e+15,4.804026216296177210e-01
1.650461937396034250e+15,4.857793246939972609e-01
1.650461937397959000e+15,4.911567262129188927e-01
1.650461937399883750e+15,4.965341277318404689e-01
1.650461937401808500e+15,4.964486641955473401e-01
1.650461937403733250e+15,4.958331050333492640e-01
1.650461937405658000e+15,4.952175458711512435e-01
1.650461937407582500e+15,4.946020666620850603e-01
1.650461937409507250e+15,4.939865074998870398e-01
1.650461937411432000e+15,4.933709483376889082e-01
1.650461937413356750e+15,4.927553891754908322e-01
1.650461937415281500e+15,4.921398300132927561e-01
1.650461937417206250e+15,4.915242708510947356e-01
1.650461937419130750e+15,4.909087916420285524e-01
1.650461937421055500e+15,4.894482354761534593e-01
1.650461937422980250e+15,4.879368305508997583e-01
1.650461937424905000e+15,4.864254256256461684e-01
1.650461937426829750e+15,4.849140207003925784e-01
1.650461937428754500e+15,4.834026157751388220e-01
1.650461937430679000e+15,4.818914071617341754e-01
1.650461937432603750e+15,4.803800022364805855e-01
1.650461937434528500e+15,4.788685973112269401e-01
1.650461937436453250e+15,4.824458991915835382e-01
1.650461937438378000e+15,4.871130077021275651e-01
1.650461937440302750e+15,4.917801162126716474e-01
1.650461937442227250e+15,4.964466185265004605e-01
1.650461937444152000e+15,5.011137270370444874e-01
1.650461937446076750e+15,5.023515482297925550e-01
1.650461937448001500e+15,5.009450236463152129e-01
1.650461937449926250e+15,4.995384990628378707e-01
1.650461937451851000e+15,4.981319744793605286e-01
1.650461937453775500e+15,4.967256325851392984e-01
1.650461937455700250e+15,4.953191080016619008e-01
1.650461937457625000e+15,4.939125834181845587e-01
1.650461937459549750e+15,4.925060588347071611e-01
1.650461937461474500e+15,4.910995342512298190e-01
1.650461937463399250e+15,4.896930096677524769e-01
1.650461937465323750e+15,4.882866677735312466e-01
1.650461937467248500e+15,4.868801431900539045e-01
1.650461937469173250e+15,4.854736186065765069e-01
1.650461937471098000e+15,4.853707186649610095e-01
1.650461937473022750e+15,4.866974746146247588e-01
1.650461937474947500e+15,4.880242305642885636e-01
1.650461937476872000e+15,4.893508141856044991e-01
1.650461937478796750e+15,4.906775701352682484e-01
1.650461937480721500e+15,4.920043260849320532e-01
1.650461937482646250e+15,4.933310820345957470e-01
1.650461937484571000e+15,4.946578379842595519e-01
1.650461937486495750e+15,4.959845939339233567e-01
1.650461937488420250e+15,4.970097752749481068e-01
1.650461937490345000e+15,4.970097752749480513e-01
1.650461937492269750e+15,4.970097752749480513e-01
1.650461937494194500e+15,4.970097752749480513e-01
1.650461937496119250e+15,4.970097752749480513e-01
1.650461937498044000e+15,4.970097752749480513e-01
1.650461937499968500e+15,4.970097752749480513e-01
1.650461937501893250e+15,4.973407970088558616e-01
1.650461937503818000e+15,4.978451580477152860e-01
1.650461937505742750e+15,4.983495190865745994e-01
1.650461937507667500e+15,4.988538801254340238e-01
1.650461937509592250e+15,4.993582411642933372e-01
1.650461937511517000e+15,4.998626022031527616e-01
1.650461937513441500e+15,5.003668977320707700e-01
1.650461937515366250e+15,5.008712587709300834e-01
1.650461937517291000e+15,5.013756198097893968e-01
1.650461937519215750e+15,5.018799808486488212e-01
1.650461937521140500e+15,5.023843418875082456e-01
1.650461937523065250e+15,5.028887029263675590e-01
1.650461937524989750e+15,5.036661709659715491e-01
1.650461937526914500e+15,5.047276591994724892e-01
1.650461937528839250e+15,5.057891474329734294e-01
1.650461937530764000e+15,5.068506356664742585e-01
1.650461937532688750e+15,5.079121238999751986e-01
1.650461937534613500e+15,5.089736121334760277e-01
1.650461937536538000e+15,5.084697588286132275e-01
1.650461937538462750e+15,5.073258109318744546e-01
1.650461937540387500e+15,5.061818630351355708e-01
1.650461937542312250e+15,5.050379151383969090e-01
1.650461937544237000e+15,5.038939672416581361e-01
1.650461937546161750e+15,5.034295754826501046e-01
1.650461937548086250e+15,5.042501859138622811e-01
1.650461937550011000e+15,5.050709029455460186e-01
1.650461937551935750e+15,5.058916199772298672e-01
1.650461937553860500e+15,5.067123370089137158e-01
1.650461937555785250e+15,5.075330540405975643e-01
1.650461937557710000e+15,5.083537710722814129e-01
1.650461937559634500e+15,5.091743815034934784e-01
1.650461937561559250e+15,5.083111202628496361e-01
1.650461937563484000e+15,5.071947464953923124e-01
1.650461937565408750e+15,5.060783727279350996e-01
1.650461937567333500e+15,5.049619989604778869e-01
1.650461937569258250e+15,5.038456251930205632e-01
1.650461937571182750e+15,5.033472202916875471e-01
1.650461937573107500e+15,5.038876301976970007e-01
1.650461937575032250e+15,5.044280401037064543e-01
1.650461937576957000e+15,5.049684500097157969e-01
1.650461937578881750e+15,5.055088599157253615e-01
1.650461937580806500e+15,5.060492698217347041e-01
1.650461937582731000e+15,5.065896095355235662e-01
1.650461937584655750e+15,5.071300194415330198e-01
1.650461937586580500e+15,5.076704293475424734e-01
1.650461937588505250e+15,5.082108392535519270e-01
1.650461937590430000e+15,5.087512491595613806e-01
1.650461937592354750e+15,5.092816215780322509e-01
1.650461937594279250e+15,5.092816215780322509e-01
1.650461937596204000e+15,5.092816215780322509e-01
1.650461937598128750e+15,5.092816215780322509e-01
1.650461937600053500e+15,5.092816215780322509e-01
1.650461937601978250e+15,5.092816215780322509e-01
1.650461937603903000e+15,5.092816215780322509e-01
1.650461937605827500e+15,5.092816215780322509e-01
1.650461937607752250e+15,5.092816215780322509e-01
1.650461937609677000e+15,5.092816215780322509e-01
1.650461937611601750e+15,5.092816215780322509e-01
1.650461937613526500e+15,5.092816215780322509e-01
1.650461937615451250e+15,5.092816215780322509e-01
1.650461937617375750e+15,5.092816215780323619e-01
1.650461937619300500e+15,5.092816215780324729e-01
1.650461937621225250e+15,5.092816215780324729e-01
1.650461937623150000e+15,5.092816215780324729e-01
1.650461937625074750e+15,5.092816215780325839e-01
1.650461937626999500e+15,5.092816215780326949e-01
1.650461937628924000e+15,5.092816215780326949e-01
1.650461937630848750e+15,5.092816215780326949e-01
1.650461937632773500e+15,5.092816215780326949e-01
1.650461937634698250e+15,5.092816215780326949e-01
1.650461937636623000e+15,5.092816215780326949e-01
1.650461937638547750e+15,5.092816215780326949e-01
1.650461937640472250e+15,5.092816215780326949e-01
1.650461937642397000e+15,5.092816215780326949e-01
1.650461937644321750e+15,5.092816215780326949e-01
1.650461937646246500e+15,5.092816215780326949e-01
1.650461937648171250e+15,5.092816215780326949e-01
1.650461937650096000e+15,5.092816215780326949e-01
1.650461937652020500e+15,5.092816215780326949e-01
1.650461937653945250e+15,5.092816215780326949e-01
1.650461937655870000e+15,5.092816215780326949e-01
1.650461937657794750e+15,5.092816215780326949e-01
1.650461937659719500e+15,5.092816215780326949e-01
1.650461937661644250e+15,5.092816215780326949e-01
1.650461937663568750e+15,5.092816215780326949e-01
1.650461937665493500e+15,5.092816215780326949e-01
1.650461937667418250e+15,5.092816215780326949e-01
1.650461937669343000e+15,5.092816215780326949e-01
1.650461937671267750e+15,5.092816215780326949e-01
1.650461937673192500e+15,5.092816215780326949e-01
1.650461937675117000e+15,5.092816215780326949e-01
1.650461937677041750e+15,5.092816215780326949e-01
1.650461937678966500e+15,5.092816215780326949e-01
1.650461937680891250e+15,5.092816215780326949e-01
1.650461937682816000e+15,5.092816215780326949e-01
1.650461937684740750e+15,5.092816215780326949e-01
1.650461937686665250e+15,5.092816215780326949e-01
1.650461937688590000e+15,5.087783154633146454e-01
1.650461937690514750e+15,5.074918102251956276e-01
1.650461937692439500e+15,5.062053049870767207e-01
1.650461937694364250e+15,5.049187997489578139e-01
1.650461937696289000e+15,5.036322945108387961e-01
1.650461937698213500e+15,5.055116771731288372e-01
1.650461937700138250e+15,5.093177094276989392e-01
1.650461937702063000e+15,5.131237416822690411e-01
1.650461937703987750e+15,5.169297739368392541e-01
1.650461937705912500e+15,5.207358061914093561e-01
1.650461937707837250e+15,5.215534678811170055e-01
1.650461937709761750e+15,5.215534678811172276e-01
1.650461937711686500e+15,5.215534678811174496e-01
1.650461937713611250e+15,5.215534678811177827e-01
1.650461937715536000e+15,5.215534678811180047e-01
1.650461937717460750e+15,5.215534678811182268e-01
1.650461937719385500e+15,5.215534678811184488e-01
1.650461937721310000e+15,5.212120532879553902e-01
1.650461937723234750e+15,5.192792952344520430e-01
1.650461937725159500e+15,5.173465371809486957e-01
1.650461937727084250e+15,5.154137791274453484e-01
1.650461937729009000e+15,5.134810210739422232e-01
1.650461937730933750e+15,5.115482630204388759e-01
1.650461937732858250e+15,5.096157560070776471e-01
1.650461937734783000e+15,5.106072274481995299e-01
1.650461937736707750e+15,5.122099032639046978e-01
1.650461937738632500e+15,5.138125790796098658e-01
1.650461937740557250e+15,5.154152548953150337e-01
1.650461937742482000e+15,5.170179307110203126e-01
1.650461937744406500e+15,5.186203983599746437e-01
1.650461937746331250e+15,5.202230741756797006e-01
1.650461937748256000e+15,5.218257499913849795e-01
1.650461937750180750e+15,5.234284258070901474e-01
1.650461937752105500e+15,5.250311016227954264e-01
1.650461937754030250e+15,5.266337774385005943e-01
1.650461937755954750e+15,5.276893910326609927e-01
1.650461937757879500e+15,5.276893910326609927e-01
1.650461937759804250e+15,5.276893910326609927e-01
1.650461937761729000e+15,5.276893910326611037e-01
1.650461937763653750e+15,5.276893910326609927e-01
1.650461937765578500e+15,5.276893910326609927e-01
1.650461937767503000e+15,5.276893910326609927e-01
1.650461937769427750e+15,5.276893910326609927e-01
1.650461937771352500e+15,5.276893910326609927e-01
1.650461937773277250e+15,5.276893910326609927e-01
1.650461937775202000e+15,5.276893910326609927e-01
1.650461937777126750e+15,5.276893910326609927e-01
1.650461937779051250e+15,5.276893910326609927e-01
1.650461937780976000e+15,5.276893910326609927e-01
1.650461937782900750e+15,5.276893910326609927e-01
1.650461937784825500e+15,5.276893910326608816e-01
1.650461937786750250e+15,5.276893910326609927e-01
1.650461937788675000e+15,5.276893910326609927e-01
1.650461937790599500e+15,5.276893910326608816e-01
1.650461937792524250e+15,5.276893910326607706e-01
1.650461937794449000e+15,5.276893910326607706e-01
1.650461937796373750e+15,5.276893910326607706e-01
1.650461937798298500e+15,5.276893910326607706e-01
1.650461937800223250e+15,5.276893910326606596e-01
1.650461937802147750e+15,5.276893910326606596e-01
1.650461937804072500e+15,5.276893910326606596e-01
1.650461937805997250e+15,5.276893910326606596e-01
1.650461937807922000e+15,5.276893910326605486e-01
1.650461937809846750e+15,5.276893910326605486e-01
1.650461937811771500e+15,5.281856186593494318e-01
1.650461937813696000e+15,5.287296175585590730e-01
1.650461937815620750e+15,5.292736871253317377e-01
1.650461937817545500e+15,5.298177566921042914e-01
1.650461937819470250e+15,5.303618262588768451e-01
1.650461937821395000e+15,5.309058958256493987e-01
1.650461937823319750e+15,5.314499653924220635e-01
1.650461937825244250e+15,5.319939642916318157e-01
1.650461937827169000e+15,5.325380338584043693e-01
1.650461937829093750e+15,5.330821034251769230e-01
1.650461937831018500e+15,5.336261729919495878e-01
1.650461937832943250e+15,5.331620115419580808e-01
1.650461937834868000e+15,5.321157572820420789e-01
1.650461937836792500e+15,5.310696389169514697e-01
1.650461937838717250e+15,5.300233846570355789e-01
1.650461937840642000e+15,5.289771303971196881e-01
1.650461937842566750e+15,5.279308761372036862e-01
1.650461937844491500e+15,5.283873192921771933e-01
1.650461937846416250e+15,5.292946731709364805e-01
1.650461937848340750e+15,5.302019091962240083e-01
1.650461937850265500e+15,5.311092630749831844e-01
1.650461937852190250e+15,5.320166169537424716e-01
1.650461937854115000e+15,5.329239708325016478e-01
1.650461937856039750e+15,5.338253141842034255e-01
1.650461937857964500e+15,5.338253141842034255e-01
1.650461937859889250e+15,5.338253141842033145e-01
1.650461937861813750e+15,5.338253141842033145e-01
1.650461937863738500e+15,5.338253141842033145e-01
1.650461937865663250e+15,5.338253141842033145e-01
1.650461937867588000e+15,5.338253141842034255e-01
1.650461937869512750e+15,5.338253141842034255e-01
1.650461937871437500e+15,5.338253141842035365e-01
1.650461937873362000e+15,5.338253141842035365e-01
1.650461937875286750e+15,5.338253141842036475e-01
1.650461937877211500e+15,5.338253141842037586e-01
1.650461937879136250e+15,5.338253141842037586e-01
1.650461937881061000e+15,5.338253141842037586e-01
1.650461937882985750e+15,5.338253141842037586e-01
1.650461937884910250e+15,5.338253141842037586e-01
1.650461937886835000e+15,5.338253141842037586e-01
1.650461937888759750e+15,5.338253141842037586e-01
1.650461937890684500e+15,5.338253141842037586e-01
1.650461937892609250e+15,5.338253141842037586e-01
1.650461937894534000e+15,5.338253141842037586e-01
1.650461937896458500e+15,5.338253141842037586e-01
1.650461937898383250e+15,5.338253141842037586e-01
1.650461937900308000e+15,5.338253141842037586e-01
1.650461937902232750e+15,5.338253141842036475e-01
1.650461937904157500e+15,5.338253141842036475e-01
1.650461937906082250e+15,5.338253141842036475e-01
1.650461937908006750e+15,5.338253141842035365e-01
1.650461937909931500e+15,5.338253141842035365e-01
1.650461937911856250e+15,5.338253141842035365e-01
1.650461937913781000e+15,5.338253141842035365e-01
1.650461937915705750e+15,5.338253141842034255e-01
1.650461937917630500e+15,5.338253141842034255e-01
1.650461937919555000e+15,5.338253141842033145e-01
1.650461937921479750e+15,5.338253141842033145e-01
1.650461937923404500e+15,5.338253141842033145e-01
1.650461937925329250e+15,5.338253141842033145e-01
1.650461937927254000e+15,5.338253141842032035e-01
1.650461937929178750e+15,5.338253141842032035e-01
1.650461937931103250e+15,5.338253141842032035e-01
1.650461937933028000e+15,5.338253141842030924e-01
1.650461937934952750e+15,5.338253141842030924e-01
1.650461937936877500e+15,5.338253141842029814e-01
1.650461937938802250e+15,5.338253141842028704e-01
1.650461937940727000e+15,5.338253141842028704e-01
1.650461937942651500e+15,5.338253141842028704e-01
1.650461937944576250e+15,5.338253141842029814e-01
1.650461937946501000e+15,5.338253141842029814e-01
1.650461937948425750e+15,5.338253141842030924e-01
1.650461937950350500e+15,5.338253141842030924e-01
1.650461937952275250e+15,5.338253141842032035e-01
1.650461937954199750e+15,5.338253141842033145e-01
1.650461937956124500e+15,5.338253141842033145e-01
1.650461937958049250e+15,5.338253141842033145e-01
1.650461937959974000e+15,5.338253141842033145e-01
1.650461937961898750e+15,5.338253141842033145e-01
1.650461937963823500e+15,5.338253141842033145e-01
1.650461937965748000e+15,5.338253141842033145e-01
1.650461937967672750e+15,5.338253141842033145e-01
1.650461937969597500e+15,5.338253141842033145e-01
1.650461937971522250e+15,5.338253141842033145e-01
1.650461937973447000e+15,5.338253141842033145e-01
1.650461937975371750e+15,5.338253141842033145e-01
1.650461937977296250e+15,5.338253141842033145e-01
1.650461937979221000e+15,5.338253141842033145e-01
1.650461937981145750e+15,5.338253141842033145e-01
1.650461937983070500e+15,5.338253141842033145e-01
1.650461937984995250e+15,5.338253141842033145e-01
1.650461937986920000e+15,5.338253141842033145e-01
1.650461937988844500e+15,5.338253141842033145e-01
1.650461937990769250e+15,5.338253141842033145e-01
1.650461937992694000e+15,5.338253141842033145e-01
1.650461937994618750e+15,5.338253141842034255e-01
1.650461937996543500e+15,5.338253141842033145e-01
1.650461937998468250e+15,5.338253141842033145e-01
1.650461938000392750e+15,5.338253141842033145e-01
1.650461938002317500e+15,5.338253141842033145e-01
1.650461938004242250e+15,5.338253141842033145e-01
1.650461938006167000e+15,5.338253141842033145e-01
1.650461938008091750e+15,5.338253141842033145e-01
1.650461938010016500e+15,5.338253141842033145e-01
1.650461938011941000e+15,5.338253141842033145e-01
1.650461938013865750e+15,5.338253141842033145e-01
1.650461938015790500e+15,5.338253141842032035e-01
1.650461938017715250e+15,5.338253141842032035e-01
1.650461938019640000e+15,5.338253141842029814e-01
1.650461938021564750e+15,5.338253141842029814e-01
1.650461938023489250e+15,5.338253141842029814e-01
1.650461938025414000e+15,5.338253141842028704e-01
1.650461938027338750e+15,5.338253141842026483e-01
1.650461938029263500e+15,5.338253141842026483e-01
1.650461938031188250e+15,5.338253141842025373e-01
1.650461938033113000e+15,5.338253141842024263e-01
1.650461938035037500e+15,5.338253141842023153e-01
1.650461938036962250e+15,5.338253141842024263e-01
1.650461938038887000e+15,5.338253141842025373e-01
1.650461938040811750e+15,5.338253141842026483e-01
1.650461938042736500e+15,5.338253141842027594e-01
1.650461938044661250e+15,5.338253141842027594e-01
1.650461938046585750e+15,5.338253141842028704e-01
1.650461938048510500e+15,5.338253141842029814e-01
1.650461938050435250e+15,5.338253141842029814e-01
1.650461938052360000e+15,5.338253141842030924e-01
1.650461938054284750e+15,5.338253141842030924e-01
1.650461938056209500e+15,5.338253141842032035e-01
1.650461938058134000e+15,5.338253141842033145e-01
1.650461938060058750e+15,5.338253141842033145e-01
1.650461938061983500e+15,5.338253141842033145e-01
1.650461938063908250e+15,5.338253141842033145e-01
1.650461938065833000e+15,5.338253141842033145e-01
1.650461938067757750e+15,5.338253141842033145e-01
1.650461938069682250e+15,5.344530358618507782e-01
1.650461938071607000e+15,5.356078337581967608e-01
1.650461938073531750e+15,5.367626316545426324e-01
1.650461938075456500e+15,5.379174295508887260e-01
1.650461938077381250e+15,5.390722274472345976e-01
1.650461938079306000e+15,5.397773381438006890e-01
1.650461938081230500e+15,5.389784352207817042e-01
1.650461938083155250e+15,5.381794285171804804e-01
1.650461938085080000e+15,5.373804218135792565e-01
1.650461938087004750e+15,5.365814151099779217e-01
1.650461938088929500e+15,5.357824084063766978e-01
1.650461938090854250e+15,5.349834017027754740e-01
1.650461938092778750e+15,5.341844987797566002e-01
1.650461938094703500e+15,5.341306979956961243e-01
1.650461938096628250e+15,5.346854761846254744e-01
1.650461938098553000e+15,5.352402543735549356e-01
1.650461938100477750e+15,5.357950325624842858e-01
1.650461938102402500e+15,5.363498107514137470e-01
1.650461938104327000e+15,5.369045168818694647e-01
1.650461938106251750e+15,5.374592950707988148e-01
1.650461938108176500e+15,5.380140732597282760e-01
1.650461938110101250e+15,5.385688514486577372e-01
1.650461938112026000e+15,5.391236296375870873e-01
1.650461938113950750e+15,5.396784078265165485e-01
1.650461938115875250e+15,5.395198317902374363e-01
1.650461938117800000e+15,5.386191211369478760e-01
1.650461938119724750e+15,5.377184104836585377e-01
1.650461938121649500e+15,5.368176998303690883e-01
1.650461938123574250e+15,5.359169891770796390e-01
1.650461938125499000e+15,5.350162785237901897e-01
1.650461938127423500e+15,5.341156848611038344e-01
1.650461938129348250e+15,5.344766349110192660e-01
1.650461938131273000e+15,5.354378230029808172e-01
1.650461938133197750e+15,5.363990110949423684e-01
1.650461938135122500e+15,5.373601991869039196e-01
1.650461938137047250e+15,5.383213872788653598e-01
1.650461938138971750e+15,5.392824505249907974e-01
1.650461938140896500e+15,5.396398643115531968e-01
1.650461938142821250e+15,5.385460310165703923e-01
1.650461938144746000e+15,5.374521977215875879e-01
1.650461938146670750e+15,5.363583644266047834e-01
1.650461938148595500e+15,5.352645311316219789e-01
1.650461938150520000e+15,5.341708399113624939e-01
1.650461938152444750e+15,5.355822314377101101e-01
1.650461938154369500e+15,5.381503928075124232e-01
1.650461938156294250e+15,5.407185541773148474e-01
1.650461938158219000e+15,5.432867155471172715e-01
1.650461938160143750e+15,5.458548769169195847e-01
1.650461938162068250e+15,5.484227047159504487e-01
1.650461938163993000e+15,5.509908660857527618e-01
1.650461938165917750e+15,5.509330999202831647e-01
1.650461938167842500e+15,5.484152195054163847e-01
1.650461938169767250e+15,5.458973390905498269e-01
1.650461938171692000e+15,5.433794586756831579e-01
1.650461938173616500e+15,5.408619053007457378e-01
1.650461938175541250e+15,5.405286771170204618e-01
1.650461938177466000e+15,5.414121389726407330e-01
1.650461938179390750e+15,5.422956008282608931e-01
1.650461938181315500e+15,5.431790626838810532e-01
1.650461938183240250e+15,5.440625245395014353e-01
1.650461938185164750e+15,5.449458716449130380e-01
1.650461938187089500e+15,5.458293335005333091e-01
1.650461938189014250e+15,5.460971604872870699e-01
1.650461938190939000e+15,5.460971604872870699e-01
1.650461938192863750e+15,5.460971604872869589e-01
1.650461938194788500e+15,5.460971604872870699e-01
1.650461938196713000e+15,5.460971604872870699e-01
1.650461938198637750e+15,5.460971604872870699e-01
1.650461938200562500e+15,5.460971604872870699e-01
1.650461938202487250e+15,5.460971604872870699e-01
1.650461938204412000e+15,5.460971604872870699e-01
1.650461938206336750e+15,5.460971604872869589e-01
1.650461938208261250e+15,5.460971604872870699e-01
1.650461938210186000e+15,5.460971604872870699e-01
1.650461938212110750e+15,5.460971604872870699e-01
1.650461938214035500e+15,5.460971604872870699e-01
1.650461938215960250e+15,5.460971604872869589e-01
1.650461938217885000e+15,5.460971604872870699e-01
1.650461938219809750e+15,5.460971604872870699e-01
1.650461938221734250e+15,5.460971604872870699e-01
1.650461938223659000e+15,5.460971604872870699e-01
1.650461938225583750e+15,5.460971604872870699e-01
1.650461938227508500e+15,5.460971604872869589e-01
1.650461938229433250e+15,5.460971604872870699e-01
1.650461938231358000e+15,5.460971604872870699e-01
1.650461938233282500e+15,5.460971604872870699e-01
1.650461938235207250e+15,5.460971604872870699e-01
1.650461938237132000e+15,5.460971604872870699e-01
1.650461938239056750e+15,5.460971604872870699e-01
1.650461938240981500e+15,5.460971604872870699e-01
1.650461938242906250e+15,5.460971604872870699e-01
1.650461938244830750e+15,5.460971604872870699e-01
1.650461938246755500e+15,5.460971604872870699e-01
1.650461938248680250e+15,5.460971604872870699e-01
1.650461938250605000e+15,5.460971604872870699e-01
1.650461938252529750e+15,5.460971604872870699e-01
1.650461938254454500e+15,5.460971604872870699e-01
1.650461938256379000e+15,5.460971604872870699e-01
1.650461938258303750e+15,5.460971604872871810e-01
1.650461938260228500e+15,5.460971604872870699e-01
1.650461938262153250e+15,5.460971604872870699e-01
1.650461938264078000e+15,5.460971604872870699e-01
1.650461938266002750e+15,5.460971604872871810e-01
1.650461938267927250e+15,5.460971604872870699e-01
1.650461938269852000e+15,5.460971604872870699e-01
1.650461938271776750e+15,5.460971604872870699e-01
1.650461938273701500e+15,5.460971604872870699e-01
1.650461938275626250e+15,5.460971604872871810e-01
1.650461938277551000e+15,5.460971604872870699e-01
1.650461938279475500e+15,5.460971604872870699e-01
1.650461938281400250e+15,5.463986124190801652e-01
1.650461938283325000e+15,5.474324112711401735e-01
1.650461938285249750e+15,5.484662101232002929e-01
1.650461938287174500e+15,5.495000089752604122e-01
1.650461938289099250e+15,5.505338078273205316e-01
1.650461938291023750e+15,5.515674724023509334e-01
1.650461938292948500e+15,5.519070993467763975e-01
1.650461938294873250e+15,5.509917991773636281e-01
1.650461938296798000e+15,5.500764990079508587e-01
1.650461938298722750e+15,5.491611988385380894e-01
1.650461938300647500e+15,5.482458986691254310e-01
1.650461938302572000e+15,5.473307173853041441e-01
1.650461938304496750e+15,5.464154172158913747e-01
1.650461938306421500e+15,5.448610161489115811e-01
1.650461938308346250e+15,5.429659394342243317e-01
1.650461938310271000e+15,5.410708627195370823e-01
1.650461938312195750e+15,5.391757860048497220e-01
1.650461938314120250e+15,5.372809554359885276e-01
1.650461938316045000e+15,5.353858787213012782e-01
1.650461938317969750e+15,5.340108829834500082e-01
1.650461938319894500e+15,5.350621664164153524e-01
1.650461938321819250e+15,5.361134498493806966e-01
1.650461938323744000e+15,5.371647332823460408e-01
1.650461938325668500e+15,5.382158801672619619e-01
1.650461938327593250e+15,5.392671636002273061e-01
1.650461938329518000e+15,5.396043453274657065e-01
1.650461938331442750e+15,5.385539968673150879e-01
1.650461938333367500e+15,5.375036484071646914e-01
1.650461938335292250e+15,5.364532999470140728e-01
1.650461938337216750e+15,5.354030879134721310e-01
1.650461938339141500e+15,5.343527394533216235e-01
1.650461938341066250e+15,5.338253141842033145e-01
1.650461938342991000e+15,5.338253141842033145e-01
1.650461938344915750e+15,5.338253141842033145e-01
1.650461938346840500e+15,5.338253141842033145e-01
1.650461938348765000e+15,5.338253141842033145e-01
1.650461938350689750e+15,5.338253141842033145e-01
1.650461938352614500e+15,5.338253141842033145e-01
1.650461938354539250e+15,5.338253141842033145e-01
1.650461938356464000e+15,5.338253141842033145e-01
1.650461938358388750e+15,5.338049676548187739e-01
1.650461938360313250e+15,5.333317725394053355e-01
1.650461938362238000e+15,5.328585159541145977e-01
1.650461938364162750e+15,5.323852593688238599e-01
1.650461938366087500e+15,5.319120027835330111e-01
1.650461938368012250e+15,5.314387461982422733e-01
1.650461938369937000e+15,5.309654896129515356e-01
1.650461938371861500e+15,5.304922944975379862e-01
1.650461938373786250e+15,5.300190379122472484e-01
1.650461938375711000e+15,5.295457813269565106e-01
1.650461938377635750e+15,5.290725247416656618e-01
1.650461938379560500e+15,5.285992681563749240e-01
1.650461938381485250e+15,5.281260115710841863e-01
1.650461938383409750e+15,5.276405355263559249e-01
1.650461938385334500e+15,5.270083699077962036e-01
1.650461938387259250e+15,5.263762042892365933e-01
1.650461938389184000e+15,5.257440386706768720e-01
1.650461938391108750e+15,5.251118730521171507e-01
1.650461938393033500e+15,5.244797074335575404e-01
1.650461938394958000e+15,5.238476239250924316e-01
1.650461938396882750e+15,5.232154583065328213e-01
1.650461938398807500e+15,5.225832926879731000e-01
1.650461938400732250e+15,5.219511270694133787e-01
1.650461938402657000e+15,5.220516540455715226e-01
1.650461938404581750e+15,5.233946285834304435e-01
1.650461938406506250e+15,5.247374286863578652e-01
1.650461938408431000e+15,5.260804032242168971e-01
1.650461938410355750e+15,5.274233777620758179e-01
1.650461938412280500e+15,5.287663522999348498e-01
1.650461938414205250e+15,5.301093268377938816e-01
1.650461938416130000e+15,5.314523013756528025e-01
1.650461938418054500e+15,5.327951014785803352e-01
1.650461938419979250e+15,5.341380760164392560e-01
1.650461938421904000e+15,5.354810505542981769e-01
1.650461938423828750e+15,5.368240250921573198e-01
1.650461938425753500e+15,5.381669996300162406e-01
1.650461938427678250e+15,5.395099741678752725e-01
1.650461938429602750e+15,5.383864305049975707e-01
1.650461938431527500e+15,5.360142063238322319e-01
1.650461938433452250e+15,5.336419821426667820e-01
1.650461938435377000e+15,5.312697579615014432e-01
1.650461938437301750e+15,5.288975337803359933e-01
1.650461938439226500e+15,5.264102460760764490e-01
1.650461938441151000e+15,5.238038781894202023e-01
1.650461938443075750e+15,5.211971717254858527e-01
1.650461938445000500e+15,5.185904652615515031e-01
1.650461938446925250e+15,5.159837587976171536e-01
1.650461938448850000e+15,5.133770523336828040e-01
1.650461938450774750e+15,5.107703458697484544e-01
1.650461938452699250e+15,5.095895183663587957e-01
1.650461938454624000e+15,5.103076332931452130e-01
1.650461938456548750e+15,5.110257482199316303e-01
1.650461938458473500e+15,5.117438631467181587e-01
1.650461938460398250e+15,5.124619780735045760e-01
1.650461938462323000e+15,5.131800930002909933e-01
1.650461938464247500e+15,5.138981146532852762e-01
1.650461938466172250e+15,5.146162295800718045e-01
1.650461938468097000e+15,5.153343445068581108e-01
1.650461938470021750e+15,5.149237021632137035e-01
1.650461938471946500e+15,5.143651456892289753e-01
1.650461938473871250e+15,5.138065892152444691e-01
1.650461938475795750e+15,5.132481052904837027e-01
1.650461938477720500e+15,5.126895488164990855e-01
1.650461938479645250e+15,5.121309923425144683e-01
1.650461938481570000e+15,5.115724358685298512e-01
1.650461938483494750e+15,5.110138793945452340e-01
1.650461938485419500e+15,5.104553229205607279e-01
1.650461938487344000e+15,5.098968389957998504e-01
1.650461938489268750e+15,5.093382825218153442e-01
1.650461938491193500e+15,5.076598474371916137e-01
1.650461938493118250e+15,5.058549848887188283e-01
1.650461938495043000e+15,5.040501223402460429e-01
1.650461938496967750e+15,5.022452597917731465e-01
1.650461938498892250e+15,5.004406316714791192e-01
1.650461938500817000e+15,4.986357691230063338e-01
1.650461938502741750e+15,4.970097752749471631e-01
1.650461938504666500e+15,4.970097752749472741e-01
1.650461938506591250e+15,4.970097752749472741e-01
1.650461938508516000e+15,4.970097752749473852e-01
1.650461938510440500e+15,4.970097752749473852e-01
1.650461938512365250e+15,4.970097752749474962e-01
1.650461938514290000e+15,4.970097752749475517e-01
1.650461938516214750e+15,4.970097752749476072e-01
1.650461938518139500e+15,4.970097752749477182e-01
1.650461938520064250e+15,4.970097752749478293e-01
1.650461938521988750e+15,4.970097752749480513e-01
1.650461938523913500e+15,4.970097752749482733e-01
1.650461938525838250e+15,4.970097752749483844e-01
1.650461938527763000e+15,4.970097752749484954e-01
1.650461938529687750e+15,4.970097752749483844e-01
1.650461938531612500e+15,4.970097752749482733e-01
1.650461938533537000e+15,4.970097752749482178e-01
1.650461938535461750e+15,4.970097752749481623e-01
1.650461938537386500e+15,4.970097752749480513e-01
1.650461938539311250e+15,4.970097752749479403e-01
1.650461938541236000e+15,4.970097752749478848e-01
1.650461938543160750e+15,4.970097752749478293e-01
1.650461938545085250e+15,4.970097752749477182e-01
1.650461938547010000e+15,4.970097752749476627e-01
1.650461938548934750e+15,4.970097752749476072e-01
1.650461938550859500e+15,4.970097752749476072e-01
1.650461938552784250e+15,4.970097752749476072e-01
1.650461938554709000e+15,4.970097752749476072e-01
1.650461938556633500e+15,4.970097752749476072e-01
1.650461938558558250e+15,4.970097752749476072e-01
1.650461938560483000e+15,4.970097752749475517e-01
1.650461938562407750e+15,4.970097752749476072e-01
1.650461938564332500e+15,4.970097752749476072e-01
1.650461938566257250e+15,4.970097752749475517e-01
1.650461938568181750e+15,4.970097752749476072e-01
1.650461938570106500e+15,4.970097752749476072e-01
1.650461938572031250e+15,4.977671998784238827e-01
1.650461938573956000e+15,4.987900751673491895e-01
1.650461938575880750e+15,4.998129504562744962e-01
1.650461938577805500e+15,5.008358257451998030e-01
1.650461938579730250e+15,5.018587010341252208e-01
1.650461938581654750e+15,5.028814434648496423e-01
1.650461938583579500e+15,5.024162655235233643e-01
1.650461938585504250e+15,5.014327446969134572e-01
1.650461938587429000e+15,5.004492238703035500e-01
1.650461938589353750e+15,4.994657030436936429e-01
1.650461938591278500e+15,4.984821822170837358e-01
1.650461938593203000e+15,4.974987891370417636e-01
1.650461938595127750e+15,4.970097752749476072e-01
1.650461938597052500e+15,4.970097752749475517e-01
1.650461938598977250e+15,4.970097752749476072e-01
1.650461938600902000e+15,4.970097752749476072e-01
1.650461938602826750e+15,4.970097752749476072e-01
1.650461938604751250e+15,4.970097752749475517e-01
1.650461938606676000e+15,4.970097752749476072e-01
1.650461938608600750e+15,4.970097752749476072e-01
1.650461938610525500e+15,4.970097752749476072e-01
1.650461938612450250e+15,4.970097752749476072e-01
1.650461938614375000e+15,4.970097752749476072e-01
1.650461938616299500e+15,4.970097752749476072e-01
1.650461938618224250e+15,4.970097752749476072e-01
1.650461938620149000e+15,4.970097752749476072e-01
1.650461938622073750e+15,4.970097752749476072e-01
1.650461938623998500e+15,4.970097752749476072e-01
1.650461938625923250e+15,4.970097752749476072e-01
1.650461938627847750e+15,4.970097752749476072e-01
1.650461938629772500e+15,4.970097752749478293e-01
1.650461938631697250e+15,4.970097752749480513e-01
1.650461938633622000e+15,4.970097752749481623e-01
1.650461938635546750e+15,4.970097752749484399e-01
1.650461938637471500e+15,4.974660126847128550e-01
1.650461938639396000e+15,4.983074395127834455e-01
1.650461938641320750e+15,4.991489756454562388e-01
1.650461938643245500e+15,4.999905117781290875e-01
1.650461938645170250e+15,5.008320479108019363e-01
1.650461938647095000e+15,5.016735840434747296e-01
1.650461938649019750e+15,5.025151201761475228e-01
1.650461938650944250e+15,5.031456984264903731e-01
1.650461938652869000e+15,5.031456984264903731e-01
1.650461938654793750e+15,5.031456984264904841e-01
1.650461938656718500e+15,5.031456984264903731e-01
1.650461938658643250e+15,5.031456984264903731e-01
1.650461938660568000e+15,5.031456984264904841e-01
1.650461938662492500e+15,5.031456984264903731e-01
1.650461938664417250e+15,5.029279296101797359e-01
1.650461938666342000e+15,5.023016307245705692e-01
1.650461938668266750e+15,5.016753318389614025e-01
1.650461938670191500e+15,5.010490329533522358e-01
1.650461938672116250e+15,5.004227340677430691e-01
1.650461938674040750e+15,4.997965165302161727e-01
1.650461938675965500e+15,4.991702176446070616e-01
1.650461938677890250e+15,4.985439187589978394e-01
1.650461938679815000e+15,4.979176198733887282e-01
1.650461938681739750e+15,4.972913209877795060e-01
1.650461938683664500e+15,4.974967423595214044e-01
1.650461938685589000e+15,4.983812804947382880e-01
1.650461938687513750e+15,4.992659335348830218e-01
1.650461938689438500e+15,5.001505865750278668e-01
1.650461938691363250e+15,5.010352396151726007e-01
1.650461938693288000e+15,5.019198926553173346e-01
1.650461938695212750e+15,5.028045456954621795e-01
1.650461938697137250e+15,5.024825486736879121e-01
1.650461938699062000e+15,5.014029145128020559e-01
1.650461938700986750e+15,5.003232803519160887e-01
1.650461938702911500e+15,4.992436461910301215e-01
1.650461938704836250e+15,4.981640120301442654e-01
1.650461938706761000e+15,4.970843778692583537e-01
1.650461938708685500e+15,4.965567189205822296e-01
1.650461938710610250e+15,4.960699646821973285e-01
1.650461938712535000e+15,4.955832104438124830e-01
1.650461938714459750e+15,4.950964562054276374e-01
1.650461938716384500e+15,4.946097019670427364e-01
1.650461938718309250e+15,4.941229477286579463e-01
1.650461938720233750e+15,4.936362567133200097e-01
1.650461938722158500e+15,4.931495024749351641e-01
1.650461938724083250e+15,4.926627482365503186e-01
1.650461938726008000e+15,4.921759939981654175e-01
1.650461938727932750e+15,4.916892397597805164e-01
1.650461938729857500e+15,4.912024855213956709e-01
1.650461938731782000e+15,4.911793529574465800e-01
1.650461938733706750e+15,4.921201733259585875e-01
1.650461938735631500e+15,4.930609936944707061e-01
1.650461938737556250e+15,4.940018140629827137e-01
1.650461938739481000e+15,4.949426344314948323e-01
1.650461938741405750e+15,4.958834548000068398e-01
1.650461938743330250e+15,4.968241529681853841e-01
1.650461938745255000e+15,4.979507183289565986e-01
1.650461938747179750e+15,4.991229384863689611e-01
1.650461938749104500e+15,5.002951586437812681e-01
1.650461938751029250e+15,5.014673788011936306e-01
1.650461938752954000e+15,5.026395989586059931e-01
1.650461938754878500e+15,5.034377135705998541e-01
1.650461938756803250e+15,5.039517109630328173e-01
1.650461938758728000e+15,5.044657083554660026e-01
1.650461938760652750e+15,5.049797057478990769e-01
1.650461938762577500e+15,5.054937031403321512e-01
1.650461938764502250e+15,5.060077005327651145e-01
1.650461938766426750e+15,5.065216311636198121e-01
1.650461938768351500e+15,5.070356285560528864e-01
1.650461938770276250e+15,5.075496259484858497e-01
1.650461938772201000e+15,5.080636233409189240e-01
1.650461938774125750e+15,5.085776207333519983e-01
1.650461938776050500e+15,5.090916181257850726e-01
1.650461938777975000e+15,5.092816215780340272e-01
1.650461938779899750e+15,5.092816215780340272e-01
1.650461938781824500e+15,5.092816215780340272e-01
1.650461938783749250e+15,5.092816215780340272e-01
1.650461938785674000e+15,5.092816215780339162e-01
1.650461938787598750e+15,5.092816215780340272e-01
1.650461938789523250e+15,5.086207789424987968e-01
1.650461938791448000e+15,5.075130438127392063e-01
1.650461938793372750e+15,5.064053086829796158e-01
1.650461938795297500e+15,5.052975735532200252e-01
1.650461938797222250e+15,5.041898384234603236e-01
1.650461938799147000e+15,5.030821032937007331e-01
1.650461938801071500e+15,5.019745120443321884e-01
1.650461938802996250e+15,5.008667769145725979e-01
1.650461938804921000e+15,4.997590417848129518e-01
1.650461938806845750e+15,4.986513066550533613e-01
1.650461938808770500e+15,4.975435715252937707e-01
1.650461938810695250e+15,4.970097752749483844e-01
1.650461938812619750e+15,4.970097752749483289e-01
1.650461938814544500e+15,4.970097752749482733e-01
1.650461938816469250e+15,4.970097752749481623e-01
1.650461938818394000e+15,4.970097752749481068e-01
1.650461938820318750e+15,4.970097752749480513e-01
1.650461938822243500e+15,4.970097752749479403e-01
1.650461938824168000e+15,4.970097752749478848e-01
1.650461938826092750e+15,4.970097752749478293e-01
1.650461938828017500e+15,4.970097752749477182e-01
1.650461938829942250e+15,4.970097752749476627e-01
1.650461938831867000e+15,4.970097752749476072e-01
1.650461938833791750e+15,4.970097752749476627e-01
1.650461938835716250e+15,4.970097752749477182e-01
1.650461938837641000e+15,4.970097752749478293e-01
1.650461938839565750e+15,4.970097752749479403e-01
1.650461938841490500e+15,4.970097752749479958e-01
1.650461938843415250e+15,4.977228194846284315e-01
1.650461938845340000e+15,4.986898315280191007e-01
1.650461938847264500e+15,4.996567179691181471e-01
1.650461938849189250e+15,5.006237300125087053e-01
1.650461938851114000e+15,5.015907420558993746e-01
1.650461938853038750e+15,5.025577540992900438e-01
1.650461938854963500e+15,5.031456984264899290e-01
1.650461938856888250e+15,5.031456984264901511e-01
1.650461938858812750e+15,5.031456984264903731e-01
1.650461938860737500e+15,5.031456984264904841e-01
1.650461938862662250e+15,5.031456984264905952e-01
1.650461938864587000e+15,5.031456984264908172e-01
1.650461938866511750e+15,5.031456984264909282e-01
1.650461938868436500e+15,5.031456984264909282e-01
1.650461938870361000e+15,5.031456984264910393e-01
1.650461938872285750e+15,5.031456984264911503e-01
1.650461938874210500e+15,5.031456984264911503e-01
1.650461938876135250e+15,5.031456984264912613e-01
1.650461938878060000e+15,5.031456984264912613e-01
1.650461938879984750e+15,5.031456984264913723e-01
1.650461938881909250e+15,5.031456984264914833e-01
1.650461938883834000e+15,5.031456984264914833e-01
1.650461938885758750e+15,5.031456984264914833e-01
1.650461938887683500e+15,5.031456984264915944e-01
1.650461938889608250e+15,5.031456984264917054e-01
1.650461938891533000e+15,5.031456984264914833e-01
1.650461938893457500e+15,5.031456984264912613e-01
1.650461938895382250e+15,5.031456984264910393e-01
1.650461938897307000e+15,5.031456984264908172e-01
1.650461938899231750e+15,5.031456984264905952e-01
1.650461938901156500e+15,5.031456984264903731e-01
1.650461938903081250e+15,5.031456984264902621e-01
1.650461938905005750e+15,5.031456984264901511e-01
1.650461938906930500e+15,5.031456984264901511e-01
1.650461938908855250e+15,5.031456984264900401e-01
1.650461938910780000e+15,5.031456984264899290e-01
1.650461938912704750e+15,5.031456984264899290e-01
1.650461938914629500e+15,5.031456984264900401e-01
1.650461938916554000e+15,5.031456984264900401e-01
1.650461938918478750e+15,5.031456984264901511e-01
1.650461938920403500e+15,5.031456984264902621e-01
1.650461938922328250e+15,5.031456984264903731e-01
1.650461938924253000e+15,5.031456984264904841e-01
1.650461938926177750e+15,5.031456984264905952e-01
1.650461938928102500e+15,5.031456984264905952e-01
1.650461938930027000e+15,5.031456984264908172e-01
1.650461938931951750e+15,5.031456984264908172e-01
1.650461938933876500e+15,5.031456984264907062e-01
1.650461938935801250e+15,5.031456984264907062e-01
1.650461938937726000e+15,5.031456984264904841e-01
1.650461938939650750e+15,5.031456984264905952e-01
1.650461938941575250e+15,5.031456984264904841e-01
1.650461938943500000e+15,5.031456984264903731e-01
1.650461938945424750e+15,5.031456984264904841e-01
1.650461938947349500e+15,5.031456984264904841e-01
1.650461938949274250e+15,5.031456984264905952e-01
1.650461938951199000e+15,5.031456984264907062e-01
1.650461938953123500e+15,5.031456984264908172e-01
1.650461938955048250e+15,5.031456984264908172e-01
1.650461938956973000e+15,5.031456984264908172e-01
1.650461938958897750e+15,5.031456984264908172e-01
1.650461938960822500e+15,5.031456984264908172e-01
1.650461938962747250e+15,5.031456984264908172e-01
1.650461938964671750e+15,5.031456984264908172e-01
1.650461938966596500e+15,5.031456984264908172e-01
1.650461938968521250e+15,5.031456984264908172e-01
1.650461938970446000e+15,5.031456984264908172e-01
1.650461938972370750e+15,5.031456984264908172e-01
1.650461938974295500e+15,5.031456984264908172e-01
1.650461938976220000e+15,5.031456984264908172e-01
1.650461938978144750e+15,5.031456984264908172e-01
1.650461938980069500e+15,5.031456984264908172e-01
1.650461938981994250e+15,5.031456984264908172e-01
1.650461938983919000e+15,5.031456984264908172e-01
1.650461938985843750e+15,5.031456984264908172e-01
1.650461938987768250e+15,5.031456984264908172e-01
1.650461938989693000e+15,5.031456984264908172e-01
1.650461938991617750e+15,5.031456984264907062e-01
1.650461938993542500e+15,5.031456984264904841e-01
1.650461938995467250e+15,5.031456984264902621e-01
1.650461938997392000e+15,5.031456984264901511e-01
1.650461938999316500e+15,5.031456984264900401e-01
1.650461939001241250e+15,5.031456984264899290e-01
1.650461939003166000e+15,5.031456984264900401e-01
1.650461939005090750e+15,5.031456984264902621e-01
1.650461939007015500e+15,5.031456984264903731e-01
1.650461939008940250e+15,5.031456984264905952e-01
1.650461939010864750e+15,5.031456984264908172e-01
1.650461939012789500e+15,5.031456984264908172e-01
1.650461939014714250e+15,5.031456984264908172e-01
1.650461939016639000e+15,5.031456984264908172e-01
1.650461939018563750e+15,5.031456984264908172e-01
1.650461939020488500e+15,5.031456984264907062e-01
1.650461939022413000e+15,5.031456984264908172e-01
1.650461939024337750e+15,5.031456984264908172e-01
1.650461939026262500e+15,5.031456984264908172e-01
1.650461939028187250e+15,5.031456984264908172e-01
1.650461939030112000e+15,5.031456984264908172e-01
1.650461939032036750e+15,5.031456984264908172e-01
1.650461939033961250e+15,5.031456984264908172e-01
1.650461939035886000e+15,5.031456984264908172e-01
1.650461939037810750e+15,5.031456984264908172e-01
1.650461939039735500e+15,5.031456984264908172e-01
1.650461939041660250e+15,5.031456984264908172e-01
1.650461939043585000e+15,5.031456984264908172e-01
1.650461939045509500e+15,5.031456984264908172e-01
1.650461939047434250e+15,5.031456984264908172e-01
1.650461939049359000e+15,5.031456984264907062e-01
1.650461939051283750e+15,5.031456984264905952e-01
1.650461939053208500e+15,5.031456984264904841e-01
1.650461939055133250e+15,5.031456984264903731e-01
1.650461939057057750e+15,5.031456984264903731e-01
1.650461939058982500e+15,5.031456984264902621e-01
1.650461939060907250e+15,5.031456984264901511e-01
1.650461939062832000e+15,5.031456984264901511e-01
1.650461939064756750e+15,5.031456984264900401e-01
1.650461939066681500e+15,5.031456984264900401e-01
1.650461939068606000e+15,5.031456984264899290e-01
1.650461939070530750e+15,5.031456984264899290e-01
1.650461939072455500e+15,5.031456984264898180e-01
1.650461939074380250e+15,5.031456984264899290e-01
1.650461939076305000e+15,5.031456984264899290e-01
1.650461939078229750e+15,5.031456984264898180e-01
1.650461939080154250e+15,5.024489464269572547e-01
1.650461939082079000e+15,4.999712126420139957e-01
1.650461939084003750e+15,4.974934788570708477e-01
1.650461939085928500e+15,4.950157450721275332e-01
1.650461939087853250e+15,4.925380112871843297e-01
1.650461939089778000e+15,4.910398866940403617e-01
1.650461939091702500e+15,4.915454777244027684e-01
1.650461939093627250e+15,4.920511344329970838e-01
1.650461939095552000e+15,4.925567911415915656e-01
1.650461939097476750e+15,4.930624478501859365e-01
1.650461939099401500e+15,4.935681045587803628e-01
1.650461939101326250e+15,4.940737612673747892e-01
1.650461939103250750e+15,4.945793522977371404e-01
1.650461939105175500e+15,4.950850090063315667e-01
1.650461939107100250e+15,4.955906657149259376e-01
1.650461939109025000e+15,4.960963224235203639e-01
1.650461939110949750e+15,4.966019791321147903e-01
1.650461939112874500e+15,4.970097752749467190e-01
1.650461939114799000e+15,4.970097752749467190e-01
1.650461939116723750e+15,4.970097752749467190e-01
1.650461939118648500e+15,4.970097752749467190e-01
1.650461939120573250e+15,4.970097752749467190e-01
1.650461939122498000e+15,4.970097752749466635e-01
1.650461939124422750e+15,4.970097752749466635e-01
1.650461939126347250e+15,4.970097752749466635e-01
1.650461939128272000e+15,4.970097752749467190e-01
1.650461939130196750e+15,4.970097752749467190e-01
1.650461939132121500e+15,4.970097752749466635e-01
1.650461939134046250e+15,4.970097752749466635e-01
1.650461939135971000e+15,4.980937923888726915e-01
1.650461939137895500e+15,4.992553686337226626e-01
1.650461939139820250e+15,5.004170957718234725e-01
1.650461939141745000e+15,5.015788229099242823e-01
1.650461939143669750e+15,5.027405500480250922e-01
1.650461939145594500e+15,5.005737607336432360e-01
1.650461939147519250e+15,4.966245488674234099e-01
1.650461939149443750e+15,4.926758499524785950e-01
1.650461939151368500e+15,4.887266380862587134e-01
1.650461939153293250e+15,4.847774262200389428e-01
1.650461939155218000e+15,4.808282143538190612e-01
1.650461939157142750e+15,4.788309714027298436e-01
1.650461939159067500e+15,4.793557722419553024e-01
1.650461939160992000e+15,4.798805049163751280e-01
1.650461939162916750e+15,4.804053057556005313e-01
1.650461939164841500e+15,4.809301065948260456e-01
1.650461939166766250e+15,4.814549074340515600e-01
1.650461939168691000e+15,4.819797082732770188e-01
1.650461939170615750e+15,4.825045091125025332e-01
1.650461939172540250e+15,4.830292417869223032e-01
1.650461939174465000e+15,4.835540426261477620e-01
1.650461939176389750e+15,4.840788434653732208e-01
1.650461939178314500e+15,4.846036443045987352e-01
1.650461939180239250e+15,4.840004184034016332e-01
1.650461939182164000e+15,4.830093040960896089e-01
1.650461939184088500e+15,4.820183185216398991e-01
1.650461939186013250e+15,4.810272042143278748e-01
1.650461939187938000e+15,4.800360899070158505e-01
1.650461939189862750e+15,4.790449755997037706e-01
1.650461939191787500e+15,4.790499033856251421e-01
1.650461939193712250e+15,4.798597585653502362e-01
1.650461939195636750e+15,4.806695085554169022e-01
1.650461939197561500e+15,4.814793637351418853e-01
1.650461939199486250e+15,4.822892189148669795e-01
1.650461939201411000e+15,4.830990740945919626e-01
1.650461939203335750e+15,4.839089292743170567e-01
1.650461939205260500e+15,4.847187844540420953e-01
1.650461939207185000e+15,4.836324155380016254e-01
1.650461939209109750e+15,4.824999849995096346e-01
1.650461939211034500e+15,4.813675544610176438e-01
1.650461939212959250e+15,4.802351239225256530e-01
1.650461939214884000e+15,4.791026933840337176e-01
1.650461939216808750e+15,4.789724554961130587e-01
1.650461939218733250e+15,4.796364186170095079e-01
1.650461939220658000e+15,4.803004679892856066e-01
1.650461939222582750e+15,4.809645173615617608e-01
1.650461939224507500e+15,4.816285667338379151e-01
1.650461939226432250e+15,4.822926161061140693e-01
1.650461939228357000e+15,4.829566654783901125e-01
1.650461939230281500e+15,4.836206285992865617e-01
1.650461939232206250e+15,4.842846779715627714e-01
1.650461939234131000e+15,4.847379289718629081e-01
1.650461939236055750e+15,4.847379289718628526e-01
1.650461939237980500e+15,4.847379289718629081e-01
1.650461939239905250e+15,4.847379289718629636e-01
1.650461939241829750e+15,4.847379289718629636e-01
1.650461939243754500e+15,4.847379289718629636e-01
1.650461939245679250e+15,4.847379289718629081e-01
1.650461939247604000e+15,4.847379289718629636e-01
1.650461939249528750e+15,4.847379289718630191e-01
1.650461939251453500e+15,4.847379289718630191e-01
1.650461939253378000e+15,4.847379289718629636e-01
1.650461939255302750e+15,4.847379289718630191e-01
1.650461939257227500e+15,4.847379289718629636e-01
1.650461939259152250e+15,4.847379289718629636e-01
1.650461939261077000e+15,4.847379289718630191e-01
1.650461939263001750e+15,4.847379289718631856e-01
1.650461939264926250e+15,4.847379289718632966e-01
1.650461939266851000e+15,4.847379289718635187e-01
1.650461939268775750e+15,4.847379289718636297e-01
1.650461939270700500e+15,4.847379289718637407e-01
1.650461939272625250e+15,4.847379289718638518e-01
1.650461939274550000e+15,4.847379289718637962e-01
1.650461939276474500e+15,4.847379289718638518e-01
1.650461939278399250e+15,4.847379289718638518e-01
1.650461939280324000e+15,4.847379289718638518e-01
1.650461939282248750e+15,4.847379289718637962e-01
1.650461939284173500e+15,4.847379289718636297e-01
1.650461939286098250e+15,4.847379289718635187e-01
1.650461939288023000e+15,4.847379289718632966e-01
1.650461939289947500e+15,4.847379289718632411e-01
1.650461939291872250e+15,4.847379289718630746e-01
1.650461939293797000e+15,4.847379289718629636e-01
1.650461939295721750e+15,4.847379289718629636e-01
1.650461939297646500e+15,4.847379289718630191e-01
1.650461939299571250e+15,4.847379289718631856e-01
1.650461939301495750e+15,4.847379289718631856e-01
1.650461939303420500e+15,4.847379289718632966e-01
1.650461939305345250e+15,4.847379289718634077e-01
1.650461939307270000e+15,4.847379289718634632e-01
1.650461939309194750e+15,4.847379289718635742e-01
1.650461939311119500e+15,4.847379289718636297e-01
1.650461939313044000e+15,4.847379289718636852e-01
1.650461939314968750e+15,4.847379289718637962e-01
1.650461939316893500e+15,4.847379289718637407e-01
1.650461939318818250e+15,4.847379289718636297e-01
1.650461939320743000e+15,4.847379289718634077e-01
1.650461939322667750e+15,4.847379289718632966e-01
1.650461939324592250e+15,4.847379289718631301e-01
1.650461939326517000e+15,4.847379289718628526e-01
1.650461939328441750e+15,4.847379289718627415e-01
1.650461939330366500e+15,4.847379289718626305e-01
1.650461939332291250e+15,4.847379289718625195e-01
1.650461939334216000e+15,4.847379289718624085e-01
1.650461939336140500e+15,4.847379289718622974e-01
1.650461939338065250e+15,4.847379289718621864e-01
1.650461939339990000e+15,4.847379289718620199e-01
1.650461939341914750e+15,4.847379289718619089e-01
1.650461939343839500e+15,4.847379289718617423e-01
1.650461939345764250e+15,4.847379289718616313e-01
1.650461939347688750e+15,4.847379289718616313e-01
1.650461939349613500e+15,4.847379289718616313e-01
1.650461939351538250e+15,4.847379289718616868e-01
1.650461939353463000e+15,4.847379289718616313e-01
1.650461939355387750e+15,4.847379289718616313e-01
1.650461939357312500e+15,4.847379289718616313e-01
1.650461939359237000e+15,4.847379289718616313e-01
1.650461939361161750e+15,4.847379289718616313e-01
1.650461939363086500e+15,4.847379289718616313e-01
1.650461939365011250e+15,4.847379289718616313e-01
1.650461939366936000e+15,4.847379289718616313e-01
1.650461939368860750e+15,4.847379289718617423e-01
1.650461939370785250e+15,4.847379289718620199e-01
1.650461939372710000e+15,4.847379289718621864e-01
1.650461939374634750e+15,4.847379289718625195e-01
1.650461939376559500e+15,4.847379289718627415e-01
1.650461939378484250e+15,4.847379289718630191e-01
1.650461939380409000e+15,4.847379289718632966e-01
1.650461939382333500e+15,4.847379289718635742e-01
1.650461939384258250e+15,4.847379289718637962e-01
1.650461939386183000e+15,4.847379289718635742e-01
1.650461939388107750e+15,4.847379289718631856e-01
1.650461939390032500e+15,4.847379289718627970e-01
1.650461939391957250e+15,4.847379289718624085e-01
1.650461939393881750e+15,4.847379289718619644e-01
1.650461939395806500e+15,4.847379289718616313e-01
1.650461939397731250e+15,4.847379289718616313e-01
1.650461939399656000e+15,4.847379289718616313e-01
1.650461939401580750e+15,4.847379289718616313e-01
1.650461939403505500e+15,4.847379289718616313e-01
1.650461939405430000e+15,4.847379289718616313e-01
1.650461939407354750e+15,4.847379289718616868e-01
1.650461939409279500e+15,4.847379289718616868e-01
1.650461939411204250e+15,4.847379289718616868e-01
1.650461939413129000e+15,4.836858427377107583e-01
1.650461939415053750e+15,4.820863143181358113e-01
1.650461939416978250e+15,4.804869936565059896e-01
1.650461939418903000e+15,4.788874652369310425e-01
1.650461939420827750e+15,4.772879368173561510e-01
1.650461939422752500e+15,4.756884083977812594e-01
1.650461939424677250e+15,4.740888799782062568e-01
1.650461939426602000e+15,4.724893515586313097e-01
1.650461939428526500e+15,4.718851152071239508e-01
1.650461939430451250e+15,4.712954937350354312e-01
1.650461939432376000e+15,4.707058722629469116e-01
1.650461939434300750e+15,4.701162507908583921e-01
1.650461939436225500e+15,4.695266293187698725e-01
1.650461939438150250e+15,4.689370078466814085e-01
1.650461939440074750e+15,4.683474629587559557e-01
1.650461939441999500e+15,4.677578414866674916e-01
1.650461939443924250e+15,4.671682200145790276e-01
1.650461939445849000e+15,4.665785985424905080e-01
1.650461939447773750e+15,4.669283113255511819e-01
1.650461939449698500e+15,4.679620196919347941e-01
1.650461939451623000e+15,4.689955937930415653e-01
1.650461939453547750e+15,4.700293021594251774e-01
1.650461939455472500e+15,4.710630105258087896e-01
1.650461939457397250e+15,4.720967188921924018e-01
1.650461939459322000e+15,4.721266311062337628e-01
1.650461939461246750e+15,4.715984505120508485e-01
1.650461939463171250e+15,4.710703385216599148e-01
1.650461939465096000e+15,4.705421579274770005e-01
1.650461939467020750e+15,4.700139773332941973e-01
1.650461939468945500e+15,4.694857967391112274e-01
1.650461939470870250e+15,4.689576161449283132e-01
1.650461939472795000e+15,4.684294355507454544e-01
1.650461939474719500e+15,4.679013235603545207e-01
1.650461939476644250e+15,4.673731429661716064e-01
1.650461939478569000e+15,4.668449623719888031e-01
1.650461939480493750e+15,4.663433276037660669e-01
1.650461939482418500e+15,4.668632306714685098e-01
1.650461939484343250e+15,4.673831337391708973e-01
1.650461939486267750e+15,4.679029692782244454e-01
1.650461939488192500e+15,4.684228723459268329e-01
1.650461939490117250e+15,4.689427754136292203e-01
1.650461939492042000e+15,4.694626784813316078e-01
1.650461939493966750e+15,4.699825815490339953e-01
1.650461939495891500e+15,4.705024846167363828e-01
1.650461939497816000e+15,4.710223201557899309e-01
1.650461939499740750e+15,4.715422232234923183e-01
1.650461939501665500e+15,4.720621262911947058e-01
1.650461939503590250e+15,4.724660826687756554e-01
1.650461939505515000e+15,4.724660826687757664e-01
1.650461939507439750e+15,4.724660826687758775e-01
1.650461939509364250e+15,4.724660826687759885e-01
1.650461939511289000e+15,4.724660826687762105e-01
1.650461939513213750e+15,4.724660826687762660e-01
1.650461939515138500e+15,4.724660826687764326e-01
1.650461939517063250e+15,4.724660826687765436e-01
1.650461939518988000e+15,4.724660826687765436e-01
1.650461939520912500e+15,4.724660826687765436e-01
1.650461939522837250e+15,4.724660826687764881e-01
1.650461939524762000e+15,4.724660826687765436e-01
1.650461939526686750e+15,4.724660826687765436e-01
1.650461939528611500e+15,4.724660826687764881e-01
1.650461939530536250e+15,4.724660826687763215e-01
1.650461939532460750e+15,4.724660826687762105e-01
1.650461939534385500e+15,4.724660826687760995e-01
1.650461939536310250e+15,4.724660826687758775e-01
1.650461939538235000e+15,4.724660826687757664e-01
1.650461939540159750e+15,4.724660826687757664e-01
1.650461939542084500e+15,4.724660826687758775e-01
1.650461939544009000e+15,4.724660826687761550e-01
1.650461939545933750e+15,4.724660826687762660e-01
1.650461939547858500e+15,4.724660826687764881e-01
1.650461939549783250e+15,4.724660826687764881e-01
1.650461939551708000e+15,4.724660826687763771e-01
1.650461939553632750e+15,4.724660826687763215e-01
1.650461939555557250e+15,4.724660826687762105e-01
1.650461939557482000e+15,4.724660826687762105e-01
1.650461939559406750e+15,4.724660826687760995e-01
1.650461939561331500e+15,4.724660826687759885e-01
1.650461939563256250e+15,4.724660826687759330e-01
1.650461939565181000e+15,4.724660826687758775e-01
1.650461939567105500e+15,4.724660826687757664e-01
1.650461939569030250e+15,4.724660826687757109e-01
1.650461939570955000e+15,4.724660826687757109e-01
1.650461939572879750e+15,4.724660826687757664e-01
1.650461939574804500e+15,4.724660826687758775e-01
1.650461939576729250e+15,4.724660826687760440e-01
1.650461939578653750e+15,4.724660826687762105e-01
1.650461939580578500e+15,4.724660826687763215e-01
1.650461939582503250e+15,4.724660826687764881e-01
1.650461939584428000e+15,4.724660826687766546e-01
1.650461939586352750e+15,4.724660826687768211e-01
1.650461939588277500e+15,4.724660826687770432e-01
1.650461939590202000e+15,4.724660826687771542e-01
1.650461939592126750e+15,4.724660826687773763e-01
1.650461939594051500e+15,4.724660826687774318e-01
1.650461939595976250e+15,4.724660826687774318e-01
1.650461939597901000e+15,4.724660826687774873e-01
1.650461939599825750e+15,4.724660826687774318e-01
1.650461939601750250e+15,4.724660826687774318e-01
1.650461939603675000e+15,4.724660826687774873e-01
1.650461939605599750e+15,4.724660826687774318e-01
1.650461939607524500e+15,4.724660826687774318e-01
1.650461939609449250e+15,4.724660826687774318e-01
1.650461939611374000e+15,4.724660826687774873e-01
1.650461939613298500e+15,4.724660826687774318e-01
1.650461939615223250e+15,4.724660826687774318e-01
1.650461939617148000e+15,4.724660826687774318e-01
1.650461939619072750e+15,4.724660826687774318e-01
1.650461939620997500e+15,4.724660826687774318e-01
1.650461939622922250e+15,4.724660826687774318e-01
1.650461939624846750e+15,4.724660826687774318e-01
1.650461939626771500e+15,4.724660826687774318e-01
1.650461939628696250e+15,4.724660826687774318e-01
1.650461939630621000e+15,4.724660826687774873e-01
1.650461939632545750e+15,4.724660826687774318e-01
1.650461939634470500e+15,4.724660826687774318e-01
1.650461939636395250e+15,4.724660826687774318e-01
1.650461939638319750e+15,4.724660826687774873e-01
1.650461939640244500e+15,4.724660826687774318e-01
1.650461939642169250e+15,4.724660826687774318e-01
1.650461939644094000e+15,4.724660826687774318e-01
1.650461939646018750e+15,4.724660826687774318e-01
1.650461939647943500e+15,4.724660826687774318e-01
1.650461939649868000e+15,4.724660826687774318e-01
1.650461939651792750e+15,4.724660826687774318e-01
1.650461939653717500e+15,4.724660826687774318e-01
1.650461939655642250e+15,4.724660826687774318e-01
1.650461939657567000e+15,4.724660826687774318e-01
1.650461939659491750e+15,4.724660826687774318e-01
1.650461939661416250e+15,4.724660826687775428e-01
1.650461939663341000e+15,4.724660826687776538e-01
1.650461939665265750e+15,4.724660826687777648e-01
1.650461939667190500e+15,4.724660826687778759e-01
1.650461939669115250e+15,4.724660826687779869e-01
1.650461939671040000e+15,4.724660826687781534e-01
1.650461939672964500e+15,4.724660826687782089e-01
1.650461939674889250e+15,4.724660826687782644e-01
1.650461939676814000e+15,4.724660826687780979e-01
1.650461939678738750e+15,4.724660826687779869e-01
1.650461939680663500e+15,4.724660826687777648e-01
1.650461939682588250e+15,4.724660826687776538e-01
1.650461939684512750e+15,4.725379899910838177e-01
1.650461939686437500e+15,4.730240430854096290e-01
1.650461939688362250e+15,4.735100961797354957e-01
1.650461939690287000e+15,4.739961492740613069e-01
1.650461939692211750e+15,4.744822023683872292e-01
1.650461939694136500e+15,4.749682554627130404e-01
1.650461939696061000e+15,4.754542454250614281e-01
1.650461939697985750e+15,4.759402985193872393e-01
1.650461939699910500e+15,4.764263516137131615e-01
1.650461939701835250e+15,4.769124047080389728e-01
1.650461939703760000e+15,4.773984578023648395e-01
1.650461939705684750e+15,4.778845108966907063e-01
1.650461939707609250e+15,4.783705008590390384e-01
1.650461939709534000e+15,4.782627293235139354e-01
1.650461939711458750e+15,4.776148896040443015e-01
1.650461939713383500e+15,4.769670498845746676e-01
1.650461939715308250e+15,4.763192101651050336e-01
1.650461939717233000e+15,4.756713704456354552e-01
1.650461939719157500e+15,4.750236148721223572e-01
1.650461939721082250e+15,4.743757751526527233e-01
1.650461939723007000e+15,4.737279354331830894e-01
1.650461939724931750e+15,4.730800957137135110e-01
1.650461939726856500e+15,4.724180224804256922e-01
1.650461939728781250e+15,4.714975861866115281e-01
1.650461939730705750e+15,4.705772694455047089e-01
1.650461939732630500e+15,4.696568331516906003e-01
1.650461939734555250e+15,4.687363968578763807e-01
1.650461939736480000e+15,4.678159605640622720e-01
1.650461939738404750e+15,4.668955242702481079e-01
1.650461939740329500e+15,4.663301595172351099e-01
1.650461939742254000e+15,4.663301595172351099e-01
1.650461939744178750e+15,4.663301595172351099e-01
1.650461939746103500e+15,4.663301595172351655e-01
1.650461939748028250e+15,4.663301595172351099e-01
1.650461939749953000e+15,4.663301595172351655e-01
1.650461939751877750e+15,4.663301595172351099e-01
1.650461939753802250e+15,4.663301595172351099e-01
1.650461939755727000e+15,4.663301595172351099e-01
1.650461939757651750e+15,4.663301595172351099e-01
1.650461939759576500e+15,4.663301595172351099e-01
1.650461939761501250e+15,4.663301595172351099e-01
1.650461939763426000e+15,4.663301595172351099e-01
1.650461939765350500e+15,4.663301595172351099e-01
1.650461939767275250e+15,4.663301595172351099e-01
1.650461939769200000e+15,4.663301595172351099e-01
1.650461939771124750e+15,4.663301595172351099e-01
1.650461939773049500e+15,4.663301595172351099e-01
1.650461939774974250e+15,4.663301595172351099e-01
1.650461939776898750e+15,4.663301595172351099e-01
1.650461939778823500e+15,4.663301595172351099e-01
1.650461939780748250e+15,4.663301595172351099e-01
1.650461939782673000e+15,4.663301595172351655e-01
1.650461939784597750e+15,4.663301595172351099e-01
1.650461939786522500e+15,4.663301595172351099e-01
1.650461939788447000e+15,4.663301595172351099e-01
1.650461939790371750e+15,4.663301595172351099e-01
1.650461939792296500e+15,4.663301595172351099e-01
1.650461939794221250e+15,4.663301595172351099e-01
1.650461939796146000e+15,4.663301595172350544e-01
1.650461939798070750e+15,4.663301595172351655e-01
1.650461939799995250e+15,4.663301595172351099e-01
1.650461939801920000e+15,4.663301595172351099e-01
1.650461939803844750e+15,4.663301595172351099e-01
1.650461939805769500e+15,4.663301595172352210e-01
1.650461939807694250e+15,4.663301595172351655e-01
1.650461939809619000e+15,4.663301595172351099e-01
1.650461939811543500e+15,4.663301595172351655e-01
1.650461939813468250e+15,4.663301595172351099e-01
1.650461939815393000e+15,4.663301595172351099e-01
1.650461939817317750e+15,4.663301595172351099e-01
1.650461939819242500e+15,4.663301595172351655e-01
1.650461939821167250e+15,4.663301595172350544e-01
1.650461939823091750e+15,4.663301595172351099e-01
1.650461939825016500e+15,4.663301595172351099e-01
1.650461939826941250e+15,4.663301595172351099e-01
1.650461939828866000e+15,4.663301595172351099e-01
1.650461939830790750e+15,4.663301595172351099e-01
1.650461939832715500e+15,4.653526725882624060e-01
1.650461939834640000e+15,4.643741687678162866e-01
1.650461939836564750e+15,4.633955378359358446e-01
1.650461939838489500e+15,4.624169069040554580e-01
1.650461939840414250e+15,4.614382759721750160e-01
1.650461939842339000e+15,4.604596450402946295e-01
1.650461939844263750e+15,4.601942363656918444e-01
1.650461939846188250e+15,4.601942363656918999e-01
1.650461939848113000e+15,4.601942363656918444e-01
1.650461939850037750e+15,4.601942363656918999e-01
1.650461939851962500e+15,4.601942363656918999e-01
1.650461939853887250e+15,4.601942363656918999e-01
1.650461939855812000e+15,4.616085760726799103e-01
1.650461939857736500e+15,4.640258911402629916e-01
1.650461939859661250e+15,4.664435202264310965e-01
1.650461939861586000e+15,4.688611493125991458e-01
1.650461939863510750e+15,4.712787783987672507e-01
1.650461939865435500e+15,4.715028425490657149e-01
1.650461939867360250e+15,4.696100437533399230e-01
1.650461939869284750e+15,4.677174908075680815e-01
1.650461939871209500e+15,4.658246920118423451e-01
1.650461939873134250e+15,4.639318932161164977e-01
1.650461939875059000e+15,4.620390944203907058e-01
1.650461939876983750e+15,4.602215963084008710e-01
1.650461939878908500e+15,4.613018229695124983e-01
1.650461939880833000e+15,4.623819093232255373e-01
1.650461939882757750e+15,4.634621359843371091e-01
1.650461939884682500e+15,4.645423626454486810e-01
1.650461939886607250e+15,4.656225893065602528e-01
1.650461939888532000e+15,4.663301595172351099e-01
1.650461939890456750e+15,4.663301595172351655e-01
1.650461939892381250e+15,4.663301595172351099e-01
1.650461939894306000e+15,4.663301595172351099e-01
1.650461939896230750e+15,4.663301595172351099e-01
1.650461939898155500e+15,4.663301595172351099e-01
1.650461939900080250e+15,4.663301595172351099e-01
1.650461939902005000e+15,4.663301595172351099e-01
1.650461939903929500e+15,4.663301595172350544e-01
1.650461939905854250e+15,4.663301595172351099e-01
1.650461939907779000e+15,4.663301595172351655e-01
1.650461939909703750e+15,4.663301595172351099e-01
1.650461939911628500e+15,4.663301595172351655e-01
1.650461939913553250e+15,4.663301595172351099e-01
1.650461939915477750e+15,4.663301595172351099e-01
1.650461939917402500e+15,4.663301595172351099e-01
1.650461939919327250e+15,4.663301595172351099e-01
1.650461939921252000e+15,4.663301595172351099e-01
1.650461939923176750e+15,4.663301595172351099e-01
1.650461939925101500e+15,4.663301595172351099e-01
1.650461939927026000e+15,4.663301595172349989e-01
1.650461939928950750e+15,4.663301595172350544e-01
1.650461939930875500e+15,4.663606934664461523e-01
1.650461939932800250e+15,4.674390461039488187e-01
1.650461939934725000e+15,4.685173987414514851e-01
1.650461939936649750e+15,4.695957513789541515e-01
1.650461939938574250e+15,4.706739639524696317e-01
1.650461939940499000e+15,4.717523165899723536e-01
1.650461939942423750e+15,4.721257355846591452e-01
1.650461939944348500e+15,4.711190770365914493e-01
1.650461939946273250e+15,4.701124184885238644e-01
1.650461939948198000e+15,4.691057599404562239e-01
1.650461939950122500e+15,4.680992321442457582e-01
1.650461939952047250e+15,4.670925735961780623e-01
1.650461939953972000e+15,4.663301595172350544e-01
1.650461939955896750e+15,4.663301595172351099e-01
1.650461939957821500e+15,4.663301595172351099e-01
1.650461939959746250e+15,4.663301595172351099e-01
1.650461939961670750e+15,4.663301595172350544e-01
1.650461939963595500e+15,4.663301595172351099e-01
1.650461939965520250e+15,4.663301595172351099e-01
1.650461939967445000e+15,4.663301595172351099e-01
1.650461939969369750e+15,4.663301595172351099e-01
1.650461939971294500e+15,4.663301595172351099e-01
1.650461939973219000e+15,4.663301595172351099e-01
1.650461939975143750e+15,4.663301595172350544e-01
1.650461939977068500e+15,4.663301595172351099e-01
1.650461939978993250e+15,4.677333212250238681e-01
1.650461939980918000e+15,4.697929860464282736e-01
1.650461939982842750e+15,4.718526508678326792e-01
1.650461939984767250e+15,4.739120481655559325e-01
1.650461939986692000e+15,4.759717129869602825e-01
1.650461939988616750e+15,4.780313778083646881e-01
1.650461939990541500e+15,4.779013544937685265e-01
1.650461939992466250e+15,4.769321998830729492e-01
1.650461939994391000e+15,4.759630452723773719e-01
1.650461939996315750e+15,4.749938906616817946e-01
1.650461939998240250e+15,4.740248619315695633e-01
1.650461940000165000e+15,4.730557073208739305e-01
1.650461940002089750e+15,4.724660826687765436e-01
1.650461940004014500e+15,4.724660826687765436e-01
1.650461940005939250e+15,4.724660826687765991e-01
1.650461940007864000e+15,4.724660826687766546e-01
1.650461940009788500e+15,4.724660826687765436e-01
1.650461940011713250e+15,4.724660826687765436e-01
1.650461940013638000e+15,4.724660826687765436e-01
1.650461940015562750e+15,4.724660826687765991e-01
1.650461940017487500e+15,4.724660826687765991e-01
1.650461940019412250e+15,4.724660826687765991e-01
1.650461940021336750e+15,4.724660826687764881e-01
1.650461940023261500e+15,4.724660826687764881e-01
1.650461940025186250e+15,4.724660826687764326e-01
1.650461940027111000e+15,4.724660826687765436e-01
1.650461940029035750e+15,4.724660826687764326e-01
1.650461940030960500e+15,4.724660826687764881e-01
1.650461940032885000e+15,4.724660826687764881e-01
1.650461940034809750e+15,4.725010145894052993e-01
1.650461940036734500e+15,4.731136361313668659e-01
1.650461940038659250e+15,4.737262576733283770e-01
1.650461940040584000e+15,4.743388792152899436e-01
1.650461940042508750e+15,4.749515007572515102e-01
1.650461940044433250e+15,4.755640427276398574e-01
1.650461940046358000e+15,4.761766642696013685e-01
1.650461940048282750e+15,4.767892858115628796e-01
1.650461940050207500e+15,4.774019073535243907e-01
1.650461940052132250e+15,4.780145288954859573e-01
1.650461940054057000e+15,4.785805941886684955e-01
1.650461940055981500e+15,4.780589905796245320e-01
1.650461940057906250e+15,4.775373192122525645e-01
1.650461940059831000e+15,4.770156478448805415e-01
1.650461940061755750e+15,4.764939764775085740e-01
1.650461940063680500e+15,4.759723051101365510e-01
1.650461940065605250e+15,4.754506337427645279e-01
1.650461940067529750e+15,4.749290301337205644e-01
1.650461940069454500e+15,4.744073587663486524e-01
1.650461940071379250e+15,4.738856873989766294e-01
1.650461940073304000e+15,4.733640160316046064e-01
1.650461940075228750e+15,4.728423446642326389e-01
1.650461940077153500e+15,4.722196628191768220e-01
1.650461940079078000e+15,4.713357206000630129e-01
1.650461940081002750e+15,4.704516635534330971e-01
1.650461940082927500e+15,4.695676065068031257e-01
1.650461940084852250e+15,4.686835494601732099e-01
1.650461940086777000e+15,4.677994924135432941e-01
1.650461940088701750e+15,4.669154353669132673e-01
1.650461940090626250e+15,4.666697819235417488e-01
1.650461940092551000e+15,4.676750694691607091e-01
1.650461940094475750e+15,4.686803570147797249e-01
1.650461940096400500e+15,4.696856445603987407e-01
1.650461940098325250e+15,4.706909321060176454e-01
1.650461940100250000e+15,4.716962196516366612e-01
1.650461940102174500e+15,4.727013766234739456e-01
1.650461940104099250e+15,4.737066641690929614e-01
1.650461940106024000e+15,4.747119517147119216e-01
1.650461940107948750e+15,4.757172392603309374e-01
1.650461940109873500e+15,4.767225268059498977e-01
1.650461940111798250e+15,4.777278143515689690e-01
1.650461940113722750e+15,4.786020058203206418e-01
1.650461940115647500e+15,4.786020058203208638e-01
1.650461940117572250e+15,4.786020058203210858e-01
1.650461940119497000e+15,4.786020058203213079e-01
1.650461940121421750e+15,4.785841926766694066e-01
1.650461940123346500e+15,4.775975495617206801e-01
1.650461940125271000e+15,4.766110345988845420e-01
1.650461940127195750e+15,4.756243914839358156e-01
1.650461940129120500e+15,4.746377483689870891e-01
1.650461940131045250e+15,4.736511052540384181e-01
1.650461940132970000e+15,4.726644621390896917e-01
1.650461940134894750e+15,4.731634600395295265e-01
1.650461940136819250e+15,4.740362304833690699e-01
1.650461940138744000e+15,4.749091143034677720e-01
1.650461940140668750e+15,4.757819981235665852e-01
1.650461940142593500e+15,4.766548819436652873e-01
1.650461940144518250e+15,4.775277657637641004e-01
1.650461940146443000e+15,4.784006495838628581e-01
1.650461940148367500e+15,4.786020058203215299e-01
1.650461940150292250e+15,4.786020058203215299e-01
1.650461940152217000e+15,4.786020058203215299e-01
1.650461940154141750e+15,4.786020058203215299e-01
1.650461940156066500e+15,4.786020058203215299e-01
1.650461940157991250e+15,4.796162142633056402e-01
1.650461940159915750e+15,4.807841090417785401e-01
1.650461940161840500e+15,4.819521555343042607e-01
1.650461940163765250e+15,4.831202020268300368e-01
1.650461940165690000e+15,4.842882485193557018e-01
1.650461940167614750e+15,4.842177399701693141e-01
1.650461940169539500e+15,4.833719247380611206e-01
1.650461940171464000e+15,4.825262193663544252e-01
1.650461940173388750e+15,4.816804041342461762e-01
1.650461940175313500e+15,4.808345889021379271e-01
1.650461940177238250e+15,4.799887736700296226e-01
1.650461940179163000e+15,4.791429584379213735e-01
1.650461940181087750e+15,4.783909703393645074e-01
1.650461940183012250e+15,4.778055465078663855e-01
1.650461940184937000e+15,4.772200466275463016e-01
1.650461940186861750e+15,4.766345467472262176e-01
1.650461940188786500e+15,4.760490468669061337e-01
1.650461940190711250e+15,4.754635469865861053e-01
1.650461940192636000e+15,4.748780471062660213e-01
1.650461940194560500e+15,4.742926232747678439e-01
1.650461940196485250e+15,4.737071233944478155e-01
1.650461940198410000e+15,4.731216235141277315e-01
1.650461940200334750e+15,4.725361236338077031e-01
1.650461940202259500e+15,4.731990627026357865e-01
1.650461940204184250e+15,4.740316406431318019e-01
1.650461940206108750e+15,4.748641104425783133e-01
1.650461940208033500e+15,4.756966883830743287e-01
1.650461940209958250e+15,4.765292663235703996e-01
1.650461940211883000e+15,4.773618442640663595e-01
1.650461940213807750e+15,4.781944222045624304e-01
1.650461940215732500e+15,4.791874719266038252e-01
1.650461940217657000e+15,4.803342704218102055e-01
1.650461940219581750e+15,4.814812178905804041e-01
1.650461940221506500e+15,4.826281653593507137e-01
1.650461940223431250e+15,4.837751128281210233e-01
1.650461940225356000e+15,4.845818024687473247e-01
1.650461940227280750e+15,4.836092960387464723e-01
1.650461940229205250e+15,4.826369159246867158e-01
1.650461940231130000e+15,4.816644094946860299e-01
1.650461940233054750e+15,4.806919030646852331e-01
1.650461940234979500e+15,4.797193966346844918e-01
1.650461940236904250e+15,4.787468902046836949e-01
1.650461940238829000e+15,4.795648954660599594e-01
1.650461940240753500e+15,4.806962026230962026e-01
1.650461940242678250e+15,4.818276567413115608e-01
1.650461940244603000e+15,4.829591108595269189e-01
1.650461940246527750e+15,4.840905649777422770e-01
1.650461940248452500e+15,4.852220190959576351e-01
1.650461940250377250e+15,4.863534732141729933e-01
1.650461940252301750e+15,4.874847803712092364e-01
1.650461940254226500e+15,4.886162344894245946e-01
1.650461940256151250e+15,4.897476886076399527e-01
1.650461940258076000e+15,4.908738521234061736e-01
1.650461940260000750e+15,4.908738521234061181e-01
1.650461940261925500e+15,4.908738521234060626e-01
1.650461940263850000e+15,4.908738521234059515e-01
1.650461940265774750e+15,4.908738521234058960e-01
1.650461940267699500e+15,4.908738521234058405e-01
1.650461940269624250e+15,4.908738521234057850e-01
1.650461940271549000e+15,4.908738521234057295e-01
1.650461940273473750e+15,4.908738521234056185e-01
1.650461940275398250e+15,4.908738521234055630e-01
1.650461940277323000e+15,4.908738521234054519e-01
1.650461940279247750e+15,4.908738521234053964e-01
1.650461940281172500e+15,4.908738521234053409e-01
1.650461940283097250e+15,4.900455613839655999e-01
1.650461940285022000e+15,4.891388344675790534e-01
1.650461940286946500e+15,4.882322253232299625e-01
1.650461940288871250e+15,4.873254984068434714e-01
1.650461940290796000e+15,4.864187714904568693e-01
1.650461940292720750e+15,4.855120445740703783e-01
1.650461940294645500e+15,4.847379289718611872e-01
1.650461940296570250e+15,4.847379289718613538e-01
1.650461940298494750e+15,4.847379289718615203e-01
1.650461940300419500e+15,4.847379289718617423e-01
1.650461940302344250e+15,4.847379289718618534e-01
1.650461940304269000e+15,4.847379289718620199e-01
1.650461940306193750e+15,4.847379289718621864e-01
1.650461940308118500e+15,4.847379289718624085e-01
1.650461940310043000e+15,4.847379289718625195e-01
1.650461940311967750e+15,4.847379289718626860e-01
1.650461940313892500e+15,4.847379289718628526e-01
1.650461940315817250e+15,4.847379289718627970e-01
1.650461940317742000e+15,4.847379289718625195e-01
1.650461940319666750e+15,4.847379289718621864e-01
1.650461940321591250e+15,4.847379289718619089e-01
1.650461940323516000e+15,4.847379289718616313e-01
1.650461940325440750e+15,4.847379289718612982e-01
1.650461940327365500e+15,4.847379289718612427e-01
1.650461940329290250e+15,4.847379289718611872e-01
1.650461940331215000e+15,4.847379289718611872e-01
1.650461940333139500e+15,4.847379289718611872e-01
1.650461940335064250e+15,4.847379289718611872e-01
1.650461940336989000e+15,4.847379289718611872e-01
1.650461940338913750e+15,4.847379289718612427e-01
1.650461940340838500e+15,4.847379289718612982e-01
1.650461940342763250e+15,4.847379289718614093e-01
1.650461940344688000e+15,4.847379289718615758e-01
1.650461940346612500e+15,4.847379289718617423e-01
1.650461940348537250e+15,4.847379289718618534e-01
1.650461940350462000e+15,4.847379289718619644e-01
1.650461940352386750e+15,4.843789121917186913e-01
1.650461940354311500e+15,4.838431358415880568e-01
1.650461940356236250e+15,4.833073594914574223e-01
1.650461940358160750e+15,4.827716527317087447e-01
1.650461940360085500e+15,4.822358763815781102e-01
1.650461940362010250e+15,4.817001000314474757e-01
1.650461940363935000e+15,4.811643236813168412e-01
1.650461940365859750e+15,4.806285473311862066e-01
1.650461940367784500e+15,4.800927709810555721e-01
1.650461940369709000e+15,4.795570642213068391e-01
1.650461940371633750e+15,4.790212878711762046e-01
1.650461940373558500e+15,4.790032063263623963e-01
1.650461940375483250e+15,4.808483931220708385e-01
1.650461940377408000e+15,4.826935799177793363e-01
1.650461940379332750e+15,4.845387667134877785e-01
1.650461940381257250e+15,4.863837138434219942e-01
1.650461940383182000e+15,4.882289006391304365e-01
1.650461940385106750e+15,4.900740874348389342e-01
1.650461940387031500e+15,4.905457544379713264e-01
1.650461940388956250e+15,4.899666567579706866e-01
1.650461940390881000e+15,4.893875590779701579e-01
1.650461940392805500e+15,4.888085366152288835e-01
1.650461940394730250e+15,4.882294389352282438e-01
1.650461940396655000e+15,4.876503412552276040e-01
1.650461940398579750e+15,4.870712435752269087e-01
1.650461940400504500e+15,4.864921458952263245e-01
1.650461940402429250e+15,4.859130482152257402e-01
1.650461940404353750e+15,4.853340257524844659e-01
1.650461940406278500e+15,4.847549280724838261e-01
1.650461940408203250e+15,4.838247258787481409e-01
1.650461940410128000e+15,4.828839055102359668e-01
1.650461940412052750e+15,4.819430851417239037e-01
1.650461940413977500e+15,4.810022647732117296e-01
1.650461940415902000e+15,4.800615666050332409e-01
1.650461940417826750e+15,4.791207462365211223e-01
1.650461940419751500e+15,4.786020058203195870e-01
1.650461940421676250e+15,4.786020058203192540e-01
1.650461940423601000e+15,4.786020058203189209e-01
1.650461940425525750e+15,4.786020058203185323e-01
1.650461940427450250e+15,4.786020058203181438e-01
1.650461940429375000e+15,4.789033338628378433e-01
1.650461940431299750e+15,4.796497703491185427e-01
1.650461940433224500e+15,4.803962068353992976e-01
1.650461940435149250e+15,4.811426433216798859e-01
1.650461940437074000e+15,4.818890798079605853e-01
1.650461940438998500e+15,4.826354193418466165e-01
1.650461940440923250e+15,4.833818558281273159e-01
1.650461940442848000e+15,4.841282923144079597e-01
1.650461940444772750e+15,4.846113457277120284e-01
1.650461940446697500e+15,4.839206551559869229e-01
1.650461940448622250e+15,4.832299645842618729e-01
1.650461940450546750e+15,4.825393637242618716e-01
1.650461940452471500e+15,4.818486731525367661e-01
1.650461940454396250e+15,4.811579825808116606e-01
1.650461940456321000e+15,4.804672920090864996e-01
1.650461940458245750e+15,4.797766014373614496e-01
1.650461940460170500e+15,4.790859108656363441e-01
1.650461940462095000e+15,4.786020058203205862e-01
1.650461940464019750e+15,4.786020058203205862e-01
1.650461940465944500e+15,4.786020058203206418e-01
1.650461940467869250e+15,4.786020058203205862e-01
1.650461940469794000e+15,4.786020058203205862e-01
1.650461940471718750e+15,4.786020058203206418e-01
1.650461940473643250e+15,4.786020058203205862e-01
1.650461940475568000e+15,4.786020058203206418e-01
1.650461940477492750e+15,4.786020058203205307e-01
1.650461940479417500e+15,4.786020058203204752e-01
1.650461940481342250e+15,4.786020058203204197e-01
1.650461940483267000e+15,4.786020058203203087e-01
1.650461940485191500e+15,4.786020058203201977e-01
1.650461940487116250e+15,4.786020058203200866e-01
1.650461940489041000e+15,4.786020058203200311e-01
1.650461940490965750e+15,4.786020058203199201e-01
1.650461940492890500e+15,4.786020058203198646e-01
1.650461940494815250e+15,4.786020058203197536e-01
1.650461940496739750e+15,4.786020058203197536e-01
1.650461940498664500e+15,4.786020058203197536e-01
1.650461940500589250e+15,4.786020058203198091e-01
1.650461940502514000e+15,4.786020058203197536e-01
1.650461940504438750e+15,4.786020058203197536e-01
1.650461940506363500e+15,4.786020058203197536e-01
1.650461940508288000e+15,4.786020058203198091e-01
1.650461940510212750e+15,4.786020058203197536e-01
1.650461940512137500e+15,4.786020058203196981e-01
1.650461940514062250e+15,4.786020058203197536e-01
1.650461940515987000e+15,4.786020058203197536e-01
1.650461940517911750e+15,4.786020058203196981e-01
1.650461940519836250e+15,4.786020058203197536e-01
1.650461940521761000e+15,4.786020058203197536e-01
1.650461940523685750e+15,4.786020058203197536e-01
1.650461940525610500e+15,4.786020058203197536e-01
1.650461940527535250e+15,4.786020058203197536e-01
1.650461940529460000e+15,4.786020058203196981e-01
1.650461940531384500e+15,4.786020058203198091e-01
1.650461940533309250e+15,4.786020058203197536e-01
1.650461940535234000e+15,4.786020058203197536e-01
1.650461940537158750e+15,4.786020058203197536e-01
1.650461940539083500e+15,4.786020058203197536e-01
1.650461940541008250e+15,4.786020058203197536e-01
1.650461940542932750e+15,4.786020058203197536e-01
1.650461940544857500e+15,4.786020058203198091e-01
1.650461940546782250e+15,4.786020058203197536e-01
1.650461940548707000e+15,4.786020058203198091e-01
1.650461940550631750e+15,4.786020058203197536e-01
1.650461940552556500e+15,4.786020058203197536e-01
1.650461940554481000e+15,4.786020058203197536e-01
1.650461940556405750e+15,4.786020058203198091e-01
1.650461940558330500e+15,4.786020058203197536e-01
1.650461940560255250e+15,4.786020058203197536e-01
1.650461940562180000e+15,4.786020058203198091e-01
1.650461940564104750e+15,4.786020058203198646e-01
1.650461940566029250e+15,4.786020058203199756e-01
1.650461940567954000e+15,4.786020058203200866e-01
1.650461940569878750e+15,4.786020058203201977e-01
1.650461940571803500e+15,4.786020058203204197e-01
1.650461940573728250e+15,4.786020058203205862e-01
1.650461940575653000e+15,4.786020058203206418e-01
1.650461940577577500e+15,4.786020058203204752e-01
1.650461940579502250e+15,4.786020058203203642e-01
1.650461940581427000e+15,4.786020058203202532e-01
1.650461940583351750e+15,4.786020058203201422e-01
1.650461940585276500e+15,4.786020058203199756e-01
1.650461940587201250e+15,4.786020058203198646e-01
1.650461940589125750e+15,4.786020058203197536e-01
1.650461940591050500e+15,4.786020058203196426e-01
1.650461940592975250e+15,4.786020058203195315e-01
1.650461940594900000e+15,4.786020058203193095e-01
1.650461940596824750e+15,4.786020058203191985e-01
1.650461940598749500e+15,4.786020058203190319e-01
1.650461940600674000e+15,4.786020058203189209e-01
1.650461940602598750e+15,4.786020058203189764e-01
1.650461940604523500e+15,4.786020058203190874e-01
1.650461940606448250e+15,4.786020058203191985e-01
1.650461940608373000e+15,4.786020058203191985e-01
1.650461940610297750e+15,4.786020058203194205e-01
1.650461940612222250e+15,4.786020058203194760e-01
1.650461940614147000e+15,4.786020058203195870e-01
1.650461940616071750e+15,4.786020058203196426e-01
1.650461940617996500e+15,4.786020058203197536e-01
1.650461940619921250e+15,4.786020058203197536e-01
1.650461940621846000e+15,4.786020058203197536e-01
1.650461940623770500e+15,4.786020058203196981e-01
1.650461940625695250e+15,4.786020058203196426e-01
1.650461940627620000e+15,4.786020058203197536e-01
1.650461940629544750e+15,4.786020058203196981e-01
1.650461940631469500e+15,4.786020058203196981e-01
1.650461940633394250e+15,4.786020058203198646e-01
1.650461940635318750e+15,4.786020058203199756e-01
1.650461940637243500e+15,4.786020058203201977e-01
1.650461940639168250e+15,4.786020058203201977e-01
1.650461940641093000e+15,4.786020058203204197e-01
1.650461940643017750e+15,4.786020058203205307e-01
1.650461940644942500e+15,4.786020058203205862e-01
1.650461940646867000e+15,4.786020058203205862e-01
1.650461940648791750e+15,4.786020058203204197e-01
1.650461940650716500e+15,4.786020058203201977e-01
1.650461940652641250e+15,4.786020058203200866e-01
1.650461940654566000e+15,4.786020058203198646e-01
1.650461940656490750e+15,4.786795588064767792e-01
1.650461940658415250e+15,4.791911294041090175e-01
1.650461940660340000e+15,4.797027664567422023e-01
1.650461940662264750e+15,4.802144035093754426e-01
1.650461940664189500e+15,4.807260405620086274e-01
1.650461940666114250e+15,4.812376776146418678e-01
1.650461940668039000e+15,4.817493146672751081e-01
1.650461940669963500e+15,4.822608852649073463e-01
1.650461940671888250e+15,4.827725223175405866e-01
1.650461940673813000e+15,4.832841593701738825e-01
1.650461940675737750e+15,4.837957964228070673e-01
1.650461940677662500e+15,4.843074334754403076e-01
1.650461940679587250e+15,4.840465334229488437e-01
1.650461940681511750e+15,4.796875138197211896e-01
1.650461940683436500e+15,4.753279279629727960e-01
1.650461940685361250e+15,4.709683421062243469e-01
1.650461940687286000e+15,4.666087562494758423e-01
1.650461940689210750e+15,4.622491703927274487e-01
1.650461940691135500e+15,4.601942363656927881e-01
1.650461940693060000e+15,4.601942363656927881e-01
1.650461940694984750e+15,4.601942363656927881e-01
1.650461940696909500e+15,4.601942363656927881e-01
1.650461940698834250e+15,4.601942363656927881e-01
1.650461940700759000e+15,4.601942363656927881e-01
1.650461940702683750e+15,4.601942363656927881e-01
1.650461940704608500e+15,4.601942363656927881e-01
1.650461940706533000e+15,4.601942363656927881e-01
1.650461940708457750e+15,4.601942363656927881e-01
1.650461940710382500e+15,4.601942363656927881e-01
1.650461940712307250e+15,4.601942363656927326e-01
1.650461940714232000e+15,4.600215960894478151e-01
1.650461940716156750e+15,4.590326396260472341e-01
1.650461940718081250e+15,4.580438116152332206e-01
1.650461940720006000e+15,4.570548551518326397e-01
1.650461940721930750e+15,4.560658986884320587e-01
1.650461940723855500e+15,4.550769422250315333e-01
1.650461940725780250e+15,4.540879857616310078e-01
1.650461940727705000e+15,4.540583132141513545e-01
1.650461940729629500e+15,4.540583132141513545e-01
1.650461940731554250e+15,4.540583132141513545e-01
1.650461940733479000e+15,4.540583132141513545e-01
1.650461940735403750e+15,4.540583132141513545e-01
1.650461940737328500e+15,4.540583132141513545e-01
1.650461940739253250e+15,4.540583132141513545e-01
1.650461940741177750e+15,4.540583132141514100e-01
1.650461940743102500e+15,4.540583132141513545e-01
1.650461940745027250e+15,4.540583132141513545e-01
1.650461940746952000e+15,4.540583132141514100e-01
1.650461940748876750e+15,4.540583132141513545e-01
1.650461940750801500e+15,4.540583132141513545e-01
1.650461940752726000e+15,4.540583132141513545e-01
1.650461940754650750e+15,4.540583132141514100e-01
1.650461940756575500e+15,4.540583132141512435e-01
1.650461940758500250e+15,4.540583132141510214e-01
1.650461940760425000e+15,4.540583132141507994e-01
1.650461940762349750e+15,4.540583132141505773e-01
1.650461940764274250e+15,4.540583132141503553e-01
1.650461940766199000e+15,4.540583132141501332e-01
1.650461940768123750e+15,4.540583132141499112e-01
1.650461940770048500e+15,4.540583132141497447e-01
1.650461940771973250e+15,4.540583132141495781e-01
1.650461940773898000e+15,4.540583132141495781e-01
1.650461940775822500e+15,4.540583132141495781e-01
1.650461940777747250e+15,4.540583132141495226e-01
1.650461940779672000e+15,4.540583132141495781e-01
1.650461940781596750e+15,4.540583132141495226e-01
1.650461940783521500e+15,4.539373341425261277e-01
1.650461940785446250e+15,4.532859929729954884e-01
1.650461940787370750e+15,4.526347364042142551e-01
1.650461940789295500e+15,4.519833952346836714e-01
1.650461940791220250e+15,4.513320540651530322e-01
1.650461940793145000e+15,4.506807128956223929e-01
1.650461940795069750e+15,4.500293717260917536e-01
1.650461940796994500e+15,4.493780305565611144e-01
1.650461940798919000e+15,4.487267739877798256e-01
1.650461940800843750e+15,4.480754328182492419e-01
1.650461940802768500e+15,4.479223900626079224e-01
1.650461940804693250e+15,4.479223900626076449e-01
1.650461940806618000e+15,4.479223900626073673e-01
1.650461940808542750e+15,4.479223900626070343e-01
1.650461940810467250e+15,4.479223900626067567e-01
1.650461940812392000e+15,4.479223900626064792e-01
1.650461940814316750e+15,4.479223900626063681e-01
1.650461940816241500e+15,4.479223900626063681e-01
1.650461940818166250e+15,4.479223900626063681e-01
1.650461940820091000e+15,4.479223900626063681e-01
1.650461940822015500e+15,4.479223900626063681e-01
1.650461940823940250e+15,4.479223900626063681e-01
1.650461940825865000e+15,4.479223900626063681e-01
1.650461940827789750e+15,4.479223900626064236e-01
1.650461940829714500e+15,4.479223900626065902e-01
1.650461940831639250e+15,4.479223900626068122e-01
1.650461940833563750e+15,4.479223900626069232e-01
1.650461940835488500e+15,4.479223900626070343e-01
1.650461940837413250e+15,4.479223900626072008e-01
1.650461940839338000e+15,4.479223900626072563e-01
1.650461940841262750e+15,4.479223900626073118e-01
1.650461940843187500e+15,4.479223900626072563e-01
1.650461940845112000e+15,4.479223900626072563e-01
1.650461940847036750e+15,4.479223900626072563e-01
1.650461940848961500e+15,4.479223900626073118e-01
1.650461940850886250e+15,4.479223900626072563e-01
1.650461940852811000e+15,4.479223900626072563e-01
1.650461940854735750e+15,4.479223900626072008e-01
1.650461940856660250e+15,4.479223900626072563e-01
1.650461940858585000e+15,4.479223900626072563e-01
1.650461940860509750e+15,4.479223900626072563e-01
1.650461940862434500e+15,4.479223900626072563e-01
1.650461940864359250e+15,4.479223900626072008e-01
1.650461940866284000e+15,4.479223900626072563e-01
1.650461940868208500e+15,4.479223900626072008e-01
1.650461940870133250e+15,4.479223900626073118e-01
1.650461940872058000e+15,4.479223900626072563e-01
1.650461940873982750e+15,4.479223900626072563e-01
1.650461940875907500e+15,4.479223900626072563e-01
1.650461940877832250e+15,4.479223900626072563e-01
1.650461940879756750e+15,4.479223900626072563e-01
1.650461940881681500e+15,4.479223900626073118e-01
1.650461940883606250e+15,4.479223900626072563e-01
1.650461940885531000e+15,4.479223900626072563e-01
1.650461940887455750e+15,4.479223900626072008e-01
1.650461940889380500e+15,4.479223900626072008e-01
1.650461940891305000e+15,4.479223900626070898e-01
1.650461940893229750e+15,4.479223900626070343e-01
1.650461940895154500e+15,4.479223900626068677e-01
1.650461940897079250e+15,4.479223900626068122e-01
1.650461940899004000e+15,4.479223900626067012e-01
1.650461940900928750e+15,4.479223900626067012e-01
1.650461940902853250e+15,4.479223900626066457e-01
1.650461940904778000e+15,4.479223900626065347e-01
1.650461940906702750e+15,4.479223900626064236e-01
1.650461940908627500e+15,4.479223900626063681e-01
1.650461940910552250e+15,4.479223900626063681e-01
1.650461940912477000e+15,4.479223900626063126e-01
1.650461940914401500e+15,4.479223900626063681e-01
1.650461940916326250e+15,4.479223900626063681e-01
1.650461940918251000e+15,4.479223900626063681e-01
1.650461940920175750e+15,4.479223900626063681e-01
1.650461940922100500e+15,4.479223900626063681e-01
1.650461940924025250e+15,4.479223900626063681e-01
1.650461940925949750e+15,4.479223900626063681e-01
1.650461940927874500e+15,4.479223900626063681e-01
1.650461940929799250e+15,4.479223900626063681e-01
1.650461940931724000e+15,4.479223900626063681e-01
1.650461940933648750e+15,4.479223900626063681e-01
1.650461940935573500e+15,4.479223900626064236e-01
1.650461940937498000e+15,4.479223900626063681e-01
1.650461940939422750e+15,4.479223900626064236e-01
1.650461940941347500e+15,4.479223900626064236e-01
1.650461940943272250e+15,4.479223900626064236e-01
1.650461940945197000e+15,4.479223900626064792e-01
1.650461940947121750e+15,4.479223900626063681e-01
1.650461940949046250e+15,4.479223900626065347e-01
1.650461940950971000e+15,4.479223900626067012e-01
1.650461940952895750e+15,4.479223900626069232e-01
1.650461940954820500e+15,4.479223900626070343e-01
1.650461940956745250e+15,4.479223900626072008e-01
1.650461940958670000e+15,4.479223900626072008e-01
1.650461940960594500e+15,4.479223900626072008e-01
1.650461940962519250e+15,4.479223900626072563e-01
1.650461940964444000e+15,4.479223900626072563e-01
1.650461940966368750e+15,4.479223900626072563e-01
1.650461940968293500e+15,4.479223900626072008e-01
1.650461940970218250e+15,4.479223900626072563e-01
1.650461940972142750e+15,4.479223900626072008e-01
1.650461940974067500e+15,4.479223900626072563e-01
1.650461940975992250e+15,4.479223900626072563e-01
1.650461940977917000e+15,4.479223900626072563e-01
1.650461940979841750e+15,4.479223900626072563e-01
1.650461940981766500e+15,4.479223900626072563e-01
1.650461940983691000e+15,4.479223900626072563e-01
1.650461940985615750e+15,4.479223900626072563e-01
1.650461940987540500e+15,4.479223900626072563e-01
1.650461940989465250e+15,4.479223900626072008e-01
1.650461940991390000e+15,4.479223900626072008e-01
1.650461940993314750e+15,4.479223900626072563e-01
1.650461940995239250e+15,4.479223900626072563e-01
1.650461940997164000e+15,4.479223900626072563e-01
1.650461940999088750e+15,4.479223900626072563e-01
1.650461941001013500e+15,4.479223900626072563e-01
1.650461941002938250e+15,4.479223900626072563e-01
1.650461941004863000e+15,4.479223900626072563e-01
1.650461941006787500e+15,4.479223900626072563e-01
1.650461941008712250e+15,4.479223900626072563e-01
1.650461941010637000e+15,4.479223900626072563e-01
1.650461941012561750e+15,4.479223900626072563e-01
1.650461941014486500e+15,4.479223900626072563e-01
1.650461941016411250e+15,4.479223900626072563e-01
1.650461941018335750e+15,4.479223900626072563e-01
1.650461941020260500e+15,4.479223900626072563e-01
1.650461941022185250e+15,4.479223900626072563e-01
1.650461941024110000e+15,4.479223900626072008e-01
1.650461941026034750e+15,4.479223900626071453e-01
1.650461941027959500e+15,4.479223900626070343e-01
1.650461941029884000e+15,4.479223900626069788e-01
1.650461941031808750e+15,4.479223900626069232e-01
1.650461941033733500e+15,4.479223900626068677e-01
1.650461941035658250e+15,4.479223900626068122e-01
1.650461941037583000e+15,4.479223900626067012e-01
1.650461941039507750e+15,4.479223900626066457e-01
1.650461941041432250e+15,4.479223900626065902e-01
1.650461941043357000e+15,4.479223900626065347e-01
1.650461941045281750e+15,4.479223900626064792e-01
1.650461941047206500e+15,4.475514364127307076e-01
1.650461941049131250e+15,4.463703064911456186e-01
1.650461941051056000e+15,4.451891765695604741e-01
1.650461941052980750e+15,4.440080466479754406e-01
1.650461941054905250e+15,4.428270701398104858e-01
1.650461941056830000e+15,4.419992358998147131e-01
1.650461941058754750e+15,4.437875638958674873e-01
1.650461941060679500e+15,4.455758918919202616e-01
1.650461941062604250e+15,4.473642198879731469e-01
1.650461941064529000e+15,4.491525478840259211e-01
1.650461941066453500e+15,4.509406435995233497e-01
1.650461941068378250e+15,4.527289715955761795e-01
1.650461941070303000e+15,4.540583132141512990e-01
1.650461941072227750e+15,4.540583132141511324e-01
1.650461941074152500e+15,4.540583132141509104e-01
1.650461941076077250e+15,4.540583132141506328e-01
1.650461941078001750e+15,4.540583132141504108e-01
1.650461941079926500e+15,4.540583132141501332e-01
1.650461941081851250e+15,4.540583132141499112e-01
1.650461941083776000e+15,4.540583132141496892e-01
1.650461941085700750e+15,4.540583132141495226e-01
1.650461941087625500e+15,4.540583132141494116e-01
1.650461941089550000e+15,4.540583132141493561e-01
1.650461941091474750e+15,4.540583132141492451e-01
1.650461941093399500e+15,4.540583132141491896e-01
1.650461941095324250e+15,4.540583132141490785e-01
1.650461941097249000e+15,4.540583132141489675e-01
1.650461941099173750e+15,4.540583132141488565e-01
1.650461941101098250e+15,4.540583132141488010e-01
1.650461941103023000e+15,4.543436217901041796e-01
1.650461941104947750e+15,4.552043548333177814e-01
1.650461941106872500e+15,4.560650878765314387e-01
1.650461941108797250e+15,4.569258209197450959e-01
1.650461941110722000e+15,4.577865539629587532e-01
1.650461941112646500e+15,4.586471752081410780e-01
1.650461941114571250e+15,4.595079082513547908e-01
1.650461941116496000e+15,4.599270997248017800e-01
1.650461941118420750e+15,4.586087119054301775e-01
1.650461941120345500e+15,4.572903240860585194e-01
1.650461941122270250e+15,4.559719362666869724e-01
1.650461941124194750e+15,4.546537196887517895e-01
1.650461941126119500e+15,4.536494453551571659e-01
1.650461941128044250e+15,4.529038570921563589e-01
1.650461941129969000e+15,4.521582688291554963e-01
1.650461941131893750e+15,4.514126805661548003e-01
1.650461941133818500e+15,4.506670923031539377e-01
1.650461941135743000e+15,4.499216008823745394e-01
1.650461941137667750e+15,4.491760126193737879e-01
1.650461941139592500e+15,4.484304243563729808e-01
1.650461941141517250e+15,4.483202810293708263e-01
1.650461941143442000e+15,4.495691039209782081e-01
1.650461941145366750e+15,4.508179268125856454e-01
1.650461941147291250e+15,4.520665874983361698e-01
1.650461941149216000e+15,4.533154103899436072e-01
1.650461941151140750e+15,4.545642332815509334e-01
1.650461941153065500e+15,4.558130561731583708e-01
1.650461941154990250e+15,4.570618790647658081e-01
1.650461941156915000e+15,4.583107019563731899e-01
1.650461941158839500e+15,4.595593626421237698e-01
1.650461941160764250e+15,4.601942363656918999e-01
1.650461941162689000e+15,4.601942363656918444e-01
1.650461941164613750e+15,4.601942363656918999e-01
1.650461941166538500e+15,4.601942363656918999e-01
1.650461941168463250e+15,4.601942363656918999e-01
1.650461941170387750e+15,4.601942363656918999e-01
1.650461941172312500e+15,4.601942363656918999e-01
1.650461941174237250e+15,4.601942363656918999e-01
1.650461941176162000e+15,4.601942363656918999e-01
1.650461941178086750e+15,4.601942363656918444e-01
1.650461941180011500e+15,4.601942363656918444e-01
1.650461941181936000e+15,4.601942363656918444e-01
1.650461941183860750e+15,4.597238371202953533e-01
1.650461941185785500e+15,4.592265689903614612e-01
1.650461941187710250e+15,4.587293008604275690e-01
1.650461941189635000e+15,4.582320327304937324e-01
1.650461941191559750e+15,4.577347646005598403e-01
1.650461941193484250e+15,4.572375610592906980e-01
1.650461941195409000e+15,4.567402929293569169e-01
1.650461941197333750e+15,4.562430247994230248e-01
1.650461941199258500e+15,4.557457566694891327e-01
1.650461941201183250e+15,4.552484885395552405e-01
1.650461941203108000e+15,4.547512204096214039e-01
1.650461941205032500e+15,4.542540168683522617e-01
1.650461941206957250e+15,4.540583132141504663e-01
1.650461941208882000e+15,4.540583132141504663e-01
1.650461941210806750e+15,4.540583132141504663e-01
1.650461941212731500e+15,4.540583132141504663e-01
1.650461941214656250e+15,4.540583132141505218e-01
1.650461941216580750e+15,4.540583132141503553e-01
1.650461941218505500e+15,4.540583132141500222e-01
1.650461941220430250e+15,4.540583132141496892e-01
1.650461941222355000e+15,4.540583132141493561e-01
1.650461941224279750e+15,4.540583132141490785e-01
1.650461941226204500e+15,4.540585188002624339e-01
1.650461941228129000e+15,4.548498197521585462e-01
1.650461941230053750e+15,4.556412234971114472e-01
1.650461941231978500e+15,4.564326272420644592e-01
1.650461941233903250e+15,4.572240309870173602e-01
1.650461941235828000e+15,4.580154347319703168e-01
1.650461941237752750e+15,4.588068384769232178e-01
1.650461941239677250e+15,4.595981394288193300e-01
1.650461941241602000e+15,4.601942363656918444e-01
1.650461941243526750e+15,4.601942363656918999e-01
1.650461941245451500e+15,4.601942363656918999e-01
1.650461941247376250e+15,4.601942363656918999e-01
1.650461941249301000e+15,4.601942363656918999e-01
1.650461941251225500e+15,4.601942363656918999e-01
1.650461941253150250e+15,4.601942363656918999e-01
1.650461941255075000e+15,4.601942363656918999e-01
1.650461941256999750e+15,4.601942363656918999e-01
1.650461941258924500e+15,4.601942363656918999e-01
1.650461941260849250e+15,4.601942363656918999e-01
1.650461941262773750e+15,4.601942363656918999e-01
1.650461941264698500e+15,4.601942363656919555e-01
1.650461941266623250e+15,4.601942363656920110e-01
1.650461941268548000e+15,4.601942363656922330e-01
1.650461941270472750e+15,4.601942363656922330e-01
1.650461941272397500e+15,4.601942363656923440e-01
1.650461941274322000e+15,4.601942363656923440e-01
1.650461941276246750e+15,4.601942363656925661e-01
1.650461941278171500e+15,4.601942363656926216e-01
1.650461941280096250e+15,4.601942363656926771e-01
1.650461941282021000e+15,4.601942363656927881e-01
1.650461941283945750e+15,4.609268664410164917e-01
1.650461941285870250e+15,4.617457696383218124e-01
1.650461941287795000e+15,4.625647792143225967e-01
1.650461941289719750e+15,4.633837887903233810e-01
1.650461941291644500e+15,4.642027983663241653e-01
1.650461941293569250e+15,4.650218079423248940e-01
1.650461941295494000e+15,4.658408175183256783e-01
1.650461941297418500e+15,4.665482236883390921e-01
1.650461941299343250e+15,4.670901462362182510e-01
1.650461941301268000e+15,4.676320687840974655e-01
1.650461941303192750e+15,4.681739913319766799e-01
1.650461941305117500e+15,4.687159138798558944e-01
1.650461941307042250e+15,4.692578364277349978e-01
1.650461941308966750e+15,4.697996885869211159e-01
1.650461941310891500e+15,4.703416111348003303e-01
1.650461941312816250e+15,4.708835336826794338e-01
1.650461941314741000e+15,4.714254562305587037e-01
1.650461941316665750e+15,4.719673787784378627e-01
1.650461941318590500e+15,4.723920716516658014e-01
1.650461941320515000e+15,4.714641615381075512e-01
1.650461941322439750e+15,4.705361308854334457e-01
1.650461941324364500e+15,4.696081002327592846e-01
1.650461941326289250e+15,4.686800695800851235e-01
1.650461941328214000e+15,4.677520389274109625e-01
1.650461941330138750e+15,4.668240082747368569e-01
1.650461941332063250e+15,4.663301595172352210e-01
1.650461941333988000e+15,4.663301595172351655e-01
1.650461941335912750e+15,4.663301595172352210e-01
1.650461941337837500e+15,4.663301595172351655e-01
1.650461941339762250e+15,4.663301595172351099e-01
1.650461941341687000e+15,4.663301595172351099e-01
1.650461941343611500e+15,4.663301595172351655e-01
1.650461941345536250e+15,4.663301595172351099e-01
1.650461941347461000e+15,4.663301595172351099e-01
1.650461941349385750e+15,4.663301595172351099e-01
1.650461941351310500e+15,4.663301595172351099e-01
1.650461941353235250e+15,4.663301595172351099e-01
1.650461941355159750e+15,4.663301595172351099e-01
1.650461941357084500e+15,4.663301595172351099e-01
1.650461941359009250e+15,4.663301595172351099e-01
1.650461941360934000e+15,4.663301595172351099e-01
1.650461941362858750e+15,4.663301595172350544e-01
1.650461941364783500e+15,4.653773013175507289e-01
1.650461941366708000e+15,4.642421879747512525e-01
1.650461941368632750e+15,4.631069271763342821e-01
1.650461941370557500e+15,4.619716663779173671e-01
1.650461941372482250e+15,4.608364055795005076e-01
1.650461941374407000e+15,4.604204804337336809e-01
1.650461941376331750e+15,4.609413695126349797e-01
1.650461941378256250e+15,4.614621909348174400e-01
1.650461941380181000e+15,4.619830800137188498e-01
1.650461941382105750e+15,4.625039690926202596e-01
1.650461941384030500e+15,4.630248581715216138e-01
1.650461941385955250e+15,4.635457472504229681e-01
1.650461941387880000e+15,4.640666363293243779e-01
1.650461941389804500e+15,4.645874577515068937e-01
1.650461941391729250e+15,4.651083468304082480e-01
1.650461941393654000e+15,4.656292359093096578e-01
1.650461941395578750e+15,4.661501249882110121e-01
1.650461941397503500e+15,4.670402757728050469e-01
1.650461941399428250e+15,4.681254653424026246e-01
1.650461941401352750e+15,4.692105139599844765e-01
1.650461941403277500e+15,4.702957035295821653e-01
1.650461941405202250e+15,4.713808930991797430e-01
1.650461941407127000e+15,4.724660826687774318e-01
